-9413
-62
6012
4003
-8300
-6674
1586
-8997
3850
-4798
-641
-5690
-4159
-6530
-583
-7707
-5379
5161
2204
-4866
-458
-108
-9980
-426
-9655
6838
-6503
5401
8721
-2957
-322
-9898
-4978
7653
-3686
-6353
4586
-3719
-3776
2324
-2181
4500
-1831
259
8493
-5375
2186
8181
-2711
8922
-3104
5642
-2042
1397
2731
-7960
2926
5908
2424
3148
7878
3530
-6364
3259
740
-5580
-1674
-5188
-7908
-3745
6416
-7606
6847
4202
-850
6431
-8352
-2222
990
-2212
-3458
3426
1341
8871
3041
7272
-4912
-4032
-1369
-9385
-7595
6785
7850
3256
-16
9494
-680
-9631
-1945
5218
-5838
-9110
2600
21
6994
-4181
-1324
9618
5232
4092
-9843
-9122
779
-5562
8670
1415
-7433
-4905
-3685
-6582
4922
4169
-7682
-5309
4705
-7562
-5328
8555
-3286
5851
-4162
-112
1511
-8816
-1192
-7743
-1535
1243
8677
2749
8527
-4125
3116
-5437
-9969
-2901
9351
-706
-8836
7812
-3849
-3195
-1978
-2907
9983
-9027
9342
3728
-8087
-3718
-9413
-2852
1549
-7805
1497
-8995
5276
6388
7831
-9914
-9953
-3990
-6880
-3437
4422
-1697
-9706
3396
6633
8485
3529
8750
-6190
-5432
3621
1654
-5944
-6559
7835
1139
-5057
3448
-9947
-9187
-1268
3128
7877
1744
8324
-7240
5719
212
1234
-1987
-8612
3518
-104
5415
5366
3500
804
-1342
-8373
-4818
370
4897
5279
7819
2209
-2601
-979
5884
7893
4999
253
-2879
5758
1723
-4058
-2872
-3814
739
-9317
5956
-3289
3646
-869
143
566
-1041
-1767
-567
6294
-1195
-6084
-9955
-9389
4227
2764
9438
-5475
1739
-5264
3001
-7983
-3023
-3036
1441
8648
-2689
89
7924
929
-8511
-2
8128
-8344
8364
-6063
-5556
2496
2539
-263
-5296
8655
-4493
1333
3305
-4326
9686
-7448
7046
3898
9340
1686
7751
-2010
-8744
-9116
3878
8110
9571
6445
7752
9214
1619
-6730
988
-8799
891
3931
-2014
-1166
-5188
7315
9985
5206
-5998
-4077
-1451
6036
122
-4993
-9746
-5944
6061
3996
1932
4387
-6060
9856
-702
1433
2506
-671
-8596
1222
4522
6645
2033
-755
-2750
-1091
-8703
-5555
-4144
8746
-8803
-6050
1273
8871
234
-80
-281
6802
6052
9219
-7403
-9492
-5448
7837
8568
6780
-912
-960
-5880
1032
-9325
-5652
1839
8393
-7957
-1490
4107
-6793
-8510
4264
7997
9384
-1642
5313
-1174
-2231
1734
-7285
-5198
-4496
5458
7698
1822
574
-1389
-3508
2331
-172
1459
-8085
-6668
-1414
-9073
-1489
2441
166
-6601
-7897
5141
4060
7109
2515
-9754
7660
3901
-2052
-7758
1158
5974
5331
242
-2272
-1187
5122
-3283
5556
-857
-4374
8268
4341
3583
6996
2409
-678
5699
9846
6136
-5816
-2748
-5299
8880
3279
485
8861
-7444
2454
3246
-6463
1125
4032
-7920
1436
-9311
-3435
-1134
9810
-5368
-9316
6054
9809
101
4597
-2930
8100
-6916
-2514
8497
-2353
-5840
-1983
4926
-6229
3832
-6399
4347
-6682
-293
8152
6409
6277
-150
9766
-7348
-3586
-5460
2142
2651
-1876
-6651
4439
-54
-519
5880
-7231
-5190
5219
2594
649
3536
28
-7
4935
4405
-1620
4277
-4014
-8029
-8779
-5992
-1878
-1882
6787
7673
-6703
-4339
-6145
2789
-1761
6693
3778
1171
9620
-4029
2922
-1030
-9185
-4597
5590
7338
-5786
-3153
-1157
-3745
9142
-1344
-2513
1804
6076
9291
-5869
4914
-7546
9209
-3423
9859
9622
5625
3529
-154
-3510
-389
-4043
6260
1500
7259
-6676
2944
2608
4139
-5874
2046
2383
1774
-5715
-3603
-7680
-9770
-2616
-8803
2262
2378
7772
3862
369
-5926
3612
-4499
-5484
7990
-3462
2481
-2111
4659
-8856
-5105
-3769
9689
1333
6934
2261
-6545
-1792
-833
-5067
-827
7362
-5075
6494
-8756
8175
9225
29
-7322
-5105
1115
-8051
3646
-4389
-455
1897
-8753
6206
7982
1044
-3593
-592
3694
8180
-9402
8865
8252
4639
-4905
-917
-7690
-4715
-690
1931
2176
-2421
1643
-516
-2152
-2495
-3803
-7725
-7702
-6142
3925
7546
31
6872
-5075
4652
-823
-8697
5880
-5184
996
-3820
7343
-9207
3348
-7256
9930
8012
998
-1053
-559
6449
-8516
2276
2922
-6133
-4880
2721
-8805
8122
9325
199
3842
6771
-8538
5356
6472
4912
3682
8036
-5424
2443
5701
3079
4159
1922
7036
-5879
9968
6763
2760
5734
-5128
8701
-3389
-1289
5540
-8096
-9194
8525
5192
8688
-9693
-6661
-610
6280
-2230
8229
-4797
-8068
6000
-5248
9050
-3678
-9481
-7827
1194
-2188
-6382
3386
-7115
3610
3812
128
6954
-3322
68
3916
6103
-784
-4347
7368
-7283
2666
-5635
-3290
8841
192
-1000
-5051
1506
7643
-1097
4669
-7416
-1651
7209
-5884
-7249
233
-9760
-6768
-6647
-1765
-1574
1631
-4272
-4521
-8064
3269
-9892
-8406
-6533
-2099
2765
5509
9877
-1671
8222
6735
-2194
6512
3770
-3089
-4208
-4327
3896
3846
7966
-2594
-6616
9539
6492
1315
7084
-8413
-6913
9099
4805
8496
9396
-8475
-4224
-8656
5983
-4266
7429
7855
-8367
1933
-4434
5945
-160
3776
-8982
5193
5452
5891
-4643
1231
7871
1412
5705
9192
-8916
1937
2588
143
-5069
-3438
6551
-8077
-7115
2090
-8586
-1469
-3175
-2586
-3261
-5162
-5911
2946
5344
7516
-6200
9635
-5264
-5378
-6346
-997
7997
126
3835
-2518
-9176
247
6244
4676
7681
-3183
5831
-8538
3908
6523
-2871
-2311
-7324
-352
3718
-5451
7398
1175
-9829
-3010
7938
9196
6945
4286
4698
9098
6256
-6003
-3543
-7586
-3190
6699
931
8804
2302
-5429
6045
-3957
3006
6372
-4746
-1633
3819
-6694
3437
6566
-1339
-2057
772
2817
2399
-9045
-7896
5331
1648
1545
-246
-6727
-9878
-3350
-4237
7441
-2594
-7226
6375
1174
-9927
-7600
-4228
9772
-9562
2318
-8157
5658
-349
-8399
2370
-1962
-2437
-1615
-5787
-6473
-6138
-5444
-3125
6854
-543
8192
-6939
8053
1031
-2167
3407
-7650
7684
-1016
-2788
-8337
-7336
3671
-4038
155
-5275
-4199
2499
-4032
-1439
5511
2455
8948
1690
-8244
4192
9079
4698
6238
-2435
-4690
-1035
719
-3400
-8616
6319
-2107
4488
3865
-4412
9046
-8700
-8046
561
-8758
-6106
-4792
6949
3483
3252
6470
-7440
-4073
-8
-3220
-4579
-2754
8264
5652
3352
-8588
-9042
-1628
-7239
4219
-2806
-5688
-8143
-353
505
-7810
-5051
-2872
-4618
1043
-6688
4061
-2857
-4825
1036
-4299
-2047
-6590
5932
5350
-9487
-6869
1892
-2737
-1836
-6227
7441
8330
-3927
5768
-2675
-9075
769
-8671
-9661
4828
8873
6104
7622
7262
1479
5831
5583
5732
-3903
-5268
7817
8823
-2021
3104
-6361
6016
3388
-5569
-3165
1520
8608
3580
7675
7198
4827
-6168
-182
8917
-2897
4294
4707
-5763
-3596
4188
2330
-4141
6468
-6315
4176
-3400
63
9373
3830
5473
3525
7853
-7628
-5034
3368
-6967
4558
-9870
4807
-4574
-62
-9277
831
5568
-8956
-4942
-340
-9522
2483
7362
8152
2786
-6024
1742
7663
-9496
-4883
3660
8954
-9235
-2506
-6058
-6363
2024
143
7080
-4347
4728
-5685
3933
-659
-7125
1780
-5240
-3630
92
683
-810
6873
513
-5365
7769
-1576
-6385
9422
5413
-6546
758
3271
2739
5738
-8698
624
-2242
6791
-7943
-6443
2094
-3419
-5277
-5878
-3347
-9604
620
626
1949
-7725
6199
-2409
2911
314
-1518
8343
-3769
-9519
-1291
-8104
9561
-736
-7126
4279
-6277
-8408
1956
4718
735
7569
9718
-4369
-4864
-8776
7679
-314
9324
-4089
-5011
7115
-1477
-4265
-3649
-7732
2501
3294
-8134
4405
-9168
8102
9343
3145
-2494
-6607
2740
3641
2638
-4327
-4990
4126
-4047
-7373
8649
5282
4250
9747
7104
3158
5060
3358
1488
-9417
-6323
9509
8886
6937
7043
9233
7795
-7731
-8662
5901
957
-1514
-3740
9807
169
3775
-1172
4961
-4915
3820
5796
8596
-221
2250
2868
-570
-6697
-8681
-2166
-1838
-9251
1008
126
-9348
112
5408
3519
-6982
-9161
-3731
-6941
-5473
-567
-5326
-7301
6301
3685
7363
2548
-1211
-8432
-9250
-6129
1059
-2515
-1910
-3248
-6021
-456
6441
3461
-8967
3705
3757
402
7517
-4655
2604
-2044
-3427
-6296
-6273
1641
-4412
-3518
9945
4194
7132
5621
9566
-9012
9853
7630
5406
778
-7423
8460
8420
-6471
-7996
-8977
3103
-115
-2572
1514
3756
-4578
2127
-282
2215
-7746
7555
-4378
-9100
1561
9261
4288
-1381
-8680
-6339
-5729
8235
-3689
7462
5971
-2365
-2631
7863
1403
-5466
3674
-4019
-6859
-4397
8248
-5893
3580
6354
-5083
-1364
-3343
-8246
-2059
857
-7493
-1699
6317
8807
-7232
7837
1536
1698
3448
-8086
1996
6826
-4827
-1948
4053
6630
-499
6993
447
4986
7170
-8210
1552
4157
-2974
1184
4551
2295
7270
5829
-1157
6530
-6335
-2291
3094
2531
-8705
-4138
-7011
-6706
8179
-8535
8446
9393
3941
-8195
-7510
9819
7222
-721
-5209
4699
-5246
1387
-2854
-2974
-4606
4313
7142
-5814
4137
-685
3401
-486
3126
-8267
-2522
-7126
-6105
92
3726
-3552
7581
4548
-7465
7313
3829
2533
4336
-5758
-4047
9336
-7263
-5769
-4962
5852
-7079
-7696
4839
470
-3671
-16
4807
2193
-7586
6839
5945
-7567
1720
-7373
-6367
7127
7225
-7662
-8762
-9150
3347
5096
4943
-70
6128
8997
-8624
2339
-8742
8660
5365
-2054
-8506
3421
1335
7383
4488
-4935
-3544
-6407
-559
-3130
9350
-1492
1171
-4573
2112
-8729
-9534
-8150
-4895
2743
4220
-4342
-6283
372
-9416
5145
-1573
-9159
-2039
9643
-6835
954
-4176
-637
-8815
6453
2264
9024
-1710
-3789
3367
-7843
-6614
-3523
117
-3993
834
-93
6806
1850
-4779
3807
6352
7728
3043
6621
-4749
4816
-1860
-2838
9455
9466
2793
3063
7184
7608
1620
-6492
-2513
-5569
-5032
1782
1096
-6637
2687
-7290
-4224
-7239
-1316
-1742
-7390
3165
-9990
6404
4983
-6295
-5177
-8707
4074
4619
-1917
-4884
9965
-6472
2039
1252
5760
8134
-209
6542
-2985
-3502
4187
7972
-6216
6682
-1748
-3763
8557
-7148
783
-6611
-827
-3556
7612
2783
-3683
4954
-8981
-6693
2904
-9663
4331
-6959
-7159
-7723
-5639
6651
8643
3856
-1188
-9942
-852
-2608
6173
-6086
-8959
-9057
1456
8855
6145
1581
6603
2788
-2072
767
8756
4523
-7198
5539
8788
-7406
-319
7710
-9263
-7040
5118
4675
-6254
-6869
-1349
9435
-9939
-7447
5943
-7308
-9648
-6777
-415
-4277
3290
6155
2558
-8636
1763
2964
6110
5614
4441
-893
-9992
3930
-1703
-9622
8152
-7882
4104
-8595
-4775
381
8354
2855
-563
-5533
4438
-1952
5886
-6915
7560
8956
1614
-645
5058
-1006
-637
8711
7703
-842
-2913
7148
-9373
-520
-1446
-7328
4136
-5439
1863
2704
4482
-6555
6182
9698
1790
-3439
-6730
6711
9651
-8
2847
-8407
6621
8280
9451
8135
3263
-2597
-4136
3433
-2841
9063
7247
2802
-863
3937
-9429
-9526
-9646
-6966
-8058
-9594
4086
4407
-1197
-6174
-3558
4056
6085
-174
-4099
-6841
9189
9632
9727
2474
-971
-1740
2827
-3405
8084
-9821
-9968
8519
9424
-777
-4234
-5231
-9954
-1228
-9549
-9384
9352
-7626
9233
-6709
308
-7193
1310
-5142
-8556
6042
4181
-8230
335
4538
2439
5489
-8984
4201
832
-1361
1140
-81
-638
-5428
-7388
2572
-1423
7158
-6586
-617
4516
-2826
8364
4195
6236
-3611
7424
-6076
5983
-1077
3378
8534
-5332
-8780
683
-1733
-6968
-4945
1317
-3841
1401
3858
3579
-1562
5618
-4472
-2373
-8356
-3572
-3813
-1730
-2151
6743
5446
-1923
1846
-5166
9215
9219
-6155
2038
-1337
4905
-6723
-4406
9669
1061
568
-4106
9617
9173
2191
-6518
8165
1001
6727
-3314
643
-5429
6742
311
3555
-5200
-1281
1325
-9243
2439
-1658
1477
3070
3099
3810
7556
-9122
7620
-314
2233
-5091
-1587
546
4359
3442
-8222
-4086
6795
-6787
-6913
-9606
1109
7996
-6740
4558
-6737
-1238
-3300
-6109
6461
-4126
6101
5650
2983
-6261
-9887
-3054
8840
3928
-2814
2335
-7495
-9759
4766
-448
-5660
-6333
8676
8489
6271
-7789
2671
5454
-921
-6428
7203
4762
6231
-2071
6817
-8182
-3519
225
6713
-8205
314
-5108
8467
2295
9541
-8711
-5284
7904
-2661
5068
-6858
-3074
7352
-1917
-6161
-7386
-1550
-4667
5229
-6554
-7734
-8811
-6982
-9122
330
7746
-311
-4167
-3954
-144
-2749
-9613
-5891
-4477
-9744
3601
-4755
1244
-5646
8334
7799
9073
-4110
386
3988
-5231
-2672
-5117
-9217
-686
-9320
8158
2158
-2708
-6037
-134
4210
2843
4900
-4700
3432
-402
-8394
-8984
6105
-5652
-8746
9138
-8807
-8120
446
-2252
4854
-9025
1793
-9259
1383
2337
8258
2000
-5920
9266
-9545
-5571
4430
5089
7437
-8665
-5130
-6982
1799
5143
4559
1008
245
5220
9394
6327
2049
4387
-3471
-7480
-2741
-4309
-3240
-558
3736
9119
-6693
-3874
-8271
-6066
-8606
-3103
933
-4903
-8516
8508
-8937
2631
-1442
-1919
-4425
6113
-4994
8632
-4680
-8652
-4975
-5892
6878
2264
8173
-95
-5081
1651
377
437
-9780
3945
4724
-28
9795
6491
-6907
9998
-3267
-9122
7422
7478
-1501
-2142
1715
5424
1398
934
5076
2951
8265
8296
2075
654
7962
5360
9603
-2139
4060
-8768
-9090
1662
4196
-6108
-4425
1236
2150
7702
6966
-1615
-4947
1446
717
5083
-1857
3286
-9229
4252
6475
-3231
-5480
801
-972
9653
-7720
-5744
6118
-2109
-2801
2776
9410
7424
432
-7035
-7836
2658
2497
-7716
8042
-2329
-9975
-6135
2601
2233
-3221
5630
9214
7375
6237
9516
4052
-2217
5642
9948
4005
7111
9847
-2027
-9976
-33
-2360
-4375
-2315
-401
6752
-4836
6420
1231
-2971
-3401
-6072
-583
-1772
-729
-2703
1045
6027
2190
1172
6917
-5818
-9909
-2450
1100
2335
-5674
6452
-1375
-6029
6745
6812
4942
8818
-4414
-4856
-3792
-3732
6231
1776
-4681
8088
-6801
-3339
-8421
7010
3367
-914
-7497
-402
995
-7943
1793
-8220
-1210
4270
5632
2070
-7863
-9776
-9538
8657
4469
744
-8173
4019
3377
3422
-1486
-6845
-3663
-1129
3424
9613
-4870
-188
9232
7754
7170
7202
-4918
8345
-8771
5572
5004
-5394
-5230
-3462
-987
-9364
-3903
-5400
-1587
2579
-2877
-3157
-1645
-6896
200
-4662
5605
-9437
-2279
1816
9890
-9088
7816
2438
4122
1314
-5836
-3528
-2716
-5438
-8880
3580
-6877
3097
1318
2117
-2459
-7921
-6259
7702
-9892
8467
8684
5425
5845
7324
7066
-9414
-7325
3365
-9992
8201
-7664
-5027
-2590
-4315
-9497
-2691
-6698
8554
-4974
3028
7073
1015
-9973
-1235
4020
-7847
-3006
2686
-2996
7706
-8916
1070
5547
6720
-5828
2301
-4134
-716
3185
-440
1182
4851
-5095
-320
-7622
-6935
-26
1755
-7033
1462
-9475
4821
9586
-3789
1388
7078
2961
-6037
5818
721
6115
-7788
-5200
-3657
-8897
786
-1496
9154
6385
-5719
-4070
2773
-8177
-5598
-1594
-6003
-4919
-9690
-7928
-4330
-1933
9012
-9488
9721
-6005
-3131
-2821
-7772
-7849
-6184
1044
-7327
1278
1028
-3683
4231
868
1779
695
5019
2381
5625
8632
-4038
7823
2253
4160
9120
-6499
8353
2813
-4486
-5334
-873
-9339
3717
4557
-8344
-1589
-5201
9618
2191
1683
3942
2005
361
7643
-8587
1435
-5838
6304
5581
-9315
-9818
-5106
-1998
-8842
-9996
158
-6465
9925
-4559
-3955
4719
1493
2075
2919
-8356
6302
3180
-1459
8516
4487
3131
-4720
6224
-5041
9363
-6636
-4940
6214
-4676
-3873
3561
6629
-3533
-9947
9893
6374
8743
9093
1545
438
1211
8723
9081
-6924
-2903
-5064
-3126
-348
-4056
9862
1516
6013
-7303
-9630
6903
-3118
6067
7031
-3818
-8164
-6612
4298
-8100
-2522
3631
9110
1223
-6199
2521
-5964
9179
-6404
-3325
5857
1220
-6879
-8561
8415
8262
-1479
-4640
4103
1824
-1931
7687
-1002
1034
5553
-798
5062
-8781
1405
-6358
-9704
-5394
7948
-9865
2327
-1493
-2876
100
-5891
-8054
-3904
-7144
-7405
9290
-3872
-7191
-9452
-1127
4932
-4744
5885
3486
8102
-6044
-8039
983
8616
-7918
9622
-7531
9769
6218
7559
-8309
3162
-4242
-3085
3809
9977
-8025
-2367
-4381
1918
1226
-5637
-6728
4447
-4663
-9671
-6858
-1964
6844
2481
6216
439
-5216
-6484
8831
-4566
1155
5351
4952
-518
7687
-263
-1806
7887
4311
7061
-4139
5916
8210
1074
9802
-9105
-3839
-9630
2541
9294
3177
-2695
-4066
6304
9519
3535
9282
-4947
7765
-502
-8386
8427
-1329
2402
6673
6604
-3284
-9359
-1035
7629
7935
-1179
-5479
-8301
-3999
-1126
2041
-5945
-5458
-1817
-9752
-817
8706
-7737
2661
6039
-4178
7786
4011
4480
9277
8960
-69
-4710
-880
-6272
-7438
-5991
-3262
-5593
4721
-8433
-6095
-2062
1171
8131
4128
9676
3423
-8131
5297
-127
-1943
-917
-2746
7953
8743
-7658
2064
-3211
-2517
-6316
6573
3810
1593
-6329
974
1172
8877
8943
-5715
-2981
2596
9233
-2508
-4234
-3178
-7055
1564
6532
-7272
3178
4673
3556
5267
1899
7057
1713
-3430
3623
2542
6606
1882
-8975
-6746
3733
-4391
-2397
395
9107
-9667
-3763
-1685
-437
-3937
8489
7508
8844
-1211
-1957
5633
-1991
-7287
244
1824
-85
-5991
-5263
3279
-5965
6332
5768
-7773
-6507
6181
-4083
8754
5390
875
2736
6969
-484
-6070
8125
-3770
-9233
3527
7452
-5632
5076
3891
-7869
-540
-7398
-5743
-9887
7936
-7825
3211
-3904
4070
-2135
6815
-3963
8460
-6485
-2927
803
8374
-4019
7837
-1065
248
3263
-8953
4588
1666
329
7144
-7694
6868
7493
-1253
-1027
1155
0
-6187
-291
-2102
-4019
-4762
5310
7247
7218
834
-1758
-1812
-7390
-5910
3882
-7041
4328
-1100
1482
-3065
-6711
4694
-840
-8616
-3209
5453
7799
3876
-994
9095
-7173
7141
9808
-1713
4937
-9025
1828
6943
-6908
-5527
-9522
-2796
730
2334
7834
2144
-5004
-8784
1836
695
9512
6840
-6936
4664
-7338
-9092
8344
-2329
316
4913
298
9889
7093
-4695
1484
-3288
4358
-1818
-749
7584
8243
-8765
-6843
3553
-5366
6730
-5591
4582
4246
9499
8507
-8463
-2919
-6890
-9672
1021
-3379
5493
1166
-6505
-3417
6199
3460
2603
-758
-6526
2523
8637
-1774
-4751
4465
-4648
-5976
-3446
8069
-6204
-415
-3192
-284
2311
7180
3854
6520
2927
-7977
-870
-6831
1486
5512
-826
-4021
4725
5
9815
2360
2827
3738
-8288
4258
8557
5171
5207
8094
914
6761
9385
-541
1146
9150
3369
9259
1227
8267
-3279
863
-8856
7736
6212
2438
-2590
3589
1589
-5429
3378
2034
-5855
-4904
1818
1305
-310
-1068
5973
5464
6463
-9464
-8606
-2044
1247
-9765
-2939
-6817
-4569
2164
8518
-4455
-1231
-4620
9467
1852
-8347
3653
-364
7403
-3330
7315
-5969
-5616
5615
-8051
135
4430
7697
8513
9348
3668
1112
-1730
-424
-7021
-303
7146
4396
-1446
-3624
78
4218
7768
1512
-2641
-6913
-88
4303
-2008
-3243
-997
-9616
9959
7654
9724
-7818
-8524
369
-3302
-9728
7862
234
-6555
-3742
6103
6557
3667
6229
-7650
1756
-9136
-8255
-9851
6668
-5070
-8289
7596
-3000
3136
3362
-1311
6468
8600
288
-4169
4564
-8423
-7226
974
3009
-5353
5417
1559
-4431
2132
-5860
2917
333
8892
-4992
-3035
2516
6693
215
1038
5453
-5403
5840
7485
1687
-9023
-3612
1594
6828
-9966
-3239
-6
5009
-9149
6027
1246
-7783
9377
-730
1131
-5984
6839
-9107
332
8913
315
3443
-412
729
2971
1635
-9056
-4889
-8176
1459
-5114
-3659
-6893
-206
-5252
-4635
-4563
5965
-8701
-283
3990
-6798
511
-4004
2519
-8990
-7345
3193
-9690
624
-1831
3196
-2552
-9841
7018
-9876
-7313
5160
-3963
5686
8694
-5603
4341
3877
7056
-7056
-9842
-89
-6009
7026
-4586
-8491
650
5416
7611
3633
1401
-7521
-9621
7250
-9465
-6609
2560
-1975
9000
-2342
-5928
2051
5859
2221
-519
6798
-3521
-3906
1102
-3116
-6101
7211
5113
-4819
5841
8992
7706
-8258
-8164
-8409
996
-3956
1005
-6165
2659
-2982
9590
-1907
-3757
6202
1456
6700
7921
-5951
8668
6096
-2833
3560
-1033
-8019
3199
-9671
-896
-9349
-5174
3817
-1502
-1182
-9558
2241
-9239
-2419
-3461
-7287
-5208
2306
9735
-6278
7934
7712
3178
4054
6664
-9875
717
-925
826
-2177
-3949
7503
3118
9564
3301
2978
-1665
2963
-3675
-3175
-8182
2411
8694
8589
9190
-6544
-1347
6353
-5969
6512
8749
-1951
1476
-3532
5740
6725
7939
-1418
1324
-8690
-7925
-5038
7115
5894
-8103
7924
2291
-5398
-6189
9748
-8253
4759
8713
9734
1344
6520
-1335
7063
7857
6325
-5286
3729
-5289
3969
2710
-2634
-5779
3115
-9027
-4954
-8021
-5821
-6218
-6406
3300
3420
-7614
-6464
2301
-5518
-4831
-311
6781
7638
-7436
4984
6104
-9491
-9070
-8152
180
8319
-9638
-1595
6554
8286
-9611
-6831
-4954
2166
-6785
-2408
-7198
-723
-8179
8455
-3512
-1824
7491
4647
-2005
9404
7693
4974
983
6822
4205
6221
-8619
6717
824
-2187
3475
6004
22
-6337
1675
969
9131
-4209
-4974
-2550
-2041
-4294
9563
5449
-7144
2650
5441
3397
5093
1455
2755
-9375
9555
-9055
-1562
-9901
-9554
2340
8213
-3140
-1022
8782
-4804
-6094
-9470
6526
6231
8003
5725
2629
-5766
4411
-9550
-9907
6072
-6696
9869
-1778
1963
5800
6485
9114
-5948
4612
-8799
-8523
-4229
4627
120
-8906
-4565
8545
530
-8910
-5442
-3393
4461
8321
-3470
7248
8181
-797
-8516
-4703
1589
975
-3522
7836
7989
6629
-2677
9884
-6147
-4315
6795
-9120
4360
-5672
4667
-951
-9576
-9971
-5162
3779
2283
-157
7288
-6119
3682
-7219
5680
-7313
7663
8541
-525
-7119
-4686
2027
-3485
-2886
7622
-9592
-267
-5343
-8990
2705
4024
-884
-5015
7755
-4529
-918
-6919
-2315
5090
3546
-7600
7740
6916
-1992
-5672
-2227
791
-3889
-6240
2189
-6554
5770
4603
-3222
6684
-9564
-1693
2640
405
8913
-7497
-7849
-3141
7948
-3434
3131
-9071
-4232
8816
-3892
-1585
-634
-6804
5339
5179
4314
-9940
3001
-2897
5861
-3838
6873
-5118
8809
-7170
-6958
-4159
-3105
5811
3756
-8212
2701
7678
-8962
-9224
-693
-6881
-6688
-3736
-6680
-6597
-4746
-556
8425
4340
-1914
-5542
-7970
-7371
-3695
-9259
-2446
8507
-3275
-7582
6151
-9136
-990
5151
4554
-8054
-6645
6703
7146
-5912
-4989
-6196
-3014
9048
6232
8749
-9261
5636
-8764
5079
-1595
-6732
4071
-5726
7860
-8730
-1480
2636
3918
-1904
-45
-3271
-8718
-4907
-5097
1493
7042
5269
-7806
612
964
-9194
-2203
-9500
-2348
-4787
1897
1963
8037
1709
4797
2415
-5265
7121
-8147
9827
266
-7072
809
-2194
9540
-3932
-8760
-6532
-8662
-8321
7057
1119
-4446
-8337
-3912
-9950
9524
-3058
-5360
-9213
-582
-1945
-4281
-7676
-6540
1578
1018
-2728
-1557
-9070
2050
5165
1220
5542
8742
-3418
-4264
7554
-3622
-1879
4473
1389
-1569
-6695
-1957
5971
-8913
-9606
-1945
5550
6131
-9656
1666
-4164
6590
-4755
807
8394
6687
-6475
-4181
-3812
475
-2372
-9966
4710
-9627
8733
405
1411
-9913
-3442
-1303
5994
-2233
7674
-8686
-6052
-4757
7472
-6706
-4386
2044
-8793
-9713
-5586
-7460
2390
-5352
-7106
-2809
6713
-6291
8542
2060
879
-9668
-5574
-7128
-3594
5590
477
-8428
446
5912
-3214
9092
9239
7810
-4888
8230
7540
3944
3195
-4804
448
-729
-3382
-4282
2987
4492
-2521
-2261
-9540
8037
3624
-9678
5240
4207
2904
7231
9137
9611
4063
6616
3834
8564
-5761
5945
1454
7870
-7586
2547
-1119
721
9357
2588
-6524
-5832
-8672
-4565
-3045
8601
-6473
-4113
-5012
6294
-4326
8180
-589
-4347
-4356
351
-5509
-5973
4891
-9143
3923
-2903
2673
6092
7266
-3160
215
-7649
4763
-5658
8493
-8171
-292
-4267
-5732
-1599
-6796
-4642
-367
-3111
3967
-4826
-9122
-4914
-6186
-2160
8410
3244
-9373
-3438
-1588
9994
9221
-1671
3121
3133
-4578
3090
-5016
-8314
2948
9782
-824
-4584
5853
3465
-4613
9034
3341
613
5349
-8894
-2667
-5954
5686
1561
5867
3589
-4868
-1352
-5432
-2766
4228
-3288
5686
7748
-7529
6987
4076
8310
-184
4381
8466
934
-4523
6187
6199
-4401
-6007
-8283
-9632
9916
-4298
3780
-101
8149
-1615
-4852
8494
2391
4701
-6000
-20
-7417
2155
-7303
6543
9846
812
6928
-3397
5647
-2996
3227
2704
6422
-4111
-8514
-4833
9413
-3610
5893
-9982
4541
262
-1881
-6155
-7889
2022
-2766
-7256
-1575
5306
2623
3875
2023
-3173
9675
-9587
4510
-3232
-3373
5361
520
-9143
6767
863
-6304
6775
-3824
-1469
8861
-2493
-2035
-1905
4229
-8099
-6312
-1563
6843
-5341
4619
8819
-8747
-9644
-2419
4810
-475
8030
3198
7083
6693
454
8047
9792
-7367
4833
-219
-4096
3466
3954
-5006
-8893
-4687
2658
-2089
-4659
-1349
7983
-9312
-7359
2018
9632
-3242
-342
-7493
3060
3266
-2127
-634
3374
-9109
102
2116
-4536
-8971
-9540
6536
-8117
-9121
2199
-759
-4801
-241
5817
4396
6610
-1880
-8087
-2778
8167
3610
9101
4400
-456
2236
-7474
3222
-3652
-5555
-432
4250
7249
-242
6134
7588
9708
-1844
-4826
5076
-6946
9676
-3031
7410
4230
1501
-2796
71
7114
8714
6526
-326
9
8986
3573
6575
5460
-8076
-745
-8588
7721
3777
-9977
-4570
3834
8368
-3783
-5080
-1113
-9967
5298
4968
6707
-887
1333
-2146
6854
-8252
8326
2670
-4781
-432
-6327
4301
1079
9397
9800
4719
-5390
7591
-8560
-9923
3886
8412
1470
7776
845
9369
-2064
-482
6371
-777
1340
-1018
-6368
-5350
7108
4128
6609
6489
-482
-7376
-2198
2640
-4622
4507
7960
6026
22
7505
1291
-1380
-9034
4770
-399
-7329
1248
-9366
5045
3219
197
9430
689
880
-7837
8948
1808
-6458
6266
-8363
6813
8126
7295
-5648
2958
-6960
-2759
-5771
-5068
-9341
830
7562
-6208
-4267
-3308
9406
-2275
6702
6382
6123
-4544
-9832
-845
-8416
-2609
6632
-909
7966
-7612
3273
-6421
-6815
-6446
-8419
-4636
6358
9159
-2406
-3741
7192
-1998
5066
203
-3152
-8138
-2201
6057
-6614
-1734
-7309
-4186
-285
-6993
-9597
-4232
-5966
-7668
7900
-3630
-3061
8436
-6286
9333
-8585
6439
1959
2598
-3704
4297
2036
-2218
-7966
5584
9352
9467
6736
1785
7492
3411
6246
942
9600
3392
711
5433
-5554
-5511
-6910
-5101
-8399
4156
-2141
-9253
-4629
-1877
2836
-2444
1433
-4502
8834
-7284
-4791
-2277
7641
7278
-6654
8783
8109
2714
-9262
9342
2241
1079
6890
7162
-3842
-4697
810
-5657
1480
5032
4262
-8663
6807
-6136
5736
-2899
1182
8365
-9364
-356
5206
-7336
5835
3330
-7031
-7238
9823
5658
1216
-4718
3867
-1073
7943
-5396
-1932
-339
-5526
6752
257
-8719
1436
4110
-1349
1033
1947
5633
8103
-1118
-2290
-3494
-2652
3753
3772
7501
-5954
-581
126
8718
2182
-1711
5672
2789
8566
-3982
-6016
-8451
-3229
9076
6156
-8909
-2147
-4115
-3029
6352
-5651
2471
1437
8127
6247
3181
-9927
-7734
-7677
8435
-3806
-870
-3919
218
3830
-1330
7761
-9719
7136
-4049
7313
4324
-3426
4299
6878
-8181
-6500
8295
-5149
1250
8283
-9183
9399
-5955
-7510
4352
-378
3425
6165
9580
2568
-6297
8607
5621
7733
-7969
-5597
-2701
-1420
-9339
9276
9316
6794
-2764
9503
3227
7629
3373
-7390
307
-7071
-1504
5818
6152
-9554
-8846
5787
-7383
-5856
7070
1166
-1922
8603
1569
-7904
-722
890
5733
5842
-5588
3559
-420
-7391
9680
-8243
-640
-905
-6685
-1788
-795
-4245
-678
1259
-8158
-3699
-4976
7891
-5234
-9396
3083
9902
-4857
7983
7850
7834
-7652
-8489
6440
-3303
-3493
-4020
9344
-2690
-5522
-7825
-4938
8585
1101
-6168
-6
9308
535
6755
-7593
-7008
-5164
7992
-716
-2379
8597
9524
3343
-8979
-7586
270
-6151
-2641
-3392
4651
-647
9872
6646
-9619
2819
-2033
-4000
3188
-8386
6261
5940
3914
914
7177
2941
-6137
4904
-6199
-3764
-8618
-7354
-8723
4538
-2354
-2722
6134
3697
-4119
-511
-7507
4320
7882
6494
9040
-4515
3738
-2758
1339
-1394
1353
2921
-8265
1142
-3211
4070
-8853
-3667
-1021
-6428
7184
-3766
-7014
-3968
-7308
-7094
-3094
-9017
9640
4711
230
8113
-8922
5479
-2598
-9683
-3277
5476
9298
-4376
-5715
-2818
-7397
5509
-4204
-6154
4983
7824
-199
1471
9320
-2115
-3208
-8840
-3011
9135
9859
2325
-5240
3624
-4419
5188
2509
9842
6218
-9874
5181
7676
-2609
1953
-979
-5149
-9974
-993
9775
-6750
1786
-7005
246
1558
8516
6114
-5683
5980
-1948
4761
-526
-4240
3725
799
-4756
3897
-5890
-6912
3555
-1893
-3490
3232
-2465
476
-9900
1310
8270
5662
2082
-57
3221
83
-5400
4788
5756
-2886
-2676
914
-1289
-1263
-6522
7830
7625
7571
-8704
29
231
-3320
7692
-7361
8837
6790
-2669
832
4492
-5098
7636
8745
-1055
-4357
-6998
2055
-4696
-7550
-9235
-550
-2582
6736
4559
4687
-2642
9406
-2333
6733
-3556
-1991
2686
-7676
-4620
-225
5841
4675
6163
6708
8553
998
-5831
335
-3507
-7380
6408
1771
6677
-588
-848
-1036
-2207
2721
4690
-9621
-5402
-2393
8643
-7383
5009
-5535
-7135
-3062
7773
1766
4605
-3281
2807
4302
-355
2409
7777
-2252
7726
3371
-2492
-4312
-9238
3711
1642
2942
4832
-3751
-3013
6900
-8104
-5770
4291
-5323
1193
4787
2538
-1687
4724
-477
135
-3824
-9117
-3123
-4989
-1660
-4696
-3235
-9801
4413
-9280
866
-2598
-8020
-437
5223
-5753
-4254
-1647
9034
8615
8455
674
-698
-2504
-3790
-6625
-5677
-233
-8924
7022
-3314
5018
-7623
663
-8755
6424
9644
-3313
6235
1712
496
-6642
5015
-2149
-812
-2600
-7846
8487
8917
-763
-8718
-3968
-1374
8771
6992
9657
1282
-6716
5033
6705
-9221
1883
1701
4284
3742
-4829
5432
9410
6767
3021
3303
3569
-667
9100
2992
-2347
-3485
597
7307
9616
-6093
750
-8356
5221
2641
-6939
1908
-1063
8442
6943
7383
7676
-223
8794
2677
764
-4265
4717
7498
-2292
525
-361
2943
1076
2300
-752
-3261
9230
7519
-1196
9309
975
-9200
5993
6694
709
-2767
6495
4114
7542
6829
8568
-4676
-2374
-4314
5108
-494
-7239
-4488
6867
9383
7390
-6747
-3245
9233
-2214
5505
3882
7014
9306
-4133
6161
4855
9630
-164
1263
10000
3748
255
-4559
132
-3684
-1729
-8213
-8155
3434
8961
113
-6019
-5575
6888
9049
-360
567
-5965
-6729
-7743
-8812
696
-5344
9283
3844
-9552
7840
3079
944
-4358
-5785
-3412
-5273
9921
480
-8526
-8952
7468
9904
-7947
-8720
-8906
-5683
-6964
-6543
-9474
-8319
7209
-4612
-4916
-6646
-1058
-2651
7612
3691
-2607
7039
9539
1731
5312
3764
1728
1439
-2428
-3708
-8875
-3099
-6204
8943
6716
2246
9776
5186
4657
4313
-2586
4850
-5746
-257
-8728
4636
-1540
4523
-9570
4993
3344
-2005
5927
6215
-7772
3342
6562
8641
-7052
-9663
5558
5532
9053
3584
-8249
6780
5033
-9398
4724
-9517
7596
-4727
3550
-9064
8072
5771
6669
8575
-8153
-2237
8705
3438
-5308
-8784
4011
1537
8939
-2588
5644
-3427
-3049
-4676
-527
-8848
1339
-2069
4809
8217
-3365
-7512
-7535
3745
-8978
6542
-5973
-734
4716
-1449
7358
-7346
-6976
6081
-6184
-4347
583
-8755
-2073
6857
8180
-4001
7260
2949
4390
-4871
-9890
-7876
3257
2221
1278
1405
-8266
-3166
-7428
9325
8251
3580
5281
-1147
-1579
1192
-3220
5942
289
-885
1094
-9597
-6976
-8470
-1573
-2374
9039
115
4466
-445
-484
-1879
3653
-3931
-4202
1127
-8385
2760
5996
-9415
9899
6918
5883
-8063
561
-3358
-5237
-1550
-4609
-6839
7219
7790
5288
3644
7685
1594
9428
1966
9819
-3613
-7167
5588
-2179
5883
-6942
9279
-388
1375
-7702
-1411
-5036
-8118
9956
6278
265
4446
-5934
464
-7784
-742
-9867
-4833
4167
-7981
-9451
-6563
8700
8851
6994
-8253
-4512
5141
-8531
