7139
7979
-7210
-6788
208
6875
-2413
3344
-5439
1636
-8492
-8196
-2697
-2583
-5639
2950
7440
-4039
-6676
7639
-8816
-1060
-8356
-4167
39
-7778
-4219
669
2894
-3761
-1065
8867
3942
6127
9302
7136
4170
8960
-1826
480
1251
3247
1352
-8832
7190
-7654
-1290
8075
-2341
-642
1972
-6189
-8492
-2436
4871
-8951
4144
-1797
5555
-3576
-8814
864
7683
9561
4712
-1748
1577
-2413
1329
-4660
3848
2393
3609
-6848
812
-9337
-9216
-9410
4872
-9520
-124
6771
3108
-3711
-3286
-9882
7057
-6160
-6038
-979
-2010
-1218
1673
8154
1153
7832
9300
1251
4651
9180
-894
-527
8651
8446
3775
1325
9829
-6286
-9860
-802
-5571
6312
-3216
7259
6979
769
-934
-3585
-3480
-8393
4576
741
-3239
1784
3428
2512
-3847
9697
138
8799
-2826
60
-7766
5720
8385
6377
-5529
8635
-8308
6312
9639
7771
-8120
-4627
4962
7955
-8114
2166
4410
-6255
6276
5582
-3909
759
8617
-4169
4118
-7579
-4487
6953
8222
9243
-8202
7074
-6598
-1165
9125
84
-681
-4929
4194
-7994
6147
4725
8442
9420
3851
267
947
-6441
-5353
-8766
-7162
5597
-1263
8027
-3494
-6719
-7620
-9147
-3913
-6834
4547
5553
-8972
8172
-1482
-5757
-2479
-677
944
8957
-2225
-3468
-9919
9830
7587
-855
2204
-4686
9505
-3583
7836
-5387
-7441
4683
-6372
6649
-4465
3300
-6966
-2021
-573
7699
-8634
9063
4010
-8017
-4713
-8490
-550
-3062
-8677
-363
-3782
4622
-6303
-214
5582
-3976
-3609
-2786
-6992
1836
-7726
-7026
1568
2068
5840
-9839
-7820
6108
-6007
-2114
-5105
3683
5045
-2406
-824
-5216
-4286
5987
8873
-5766
-5309
-7243
3886
-4066
-4746
9050
-6158
-5270
7427
-4190
4771
-6524
-7458
-4826
-5328
-4459
-1615
-8709
3622
5884
335
3600
-3932
-2141
3710
3297
-3958
-2971
-412
-5778
-766
1101
6657
-5988
-5618
6041
-9640
-1144
9220
-3271
-8298
-3332
7565
4415
9177
4838
9205
4839
5211
5875
-3940
-7817
-5502
4970
-676
-8307
4507
2012
2918
-4747
9259
-7604
-5403
-6048
1845
3864
8579
-4054
-7845
-7897
-894
-805
-7768
1284
6449
-284
-2666
-4768
8010
-2472
-9657
-9536
4429
-6275
-1219
3107
-6613
-875
-4022
-7264
3132
-1936
1974
6327
8635
-9364
-4104
-7243
-2200
6751
6746
-1695
1665
4348
8344
146
6604
-2967
-3964
9917
-7164
2230
-3221
-2368
-7607
-6131
4104
-3546
-7823
-1079
-2897
-5099
-385
8344
-1548
9815
5483
544
-1333
4580
3481
-7851
-8895
2317
-8689
800
-1976
2180
4800
-8655
-9582
484
-556
8302
1547
-5739
-8451
-7322
-4712
903
-3562
-4103
-8444
-5812
2496
6801
-9322
408
6740
3327
6484
6281
4381
6190
2098
6094
-6058
3992
1574
6101
5141
8951
-4897
5937
-4400
-9841
-1439
1452
8109
2822
-8748
-3496
-2419
8852
-6368
8045
-5598
9358
8026
6284
-7157
1563
4603
6682
-6166
2584
-6048
-4521
-7184
-5608
7695
-2285
-7399
3225
-7932
-1514
7440
5566
7289
-5870
8826
4241
8357
8008
-4098
-8888
939
9648
-1923
4915
4147
2006
8560
9279
-5660
7182
488
-2974
6268
5999
-4727
3803
9276
632
8296
2861
1910
-5378
-9963
-8090
-8894
-589
-5123
-5769
-2872
-5195
-1369
5394
750
-4292
-990
4939
-947
-9516
799
4314
5259
4658
-1282
9980
-3809
-7241
-698
-3258
-9318
-8153
2254
-5212
373
-542
-8341
996
4597
-5702
-5609
6018
1693
2923
-9412
5499
-2577
8120
-6870
-774
8498
8409
6360
5103
8753
-8742
9054
-1886
6955
-4866
-3758
-4620
2798
-9004
1191
-3462
2219
8315
-1365
-7845
-8076
1206
897
-5390
-6442
7153
6485
-1175
-2768
2562
9490
7552
-1721
7271
9723
-4056
2462
-147
4678
-8260
8088
8553
5414
-4857
6481
-3136
2354
114
-3511
-3333
7636
8033
-9698
192
3710
-1990
-5041
2039
-6269
-2210
9078
9441
1174
1692
4943
6007
-9059
-2894
-2464
-6068
9416
9922
-492
9410
-8445
-567
-5314
-9291
-5504
-3428
-3595
-8418
-6451
215
3882
-1407
1097
-788
-5103
6257
8365
-8663
7023
8789
352
-9539
5237
-2146
9064
7716
-5668
-7757
8290
1578
7764
8722
8282
-3394
5309
-2884
-6068
8162
-9535
639
-6551
-1144
-5280
-4991
-128
-8691
-4118
-3026
6204
-1403
-229
3899
4133
-9546
7794
-9793
-9141
6804
1093
-4257
6603
9064
481
-4919
7659
7551
-2741
2811
8602
-6683
-8649
6079
-387
-6373
6448
4254
1264
-6894
-893
-4403
-6674
-9259
-819
-4387
9609
-8270
-3794
-8553
-7025
3190
-2818
-8545
-6909
2400
-9998
-9604
-3248
-9883
-208
7117
7010
7928
-2737
458
-7863
-3624
-2247
4307
6331
6655
269
-477
2070
-2331
-2126
-3918
225
573
-2691
3396
-5810
-2601
-3682
917
-3431
2583
-4846
80
1114
2367
1392
4001
6016
-16
-3846
3688
5283
7661
-4936
-5147
3358
-6502
-6509
-6654
1209
9393
-9061
-2931
-1806
-2643
9558
-7857
209
-5135
-1066
-5582
-7624
-5384
-1424
-4613
1825
-4914
9706
-6808
3499
4575
-9203
3705
354
1658
-5503
-8270
9563
-6614
-4666
1261
8674
-4625
6013
-6633
-9499
8789
-1506
-1771
6187
-6902
-3391
310
3369
-6109
366
-4900
-2781
-9850
2883
9800
-6747
8462
-2016
-3324
-5409
1322
-3428
-4928
240
-7251
-1839
4584
784
4038
-4234
7192
-6284
-7321
-9809
-2856
-7942
-8396
4484
-3469
-98
-5987
8093
-9744
8022
8383
8318
1412
-6767
4078
-5783
9124
-8818
5512
251
-5543
-6162
6254
1324
343
-3273
-8993
438
-3341
-1463
-9486
-1074
-824
-8900
6877
2441
5776
-209
-658
6455
-7391
-3199
9989
-3791
5132
6262
-6996
-3490
6395
6220
1377
523
-1400
-3287
1067
-1718
-6713
6611
-7873
-1839
-1501
1702
2594
2261
-7241
-7155
1391
-6963
8597
-4407
-9416
5081
-604
-9240
7165
-2759
7254
-6666
8812
9469
-4393
-8907
8552
3026
4635
-2914
3019
3237
4907
1660
2781
3671
5595
1867
1575
-8255
-1176
9461
3620
-598
-5375
-7886
882
8871
2044
-8282
3759
-7527
-6917
6969
-1621
-1309
-2631
2191
-5757
-1669
2573
8523
-6357
974
3865
6368
-7877
-3780
-6297
-6970
-8541
-118
4482
4622
-9417
9971
-6438
2234
7373
-1471
-6779
5957
6272
1871
3123
2196
-8871
0
-641
8786
-2957
6457
4439
2401
3840
4459
92
-8320
9758
-2958
2828
3121
-8056
-4924
8122
-1736
-5161
-7673
5239
-7395
-5434
-18
-8394
522
9341
-910
9844
8249
5818
-1646
8611
8652
-9494
-6478
5048
9696
1419
4908
2951
-9595
7580
9372
-5817
-9842
4540
-2185
5856
9390
-8023
-2902
796
-379
-2353
-2511
-2878
6029
3646
-8084
7956
2493
8150
3999
-4841
3967
-4968
6365
4056
6060
-6501
-3459
947
-5832
-6188
-9590
-1475
9725
-6854
9432
-5719
675
-3535
-3811
7363
-2482
-3105
-6087
-1434
-5483
9677
8651
-4007
-4531
7543
8203
-8051
8849
-6380
9559
2362
-5674
-5495
-7622
-7725
1918
-857
-8215
-9292
-2461
3495
-666
6957
-9145
3811
3835
7
2420
-4562
-1862
-8795
-174
9626
-3392
-8439
-1591
-9707
-7572
-6834
5407
3359
8599
-932
-9532
4804
-9893
-6978
-9070
9695
3314
4032
-7602
1101
-5287
-1178
4899
447
-9600
-393
2591
6278
-9737
-7465
406
7648
-5336
-4818
-5952
-4722
8668
-373
-4070
-4861
-8275
6769
-4796
-6177
2310
5854
8843
-4454
4316
7467
-6704
9779
-5676
-878
-6939
5408
-6993
-4075
5923
3864
-731
6351
-2723
-3751
696
9820
-1536
1483
4267
9793
-8299
552
-4560
-9530
-5948
-1844
276
723
-806
4599
261
-7307
-2472
-2771
7644
8232
8018
4885
-9496
9292
-3619
-2836
-305
-5394
-8469
6544
-6818
-2628
-4809
-7197
-6812
4964
-3309
8451
2318
-3868
-4656
-4897
-8633
689
-5524
7932
-6368
-4101
-5519
5002
-7210
-69
-2118
246
51
4084
657
-1710
-2439
1393
-7145
2644
6651
9687
-9579
9347
-5482
-5168
5734
-2059
-6577
-4762
7328
-8994
-5829
8105
-5427
5400
7560
-2279
-6437
-9733
-560
4032
-8409
-6739
-4368
-9536
-3513
2264
-1961
4234
-8273
9169
-2574
-279
8289
-7958
1844
8802
1693
3182
6480
-6316
-7500
1126
7293
4973
1995
8443
5041
-2554
3095
3880
-6302
-8966
1638
-3763
-7498
3355
-3274
-9393
-4562
1552
5103
4213
3235
-3858
-2267
8127
1996
7567
-5812
-1980
-4335
-6705
-6107
-3672
-1778
8391
-1350
4191
7766
-6490
8826
-9281
-3445
-843
2168
5888
9012
5456
6474
8028
-4458
-2346
-4888
-2337
-8970
-3016
2769
-924
-9203
-390
-9112
-1444
-6670
6624
-5929
-8029
4458
7580
6536
-9967
-5007
-1032
-5081
4956
3939
-4465
5891
733
1337
1487
6938
-2323
-1354
7531
6931
1455
8902
4903
6167
-4496
4880
-2500
-6570
1662
7368
-9528
-3226
-8586
9847
-1124
4934
449
-2224
4976
7416
-408
-8293
-1947
2653
9928
499
2707
7478
-9566
5170
4441
-3128
1173
7241
7073
2694
-9587
-4741
2977
-8596
8207
-2198
5133
-5560
1865
-5331
-694
-3249
-8519
-6051
4778
9846
-8144
-2603
2221
8952
-2191
-4573
9289
5092
-163
6110
-1043
7333
3821
8793
-7974
7490
-8761
6425
8881
-2592
-2658
4804
7111
-2060
5053
5165
-876
-8429
-2115
5953
-7742
-2404
4942
1185
878
-7587
3405
4518
3216
-5717
7690
-6390
4612
7443
-3858
-558
1179
-3133
2121
-6587
7190
4880
9918
-8267
-7594
-7804
2318
7937
-6329
3930
5601
-7432
-6724
-3522
3413
-8281
2680
9169
9456
-9038
-9729
8518
656
-9346
-8389
-6323
-5195
7768
1073
3251
3022
-584
-9465
-476
2182
1510
-3076
3971
5989
-5821
-4630
-2633
9303
-4291
3021
-7916
9918
-1378
-3137
-6936
-173
3005
-9032
8318
3838
-5365
-1327
-6188
-7174
-5944
4615
1201
-1156
-2566
-5808
-5378
2552
-8922
-219
2137
-1897
9016
163
-3072
-144
-7533
-586
-1825
-8771
-297
2598
7801
3687
-955
3891
8565
7610
8836
129
723
8520
4344
2630
-8291
385
9638
4681
706
-7810
9244
8831
-3081
8600
6351
4025
-5596
-6328
5297
-5600
-1412
6431
-8593
8628
-7617
1280
-5950
5660
8070
-5808
-1748
-2677
8081
1370
-9863
471
1785
-6994
-5344
337
-869
-4147
5550
8553
-8923
2880
6556
-4701
-4838
-4894
-1249
7187
2281
-3971
7897
-7297
-4069
2812
592
4128
5163
6176
-2155
-3662
-719
-8071
9730
6697
7438
-1757
3957
-158
-7791
1508
-5787
877
-8591
5661
8803
2001
-7470
8293
-3603
3701
6521
-40
-1741
-1622
4450
6595
-2497
-2769
8713
2352
1071
495
-4278
-5111
-5026
3662
-6131
1031
-933
8547
-9922
5640
6296
-5233
598
28
-9132
-8696
6203
8186
731
-8106
789
5268
-3994
-2209
-9271
-5192
8923
-6043
8616
5579
8384
-2103
9135
-9135
-3402
3226
3620
1889
-1752
2357
2451
8418
-5057
-2080
4801
6723
461
6205
-9333
-7199
-3955
-5451
-6266
-1482
6283
-9335
6956
1049
-9376
-5841
-5253
-7818
7521
-406
5822
-9500
-9689
-7112
6171
-5943
2928
-5088
8866
9462
-5263
9351
2553
-7733
2775
-4590
-9533
7203
6203
5653
-5604
-95
-2066
7179
-2251
4923
3065
6792
2748
3814
-7849
5833
-2858
-8174
6904
-1896
656
3193
-5641
-548
2575
-2897
-8486
-2716
2081
3882
-9433
-3209
-3664
-47
195
968
4207
5851
-3405
1157
-5916
-6006
-2489
-6896
1811
-6449
2978
-4175
1095
9121
-5624
3621
-6441
-6302
9294
-3178
-7354
6856
9273
-6123
6555
-8899
-4731
-7888
-361
-9363
-6856
-8332
64
-2556
-9253
1229
-8356
-5473
-2721
-421
6400
6955
-3826
-1987
6014
-1024
-5623
3051
-2014
-5049
929
474
-8036
4473
-8984
9420
8178
738
243
-1609
-7417
1926
-5866
4171
-5364
3333
-6381
8390
9821
4878
1524
-1787
-9727
3989
-4284
8288
9171
-9202
6953
5021
3098
-3949
4997
7707
-4322
3596
-9766
6905
8790
-8743
6791
9202
2610
3486
-8582
-354
-2344
7238
-6230
-6432
6116
4922
8484
-8854
-7845
2658
-4207
9872
-3309
9861
-5321
-2829
-8030
-3737
1240
-8938
5408
7046
-8378
7545
1576
-1431
-319
-3754
7090
-857
-8039
8821
-7065
6193
7449
2603
8178
-1852
3492
7423
-5557
-2446
-5710
5608
2312
5861
4299
4962
-5947
-1870
-6103
-7674
-399
-128
-6432
6964
1242
-735
1972
-1641
-7180
4511
9226
-9700
-8223
992
-2291
7129
3214
5992
8183
-3085
-4074
-5751
683
-2027
7847
6693
-1743
177
3016
1465
-3115
9774
-8957
-1376
9210
-546
-8649
-8374
2388
1308
2116
-6708
8060
8283
-1039
4524
9045
-8191
-5014
1227
-4490
-693
-8172
517
-3776
7781
3162
4817
-9450
6495
-1847
6706
7128
-865
4447
9306
7825
-8363
8423
5008
1802
2681
2788
111
-3000
4176
6789
315
907
8734
-5809
8965
-5845
6345
-4181
5661
4894
1285
3020
-9334
-4663
-1806
-2762
850
8693
-5914
-7387
-8104
-6523
-552
831
8531
-262
-2264
-214
-5362
3531
-8010
-9387
5817
-8242
-9331
5637
-7627
-4683
-9705
-6784
-6375
-9661
196
6389
-8705
2072
-6530
-9826
8334
9480
-5740
6493
-4997
7460
-5108
5798
-9972
8125
2414
-1
-4678
5903
-6052
6685
-346
5213
3562
-6486
-3268
-6344
3199
242
4265
4700
262
7165
-6290
-6329
-2030
-3722
-5761
2604
6740
8296
3575
1595
8414
-6059
-438
-7957
-9536
1151
7431
-5842
3914
8437
-2000
7097
6020
-5146
7136
3629
-5097
-290
-3772
-605
-2955
-3627
-9799
-3632
4387
-6385
6971
-4665
-7687
-9680
8374
5332
7108
-599
-2007
5482
9326
-958
1434
-7365
2762
4721
4471
923
1155
3920
9304
883
8469
-1688
-2843
-4595
-5761
2249
-6467
-6194
-796
8353
485
-7571
1428
939
-2601
7666
3215
6706
-8348
-1905
-9793
-1270
-8907
-49
-8139
2521
-5711
6712
9610
-3363
-6832
821
-9574
-5014
2412
6734
1001
-972
-1104
-8281
-1911
-3350
-3559
6296
-4475
-9357
-8384
-5216
-6483
-5975
-1099
-6077
9923
257
-3228
4348
8626
-7468
6020
2164
5517
-6159
-3218
2949
-1550
3304
-4650
5214
5643
154
-163
5946
3312
4263
-6889
-9699
-8647
9091
5021
-2487
-5537
-7735
-5959
-5615
3596
1901
1462
-4775
6121
-9477
-2055
7726
-7104
-8759
4239
-595
5517
3016
2719
8652
-4859
9723
7853
-3030
6064
1378
-1277
2398
5514
8567
1244
2576
-5125
-2823
2975
5985
-9504
-6221
786
9484
-8986
7464
8853
-9685
2784
-4746
-9253
-7862
9764
-146
-7246
2440
205
-7334
1803
6735
-6353
313
-8141
8157
-8339
6576
8593
229
-3458
4646
-2226
-272
-264
8813
-2713
2386
171
-9785
8913
-4301
-9759
-1158
3059
5231
937
3151
9235
-1740
-5454
9024
-5965
-7323
4934
2448
7599
-3477
-3210
7630
9022
5501
-1233
-3551
7163
-1190
-3298
7088
-1440
1001
6437
1221
3128
-1740
-1321
9606
3260
-1480
1078
7733
1586
-7953
3894
4033
-2202
-4384
-5842
-1508
3820
-1194
1697
4644
1173
-3825
2416
6955
-6893
-5465
-906
2391
5899
-6165
1107
4480
3662
6468
-8530
-8429
-5346
9387
-6871
7957
1792
-2875
3688
-5933
5066
126
7149
-7451
1656
-3819
-2489
9081
374
5353
798
-372
-5362
220
7054
4046
-8761
-36
-2134
1609
-3833
-1586
8388
-1232
5905
4130
-847
4528
8121
3723
-4466
-8674
-3826
8776
-3593
-9692
7364
1459
2865
-150
-9174
-9829
7093
6974
7775
7054
-8625
6164
-3237
-7705
856
-9070
-7628
4001
-9671
-409
-4061
-4590
-268
-3526
-8901
1694
5089
2803
-968
-9932
4927
-256
-5012
-5761
-8744
-3801
3219
416
-9538
790
8829
839
-5151
5091
-5442
609
5446
3386
-4046
4052
-4256
2203
-6321
-4441
6914
-6638
6467
-8309
7966
-9112
1773
3172
9682
4664
1074
-1457
-7795
656
-7026
1640
-478
-7653
-4095
-2428
-8397
6564
-3921
9666
-9044
8059
9866
-5217
5160
-3639
-1549
4836
5391
6318
-3201
-4024
9746
-4468
5524
2132
5691
3289
-9855
-5568
-2765
-7639
3876
8913
-8741
4975
7673
-6759
-5877
6957
8440
2761
3004
2030
-3077
4921
2660
-1222
-7641
3565
2961
5503
1174
-8570
1928
5309
3657
7631
9839
6660
118
9676
3703
6014
8526
1974
9009
-2464
4573
9080
7497
-9185
-8496
5100
8202
-3966
-9068
3434
2117
-6969
-3842
1349
5450
6032
8353
-1373
-6382
-3711
-9496
7030
7005
1137
-2158
-1743
1723
-9697
-7398
5002
-8862
-6050
-8156
7285
-8417
5121
-9582
3004
1117
6772
-6238
-6317
-8570
2099
7373
-667
5350
303
-1635
3406
1063
4002
6754
-7649
-1008
219
4477
5874
-1387
-532
6573
1429
8167
-4149
5708
7337
-9413
6646
-7302
7256
-5429
-9146
2058
-6430
-5925
528
9372
-589
-3276
-3460
-3397
8044
3866
5915
-8464
-2272
2489
-356
-78
1455
-4630
-7934
-4034
-6413
8314
3099
4131
-132
-1850
8577
3643
-69
4307
-1287
7176
6824
-1106
-935
-1235
2440
-1443
-2410
-274
-3270
-6755
7665
6955
-2421
3044
8072
2434
-8683
-3160
5104
-279
2908
-8305
-5924
4220
-2151
-1207
-8506
5128
1155
8082
-7183
-6744
7159
8277
6566
-9829
4867
-9519
9883
-2468
6358
2997
7302
8982
6011
6859
-4449
-7427
-1682
6800
-5585
5167
5399
-7887
-8872
-7099
4670
9502
-1539
-5860
126
9328
-5994
-2005
-7982
-9074
-1799
-7337
6081
8684
3732
5309
-2735
-8756
-3853
1082
-9405
9795
-909
58
2397
-9171
8733
-6670
8749
5518
4628
5164
-3638
7628
-3325
2637
5482
-7605
-1392
2742
2672
-3385
9846
-7938
4583
-5447
-6064
327
-923
-7200
6498
-8368
4562
-9863
-2566
1409
-6559
4318
8143
1887
-1835
1246
9930
-3919
-3859
8200
7816
9989
-7281
-3984
2397
-9871
-932
-1018
7542
4259
-3179
3098
-5658
1206
-7730
6598
3620
-3728
-9545
-2394
-1704
-414
-3108
3698
-8040
-7524
8350
-8085
-9034
-2344
3679
-5012
-3402
-663
4912
9261
-4220
-4621
4208
7496
-3989
-7755
-8024
7967
-6563
8156
-1315
7163
-7242
9833
6153
-5675
7425
-5400
8977
-8015
-4421
-2514
-228
-4656
2440
6145
3613
2307
8277
-1107
-1533
6397
-1669
7388
-1614
9260
5567
-1010
-2650
9838
6055
-908
-7895
7408
7123
984
-8765
-3048
7543
-6461
7835
-4546
7221
5678
4943
770
9586
1910
-1547
-5415
3610
-2818
-8568
-6991
1818
1323
-4476
1632
-2710
-909
6085
-4840
-6672
5733
2864
-5126
-2570
-855
-7298
400
-9955
2803
-6881
9297
-2501
7927
8350
-9281
6844
8471
3785
-595
-1490
-1626
-9987
-706
-1016
4458
7074
1663
-9415
-7870
26
3366
-370
-5136
7467
-8575
-3448
-2200
6515
1768
-1533
-7501
8639
-2013
-541
9449
597
-670
770
-4033
-5484
-1168
-8778
-1689
-3653
-7332
9862
9789
-3976
4161
-7064
6008
9041
2456
5357
-3247
1986
-2200
1345
4763
-1988
-2511
-1994
2106
6094
-9859
4649
5679
5251
8760
-6554
-4510
-787
-4024
2879
-354
-4820
4987
-7420
7282
6996
7104
259
3501
-4659
-6247
-9807
-3384
987
-7165
-9180
9545
6818
147
-4535
-4713
7600
2852
-1175
-6180
4252
4930
-1491
3372
483
1816
-5990
-402
-8900
8812
9242
1129
2071
-6127
-2073
-2175
6096
-2126
-6132
-5722
-3545
1003
-4143
-5116
228
-5083
-167
-6041
-1924
-4751
1428
4915
-5882
3147
-1713
-3081
-8152
6862
-6880
-2018
4450
-2427
5256
8269
-5126
-5149
3889
-4214
-307
8653
9220
-9247
-7438
9635
8398
372
-267
9477
5380
-1517
3790
3539
-6279
-499
3995
2868
-3411
9688
-9757
8382
3856
2586
-3895
-2665
-2837
-2648
1193
-1266
1207
3221
-7856
-730
4852
-880
-9404
-4232
9975
-4393
9762
-4477
7764
2604
-7804
-6589
8969
3529
4099
22
6739
5216
-8178
-6197
1099
6035
7714
8767
3975
4062
6250
5554
9163
-8062
8607
4040
-5978
8609
-3005
-3182
8271
5006
-4245
-6953
-8411
-1247
4023
3247
8512
-9593
-9300
1550
-7947
2036
-6760
985
2415
-9761
5873
-7226
8119
8933
7036
8331
-8561
-7675
6926
3880
-8807
8991
-2480
-6869
-3699
1291
-4223
-1273
1382
-5302
9805
-2860
6926
-5929
-1322
9460
-1045
-6339
1269
4885
1234
-2137
6324
7411
-2574
5163
6920
-7255
9967
1380
-5527
-5041
-5592
-2588
-8946
2574
5754
-482
8611
-3435
2712
-7791
-2341
3914
-3640
-6495
-3587
9930
-6541
-9483
2551
4616
-5506
-2749
-5897
-1394
-2070
6722
-9341
-3192
5048
9874
8255
-2959
-9099
8421
-7564
8195
-9899
-2443
5583
-9395
-591
779
7078
9828
3698
-7466
8054
5568
-4159
-7331
9970
-6673
-4153
8323
-3922
-5380
-4447
-186
-6876
-4470
-4900
8966
-4767
-6240
9166
-797
6744
-2267
-6749
-8377
-7581
5252
5106
-3079
2492
-6396
3465
201
-2114
-5894
-7659
-8303
-1184
5128
-298
7824
-3463
6907
9629
9768
-1322
-742
2123
-9014
2145
6935
-7314
-6819
3207
-908
-7682
-6368
-929
-6571
1741
501
9855
-740
401
-3811
6335
-4508
5705
7550
-9604
-4974
-6057
-6576
8189
-6017
1664
5562
5503
4080
-9563
-7884
-9811
2179
5671
-1291
2892
-2597
-1138
6681
6578
-5185
-9601
8685
-9316
3182
952
-869
-4951
9624
-5586
-9956
7370
9711
329
-1994
3938
-6444
4077
7110
-6075
2043
-1248
-705
-3406
-4604
-8070
828
-1896
3811
-2785
-5698
-6790
9212
668
146
3944
-6463
-3014
2856
-8503
-5578
-5198
-1944
4616
3903
-3665
-4467
-2505
-5042
-6097
-116
-4929
2898
-117
3611
-3404
3984
-3417
-2066
-4572
4741
-1453
1491
6468
-3188
5729
-9583
7044
-9154
-6537
-1353
-7513
-7159
6636
5128
2634
-5247
9894
-6958
-16
4917
2026
4410
2204
-3174
-8432
8575
1298
-2809
-2708
1156
8253
-933
1210
-8553
-2070
-6049
-3875
4709
2906
1313
2731
3458
-3126
5827
3621
8192
-8963
-7663
8367
8247
-9254
133
9213
9712
-3786
5367
-587
8604
-8893
6681
-1016
7867
-9291
6455
-371
3460
4396
-5594
9943
6081
4875
-2452
8295
-5174
-7581
5544
8167
-1776
7743
-2686
-8236
572
-3068
-8766
1140
-5358
-5683
-3268
7446
-7348
8324
1093
-2587
-4611
-5048
-9278
-9660
-8176
123
8826
-2579
-4998
8383
-1895
-2568
1513
-2875
-9324
-7896
5374
-9391
7633
6543
-2783
1564
5279
-8676
1430
-6684
-822
-6455
3102
-2100
8208
-2735
4170
-3742
1639
-2359
754
-8948
-5345
-3003
-6397
-6464
2020
-4061
2341
3756
9380
5366
-1716
4684
-5984
-5369
8789
-3955
-9999
9533
4996
-4955
7
-7365
1710
9470
1493
4003
-1598
-103
1248
8511
4333
7592
-5665
7386
6788
6851
2586
4131
-3343
-550
-374
-4678
6507
-8046
-8663
7565
-2184
5129
8673
-1944
-7282
-958
-5378
5687
-8835
-8985
8492
7325
4488
-136
-7841
-7710
6311
-9418
-8778
-9377
7077
2877
5138
-9012
-5282
2517
-807
8514
7533
-1130
5599
489
-183
6029
7892
-270
145
-2320
2578
-7571
-6625
-397
-8609
604
-1312
6876
-5966
-3606
-4952
-7107
461
9651
-1495
5684
-7060
-2255
-1061
1617
-5868
2365
-2204
4363
-7967
3324
8181
2983
-5611
-9712
-8951
-4399
-7346
-2410
-5833
-7255
-1318
-5335
-4248
-2114
7429
7026
-3947
1758
9940
888
4085
945
-8190
7137
-5216
-2205
5927
-3659
5221
1098
4900
7213
-6423
-6948
8907
56
-6658
9852
5226
-1734
-2873
4176
-5576
-3724
-7273
4857
7782
-5537
7106
-7130
9069
-6860
9405
-4768
-8935
-3129
6317
-8703
-2455
3260
7025
9076
-4904
-9032
-6606
-1202
-829
7575
8514
7423
6196
-2754
5632
-4680
286
-6405
3180
-1444
9576
3785
-7956
-2543
-6774
4664
-525
-1586
-1698
-6603
-5106
-3128
-8538
-5182
9657
-7293
-5295
-5222
-1952
8787
9523
-587
-927
-2353
3994
8209
4584
9663
8767
-5219
-9006
-3196
-8927
2051
-1752
8499
-1622
286
8901
-8953
-5195
6212
-197
-7746
-779
-3447
-1221
-4114
-1496
-2371
-8839
-3551
3439
-1763
-5805
4632
658
-5667
7889
-6497
-2695
6130
7158
-4333
937
-1238
3779
-9195
6972
7607
-7920
4863
-6570
-7513
5919
-2776
7738
-4929
-8295
9851
-171
-7607
-5490
5418
-3214
7415
-1248
8950
125
-5840
-8917
9637
-182
6501
5281
3554
6536
-5821
5973
8117
-6408
-169
6392
7176
-3060
-3086
2032
3986
-9676
-5711
-6667
-4875
8388
9644
155
-9224
664
2899
-5035
4802
-746
-8870
-1962
-6395
-3718
-5396
-7079
-4293
5228
-9272
3295
-6565
-1875
6411
-7046
2666
9519
-2362
-192
-3535
251
-4555
-1750
-9046
-1273
7537
6948
-6292
-1577
1331
-6148
-3578
3276
5599
4177
-2656
1737
-5517
-209
-7175
8913
4946
-1498
-9163
-6351
-7161
6424
5891
8850
5032
5317
-5603
-639
-3360
-1566
83
-1358
-9611
-784
-8773
5430
-837
7363
-9636
-5216
-6302
-5919
7873
9600
-1160
-5643
-6450
-2993
-7352
-3241
9347
4026
-9657
8827
106
-2052
-9774
-6651
5062
1461
7242
-430
9460
-3495
-566
-3320
4970
2191
4692
-8595
-6189
-3326
-3592
-5599
-4526
-414
9096
-6559
190
1956
9451
9555
-3727
-1384
-8470
-7774
6888
3388
-6043
3085
-9759
-8884
8019
6169
4699
-4342
-7058
8907
-6349
-1288
5888
-3405
321
-8951
6946
7278
6041
-8657
-5267
8811
9426
-597
-4767
-9886
-884
7290
1399
-4780
-6552
-7555
7728
-7738
-7688
-1821
9249
5116
-7137
2741
-4759
2572
-8653
-7422
4270
-4619
-1655
1722
9760
4312
6701
-8171
3971
7575
1626
7017
-8611
-8484
-3405
-8579
273
-8408
-4048
-2747
4760
3073
-1672
6791
-2702
-5606
-8318
-3289
-2991
2419
-8427
-5514
4443
-1224
-5906
-4382
-3656
6673
6799
3819
6321
-5633
1173
-7870
2726
2079
-8213
955
7214
254
9994
-4289
275
-8362
-4628
518
-9091
910
-9834
-8416
-1103
8133
-2784
-8592
6764
3902
-7848
-1343
6480
6719
-1674
909
7166
-6135
7277
5151
4346
325
5560
2750
7574
3005
-436
-7956
1813
-2458
1708
-4493
3349
-5093
-9440
-5666
-3416
-9545
-3805
6990
1073
8073
9816
7154
-2255
-8888
-577
4939
-711
251
4110
-1850
8780
-8996
9165
-1780
-9863
-2351
7357
-7933
-5822
5082
-6370
-186
-5893
-2031
2444
686
4072
-5635
7181
2013
-9142
9981
7244
-9967
7085
-4811
-8490
6151
6013
-8652
4974
-3687
-7495
-8083
-5672
-1773
-4349
-6815
-4967
-9459
-7618
-8617
2270
2983
945
-4422
-600
-920
1542
-4599
-6972
1707
-1450
3768
-2422
5203
7348
-6281
-8710
-9900
4260
-7826
-4868
582
-9761
6254
-6786
5235
8521
-8250
-6738
-5855
-2955
5425
-2775
-5846
-9205
9596
-2653
4491
6726
8436
2970
506
-4746
3967
-3403
2580
-5254
333
7761
-6445
8131
-5251
-9566
-6743
-1512
3461
8903
8078
5127
-6079
-2720
-4760
-4003
-7616
7008
-2047
9628
-7480
6278
9535
-4616
1511
-872
1443
8067
-2481
-6687
-7134
-5211
-194
-432
-2538
6096
-9124
-9565
5689
-1346
-84
-3537
-5121
-4845
1762
-7375
-3411
9719
-9385
7964
6017
8722
5474
-2566
-343
8842
-4728
-2889
5794
-4317
-8080
-6602
3063
-5352
992
4805
-5879
6419
-5129
7159
9428
-4172
-7081
2366
-263
-7828
5243
7883
3035
8235
-6877
891
1320
-9204
-6251
3321
-5691
-6004
-3704
438
2771
5132
-8837
-7454
5171
4508
2874
-1891
9960
5013
8216
-6401
-2036
803
7665
9831
-9160
7420
-6061
-5257
4567
-7317
5244
-3344
4809
2198
5421
-9160
-7953
6989
7779
-67
8905
-8045
-7587
-9470
6175
7022
5100
2625
-2028
1663
-7281
-3853
9670
-9244
-3355
7287
-635
2877
5620
5547
4611
-4011
5794
-1386
-89
2627
-1494
-7114
8902
6242
-3302
5657
-3754
-3056
4972
6699
-3327
-5112
9731
-6937
2964
1719
9361
3787
-7094
-9776
-6531
-5794
-8075
-7903
-2475
-7782
6844
7520
1990
6943
-3467
-204
-6914
-5383
-2932
3422
-5050
-2810
1581
-5702
-730
-7571
1940
-8536
4222
-631
-1456
-1940
-512
7375
-8649
6455
9552
4055
-8106
5144
-4957
-1552
6531
6548
5871
-1355
-5175
-1103
-9986
5483
299
-1708
-3967
-2348
-2452
-8933
2047
3163
7827
1005
-2056
-6382
7585
2817
-6122
4108
1865
-3592
-7943
5847
4953
229
-314
437
-9471
575
2913
7536
-7991
-8914
-9348
177
-95
-7388
9972
1342
4654
2749
-3278
-32
3911
1051
-1696
7316
-1045
393
-406
-802
908
-279
-3810
-885
-815
5984
9760
-2400
-7800
-4380
6496
4644
-9912
-2620
-6794
-9230
8809
1165
4915
4756
-711
-7837
8020
3193
-9234
-5812
8013
-1991
-2845
-4860
4661
4130
5122
1200
2836
-5873
-5316
2324
4203
1934
-4436
-3387
907
4449
-2916
8999
5883
5178
5333
-226
1224
845
1722
6747
2439
4243
-5625
-99
8722
6249
-7410
3084
1277
363
7545
-8613
-595
-4300
-5322
8568
-7879
5684
8660
9158
6680
2692
7338
4570
5223
-9744
-9630
7802
6501
-884
-5653
-1315
-7051
2522
1234
2681
-965
-8156
-6869
2736
5095
6642
8624
348
-4797
-7304
-3517
-3133
-221
-2989
-3612
355
1310
-4368
-6212
-546
8730
1410
-4351
25
2782
-6862
5225
-8725
848
7276
3446
-9108
1550
-442
-4929
2123
-3080
3897
-502
3501
8666
-111
1277
-7800
2374
-3656
-4151
-5079
8843
-4995
872
5740
1316
-2680
-4931
1129
-6128
-5009
4449
1287
4091
-3454
1346
2775
3056
-5402
1795
-2580
-5907
3846
9353
-2345
-1328
8968
3760
-7999
-6255
-3111
6551
6473
2146
6608
-3264
4470
7270
6521
2974
2632
3712
-2224
1056
-2771
3817
-3172
-9059
-9616
-2881
-1140
2219
-4206
-8529
3163
4411
4692
-8609
-653
-5893
5177
-2717
-7266
-986
4962
-6649
-9309
-4088
-2168
-9402
-7361
-7233
2014
4089
2497
1176
6997
6463
847
4961
-3224
-1611
-8358
3399
6292
-2335
7172
5435
-3340
3889
-1993
8518
-9460
7737
-7501
-1829
-3579
4470
6839
-6402
9680
3846
4370
-1743
1023
3528
-3339
-945
1746
-4990
1094
-6672
-2622
-9894
3236
39
-8451
7395
2583
-2231
-1700
201
8148
1351
-7047
8340
-804
-6868
4078
-2975
7245
-5521
-5416
-8864
4030
8636
2557
-7225
962
6075
578
7037
7369
-3378
4317
-9002
8243
7596
-3251
3251
-2070
9978
-1311
-863
-5001
-3734
-8072
5024
-2762
-3045
-2487
-7789
-9252
-5392
6941
1879
7423
886
2694
-4945
-3556
-9299
-5829
-3311
-5437
-8951
-8710
-3252
-3666
-2748
-1071
-9536
7242
-895
-1394
4641
-3001
-8715
4282
9845
6704
2708
-4449
8141
7811
-8867
-4148
5718
-1389
-2856
8645
-5005
-6139
-3099
2978
4757
-916
8734
-1247
-5051
3551
3638
353
9191
-4140
3748
7766
-561
-4821
-3228
146
-5588
3729
-2364
-9473
-9195
5955
-6647
941
5566
6800
-988
9725
6802
-5760
-7868
-320
-1202
2722
9893
-476
3560
2992
-6255
-5369
-749
-3713
6950
1189
7214
-830
-4606
5099
9014
5369
-6377
-5831
625
4677
-6669
9162
-1277
-615
-2608
-3507
3760
4672
-7699
3644
314
-5037
8506
3822
-9620
-6096
-707
6120
8666
5334
-4763
6175
-5706
-497
2003
-279
-2833
7558
-135
6891
-2275
663
997
-5412
8950
7498
-1183
1910
2652
-1285
5112
-6181
9870
7910
9171
2956
8078
-3197
-7100
-5028
-7370
-4804
7860
-6601
-3374
-3862
4596
8537
-3630
2506
-1638
2564
-7636
9902
6067
-7874
5130
7450
-919
-1138
-2955
1238
8375
6660
7858
-7629
-7270
-9602
400
7459
6088
-9343
-6632
1544
-7250
-4623
-546
-7473
1340
1686
-5725
-7076
4791
-9445
-2869
-994
-2504
5061
-7260
-3040
8923
-1201
-5829
3975
7963
-5799
-1477
4347
-175
105
-1368
3956
-6397
-4087
9431
-9777
-6277
2677
-4828
3541
5425
-6346
4920
1659
-2573
3671
5525
-267
5412
5911
-1076
-401
-6735
6710
-3505
7256
-660
2568
-2410
-9214
-5100
2669
4475
-449
7223
1041
-9476
-998
4138
-9919
-1416
-9657
-5511
-7970
3161
-8858
-4282
-8492
3790
-2825
-6514
-2728
-6235
4428
-558
-3970
-9302
-1719
-7839
-7518
-4189
7570
4607
797
-2206
-2481
-4717
-5792
411
4135
-434
-3482
2737
-1060
-5239
8985
7604
5232
-446
1583
6283
6165
-6196
4046
7249
227
9216
4364
2256
-1294
3669
624
4919
6336
8704
-9949
4416
-234
-2897
-2859
6678
8255
-2711
5824
307
4884
-634
-3787
1153
-8499
2095
-2013
4616
-9947
-7597
1358
-8406
4724
6044
3292
2753
-9769
-2845
-3859
1293
-3106
1596
-792
-2741
4716
7806
-5641
7694
7303
-9178
-4406
983
804
1970
2326
-698
-3100
-411
1762
-8964
-8437
-2547
-4521
-7358
-9581
6795
-726
-6912
-772
9362
2983
5361
-7545
-1236
-5482
-1464
-8029
483
5291
-7685
179
-8927
9909
5674
-3025
4934
-9238
-7499
6878
-1670
-1751
-4093
9675
5562
-722
-8866
4690
-5271
659
184
-5452
-3428
-5059
-3722
2840
-4470
-7950
6266
9358
4711
-228
-8590
-839
-9418
-7359
8271
449
-3434
4512
-3231
-8524
2727
1259
2778
4347
3440
7668
7579
-620
880
746
9656
-5431
-4273
-9716
9409
-9043
-9662
-286
7146
-3064
-1995
8907
2184
-3015
6848
6137
3639
1496
-2953
3897
6657
-1184
8682
4183
308
-5651
780
7611
5628
-6716
5052
-7328
-7841
-4792
-4092
3777
-7480
-5880
-2315
-4741
-609
7299
-1930
-6779
-22
-1941
2204
-5317
-1930
3202
-1405
-2356
3202
2088
7229
-7489
-4221
525
921
-5900
7280
9715
8570
-7211
-3612
8619
8525
2179
-1050
5778
7959
-4568
5344
8543
9125
-8612
-4505
7874
-3415
-8996
6282
-6312
3658
3874
-5590
4418
9247
5575
-6303
5862
-2005
4501
-6716
2725
4872
-5578
-4222
157
23
-8814
-1048
-800
3899
-6129
-2333
-1115
9598
5832
8515
-751
9615
3920
-880
-8124
-4548
-5559
-963
-5190
-4783
-9185
-4501
3880
-7883
8362
6857
4055
1479
444
-7585
9765
5986
-6109
212
6647
-4654
-8691
-9260
-1552
-2240
-7789
8353
4169
-4029
-459
6485
592
-3852
6135
4035
7191
-8641
-9689
-7043
-9192
319
-9758
6132
-3277
-5607
-8174
5572
7913
-3628
-8176
-3214
-7074
4277
9085
8607
-6726
-4919
8202
-2374
-5876
3397
-6313
8384
-970
-9689
-9891
-6397
8948
8716
371
546
8029
-7801
-9758
-6716
-4540
6526
-669
-1947
-9432
-841
7096
-8413
-8974
-6353
-1939
8641
5318
-4227
-9444
7043
-6140
4003
5696
-6312
-7309
1223
730
5991
6215
8697
4982
-1286
3725
2713
2743
1118
-2734
-7388
-6345
2087
7336
-1292
5359
6744
-1734
-2760
-9760
-8428
-9680
-2499
-2441
-2142
-114
9776
5280
-6056
-4271
-6121
1398
4220
-9056
9003
-5022
-8303
-2930
5982
-8169
-5745
-512
1809
-6887
-4948
-4760
-8651
1071
7431
-5796
4442
5334
-9562
-8297
-1854
-1475
6726
7286
9929
-939
-4816
-4393
-53
-6049
8896
-346
-7554
974
-46
-77
6754
3816
-3254
-7077
1031
-3135
-1719
8147
-6281
-9126
6245
7131
-6018
-9924
-1481
5292
-6885
9155
8087
2025
4620
5386
2626
-603
7835
-1519
-5422
3779
5590
6589
-549
2331
9729
8008
9795
-5688
7881
-5669
243
9144
2653
7682
2735
-1249
1568
-4682
-9818
3931
1016
380
6867
-2028
-8710
-1766
-4340
-6501
-4120
9520
-9882
4180
-6404
-6375
-1953
4741
-4908
-2797
-5051
-4676
-8183
5154
2775
2502
-3327
7809
9478
-6460
1458
-2077
-4226
9018
5871
766
4120
-5894
-1301
-3635
-5680
5284
4172
-7111
1866
-9774
8298
5322
-7974
-1983
1404
4461
8405
4743
-2311
-861
-7500
-923
844
2125
-505
-545
-7070
-1633
3986
1417
-7639
-2288
-3402
-1743
-5479
2069
-5184
1004
3844
7797
-6137
5568
-1119
-40
-9557
9703
-3448
2099
8706
-5738
-2088
-5363
428
674
4481
-2383
-593
3015
4404
-8607
4967
-681
-6566
-9269
250
-8778
3782
-224
-3188
-2950
-142
2924
-1727
-3448
6197
4682
3416
-4353
6807
-5543
-4781
1430
240
2590
-3136
162
9835
-3492
-8458
4643
7955
-8026
-1351
1221
-5362
5582
1049
-9605
4975
7295
-4031
1505
-2671
3930
-1882
3372
23
-1734
-3716
3694
-4245
2585
-1439
-7744
8247
-7646
-5320
-6227
-1163
3183
-9218
1852
8220
7444
-6371
2873
-7307
8719
-4305
3945
-4654
9652
4572
6988
-9895
-3840
-265
1488
-5649
-7812
-5114
8864
5274
-6963
2940
-4864
9885
784
1672
-4520
1993
-7780
7720
-3304
6717
-8359
-7307
-9156
-5455
-6591
565
3864
6282
5303
-3635
7256
2234
-6765
7669
-7600
820
8556
-9569
-104
-9739
-7887
4716
6973
-9808
-3763
4531
-6190
356
6157
-5642
4342
9573
4962
-5943
-6175
5392
6915
-1139
1528
-308
-4450
1405
-7151
-851
4367
-2026
-81
-6521
8347
-4686
2898
9181
1113
-1788
9267
-7390
-9085
7341
-1135
-8023
-7916
6077
-7684
954
5943
1088
932
-3204
-2492
-504
3171
293
4227
-7235
461
-4808
7770
9725
-1359
6499
-8966
4654
246
3814
6718
-5896
-7158
-2899
2395
8740
-3709
-455
-2848
-8433
2150
-2389
5777
6981
-2777
5527
9325
-5699
6538
2153
4192
424
-826
5719
2333
894
258
7355
-7270
-7294
-446
-3792
249
9071
2722
-9880
7654
3431
-7328
-7344
8870
3158
3308
8323
-9218
4031
3829
4933
-1313
-2060
-811
-278
-1358
5912
8399
2277
-4432
-1678
-9043
-7102
9874
5448
1829
1462
-5765
2832
9807
7408
-4433
7579
-3372
3023
-4371
-7822
-4668
9680
7234
5414
-2506
-9745
7992
-6682
1563
-7394
-3049
2987
1933
-3939
8177
6507
-8866
3247
-5944
-402
5648
4330
9241
-7127
-4447
59
9311
-5240
-1873
-3810
-537
-168
8634
9327
9194
-3366
3108
-9539
3750
-4039
-9613
3361
-2373
3183
-5070
3896
4714
5677
2618
953
460
-8319
3970
-3156
3480
7486
-7019
3700
7576
4428
-4849
-9984
9194
-5941
-253
436
8598
-1870
-5209
-6960
6056
-1234
-6256
-4697
9203
8356
5993
-4225
-2053
267
-7209
-9357
3227
5576
4576
-6795
-4112
8509
9255
-1009
-5268
-7050
6425
5148
7024
2034
7296
-2443
-1195
-2956
3322
-2224
-8596
3978
2522
-4985
2894
-4137
-4587
2781
-8256
5793
8486
-120
-9386
5219
9494
-9143
-8961
-9597
3346
-3459
-1362
-6359
8594
5050
-61
-3272
547
3760
-8734
-117
-2769
-6854
1679
9312
-7221
512
9373
5708
-191
4660
7287
6606
2982
4795
-5992
-5563
7789
-9902
8590
180
-7944
-3597
1878
-7585
2517
599
-7231
-3679
3825
1962
-39
4225
6631
3147
7773
-4639
4917
-8643
-7873
9231
7660
6209
-5013
4862
6592
-405
9042
9170
877
5687
-842
-3028
-8046
-9
5231
8520
-1404
671
4227
-4245
1522
2197
-8779
-350
603
5089
-8363
-664
-5216
-6872
-4997
98
-4452
2478
837
-5991
4513
-5465
11
3848
-9820
-4325
8121
2297
2040
1478
295
-4650
9840
-9575
-6006
7479
3045
3289
-4615
180
-4091
9459
-5903
884
-1714
7116
8862
-2999
1454
-9369
-995
3416
3683
5093
6027
5497
-2374
400
2863
413
-1797
-5225
-7040
-2810
-6990
2904
8023
3089
6911
7071
8237
-3346
-9038
1485
-7198
9348
-6257
-2491
2221
-3373
-9612
-283
-4559
-359
-1175
-8464
-6891
456
-8579
-7318
9549
703
-1353
3416
-4732
-9626
3305
-6036
-1525
5609
-6902
-2271
-9697
4667
-5130
7471
-4081
-6673
-9000
9934
-8206
-8098
9459
-6375
-9347
9275
6624
6974
-7909
6479
-7741
-5425
-3229
-9728
7718
-7767
-9808
-3858
-5776
-4199
-3931
1400
2620
-1722
4841
-5887
3112
-4306
8808
3040
902
5028
4126
7651
1412
9965
-9946
-1989
-5499
-4266
-91
-2704
-9753
5687
7399
1121
-6936
6383
7448
5191
-8413
-7375
6436
1647
-322
6001
7350
-5796
5566
9931
3951
-922
-233
-4981
-907
9110
-5296
-459
-266
-6845
1847
1198
-6601
-8273
6269
-4110
-2202
4427
4243
-7964
3009
1697
11
4513
-1074
4558
-6694
5922
-8321
-5348
-9022
-610
-7339
5282
-7403
675
973
-1525
2857
6986
-7932
-3018
-8506
8785
3492
474
1217
6688
-4855
6884
317
817
-8474
-521
5740
-8124
-4763
4386
-8255
2039
-2275
9224
-2043
-5437
6244
137
5320
5947
-3063
5091
5707
5054
2102
5219
7432
2052
-4663
-3728
-5821
5971
6701
-5620
-6681
6020
1552
-3747
784
9116
3433
2337
4520
939
-588
-3690
-135
-4572
3431
-9829
6771
-6390
8730
9335
6409
1054
-6788
-2643
2368
2077
9329
-1101
-851
-8028
6509
5066
7946
-734
-7267
-4957
-2459
-6870
-5873
-567
1873
-903
5857
4264
3627
9179
5630
4579
-1771
-3150
7498
1438
-6557
7726
6164
-3153
-3636
-5818
33
400
2311
6381
7797
-335
546
4061
1480
-6634
-4453
6333
-3603
6435
3930
3916
-7686
-6280
8729
5901
6165
1805
-9998
8115
9880
7161
-8083
2622
4653
-2684
-3215
3279
8673
-9379
-5042
5148
469
5893
4513
-6374
8168
-9363
-4613
4525
-1487
977
7512
-7925
9105
4001
-6197
300
421
-6915
4414
-5684
-8837
-168
7261
1625
-7304
-2264
9676
2989
1057
3320
7294
-3349
9922
-6903
7644
240
9929
9443
3539
1928
-3909
-6196
2817
527
-1499
7554
5566
1497
4607
-1587
-498
-9320
-9571
-4800
-7864
-1589
-3300
8478
121
4165
8426
7141
5334
5294
1688
-7282
3185
-5016
-5029
7037
2071
-7567
-6851
5654
-142
-8888
-2978
-3450
-6963
7732
4528
2998
-6974
-4558
8161
-7784
7816
-1792
2328
2201
5753
6615
8829
558
-2364
3260
-595
-1425
-8841
-1202
-7406
-7439
-3595
3567
8084
-5719
2464
-5636
-6191
5684
4364
-6124
5423
8870
-1029
-7896
-4871
-3246
-2647
-1534
5449
-40
6073
9566
-1158
-7123
813
4686
5235
7468
2634
-373
-2951
5939
-270
2940
5726
8597
-417
-2106
-2377
7145
1355
-1026
9047
-2666
6393
716
2181
5069
5033
-7226
-4908
4702
-3812
-6023
9775
8154
-3877
22
7660
2731
-8105
565
8407
9952
-1275
2135
-2201
8859
-1080
-6677
4425
1796
5531
9236
7239
-9867
-3803
-9821
-5002
1515
-7377
-4592
-3428
-8025
1747
-2256
9014
3216
-8840
-7492
458
-1364
-9349
-2869
-631
-8914
-2135
-4018
-7313
-3735
-5290
-5114
-5356
6124
-5125
2828
-3381
381
-7821
-5322
-7348
6224
7841
-7643
-9361
7895
1047
-8524
-5318
-2191
-567
-540
-6982
-8741
6074
-4218
8148
9741
3048
2315
8571
-2198
-5298
-2526
1345
-8507
-7750
5110
-6356
-7977
-2059
1965
-9922
5027
-3806
4618
9082
-6968
6501
-3605
-7505
-2323
8909
-5837
4034
3118
-9846
3776
-6675
-7145
-1309
2901
-2400
9527
-3261
116
8489
-7845
2231
6596
-5300
-9134
-2710
306
-3941
-9669
-1474
4462
-7316
9549
7869
-4199
-7076
-2030
2135
-5967
6154
4403
-3238
3085
-4069
155
-2378
-1629
5705
-8403
8379
7616
-6449
-9331
-5552
4677
9736
739
-8476
9069
3216
-4284
6737
296
3448
-6796
3377
9374
-1031
-2007
-9380
-3013
4780
5562
-8968
-246
3166
2027
1895
7442
5241
9513
521
-2769
-6789
-8059
3864
-7962
9778
-8677
-1781
-3592
8897
2234
-2154
-563
-2295
7145
-9972
410
1094
1536
8375
-7898
6620
4347
9579
5619
8544
8414
-6854
9563
-3545
4071
6393
1870
-973
-12
2238
-5893
-7974
7269
-8004
2630
1828
3921
5690
5250
1511
-230
1757
-14
6135
6201
2639
7046
-594
4556
-5905
-3469
-5393
-1605
8865
-5857
-3543
3189
-2934
9311
-3382
2657
5027
-8936
4804
-2735
916
-7817
2870
3858
830
7098
-1439
-2364
294
-6181
-7732
-1329
1953
-2288
2488
6502
-9770
2834
9545
6015
-9291
-5998
-5617
2021
-4666
-4415
5551
-936
6365
666
408
-2442
5776
-6662
5049
-1770
2514
-7998
-9220
9510
-65
408
4054
-6283
4294
-3493
-431
6994
-9037
2111
5031
4023
833
-9665
9282
7963
4011
8514
-9908
4520
-3486
-900
1527
1396
2587
7446
-4087
1818
-3361
779
846
-6031
-3048
-5046
-4678
-6972
8598
-4453
-5181
2144
5925
3222
6972
5410
9078
5235
5699
2952
-7490
-4414
7830
856
-7600
-6050
-965
332
9909
5785
1590
-6120
-1805
1578
5689
-1748
-1999
9302
7790
-2062
-9445
-176
-6920
5616
1
-5284
-27
3371
8173
-161
6491
8921
-4582
-7074
4123
-3366
3415
6158
-8051
-2543
6979
4055
-8260
883
9948
-446
1363
6481
-8839
-7046
-8767
3218
1438
3042
-2827
3075
9774
-2490
-6147
-6506
-6069
-278
4182
3594
3616
-5438
7976
-8375
-1730
2915
-206
-3510
-8465
-1143
-1677
8402
-9088
-4847
4158
3205
-5796
525
-2405
-8385
-4903
-2277
-7468
2585
-7479
8242
-8457
-5731
7726
-7212
-9978
6194
8637
-3563
-2628
9250
-3175
-5217
9224
4206
675
3259
7028
6349
-7159
8899
5847
-1014
8841
-5519
6384
-9013
-6437
-9447
1973
-1117
-8223
5976
-2541
-314
-7777
3159
988
4884
2460
5377
1432
1449
-1190
9495
-7809
9887
-1547
-7765
-5572
-4003
9979
3700
9641
7814
9382
9354
-5860
-3869
1436
3790
5109
-5711
-4253
-1301
5127
8543
9235
6520
-1902
8029
-1929
2997
3898
8641
-8047
-943
5536
-46
-4631
-8197
-7411
2959
717
-2331
2071
7134
1249
7872
1112
555
4468
2723
538
4587
3890
-4628
8984
-4179
3765
-5000
-7801
7650
4315
5308
-7664
2668
-9624
3680
6243
-1359
9211
-3085
7139
-3119
1164
8649
2893
8843
4494
-9275
-2111
4744
2030
-6066
-1475
7646
4832
9215
7193
-763
-3890
-2532
6422
9221
-3534
9753
-3603
-3717
736
2678
1615
3839
-330
7268
-533
-4043
-7282
6401
-4626
1095
7138
5791
4147
-6600
-9341
-4458
3914
4466
7910
4631
-9362
6681
-375
5880
-5301
-1398
2891
2740
5052
-2337
4193
2338
4076
-7215
2041
1413
-9366
8325
-9177
-7312
9485
-4465
-455
-852
-6275
-9734
-8208
-3457
249
2381
-5563
-6603
-2230
7016
3621
4695
-8971
-7068
7601
3094
3691
5058
5669
-5461
3332
-6581
6944
-5077
-3511
-1322
2990
-2878
-4079
7419
-2704
7964
-5367
4018
-2097
-9236
-2067
5780
-8021
4483
-7668
-8756
-8460
-8986
-1779
5036
-1337
-5180
8881
2534
-5427
-8753
-9370
-5209
4662
-6249
1968
-5581
7829
-5968
4677
-8156
-3307
1880
-2074
8733
8545
-2545
-4677
-4430
-3222
3428
9621
6779
1180
-1683
7589
4007
6321
-8902
-1717
-7308
4016
-7227
-7315
-9733
9559
6284
6565
-6120
9969
-8967
-4225
2771
323
7605
2082
9822
4682
8194
8711
4541
9682
8376
-1065
6685
-1696
4457
8728
-5520
-2559
2396
7502
5062
1954
8909
4932
-5772
1034
7985
-9752
-8360
5269
3310
-1541
9039
8585
4031
2314
7154
9218
1152
-3520
-8210
5820
-6668
3144
-3870
5428
-5322
-4005
5919
-7226
-7343
-2191
3299
89
-3420
945
-2266
-8454
-8515
-5589
8599
8774
818
-4735
2086
-5578
8342
-1376
3395
-4795
-4557
-9152
-5506
6025
5374
1900
-5886
-5203
4742
-2444
4962
-9781
-6166
-7005
1403
-6364
-8936
-9476
-4661
-2514
-8987
-2807
3225
7337
-1310
2357
-6106
-9195
-1300
-6469
713
3596
-889
7055
-4831
-7816
8626
5682
-3777
-5899
468
245
7618
-7283
8439
5711
-3709
-1465
9926
-2892
-1070
-5781
-9502
-2583
-3904
-1457
-8382
786
-7323
-4877
706
-4746
8040
993
-7635
8043
-1606
-7754
8337
-8451
-1905
-9606
-1367
4306
4343
-6816
7035
1762
-3326
6651
7441
8138
-6004
-3692
7350
-9643
-66
-1042
4645
-5664
-7595
-6355
-5369
-8409
8048
-9407
9874
-5336
4447
8686
2291
-1238
-1852
-9356
-2594
-4504
-7189
7143
5602
-6335
2985
-5575
-5749
6177
-6468
-6705
-3921
4175
7454
7006
1080
5758
-1584
6143
3436
-8361
-7686
-7922
5730
-8024
3907
-5289
4888
4112
3048
-7751
5611
-3673
-4755
4507
-7023
681
3019
7480
2920
9186
-7711
7410
3886
-9925
4880
1922
-5617
1302
-9802
6638
7978
-588
-2991
-5363
-9002
2724
1501
-6624
6642
9701
-879
-3637
-1886
5307
-7505
4902
8413
-4334
-4452
-9975
-5907
9699
-1008
1554
611
4784
2429
-9276
6578
960
-3811
-4159
474
1079
-2154
-6441
-4788
1151
9420
1567
-7660
9026
-2260
6410
3568
-3
-9609
5150
1073
830
-7897
9079
8455
64
9322
-4080
196
-9118
-7561
-4875
-5463
-1187
-988
-9941
2164
-3502
-5059
4424
3702
52
-4680
-8137
1400
-9381
-3241
-7675
7424
-8961
-9386
-7494
-2985
-3155
-8475
7294
2610
-3078
-1174
9878
-4952
-2936
512
-8054
6534
-2035
6767
6189
4766
7170
1950
-2417
-6258
1704
-6244
8463
-1394
-602
-3222
5188
5905
9613
3466
-5312
1356
-6069
-5228
-1797
6078
3354
66
-845
-3886
-3007
721
3096
-5238
5465
5218
-1312
-1621
9255
-519
-6006
4249
-6345
-7164
8258
-405
-6052
5745
-843
-8071
3823
-9313
-6451
-7608
-6415
492
-5044
1893
4145
6819
9070
-1069
-1676
7868
-372
7692
-2287
-8433
9320
-2951
-6269
-3015
1357
2167
3299
592
5722
-4161
5528
839
-3815
7322
-2228
6295
4943
-6282
-1043
-6132
-934
-2866
4656
439
8031
4216
8095
8574
-3684
-744
3609
6461
2093
3401
-6386
5416
3442
5510
-3806
425
493
4763
-8771
2793
-9996
-5933
-1069
5981
-9434
1757
-4624
-4785
-7976
-205
-2309
2733
-2909
-1287
-2551
1647
-5922
183
-7661
-9334
-3615
-6558
5645
-6407
-1699
-1692
-7404
-8318
9219
-3639
3478
2334
4507
-4453
-8918
8629
3400
-4342
4791
9557
-9781
-4856
9042
8695
-1531
2680
-3522
-5289
2626
-4712
-3385
1205
2810
1108
-7714
9476
-550
-8059
9256
8998
1233
7526
-7701
5675
-9115
-6559
5356
1700
1803
1025
-8408
-452
1603
5610
3096
1655
-9904
-3271
-7729
-50
9500
-3061
-1080
5628
-7908
5996
-8752
-4217
1197
-2448
1470
-5073
-6029
4
9786
-9886
-1349
-53
9247
-1076
1835
6043
1065
-2279
1158
-9304
-713
-2161
10
4700
5824
9483
-5017
-3543
-9204
-4847
4284
-9261
1183
5758
-7028
101
-1977
8911
6993
-4570
1762
4595
7224
9727
-7633
-7360
8799
1493
-823
-5227
-9918
-1112
-6359
-4205
-5645
-6574
582
9634
-2689
5020
-9586
4848
8096
-7883
-5352
7216
-3517
5754
6767
-695
1444
-3852
8334
-1937
-6507
1293
4863
3634
-662
-8703
-7743
-4694
-9235
-6551
9314
1642
-1490
5836
-2818
2212
9829
-8167
5428
-5868
3849
1883
-9052
9477
6183
3971
7082
-2870
5384
-9906
9745
-8384
9376
2726
-6042
-4164
5986
290
992
7926
3760
-3702
-7950
9808
-6552
7172
4446
-7247
-2186
-7142
9493
-3321
-4985
2943
-7176
-8354
-114
9768
2997
4680
2863
3508
-4721
9964
-2856
4934
-1365
3893
-5584
7164
-7387
-5347
-5325
-1239
8316
-9151
-1391
-4307
-5250
-8785
-7706
-9628
8333
-3724
1041
-4827
-7149
1935
-7979
7143
-6589
-7951
4674
-9261
8390
8764
-2916
-9217
-3971
-6795
-9434
2554
-3029
5151
-5998
-8919
3296
-392
-2562
-4106
2444
-6148
-3763
7523
7446
3749
6067
-3243
-2935
445
130
2254
161
6516
-6119
-8270
-2101
-4398
-9066
-9266
-5904
-8020
-1155
-7054
-1569
-3498
979
3751
1205
-2428
8847
-4198
1919
-9091
3752
8710
-9475
7236
-7094
806
-7913
2553
-8603
345
6591
-5128
-6346
-4217
-6985
2972
4468
4243
9010
-1673
-8140
6426
-6687
-1200
-6116
-370
6444
-2872
-2701
4876
-355
5239
7490
-1555
-341
-3048
-2472
1972
-1820
-2411
-2875
5277
-3656
-7208
4880
-4137
4769
-6762
-8372
-6515
-1592
2205
-9807
-9614
-7340
9087
-6692
-8522
9973
9325
127
-95
5435
-497
8326
799
-9250
2837
4604
1766
6177
7713
3371
342
1596
8443
-139
9527
5071
4022
-1655
3428
-8061
-6754
-3623
-3730
420
2478
2680
8871
-564
8715
-1815
-7899
-5460
6064
-1210
1077
-9871
-5263
4676
4772
4343
1656
2715
327
3737
-2214
7307
983
-517
-2430
-4102
149
-8247
4332
3969
-5517
6670
-1425
9545
-4379
9393
4163
4233
257
-3022
995
7165
2439
8089
3385
543
2025
-9522
-7249
-4039
4493
6852
8977
-8975
3303
4201
5218
-9965
-5179
3716
-4743
-5515
-3264
400
-6573
1440
1502
2528
1016
3620
-3696
-8860
8025
-4388
-3051
953
-2148
5078
5168
1804
-2500
-7476
5244
3724
-5845
475
6357
1547
-8607
6987
2673
-3949
407
5850
823
-2798
-7960
8959
-7401
7887
-7766
1951
8060
-2068
3706
-4217
-8421
-6392
5675
-1476
-1120
5536
-2400
-9370
4282
-6622
7710
-188
-7679
-3775
8350
2680
9778
8822
1538
9879
1689
-2279
7679
-8478
9998
-6164
3283
-8047
-7325
-4723
-5489
6930
3935
-4999
-1723
-1967
-7661
-1323
6680
7279
-3709
-7951
9466
-4940
1940
5107
4287
1578
9174
-4330
3012
-9155
-9717
-1901
8904
-7242
3494
-7692
-9653
-603
9554
-9983
-9960
-5002
-8843
5375
6450
-1202
4316
5798
-1848
-530
-6780
-6135
9785
-4110
-756
-8747
-4438
-1097
-6184
-8430
5444
-7618
-846
-891
-3032
8644
-3497
3907
2556
5303
-3041
3123
2141
5281
-5839
-4773
-6285
-7827
-8005
7834
-5942
9193
848
8817
-5045
1486
7684
-8802
-3296
4402
-2059
9687
4718
7903
-1159
-2020
1589
6890
-6941
-6720
8372
8340
6648
7714
-1910
439
-9200
-1581
4965
312
4753
-7502
-8347
-8656
6725
-9389
-5118
-6507
-6184
799
7774
9825
3986
-5923
2538
6411
2895
-15
-9516
-479
5668
3412
-8546
610
-4953
-353
-9695
8243
-4229
-1083
-2084
5382
-9667
-7449
8140
-1181
-1730
-702
-4238
6024
9706
9395
-2664
-2900
-8375
-362
-7216
9564
-8702
3774
-4152
310
9443
1970
-6980
-3330
1944
7016
1138
2477
-8685
1439
5879
3099
-9707
8493
2504
8436
6515
-9868
7729
-7873
5048
3301
1305
3108
8705
8993
3185
6918
2695
-6323
890
372
2687
-1811
7299
-1585
-8643
-1028
-3313
7763
-9015
2867
5786
-5966
4402
2293
8687
5222
-2272
550
-237
3376
7042
-1375
-9708
-1916
-4800
-7355
-7978
1152
5172
-4696
-3524
-7566
4915
6831
3593
4837
-4165
-3602
5953
3410
102
-3321
-8357
-5144
3042
-7910
5307
9764
7979
-9766
-3293
-4383
8946
4055
7903
7954
597
2321
-490
-9559
6137
-5605
9327
-8034
2535
7193
9311
3566
-8148
1546
3182
-5924
-8680
-7474
6747
-9956
-1620
7483
-3869
-6915
7489
3130
3448
-3487
-2570
-4463
4448
3404
1809
1583
1707
4181
-3372
5650
-2781
-5615
-2631
5693
5639
3761
-815
-2761
-9421
-9722
-4890
8347
5412
-4621
4106
2202
3487
2909
3227
3454
-119
-4819
8003
-6013
-2996
6529
-5086
190
-4086
9428
4352
8132
3075
-436
-4832
7804
8084
2799
7874
-7698
-28
4498
-8143
-8476
511
-9044
3081
-8912
-7634
-9162
5658
225
8422
-5540
-250
9863
7150
3010
8691
-2342
8538
-9832
3086
1736
-7156
-4592
7330
-1943
-9189
9017
-2992
-9959
3096
7638
-6931
3104
1356
9264
-3559
-7216
-5141
-1495
-5387
-3138
-6888
7408
-1595
-9961
6612
6576
-2240
7121
3899
2538
1230
5168
3001
-7022
-5681
4740
8952
-40
6833
-5434
-1505
-4323
8212
4432
-7833
-9709
3139
-1642
-6098
4598
-5610
-3469
-4116
-1880
-8179
9249
-7455
8935
-673
-1429
7992
3090
7397
-1003
7409
3502
-9588
-6233
-1346
-5296
6300
-4437
7640
-2258
5007
1547
-1073
8414
2536
1841
1705
9977
-2865
-2979
3807
6620
-9767
8823
-6316
657
-9070
-4679
-2689
3807
7415
8746
5833
-6065
1577
3810
-7527
-8893
3457
-2788
2013
6350
2161
344
7681
-6025
3105
7166
6410
6278
-6222
3869
-7600
2446
8881
-1435
-9654
3212
-5670
-6467
-1553
9567
8249
-7038
4914
-7089
-5507
-9709
6750
-16
-367
-8152
2795
5535
-9181
-2851
8503
3263
-1565
-4951
-6340
8751
4265
6788
443
-2663
-1195
1330
-3591
-7383
3642
-8220
1839
967
7862
-7416
-6478
42
1301
-7700
5929
2528
494
6165
-973
335
9779
-8409
-3174
1004
-6946
-9260
-8957
-4825
1491
-4019
-5273
-3766
2418
6237
-1483
3934
-9437
-6085
4899
6829
-4708
4805
8272
3419
4697
7533
-7398
-6946
1404
9413
-481
-8921
2111
-4805
6266
-4395
-7462
-2383
-2216
-6540
9774
-6256
8051
4653
-3442
7955
-6497
1840
5060
-9646
8973
6439
8388
-640
230
5446
6061
1073
-5878
2002
-8625
-4763
1273
4909
-3475
-2961
-9167
-4843
-1813
7901
4238
3820
-6057
-8711
-1041
-7000
-4269
-4213
2796
-9688
8893
-5920
3407
5900
-4071
4502
-9819
9849
7624
-8820
3035
5005
7420
-5648
-5424
-8549
6702
-9814
-4200
-7387
-2049
7495
1840
6291
-488
1416
-2791
8923
8476
6691
-8001
-8610
4254
1490
-1502
6574
8774
-6522
6046
2341
-4227
9310
5782
-9617
8936
6832
1325
-382
-2636
-3449
9105
5413
4153
4947
-7887
660
-5112
2597
-6232
-5409
-6294
-2214
-6361
5300
1013
1356
1629
-5558
132
-4368
4506
-7786
-6853
7374
7430
-2889
-3224
4366
-3772
-6198
-352
7512
-6827
-5845
-6302
-9003
-4271
3328
549
2721
-2931
9022
-2592
-6654
-3281
1322
7781
7957
5526
-5543
1396
202
-7077
3015
4531
-7201
6911
-1440
-3529
3430
7954
-7574
-3396
-8704
1710
-7596
5425
8520
8386
4649
1096
-319
7292
4199
5203
6415
2345
-5449
2564
-507
2060
5484
-596
4262
5764
3536
-1151
-9469
31
6169
-5049
3967
7767
4746
6116
4939
-120
-3546
-5085
2846
1896
3510
-1989
-2746
9340
5235
-591
-9587
4846
-2372
3157
-8621
-4012
9815
9931
9670
-8644
-8014
8235
-4970
2196
-277
9220
-2430
6596
7323
9767
-1034
7447
8443
-8968
9679
6001
-8926
-4386
-7611
9659
57
2869
-9174
-1361
8871
-6885
7059
-2474
-3977
-1051
-7379
-9638
-1823
3788
2835
-503
-1336
-8076
7973
-952
3291
-4682
4736
1411
7107
6806
7660
-6843
6242
-44
-2921
-2822
-5446
9712
-1646
-4961
3131
1762
-5729
355
502
6134
-1103
9477
-5032
3565
-2149
-3373
6788
-4021
-7921
7872
-8816
-8757
8597
8166
3229
7521
-6622
-6467
4946
-765
7483
-6814
6900
4762
3052
-8795
1192
4251
4222
8270
-1532
-8455
-7632
9683
-4071
-7971
-6738
8700
982
5015
-7981
-3356
-2732
4102
-7120
5502
-9084
8330
-4039
-1955
8268
3807
-9608
4848
-3387
3760
4819
761
5498
7912
-5050
-3334
450
4895
7694
3809
6409
-4644
-3319
-7984
-9706
-3724
6564
-1888
7747
-4327
-2154
-5390
-7234
7903
9087
3841
-6080
-4725
5129
-8980
-8046
-6712
-4014
-2398
-4946
-4241
3124
-1358
9023
-2837
-2859
-9348
-2756
7536
-3168
1319
-261
5984
-6687
-4024
-2686
7592
5154
-5493
1773
5888
-6924
9552
-7088
-7091
-7178
-8419
8783
4718
-2359
993
-7280
2385
-1401
-6493
6549
-5989
-1282
-3345
-7605
-1448
-1285
-3414
7294
561
160
2204
-3604
-9053
8197
6276
6140
-1573
-4122
6966
3188
6629
250
-7714
2394
8105
-3452
9769
-7358
3346
7869
-1470
-9431
4199
5597
5575
-2206
-6195
4928
734
-498
-5150
7721
-6777
3097
6803
-4707
-2024
5151
7030
-1217
-793
7333
-6549
-721
6454
-5658
-728
-8140
-541
3523
-9171
3183
-3038
4501
-9822
6351
-1954
8729
2690
5230
2011
6894
-5066
-9597
6579
-531
-9152
5238
-1929
-287
-1145
7087
70
-7639
-6025
7229
-4399
-1745
-2533
3123
9461
7054
-5596
-2488
6951
3135
833
6066
151
990
-2050
-7163
-6673
9883
105
-7670
-5616
-1393
8795
8488
-663
8848
923
-4374
-7659
-3609
-3526
-3629
9122
1850
6104
-4918
6623
3524
4379
-9709
5806
1785
-7549
-406
-9049
-5643
701
5218
-7725
9867
4172
-1484
1676
-5780
-8503
8557
793
7887
1584
1194
-5009
-8449
-7712
8246
2358
-8426
6450
-7907
-834
6146
-2817
9543
-1015
7331
-3670
-3120
-8178
7571
-1329
437
-4857
8654
4721
-8439
4285
-3943
-3945
3172
8252
5524
7321
262
-9104
-1955
369
7454
867
111
-1945
5865
8408
6675
455
-7207
3766
5810
-2075
-3538
-6502
4733
9502
3997
3723
-8536
-9202
805
1459
-1382
9
6477
4670
9865
-8922
-7436
7198
-1601
3834
-7715
1550
809
5663
9108
587
9331
2531
1563
-774
8766
8995
-8999
-7653
9823
7281
-3672
-3665
8495
7785
3440
2706
-6808
7474
-3229
1413
-8121
5394
8053
-8943
-8666
4966
-8508
4779
-6722
-3744
-6745
-506
3793
1800
-9478
9964
-6626
4659
3276
2497
-1008
-4770
-6451
9896
-8748
9192
4052
3095
8128
-9460
9415
2305
8454
3597
5098
9880
-4405
-9718
9660
-9393
5280
8113
5538
-7540
5400
1318
3773
-1076
-5387
7751
-7401
3464
-7821
-7749
-4657
6617
1236
-2091
-1275
-4815
-1032
907
41
-6474
-5233
470
-3646
212
-8414
-7425
-9213
-2143
3414
3251
535
7793
-1781
-9557
-4364
-5158
-2794
1114
-9952
2326
1904
2688
-6316
7629
3869
-4342
2377
1433
6108
3866
7494
9044
8164
5782
-2362
3772
-9384
8218
-8880
3037
-5030
-9899
-5946
-9684
9721
-5576
2717
5987
-1997
-4496
5268
-8678
-8935
-7529
7870
6310
2786
5862
-8805
1763
5860
-7925
2767
-320
2436
-9728
-8792
4619
759
-2326
-5499
-6609
-8207
1916
-8807
-2047
252
1723
-8403
-9128
8087
-7922
8324
-6376
-9700
-7158
-5546
-5136
-7047
9286
-9842
354
7101
-1428
4077
-799
3661
-7435
-7089
7962
-1939
1236
3272
-6968
-8349
-7103
-6864
-8205
6807
3572
-7686
5911
1442
5692
6293
1284
6080
-8221
-3383
-4237
-1181
-8526
-3488
-1967
-9220
1689
-9323
-257
1602
-8770
153
8312
4744
9320
-1570
-4895
5244
3906
8454
3255
831
-8619
-5077
-6204
9454
-3290
3934
-5616
3050
907
7349
7171
9861
6242
3254
-2421
8054
-8396
-9768
-9262
-941
-5706
2599
3528
2781
-5345
1681
4647
214
-9992
3650
8010
2214
-5866
5387
-92
-2524
-7978
6926
-1697
3929
-4533
-5134
-2318
-8511
-1055
1945
-2693
-5835
8846
-1480
7221
566
-4655
2612
-6858
7587
-5886
-4719
-8988
5526
-8568
-243
-3834
9266
9995
-7654
-2467
1415
-1449
8067
6060
-5004
-3856
5234
-3533
-6652
8578
8902
-9018
132
9084
5485
-9308
7921
-7851
-5263
1176
-2834
883
512
-2011
-8644
-9905
7868
1505
6078
-3877
-7032
8424
-2915
-2838
6656
865
6983
-1354
-5304
-1539
-4078
3768
-4956
-4626
8671
5122
8830
-6990
-4685
5014
-8980
-3204
4685
1225
-4684
2506
6269
-6875
-3015
-6572
-2225
-8582
-5841
2241
-6001
6358
6193
9049
-320
451
9488
8250
-9534
-4581
-3100
-1291
-417
-3138
-7395
-6433
-3115
7677
-8353
-9855
-1230
3521
6334
2984
-926
-2161
5342
-3680
-8137
-115
-465
8345
-6313
7911
-5432
-2845
-5916
4915
-1201
6591
8901
-5740
533
-1753
-4502
6019
-4316
-424
-1629
-6443
-6748
1423
7866
6143
7480
3303
6712
7243
431
-3753
4404
4244
7392
-5190
8230
1897
-9536
-3016
-6275
-7712
6627
9483
-5456
-7470
1412
6278
6899
-3876
788
82
-3513
-3683
5658
8900
-2373
-2232
941
-7057
6784
9375
3785
-1427
6927
8110
-7623
99
-4463
-4219
447
-9741
4041
-6417
-1517
7823
-8894
857
9883
3857
6751
8331
9240
4100
363
7966
-556
-8059
937
-9354
-6993
-6810
2314
6790
-712
1237
-5510
8021
-6786
1094
-2234
-2172
95
-3833
-7024
6198
-6155
705
-7044
804
760
-3517
-8942
-3002
3931
5968
-4741
-9556
8375
-4567
-2867
-4606
5829
3954
2837
-7701
5775
-7808
-2612
995
-3241
960
8501
-7700
-9055
-4306
3126
9226
-8863
-8708
-2648
6361
-707
-2039
-2154
-2324
-7506
-9704
6579
9134
-4735
-8942
1666
2309
5484
-3293
-1752
-1175
8127
-3648
-7799
2068
-9446
1027
8643
-5464
-9797
-9043
-7752
-7738
-351
1071
-2171
-1328
-6867
-4095
2675
667
-8735
6499
-9543
-2923
-9212
3200
8566
-3298
-6162
8189
-6778
2621
2065
-5517
1014
-9417
4055
-5726
1373
-2189
18
1234
-4783
-9484
5945
-1185
4871
-1658
-9062
5374
-7585
2448
-5643
518
7123
4584
1569
-657
-1801
1604
9542
9236
3799
-1738
4553
-3557
3413
3661
-8024
9828
-3966
-9693
7774
5922
335
-5103
2426
-5277
5751
-5522
1334
-7254
6491
-3914
7009
5542
-7803
9033
5957
9178
7564
-2120
-377
8838
-2939
-4604
4948
7148
-3519
796
-5732
-6674
4076
-3208
3243
2940
3835
1069
-4287
2410
-3298
6721
-7309
-1709
-3007
9797
5147
8866
8438
6604
-1966
-2552
2976
2577
1297
-8237
-2093
3784
-2037
5448
5752
1169
7482
8324
5901
-6973
-5063
-9208
7812
-3841
-1598
5807
-8098
-3245
9491
-9755
