835
-1023
299
5522
4257
-6094
780
1101
4201
-2918
-2595
-6393
870
5542
-7843
6207
-8133
7486
2785
-4412
3206
2523
7687
-9816
7583
7986
6209
-3655
5737
-7670
-5685
3020
2845
-6698
-9589
-7929
-6792
5735
-3757
-5895
9689
8751
254
924
3504
-1352
-2392
-8305
-3485
9121
8343
3638
9615
6883
-5341
-3875
4332
-1363
7748
5106
-5256
8474
-1856
7838
4540
-9979
7617
3861
19
1223
-4084
-2471
1191
3910
-4372
9151
4744
6393
-7607
-6997
-8778
2583
-9895
975
-8818
-4173
1920
7615
-9919
4386
6120
-9237
8627
-1585
4874
8256
-4147
-7469
-1982
-2528
2256
-3340
-5298
4
-2811
2894
5353
-9652
-6022
2963
-5757
704
-7312
9666
-7218
1281
-3955
9805
-555
-9226
5658
-2383
173
-2710
2015
-2490
-9856
-128
3265
-8692
5409
-3739
-7720
-2271
4079
8724
2023
-6623
-8987
-1709
-8534
-1476
5247
-2216
7024
-3906
-2155
-7689
1276
-409
4126
-3841
-5619
-5038
4717
-5883
-8738
-8552
-8027
-7911
-1807
-4205
7425
-4592
-7200
-1063
7303
-9247
-2025
1894
-1371
345
-9722
-29
8836
-2970
-1875
9903
-6127
-3425
8255
-6554
2260
6258
8355
-2298
-909
4052
-1010
-3319
1068
4815
9409
7836
9932
3451
5238
-496
-169
-7942
-7688
-8272
6355
110
-3548
-7543
-2735
791
-6788
-3221
1129
-4065
-2768
-3453
5331
-2947
-4234
4289
-7000
3121
-7274
-5164
-3768
4903
-1016
6569
4616
9698
-4537
6127
-484
-6783
-9222
4990
4074
-270
-9133
6099
7455
368
4324
9733
-5135
2317
8368
88
2847
3305
6065
7709
6793
-4028
-3145
-8773
1911
3465
-3287
7650
-6325
-2441
6318
5783
79
-9205
3601
2922
8403
-4649
5668
-2275
7486
8302
-198
-8067
3800
3203
-3489
656
-8738
2929
-9051
4089
-9053
-3522
-7491
-2225
4941
-5887
3051
-1422
-9158
-1130
6678
6521
-1124
-7196
7031
5565
-5118
-3617
-916
4695
3176
-6868
-9175
5495
1775
2382
-9737
-6048
256
9054
1361
-9786
1455
182
-1509
-1517
1350
-9516
-1066
-2410
9261
-1613
1330
8063
-4885
-6706
-9742
812
3378
-7267
1547
8800
8383
149
-7422
-2214
-5535
-2770
-4904
2721
-524
-8187
-9864
-2003
-5764
7377
24
-5333
2708
5233
6615
-4390
-1428
2434
-2850
-1497
-9072
-6375
6614
8698
1319
4557
-4649
-6294
4041
-4226
-3986
-2289
-8525
-1274
-911
6482
9773
5682
-9246
1106
791
694
-9645
-1559
-7963
8319
-3794
1869
-3080
-3289
-1558
2862
-2678
-9098
-9119
329
5276
-1832
-7609
-4582
-6058
4824
8471
6827
6870
-1653
-6045
9505
3451
680
-1512
-2827
-535
4912
-9266
984
9995
9853
4233
-1374
2897
1500
7943
8474
146
-3109
3298
7720
9029
8767
481
-1159
19
31
-2201
-8948
4100
5219
8455
4012
-7455
-6786
-8962
1719
5607
-8388
6335
-8839
-1513
4511
-4240
-5856
-3658
-460
7188
7607
9217
-4564
-3063
3770
-4151
-5503
-7012
3351
-6831
-3838
538
6177
-6088
-7883
601
7341
-5335
9078
-4701
7108
-9433
3574
-3590
-251
-2263
-973
-9184
8069
7052
-316
-1009
1486
-9093
-8295
8389
-8284
-1574
7965
1414
-5505
9577
-5049
183
-2186
4979
6485
-2225
8908
6860
2463
-3670
9882
-523
5263
7012
1649
5944
-8187
-8348
-9916
-1456
-29
-1969
8989
-6567
-7856
1528
-6857
8916
6030
-3774
-3028
-644
-793
-7777
-3725
672
1181
-7436
5071
-7904
9720
-5135
3291
-9244
3758
-1780
6324
2520
-397
1256
-1833
7473
1449
-7598
-4767
-3749
-3905
4869
-1933
1964
-3928
2159
6551
9104
-2391
-242
-898
-5087
9923
4011
-5735
-4468
7118
-8412
-2663
-9339
6288
7430
6357
1235
-6666
-9354
-1888
-891
6050
6122
4986
9443
-4063
7518
-4580
7155
-50
2162
-2125
4460
-948
193
3967
8933
6804
-8001
-3539
9359
6504
-5199
-8890
5909
6260
3843
4092
7246
-4643
9741
6619
-6809
1167
4191
4248
487
6654
-1425
-3844
-107
60
-2680
3605
5882
-9125
7113
-7315
-915
6938
8121
1745
1946
-6833
5187
4776
8244
181
-801
8679
-2986
3482
-2455
-8469
6604
-2710
-4547
-9509
1296
7766
7348
-1443
9064
-6463
-5266
8064
5976
967
-941
-7612
7754
-9868
-4091
504
7052
8202
7583
-2556
-4668
-1600
-9786
-9833
928
-3244
5812
6050
6083
814
-6497
-5323
8541
7601
-1726
-9307
2150
-7817
-8508
-7352
-2961
-3576
-293
3767
1018
-1530
2836
-7093
-4977
3121
5958
-5536
8576
454
6708
9482
-3615
7772
5255
1392
-5417
-4025
895
-6133
3563
900
6420
6261
8130
6742
9780
208
-7478
6391
-7077
-859
-2330
3778
9134
-5493
-1013
6534
-3081
-6035
-2035
4667
1972
-5345
-7307
3439
4064
-7401
-724
-982
-6910
2216
982
8923
7159
-7884
-3177
-9225
582
-4105
2416
-9977
1572
9615
442
-2132
2448
-2740
-322
-6284
3097
-5246
6965
-7196
-7503
7215
388
-5326
-4916
787
224
6483
4714
5281
-2483
-3022
-9884
1016
-7664
4645
3908
1068
-3939
9467
-1402
-4624
-6435
394
6678
-8273
5261
-551
-1649
5146
1004
-7878
-2739
-1444
-2834
1939
-4428
-7046
7083
4733
2198
-523
-4794
-338
1754
9576
-109
6871
-3657
-2571
-7620
-7565
-9078
-3731
-4647
6026
-8713
2347
7863
-6843
-4672
-6744
5068
7748
4923
-7128
-4635
-6644
2836
2549
350
8048
-1351
-9903
-2594
988
-3307
8636
4136
4657
2902
9765
1061
9143
3902
-7113
8101
3156
6460
6931
-8909
-2916
-4564
966
8899
-3337
-6563
7175
3280
6994
2575
9771
-6881
4955
-6921
9047
6212
7807
7875
7037
-813
-7027
6043
1504
-5053
-9272
4951
-5393
-2527
-8341
-5772
4477
-9741
-4580
4322
-7321
3776
-3370
-1987
8081
-4957
5941
-7598
-9066
-6718
-6579
-5448
-4089
4564
-9848
2982
7992
-5196
-2505
5591
1481
-4390
-9527
4572
-7577
2117
4236
-533
-6085
-630
2471
2419
6192
5874
2341
2953
-4825
-6184
-2970
9638
6789
-2221
4984
3904
3197
2895
6685
462
5343
-6925
-3925
3141
9888
-8929
5694
3522
-4027
-996
-9511
5893
-4157
-9139
7840
467
9088
4984
2853
5723
-7472
3656
-8279
-4626
-9754
4185
-1779
9262
-3740
-288
-431
8299
-7926
9817
-1482
7677
1056
-3065
-7777
-4182
-1265
2543
-1045
5750
-7839
-9826
-4495
-8153
1186
1499
-6274
-2725
-983
1397
6487
-2970
5889
749
-493
8306
6055
9213
7181
4260
-5381
8370
-7524
1042
830
3763
-4054
-8510
3887
9616
-7818
7457
8328
-4218
-7140
592
4536
-9198
3521
8445
8475
3591
-2666
4298
3369
2296
8636
5012
-4611
-9673
-4380
5671
-4238
8229
946
5089
-9911
-6035
7046
7311
-6044
-5663
-5707
-3974
-5418
7040
-5158
7295
4018
8161
-3817
2152
-5773
-7511
2129
6669
9402
-7327
-9174
3582
8207
1563
-2553
-7370
-4593
-7130
-6413
-8472
8456
-7735
-4052
-2424
-1868
1268
8385
5223
-7426
-5842
-2705
9750
7763
690
4234
4177
-9631
-2352
3612
-8868
-2282
-7845
6042
1961
4008
-4021
-9168
659
262
7071
-7079
-3845
-8470
4568
7253
-1825
8435
5615
-8411
-7336
-4651
-6038
-5805
-794
3050
1255
2333
-5779
-726
6596
-7978
1191
-3837
-5072
-1870
1600
3494
6351
2507
-1354
-6631
-1804
7672
6017
-5857
-5254
-8230
2396
-1755
-6628
-651
-9987
4683
-9940
-7563
-5088
572
-956
-55
5297
4665
-8004
4234
1966
-565
-5073
8737
-1410
-619
160
2964
3174
6806
8235
9666
-4462
-7379
-9189
3969
7221
7671
5256
1810
199
-9911
278
2856
-9095
6713
-4215
-1575
-9500
-7365
-153
1471
4722
2927
2274
106
2294
4184
8389
8931
-3963
-5792
9732
-9299
-7897
9201
-1615
-9997
-2975
-9192
-2625
-6960
-3628
9047
9427
4771
5877
6678
-2298
9890
-1715
-9349
-7503
-8057
4172
733
9366
-5572
-4469
-3795
4011
5546
-6022
4801
3334
-393
350
-123
-9091
-6239
-1602
41
8909
9729
4443
-8000
-9446
7696
9034
-4917
-216
-7638
5889
-6947
7296
-6979
9154
-455
9915
8161
2371
8000
-9184
614
1317
4238
4375
-2760
1342
-3864
6889
-7593
-6455
9565
-9064
3539
4295
-7675
-8143
8358
-3080
8721
9465
233
8371
-5983
8947
944
-7939
-6577
-2726
6848
-480
4679
-4820
-9265
-7044
-8181
8893
2875
-3948
2033
1904
-4383
3628
-3735
3074
-4883
6039
4783
-5887
-4854
2733
-57
5097
6561
6040
-2105
-8406
-3386
4634
-4099
-9987
2777
-6293
-6526
-3234
8693
-4756
9987
7160
-1379
1977
1395
3561
4651
5318
-2544
-6140
-345
-8930
3615
-8087
6287
-613
-2192
-8600
-5326
7341
3202
-3526
5933
41
7899
-8418
4637
-7957
6813
5342
-7348
-9187
8449
1924
-7788
7148
-2012
-932
-8865
-7926
745
-3303
9882
6071
-3031
8846
-2501
-7670
-6863
-2664
4921
7263
7496
8306
3683
-2743
578
-2411
6253
-7156
6836
1769
-3903
5526
-1002
-5547
-7562
5200
-9301
4201
7650
3613
9925
6119
294
-7123
-3578
-7878
9972
-168
4140
7722
-505
7062
-96
-4278
-9475
3178
3437
3593
9249
-6987
8721
5815
-2158
-3880
608
-6913
7110
-5800
5470
-9935
-4122
-2745
-8125
8139
8649
4195
-5711
3360
4154
-5514
2037
7151
-1523
-5527
-2389
-6164
6228
-9914
9208
9551
7810
-1926
4044
3098
8531
2380
-4858
-7657
7194
1311
-9593
-6243
9888
8226
-7601
6969
-6991
3842
7671
5573
1579
-6472
9790
-9428
-9590
6166
1181
596
3522
6043
9719
8832
-9918
-950
6403
4792
-2378
5158
1080
4966
2316
3432
5157
2812
2879
6231
-1732
6037
5460
-6363
7278
-3230
7310
-8038
6855
1018
-1715
7806
-5125
-4227
-5133
5563
1054
3776
-4731
-681
-6173
-3268
6445
-3938
-5568
-7487
8477
7621
6541
-6472
4465
0
-1283
950
-3652
9382
7302
-9019
-5910
9050
-2551
7650
-1053
4899
2988
3531
-79
-2144
-6024
-2978
5008
2130
-6276
6829
-8249
-4993
-5463
2740
-387
-6942
-2524
-9364
-7986
-5725
-3357
6875
6517
7905
-406
-1714
3162
3787
495
7542
8394
8547
-5377
-3494
2102
-4278
-9728
828
9095
2670
274
-8879
3826
2702
-2540
5319
8313
8702
-3806
8049
-9262
4412
3704
7446
2260
1162
-1150
3124
-9567
6149
-2521
5539
-3526
3915
4269
-1571
6871
-9602
-4302
247
2779
9779
-3793
880
8851
8119
-6656
679
-6638
-6745
-4774
1116
-9349
-2821
261
9603
2806
-1468
-3850
-8431
-6489
5868
8416
8986
-4150
-1930
-8468
-9538
3019
1223
1577
4000
3697
6833
-1617
-9986
8055
-2175
7440
3089
7886
-6582
-4243
3444
-106
764
-2906
-2352
-4012
-3194
-747
-4912
5634
-6838
-5046
-3096
-5284
9153
-5703
5241
1729
3504
-8949
-3687
7733
-1836
-9933
880
-1644
1554
-6913
-5884
-9347
4293
-3864
7414
3251
-2925
-7746
7874
-6012
5394
-8538
-924
-6682
3080
-8666
-1015
7963
-5129
-6075
5098
-2773
8079
-8422
-767
-8668
-5607
-9626
-9981
3228
9885
9141
-1996
4533
95
-762
-8925
8824
303
-1620
7099
-3037
-4430
4312
-5825
-3216
423
7154
-5107
-198
-3125
-1582
5246
1584
6126
9822
-7552
5469
-1250
4174
-8193
6158
-9218
-5812
2602
141
597
-2514
-2819
1747
-4683
3831
-437
-3534
-4577
8967
-5677
199
3770
-120
723
9693
-2457
-6252
4905
-9387
-5039
147
4517
-2209
-4757
3299
-5754
589
2546
-5529
-6485
-3394
4833
-6323
-1249
7076
-1766
-4221
-5670
854
-1283
-4253
3339
-3407
7990
-5329
-5361
-263
-7433
7777
-4265
-2129
-9214
2136
-6840
-4579
-7764
3626
9205
6054
-6359
-4851
-3769
-3294
-434
-4183
-2459
-7677
-6815
-6766
7269
-838
-1297
-9179
-5525
-6995
-7801
-40
8494
541
1233
9395
-4531
-8850
1171
-8630
-7698
-7345
-3959
-1763
7806
8002
-9332
-2849
-6459
9775
-5456
4297
-9640
3331
6062
-6538
-952
-3108
9798
4421
-581
5464
-3613
6741
-3801
9430
-4467
-7517
-3458
784
532
2014
-7893
-6719
1119
4925
-6952
6448
-9082
-2688
563
2642
-6571
-1219
8652
9160
-6907
8227
9810
3503
-1134
9650
9253
3880
5245
7058
2805
4303
9799
-1097
2648
542
-5222
-1541
-517
1064
5152
-2568
-4244
4282
2939
-5567
-4125
9601
-7362
3238
-5621
6677
5221
3021
-1809
-9090
-2394
-7151
-3709
9520
383
-4808
9932
-8050
-105
9039
-1560
292
8043
2861
101
2286
-1532
-1764
-3237
6314
-568
7431
-312
5796
-6959
-9535
2327
2368
-3832
9034
207
-2248
-6471
5790
-9787
2762
2862
3151
8696
-3106
-9125
-9190
-8437
-9670
-993
-7848
5542
-2559
-421
1927
2626
-5347
-3099
-4730
-7482
-9857
5686
-7538
-7193
-7384
1318
5615
-3824
1691
5898
8102
1246
-7023
-4765
1163
7795
4571
8163
-8515
-820
348
862
5272
6588
-8015
226
5882
-5072
-7551
-3834
6288
5430
-8392
4841
-3191
-9387
7317
-5182
-6083
-2805
-8575
9134
5512
5972
2162
-7633
7406
-9242
7081
7595
9702
8733
5049
2129
9054
3107
-9062
9464
-6560
-2842
5084
9509
-2143
3275
9171
-2193
9939
-5230
7775
6002
-6206
-15
-7466
-4931
6451
-8576
3186
4710
-5833
6606
1775
1853
-6082
7768
-7425
5217
5053
9506
4475
-2516
7522
-1029
5924
-1318
-1907
-6136
-4055
273
-9359
-9480
3973
-8980
439
5367
-8277
4085
9847
-4541
-4624
8818
-1675
-1069
9682
5318
-6879
2446
-152
276
-2589
2239
-515
7184
4824
-6925
-9000
-8819
8598
-996
-4360
1613
-2688
2821
-5676
-1077
997
-1117
4509
7950
-5979
-595
-4438
-2366
-6222
-59
8013
1865
6110
436
-4980
-2709
-7084
1364
841
-9304
-6550
-3312
7418
-223
2371
3078
-772
-7457
4949
-8137
-3213
-3652
579
-3211
7891
3711
-2147
-6222
-7423
-5892
6703
3276
-2428
7707
-9163
8019
5667
-4303
-8971
-5018
-8214
7297
-6473
-1258
-2854
5459
-5810
-1701
2118
-3485
-1109
5073
9219
-9457
-5473
-1122
-8750
-8279
8044
8241
6592
-4813
-2446
9729
-7179
748
5971
-537
-4008
3048
6688
-1943
4575
-3086
7144
-28
3572
7327
-151
-6512
-2694
-4502
5896
4958
3796
-3712
8375
-6760
-4694
9200
-9424
4784
9375
-5680
-9487
2214
6385
-3416
-3345
-81
-9908
-8417
5193
5387
-3522
9106
-7515
8255
-3761
-9827
-6841
-558
-8525
76
-7449
-6618
2472
-3926
-5989
-8861
-5510
-9482
7826
-446
-4429
6682
-673
2275
1325
-9450
3058
-5847
-7297
-6948
-9451
5569
-6070
-5550
-1662
-6138
-5183
5756
-8957
2455
6039
-5266
-9903
-3153
-4227
-6408
-4139
-3688
8045
7658
-6513
-7665
1911
8342
6097
-8193
-4667
8038
2965
-5702
-2948
6497
5893
-9458
-46
-9686
-2699
-1780
-3151
-7705
5892
-9764
-8235
-7673
3120
-7852
-9116
-8656
-6864
8380
-5774
2013
1342
-2368
1824
1758
1586
-8371
4120
-7691
-4139
671
3558
-2537
-3678
-5887
-9126
-497
-5796
-6570
-7861
-5468
1144
-5132
-712
-9793
953
-5722
-8083
2976
-3012
-7569
-6905
2655
-9346
5384
2421
6019
-7084
2982
-2968
-6570
-4244
9756
8391
-9134
3607
6589
7863
-314
8729
-2023
7406
-2966
-184
1223
3487
2904
-9222
9590
910
720
-7685
-7673
-1809
-9540
9597
257
5812
112
8875
-2816
-5662
2698
-1880
-9683
-5390
-3380
9815
-1414
3639
-735
6102
-8999
7467
-2584
-5051
627
3909
9181
-3235
9707
2878
-9124
-4409
-9510
-2422
2780
-8157
7357
-7531
-1396
9520
-3034
1135
6659
7175
-1684
-8961
-7354
-1354
3264
-6639
-1391
-470
-1964
2338
7168
-4650
4595
-3289
8933
-8213
-7961
-199
-7635
-5271
-5341
7577
-7969
3116
8565
8274
-2464
9425
-767
-7020
6679
-3991
3264
333
-5197
1619
2601
3312
3382
-7017
1795
7148
-4144
5134
-3164
3387
1147
4320
86
3207
-6579
373
-1349
-636
5907
7173
-8295
4958
-1705
9063
4838
-8505
-7019
-8934
-4937
-240
2436
-3316
-5478
7675
-7642
418
-496
8421
-2490
-2842
6026
2942
-4833
-6321
9829
-137
-8080
6777
-7484
1693
6616
-7821
-6184
1167
-3494
-2742
-7698
9066
-1995
-3869
-4764
5560
1296
4269
-6503
1616
-6891
1797
-1031
5289
9241
-4797
-4807
-5924
-8882
-5264
-9942
5021
546
3970
-1859
3928
7687
-7807
-7421
9883
6358
6399
8301
5264
-6704
4664
97
3201
7955
6174
-8486
6014
-9610
-4592
7032
-6527
-8543
2412
9908
-9707
-6385
-9984
8085
-360
8471
-5297
-1702
-3828
-4987
4748
8261
-1932
7763
6779
-8211
1970
951
-2614
-5109
-1018
-6933
8973
-570
6550
-2407
7318
2273
-7292
2386
-5915
-5466
-4701
9142
-2191
5203
4135
1027
7667
9278
-8818
3867
-6540
9275
4828
1160
9120
-7646
4276
302
9276
1685
6727
5515
-1549
9510
-1536
-4511
4478
-6356
-6733
5911
-6116
-2920
-1641
-7775
5286
-3017
-5158
6808
1385
-4538
9203
-1541
3047
1298
-9942
3920
-4246
-159
5705
8257
-9813
-9249
7337
-4639
-9904
-8073
2859
4226
1197
5071
7591
-7094
7203
4087
-3746
8091
-4254
6819
4477
4180
-6223
-1728
6740
5791
-4439
7505
2211
2781
-5020
-3625
1244
-3979
-3082
-8625
-4824
-7074
7106
-9205
-922
1042
-9166
-7227
2404
5578
9394
-6356
3668
2998
4280
9513
-6140
-2789
9964
5719
9082
1013
7804
-2774
3768
7716
-2763
-7754
-1646
-7323
-1788
4093
-3024
2583
-4627
9335
4372
8916
-1410
8014
4862
-671
3110
-3889
-8749
539
-5855
9337
-8731
6640
6635
-2653
3389
-6731
6421
-4651
5661
4193
-7662
6940
1775
4089
6127
-9286
-7057
1065
-6033
-4001
3334
7877
-6120
6182
-496
5239
9315
-6993
-3784
1754
-4399
-3086
9742
-3813
-8351
-9716
-8969
-3106
2362
-5728
-7365
6719
8426
-3057
-9926
4184
7315
6715
3466
8989
3017
-7855
-6524
-5160
-8931
-5390
7790
3129
5035
-8717
7587
7381
-7551
4514
-7274
-2863
2497
3214
-5508
3261
5915
6477
5641
9112
8088
-7649
7973
8596
-9247
606
8058
-3389
-3354
-9573
-2176
-3327
4179
3251
6869
490
5785
-5371
-1172
-5972
-9052
-4929
-5409
5733
-6582
-9070
9205
8169
-8580
9594
-202
538
-47
5601
7072
9034
-601
3560
-2004
5001
4386
8006
1645
-6892
-946
1894
-7228
7251
-2751
874
-2647
7150
-9519
2513
259
8743
-3232
1790
-855
9848
5514
3229
1405
-6538
3681
559
5022
-6149
-227
-2475
7502
-1406
-9204
-835
5982
-9174
-5569
7092
248
-9248
3590
8055
-7620
-2948
7964
1154
6873
-5242
8684
6220
794
3650
9584
1392
4047
-6671
-9042
-8957
-2127
-3558
-6913
-7681
-7702
3391
-2436
7287
5567
6235
5605
9915
9306
-2172
9317
-6615
780
-9539
4197
-8799
-2075
4663
-7875
5455
-1305
-7537
25
1505
-9542
-2559
9308
9043
429
1223
-5680
-3199
7821
-6156
6784
-4189
6592
6031
9291
-9709
1689
-5597
8197
8216
9653
-831
-3077
8785
-5208
-8140
-3236
8614
8687
-1169
-500
9855
5094
-9580
-724
6974
8358
-7798
6802
-261
-3548
1767
-4230
4932
8261
-7251
-2850
-5975
2308
-2553
307
413
-4813
3394
5899
-6229
8936
-1395
2146
-9868
5262
5010
-5287
-9526
-909
-9346
-5427
-839
-6714
-7235
9210
-6321
-6076
-2084
-4433
9591
3684
-5902
5276
1873
8702
1325
401
-6734
8026
7920
-1237
-7401
7938
-9624
-3250
-6592
6700
7638
1173
7119
-4082
-313
-9910
5822
5102
7180
-4654
5083
-5072
4176
-4060
-3734
-4311
7100
-5458
-5445
-2924
-3845
3923
-8349
1566
-9275
-5052
4978
3553
-3593
-2848
-2555
3895
-6207
-237
-5828
2906
-2675
5934
4220
8620
5145
-8533
7726
8501
-7728
1745
9129
-3414
6883
331
4289
6889
-1450
7303
2988
-5690
8387
-8720
5732
6911
-4591
7517
-8096
7117
8941
351
9094
3639
8468
6149
3818
6526
-7436
1775
-5632
-8682
-6534
1903
-5358
-3507
7465
7866
6229
3586
-4055
-7863
-7873
6463
6910
-67
-4533
8228
-88
-3898
8115
-7077
-9683
-9815
2005
-7486
4406
-7596
3774
-6544
8545
1165
5744
1875
4702
-6401
1741
845
-691
-5840
7889
-3028
-967
4577
2199
5560
6058
1848
7682
1956
-8180
1098
-5169
-1256
9579
9683
-8789
-8565
1501
5298
-3518
-9031
-941
8902
1066
6408
-3948
4149
-7747
83
-9961
6436
3890
-5605
-8305
2902
-806
3725
-8141
-570
-3739
3826
-4747
-2689
-3715
5972
2343
6825
-4875
-3670
9359
-6861
-7926
-5129
2677
-5653
4189
-5161
2010
9447
-9832
-411
4303
-8081
3486
2311
-3230
8731
-4162
3493
6515
-4117
-2363
-9054
2169
-1997
9300
8530
3014
-9886
4785
9948
3024
-9214
3892
-877
-6425
4287
-3417
1998
-965
1195
4963
8252
7244
-5667
3162
2423
7984
8780
-8648
2395
7389
-7571
6485
1163
652
-2425
-1762
-7286
-8342
-2345
-6970
-7077
9958
872
5036
-9113
-2338
7836
-2785
5732
-6200
5032
-4922
1963
1765
-7479
5441
7676
-1705
-4635
-5183
8809
-7953
-120
-900
-7696
-1155
-1558
-3240
-572
7681
5328
8363
5625
3045
-9962
2439
-4170
-2787
192
463
-5855
4881
2172
2495
-955
-4761
7574
-3657
-4841
-2399
7466
-9316
7529
-6637
-5157
5243
-3078
-9254
5622
9710
-8505
-1398
-3375
-9879
1215
-7244
-4607
-133
-9319
2279
-5827
4338
1797
-2279
-5645
-1207
-7538
5080
5470
-7090
7800
-9189
-13
608
6615
-4551
-1085
-9976
7837
8127
-2342
-1200
4959
269
-6185
-2559
-5080
3428
-1508
-7244
1999
8499
-8815
4383
-3595
2874
8896
4484
-9640
6763
8420
-9438
3396
7983
-9647
-822
-1443
6216
540
-9327
-5444
4071
6376
1011
-1575
-3046
7453
-5489
6157
-9369
7873
-4632
5932
8151
1647
8416
1050
-9031
7250
3706
5796
3287
1896
2099
6793
4791
6133
6899
2652
4856
5136
-9910
7298
-4362
7341
-371
6298
-1177
-6186
612
-3695
-2091
-7594
5357
-1633
-1469
6529
-946
-7082
7019
6961
-4355
8830
-471
-3105
1947
5611
-9857
2855
-3368
8100
-8741
-1880
7068
6994
6204
-2581
3680
9429
-1118
-8897
-1337
-4305
-9125
8977
1314
-2943
8002
66
-1516
-6611
-6620
8030
2163
-9774
-9759
9599
-3971
-4820
-502
6964
3993
-6281
-6158
-1258
5950
-5639
8648
-6164
-4262
3476
-7781
-8107
4958
8355
6696
-5748
-9851
8741
-4799
6049
8032
3868
5536
-6430
-3160
-6200
-5389
374
-2773
2943
-1228
8561
1538
-1553
3727
-5917
-4236
-9202
10000
330
-8550
8598
-6213
-4394
-4814
1110
-4427
2967
-1903
1540
3373
-4185
-2497
8001
2660
1030
4392
9864
-9622
-9850
-2827
-5145
7870
-9151
3296
2624
384
4692
-4544
-5671
-726
5125
6367
-6146
2254
-9948
3398
-7369
2286
3141
-437
761
-8648
-7214
-8207
-6733
-9001
-48
-6601
2052
1222
-7996
-1170
7699
-77
-1946
9407
-2818
-1440
1977
81
5116
-2443
-5503
-8288
4640
6392
8970
1723
-7755
-6295
1289
-1115
-6186
-4013
-2540
-3798
4375
4257
-8000
-3111
925
-2580
-4352
6457
-4123
-2832
-9033
-5415
-9968
-5385
6675
-6250
7612
967
-8302
-8783
-3709
367
8694
-9853
-6768
-1460
4397
1137
-9344
8219
-9762
3148
4277
-1385
-2223
1122
7340
-1663
2903
-1848
-424
-7060
3293
7202
7589
6532
-5553
-8452
-8201
8200
9775
-1807
-5468
-9122
-6895
-989
4661
-6675
1891
-3757
1426
-7472
-7632
4675
-6752
-3250
3507
-4756
-9627
2985
8917
-1332
7110
6622
-1483
6033
5818
4068
1182
-7213
1244
1380
-7290
-7228
-5114
4879
-1674
-5973
-2579
-868
6832
-2220
-1909
2510
9233
6411
8286
7780
-872
-2618
-9844
-5436
3261
-4317
8311
4598
8986
-1715
27
-5916
1408
5318
-2159
1096
-4242
-3020
-7584
-6274
4753
-5821
5412
3178
-5324
7627
-7178
5903
-8222
6017
9914
-7611
5864
567
-5485
3898
8792
6429
2638
-6572
-8545
6806
-2920
7661
820
-6827
-522
4026
-1681
5014
2804
4023
3440
-2009
2425
-7655
911
2094
-9427
5594
-4076
9797
-6463
-5321
7622
6006
-1471
-35
7753
6735
9633
-6460
-9342
-7826
-6867
4910
7588
-410
-3169
-1790
1571
8608
7523
741
-1190
3025
-7278
6719
900
-5193
-5767
-6568
6834
-9094
1928
3260
5415
6989
4421
2433
7214
-5807
-4846
1150
-9025
-1367
-2413
6788
1804
4293
4777
9829
5273
-2696
-4296
-9361
-4858
-7907
2717
-5360
-5983
6506
8761
-3407
5883
-2512
-6762
-6869
-9028
8615
-2734
-9401
-2600
-8301
-4427
7619
-7702
7065
-6233
4732
-3072
-2849
4495
5768
2102
-3277
-8853
3185
-997
-2312
-7433
1434
-6499
2535
-5746
1434
-294
-3234
-5408
-9105
9199
546
-6608
-5529
-4616
-9294
-4518
2215
-4796
-2014
3997
6846
1665
6348
-695
6691
-6813
5983
8290
853
-9288
4680
5545
-4502
1594
5255
-9380
-3373
9817
-4273
6564
-6574
7616
393
1820
-3008
-8290
-6329
6364
-4004
-5386
2941
9731
-783
-8523
8982
-4404
5848
-4904
-9409
2387
8337
667
9491
-2962
7191
8361
-8311
8482
-9265
5205
9154
-2590
-4177
9846
7920
-4681
1616
7236
9618
9794
-350
-6035
-3822
-7951
-6862
9607
3971
-6901
-9821
-8252
-7510
6718
-4697
3045
5792
4384
-3068
-8301
182
-8749
-6250
-8233
462
7729
-3385
-2291
-5649
4701
-3973
-8544
3402
2926
-1474
6718
-335
419
5616
-3225
3142
2191
3157
6144
838
-5359
733
6287
2289
-4485
5065
-5345
-4980
77
6513
-3142
-3049
4294
-3745
-7531
9804
6482
-8638
-3892
-4059
-2271
-4461
7329
-7508
-9614
-1814
3529
-2793
-4152
5938
1939
5269
104
7042
-3760
-6439
3322
-3734
-5037
-1825
-42
8661
-8551
-2935
-9603
117
-1521
5355
-3500
-7730
-3925
-6204
4645
6159
-2509
6288
-9454
-9570
2084
3663
3565
7907
-1224
2418
6425
-6232
1409
9584
-1375
7598
1318
-1327
-6935
1496
-3912
3660
1033
6825
-4557
6732
-3820
-8476
5751
4358
-7457
7731
6406
-6817
7395
-9139
-5273
3516
-4555
1097
7495
-9
-7523
7020
740
-1681
8278
-257
2626
-8356
4943
4152
-7653
-4738
6318
-2367
-7895
9421
6175
4114
-2414
250
-3603
-7714
2132
9129
-1507
830
9493
5664
7135
3433
3808
7412
645
5877
1326
-42
4907
-5268
-674
7279
-3503
-6201
5246
9352
-3509
8152
-7370
2116
-1074
3831
5069
6720
5763
-6225
5401
-485
-9619
-6638
-5712
3768
-7789
6181
4584
-2943
2404
-4313
-929
-8044
-701
1588
6353
9455
8703
-7374
5694
-6947
2465
-5314
3845
9598
-2397
6249
8646
9864
323
8759
4918
-2100
-9000
-4999
8246
-8004
-376
5019
2442
6843
-5116
-2149
5915
1090
1158
-6848
4252
-7021
-8093
4555
-52
-8781
-7751
-4688
5667
-6745
7651
1700
5954
7507
-2067
3643
4727
5896
-3460
-3910
-9604
6505
-3810
1386
7706
-4201
-9910
-757
5729
-1817
-3567
6470
518
765
-6158
1011
7628
3602
-773
-7929
-3052
5191
2315
545
-7616
-8931
851
-5310
7542
6544
3913
1573
-6323
-6366
1561
4565
250
7308
-4270
-6203
6958
-8000
-683
-1068
-7694
-5888
-2184
-3950
8946
-2131
9275
303
494
7871
7574
-3481
3704
-3799
-7754
-3639
-597
3564
7970
9630
-7467
9458
2641
6301
6128
-8792
-2591
4718
-6642
9363
9685
-4669
-9539
5854
9881
6729
8257
6052
3959
-8235
1327
-5409
9207
898
-252
3040
-1216
-722
7550
1277
4457
9265
-274
-7489
-7123
-8668
-4354
832
5103
-7605
-7101
-1753
-8846
-9184
4514
9257
4699
-1681
-326
-8987
-7570
5902
4561
3634
-5655
-414
9576
-945
-8622
-9080
-8796
-5265
341
4685
-8205
868
-7906
1685
-1736
1462
6395
-3104
-7921
-2991
2404
250
-4610
6203
1439
2736
1583
5236
-809
-6786
-5062
-2140
-3510
6939
-5472
1995
8726
-398
-7957
9922
4498
-4756
-5850
-5397
9989
-9450
-263
2952
1238
4339
-1079
1455
-3683
528
-5068
2054
-3234
1475
9212
-500
5794
4808
9988
8196
9369
7048
7646
8789
9553
173
-3370
8968
7585
-8337
6137
-7834
1181
4886
9364
1938
-512
6592
-6404
9324
6084
-951
278
7433
-2509
-3066
-4037
4285
9591
6105
-5520
-504
-5910
8536
-2619
-7055
9711
9574
1582
-4159
-3357
-7963
3974
-7625
604
4324
-2109
-8105
-6939
680
-9512
1146
9377
4391
9602
2501
-3791
-5205
8243
2396
-2034
-6210
-8026
-6076
-2884
-6474
-2382
-6105
5552
-497
-7649
5074
4065
-4692
1366
-1198
-6392
5753
-6038
-2200
7338
7473
-6044
-9423
4701
6588
7418
-617
6268
2995
-5186
-9426
858
-6413
-5153
-2809
-7599
-5138
9699
-3053
6409
9833
-5071
-5835
6853
-6063
-5848
-4998
8029
7935
-6497
8158
4483
-9221
2036
7628
9701
9887
8443
-9136
273
-4571
1136
4601
4630
816
158
4939
4403
8915
8329
1362
8818
-4311
-2992
9566
-5641
-600
-587
6000
61
2424
3801
-9354
1041
-4430
-381
-7087
-8126
2014
-361
-1415
9098
9291
-6841
-8695
-8914
-994
2871
5423
432
-56
6390
-963
-3918
2505
5216
-7360
9558
-5073
6075
8638
9657
-4740
-8647
-9265
6138
3904
9161
7581
2603
9450
-25
3042
4966
-4449
4658
1348
134
-5477
-7122
4122
7218
9003
-2357
2596
-6811
9133
-7684
677
-421
-7500
9810
-5698
-6371
2756
-4281
6524
1634
7557
2131
5476
756
-8627
-2455
-5629
1262
-8632
-315
-1902
-9566
5538
-9652
2024
-7345
7293
-277
158
4024
-4960
-3974
411
-9146
-9954
2907
9618
-8808
-2322
177
-8080
-8720
3223
3745
9453
-1161
4927
-3127
-1299
-8910
1667
3097
-7456
6146
-9566
378
1134
4906
-4211
3170
-6103
-5900
6883
5015
9106
-8956
-1658
5762
-9133
9417
-3079
8328
8621
-3421
-6138
8956
8970
-1164
-1178
6527
-4914
-5711
3579
-1765
-7782
5069
6913
-168
-3247
-1466
-9036
-1337
5013
-3276
2051
-6032
6014
4002
-2923
-2535
1326
8359
-8449
-5136
6569
-4874
-8638
-1966
1943
-5064
1967
-6500
-5818
-8246
7036
1491
-4897
-4818
3562
-125
824
-9721
-4937
6975
9785
3357
3247
-692
-230
-8554
4423
-2932
-3259
8279
4829
938
5207
9210
-9440
-150
-864
-6929
9782
8829
-3505
-5520
-6664
940
4065
1696
2967
5431
9539
-8375
7049
-558
8282
-6737
-2418
-1262
4708
-9382
361
-439
-6907
6136
6019
-2925
-5630
-4134
-6974
-2156
-7489
-6828
-7929
3376
-9477
9089
-8251
-1971
-7671
-31
-4072
-7974
-3787
947
5012
961
2834
-2913
-3214
-9432
4079
-1565
-5511
-3502
8171
-6256
-6099
1575
2104
2782
7727
-7811
7909
7497
-2089
-430
1684
7040
2376
8719
9452
2084
-3544
9388
-6830
-6982
-3995
337
7757
-297
-3203
286
634
2681
7466
5886
-1470
2081
-3649
-9945
6782
174
-8164
-3013
3791
8591
3056
2689
9899
-8513
3701
7911
-9674
4142
751
-1669
-8458
9308
-3744
1723
7875
791
7658
9892
-3735
8122
6698
-7925
-6920
491
9677
9922
4608
4382
-8162
4882
6819
9395
-4347
-5115
7140
1871
-1216
6275
2450
9530
1163
4903
-400
-9250
-369
9079
1465
-7647
9350
-6175
5277
-8183
-6447
7823
8598
5763
7701
7611
-1042
3201
7839
4752
-2969
3686
6997
-3357
1668
6039
-8152
502
-9032
5644
-323
4656
-6518
6931
9762
-1003
7779
8039
-7597
3715
8046
1047
9907
9266
160
-4287
-4074
4023
9866
-4859
6047
9932
3997
8696
-6965
-7623
-6291
7513
-3951
-1180
6855
8302
6468
8837
5915
-7597
-217
6381
-2988
277
1463
7273
8725
4486
-274
2983
9734
-3569
-3515
3969
-1307
-4622
-5990
-8939
-6454
4801
-8976
-7363
-4810
-4983
3358
4480
-4369
774
2891
7935
-2076
6556
2495
6729
1776
-8064
-6366
-8340
-4384
9136
9412
-8277
-1063
-5933
482
245
-2074
-5027
-6972
-4717
-2689
-2986
2689
-3549
-7246
-7031
-3475
2551
-6845
-7076
8351
-9813
3428
-3528
145
-6283
-1995
115
-3462
225
-8771
-3603
1243
9406
-4889
469
-6919
-4610
-6638
4427
-4107
-8061
-7150
-5036
3865
5726
4040
-1948
2045
-3699
-3797
-8320
-8504
-650
8016
-3816
-9131
-5738
-9404
4141
-4420
-6950
4501
-2487
3164
4103
3575
-5504
-7215
-2598
5229
-6902
3850
940
-3404
-5003
-2664
7753
4940
8588
7586
-8429
-6517
-2978
-9740
-8085
4066
-6779
6484
-6662
-4318
3925
