9493
-8891
-4043
9093
-8221
1602
-7055
-5363
-4863
-7300
-937
-8818
6201
-438
1418
7551
-8158
9522
-2857
3730
1538
5685
-2812
9986
897
-8302
-8283
-5679
8401
-2391
-7916
8827
-2005
1295
6199
170
6458
9202
3503
-2169
8411
2130
3439
2429
-2864
6867
3581
-5209
749
-257
5910
-4124
6874
6567
-6955
2921
-6335
-7092
9714
-3010
710
2502
-4256
-6573
5257
-930
6172
-2418
8025
6701
-1149
3543
-2953
-6494
7997
-3814
-1553
-7806
538
-699
4134
-5826
831
542
-2013
-8561
-1975
9736
-7199
5094
9641
6377
8971
2261
-7147
-883
-3617
3736
7989
-4726
-7417
9623
324
2452
9465
-2047
9586
-3226
5653
-9317
6951
-9753
-5264
1419
-5808
8737
-5678
-144
867
495
-2935
-5215
-5240
-8338
-9222
5676
-4686
7478
1642
1674
-491
5748
5482
2628
-6705
8909
-3187
5535
-183
1856
1450
6564
4197
-9900
1285
-4888
9196
-8556
-1469
-9508
-7791
1940
4119
7280
347
7702
6690
-5023
-6220
-1245
6890
-3736
-2798
4670
-8689
129
-9030
4744
-8869
-4366
-2898
-8956
-7431
171
3922
-9105
-528
-2309
-6867
-837
3757
-4266
9731
286
6120
4965
-983
-426
-5873
746
6286
2581
7580
-6125
8852
5589
271
412
-9646
-5738
3573
3907
-951
-7950
-4303
-2683
-5149
9726
-5177
5374
3523
3458
6857
5493
-8460
-409
7078
9923
1207
4394
7613
-3033
2959
-3423
-9645
8403
126
-4846
-4619
-7180
-2709
-9016
-9240
579
-7472
8790
6312
-908
4665
-5572
-298
-3614
-5869
-1713
-2411
2307
2307
3384
-1121
-7186
5676
-7237
9597
1128
-5213
4489
-4381
-4104
-1220
3379
-6544
-5637
8315
-9894
5329
4598
-3262
4257
-8974
9705
-9246
1660
9124
-8617
8785
541
2437
7181
-8744
2641
-1105
5056
2233
2528
-9932
1709
9258
-9067
896
2147
4870
-2223
9534
-4239
-1036
-1728
763
-3105
-9258
-5239
-1766
2411
9242
-1526
-2256
-5768
-3646
7493
6392
4624
320
-2754
921
-7547
-3406
528
1106
2227
8307
-9751
2413
8244
-5616
9553
5263
-3004
5716
7653
5040
6981
8771
7661
5084
8203
-3246
-6628
-7684
5734
-5704
9201
-1604
5897
-4898
6115
6984
214
-7227
4207
7991
-7388
7420
-6124
-5713
8089
-413
8268
-1845
4192
8429
3266
-6274
8140
-2038
-3786
6480
6343
1748
-4361
-3960
-2588
4300
-3110
4289
-4472
-8760
-397
-2779
-9755
-5379
2487
-1573
-264
-1387
-9275
-7241
951
-1711
-1359
1166
-6088
6049
7833
-2712
-3924
-3273
-335
8821
3332
-7800
-9861
-1327
6853
673
-41
-5027
-3197
7408
8085
3904
-159
5064
-6375
8351
-8001
-1046
-9391
1676
1480
2581
-3413
9770
8520
-740
-7459
2392
-5891
1511
5369
-954
-6408
6630
2802
-3043
9864
-6472
-2468
-3347
5431
-1267
-9883
4920
-1584
-5064
4957
-1153
1037
3310
8930
9805
3628
-635
7763
6076
9058
8209
-7072
9854
3227
-4891
-7710
2757
7525
-7194
6062
-4433
2905
4504
-2122
-94
-2573
451
-8085
573
-5171
2144
-2471
4995
4934
-8330
-3877
-5177
-3445
-9538
5336
-5065
-5251
3054
-4719
6720
-8553
6198
-8362
1713
9756
9936
7585
-3396
8896
5938
-1409
8092
-4356
-2874
-3679
6736
1466
5432
-8617
5804
7149
-8126
1919
-9341
-9885
-9147
-7734
6797
1416
3903
-1160
-8165
-1548
-8220
-3382
8492
7810
-9064
-8795
1783
-2284
-5771
-5772
5627
2100
-6624
-182
6793
1841
4550
-5484
1227
-5515
-7215
-9598
-7177
-9553
9511
7821
2665
8122
3044
-8345
4990
4371
-7957
5973
-7776
4878
4670
1657
-8263
1666
1916
6440
-8862
-879
2279
-4501
7368
-8009
4715
-5939
-2525
1642
-8127
-5536
-7050
-2458
988
7016
2388
-6552
9461
-7210
-3259
-9548
-6492
-8857
7530
4043
-6433
-5190
3682
7127
4541
-2681
-115
8306
6535
-4134
-2015
-6724
-4041
-8551
-2955
-1972
-3819
-9867
-8584
-7533
-3810
-3445
8321
-5623
9148
-4538
2398
-6476
-4602
702
6778
-3872
6848
-6151
-1434
-2082
8889
-6923
2875
-6364
2855
-4667
-7067
-487
-6801
-9020
9483
-453
4094
1856
9907
-197
-690
-4517
-422
-338
2638
-8604
-1778
-1234
-4071
-4750
4366
198
931
2478
2737
8011
1702
-1965
-7047
4211
-8971
2319
4123
5055
-141
6164
-1030
-3969
7407
-2016
-5706
-103
-8054
3831
-7350
-9498
5696
-7242
155
6775
-8948
-9944
-1256
-6718
-4634
6878
7372
-8889
-4674
-4433
-2936
-4137
-9344
9787
1435
-269
5347
7290
1308
3170
-4322
-5749
-1523
3327
-712
6696
9102
7700
-3606
2406
-1176
9379
2664
8052
9658
6877
9676
-8969
-7133
-6706
5876
8858
-9846
1293
2919
2370
-3738
-7793
-1756
-8301
6610
6383
8480
-535
-4638
9187
-3022
4438
-6335
7265
9929
-8894
-4257
-318
5810
694
3658
-4320
704
8941
5390
9000
3735
-3337
2080
-2750
-6657
7778
9486
-3785
-9341
-7810
8434
1170
-3300
2129
-160
9165
-1347
2155
3225
8310
102
-8108
-647
4360
-6599
6248
319
3259
4132
4920
-5265
3368
-9792
1468
-1097
6240
-5614
-9268
-2549
-708
-9229
8838
5278
-3542
5349
4237
940
-6135
-4388
7305
4518
-2183
7557
-7901
-2843
-7423
-2381
-3189
-7672
-7344
-8179
6045
-5330
-3223
4472
5893
6111
-6686
-2210
5228
8193
-9981
1297
9800
-4438
-9428
9086
1607
-7934
4368
111
3334
-7998
-2224
-827
-8142
-9143
2646
-9098
4214
9094
6488
-6064
-2988
3916
6920
-5617
6720
4272
9505
-5100
-804
2404
9251
-5325
8703
9127
6100
7935
-5390
728
-6624
-9704
-6580
936
3846
-6711
5449
-7631
-1173
3894
-1710
-1569
-6376
2200
-1591
1271
-6015
1566
-7319
1527
2973
-3312
6950
1918
9781
3618
5950
7823
-8593
-9133
4035
1690
8346
-8349
1567
1810
2496
2799
4308
1875
8083
5653
803
-5980
6777
-690
3638
6283
-9773
-841
2779
9275
-1996
9615
-7186
6717
-197
6866
6816
9054
-4530
7896
-8646
6090
6887
-6362
-7332
-2557
2011
3149
3929
1494
2149
1590
1416
-2070
2009
-7096
9770
-673
-7377
512
-4634
6802
-9707
-2329
-8243
8166
-955
1277
-1931
-1233
-2079
-9312
8523
-8447
-5278
2540
-5544
1551
3250
-4834
9471
3430
-3013
-9664
459
-377
-6209
4573
7061
-4748
2156
2340
-2526
-3955
7220
-4874
7413
3655
-5015
-5753
9844
-4990
8313
-5824
4490
4954
5823
-5366
6130
-3971
5493
5557
-1629
6097
3714
-3599
1057
-1491
-8361
1919
3556
141
-9173
5124
-2762
7611
6518
852
-2263
-6284
1572
2827
-5571
9831
-6490
3892
-5574
-1495
9301
3397
-192
-3468
-9074
-8829
4758
7625
-5358
6775
6050
1992
8181
5597
5849
3610
1449
9040
1700
-586
-2355
1808
-9014
280
-216
-2212
-9230
1722
3758
202
-2946
260
-5927
-7370
-9224
-5698
9780
-9953
-958
-7095
5943
7107
-8806
9925
4443
4761
-2322
-4770
-5975
2446
8737
-6738
-1588
-4147
4825
-4436
5414
7379
-4247
-2651
581
574
4116
1064
-4438
-2402
-4590
8720
-5793
7611
539
6235
1372
-5791
-1412
1275
-878
4401
-6489
681
2390
-9283
-480
5359
4175
-7534
-9601
-7767
-6120
5135
-1986
5922
5210
-3324
-9143
1476
7875
-1573
3071
5203
-7900
7981
5970
-5631
-4494
9870
-2007
967
2163
-4455
-24
4188
-8200
-895
-1824
-1076
-5051
9109
6006
9787
5390
-5354
7946
7665
-1811
-4904
-472
-4908
6761
6534
1012
4302
2659
-8681
5901
5301
-7293
7085
-2149
5756
8279
7813
-3768
5129
839
7004
-3481
4326
1203
-8024
1507
-614
6769
9498
-8856
-1142
-2266
1609
-1928
-4000
-2316
-9387
7408
-2045
-9084
-3748
5757
9358
3033
-4831
4375
-911
4493
2344
-3844
-894
-6121
-3707
3965
-201
6282
-7875
4389
-6401
-7989
-4876
-3484
-6341
557
-3948
7184
7414
7698
9942
9933
4438
2410
6493
-9237
949
-895
-886
-8681
-4425
-3737
-7246
6744
-2191
-8160
-9430
-9411
168
881
-401
-2102
3571
-786
-8074
-1173
-5297
-1451
-1525
-4401
-6677
6368
-8629
2866
1090
-3151
5584
2825
-8300
4901
7706
9341
2013
802
-3397
-5452
-8710
1450
-3685
9210
-6454
-2035
-5823
4249
294
-4654
-3334
6952
-3578
-5370
3094
-1954
-6906
6852
3255
4872
2368
-9253
3217
2400
-1451
-830
853
-8986
1655
-6166
5284
4763
4167
5391
4348
819
1855
-3950
-7947
389
5467
9967
-2037
1894
4097
-7680
-312
-2694
-4638
-7797
-9951
-1358
6976
6210
-7609
-8787
-2730
-9010
7329
5204
-3810
-9520
3422
7748
7061
-5472
-671
3304
4937
-7505
-2849
8718
-6412
-1154
-9228
-7511
-6980
5562
-9556
8490
-8051
-5543
8243
-5399
-4736
-1991
1483
-6786
6898
5993
-5366
4871
-8578
5925
-8192
-8263
2830
-1416
8771
-3611
4262
-1852
8154
-3233
-346
1854
7120
9898
-8670
-6979
9284
59
-7017
-3757
-2974
-5497
929
5679
-4775
-4760
-6076
-2657
-1385
6817
-3849
-3543
4438
-7564
-4319
-8729
7578
9116
-8765
-4464
-9011
-8942
365
-4419
-3487
1964
-9460
-7476
8292
6003
-667
-9040
2772
-4980
-9612
8471
-7709
3327
3504
-2014
-7109
-6636
-6997
-2901
-6752
5546
-3286
344
-3416
3524
-7992
-277
-6629
4121
280
-6004
-3261
-8095
2616
-7952
2954
-8876
-352
-4142
9587
-5545
3354
-2810
7648
9132
-2003
-5147
-4630
-4463
-8482
-4841
-7990
5232
-2632
-2666
-1549
9818
5376
7050
-3169
-9673
6600
-6332
291
1911
9087
-4095
-955
-6458
-7333
-3058
-9444
8107
8315
-6906
-1900
-797
-5921
-1612
1257
-3254
-9669
-5512
7833
-6611
-6061
1266
-5378
-2076
-1545
-5603
6846
1136
-2537
-2257
-2751
-2346
-5961
-7615
9487
7679
1342
-5782
6431
2046
-2952
-4699
-1718
-2906
131
2480
1405
3161
-4777
9287
-8152
3959
7228
-5708
4546
-9941
-2780
9757
60
9971
-4001
-2492
-6223
-6631
3107
6717
-4398
6093
-3233
-6894
1864
1370
4046
6627
-7022
-1560
3852
-6152
-3931
-3732
9238
5124
7503
4033
-9878
8847
-4575
-4417
1704
-9066
-9715
2031
9256
7836
7364
7509
-2910
-3043
9928
-4062
-7884
3710
4079
7938
-4906
1383
-538
731
-7566
-9777
4407
1172
9094
6950
-1536
-4770
-4650
7199
-442
1994
1353
-2421
-6797
-4349
-2308
-5073
2758
-4140
-6984
-9525
3763
7010
3795
-680
1978
-8006
-7914
-7240
2199
7228
3489
7853
3131
-4648
-3170
-5507
-4945
3753
7165
5982
5441
7561
603
-826
-2514
-3630
-781
5410
916
-6331
-2736
-7129
2468
-4771
-2256
2769
-8804
8895
-5389
-1080
-7714
-7014
6834
-3129
1645
15
1063
-2723
-5604
-4039
6665
-8960
-433
3112
-5999
3335
-3815
9924
6613
-7088
6420
5228
-2945
-8885
-6980
9330
5713
-421
-4689
6719
-9556
9147
4295
8896
-267
7319
-9607
1647
4356
8453
4631
8413
5835
-5656
2329
3118
488
8913
-6661
-4535
-5942
2451
-6286
-5733
-1373
-8669
1816
-9684
952
355
1682
9550
-8992
8922
4509
-1036
-8301
-3879
2188
-2221
7569
-8201
1071
2646
-5039
-6212
2369
312
1290
-1723
511
-2880
-9418
2182
7371
7941
-503
8550
-4361
5916
-2289
-9452
-2197
-5896
4891
5861
1833
-1578
-5153
897
-6600
-2840
2835
-630
4984
-9521
-1568
-7110
-7855
-4497
4588
9359
-2013
1394
3100
2272
-7793
2408
-8616
6491
-2535
-8454
6914
-4018
-1427
-6704
-9841
-3261
-3218
-623
1818
-3872
616
-1936
-7513
5824
706
-3096
-2361
2293
7451
6614
8454
8076
-981
-7490
-4808
5539
1769
448
275
4038
8408
-7045
-3229
4069
5293
5653
-3543
9128
1326
6961
7327
-8556
9529
-2237
9842
-172
-2508
1577
3288
552
-485
-96
652
8005
-8634
9957
-4805
-2014
-9940
8046
-353
8711
639
1891
-3066
-1896
-4733
1707
2282
5625
-7349
4610
-9274
-2198
-3191
-3714
-5773
-5464
-9096
9481
-6603
8545
6085
2605
8734
-575
426
1286
6145
-3059
8882
-4941
-6676
-6069
-4979
-8801
7998
8923
-5537
9827
-4539
-6663
-1146
1253
9789
-6663
-8262
-9924
3640
-3372
-822
-3475
-3156
3985
1459
1864
-6804
1373
-7184
-1143
-3451
7359
-6916
7945
4810
-5805
4997
-5162
6039
6338
-5811
5145
-6334
4425
-7094
-8536
-5758
-6241
-2600
-880
-8154
2495
8761
-8814
-8924
-1066
1239
-6203
7828
5534
9735
6857
-7031
1669
7209
1507
-8386
-8632
-7726
-298
2045
7780
9465
9675
1535
1047
591
-9988
6460
-2544
6477
-3717
1565
-6797
-4275
7726
1816
-2308
4485
-8385
9502
6456
1179
-2390
572
-6973
-217
8632
-1522
-7891
2718
-3151
1391
4080
7243
-9005
5544
8180
9218
-9404
8279
-938
7652
-173
1495
5474
-1483
2529
8745
-2558
8450
-3461
9263
-7237
-1630
2005
2641
3099
3874
-1746
7219
3993
-9818
7827
5753
9713
-2238
-4629
4384
-3200
-4121
8175
-3769
-9980
-4061
35
5741
8697
-3299
-220
-801
-1462
-4827
7367
-4543
7709
4792
-880
-2603
3381
-1908
2439
-89
-5645
-3022
-872
-1129
-4374
-7020
-3482
2905
-9297
-3758
-5475
3603
-85
6997
4317
-4110
1483
5661
529
-3421
-875
-646
5983
1038
2907
6852
-6469
7222
-2380
8705
-8872
-697
9709
-1382
5026
8699
4466
9596
-7864
3273
-9615
5430
-688
-2267
8126
7265
4125
3510
5289
-2215
-787
-5241
452
-3375
-8986
-966
1849
4314
-4788
-3192
4436
-318
-7931
4012
-8039
4146
-569
-1739
8194
-2962
4584
-1105
-9272
-3806
-8615
3482
1545
-2901
4221
9665
5942
-730
7306
3046
1066
4798
3131
-8671
-9911
-7421
9770
-4690
1132
-3553
1910
2127
5531
4038
4601
3444
4614
-2577
-82
833
-6199
6846
4542
-3258
-3285
650
-9832
1346
-1228
1922
8417
-6199
2971
3393
234
4010
-2210
429
-2709
9820
-6992
8396
8537
-1072
-2370
-6222
-2225
1639
-9052
-458
-8329
-2303
1756
4577
3692
-9967
7689
5993
-9836
6879
-1506
9745
-1430
492
-4249
1548
-8007
5406
-6780
4631
-9678
-430
4699
9533
-3091
6001
-1670
-620
-9146
-3312
-7297
-1782
-4163
787
-3922
-2178
4960
-5179
6211
7307
3215
-4339
3950
293
-6453
-5310
5592
-5682
-8855
-8619
1034
4154
-6190
-2340
-4693
556
9798
1482
-6507
-7019
1802
-827
2605
-55
-5975
293
-1864
9758
-633
-2737
7088
-5494
2780
9050
2064
-8356
5936
-2193
3236
6180
-6480
1206
3831
-6647
4946
723
9711
4580
6074
-2058
2358
-3116
4901
-8547
-8521
-838
-9735
-8851
3163
-4045
8717
-2839
-9339
-1335
8902
7472
7918
8054
-19
7262
7269
-5007
-1619
-725
1502
3364
-8999
7341
2391
7585
-5483
-2902
1134
-4271
-1535
5517
2982
7301
7513
7493
3027
-3515
-9297
3729
2528
-6148
2400
6327
7722
-4961
2466
367
7221
3611
5282
9490
7835
4949
1879
-3251
3778
-3731
-40
-6386
8799
-4131
2575
-7134
-9493
2972
1253
6072
-319
4114
-5279
-3054
5714
5262
-5942
4940
9268
8267
3056
-7838
2011
-9386
-2992
9244
93
-1986
1924
-1557
-6235
-7159
-6355
-3535
1943
704
-5790
-8541
4807
-7122
4862
-6213
-7538
5573
9728
-27
9529
3055
-1881
9938
541
8326
6709
-7570
1858
-2380
3885
-8948
4866
5429
671
-5728
-2845
4617
4932
-2569
-1952
8502
3561
-3269
6748
5673
8872
-6734
-2818
-5013
6765
-7408
-7906
-3678
2426
-3720
7250
8403
-6670
4022
8715
-9995
-5093
-5845
-8340
-5383
9219
7523
-9457
8430
2782
-44
4758
-4827
177
2136
-3318
-4223
-2712
-7707
3946
9018
8444
-5954
735
-9868
6493
-2852
-6070
1536
9670
861
674
1492
-10
-4304
-6107
-5963
5942
-1260
-6935
-7213
-7074
-5704
6410
8101
9399
-319
-3063
41
-9984
-2761
-5943
6576
8477
6395
4122
8459
3422
7684
-4397
-9005
-8756
8235
5567
890
8260
346
3532
-9701
3775
4730
-6007
1122
5693
9869
-8734
-6334
-5093
4979
-7494
1852
5405
9283
-9379
3130
7717
-319
-2620
5740
-9495
-51
-6334
-5881
-4593
-4867
-5561
-5301
-6186
-8194
4591
9392
-6928
-7152
-2749
-4989
-4410
-9549
-3356
-1030
7991
48
-3167
-6786
-9188
-3354
7050
5986
-8752
5027
-5165
5528
-2490
4741
-1988
-7280
5864
-3162
-8617
-7786
-6129
8866
7694
449
-3589
9074
9262
6271
-9062
934
7912
7296
-308
-5944
-9409
583
9440
1609
-9112
3665
7599
-3453
2789
8605
1812
-705
-1981
5456
2563
-7209
2911
5749
5655
-9383
9130
9854
7650
2813
5089
5912
2923
86
-5370
-9663
-5098
-4034
998
-3531
3162
7461
7764
2990
283
468
5558
-3364
1713
5592
2632
1641
7816
-1966
9955
-1050
9145
-2980
-6874
-4776
4600
4614
6677
-5102
830
7958
7803
7383
-1077
-1126
6633
8747
-9741
-3884
4189
-6136
8795
-7892
9041
5228
1077
6943
-2753
-9176
-5342
1551
-290
6303
6233
8074
-9132
-3994
2274
-514
7951
1010
1434
-1332
6694
-7734
1628
8157
426
1707
6591
-8836
2405
7934
-5718
6982
3032
-2794
-2676
-3820
-4596
3239
-6372
-9126
-3240
-2639
4988
-4480
694
-1938
-4108
522
9669
-8810
3421
2103
9173
-4806
-7749
5325
-4323
7723
-2035
5703
-6849
-5006
3554
3678
4362
8871
3816
6438
9854
-1922
1980
822
1515
9849
3385
5211
4689
4232
2954
3160
4287
4461
9773
2523
-1500
-2076
2850
-7435
-2937
9867
280
5508
64
-3486
-895
1112
8659
855
-569
-4028
89
7249
-50
-1159
2077
-93
-6954
308
-9504
-1811
-8737
-3714
-3675
-7990
5728
-5384
6363
2270
7313
5715
6707
-5959
7166
8155
2645
9782
1967
-3081
39
8519
3346
-283
-4429
-5116
-2692
-3410
-75
-3106
-9649
-9203
-1287
-1964
6827
4636
6343
-3788
-9678
8393
-168
-2591
3956
-195
1798
5564
-4464
4132
2300
4904
8880
-6284
9485
-5996
-9233
2600
-5483
318
-3320
-8161
5537
-8940
-8040
-6494
-2398
2997
-1176
4618
6599
8288
1491
-7426
-7537
615
-2236
-3539
-1773
466
7393
-2164
298
7075
-6352
-1415
-3369
-9686
-6549
-9771
5662
9651
-4111
8285
2138
-4888
-7699
-3164
7413
-1174
684
-6771
3891
7441
3419
-7561
-3457
6427
6036
1729
-6563
-1198
-1397
-4474
5701
-9890
-7475
-2169
-6642
-6220
8004
-7318
5262
7511
-7908
-2695
-1079
-9576
935
2592
6949
-2450
8050
9940
1336
4913
325
1973
1539
-2516
6692
-8864
-4157
2660
-4588
612
-5965
-9274
-4247
841
6116
-352
9058
-9258
9317
5353
253
7664
4511
9971
5902
-9557
3702
9987
-2445
-4341
3965
1224
-3978
3771
1414
1519
-6847
-2048
-518
-9182
-9215
-9674
5703
-7693
-2529
-8890
-436
5045
-2579
234
9029
-7376
1673
3404
-1407
6952
-4831
-2242
541
-795
4118
-6087
147
7369
1894
139
-2427
2731
4863
3862
2631
430
780
-1320
2538
3857
1314
-823
7668
2986
9618
-9205
8666
-9435
-6542
7066
9232
-5761
4182
6110
6258
6869
-3975
5974
-6615
9183
1626
7883
-8893
-9730
-6814
-4635
269
9646
7525
4281
103
-2868
9551
8057
-1015
-3171
-6292
6837
-8227
-6526
2176
-6916
8297
6124
-7190
5639
5773
8270
5594
9182
2207
131
2671
-3353
1279
-8637
-8755
8913
-23
9837
2255
2831
2175
7899
7683
-7099
1731
1626
9505
-7174
6982
-1785
-7823
9167
7180
5992
1715
-4619
-2008
-1603
1196
-24
6491
1988
-6202
-2681
-2716
2206
3182
-404
4651
784
6286
4296
5766
-5267
-7472
11
-3138
-1769
-3008
3853
-3166
1109
7974
8340
712
3810
-8043
3179
-1918
-4835
1957
1062
-5001
3619
3852
7440
1952
9354
4230
-4695
1530
-7508
-8131
8059
5695
1233
9292
6855
-1093
-7961
-4548
7093
1736
-5754
1097
-1956
9037
6152
4301
-1386
-5198
-8005
937
2787
-2513
8811
5871
8411
8871
-2249
6510
-4355
2416
-6681
1769
1294
-5923
-2742
-285
-4613
8655
7028
4106
132
-7500
-3683
1193
-9918
-1991
360
-2792
-7785
9172
-8746
-7602
-7025
-659
-8828
-6100
825
-8828
9266
1238
-2318
-2922
8516
-8945
8632
-4546
2821
6652
-4059
3065
-9377
-9017
3772
1701
-3086
-7069
-7283
-9244
-7858
3495
3854
-7604
-7268
-9949
9961
-932
7458
1868
-527
8296
-7990
2811
-7296
2814
8657
-344
-5805
1646
-3821
-383
9991
-8408
-495
1864
7309
-7265
9736
-2782
9444
-6938
113
-1593
-9423
-7787
8595
-3782
-4702
7191
8266
-7160
-3978
-3529
-6206
5927
-8863
1488
373
4709
-7483
-7225
3765
-6984
4497
8336
-3663
-8249
-2154
-2670
7138
4141
3609
-6220
4911
-2260
-7652
-1596
5939
-8752
-6028
-7250
-1916
1242
-4803
3581
-4655
-8876
8767
-245
-293
9248
-3461
3770
245
-3412
8367
-4135
3898
-980
-7178
3237
-3083
2850
8246
3210
8815
-7906
-2059
-5275
-7261
2255
9532
-282
-9613
-4994
-1936
-2147
-1469
4350
8768
6056
-3366
-784
-5739
8167
593
892
7608
6778
9636
-8483
436
6917
1821
-8885
-2671
659
-519
-5592
2697
-4161
-9021
3441
3233
-9684
9932
-2925
448
790
2799
-2609
-261
-367
-5734
9727
-2612
-2807
-7411
-8817
-8718
9671
-3981
6840
1280
3382
2840
5389
5497
-2938
3364
-3580
-8183
-9006
-9642
-8753
-4825
-8051
-2192
6578
-9458
3388
3026
8727
5689
9095
8268
-977
-9613
-6853
-3621
5590
-9629
8636
9929
9105
-8771
-8154
-5237
5378
-6349
9216
-1697
6560
-5678
4711
-1503
-8877
527
-687
-8557
-8511
1580
4893
-865
-3032
6765
952
-6631
-9217
-9946
-3190
1636
-2320
8523
-1642
-2161
2225
9754
4254
-8487
-9100
9308
-5057
6875
9081
-7854
8973
-2068
-9202
-6731
6901
2941
9278
-7980
5580
650
8065
8435
6874
3436
-5933
-4799
7789
9793
8267
3593
1064
5798
4733
4574
-898
-5567
-4975
-5120
-3794
-9229
-4615
-2346
9128
6357
-408
1717
-6598
1049
1953
4110
1347
-1044
-4970
-5871
3186
1107
2084
-3163
-9521
-3223
-598
4998
5921
1595
3880
3404
-9421
7442
2429
7865
5327
3152
-2785
-3925
-6770
-4636
-7985
741
9052
-6038
-315
-4662
9590
-7687
-6350
-8168
-2553
3256
-7923
8160
-7830
-3231
-8020
2091
-8868
1814
1978
127
8591
-5949
-3298
-8044
3055
-343
-2844
9339
-782
9830
-6186
1469
-2540
606
-6225
5753
-4223
8973
-3921
7388
4469
-2065
9098
4563
1490
482
-1738
-4064
-8162
8241
-3155
-9240
-5251
8864
5820
-3317
-5072
-1829
7264
7828
-7957
-4312
-881
-378
-6678
-8445
-2258
9576
-1062
-5499
-1406
8555
6614
1273
6279
-8468
2466
-7066
5980
2430
2715
-7333
1367
1633
1816
9217
4403
-2270
-8478
790
1037
9549
-5772
2879
-9414
6775
-2822
-2393
7349
-3598
-7044
3447
4266
-9123
8593
-1675
2769
-4884
-7161
8880
-3465
9466
8336
2390
5969
8139
689
-6650
1626
3508
-158
2471
1599
1942
3972
-806
-6494
7052
2892
-7820
-694
4250
5300
5177
-4752
-9037
7125
-2178
-8929
-8298
7026
-6492
8397
1984
-3222
-8490
2339
-888
-7819
-9727
-6611
2519
9686
4702
8172
-9906
-5787
-8637
-5051
-6417
-1627
6480
-7103
-9100
6367
8307
-8164
1017
-6434
9281
-8123
1884
-4328
-9521
-4437
4529
-6192
3037
900
-1035
-8988
-8744
-2612
-4210
-4694
698
-7724
8990
-8315
-5348
5185
3746
3342
8900
-2250
965
8102
7462
3951
3223
5916
-9886
-9205
-720
-3842
-680
5924
-641
-1403
-4621
1236
8229
5530
-8728
7248
8149
-2731
7977
3486
8275
-7580
-8549
3591
-6874
2777
2256
7751
-3768
-8408
-9465
-2003
3867
6377
9676
-386
-603
-4403
4725
-855
-9640
4370
665
-5595
-5187
3650
-4986
-4280
5176
-9873
4309
749
1369
-514
7590
-114
-7570
5858
5183
9921
3310
126
-1217
-4419
-8342
9975
6105
-678
-1262
-7577
-7837
-1497
-4227
-6054
-1735
-1241
2899
5563
9882
-6622
3259
-7026
-8805
-4629
-52
-30
3666
-4557
-579
-6473
-536
4724
8975
1311
7650
-1384
1483
-9697
-9619
-597
6496
-8926
634
-7506
7518
6312
8462
288
-9566
-3460
1293
-6950
2983
-6836
-5600
5682
-690
-712
8457
-7007
-5459
1881
9606
1465
8232
4757
2890
-2971
-4430
-4389
8769
-1220
1685
-2725
-3611
-8129
7301
548
-7876
8622
6288
7641
-3949
-1503
8404
-967
-7731
5802
7532
5923
-8403
-2853
-5194
7723
-6514
740
9759
4209
8070
-3789
3625
-8736
-4771
-9074
-2519
810
6335
-3862
-972
-8104
1538
3777
3352
-9445
-2015
-9534
-7870
-7276
-4765
6981
2047
-7954
7663
-5105
4286
10000
-5692
9309
1781
8004
9097
-8990
7060
2100
-3800
-4079
-5971
-6987
353
-7586
2500
3033
6501
5760
-2911
-4315
-4475
8155
4050
3776
-2751
1816
-2271
-4566
-7653
5973
-5220
8444
-7158
7970
4361
-3918
8794
7277
-9977
-1436
2016
8719
7453
-7268
7004
2510
9966
-2819
8678
6200
-1991
5764
3443
4310
-5288
6782
2751
3926
-6531
6741
5988
-4110
2274
-7001
-4035
-472
101
-677
407
4732
-546
8329
-3954
6118
5968
-4632
6805
-5665
5330
7039
1024
7378
85
-5613
8923
9195
6155
-5663
-7241
9393
7165
-4782
-784
-5683
8099
-5459
3502
6208
-9329
-7675
8881
-2814
-8104
-8268
3528
-7406
-4116
-9719
-1323
221
-7774
6488
-6540
9695
-4590
2725
-8571
-641
-9373
-5955
5855
-5662
-7891
3854
-7566
7249
-4584
4926
-6971
7864
3191
8833
4940
4303
-3149
-1522
9130
-8937
-7234
2219
7279
-2555
-683
-216
9031
-2228
-7835
-3688
-3834
7287
243
8206
-2419
8245
-5963
-1263
-1095
4313
8057
-4303
-675
-6647
-2026
-5964
2139
-9575
7381
24
-6971
-9870
-6225
-7278
-5587
9930
-7864
-9598
-6749
6490
-36
-2510
6833
6143
6673
-3121
-1436
5447
-502
-4787
-3619
6691
-3953
1454
-6463
-5937
-8048
-7099
-8435
-1950
4407
1039
-9080
-1569
9878
-2861
-4196
-3371
-8505
-82
1314
-993
-3276
-2638
8935
3099
8857
3923
-8004
-8502
-4317
-2777
-9298
-6990
-684
-8375
-2242
5422
-7675
6678
288
-6998
-2315
5098
5441
5467
-7011
-2810
-6771
-4226
-1321
-9693
-731
6044
-9838
7828
7278
3654
6210
-2014
9642
4707
3067
-5550
7702
-6405
6008
654
-5062
2916
-1480
-8627
-3134
-4074
-7635
-6302
-8230
-4533
123
5898
4154
9572
8326
-3513
1946
-3142
-5123
7028
7302
-1692
4533
4271
-4294
7962
8646
-6238
267
5370
2164
-1323
-508
-4301
2938
-3161
2888
-7650
5114
-9228
-9486
-4692
-2159
-7162
-4160
-5006
4944
-5532
-8284
-5753
-1624
8532
1245
5147
2599
-9493
6313
4611
-3450
8092
-1455
-6895
-1479
-5090
1548
6308
79
2960
1461
-2104
3418
9182
6447
6451
650
9474
6297
9694
-7691
5958
-7522
-4085
1299
1179
-3032
3264
1687
-9641
7059
-5555
-8292
-5475
6806
-4984
7704
-7677
-4038
-9216
2599
1499
7374
-9269
2084
7408
1305
-3585
9293
-8518
8096
-6454
-3432
-1305
6170
-7320
-4703
8794
-7576
7356
-8582
4870
184
-646
8242
9272
-1730
-6273
-5773
3750
-4790
8620
-9204
1662
-5669
6072
-4566
9238
-5214
959
715
-399
-5960
-2777
7900
-8333
-8517
2846
-2442
-6658
8556
3955
5617
-7850
6886
4863
-1865
-1087
-8655
1784
-7026
4793
-492
4312
-6392
-3021
-1606
-4367
-9811
-4999
-3610
-2282
3148
-8652
8297
3651
9437
-8480
3116
-6189
2854
-8434
7387
4004
-1868
4895
-4838
3890
-896
2703
3408
-7599
9048
-5065
3570
-4861
6433
2843
-8316
9572
-2651
3629
2637
5056
-3713
46
-4106
1288
57
-8722
-9034
-8023
2048
-8096
-6307
-756
364
5876
6455
-8783
6824
6734
4216
-2610
4724
4384
2410
2560
-1064
-8312
-9535
8829
-1850
8633
-9201
8909
-3790
2401
9880
-9505
9073
-3515
-6609
27
-6074
-1614
-8300
-2589
-9460
9905
-9157
-4833
-305
-2144
-7852
-4046
5640
1446
-7293
6343
1426
5881
-7600
7154
6413
501
-6978
8415
-2435
8707
1286
-8618
-989
4683
9845
7435
-3438
9857
8198
7278
3697
9425
-9581
3087
-6853
-3381
-7086
68
-4600
8657
7512
4452
8840
-6642
-9554
1243
-4474
7650
-9807
-9845
9477
-2303
-9062
466
-1444
-9150
-6187
-9117
-1911
-8408
2994
2540
9859
7143
-6781
8579
-3315
-5401
2700
-5205
-4967
-6083
1667
-9795
5358
-650
-3366
-9490
-9226
-4787
-8645
-3394
7392
5927
2658
-2761
8319
-7225
5693
6792
-828
-2085
6510
-5420
-8576
9556
3868
2018
2758
86
-329
-7358
1744
6469
4018
2272
-3562
-4486
-6504
-9246
2316
4986
-6950
-9711
3289
2264
4856
3123
-5246
101
-869
9326
-2971
6978
-7536
-4718
7016
-6138
7111
7261
5496
-5638
-2888
-9263
9617
-1558
-1265
6978
-2951
2735
3287
6100
6672
-136
7854
-8085
167
3242
8689
6454
-9233
-8051
-6274
4635
-3315
-9606
4389
7790
-679
-5483
-4125
-7998
9035
6249
5531
7727
-7063
-8465
86
8847
-2373
8922
4296
-4063
6739
-4854
-7334
7943
-6292
-3697
-3407
1570
-9138
6646
-5168
4051
-984
-8744
-2737
5975
-8342
-1435
1743
3301
2436
7779
3137
88
2980
-7786
3709
-3717
-9840
2024
3612
-419
-1815
5285
-7949
-2357
7800
4537
9552
-4285
7894
2908
347
9001
-7473
-4991
9833
709
9570
-3355
6627
-9044
5255
3347
2334
-7283
1469
7709
-5972
4865
-1030
8456
-120
-6977
5897
2694
-7003
-5645
-5696
-187
-9189
-1778
9912
5090
4835
-6124
-9990
-7878
-7883
-186
-3967
-3364
420
8759
601
7213
-9742
-1151
9863
-6647
9505
2334
-2452
8121
4015
1381
-1217
1484
-5836
3201
3984
8593
750
1617
-7577
9059
-6010
7816
1050
-3524
1033
-8660
-986
-5516
5541
-2328
-3855
1805
1709
-536
-8125
1508
901
-595
-5155
-303
-5266
-7383
-696
-8340
2408
1475
-779
2740
-4341
3879
-7300
4599
-6349
-3059
2072
-8383
-5946
-6649
683
9134
-2317
-8045
-2319
4547
4755
4059
6812
8984
8469
2105
3471
7514
-258
5969
4913
6849
500
-3505
5852
-536
9074
-2898
-7712
-5799
3357
-8127
7355
-4282
-3183
-5095
-9500
1467
6424
-7098
9809
-5525
-4329
5781
-2313
9769
-6144
-4259
3757
-6252
-7473
-2399
4079
-1484
5024
1362
7757
-4083
7060
9625
1997
5651
4180
1889
-6668
2060
-2917
5530
8756
9821
6194
9933
3242
-3414
8641
7198
-1326
592
1566
4157
4659
-6663
5362
-8940
-5251
-8237
-2361
-3288
-8590
8810
2282
-1792
6467
-3129
64
4330
8115
592
-1600
-1584
-9121
2966
-3184
-3012
-952
8108
3644
-2120
-3467
-8244
-1949
9733
-7011
-5842
6147
-5188
-1311
5788
9803
-3520
-8930
-6661
-2499
-6888
1212
3467
-4696
7612
-1164
-4901
3554
-7441
1016
-8073
-3257
-1925
8130
9065
2076
3994
-6159
-9252
4034
5263
-6208
7899
7271
-9004
-2520
3909
-6252
-8446
-7308
3107
-2164
5645
-1311
1850
4892
-5041
2718
-7623
4095
-4130
4039
7376
3027
4240
9073
3069
-7022
-2281
-2548
-6115
9097
-5815
-3241
2163
-4913
-3461
960
1119
5767
-8581
8574
-2943
-1214
8927
8294
8187
4842
-9900
-5078
-1574
3534
-4892
-6635
-9289
-589
5989
6861
-1336
6701
761
1952
-9743
-8677
1981
7742
1455
6788
-8735
2768
-1596
-339
-6410
-5450
2087
9200
7431
-7708
4695
7016
-2706
-6693
2298
-363
91
3780
-6119
7260
526
6750
2683
-7817
-5900
-5844
1055
8506
1713
-3313
-8081
-8327
3949
-3492
-975
-1186
6774
2809
-1773
9453
5842
1210
3915
2575
3000
-6689
-3844
-47
4666
-4786
-511
-84
-7636
-2948
-1643
-3690
669
3687
-2511
1215
6441
-6106
5910
-8806
-7142
912
-1591
-8246
-5424
368
4380
-493
9627
7835
489
-2025
-1513
-1528
9324
1281
1547
5977
3298
1728
5212
5112
1792
3040
3493
-8100
-3426
4640
-335
3036
-2440
-3686
-7495
8647
5558
4625
8585
-9972
3835
1083
-5363
-3606
5292
-726
5590
-7996
-6693
-982
8494
-1703
8510
2838
2932
4013
-837
-9341
9512
-9062
-3397
2638
-9459
8977
-8980
3269
1228
2088
-1233
-662
2173
4290
2663
-8456
9331
-4800
-6425
7867
-8610
8334
-4085
-2160
-1170
1670
484
6216
9421
-1630
2685
3703
1545
1478
1407
6307
7278
-787
-2784
-3059
7458
2087
9833
-4691
-6499
9752
1531
-631
8383
