-5762
6683
-7889
-3920
1871
1482
1066
-1224
-2553
-7675
2227
-7211
9231
-6132
1290
9388
5422
2001
2201
5503
6316
-2005
-2390
-2356
8429
-2169
-6578
-7456
-4377
2873
3551
304
2355
-1907
8124
8411
3139
-2384
-4708
-2339
-5026
-8770
3031
7118
-5038
3710
-6602
6299
6746
217
-7114
3343
4768
-2339
-201
6493
7579
-930
6861
-7346
1960
-2996
7004
7367
-5057
8771
1753
6397
4587
-972
-292
756
-9381
951
-6289
1195
-7945
4815
-9639
-6550
-5974
-3934
9780
6631
8483
-4109
7038
-4709
1667
9215
-3153
-7987
-4425
-9382
8866
3994
-9890
-8395
-2315
4123
378
-6961
704
-1304
3771
9777
8694
-8688
-7744
-2977
3036
-2201
-4625
-4913
-7120
8648
-1767
8464
4990
-4309
-4737
-4962
2532
3673
-6338
9159
-126
-6705
8499
-8577
-7416
-843
581
-8334
-910
-3415
4295
8923
-5523
-1764
-1458
-692
2225
6883
-7911
-2538
-2591
-8534
-2010
-1850
5913
-8037
-547
-4326
8450
-9189
7541
-4023
5288
-6469
7595
5250
-693
6404
-3664
-4838
6916
5379
-9693
-5515
-2238
9835
-4927
2996
9503
872
6786
3543
6377
-382
-5499
-6645
3818
1188
-9956
27
-1303
-3782
8759
-3236
-3000
5694
7959
-5343
-6060
-7529
-7572
-5572
-6358
-708
9563
-7003
4581
-9817
-8603
1010
1913
-7316
-6709
-9086
5584
8030
-3214
8720
6333
-653
-5290
9891
-2472
-26
-5398
-3211
3981
826
4742
-425
-5643
-191
-7699
906
8642
-3914
-323
-5171
-8950
7579
3063
-1533
-1328
981
8018
-6179
-1317
2926
-2963
9070
-8482
3219
4521
8053
54
-6311
-8175
6762
-2572
1389
-9302
9799
-1447
7832
-5209
8744
7943
-227
1492
-8677
6931
6662
5037
5059
-4975
-2674
1191
3701
-7222
8087
5620
4992
-9376
5690
-4193
-9799
7194
-1164
-3106
-8774
-7888
-5611
-8046
5242
8232
-7998
-6152
-366
9963
1692
3257
8279
5319
3186
-4328
-5003
-7135
-5315
2123
-3828
-7646
-9148
-4285
4266
-8335
3095
4300
7042
2064
8737
-3382
-1575
8705
-5704
5433
-7304
-4286
6185
2834
8241
5732
-9178
7522
5139
1284
7562
4238
-6251
-3306
7889
-9778
-3239
-3659
5971
-4990
6381
-1576
-7995
8736
-5624
8702
-1099
464
9964
-4875
-240
7645
5813
1235
-4765
7169
-5434
-1421
6419
-711
-7329
3891
5754
186
-5809
-671
-7382
-9259
6124
-54
-7248
2595
9482
-7264
9755
-4647
4475
2495
8764
-8608
6316
-709
-9754
-3264
-1342
-92
-3209
334
-6273
528
-751
8251
6066
-3432
-1133
-710
727
-3254
-36
4844
-2034
29
-559
-7994
3642
7381
-9141
-5053
-696
-3714
8794
-8359
-2354
2823
8023
-3532
4050
1294
2707
-8930
-1823
-8402
7325
-609
9561
-9988
2034
-1252
492
-6945
7299
-3688
5767
-7182
-2663
-4910
-4316
5717
7849
-4555
3919
-9994
859
-7565
612
770
9946
-4478
3306
-4366
2101
-9526
2938
-9126
5952
-5016
-6724
3605
-1626
-5599
-5464
-4307
4210
3959
1507
-9968
8115
-1595
-1830
4445
4652
-5416
-9105
-9377
1608
257
976
9703
4153
7450
8159
-3585
6328
-4332
-5391
3628
414
-9861
2955
-2595
-483
-4041
2019
-1893
-6425
1855
1939
-5837
-8812
4715
-4489
-9589
-4994
8697
-244
-5502
-9319
5502
-7068
5664
9536
1287
2028
4817
-197
-8582
-15
2094
-6481
-691
3536
-5786
6700
-4693
-6191
4225
-535
-7772
-9920
-6641
2136
-8468
5286
220
-3937
-6744
3538
-9646
-8603
9003
9880
5420
-6087
5144
-7707
-4532
6526
3373
6695
-5354
2379
3100
8239
1034
3799
-5574
-3725
-8229
300
7220
4940
2384
-6244
-3233
378
-8993
3844
5927
-9847
-710
9737
5007
1802
3913
-1163
-7318
-6345
-3513
-9717
4194
2998
-5227
-8843
-5883
-2944
948
8242
2858
-9342
-149
-2386
7703
3800
-7141
-6798
2128
-3573
-5902
2063
5262
-6132
-585
-8050
-4551
-5901
7445
8776
4456
-1754
-1578
-6930
-7711
-4681
-6060
-1919
9123
9496
9646
5702
-9062
-2401
-2185
4662
-6877
7750
-5881
-722
4116
-4027
-7207
-1424
-3901
6686
-7652
-7433
5457
-864
840
-830
5686
2885
4698
6132
7582
-6076
7772
-6032
3807
-6416
-7055
-3411
-8309
2926
5601
-9635
6298
1194
-3096
-6324
-893
-5939
-7329
1824
116
-9202
-188
-5200
1971
-6270
5906
-4768
-3563
-879
373
1555
7996
-4097
9154
-8091
-4667
8506
5394
2025
-9566
8572
5978
4946
5509
-7651
7001
3396
-1128
-6592
-696
9714
8434
9755
9616
4587
-7317
-6473
7434
3057
6122
3131
3978
2976
-6117
-3412
-726
-3394
7199
-5496
1664
7545
-5012
444
-3337
5764
-917
6675
-722
-4435
8912
-6326
-110
-2554
4997
-6564
-5493
-2776
-3019
5187
-2849
8779
5022
-1500
3061
-5200
-445
-3234
3032
-9148
-9447
3312
9816
-4498
-8614
9644
6717
8585
-923
-645
5555
1365
4999
9148
-3740
3741
-2940
-3091
6072
814
942
6537
5296
411
-570
6398
2533
3176
4302
972
6338
5277
8226
7257
1853
-6300
3006
-7861
6497
-6476
1287
-5700
-1663
-6943
-4082
-8229
-9500
-5113
4086
-375
6132
-9419
-3874
6911
533
353
8616
7931
3180
1334
9391
6272
865
5304
3369
-3153
-8533
-3150
6675
8561
1136
-9871
3589
1095
7467
-351
-2150
-7325
1595
6948
9607
4217
8189
-1961
7174
6933
-8601
3496
8180
-7715
1690
-2893
7909
9251
5419
-8957
-2103
-6939
7588
8699
1636
4280
8280
299
-7232
-3634
-2890
621
323
-9337
6498
-5884
4142
5305
-467
7267
-2006
-6365
6471
5048
4970
-462
7253
8664
-1748
6458
1620
-5318
255
6403
312
3227
4298
-417
6461
-6321
-8503
2022
7615
-6221
-9521
-4476
-1582
4125
7096
-3964
-8401
5633
-1415
3471
9200
-511
2847
6297
3586
8121
-5258
4539
-4398
5689
2276
-7209
-4839
-5951
8342
-9786
-6188
5344
9286
-2309
8959
7152
-4215
9957
-4098
-4530
-8342
-1113
-4483
-3941
4752
2360
-513
-9109
1520
-9626
4363
-4264
7655
3952
-9088
-5764
2235
-2995
-2769
-9070
-8763
1816
-1796
2028
-3800
-1120
-7815
-2206
8592
-4637
8454
8275
-8025
-5583
-6954
-1156
5465
-708
-7295
5718
-7765
5452
5966
-4535
-5865
-1022
2249
9372
4766
4485
1477
7661
-3978
-2275
6147
6179
25
-1793
7806
-2331
4875
7646
-9321
1522
6627
2684
-5307
-8829
-8772
-2953
3761
9467
4761
-4730
7536
-4380
-6646
-207
1023
-8268
6009
-6526
-7666
4881
7244
-1439
889
-9793
9500
-6126
8268
6593
-9849
7164
812
5811
4649
1362
7581
7877
1629
8074
-9133
1124
1352
7327
-7368
974
-8229
6017
5561
8552
2532
-313
7566
4063
9005
-608
3404
-8570
-9084
-5688
5635
-5867
9415
9
632
504
4094
-7377
-8247
-4094
9144
-626
1954
-303
9036
4803
-9197
-4580
-498
5158
6692
-4111
8426
7395
8460
4828
-9175
3712
2041
8063
-5926
4828
-1389
5248
5171
2009
-2233
-8908
3758
2785
8728
9208
3595
132
9049
-9530
-6251
9508
8987
-6510
-1538
-9220
-8281
-6495
-5430
9124
7877
-5722
1534
-3146
554
155
-2303
-3930
8099
-8486
187
7698
8099
-8357
-8750
6912
8793
1323
-7041
-630
-7539
-2413
3695
-9151
-7357
-2928
-1243
9777
5415
-7572
2253
-1387
9353
-8629
-3201
1603
2515
-8786
555
1212
1172
-1229
-5724
-2244
-3091
4999
9729
8075
1032
-5775
-6054
6928
7729
-928
8364
-703
-6468
-6784
5580
8161
4245
5749
4927
-3147
5475
7713
6405
-5932
1106
4605
-2576
-1752
6135
-3523
3622
-4046
2477
2989
-4039
-3383
1166
6157
8315
-3894
-3841
-1155
1259
9151
-6575
-6606
4686
7442
9995
8550
1319
5338
-2821
-3287
-2839
108
-7364
-6113
-5094
78
8146
-9285
4800
-975
-134
8766
-1704
-1002
934
5431
-9145
-9495
-6024
-3476
216
-907
3039
66
-1267
-4551
6441
491
5280
461
-8575
8509
2615
-7026
2551
-9160
-8308
-9742
5092
-9960
-2671
-4108
4852
-2842
-3879
5714
5189
-5663
-1405
5740
727
-6818
5013
9408
7306
9145
7464
1666
-2740
1643
-4537
8737
-2131
-3292
4291
-3457
-7019
-4348
-5384
-9606
-2778
-9884
-2400
-8703
-8807
-1178
154
-779
-3567
-2112
-1568
5627
5846
8564
1967
1098
8926
-8971
-8707
3568
1909
-6863
-8547
-6236
-9298
-2426
6713
-6790
-6346
8639
-2243
4416
8084
-2403
-7367
-6874
1358
1930
-8596
7469
9412
-6421
8843
222
-3556
-958
-8402
-3177
-5651
1809
4451
2672
1390
-3669
7296
2596
2713
2348
8893
-6102
-9148
-1863
1749
337
-5823
5223
-5613
-6931
3629
6380
-5269
4560
-8051
-9780
6080
1977
-5974
7684
5440
-3624
-7221
2341
8513
2266
-2123
7206
-5336
2432
-7582
8060
-7726
-6797
2645
-6785
6612
4899
-6526
-5651
-3951
5837
5113
-5068
-4254
-3979
9126
7672
2944
-3312
-2265
5926
-7226
-3342
-9932
-4861
2336
1588
3181
3932
2639
-2486
-1723
-4431
-8767
-1414
-9761
-5097
-2968
-1836
7672
-7737
8156
856
9846
-7689
-9750
-3190
1355
6741
-8107
-1034
7080
7564
9459
627
-124
2666
2391
6535
-6535
-8677
-6318
-2224
-1218
4556
4976
7673
-8919
6274
6467
9855
3567
-2026
4278
-1604
9934
-3195
5544
-7313
9658
-8147
2010
5181
895
-1023
7191
3685
-674
-881
8934
4646
-4110
5510
-8002
-6260
-5676
-275
7078
7091
6680
2086
-2100
-8352
6931
-94
-8509
7484
3234
8289
-4523
4468
-2164
-2970
7117
-882
-5866
5524
-6017
5257
7927
-6055
-6863
-6038
-9535
8340
-1327
-7966
-9546
-2776
4884
5442
-9098
9208
4707
8499
-8532
3423
5199
-5833
-8597
1884
2271
-1620
-8045
-302
1910
-3643
7195
-9880
7099
8341
1746
-3811
4461
1934
-6323
6661
7288
-6713
-240
8534
-4958
5318
-761
3221
1829
-1227
-7501
-9154
9685
-8490
-9155
-4778
-788
8589
2352
1881
7342
4345
5636
-8040
2949
-1454
186
-2187
3573
-3191
-8140
1276
2514
-9951
-5714
8626
5225
794
-2264
-4842
-3647
7449
9539
7109
-6864
-8770
-8567
-1188
4713
8286
-4508
1689
8875
-1105
-2816
1244
-9657
8721
6902
3542
-7377
-4963
-8938
6371
-3302
9697
670
-14
-6340
-4621
-7913
-6790
-1872
-2371
2942
-6939
1609
-6373
-6401
-7137
-9022
-5695
-4878
1835
791
8122
3728
7848
431
-7006
8100
-2592
5842
3293
-2264
3791
-4780
-2403
9862
1948
4431
-7201
-7764
8626
4124
-8050
-5827
-325
7372
7794
9043
6578
6668
5763
-4201
2676
5010
-5373
-2947
4627
-2758
584
166
4948
6903
6810
-1289
1291
-470
-6559
-1806
-7671
6600
8530
-2053
4056
-6126
7633
-553
2870
-7190
8211
-7137
4743
4640
9811
-1261
7626
7128
-482
-8161
3847
4338
8605
4588
-3483
4902
-632
-5621
5717
3802
5852
6920
7323
4018
9802
754
6830
3897
3381
-8902
-8886
-5255
-8871
-9348
-6758
549
-4736
-1854
-2212
5730
-5848
682
-8980
-5148
2341
6888
8636
-6874
-2561
1406
-303
-1700
-7413
-139
1381
4945
5390
-2890
4619
6927
-3728
-6029
147
-4669
4649
-5518
5472
3987
-5191
-2943
6019
-9705
-4247
-8732
8
1706
3227
-7435
6892
-2595
-9086
-5821
5469
1001
7667
6139
-2211
6999
-9413
-7507
-2108
-7075
-7517
9196
-8690
5271
7611
-6088
9599
9773
6039
2694
2796
-3476
161
-2016
4451
-3461
4946
5392
1729
-6601
-2477
-7845
-1790
-3656
-7776
-7203
3660
-5467
-4303
7919
-9417
-3926
-2847
8086
2658
6095
4361
3332
-6980
-2463
4376
-9203
-6245
-4498
-8214
-1377
6201
-7609
-8664
8883
4787
-4303
5526
9208
5778
4336
-2388
9845
-8214
-8557
51
-531
9368
2608
4108
2974
8686
-3420
-4077
-5926
7429
5056
7377
-2517
9288
5464
-8078
8514
8293
5559
-2198
-6776
-6849
-5107
-3840
2318
-1511
-7294
2948
169
4769
5137
4282
-9894
9829
-8074
-727
1259
1431
-6611
9995
5475
-101
1524
3059
7743
124
-9198
-9816
3173
2876
5239
-202
5424
-7302
-9012
-7903
9721
4046
2786
7027
-6810
4051
2515
-6980
-9763
5400
844
-6574
488
-300
-834
3744
1720
3817
4847
-3375
-4072
7454
8993
-9931
-7013
-8342
-1338
9238
2907
-4461
-3634
-8481
1749
-683
-9247
-9749
743
9602
-328
6158
699
6635
-9584
-2319
-6709
1421
3903
-798
2733
9234
-736
-5580
-5029
3861
2396
-9087
6787
-434
-4122
4114
1045
-4012
8904
-9216
2711
-8255
-6335
6918
8187
2599
-5793
-6114
-7604
56
9651
-194
1161
9542
-432
8118
-7397
1524
8797
8495
-6474
-6496
-4585
-535
-2941
-1731
907
7806
-6775
4354
1085
-4347
770
2496
-2714
1394
-4445
-3586
-4382
-663
3554
-2737
8203
2689
-370
8901
7188
6431
-9767
359
-251
-9902
-5532
-2071
-1882
1624
549
-2737
-5707
6126
-6670
-8616
-620
-2843
-9966
-187
7199
-1103
-9745
-4816
9806
7560
-8360
7946
400
-9
6654
-2447
-7294
8509
2792
770
7138
499
-1571
-709
-3122
5405
-4799
-7113
1267
-6401
9667
-4962
-5238
8196
-1316
434
-166
-8713
1596
2682
-3621
5765
3716
5397
1106
-9632
3897
-6076
-5248
5613
-6350
-1705
-1865
1109
2634
7104
2441
877
2592
-7255
4715
-290
-3659
-9778
7658
7949
3644
-8361
-9870
-3810
1316
1273
-7136
-3522
2138
-7527
-4272
-4016
4425
2700
-8871
-8335
1462
-3265
9856
4070
-2609
-4340
-1813
4222
1371
-3352
-2139
5482
-6498
6374
6231
392
831
-3057
-9791
-7210
5258
9398
1965
8228
8284
-3540
-3341
-7037
8627
-211
-4283
5419
8369
831
6189
-1474
-661
-1601
-5208
9508
-3782
-9091
-3862
-2215
-2979
-4654
-9527
5836
-9697
-2653
4122
3702
-814
-308
-7062
-5347
-9657
-8489
5862
4022
-4239
3330
-8987
7407
2720
-6582
-3471
-7484
8768
6173
-6503
1031
4478
128
6891
-4393
8360
-6500
-9785
6446
-7619
-7218
418
1446
5840
6191
3736
7611
-7356
9725
-8645
7748
-2675
5925
6315
3116
-2703
-2239
7397
5434
-4704
-8984
7321
7745
-3061
-153
8964
4532
5113
8200
9206
3780
8526
2345
-864
1890
-26
-1555
2788
1043
-4915
146
923
-6690
6463
-4668
-6200
-1471
-6146
1209
-3151
-919
-94
2004
-2813
855
-7954
-2491
-4138
3747
9238
6988
5573
1232
4461
-1674
-3300
-2377
7345
4728
-4369
7137
-6974
-6116
3893
-7605
4368
2351
-4925
8588
3938
-2332
3131
2657
-7910
2637
2794
6212
-8222
5880
-7634
9572
-8893
-1828
-7278
-8379
1497
1636
-6773
-5520
7575
6331
8606
-9380
-1198
-5962
4501
-8273
-6804
-6933
6866
-6378
1765
-8115
-75
4239
1773
4984
-8989
-1169
8713
-3461
-4209
1504
-3231
-8870
3496
3977
1824
-7522
-238
7482
-5836
-853
-8335
-1767
8831
1849
9801
-4044
3860
2039
7287
-6630
4605
5927
-8226
-5565
4616
3535
-4238
9826
7074
3984
1367
-8469
-5993
-6415
-1447
-2793
-5409
-3785
-6145
-526
-1718
-4062
2160
-6099
-2976
9014
3896
3235
-417
335
1335
9993
4174
7452
-7844
-6772
8784
-9895
-6745
1519
-12
-9179
7348
-102
-6711
-6369
4276
-5119
-7561
4252
9240
8867
6987
-376
-8414
5411
6654
-2626
759
-4593
-3400
-747
4797
-2825
9284
2713
-2411
344
59
145
7958
6121
8099
150
-2125
2609
-3551
9030
152
7637
6564
3043
-276
6298
-2297
7192
9989
6156
7199
594
-3448
2519
7382
4413
-8372
4820
644
206
-2882
7795
-183
9498
-1391
6825
-8610
6174
-255
5292
6299
-9576
-2900
-71
2385
5051
991
-1119
3916
6402
-8414
-2693
1153
-9500
292
7643
-9120
-1623
6671
2518
5827
2390
584
7164
-2382
324
-6224
5492
697
9266
513
1583
-8770
3258
-351
9673
-6215
4031
-6030
-7760
2573
3572
-7246
-4484
8040
-8968
7898
5535
-9520
8122
-9589
8851
-4182
3485
-8172
-5403
2512
8123
3337
4638
5768
830
1179
7255
7759
557
-7878
2672
-9091
2301
-5254
2912
6697
-5879
-7037
975
9390
5687
-2118
7200
-7875
-5629
-6179
3795
1336
5804
1084
6368
-2720
-2744
-9911
6249
4888
-2976
4561
4184
-7372
8133
-6788
-5396
845
-2119
-4100
1028
9526
8017
8098
-4197
-5272
5022
-2141
-7185
-3904
-29
-7915
5022
-4122
-8293
-5176
-8559
-562
2426
2549
-4330
-8835
2927
5825
-661
-5242
628
-4763
-6517
-6042
-6875
6162
-9074
5447
-5765
-2030
1736
2325
-6730
1803
9320
-6016
-3643
3994
-8027
9305
-158
-8368
-5031
6101
2474
3120
-4793
-4126
-6816
3922
4069
9933
2471
9577
1777
8466
-96
9085
9440
3275
-213
-2618
5423
-2263
-624
-8018
-9584
-5464
6297
-6462
-6786
-7845
5160
-2163
3455
-8545
9216
-625
6467
3121
2122
3068
1845
1692
1516
6851
2165
3101
-7012
9284
-23
3623
-4623
-6164
-6031
-3156
-105
-6184
1413
53
33
9042
-7672
-3026
-4289
8134
1734
-6979
5769
-2411
7493
-5947
5403
-6466
-4225
2067
5641
-4906
-8465
225
-965
8996
-6624
7248
5136
-6660
6177
347
7131
-4577
-5828
960
-9879
6496
4466
-2468
-9413
2984
-3425
-2382
-8376
7880
9933
9867
6607
-830
5641
4551
856
-9426
5427
8842
-223
-8261
1734
5653
186
9107
-6350
-208
2400
5279
-9431
7101
6716
9005
-5684
-1610
-9212
-4828
7018
7434
-8876
1280
9140
-3709
-3943
6110
-818
-6453
-4732
3190
5918
-493
-8242
808
-6078
-3111
-9999
-9263
-3049
5355
-9300
4177
2869
-9826
-1469
3064
4562
7002
-6514
4126
7389
-9252
-8732
-8201
1464
-5277
7334
6576
6982
8941
-6375
-4836
3908
7130
-9618
-1802
-5787
4178
-7351
-3666
-2578
-4326
-6343
6265
-7458
1060
-7285
9434
6042
3240
3198
-8747
4849
-7220
-3047
3099
7726
1205
4460
9664
7563
4422
-9698
7707
1861
-6945
-7667
-8884
3738
342
2939
8687
-2638
6649
4005
-9923
-3558
-4723
-9584
4483
-8074
-4578
-8511
-9903
-3521
-4386
7018
-500
7603
1172
-2092
-8563
-7382
9327
8815
-7206
5125
-1913
-9460
-9602
-9839
-9244
2522
7770
-1654
994
4050
-6866
8936
6184
-2031
-8209
3710
-8235
757
6415
6137
-325
7780
-3063
3053
-336
4140
-5033
1760
-459
-7505
-4586
-6159
-1071
-8766
-8719
2261
5945
9530
-352
-738
9857
-5132
2854
-8700
410
-7718
8783
-6991
9408
7469
4250
-3485
-4964
-1020
-2208
9197
-1291
8343
1466
-5305
-5885
-6979
2565
-1867
6314
3492
5702
5343
7784
-5271
4923
9807
3956
-2011
-4822
6362
-5750
4559
6084
7892
765
1686
-8095
7754
7175
3161
6597
3256
-4196
3404
5874
7198
-2839
3652
2601
-6494
-5781
-8410
-491
6208
6483
-4230
2953
-4209
9763
-5700
-604
4622
-5182
-3937
-6823
-1076
-6409
5450
-9868
-8690
-9452
-928
-4251
-8786
-9614
-8325
-1786
-2286
-8744
2072
280
3915
-7052
-7254
7797
-1162
-286
2843
-4070
-3917
7405
498
4405
3690
-5506
-4910
3770
-3995
-7311
6461
-8207
-2331
-9509
-5798
3112
9307
9818
-518
-7094
-866
3903
-6320
1391
-4849
-1089
-3963
1735
-8081
8352
6885
4551
-5988
-1697
-7404
-9598
5054
6701
-9424
7106
-9385
633
6630
-8816
-1382
2813
-4761
3388
-6289
-3036
-6700
-7498
8072
6046
-3298
4165
-9848
-3074
-7160
7623
-6188
8268
-5781
-7158
1940
-537
5781
6447
7760
-3359
5051
-4694
3527
-9656
7236
-8199
8071
8450
-5646
-4815
-1255
6901
4426
4881
8389
-9991
4991
-5354
5479
1057
5094
3260
9805
9344
-3716
-3257
-3915
-4844
2836
3118
9280
3717
5379
3816
-1702
-6490
9402
1665
-4077
6193
5999
4072
-9615
-6152
3375
-5398
-8930
7732
4370
6695
-8887
6806
-2688
3696
540
4850
1338
-5
468
1331
6318
-2111
-366
-4740
7922
-9202
-9829
8178
3887
1808
-7958
-4756
-5861
-8878
-231
-7331
1446
-7803
-6774
7617
-4406
9174
9228
-1766
-3012
2450
-8527
-8809
5163
-3823
2268
4421
-2120
-1764
3331
3671
-6617
5832
-7351
483
-4555
3811
-5111
6153
-9855
-7425
7519
1305
-4216
-8762
3511
-5231
5065
169
2941
6299
2076
-389
-9160
8077
-1961
-9151
7306
2301
7477
7991
-1089
8186
6871
1053
7327
-7597
-8194
-2397
-8567
-3604
-9976
5654
8941
5405
-9225
-4882
5319
2368
5553
1680
5877
-2521
-3171
1689
4332
-7986
-7427
-6138
-3823
2716
2571
2216
9340
-1718
-9364
4760
2130
-916
6329
4912
9562
1597
-5098
2399
-6212
-3977
3208
8180
2700
8518
1047
1286
9537
-5685
8740
-3434
4677
-92
8156
7945
-8209
476
-6404
1296
2163
-7060
1651
1217
5023
-2446
2624
6066
6995
2079
1347
3850
4321
-7630
-441
-6731
6109
-2360
-5424
9286
5081
-1060
1901
8602
970
5887
-1073
8143
4172
6495
5657
8971
343
-2808
-3484
3980
-6636
5160
-4399
-685
-2136
-6247
-2822
7135
4615
-6112
-9395
9939
876
1383
-8805
-1326
-6635
9347
-8459
6140
-7221
-902
4694
-8841
-1481
1796
7207
-3837
-2655
-9561
4826
5234
9630
-7116
-2006
3534
-5270
-2874
-7459
2132
-6205
-6278
3397
-5627
5065
4852
9459
2494
2975
5281
8107
-8650
2354
1397
8977
6804
9817
480
-6857
-6656
8253
1383
-4211
6972
-291
-7338
7039
4898
1653
8515
-158
-7601
-4797
5240
9484
8848
-3204
5748
-2579
6944
6667
-5581
2048
1850
-3181
-2913
246
-4055
7432
4204
8189
3237
8512
117
4604
3229
-450
-534
862
-4431
-226
-1994
8963
-1084
-1267
3750
8025
942
-5895
9541
7636
-8086
-5855
7136
7154
5448
1878
-9579
2562
9718
-2398
2631
6114
-1142
-5988
3058
9668
-1474
-4743
-3963
4278
2040
-6765
6171
-5305
5336
4358
3516
426
-4959
-792
-7836
-1046
-3372
2139
-6953
1999
7904
-8650
9931
198
4058
6856
6249
4494
3813
7199
1235
3761
1593
7194
4051
1916
8641
1741
4936
-9716
-2519
-6482
-1128
1190
-347
2181
9343
4012
-4702
194
-2829
-5800
2968
-4453
-5823
5649
7840
9172
830
-2692
6669
1632
4890
-9038
-4603
-2992
-8436
8273
-3987
-5268
-6882
-1224
6514
-187
7521
-2555
-8522
823
-1157
7961
8513
-532
4048
5909
3687
9525
7519
8421
-4228
8053
-2544
2062
9309
-6033
6756
5514
1971
4851
4674
4832
727
2755
-511
8157
4570
4642
2065
-9088
-6625
8470
7066
-3136
-2955
278
-4224
914
4514
-7193
1670
7550
4367
3192
9377
7716
1980
-5545
8685
2697
-3618
-3086
6425
-174
-1634
-3067
2274
1467
-8147
4053
1971
-9573
3785
-2359
539
-5191
8492
-1219
653
6000
-2660
-5519
-6461
7012
-6556
8302
-1664
-8087
8381
-2462
-3969
-4053
9639
1363
-6867
6559
-614
-4612
1932
-6200
-7776
-1695
6749
-6435
-2298
1975
9837
7128
5858
1971
7930
-2358
7468
2252
-8387
-1191
-5607
-2641
3313
-1806
9990
-9364
-2541
2757
-6876
-174
-7426
7002
-9533
-7470
9495
1137
-7057
7353
5539
4929
5892
-5567
1605
-7045
-1456
-3768
4797
-8221
-8850
6163
-9136
-5358
3567
8341
6063
-60
4826
7097
3764
3089
7212
5799
-7245
-5325
1199
-8741
5727
-695
-7805
4028
-2997
1750
3781
-3230
-2839
-8566
-2242
2895
8057
7980
-1989
4309
-7038
-5888
-6490
2562
1774
5928
-2005
5965
-2009
9733
5842
-2810
-3303
-6700
7949
220
4250
2307
753
9358
7466
-4182
398
9066
-5451
-8280
8135
-8164
8024
6667
-6848
920
-24
5568
-1784
-5382
-5768
-7929
2709
43
-4345
746
-6266
-8924
-3206
-4401
4013
-9409
-7455
5001
3429
-696
4755
7443
-7058
1155
190
-970
-7096
7134
5151
3598
4759
8020
1542
-7834
-2261
8525
-4104
-9500
-7961
9760
-4979
2831
9283
3341
-5290
7687
6905
2215
4518
-3134
-8753
-8938
3980
-9736
2127
-131
4256
603
9002
7433
-9009
-3631
4518
9289
9882
-3289
-4304
-2957
4446
124
-3902
5543
8998
6283
-2537
-811
5890
1643
-4098
3467
1684
-2021
6093
1572
4096
6397
-4304
-1302
6706
5493
5018
-1292
9132
8554
-3969
6492
8000
-4623
-32
9560
-18
4564
5171
-9457
9880
-9871
6969
6051
-7956
3188
-3195
9175
-9830
-3419
5770
-550
-1724
-3759
-1627
-86
2210
6548
-3362
4736
6688
-6356
-7444
-5697
-1624
4719
-5220
2389
-347
6233
-6555
1333
5352
2420
-9697
-4628
-7410
4480
887
2248
-8769
6120
1304
2513
-7342
-6784
-7833
4913
-2276
-5691
1890
-4360
-7170
4181
4240
4380
-6592
5392
1348
-3569
-7110
-6730
4042
-2573
-5888
-7926
6925
5414
-4201
7816
7794
7737
-9605
-7255
8225
-8980
6492
9783
-7634
-799
-2083
7009
-2418
8191
-5603
865
-299
-8318
9506
-8247
1454
-9140
2177
-4693
8844
-1635
6441
-4847
6391
-6445
-145
-7553
-6726
-6288
7014
1557
-4289
9504
-6853
5453
-4387
-2339
-1473
2936
-6831
4504
-5220
7447
8229
6757
-2313
-2599
9405
3837
3600
6868
-8480
7742
-8749
248
8540
-2494
3670
-7628
874
-3949
-4665
-2628
-2328
-164
6365
7534
3774
2644
529
-3022
-5771
-6820
-4264
9383
-4926
7990
-8971
-7126
-6006
2703
-5589
-3002
-2013
1774
2529
4707
-3239
6395
7493
-3060
8736
-9273
3430
8140
-7800
-1014
-2778
7602
6425
-1454
579
-9906
-8339
7533
-5896
7849
-3495
-546
8140
-8964
7122
-392
-6754
8968
-4172
2641
-9454
3575
-1982
493
-4988
5737
3072
-6536
3804
2647
6049
-5465
-274
4808
4455
-1881
8009
1283
-6167
-7377
5613
6510
1810
8070
-3398
-3
-9412
-5449
8137
-9379
2546
1960
-6886
-3771
-7379
2162
-2680
4671
2716
9752
-8040
8294
-4292
4009
1822
-9699
9332
-8713
-8482
6932
7983
-5045
-927
3415
-2411
-4098
8514
-9103
-9203
3329
5375
4380
-6902
-5584
-7472
-9811
3327
6655
-8002
2437
5513
3679
7787
7158
3275
4523
7047
-7935
-3900
7354
-7181
9262
5134
1262
4012
-6145
-7807
9249
-6617
-5224
5038
4234
-2629
-8213
-5914
-3102
-2523
6656
-3612
-9724
-6268
9861
2206
-7195
473
-4659
4015
4108
7582
6080
6840
-6189
-5162
-6836
-7729
5608
-207
6953
4689
9491
7890
7483
7586
-3372
7507
7877
-5375
-6748
8349
-8809
-9405
-842
556
4550
-9293
-3409
9468
-1788
-8143
-6540
-6867
-5497
4515
-328
-8518
-1268
7803
-8475
1948
-8211
2439
8135
-6896
4758
2803
-6429
-4131
-8470
-3701
-7796
9863
3402
7317
-6906
5948
-5415
-5515
-3010
7631
7735
9520
-727
-7396
-4479
6625
93
2372
8832
3416
7086
-8881
505
-4352
-671
-7968
-4445
5203
129
8520
5013
7836
3111
3060
-8693
7125
5004
9860
-9441
-1179
7945
3358
-8521
7616
-7493
9868
-2145
-2915
-3166
-6513
2749
-3476
3119
2536
2322
7328
2365
7176
3867
3997
-4068
7032
1048
2325
3600
-1535
-2127
8310
-9276
221
6794
6557
987
-5919
4043
2643
-1631
-6271
6376
-2533
-9958
-9213
8631
7674
7118
-363
-9079
-3240
5156
-4062
7223
9095
-3959
-8511
4951
1096
-8024
-3147
9084
-1060
4022
-9657
3289
-8823
-1609
-6374
-3645
6180
-1507
2369
-1356
1135
-1576
-6200
-7560
-4710
-7867
6114
-8044
8321
-4756
7469
-6010
354
-6321
-2987
4885
760
-4363
-3795
2499
-1650
-9857
-6332
6320
2518
-7047
-6395
-2260
4144
-9372
6993
-5759
-8895
-845
-21
9517
6903
-6576
-3845
8580
1721
-7014
1251
-3502
-5433
-7038
-4430
7280
-422
8582
-1240
-9791
-1258
3680
-6277
7808
-6514
-1090
-8894
9633
-1798
2793
6195
-1571
-40
919
5132
8185
-3055
9402
-8523
5922
-434
9086
-3047
-7264
-2566
-3904
9463
105
-6750
-3809
9175
2079
-9848
4041
-8816
-7511
335
9069
1845
6590
9288
-4857
9253
-5714
9706
7220
-5316
-7548
9080
-8591
-9823
6397
-6084
8943
5066
6215
1218
-3106
8024
-4083
-3447
-250
-7179
677
1030
-8064
-1754
328
7012
9089
-734
-2069
-1214
7823
-3741
-3500
-2792
-3611
-7421
-957
-606
-728
-8330
6195
-4261
4472
-6227
-896
3031
9294
-444
-5880
-4529
-554
5694
-1553
-8702
-3697
826
-1042
-9416
2223
5555
1535
1843
7312
3021
2983
-40
-2172
-2169
2435
-3495
9755
1922
2838
-655
3638
9541
-9350
-597
-8064
4692
-2522
-794
-3539
-832
-6148
-7627
9989
8579
3070
7062
6298
6859
1404
-195
-3311
-388
-6319
-8984
-5742
8410
-5456
-5160
4583
4710
-6464
800
1334
1035
-1863
3986
3505
-5502
5919
3351
-3200
8695
3664
6370
4746
7798
5614
279
4904
-4037
7070
1247
9498
4483
-5882
-4040
9582
-2721
-9183
2450
-6458
3128
-7710
1896
-802
6166
-8595
8357
-5854
-2020
-9397
5969
5304
-2379
2940
-8033
-1042
-7872
8586
-2016
-7499
-4169
5183
-2845
-9515
-8620
-3107
-9855
-4963
3081
-220
-4846
-2832
-753
-2969
-9398
9238
-4658
-16
-5477
-2634
-6718
9705
-6873
9176
-8408
-9501
63
2101
-3799
-9815
5746
5734
4775
-8094
-3267
-5856
-1490
-7193
5895
-9515
891
-581
5262
-6292
-1860
-1026
7207
1559
-6249
1917
7874
5519
1154
9600
7818
-2610
-4032
9122
7262
7295
-6678
-6208
5619
3652
5942
-1586
-1011
3926
2305
4828
-2962
5259
-4617
8154
-5976
-2399
7239
-2946
-9131
-6729
-5967
-4815
6619
-3005
1234
-4842
9386
8724
5471
6057
-5346
4304
8106
-4211
1242
-8897
1936
1433
-3155
-8546
-4330
-1249
4723
267
4132
-1163
-6651
6238
-9510
-103
2852
2254
499
-69
-1824
-7223
4683
9429
-8712
-3918
1720
-9254
-6849
-313
7866
3753
-6946
8038
3123
9556
7023
-1846
-7460
-960
5329
970
1510
973
3129
-4860
-7913
-5027
5103
444
-5844
-5380
3957
9172
836
5691
-7309
8541
5574
1765
4913
-5060
-6696
-8645
7085
6423
-1565
-2106
-255
-8904
-6487
8367
5812
9143
6385
7048
-6257
-735
-3931
-1377
-4323
8670
2283
8079
1497
1567
-581
-8980
2319
-3194
112
-9539
-6055
4036
9213
-4118
3385
-5674
7019
422
1804
1293
-7538
6212
-5568
9077
-1577
-8800
-3060
-4548
-7076
6319
9815
-1791
3326
-5353
5516
-9487
8533
-7670
-1785
9592
-4319
-1437
-4896
129
8229
6399
6399
-4266
1127
-5052
-2492
9036
-351
3144
-3482
3445
9868
-2842
7953
-4191
7157
-4906
3815
6423
1092
-9396
-792
-1459
-6441
6100
-313
-9872
1467
-1305
6233
-7982
8719
6415
6426
7519
-8940
8556
-2113
-9325
1714
-7799
1803
2656
-4193
-7683
-8322
1117
-8138
-4328
-719
1248
6470
-9932
-1822
-7679
-7768
564
328
-5636
9561
6403
-790
-673
5064
1926
7146
-1477
-2299
-4970
2681
-6978
-786
-8794
-9888
-6517
-5647
963
2118
3275
-3316
-7196
-3214
7860
-9146
6231
-8065
650
-5987
6791
7424
7978
-3857
3405
5540
5235
486
-8980
-7454
3067
-2827
236
8565
138
-9245
3579
7746
3503
-7969
3679
-2816
-2787
-1660
1991
777
-2054
-2803
-4930
-4731
3417
8805
7361
-6583
-6018
715
-2207
2032
6221
-2451
1303
-3171
60
-3834
-1339
5518
2387
-1728
-1993
5182
2822
139
-7738
-5299
3920
-3754
-7491
6357
3462
4670
-8903
9511
-3700
-4161
-644
-1088
-1833
-2380
-5889
8464
-4215
-2771
-3293
-9324
-3589
727
-6242
2388
-4869
-8749
1363
8988
-554
-204
4385
-8164
9345
3791
8509
6694
8202
-9612
-3230
8934
3779
-2859
-6851
8932
-4472
8907
-2950
-5323
1369
-7813
9348
-2591
8705
-2273
800
1251
-5939
-9255
-391
8324
8447
6435
-1739
-7194
3705
7312
3126
-829
-8532
-573
-5487
2501
-7284
-3642
-5614
-3127
3111
-3725
-7072
-8009
1569
-6526
-4753
-638
-5060
2629
-861
8125
-2123
8120
7118
-1403
6084
-4371
5349
4688
5505
6228
-708
9067
4266
8700
9094
3942
-4532
-4923
4561
-830
8133
5401
8998
-6211
-1205
-5271
4246
-3509
-1675
521
-1258
4184
9587
2052
-3651
-5077
-8616
-5998
-3357
-9544
-4685
-4387
-8388
-9036
-3968
7445
6750
5582
-7861
-257
-495
4217
8102
-1900
9176
-1084
-6129
9228
4334
-261
498
-1602
4920
9083
-8613
3668
717
459
-3346
9996
-3669
-1896
9008
3572
113
-4424
3730
1754
-3934
-9482
3249
9621
-6534
-3932
3615
2081
9365
2711
-5489
-8675
4211
-915
-6560
-5013
-5181
8707
-3132
1860
1656
8401
2162
-8915
2157
-9329
2965
8982
-5647
-3656
-51
-5602
9360
-6432
7493
-4857
442
2119
1467
854
-1082
-7663
1534
-8285
-9076
728
-8439
6120
-2877
889
4091
-9825
-2133
-1652
2166
4914
-2536
6413
8029
-2952
-4301
-2085
2225
-6143
7774
2393
1850
-6399
-9736
-9459
9326
8791
-2197
-4319
-6897
-7837
2377
-4305
-6762
-6073
-1953
9246
1527
8140
9607
6936
-4908
-7976
9394
4709
2069
-7983
8020
7512
1953
-3931
4855
-9186
-2925
2350
8914
9114
-3710
2252
-5775
-5662
6572
-1713
9249
1732
4607
-5836
9092
-4494
3315
-2901
8922
-5183
-2710
690
5657
2290
7492
8714
8563
-6307
1613
1542
9993
-8984
-7842
-2358
172
4018
-9104
6231
-1158
4225
6712
-3253
-3458
3701
-8782
4634
9552
-7852
-6706
-3103
-7236
7977
-6168
-5161
3274
3777
-9267
5235
9836
9345
-6442
-2181
-3440
-8934
987
-364
-4305
-4379
-9491
4445
6781
6747
7164
5903
-5730
-553
9713
5368
-8235
-8463
-3746
6185
-6665
-7489
-5010
-4995
2746
-5210
-9014
1287
41
-3082
144
-4445
5875
7001
-1686
-1274
7241
-2370
-6933
433
-6885
-9134
-2452
-2
-9892
7824
-9609
-1407
1266
-681
1920
5525
-8315
-5964
4872
-3892
5669
-6748
-3476
-5517
-2821
-9177
-4389
-9979
-4047
7133
-3551
-7678
-8066
5932
-9042
5819
-1929
4286
4244
-8457
-3632
3468
-1863
-4949
-3215
360
8528
9843
-8995
-327
-8267
1554
-4187
2439
-2174
-4101
-3018
-226
6094
3561
1854
-3102
3759
7061
3792
-8872
-7579
-8583
2007
-9633
5838
-7097
-6034
-6218
-5032
5799
9930
-5462
-1901
9510
7119
-3474
4043
-2324
8136
3761
-9928
9535
-6894
9526
-8093
-2652
2783
-5431
1994
8949
1119
8360
425
-4209
6583
-2055
-4185
-1134
249
-2234
66
7803
-6798
-9462
-5387
1925
364
7144
-5926
210
-3907
6098
-5990
1176
-148
1528
-8062
2122
1242
-4176
-578
3566
6917
3247
2698
5476
-1160
-2336
6427
4121
6632
-9991
7280
-5247
-4273
-8806
3216
-7153
-631
2687
1578
-6973
3765
-9284
-9453
-6295
-5706
6274
9379
-3035
532
561
3615
-8290
4725
9421
-548
1122
9485
-2008
-3297
9075
-698
5751
1041
6878
391
8124
-3154
2073
-4385
6672
335
7098
8725
-1613
2521
6735
4207
9964
4751
8833
-5007
-2356
-8290
6196
3936
3867
4734
-1938
1897
6534
-7134
-7114
1510
7326
-3603
2802
-7784
9402
-7428
2684
-157
2153
8610
-2580
-8075
4948
1692
8942
7714
6658
5582
-2076
9879
4709
4077
-9063
-9345
-9331
6000
-4763
3042
-2876
2920
8314
2516
8616
-5846
-643
341
955
9332
8322
9050
1553
6947
7998
2096
-2701
5309
-3742
9141
-9687
459
-4607
3640
2885
-3259
1734
-3424
-552
2658
1846
2270
-4110
-8035
-5813
6410
4337
-7044
7955
-7667
2309
-7828
2836
1130
4611
-8057
5343
1829
2982
-6174
-9044
1416
85
1155
-6330
4970
-4080
-2264
-553
-2940
194
6770
-6219
9246
-180
-4083
7355
4051
5315
-6726
5719
4112
-485
2237
6022
-4154
8364
2096
-6665
-245
-9807
8772
1159
-8371
4377
515
4501
2104
4270
-5693
-1375
-755
9421
913
1401
9464
-4866
312
4444
-3013
4076
6783
3037
-3110
-2515
5779
4715
5117
-2982
9653
-1599
-3016
1664
8560
-7041
-367
-1087
-5379
-1374
9434
-9523
-9928
-3004
8810
-5896
-8955
-5098
-3952
3774
3805
-7533
-8256
7990
7287
8857
-1186
-820
1097
-1512
-3515
-8207
-2537
176
8034
-1850
4749
7154
1911
-3386
-231
-6043
7889
3434
4328
-7849
-6077
122
-2218
1928
-1693
-8134
4029
8259
-774
2276
-8732
3802
688
-8055
4048
3378
-6653
9737
8968
2868
-8060
-6269
4705
4514
-7577
-1795
-1605
9668
-1535
1824
7292
-7261
2451
-1874
3211
6175
-8311
5078
-3727
-987
5502
-9179
-1574
8046
-3277
-3379
9021
-148
7597
1172
2537
7901
-7575
-2122
5465
5725
1740
-2767
2893
2281
8750
7777
-5268
2320
2574
-3048
-387
-4174
7902
8467
-5567
7961
-1188
-5541
-9541
1944
5805
-813
2443
9556
-5893
-3732
-119
-602
-2919
7118
-7844
-4688
6929
759
-1247
-7747
-6514
-2419
-9613
5955
1640
3156
3264
2801
8092
-3518
9456
-4837
-9851
3909
-9492
9415
-6998
-2054
-7556
-3064
-9392
849
-4846
4068
-6480
-3105
-547
-6465
5029
3950
3353
-932
-419
-4200
-6456
-7293
-1752
5534
-9707
-4196
1604
-8470
5067
-4983
-4304
-2942
-9482
-1705
-2784
5944
5119
3270
1321
-2443
-9029
-8879
-3190
-932
7657
129
-6807
-6456
4860
4876
1566
-632
-3952
-4214
3190
2505
-7123
-7620
4689
4469
-8068
9475
-6445
6928
-7109
-9390
-4451
-1860
8233
150
-6019
-7537
726
-6979
-4113
532
-5737
-7543
4384
-9005
-4811
7924
-1956
6521
-4993
4013
4744
-3705
-2128
-2442
-3833
-9579
-2901
-9697
-2442
5665
9362
-5052
4275
330
1098
-3528
-3765
-4938
4677
-8174
-6177
-6154
-4656
-1972
5063
-5609
-950
4524
5294
-1165
7149
-7016
-4966
5231
-5632
-7858
-6911
-2799
-8622
-7559
-5161
-6769
-3091
6496
-6371
-3486
-4822
125
2099
6577
-3866
3811
-7688
-3529
-4708
6174
9774
836
4223
7405
-7231
3760
6004
-9363
2734
226
1019
7775
2888
-2513
2475
-5158
6646
3350
-8551
7195
-4610
-5127
7244
-4208
5581
-4419
-6526
-4215
6635
5782
-4276
1000
303
-7190
-9881
7162
7073
-6019
2377
5354
305
-618
6868
-7893
4483
-675
-4985
-644
-3605
5038
9452
-5094
-4167
-9223
9996
9294
-6918
347
-2150
9484
-7895
-9552
5807
-8319
9882
4436
2124
5801
2356
-3957
-1333
1350
-5079
-7639
1309
6928
-5281
-4791
3407
-1273
996
2336
9503
7045
2537
-2149
-2411
-627
-3414
2359
-109
8313
-3725
-2178
1040
2590
-2423
-1823
1936
-9469
3983
-6049
-3207
5579
1210
-8780
-4364
-7889
-8957
-8212
2686
1269
9979
2543
-7530
4535
2022
-5003
-3378
-7470
-9461
2356
9262
-855
-1862
-9676
5327
3100
-6684
9366
4852
-7244
-2433
-7518
-5114
9570
-9799
-8920
-4
-1760
-2941
-4279
8360
-1961
-5918
-3678
-2531
6592
-7578
2385
-6382
405
-7371
8687
2972
5082
8172
-3975
-2920
7938
-7250
-8341
1889
9786
5160
1730
9464
-873
-7303
9813
-7650
-6535
6764
-762
-8426
-9085
1
-8194
-2713
4012
316
7780
7908
-9221
-5820
-5858
5173
-8225
3622
2328
1225
-3421
6459
5140
-4363
-1002
-3471
8130
5030
1391
-5513
-4733
-4338
7954
8603
-4283
-3767
-5871
4756
-5674
-423
1038
7966
9889
-5003
-5493
-8523
6201
6772
-142
5805
8158
-1583
-8692
4524
4109
-2402
-8818
-3033
9430
-8723
7487
-5077
-423
-5027
-6366
9531
2501
-7285
3195
3376
-1628
7050
-7979
7461
-4192
1433
-6658
-3983
-6425
9861
-1242
5946
2569
5720
9350
4783
-3497
-3400
4199
-1167
-6793
-5604
-7240
9188
6511
-7744
3140
9075
-4184
4457
7533
-2062
-4036
8273
-7386
7931
4045
-2205
75
2662
5493
6671
4325
5366
-1705
9723
2987
1285
-1967
-2830
-564
-5604
1681
-1861
853
3553
7799
-5518
7414
-329
364
-9677
-4836
-6632
9473
-2938
6660
6583
7887
-1211
678
3760
-1877
2120
4860
1674
2159
-1885
4012
-9600
8358
-9390
1410
-5725
-8149
4841
9986
-7089
-3188
6704
-1370
7225
-6833
-4753
1110
9682
-8986
604
9155
2441
1291
7780
754
1093
-270
3591
7656
3611
654
-4040
3090
92
-4494
-5360
8862
-8067
-3840
7643
8322
-8731
2368
7682
-3756
-1391
-9545
4465
-7093
-2138
5571
6460
3875
1464
2926
-4216
6239
4210
-7030
-6556
8561
7724
907
1842
-8243
-8292
2620
-548
-7798
4004
2121
3236
5360
-4564
-5398
8151
4261
128
-9368
8452
-897
3662
5926
-3954
-8073
-5141
3085
3216
2217
-7153
-5322
4799
9912
5374
-1264
-4915
5878
-2603
5326
-4463
7385
2840
-1357
-7890
-8079
-9501
9561
5358
1303
1032
6776
-8295
-6488
-6620
-3068
3188
2488
7583
8506
2106
5172
-351
-837
5976
1227
5517
3019
4903
6750
-8990
6873
7695
8160
-1607
6386
-4892
88
5383
-6541
-6597
-7942
-5599
-3566
116
9311
-6676
9331
7734
2183
-700
4015
-796
-8795
664
-3695
7761
6701
3923
-5786
-7541
2400
2892
4162
-133
2665
4293
-8473
4619
-3894
-3184
-1526
2282
8057
-3022
7334
6895
-8318
-903
-9699
-3821
7805
-5018
4722
-5275
5136
905
6539
-8525
-1824
-9831
1493
9366
-142
-2567
-7492
1027
7250
-5965
-177
-5193
865
2483
2740
9433
183
9472
-4013
-9945
-7242
5360
197
1730
-6459
-9427
8512
-3030
-9462
-8302
8724
-3312
4679
159
1723
8568
-2974
-9851
4361
-1408
-2674
1129
-1193
4620
-6509
-494
-9997
-2314
-7002
-9875
5434
323
8266
1833
277
4691
-1458
-8945
-5233
-6202
1744
9355
5218
6770
-9974
7409
5620
239
-6080
-7506
-7715
9276
-3770
1942
-2839
-2991
-2740
5190
3035
-1659
-2394
9682
2902
7807
1957
899
6399
4116
3822
-6611
1113
-4704
-9933
3685
5324
-3793
-5403
-7856
-443
4811
1482
599
5906
3143
610
5874
3028
-3991
9744
9609
-2287
1522
662
2056
9762
-3269
-9671
-9839
-7424
6046
3822
256
-5179
-4539
75
8041
-7598
1992
620
8972
47
-3940
-767
6473
-7635
1238
7120
-6611
5979
-4358
1329
-9650
-2874
4929
-7687
-5930
-3581
916
-1406
-302
7186
-5219
3712
3107
3164
5326
-3359
7739
5106
-6812
-1130
-4205
-3783
3000
5766
-7941
-8881
8055
7685
9098
2201
2427
-7769
2933
5399
9971
8553
-2938
-535
1140
5649
-4441
6665
-5186
-2577
-7308
5001
2749
5901
-765
-4276
5233
1992
5765
-8260
3271
7981
-226
-2975
-3789
-811
9261
-5291
5780
-6904
-3198
3710
7606
9707
-4188
-3881
7173
2012
3311
4360
7151
-6209
6497
5023
7298
345
-2490
-3382
826
1883
1783
4247
6152
-3212
-6065
-4305
897
5496
-5997
4489
-4438
-3271
-1035
6256
2340
-7168
5320
8891
5771
-4624
182
9327
6492
1322
8703
-6142
2035
3519
-9982
-3668
5194
-5727
6206
-7768
-7090
9672
-5897
7186
2184
-3372
-1100
-7266
1410
-7558
559
-6730
-3396
1518
-2128
-3065
-2159
-1513
-2698
-2311
-8881
-7212
-7739
-6446
1640
-6149
-9660
9832
-4435
9886
944
-8421
811
-2456
-7740
-5061
1976
7871
2684
473
5980
-1003
-2158
3499
9647
-6003
3081
4870
3922
7732
3443
-8349
-3241
5992
2543
875
6016
-3299
-8893
7423
7696
6090
-273
-938
2811
-8623
6071
-998
6448
-1364
9423
5260
-7159
-9898
8277
7097
-118
-7036
945
-3560
2832
-402
-6689
-1698
4774
9617
-8572
-468
7170
4854
2898
178
1950
4504
-1886
2881
-5542
7192
-4760
6635
-1364
4943
6845
-4172
-468
2828
-1984
9388
2920
-8565
-8558
7691
4125
5099
9744
4962
4655
-9769
-4405
-9699
-969
7957
7684
4928
9422
-2315
4456
1658
8827
4092
384
6316
-7728
7727
-8030
1308
382
3024
6465
4995
-5345
-3571
-1119
1762
-2857
3488
2074
-5239
-1114
5054
5535
-51
-1453
1607
2405
-8332
-6738
-9331
5487
1007
1407
8174
9428
1276
338
-4036
2055
4749
1402
7026
4294
-1287
8132
-8669
-6062
374
3961
-4953
7051
-2962
8642
4773
171
2455
7732
-7694
6927
-6521
-4583
5705
-2121
-8940
-1348
2037
1500
3171
-2779
6533
-9308
2219
-8366
4665
-7437
730
-2353
-2404
-5482
9999
5283
-738
-5865
3544
-9952
7236
-7744
-6687
-1996
1819
2718
-4536
9143
6214
4545
6476
3072
1454
3153
6151
1755
9894
-2766
8964
-3312
2207
-8981
6268
6277
-1977
-6300
-7741
8482
924
2027
5222
-3284
-4420
6276
8203
8050
-7710
-5384
4964
-8536
6074
-6409
9775
-9284
8156
4048
-1309
-1363
6632
3042
-2491
-4140
1130
6534
-4988
9047
6167
5081
-8747
9901
-8787
-4430
8467
-9389
798
6011
381
-8389
-3348
233
1855
-9611
952
8180
1462
-1871
-5954
-106
7700
9061
4767
-9468
8705
8507
-276
7539
5529
-8784
7160
5897
4127
-3005
2853
9699
-9655
1264
-8894
-9744
3946
-4621
-5096
9645
210
631
-8561
-8396
-941
6914
-2259
-9868
7402
8454
-4095
1320
-8069
-5747
9900
-5853
7817
2312
6018
8695
-8482
-8808
8178
-3096
-5311
9961
214
8802
5116
-7724
-9823
4337
-41
5744
-5500
-8122
-7623
-5054
5346
3919
2433
8211
9703
-4013
-966
-1994
-8011
-2578
-6040
-6736
-9424
8898
-4884
3182
-7996
203
-19
97
-9283
-7313
3152
2458
662
6890
-7161
9836
4690
775
7160
-8701
5323
-586
-4152
7516
-9640
-5568
1930
9986
1921
-1752
4748
-4425
-1248
1198
2394
-9831
-3268
2941
-7196
-4354
6338
-493
9891
-7372
-6772
-5668
3635
-2972
7216
7411
5158
7537
1520
9830
-2494
4420
-66
-6389
-7986
6993
5676
-6147
8563
2054
-3753
5065
4311
-4388
-1695
4543
-3395
5307
-51
-5451
2160
9265
285
3173
-2039
7658
-9335
-6027
7079
-3467
7063
-5110
-277
-7880
8547
-5170
4135
-4106
-362
979
-1938
3323
7465
-511
2387
7968
-9641
-2066
2206
-6163
7694
-6686
1075
-6089
-1064
-6724
7014
2117
7128
-5165
363
-6952
-4422
8180
7871
-3394
6487
2616
7689
7388
5034
-3157
6339
6312
-2476
-6639
-4342
2708
4310
7047
-2573
4888
-8331
-7182
-2559
7577
2137
-4474
-3840
-4996
255
-624
6604
-5792
-9980
3644
-8611
-4293
-8711
-8510
1867
1577
-5216
652
1114
-3063
1923
4101
9399
5042
3133
-5938
7970
5502
4556
3508
299
-2667
9595
757
3714
-8199
8265
-8364
-7145
-7572
909
-4053
3146
-1618
-9943
-8943
7452
1940
-7467
1213
3857
-7342
664
5530
-5004
6499
5920
-3996
-1007
846
8077
-4737
8607
6761
1231
-5534
-30
-1289
-1022
-3402
-8621
-6711
-8982
2950
-7998
-3504
3231
-3683
6751
-7981
5299
-7952
7641
8908
1405
-2403
-5776
-4057
-4860
1476
-6978
-8258
-3726
-8247
8077
-8073
1211
5926
7200
-3011
9452
968
-8426
751
-6310
-3541
-4877
3829
7375
-648
2686
-5971
8733
-2697
-8529
-5776
-605
4153
5752
-3306
1619
6758
6109
7129
6180
-7448
5821
-6755
1512
-5698
8753
-5707
5576
-6017
530
-7184
5508
3723
-761
-6877
4229
4987
4346
-7510
8438
-9267
-7836
9103
6083
-6723
1240
-455
-5558
-2173
-4429
4783
-5321
-5915
-1684
-7720
-574
-1491
-7560
-9272
2023
-8836
3414
-8907
-6399
-7778
6971
-9612
-1000
-9476
-4634
-27
-5169
4029
2979
-4157
5184
4670
9433
4309
-1329
9114
-8864
3624
3338
-3913
-8468
-5267
-5614
-6844
-5399
4741
497
9335
4759
5562
7541
1547
-3541
-5511
9991
-4680
-8341
7719
-3037
-7178
6687
-1071
-3300
-9231
5755
7597
-3412
-403
-4610
-4634
-937
-1119
9645
-3061
3657
-3701
-4634
-1688
-7309
3690
-3945
-5886
-8933
6308
8367
8942
2215
-325
-4572
-8535
8107
2016
-2457
2932
-7731
-7767
3527
-1292
-2138
889
2148
9323
-3691
4802
-8609
-1141
7283
508
2686
-2686
3975
4442
4461
1577
-8525
-7969
-704
2465
5485
1075
-3027
846
8857
-4042
-3299
2713
4308
-7528
-789
-7550
-5104
-71
6735
-3663
-6028
-3060
37
5224
3770
4133
-1526
9697
-6802
9793
9120
1311
9574
-9768
5693
-4839
9012
-3845
-9542
-5901
515
-8601
5114
-9216
-5342
-1266
-3408
-9046
299
-1756
-2330
7881
-2997
-9592
-9228
-6225
-1352
1100
-413
2734
-9841
4161
-724
-7280
726
-6960
2079
614
9000
1541
368
-5847
-569
3171
-7042
-1549
4539
-5186
-4072
704
3472
8352
-506
-1770
-2194
-3809
693
-7445
2404
3613
433
8886
5092
6429
7193
-2180
-8018
-5447
-6536
-6009
6497
-1563
2297
-3976
3678
3111
-9036
1587
-5420
7551
1171
-5965
-7233
-8885
-6023
-4677
5469
-5974
-5593
-433
-7375
2839
-4554
-1419
5189
-9651
-6220
-4888
5702
2855
2072
-2727
-8104
-2325
9373
-955
9825
6338
5928
1567
-7302
3268
9983
-1991
-5230
4092
4874
-3432
-7330
5774
-4336
-7574
5592
-1754
-704
-6077
3860
8875
-1634
-7872
-4644
-1590
2828
-286
364
6802
738
9104
7031
-8929
-3929
-4726
5001
5112
7249
2077
-96
-715
2969
9046
8999
2964
-2147
-3609
-1181
5604
-7398
7322
7061
8295
6790
6870
-5458
-9051
-3797
6094
-5053
-8022
9932
-398
-8218
8146
6029
-3285
-1859
-8221
-4367
-2209
-8655
-2129
9316
-491
3579
6357
-4520
8353
-2855
1582
-3789
7803
3835
-1973
9900
3509
-9310
3428
2988
-3309
9790
3961
-1327
2432
-7853
9645
3906
683
7840
6182
-2673
-8797
-9062
-680
-7464
-2300
1995
5639
3805
-7798
-8080
4520
-1618
-5733
5390
-3412
-6306
-9131
-1443
-731
-265
-475
-6637
5612
4151
446
-2957
-3129
9729
-4905
-5284
5742
-2638
7242
-9967
-8025
365
-3295
5791
4362
430
-1666
-5929
1554
755
6629
-4433
7634
8147
2011
4747
9456
343
4021
-3599
-7168
-3000
-4507
5444
-5271
-8130
-986
-2047
7497
-4010
366
389
3910
7320
2529
7333
2697
-4439
2790
-9403
-1670
1627
-4586
9978
3040
3559
-7162
2964
-4792
-8137
872
-4387
8257
5916
-7498
1598
-5745
-4358
5206
2048
-7284
-4922
4643
9004
-5197
9610
-3630
-7505
8648
-6662
-2566
-1372
-9566
1304
-9584
2029
9061
6831
7014
-236
8496
5554
8259
-3967
5522
-2148
-1758
-9424
-7233
464
-2068
9993
4344
9286
5375
9765
2272
217
-9328
7851
3919
-3871
-9148
2818
-1447
8362
2565
-1995
-415
5862
7436
-7472
-7602
-4812
5927
-736
5636
-5355
-3111
-1632
-7160
2429
6403
-8041
5620
-6386
-6979
8778
-234
6507
1926
-7643
7951
-4936
5863
1462
-8080
8356
-7466
7488
5912
-9519
4789
-4925
-7645
7323
27
-4469
5483
-8602
7653
-7597
6016
-6915
5425
4352
-6508
-4626
9330
-1462
-2206
7000
2167
2987
-7253
9899
-3639
5226
-3245
8820
9401
-1539
-6763
-4439
1267
1229
-2031
-3693
-3371
1215
-7324
4076
4208
-1086
-4009
-7086
-9353
8091
2959
-3055
5381
-1243
-8311
-8415
1881
-2947
-6270
-78
-295
-7180
-1065
-2468
8990
-4207
-4241
1841
4099
4393
5307
5231
764
-4948
-2608
7720
-3824
-1453
-1138
-7565
-490
8123
-2129
-9171
884
-9658
-9388
2136
2230
-6797
-3018
-4775
8124
-8101
9356
-2040
2821
8352
-1484
93
-2882
2731
-6098
4042
-4315
7769
-8295
-607
4244
5874
2389
7609
-5787
561
-8470
-8526
5407
2101
-2151
-1359
2822
3321
5979
5107
6078
-2415
5348
4667
912
-9344
-713
-2188
5752
9682
1875
135
5678
7700
-3986
9998
4067
6487
-8670
6677
-983
-5211
-4324
9409
5383
6533
-6578
-5827
-788
8400
-2466
8044
1516
-147
-1722
4074
-7006
-8613
-9363
-8559
105
3527
4846
-5554
9594
-9357
4632
1724
6086
-9755
2957
-8560
-5612
9006
-2325
-3282
9164
2649
-7433
-3219
-1972
6294
-7975
-444
-2044
-8482
-4539
-9964
5412
-2556
-7706
-4792
1435
-1482
-7616
288
-7841
-5986
7056
1924
3214
1034
4365
7902
3045
-3474
-7727
-9720
-6527
-5546
-3656
-9359
-8031
7894
7309
8776
1326
4439
744
1860
-1797
8736
8021
-834
9589
95
-6229
-1902
-6422
-9043
2137
-2615
3031
6856
-201
-2826
-6127
8860
6730
6306
-8266
8452
-1229
4536
3534
689
-691
-9121
2730
8008
-8182
-6953
-3959
8997
9027
-7051
-363
-3249
-1406
-7024
6602
9688
9306
-1364
-6167
-892
-5565
7971
-5899
8763
-363
6406
213
2359
-9871
2191
-5040
4648
2333
-8818
-9335
9711
-8124
-9169
-6446
6915
1049
-9085
7642
7607
7613
-6236
351
-3670
-8017
254
5366
7827
-2228
8671
-4805
-2167
6370
-686
3399
-2364
-8507
-2748
-2803
-6029
-3904
5598
3115
1364
7779
-4922
-2571
-3315
-6944
-7370
-6621
9151
-9733
-2671
-2137
1468
-5002
-357
7643
2486
-2430
5453
6249
3720
-2463
-3840
-505
-2702
-1409
-3720
8920
8779
2242
-4975
-4996
9922
-962
3252
-9041
3126
-2511
6393
5714
-4194
3215
291
-4793
3823
-1730
4427
3130
5232
-7122
-1706
-469
9855
-2886
-6732
923
-5846
-9064
1262
7525
-7534
9407
-4192
-2594
-8025
2795
-5562
-6670
4693
2819
-4894
-5898
-1444
855
6197
-7683
-9781
9230
1792
-3732
-1252
-9615
3386
-3814
7272
6681
9933
8709
-2449
4424
435
-5129
-6385
6557
-5886
9306
-4690
2263
2579
-8532
7573
4027
-4719
7888
-705
-6303
3729
3576
2738
7410
-8722
-2970
5923
-6443
7463
6652
-2206
-7710
3455
-9070
8462
-4467
6093
-3014
-176
7872
-2403
-3546
-4651
-2437
-1280
3793
-4062
6104
-7862
-2295
3375
-9632
-3454
-488
6817
-6671
9257
-8349
-9179
1833
-1294
550
5187
-338
7792
-6433
-7343
-529
9859
-1783
2405
-6205
-9346
-76
-3647
-7514
-988
-8228
7116
8741
7816
-6282
1540
-7773
-2670
-318
9113
8440
-9439
8973
4252
8384
9972
9958
-1499
-2753
1130
3317
-3476
-9620
-8536
4974
5243
-6838
-3136
2638
-3121
-7565
-7830
-8589
7631
-6239
3124
-8771
3933
9201
3542
1656
-3433
-9738
-5087
-721
908
5720
-4391
1297
-5638
-7621
-2949
7734
7115
-9365
-7699
7637
5082
-9720
107
-3367
2146
-7288
7248
-5646
7951
-2467
-6196
8361
-6637
-928
-938
-2281
7796
8357
-7026
-4945
-8893
-156
-3049
8668
-9025
-1632
7502
-414
-166
164
-4358
8152
-3520
5540
-4582
8218
-3970
-4642
1569
-4230
5367
7457
-8104
6348
-1457
-4207
-8004
887
504
1293
7691
-2220
9081
2258
-7363
7556
-1872
-1978
8723
2801
7896
825
3613
5481
-6509
-8839
-3651
-6338
-2442
3169
-9480
7642
3512
-8181
3515
-9687
547
3290
5385
7849
9849
7298
-5225
-9169
-3592
6081
-8524
5909
8736
6215
-1254
1875
3029
-9689
-9761
3768
-3632
-1752
-2037
2911
-4012
-2587
2391
3931
4056
9068
660
-9235
7201
-7437
6810
-9460
4311
6666
677
7325
1762
2554
-608
4887
9062
6588
5365
-2329
-4702
3468
-4045
6564
-7814
-3888
-6842
8046
1565
-3659
6887
7054
-2763
8419
4971
-3913
6763
2884
3376
2827
-450
1756
9792
2944
3623
-926
4674
6640
26
-333
-9566
-5873
4124
-7201
-7315
991
9119
6866
-7998
5142
425
5116
-6428
-4581
4146
-3209
-2534
4175
-9613
3848
105
-380
-7426
2166
-8518
-5391
-3363
1671
-8763
-9530
-8274
9528
4104
-6911
-5442
-2606
7476
774
-6584
7681
5155
-5762
-686
4635
7600
9346
9804
-4118
9508
-371
3568
-2105
4036
4991
4067
672
-490
8639
-4425
2586
2573
-2658
-610
-2539
-9332
2459
-9073
4964
-8334
-1644
-6719
-6323
-1069
9881
2426
5990
-7277
-8210
9023
3229
-4394
9516
4853
745
3594
5165
-6978
-4240
-3306
-9375
7323
-9107
-8496
-7531
3558
7602
-8784
4465
-3802
1100
7789
-827
-3724
3472
-9977
4431
-8018
5714
7815
7603
5202
2652
874
4494
-8006
7049
5348
6776
-9228
-9387
1186
9506
8582
9826
1801
-6043
-6495
8090
-2715
-6174
1803
-9554
9286
-4011
-1516
-6461
-9421
6951
-3403
7942
6037
6621
-2837
-5293
-9552
7785
-8160
-5851
2247
397
-5459
-588
-6904
-2593
7460
-121
-8856
-4900
5342
-6976
8460
-7130
2628
6116
340
-6812
3159
1680
2996
-6681
3388
783
-6587
9983
-4214
2642
5034
-7874
975
-9134
-1308
-491
5320
5547
-3824
-6343
-267
603
891
9680
-5435
3760
-7772
7599
-518
-5638
-9035
-4356
-4219
-72
-9832
1734
2987
8220
5510
5812
-8888
-2227
1796
-3419
-2775
-5226
7450
3409
-516
-9279
-6748
-5897
-4913
-5289
-4121
-1423
9927
7000
7457
878
-1467
-1638
-9195
2574
-3075
7563
-287
3124
988
-4451
7889
-4974
6201
-5040
-2345
-536
3553
-5756
9518
-9794
-2757
-8219
-7774
-8947
-5053
-2546
-3576
9075
-6160
-8898
7567
-3836
-9271
-4222
2616
4230
-5883
3194
6377
-2798
-8380
-7641
468
-7274
-6538
5128
-4012
2343
-6993
6888
-4697
4465
600
-2671
-2303
1070
-7467
6500
-5400
2168
-2983
-2772
-2594
5638
1414
203
-7379
4839
-1696
-9127
7035
5684
-6154
616
3624
-2804
5664
-8120
-5661
306
-473
1810
-9263
-3812
-4322
-335
-3732
8644
3017
-579
-6969
-3496
-368
-8104
9843
9674
-2433
77
4573
7103
-9207
-6553
3693
-5358
-1154
-7427
-4457
5622
1648
-2190
6531
-6794
5357
-5454
8321
5820
276
-3123
6293
-8504
-7779
-8663
2165
-2910
-590
1962
2652
-3042
-4669
5569
-1348
3979
-36
1398
-4451
-99
-2256
6297
-7352
-10
8477
-1169
-9825
-2625
5240
-420
-5487
-5292
9111
-1494
5582
-9264
3430
-264
-4203
-1017
2087
3588
-6043
6686
8509
-4948
1132
-8965
8518
5435
-1555
-9705
9114
9441
9794
1022
9465
9577
-9919
-4212
9444
-9793
-8692
3435
-211
3370
-4243
1348
1316
5519
-281
-270
8935
2121
1217
4978
1083
-3598
9205
-3762
2921
-1625
-9299
-1698
1445
4272
3920
-6336
1172
-7625
7035
3127
6244
4888
724
-3648
-556
-6817
-7431
3605
-6982
160
-4760
-5435
8749
-3869
-1933
1997
5619
4392
9313
3442
-1301
-5819
-9220
-6509
6970
4059
5947
-1876
8200
-1371
7662
4614
-5840
-2576
-5639
-495
-8120
6527
3576
7030
1196
-5406
1784
3786
3694
-3163
-2048
9021
5938
-8261
-4856
-477
9883
3144
7210
8420
-5259
5717
6013
8946
6887
-1278
-5030
-5613
-3696
9313
6867
-1627
3893
6682
-9926
-9984
7564
4307
-1995
-5242
-3902
7274
549
-7405
8416
9646
-4215
-2785
4670
-8813
6462
8850
-2531
5755
7748
5929
-7037
1884
-2951
4396
-6501
481
1576
-8514
2525
-7026
-2723
-5994
-6189
8178
8709
-1848
-5327
7369
8933
7057
8257
2050
-1276
7741
119
1079
-2542
5977
-4637
-2770
-4286
163
835
-9379
-1722
7299
5869
1958
2062
6490
-7402
-6800
4224
5102
-8231
-1842
528
-4112
1601
-2862
-1738
6231
-9037
4560
8353
-8714
-3594
2426
-4759
-2424
-3079
1968
1086
7696
6284
-7107
-5602
-5756
1455
-7311
1234
-6819
-944
4147
-6374
-5890
7747
9993
-1247
-1511
-3222
-6694
8167
-3600
4389
5101
6449
342
-9970
-6742
-5270
-5519
-3456
-1726
6309
-8979
-1356
7683
6422
-9168
-5808
-6216
-5086
1450
-7536
-4035
6027
8796
3112
-7857
9441
-7801
3410
-1099
9230
-2715
-9264
9497
-5186
-8773
3559
8655
-1828
-762
-7279
-6987
6678
-1590
9097
5234
8161
55
9613
-4526
7085
7499
-118
620
-2794
8920
4982
7954
-4316
-4881
4769
5286
-1257
-8727
963
-5298
-8213
5199
4512
-8457
2977
883
9675
-3663
5193
-9040
-6887
9335
3802
-7087
-5656
-7308
-9702
590
9491
1178
-6772
465
1524
-724
-3169
-1645
6553
-8180
6693
3369
-6420
280
-2848
4314
3948
-4038
1896
-5448
-2718
8177
-7568
-8725
-1975
-100
-3860
1231
2090
1878
-6672
8500
9845
-5560
-5648
-8543
-5982
-9210
-5527
-3850
4678
-8566
-2084
-3134
2348
-396
-6920
3741
286
5168
9176
1087
-3277
-6656
-1472
-8804
2994
2911
-2438
2856
7809
8921
5084
5826
-4811
961
8134
5234
8686
6944
685
9263
-8085
-480
-8811
3890
-4704
1446
-5983
-8933
-1591
-317
3098
7574
871
9890
-7747
565
2540
2954
-9927
-8816
-1702
6390
6357
-7002
495
2515
-8382
-674
7391
-8722
3016
8
-6711
-7056
-5481
3439
-2516
4040
-3927
4770
2434
9592
7883
-2542
4332
-2391
7815
9246
-1269
7033
-6437
1162
-3064
-5873
6565
-3295
-3512
-9596
-1074
7926
-4480
-4449
-4639
-2607
-3302
1016
-7237
4719
2235
7668
6784
332
3061
8063
-2461
-8652
275
-3269
-3380
-7192
3289
4866
5093
1105
2141
4222
-2227
836
5268
-130
-2737
8468
-4834
2135
-8746
4544
-3049
8567
8570
-8228
2634
970
-4033
3614
-372
-5495
-1408
-8550
6863
-875
5441
4010
7838
-7370
6745
1032
6015
-1883
-2609
-3505
-4842
8541
-4052
2919
9168
-342
257
1829
-4450
-9054
-3850
-6259
-5697
-7514
8214
-158
7658
-4397
7705
2143
-3871
7384
-686
-5830
-2990
2274
768
8232
-4792
7897
7091
-3767
-6389
-8484
2098
-4988
-9330
-3531
5172
-3719
7776
-7340
-9367
-584
707
-480
-3624
-7871
-7651
-5585
-5572
8905
5947
-452
-7580
9378
46
-7612
3375
3876
-1359
-1883
5477
809
-4126
-3410
7574
6521
467
-2752
-8848
3689
1952
-8780
-2761
-8916
8257
8641
-4492
-6139
1550
4782
-5710
5139
7177
722
9880
1784
-5162
-4913
-4522
-5424
-506
5779
5971
7962
-7944
853
5861
-1550
-691
6528
7059
-2404
-830
-3483
-243
7339
-683
8532
-520
7113
6161
8162
-91
902
9480
-1867
-3765
6404
4674
8195
-2966
-7368
3857
-9452
3690
-2431
744
4072
1378
-5210
-6961
-1802
-9610
-175
5905
-6213
-8266
-7243
4109
-8066
-2848
6257
-3856
-4187
-9863
2271
-6509
-1256
-621
7119
-5434
-732
-9320
-6902
-812
-9079
2988
8946
9418
4537
1507
-8276
-2369
251
3498
-9926
-2869
4870
2284
-8055
8486
-1140
5072
9486
5488
9573
4494
-1082
937
2964
4827
1621
-6829
-4272
7644
-8117
-7581
1980
4185
2762
-5479
1758
-6751
4876
-3787
4092
3180
-4833
-8786
5336
9235
-3124
-3022
-2668
-7604
-8089
6870
1974
-5163
8969
7350
2896
5721
3708
8877
-7228
209
-9538
9047
-9588
350
-2698
4963
-3882
-3431
-4046
-5498
4039
-1272
-2046
4952
-4789
-6143
-7359
1834
399
1888
8671
4585
-5516
-995
410
-4319
-7816
-2010
-9244
-3836
-478
6006
-9564
371
-2171
-4817
4788
9379
-1232
-8436
7565
-8860
9396
-214
-948
2799
1254
-7900
-5435
4327
4064
-8261
7787
8592
9029
-476
3397
1294
-2106
-795
-5104
-5947
6007
-6575
-769
-7948
-4849
5966
-2030
717
4238
6282
-8168
1320
4592
-1593
-8169
-3573
5073
1473
8643
-113
-628
2765
-7147
-1880
-1328
8974
-9995
-9469
-5303
8759
-7861
554
-1616
-7066
-477
-5909
-8775
7697
5376
-2697
1836
-537
-3915
-8574
-3814
-7867
-8905
-3908
9124
563
8309
5025
8202
-215
6565
6037
2348
1006
3277
-3580
-5359
1821
-2355
1727
-2635
-4071
7691
-8945
1301
-7946
-879
-6633
-1466
1403
7143
8456
-7771
6966
8127
-5028
4046
-5282
-9321
6420
-574
3955
-2196
-9532
3971
-9051
-9388
3073
-6709
-4744
2153
-2680
4388
9188
-8216
-4705
5977
1962
1406
3365
-2938
-825
-1756
-1866
-6715
9251
-7569
3399
-2979
-696
-6903
-6693
8549
8717
-258
3993
6476
9189
593
-1504
7864
-8084
3226
-9463
-5446
-8370
9718
-3977
3267
-6037
4671
-8270
4598
-582
-9564
-3437
-8799
8479
-1418
9537
-2666
-6236
8217
1894
5894
9052
-7784
-6463
-7436
-3429
8634
-3149
-3838
-986
-3482
-1528
9090
7573
8784
4286
-4817
-4290
3359
8244
92
-8968
-5762
-178
788
-8963
1474
-5096
6420
-349
750
1608
2915
-9057
-5007
5926
-8069
-6490
1694
5033
2071
6487
-3418
4351
-2729
3261
-8351
-8429
8051
-7612
8668
-5502
-419
-7171
-3348
3420
6761
-6128
-1793
3917
-5889
6820
-4762
-3348
-1329
8272
-2829
7264
4623
2295
7349
9001
-1137
9347
5984
9786
-2010
9674
-6699
-7156
6582
-7460
5410
-3585
7222
-8658
9877
5879
-2281
-5051
9726
-3457
2827
4822
-8462
-628
9642
3741
4123
8455
-9598
-1429
-3338
4975
-9417
241
-7446
-4957
9586
-3916
-2039
5823
719
7073
1275
7180
2811
-9288
8931
9809
1908
-8076
8473
3008
5323
-7926
5714
8406
9034
8002
6776
-7289
-6871
6978
5254
-7204
-5715
4824
1213
7550
3654
-7652
-9991
2953
6084
9454
7231
-5460
847
-2578
-8442
3998
-7064
217
-8401
-9840
-4942
2762
5869
8466
6808
-1300
-5598
-9414
-8787
594
2858
6151
-1406
7123
-5491
7065
-6844
9435
8791
-5879
3171
-557
159
-5839
20
-6675
7424
-2958
-189
-1111
-6489
8014
-4884
-7096
-6533
4480
-2580
3483
-3188
1979
-833
6741
-5120
8456
3668
-5277
-8984
4362
8621
-991
3257
1355
-8970
-7491
-3891
-3958
2371
-8344
-1990
6051
-1734
7972
-2030
7786
8789
7613
9630
-5084
1137
-6023
-3852
-1325
-7909
7063
8180
-288
-2505
-7876
-3256
-5295
8240
1783
-260
5109
-741
-5065
9234
-2458
-583
-8072
7596
-8679
529
7448
7317
-8998
9740
8651
-6862
-6492
4544
6501
6760
-3536
6472
-8326
1400
-7364
-4450
-457
1229
5933
-4022
-550
87
-8847
1614
-715
-6994
6221
6974
1213
-1725
1029
-5406
6564
-909
-639
-4364
-5523
-3410
-946
7925
-5021
-1264
-7868
2612
5360
4744
2084
6221
-8826
-1645
-6504
-6275
1089
-9672
2136
618
-647
-8002
9882
-3750
9902
2750
-4431
-6936
8904
-4439
7994
8798
4324
1046
8009
-4665
764
2657
-4146
-8810
8701
-9203
5622
2078
-1096
8622
8401
3778
-9623
3493
2929
6950
-4859
-974
4645
-3585
1758
-2723
-9121
-939
4371
9747
7803
2430
2896
-5602
-9491
-2004
-6719
-6260
-4266
5300
-6572
-3994
9959
-5455
8817
6485
9016
6706
-8230
-8019
4409
8744
-3861
-6380
9999
9483
206
-3258
8420
-9167
-2987
-7963
-6138
-192
6013
3523
-7213
5866
-3868
-2819
-5736
-6822
9141
4781
6803
2782
9380
1963
480
-2777
9843
-7920
-2917
-8545
1643
-4464
-1850
-2190
4883
2130
8287
1112
-4555
-4897
3740
8639
-3041
5417
3329
-3891
-5245
4544
-1162
2043
6286
-2276
7080
756
-3675
-6852
-3563
-4990
-9165
1318
2507
-9832
-9902
-7181
-4376
2161
-687
4314
1912
-8688
1810
1538
1244
8869
2285
9807
-7662
7901
-2967
-5485
1110
-3108
-953
2458
4726
8061
7902
-1873
-6717
-196
-2411
-2721
36
8241
-7102
-3031
5633
2959
9550
6370
-2151
349
-2331
2291
5892
-2183
-5076
7688
-5129
-6739
-5165
-2499
-1944
-3475
-8
-5933
8210
9177
-3228
-2815
4349
3417
8349
-5978
691
8070
9034
-9649
4563
-3057
9436
4435
2098
-790
-8930
-6288
-8753
-1309
6222
-5627
-5865
7773
-3163
-9060
6869
8149
-6652
-5404
-9952
-2157
-4804
2729
5137
1016
-1353
6352
-9745
-5601
-8427
-3391
-8565
-5217
8877
7942
-2577
-4261
8175
5632
6134
9974
2214
9192
5440
-5404
-568
1968
6225
-954
-1146
-1614
5545
-6623
1917
7413
-7846
653
2813
-5956
108
575
8058
3669
-3259
-8665
-6169
698
3031
-2023
-4212
-5846
-4439
4879
-1864
-7324
8133
3140
-219
-7191
-9911
-518
-87
-5327
-2468
4901
6978
-6854
-3028
2248
773
1727
-8193
-2065
5313
-17
-4453
9269
8185
-6286
-8912
3952
-495
-3300
6929
-2425
5122
3753
-6692
-5338
3003
4071
293
-3183
-3844
-3116
-7667
-5954
7633
2992
-1033
-5801
-1166
7098
-6137
-462
7697
-93
-3969
-4684
-3140
-2396
-7503
-338
-8643
-286
-2372
-3080
-5954
-5590
3521
-8101
-9851
8400
-9831
5700
9154
-3252
4665
8470
861
-4634
1152
7466
9932
-3793
-513
2757
-82
-8530
4272
9843
7836
2029
-6445
4859
6374
-742
4644
-4491
6475
9932
-4884
2976
5925
2987
8270
-6363
-6277
8650
-7081
-3783
840
-6450
-7755
5573
2483
1306
-8531
-4257
-9221
-1090
-1981
-1215
-6718
-1032
88
1637
2314
471
-2821
-5807
3079
-3386
911
-8195
7535
-6685
-2598
-3700
5674
1613
6346
-3426
-549
-4223
-7667
-661
-8201
2243
-7734
4906
482
2009
5570
7158
3972
-8174
9054
-1192
8119
6961
-4695
2640
-3006
-7866
1348
5188
-5378
-1093
-4913
6147
154
5368
4888
-2782
-3415
8522
1025
-9289
-1182
-1684
8129
-6981
8076
-108
8018
6101
4359
-1595
715
-322
3486
1161
-3092
7216
-7439
-1079
-1501
-6903
8077
-1633
110
-8814
-6370
-6962
-8797
-3412
-6532
-9737
3688
-6545
-4322
-9465
3899
-5062
-9526
-8832
-5185
3104
-4995
316
2758
-9898
-8203
-7639
-6015
4228
-5975
6714
-7111
2033
-1142
-8598
614
5020
-597
-9664
7987
1190
4008
-4802
-5961
5378
5570
-2611
9416
2584
-7953
5425
6711
-6276
7324
-6119
6903
-1958
-7612
-383
-2953
-5825
-4735
-8874
9125
338
1668
-7968
4485
2223
955
-4626
831
3060
6465
-3351
-5672
3283
-1958
-5974
1944
7501
-165
-4901
3978
-7269
7444
9812
-5483
6481
-4038
1576
-2992
9095
-5356
647
6618
-5250
9541
-2734
8993
492
-7000
-7062
-7982
7363
4604
2734
3800
-4204
-3519
7321
1423
6589
-9531
-3453
9294
-6010
-2899
-5936
2612
-5395
-6767
-338
-8675
5290
6433
-4663
-3465
-9672
9107
-370
-5381
-4974
-4956
-5313
5294
6853
5065
3261
955
-4827
-3214
-9006
-4057
-5742
-4082
-6273
-4783
-3822
5663
3800
-7898
-988
-6880
-5706
-1127
8592
6655
-2531
2434
9223
3778
8686
5549
6081
6715
2485
6875
-5130
6769
3188
6975
7481
-8402
6617
1874
5165
-1850
-5841
-5189
-820
7325
7603
6881
-4173
3656
-8387
2211
3603
-8272
6229
4097
6394
-1651
-8900
6278
-7368
4659
4998
-7222
-7160
1173
-7943
7827
8185
-5885
4289
-5126
-5390
-2082
852
8225
1312
-3027
3006
4062
8716
-7395
-9898
1833
120
9348
665
-1861
-9389
3866
-5022
8391
1163
-4625
1395
6996
-1803
5539
-6284
7503
6071
6878
-60
1429
-682
8216
-3241
4052
1987
-8203
-3747
-7365
-8367
2471
4098
-5794
-6455
-1749
-9071
40
-5014
-7120
2271
5540
-736
-6370
-3488
1249
5423
-6927
-4156
-3071
9830
9884
-4823
-128
5310
1288
7120
-4856
9937
5524
-6387
5699
-1545
5649
-4726
-5004
-3437
-210
724
2584
1337
585
-9901
-9710
1770
-8591
3896
1350
-5232
916
-5909
-6835
7833
3142
2734
-5686
-4246
-7336
-3074
9307
9874
-8607
-4264
-3638
9968
1133
-6673
374
-2157
-8007
-2341
-7923
-6581
-5889
3744
446
6078
-6392
4608
-8063
-5835
-6649
-8365
-8253
-2478
8228
2812
5204
7247
-547
6610
-1466
8940
-1668
4663
-9756
-4129
8574
3202
-3433
-8273
-6651
3694
1320
7395
-468
-310
4639
2194
-8325
1447
7526
-2802
4411
7960
1740
-2111
-4911
5278
-9593
-5462
9498
8093
-337
-6548
3048
7171
-4549
3385
424
-829
-595
6621
1193
-5904
1610
-7333
6887
-4460
1238
-6020
5861
-2817
-8451
-9917
-1745
9463
1265
-3412
9946
4182
6536
8758
4746
-5310
2689
6750
2832
6851
-6587
-6328
4594
-6725
9900
609
-5451
4579
3015
-8617
-828
-1030
-9244
-8375
-3770
5872
-2104
6216
-4897
7602
4329
2249
240
-1928
-7001
3719
9200
6944
4095
-1363
335
-3539
1770
924
1153
-8957
-8073
3033
9282
5175
5126
9603
7039
-2089
9089
8668
6751
2554
-2117
-2055
-5819
-3841
-2480
-676
-6076
6587
721
3946
2090
4380
4576
7163
-6188
7905
-1982
6646
-3368
2899
8472
-4101
9990
212
-1353
8336
9827
-767
7952
-5088
4702
9679
1754
-9760
747
-2530
-2251
-3146
-4452
-5830
5947
3438
3811
-4147
6577
-8777
2099
-298
-547
-9511
4845
-4149
-5378
2175
6133
3500
1382
1629
5064
5508
-5517
3332
2670
-1964
-537
4334
7350
5798
-5123
92
-8315
-1627
7529
-8249
193
7876
2313
-3641
-9986
2827
2255
8973
-8344
-8868
9216
3377
-5577
3642
-1712
5375
-9083
-8393
-307
-3033
-4531
5032
4894
1889
-6409
-5214
2279
3061
5564
-5935
-4331
-2919
9771
-8020
-7162
7715
-6335
1466
5507
-5174
-7257
10000
-9644
-1797
7268
-8501
6556
-3151
596
8903
-4479
-6472
-2636
1345
1325
4298
-8687
6362
5900
6755
-3920
-3263
2150
9518
-2500
7757
9315
1077
-6463
6664
4189
8234
-5310
-2018
-199
-7902
-608
7992
-6015
-5025
-2514
4514
9587
3747
8959
6553
4891
-3846
9760
8805
-4799
6804
-2784
5141
6598
-3656
4725
1632
9387
-16
-1100
-6158
-1999
4680
3079
-8680
5053
9516
-2005
500
-701
-525
-6708
9960
-9216
9922
-2532
6300
-1894
-5045
-6778
8447
9527
9010
-1546
7608
-4990
-5787
5391
-5114
-2368
983
-1223
5109
4635
9182
-5877
-4472
-5887
-4648
-4356
-7764
-9557
-3044
4072
4419
9384
6143
-6892
-7579
596
-5352
-7194
3690
4264
-5609
3725
8827
-7484
-3889
-4154
-5654
7586
5881
-5538
-3775
-9813
4504
-1417
1262
5113
5
1883
1787
-2356
-4865
-3880
-9212
-3720
-5347
1875
7707
1926
6951
575
-1322
-3620
-6507
-5539
5950
-1090
6999
6091
-3945
7142
-7325
9368
-3452
3912
2384
-1926
-6301
-503
-2063
6156
-9954
-9523
-5268
-7911
-6837
5435
-8779
9452
-7310
-2599
7914
-6267
4665
-4522
-9845
3134
-7535
6986
140
-8439
6894
-4134
-7845
-4188
-4567
-398
-4988
5226
-2257
-499
341
-2749
-5933
8154
-2483
5610
-3253
-7152
-155
315
8767
3007
9462
-6353
-2921
528
1979
8883
-3720
8613
-5599
-906
2582
-998
1071
6985
-9948
8876
8521
-9295
-5477
-345
-6744
1818
-1542
-9401
-6325
-5041
-7172
-115
814
1261
-8479
5239
1159
-2534
-1324
4815
-291
4270
8560
-9221
-3138
-1744
-5931
-382
9083
-8848
7344
-7295
-5808
-155
2414
1510
3809
-7784
-6619
-9664
1773
2071
-7742
7418
-2332
-1309
823
2194
4006
-5253
-358
-7179
-1997
-4288
-6545
6324
-9543
5916
-1150
-7731
5963
5981
7998
3207
6365
562
-26
-9270
7572
2724
8076
6298
7036
4582
-2949
8479
-271
5612
-3465
1045
-204
-5591
-1199
-1025
-3575
-1581
2206
706
1438
544
-5483
-7382
1362
-9946
9539
2454
-8708
-4844
-1380
4106
-3176
-8123
7105
-8457
2666
-9590
9611
4134
-1587
-4041
1835
-1593
5786
2900
-5926
5313
5675
-3973
-38
2012
5959
7795
6570
-1439
4600
8513
1548
-6063
6986
-7746
-9017
8763
-5645
8629
2187
-9250
-5780
8965
-3102
-1338
-843
-3140
5097
674
5104
5555
-3155
-6516
-6453
-6812
4471
-3253
-2109
-3303
4331
-5813
-7252
-7172
-7802
8853
2939
-7670
6033
3114
-5780
-1746
-9444
-4164
-8406
8764
5150
2734
-9891
824
7700
-1031
7296
3753
-4501
6287
-5896
-9158
-7262
9286
-8728
6841
-5385
1911
210
4612
-8295
-9591
2134
8630
-4983
-89
4858
1553
-4280
6630
2216
-6434
-3547
3799
-4848
-7611
-2705
8957
7688
-2295
-4248
-5184
-1151
8084
-5307
-6371
-7526
2889
5763
-3117
-8766
-3841
-9907
9623
9548
5762
-7796
-8874
446
4925
3580
-6301
2553
-5042
-4965
2719
8145
-2963
-4681
8660
9000
391
-1067
4976
-3570
484
-683
-1899
-637
-1065
-8479
-9020
8991
2583
3392
-653
-5205
8734
-8152
-3229
-6177
-7748
-8988
-1869
-880
-415
-7703
-9642
-4128
5223
5846
-7461
6052
-6101
2412
4470
-9669
-8133
-7931
3500
9074
-7920
-6411
494
843
-4708
2551
1735
-5738
-3303
3131
-3801
5318
2819
7156
-3664
2959
-6722
-8974
-3127
-8811
-1743
-820
-9968
5241
-4704
-3672
7220
9272
-1305
403
-6363
1076
-9761
104
4902
2830
-229
8704
3497
8376
5170
5619
-99
1184
-4428
-9569
-2530
-2908
9382
8648
8674
4336
-6776
8110
8732
1493
2489
1367
7287
5170
1876
-1115
-940
-207
-3926
-7249
7187
6600
-4468
-9295
-7640
900
-3869
-1095
7658
5031
6330
2735
-8662
1709
-9902
-7194
5018
-1944
-8505
861
2534
-6317
-6953
8132
4244
-5481
-1193
-7441
5260
3578
6040
4614
-5793
6302
-9949
-2099
-8454
-1889
-9865
8986
4963
872
8233
-135
8524
-8084
2353
-5713
5496
-8615
4825
-3049
2908
520
7182
1401
6319
8982
1752
-5242
-495
2262
-4760
-3877
-1550
5506
7612
-2634
-4162
-3152
-6063
3102
3656
-7550
7475
3738
-8838
-31
9911
-4544
-6505
-3817
9215
-7820
4987
-1171
-3198
-4166
9375
-935
5469
734
5389
1689
695
739
730
-161
6800
-3597
1924
-4687
-9438
8740
3435
3411
-3881
-3522
-9508
-4764
9736
2052
-2564
2581
9368
-2104
4756
-7484
-7489
616
-3394
8540
-3255
-3205
9810
-329
-7362
-8959
-7720
9994
301
1421
2111
8440
-8409
6433
3662
-3138
-2204
1991
6693
3114
-2003
3679
-9809
-58
-8140
-2367
-895
-5546
8586
-3794
3998
-3665
-3798
2538
1985
-2199
251
-9887
9242
-5627
-6879
-4585
-2096
-9149
5009
-2110
5546
-427
-9595
7485
-5107
6851
-4747
-2686
-6956
-3828
-7831
-6664
-8616
497
-7166
-1829
-4472
5971
-3797
79
-7020
39
1680
-9805
9118
-9513
3891
-2479
6510
-7302
-8770
-7520
-3911
-3384
3506
-1767
5346
-4626
3626
4639
-2502
-4380
-1846
2877
-3186
-6304
-2415
-332
5805
-5505
1131
-2867
7800
-5830
9363
-5560
8027
3720
2685
-7641
-1431
-1102
-4122
9147
-9443
4087
9115
-1773
7897
-4003
-4572
7025
-2430
2723
-363
6248
440
-1546
8626
2711
-3793
7413
-3404
-5511
-1918
-8369
-2275
1461
-9838
116
-1357
-2900
6261
-8741
691
4903
3214
2586
-2535
5119
-4942
4564
5552
2953
-6620
-5614
7747
-4809
-8249
1395
7583
-1478
-8657
-60
-3907
-2948
-4495
5832
-7686
-5337
1491
-388
3325
452
1590
-2941
-8262
6676
8567
8105
5888
-4187
-4984
3165
8682
7766
-6333
-7896
-2116
-1648
2015
-6256
-1959
4231
-418
5918
2365
-211
6267
-5903
-976
-2562
3488
-862
9332
5365
4085
6307
-6931
5969
6406
-7929
7699
1635
9250
6813
1504
3430
6353
5925
6763
-8905
-5599
2530
5367
-7360
9948
-5896
3232
-1333
7568
4972
-2564
-6291
-3460
3286
-6613
-5728
-4248
4144
-3591
4290
4011
5195
6003
-9950
-8921
-1883
-4163
3582
1995
-6780
6903
-1115
1328
339
-5127
-7943
3298
-4647
9818
2314
3669
631
-473
-4772
-9569
2849
4718
-8913
-1532
9172
8289
4297
-237
-8001
-3059
9637
1183
-7089
-9754
-4504
-8409
4033
-9849
7138
-1922
-3250
-8316
7287
-7033
-7251
-8637
4375
-1222
1807
-8154
-6295
-6627
-7913
-2853
-40
-8790
-3670
-7631
-8659
3191
2872
-8275
1233
-1471
-1896
1690
-1492
3340
-8027
-1856
-5003
3667
-9279
-4396
5671
6701
3383
-6475
2762
6087
-9549
-4460
-3588
-9676
-5551
-9730
-9473
7742
-4501
-5218
-9236
-9720
3070
7513
9964
1376
-5069
-2297
337
2058
-5051
-3961
292
-2061
-5970
-833
-1932
227
-1542
9054
-2124
-7407
-4062
4820
4465
1170
-1575
-9692
-2960
7675
4617
-5866
-7993
167
4058
-9200
3476
1143
6664
-9363
8600
-1657
-3893
5904
-5184
-7316
-6894
8559
-999
9958
-611
8149
9091
659
-6502
1443
5154
2354
9728
-5798
3684
5679
5848
5770
4039
5142
-2031
-367
4595
-9198
-6303
-939
5402
-9849
4605
5995
4540
-6041
4570
-7015
-3383
-3501
-90
8608
-1656
7020
861
-1741
5242
4102
-9108
-5677
1617
-6307
-7284
-3317
7833
-2771
3526
-5035
6916
-2956
4554
1757
-6914
-4404
-2988
203
-3184
-9728
1107
5472
8245
-6975
-1851
8924
-9617
7777
185
8085
-4858
-728
9736
-2857
-2452
-8947
-8714
9574
9295
9339
3186
896
-5652
3554
-4629
8952
4527
1685
-1627
-8986
9322
-234
187
4243
-1383
3960
-5993
-100
9773
-3838
306
2116
1695
9798
-2640
3069
-458
-9488
-6048
7957
1559
-1269
-5574
-4549
1245
2250
6727
1239
-3290
-688
-7058
9686
1577
-1285
2865
-8495
8125
-8634
-6308
4280
4679
700
-7307
-4174
-3837
5263
-9141
-6891
-2564
-1874
278
-5470
353
8314
5087
5983
5826
-3289
5747
-6835
3679
4177
-645
-7682
610
-3871
-6081
9431
-8132
4113
9232
3594
-4270
-4821
3038
-1003
9842
7784
1077
9896
-9118
-3512
8818
1905
3178
-2023
-1323
8115
7029
-157
-7807
7895
-3722
5529
9167
5840
-3415
-3943
793
5580
2848
-927
-917
7154
1048
1679
2619
8923
7567
6995
-6272
228
5273
1373
7037
1671
54
-7835
-5896
2122
2640
-6808
-4005
-7264
5720
-2224
-326
-7246
-7724
1724
9012
6464
-5398
7022
1481
395
3627
-6973
3691
-4404
-7978
-9903
-7173
4844
3771
-8589
4522
2681
-9252
5491
4745
1360
8706
-5272
8447
-668
-1388
8812
1630
5660
-420
-8294
-7769
-8177
-699
649
8454
8819
7294
4329
3646
1933
-5718
-8100
4235
-1408
5443
-7603
7921
4831
8443
9063
6101
1585
-7484
-4799
3842
-3728
1689
-1225
-4077
-6527
1250
1267
-2232
-762
5552
-2035
-7642
466
-7109
4856
5235
3518
-6060
-9535
9048
-2538
-6605
847
-6398
-7481
-8010
-1240
-3275
3957
1006
5225
5247
8693
-3623
-2028
940
-3781
3900
632
6010
-6275
-2210
-6638
-9380
-3708
-6363
-4600
1004
6934
-1196
-1788
9871
5260
-5731
-4179
5078
-143
-1850
-3111
-6267
8664
1442
-7232
2764
-1025
-1615
-3767
341
-5832
4584
-638
-3791
-763
-9966
-5011
4498
-2962
2853
9762
9437
6366
2890
-439
2123
-2361
7477
79
1387
5632
-2706
-4531
6471
4246
9033
-1331
-2611
2143
-6984
-7889
-4674
-7086
63
-8325
4758
1006
2266
5833
8998
-6371
-2433
5021
-7614
-438
7365
6374
8053
5333
-6938
-6934
-2450
6978
5144
-3129
-5174
-351
-273
1414
6535
7901
9112
-5209
-8547
-6958
5469
-4992
3033
-7260
-7462
8200
5751
-8606
-2802
914
-1631
381
2185
-2864
-2282
-3563
4488
-2508
-3334
4889
1735
3324
5283
4837
-8096
-2460
-7213
-6263
-1012
8451
9794
-6924
-436
-4977
5649
6248
4349
-8407
-4472
9847
3977
-4169
-1507
-8642
8323
-2476
7745
5573
4699
-6403
-2979
-8167
7178
-6426
-5758
-6486
5895
4971
7407
-1397
290
2753
3424
2742
5515
8662
4031
-8502
5275
-2306
8669
-7514
-5973
3145
-5333
-6891
-2972
7426
9085
5699
-535
-8269
3018
4354
1315
-861
-7801
628
-6568
848
-3805
3405
4279
-7703
-9604
718
7701
-4035
802
-1749
7394
-1117
5080
-5015
2790
1578
-2770
-703
-1719
-3347
13
-7416
4100
183
2365
8129
-8461
9492
-3856
7333
-5770
4831
-1733
4255
-3698
670
-5577
4941
-3593
-3111
586
313
6583
7995
-4501
175
4917
3443
-9625
-5360
870
-8769
-3161
-7557
474
-2824
3111
5002
4857
2453
4020
-509
4848
-6319
-76
7136
7142
7788
-4024
1321
-6413
8095
-9381
68
-9209
-6274
2664
4326
-470
9540
-9628
-5435
-279
-4937
-213
-1158
-1966
-1705
-4995
9851
7670
-2284
-2832
7917
-9132
7277
-382
158
-1006
-8379
-1940
8082
-4525
3336
7478
3171
2562
2534
-2231
15
-9842
6009
-2206
6883
-5415
7124
-4568
5573
-1212
6690
-33
4405
-3816
3229
-481
9514
9625
3842
4138
9190
-5029
-9001
8219
-6877
9926
9191
-1858
2790
7839
-9091
6724
6731
3764
-9992
2714
4618
7526
860
3397
-8940
-4374
2293
1309
-9972
3343
-4883
5666
-789
1502
3904
8286
632
3367
143
9440
-3333
7759
-3224
-7128
-5668
4637
9715
-5754
1626
2420
8598
8161
6389
-5116
1749
7301
3141
-7605
9852
2077
-2250
9105
-3130
7077
-7130
-22
6439
3701
8872
-768
9049
9349
-185
-119
281
8183
-2468
1041
5910
-3251
-6586
-5785
5776
-4577
3495
3808
617
9052
3053
-1230
1427
2302
8825
-2397
-2323
-6338
-7444
5441
-2072
-7533
-9921
-125
-6315
5442
-1731
3728
7690
6212
595
-6769
-7116
-3014
3599
-2055
6436
-2098
-7335
3365
-9487
7531
5576
5655
6984
-8451
-9404
-3512
-6225
-980
-354
-9735
-2163
9947
-3229
6110
-4518
7720
-9265
-6076
3210
-4248
-2124
-2486
-1038
6336
780
-1790
7520
1113
-4491
312
-1399
2551
-8067
2691
-1035
9258
-6756
-1528
-4879
7672
-4841
9365
4137
-1046
-4071
-1679
-2993
-1628
-9303
6891
-7826
8467
-8065
3406
-1392
-3318
-6759
-480
-6806
804
-9323
-5060
8644
-2236
-5758
2965
-2391
-8141
1635
8828
3117
-6017
9882
-7741
-6863
-1370
-1689
3285
8152
-6474
1480
-4877
222
-9719
2973
9825
6408
1281
2955
-6039
8803
-2988
3625
-1000
-2360
824
-2805
-9375
5892
-512
-8651
-1884
-2813
5331
1043
-817
-6642
-5215
8256
-6248
1182
4791
4239
-4592
8272
-9213
796
3424
6454
4468
-2638
1789
-1603
-9398
-6932
-4855
7295
-3054
-4008
8396
-4388
-2873
4147
-8019
-6896
60
4956
-8969
7182
5306
-68
-6856
4505
1444
-6695
2453
-233
2647
-5207
-6021
1794
5610
2095
7343
-7514
-4960
1688
4760
-6576
-1782
4391
7804
4619
886
1897
6383
-9245
7395
9242
-9162
142
-9743
7619
-5039
-5452
4362
4228
-9363
-8243
-1731
2085
-1391
-4575
260
7141
2556
-6151
-6742
6131
2759
2917
-4661
6618
-3243
9222
-3840
-3157
-1293
9407
671
-2339
3986
9599
-8059
416
-3866
-7824
-2334
-5673
3428
-5872
705
5426
-5450
-7408
6650
1337
-529
-2993
9989
-6221
9810
-6051
-2730
9844
5434
-2293
-4571
-3443
8227
-1830
-7980
539
-1286
-1324
-4600
1087
-4569
-8006
809
6929
-1665
-8145
7248
8031
-3387
1902
-8635
1148
-3861
3442
3067
2617
-8995
-4112
233
8131
3929
-3788
-8987
6419
-5753
-555
-3556
-7736
-4917
-8967
-4615
-2332
-2777
-5776
5990
-4800
-3724
-2384
-2552
-3000
3093
4782
8372
1057
-9879
1649
-1692
5063
-9600
2150
7767
-6567
4745
1183
-2338
-2001
5169
3591
9680
-7123
3141
2241
312
7142
7655
-7756
-8410
3536
-3779
9673
-1246
-7017
8257
-2003
-6846
5924
231
-6618
7196
-1405
6071
3485
-9348
9036
-1978
-4532
-7629
4371
50
4251
1193
5018
759
-7022
3659
-2154
5662
4622
1495
2811
5452
-5908
-4460
7885
4962
-217
7422
2131
-7793
-9731
7842
-45
944
5260
9516
-6957
8514
9259
-4330
-9773
-569
-8590
4991
9006
-875
-8205
9617
3689
2569
8008
-7717
-8577
-1356
705
-5052
6343
-4249
-5304
-6528
5394
5453
-3747
-8212
-7765
1729
2856
6397
3212
-6888
-8139
-9086
-377
2412
-3572
-5128
3454
-9757
3303
-7136
5923
1744
-4425
4704
3955
3454
-8231
1081
-7383
-6649
5614
3008
-6626
9832
-2553
-7355
1294
-2352
-9403
206
-5504
9433
-887
-6453
4285
5974
-5409
-2862
4475
3875
9846
2080
4874
5226
-4459
6215
190
246
-9272
360
7483
-931
-3961
-3469
-810
-233
2956
-6436
-99
5643
3068
9552
-7633
-3877
-2601
6732
-773
-1030
-7497
-1093
-3767
-7194
8548
-122
861
9338
3774
-4501
-8287
1497
-5231
9576
-3154
3655
6302
-1856
-4986
-5747
-9872
7188
8293
-2116
6322
-5869
1399
-9333
7045
-9129
-4644
484
-445
-6505
5012
1883
-1916
-3276
-5495
-8498
-7017
751
-1273
-2974
-4450
7700
-9630
-2224
8737
666
7764
611
1571
-3754
4165
-8885
-6856
-9053
-1993
-7403
-4698
8165
-9533
-4572
-3559
-3494
-4154
-5952
6328
8834
8515
-7797
6391
-1999
7971
-67
7754
-7133
-2667
5712
8802
6711
-1560
647
9994
8983
-1925
-5503
-6778
-8033
-2338
-2
-5340
2717
8184
-207
-8656
9896
9932
3846
-3564
-6492
9018
9456
5472
-9232
4978
-5205
9659
-8922
3166
3518
5113
8578
7686
7559
-8530
5197
1071
-6245
6633
9739
9132
-9592
-9944
-3639
-7194
-4086
9958
9953
-5702
-421
5641
-2491
6905
-7354
-1726
7576
-1778
9302
-6683
3149
4272
1960
-3209
-8620
1133
8484
7864
1749
3899
-7057
-3076
-3155
-6884
-8734
7618
6822
-3932
3155
-2718
2579
-9085
7369
3008
5960
2067
8970
-7927
5983
4161
4139
6518
612
4370
-1119
9184
-2677
7712
1204
-4408
3682
8284
7861
4182
4389
-4544
5050
-4307
-7973
809
3715
4467
5950
-8721
-2934
-3652
7423
-2786
-5961
770
2903
1684
-7692
-3384
-3756
-6825
5919
-4856
-4358
8528
-1495
414
-1987
4365
-7007
-3110
-693
8565
-5271
-3763
6847
7770
-2736
3974
-2903
-6394
1117
3848
-4032
6771
7832
-3640
-783
-9488
5601
-2506
-9003
-2785
-5795
2835
672
6904
7699
-6513
-8864
8751
-8662
-8099
-3996
-4435
3257
3017
7520
3988
9405
-6575
1844
3619
3819
329
-5270
-4654
-2581
-3983
8443
9241
5505
-7531
979
-8468
8546
2173
670
3455
-6317
3692
2889
3908
-2562
5750
1222
744
3837
-2720
2235
-5398
-3952
7078
5989
5701
-9183
-9847
2665
6578
3981
3795
6245
-6697
1738
9417
-7205
3201
1440
-1800
8450
-6272
5942
368
725
-5990
-2800
-6316
8723
8884
-4042
-9349
-8876
4896
-2310
9421
1165
3419
-7387
-6155
632
-487
-5626
-3710
8690
-3350
4399
3432
-2214
-8408
-2088
5280
4533
-6010
9422
8972
-5964
-2076
-8419
6285
3792
-3312
-4896
-6683
-2602
6821
5097
-6102
7183
6299
4988
-931
3212
8953
7288
305
-6318
-1385
3164
-4020
4876
-8053
8632
-4848
5118
-7336
1054
8629
999
7384
-8703
-2972
-7005
1684
-642
3973
-4543
9036
-3245
2877
-8617
3813
4523
6189
-428
-9600
2225
1909
-1881
1914
2553
2448
-1736
-6857
-6373
7173
7296
9672
5805
4527
-6910
1624
-8785
-9905
-489
-2096
8479
8572
4949
-8746
-2551
7449
5172
5065
6038
1386
-707
-3390
7030
1351
-3663
-815
5321
-5884
-9112
7561
1546
1202
6906
-4714
3765
-9037
-1481
-932
8823
-973
-1167
-51
-555
147
-8436
-8106
8316
3398
7594
-2728
5982
-4528
225
-4689
334
-2441
-6573
7035
5981
5983
-2616
-951
-7048
7039
-6496
9276
-5936
1781
8756
8561
4277
-7279
6123
-2825
-900
4392
-2638
4218
-1970
4808
-8638
-5741
1961
-5960
-4491
816
3166
4352
-6729
-9129
-5039
1638
6800
3581
8966
2201
-1324
-8050
-2555
-7538
-1424
357
-139
5877
1350
5069
-3988
-2593
5515
-1110
-7047
6329
2094
9551
3795
7235
-9296
954
-1696
854
5487
180
4753
9901
6867
9898
-3704
835
3930
-5088
2885
-213
249
-6439
-9314
-2604
9667
2547
2647
-4745
-3764
-9545
9953
6356
-4286
-4088
4627
-3712
3195
-8214
-2065
-4544
-867
-4489
7857
-5292
-5952
5475
-3076
627
2049
-3499
613
-1781
-7253
-4689
-9061
9425
-406
2925
9349
-1973
-5283
-7384
-1268
-8067
5229
-4174
-952
-6424
-2952
7754
-6399
-7199
-3717
7136
-6578
2238
5173
6857
-1825
5598
6455
9061
5545
4878
-9482
-6343
3453
872
6798
-6360
2288
4882
-74
-9405
-7544
7860
8220
-6842
3763
707
3429
-9600
-137
6254
5330
-6538
-1917
-7146
-277
6912
2850
-4846
-3691
-1214
-1087
-3666
851
-4270
-457
1498
473
9370
4839
632
-8977
-8013
-4224
-7388
-9814
-3672
2516
9421
9067
4962
-6264
9128
-5739
-6028
-4953
1802
308
-4364
-5753
-1248
1539
-4249
1900
259
3329
183
7158
7978
629
3669
2911
4058
844
573
-6533
-460
7748
7889
8521
2422
3285
1465
-4453
-3162
-7089
5376
-6703
5952
3726
-9025
840
-6402
3986
-5213
2736
9693
-2512
-4556
-5340
1970
-7971
3876
2656
1151
7358
619
4939
-5324
9288
5472
-1213
7951
-4091
-5503
7503
1450
3742
-1718
480
1915
-7405
-2076
-4711
-7359
4447
-8624
6101
-9904
-4220
728
3316
-9216
-1748
-2868
8354
-2397
-1591
-7254
-3469
3316
9617
1008
2016
7138
8048
-309
-7993
-2839
1984
4276
8959
7439
5556
-1444
-4611
8719
9491
-4429
-8552
8626
3145
-2134
1979
2396
-993
-938
3712
1129
7865
9174
-6281
-7097
-3374
-8343
-2434
-3332
2828
9786
4672
4348
-7320
4412
7478
3175
-1282
9235
9133
-6534
6651
3526
3634
5981
8055
6745
-5875
-9585
2835
124
3116
6102
-1001
2075
-6222
5964
8721
439
5359
4066
6306
1
-6137
-7381
-2012
-7342
-3641
-9279
6486
3788
-5555
-8549
-5477
2863
-832
-5921
-9782
731
-6030
9060
4119
-7260
2523
-3988
-1169
-9971
11
-6141
-9917
-5523
-1881
-7068
-4568
1541
-4898
2497
-4284
4412
-2885
-6704
3498
-2726
-1830
8322
-488
2798
3382
1371
5616
-8552
-9385
-578
-7311
-6647
-6959
4921
-9200
-8793
3579
-645
-8778
87
-6030
-5786
-9019
-2084
2598
7740
-1269
-1115
-8549
-8405
3604
-1340
7906
-3289
-7592
-4841
1073
658
-9505
7925
-3885
4687
-4894
-6162
-4507
5241
4554
-5110
9714
5102
9273
-533
9466
2451
-8284
-4703
8230
-7828
3839
5861
5394
-805
902
3
-4643
5360
9078
7198
-1676
-7570
-6963
2639
1400
-7536
-4926
-6130
-9739
-87
3481
2499
-305
2537
-5988
-8698
3727
7618
-6512
-8718
-9739
-3176
-701
-3748
2516
5873
7144
-8403
6336
-5717
-8972
-9053
6310
1131
-6948
1400
-1791
-4228
9411
7498
-6768
-2518
2542
9035
-799
-2266
3463
7208
1445
6076
5968
2130
8180
68
-6118
1595
8659
-7980
-8079
-6036
-8844
-8388
2133
-7385
-8806
5008
-3010
8980
4300
-4107
-2496
4191
-6271
1544
-8473
-4850
-2630
5012
5845
-1392
6273
1946
8063
7378
-5826
-8249
7251
-2862
4496
8576
3100
-8279
-7000
-769
4133
9225
955
8466
-8575
1466
-6303
-3659
-3462
-6589
-4560
-4399
4979
5632
2772
-4848
-8313
-7913
8664
-507
4688
-8270
-4064
-7333
-8348
3965
7921
-9021
8071
-3945
2991
-7340
-1853
-5337
-99
-8807
6343
-1506
-3618
-6819
-3281
-7260
-7505
2638
893
-588
-4870
-4337
6279
-9668
-3647
9272
4024
-5664
9404
-2859
-7477
-8819
9700
4651
4845
-6067
541
1321
-8723
-2108
-2896
3377
874
7113
4454
5609
-297
7615
8258
1532
9197
8423
-3885
-4324
7042
3584
111
4924
1409
5441
-2599
31
-930
8056
-2492
-6033
-7161
-5578
2289
9878
3526
1662
6762
-6281
9942
8159
4748
-1938
106
6738
5235
-2543
9007
1261
8311
-1102
100
7860
-8455
532
-9924
2025
5101
830
6215
5623
-9623
4075
-2892
-5076
1761
-7204
1778
7655
-1065
-1834
-4275
4888
1698
2061
-7385
4726
8001
-227
9036
-4550
-2527
731
-2449
-9538
1733
-4225
-2344
860
5238
5039
4814
2534
1280
-1904
3387
6826
7941
1474
-1061
-3527
1834
9900
-1946
2879
1630
-2456
-1233
-9777
-9481
-5496
-2725
3694
-2797
1002
2791
-4586
-8417
-5091
-9000
-732
4228
-1448
-8347
3969
-5846
-2807
-4553
9476
-4977
3921
1088
-9104
-2874
-9838
-9521
3286
-5778
8927
6600
7621
2901
-1756
-2572
-7312
-6829
9172
-7362
7792
-6808
-3875
8022
6389
-2674
-9315
2750
6412
1196
8037
-9133
-9734
-6625
-4326
-2238
568
1462
3366
1951
152
-5464
-3960
-4632
-9914
-260
-1690
-1598
-5001
4954
8422
-5910
7005
3472
-3309
-5591
7378
1865
-9043
-1455
-9712
-1565
-5244
-8019
-7640
-8749
3594
-7043
4735
-1892
1596
3300
-7424
9424
-1350
-6375
9098
-7381
6264
-1327
-7038
-2768
-1192
-781
1636
-652
5212
-5079
-2769
4534
3577
8097
-1360
498
-3845
795
2820
5308
3584
-1237
4879
9
-6610
-2686
7409
-8218
9194
8160
-5
1038
-8750
-7747
4038
5196
-8228
9641
-1332
-8451
-6327
6296
9080
3965
-8203
-7234
-7048
6586
5874
-225
-7391
-9495
-1710
-1647
8511
205
-1736
6820
-4256
-1389
-9428
3498
-996
-3571
-2375
-2379
1083
5102
4825
-8380
-9100
4527
7968
-5601
9289
-2534
781
7778
1584
-639
-9699
-6145
6145
-5861
1654
7917
-2928
7939
-2498
3248
6965
8021
1497
6611
-2549
-1060
-126
5777
9322
-9666
94
8681
664
-5421
-7058
9844
1672
4122
-9614
-9023
-7241
-915
2042
-929
-2161
3181
4892
-1219
-3090
8940
8691
1839
-2328
4671
1043
-3823
4424
-9574
-6083
-2013
-8423
-4845
4490
7625
-609
5259
-712
-9188
9760
-9413
4664
4912
-2645
3953
-2067
7026
-8691
5321
7120
9410
-5836
-4447
2874
2419
-6807
-7814
-8177
4887
-7508
4948
-2701
1343
-6891
2333
-4184
469
-3727
8457
9725
5747
1739
-9200
2792
-711
-542
-9839
8908
6979
-2718
-1294
-7034
-9222
8189
-5252
-6028
3459
8213
-2160
1148
-8704
9057
-9128
-3634
9783
-4274
-9984
1460
4036
4746
1771
-2225
-8108
-7296
1044
8199
1815
6897
-5205
501
-7286
-3391
-7223
7597
-2170
6635
-8773
-5489
-7236
-3593
-7035
-12
7091
-9918
-1790
-5035
2450
3806
-2876
6613
-3744
-2398
-8406
-4619
2949
9732
-1577
7556
-4886
-8763
679
-6573
16
-7075
-9517
-7052
2874
-3067
-4841
2127
-3298
1168
-6648
660
-5307
2165
8054
3070
6938
-4782
1477
-5989
-1732
-2566
256
7949
9970
-3210
-3894
2456
-9688
781
7386
-5554
8996
7996
-7901
7439
2055
3252
1136
-3922
-6483
3781
-5071
1629
6924
9017
5776
-9931
-2118
-1120
-4156
2438
-2742
-604
-954
-7878
-6979
-799
4583
7248
-9483
1844
3611
7851
2583
-1141
-4629
2954
-946
-2703
5144
-9300
-5043
-2300
4553
9141
-243
-5986
8136
-6993
5241
9129
-1977
-6849
-6138
-5718
6146
-4933
-844
-3424
6481
3305
576
824
-5414
-4610
-7104
1930
5492
-5977
9213
-3886
-2447
-2445
4530
5457
4906
-6767
2601
-611
-5565
-9410
-3598
-409
145
1218
-2841
7159
-5705
-960
2009
