-9813
5391
7506
-9750
4861
-8098
-2828
-1905
-4193
-960
-7889
7636
-156
-8843
-155
559
-4006
-7554
-3994
-3610
1485
9446
7479
3333
1485
-4534
860
1307
6555
-2673
412
9784
1295
9721
2078
-3994
-7475
7352
2822
5460
4979
-8872
1094
-5811
6235
-2650
4647
-4264
1656
6477
-9679
9440
-7370
4058
-2958
2254
-1569
-3735
-874
8781
6412
-7005
6534
7998
9567
-1900
-757
-275
-4855
-8914
7366
1680
7598
3767
-480
5988
-754
-7100
1974
-2712
-4163
-3453
-957
-7551
-8368
-8184
3590
3920
-6600
-951
-9831
7803
6521
-6802
9489
3970
-864
2283
-4206
9659
-4566
9345
2037
561
-2404
-2158
7819
887
4235
19
-4552
-6455
9101
6704
1552
-5195
9244
-7961
-7589
603
3545
8155
4574
-7652
6983
1392
-8750
-6144
8494
5104
-3524
-2447
6182
8743
-1270
-928
1700
9888
3846
-1937
-5695
-8092
-2945
6487
8503
185
-1128
1172
-9951
-1438
8160
-3642
9022
949
-590
878
4318
-186
-6020
-4131
-7242
8768
-3260
6303
-2236
-9055
-8114
-4724
-848
-2029
-4225
-5331
1747
6952
-2464
-2387
-7235
-1479
-6127
3787
7480
4999
3413
5186
-3758
-6948
-8017
-6468
-9760
3324
-3453
8776
840
2736
-4898
3675
1461
-4657
-2884
7954
-1887
4697
-6543
5413
-3833
2570
1769
9962
-679
-5662
-4716
-8097
3450
-6728
7458
6908
2304
-2721
984
-3484
-9894
-5879
9027
4463
-5654
8080
6697
-4707
2409
3287
5467
-6214
8368
-9707
5338
4535
8326
9446
6119
7489
2135
-5163
6683
-1163
-1067
-4061
-7205
-2117
117
1040
9181
-4376
-3972
-3702
5288
-3763
-1322
8389
-2674
-1793
9551
7176
-9529
-843
-7661
-1805
-7434
-4351
-4605
-9858
8801
-4486
3541
-3152
3624
66
-4787
961
-2701
-5822
-8089
4036
-4734
-1974
3742
-5296
7001
36
-3844
-9425
-8465
-6529
-9683
-3287
6772
-6283
1027
7648
-9822
-1323
-8136
-4659
7999
1714
-8156
-7385
2513
724
-7464
8757
6344
8995
-3815
-721
2019
4162
-9638
-8708
-9122
-2520
3840
-2835
5230
7666
-9694
-5996
-9840
356
2664
-9222
9006
-9681
7791
-5325
-2538
375
334
3054
-3953
-4502
-8445
8760
-3647
-6075
-6896
3178
7650
-4264
3593
7937
3514
6593
-4548
-3314
2596
4894
-350
-511
1013
-674
-2959
171
-5190
-7653
-5148
568
-5604
-2752
228
-6062
-3212
-3014
-8620
-7221
2894
-7857
-3463
-2805
7624
-9024
4208
3801
-9921
-5347
2795
1035
-3582
-9780
-4202
-3031
6970
-603
4019
6201
9038
1125
750
7835
6718
7499
8734
1039
749
4030
-539
-438
4237
5981
-9650
-1409
365
-3738
-1744
-6617
3187
8332
-9478
1609
2246
8613
-5949
4345
5228
1391
-9894
-9995
-7259
-6209
3226
8845
-2638
-2002
7197
6861
3049
4572
4026
-5713
-97
8462
2265
-297
6572
7140
1974
-5699
6487
4189
2729
-1015
-5260
-7878
9373
-4803
6864
-3166
-7021
1698
4545
1373
3844
-79
1151
7170
5264
13
3689
8159
-6873
3223
1450
-3530
-7016
-9084
5041
6083
-553
-5
-3835
8423
4682
6751
5382
-3316
-538
-1078
3622
-5984
7004
-6506
-7967
-2653
-4376
5102
5137
-5610
376
-4657
1343
-6568
8327
848
8005
-4484
4980
-4024
-5463
8174
-8577
4839
-1909
6161
-5725
-756
-6475
4124
249
-2957
-2978
-9378
-1804
441
5521
4855
-5554
-4131
-7197
-5798
3455
-1690
5849
-6051
-6801
-5909
-2133
-2069
2955
-4565
8796
-4781
-1040
7336
6808
-7824
-4183
2733
-5160
5725
7260
7242
1326
-8847
8807
2
2498
-524
2439
-780
6947
263
2715
8564
-1424
-7704
-640
-6484
4080
3904
869
619
-7411
6368
2090
7287
895
2249
-9496
-1326
1992
784
1910
4616
-6780
8857
7800
5596
3231
2120
-974
0
3335
1587
1831
5620
1440
3577
-4414
-1664
8615
-2914
-4838
1590
-9759
4493
-1073
-3759
8565
-27
-3216
-5282
-1950
-3047
-411
896
-7228
9673
490
6595
190
-7311
-2687
-3219
7228
-6137
209
3939
288
9524
3225
95
-8844
-9826
-7071
4986
1956
6934
-3022
-3303
4756
13
-9339
-8068
-849
-3160
6412
-6890
-3432
-2934
-1541
-5948
-9977
8057
-9139
6372
920
-8764
1761
-4678
-2381
-6671
-1421
4943
-1065
-1094
8417
7915
-940
-4669
-402
5308
7283
-2649
6866
6721
-8869
4560
8191
5804
8715
1916
-2567
4225
4710
-6105
2652
-2536
-4642
-6904
-4655
6502
3724
-2502
-3221
952
4110
-5291
8862
-1815
-7850
3656
1522
7211
-8804
2606
-2784
3093
3608
83
1770
-4065
-191
6828
6693
6852
-2586
6259
596
6580
-2877
4210
-5886
6486
9328
5197
2530
-9240
899
7662
9852
-3993
-9956
1549
283
4288
-4491
4556
-4372
-2587
-9689
-8429
-4095
259
-1218
9709
-4928
-7097
-6671
-2292
8326
3718
-7300
-704
-5923
-4395
-4685
606
8584
-6462
-9610
-9978
-6596
9346
-5838
9728
6499
6140
-1366
-3092
-8896
-1951
-6581
8442
625
8769
2834
4330
-1427
-2449
-3118
2975
7369
-5431
1547
-8952
-5048
1358
9856
2443
-6092
3093
-1355
-5695
544
-880
-4075
-5252
-810
8710
2400
-3497
-6517
1043
4247
-3027
2545
7801
-2462
2115
-2046
-5586
4003
1173
-8836
-4204
-8033
-2069
-7923
-3017
-943
-6438
-5511
5310
-2245
-8331
4245
4848
5432
-2821
2303
-1819
-7871
-806
6414
6686
-6629
-6078
7230
-4888
9207
7513
-3195
8147
6095
-9837
2207
8844
-4735
-426
-8358
795
-5870
3846
1479
-2396
-2997
7759
1670
2482
2851
8115
-723
-3462
4960
-8079
8222
-6280
-9750
913
4838
669
-756
-3945
-1564
4452
8983
-1971
4760
-8909
7465
-9634
-6984
-9284
-5812
7784
-3225
-3534
9163
-7315
-7233
-7185
636
4944
5218
-5633
-9272
-7337
-3087
-3456
-646
8224
9034
-8527
-8391
7684
-1329
-2836
2238
6206
7960
3730
1844
2109
-7966
-8455
-4027
-1543
7356
1520
-2640
2817
9826
-4050
6459
-7667
6817
660
-4182
3521
-9447
7415
2356
-6782
8358
-9856
-5986
-4023
2929
-3187
-3006
8064
-9990
-1095
7741
-7650
-9114
-2563
-2324
-9682
9576
2426
7903
-8292
-9908
-5666
9588
-1307
-1309
-5971
2964
4999
594
-2677
-1089
7886
-9379
-9672
4199
-2653
2871
-6817
-2614
-2869
8521
4291
6610
-9876
9118
-4103
8770
-1219
2476
-7822
-4220
-9580
-5864
551
-8967
582
316
9057
-5567
9210
3844
-9658
-1064
-4206
4660
-2433
4612
4652
-3761
-5640
-7997
-6374
-9867
-5294
4371
6984
-4933
-7559
-792
339
4771
-5112
204
-7741
-2352
-4868
8536
3572
1596
-6600
-6448
2279
4727
-4638
3036
4583
511
8633
1396
4348
4949
5595
3015
-3910
-8167
5202
3000
3300
-5859
5707
1584
8788
6455
-9115
-4091
-7298
-436
-750
-8346
7500
-8214
9059
-4651
7313
-8966
5995
-1188
-7314
-1412
-5369
-5157
8958
6060
9140
27
-1254
11
6755
-5414
-2856
463
4339
5937
5804
5907
-4224
-6956
-3409
5404
-1747
-3629
3418
-1934
1101
-1224
5307
-5426
-5582
4623
-1814
6674
8650
-674
8911
1757
-1306
-9163
-6601
-12
6946
-161
-6754
1297
569
-1053
-5578
604
-658
341
8493
-2407
-6522
-5710
-5850
-3834
3341
-6741
4622
9413
-2208
-537
651
-1308
8292
9649
-1270
8608
2319
7757
-7521
-512
-878
-7562
6612
-3971
-3820
606
708
-1835
-4244
5484
9600
-5073
305
2149
-305
309
2112
3051
-7939
1493
3363
-9758
-4000
-242
-1341
8760
2723
8748
-9868
-84
-6384
-8312
2038
-6232
-4197
-4979
-9305
9362
4215
2080
-8889
-1554
-4294
-6552
-1316
-9585
-1498
3943
2225
-5638
7750
-4870
-7903
-1886
5485
-5490
3327
-5666
8217
960
-9984
-9902
-2814
3205
1897
-3671
-6705
2736
6776
980
7677
9028
-1258
9000
-8260
9290
-1945
-6893
6562
-8642
6736
-4999
2884
837
-8428
-5240
-2793
-1240
-1744
1023
-777
-31
3056
4790
-2436
-2406
-7929
72
-4373
5310
1949
-3551
-749
7664
9271
-5944
-7453
8807
-3500
-4544
2242
-4802
-8740
-6708
-1194
8777
-9963
3606
-4064
-9675
-8937
415
-3186
-5842
-1884
249
2625
-1913
-9629
-3709
6575
-4738
-3637
2279
-1568
-3735
8788
-607
8413
-1515
-9853
9589
-271
-9968
-6624
-8096
8070
-8522
8509
-2565
-327
-2285
8002
-9442
-4315
-4399
6920
-9923
1808
-4319
-5464
-2298
1638
6099
2951
4510
1197
-98
7074
-4159
4254
-9747
9626
-490
-2411
-8844
1746
-5732
7154
-364
-9064
9613
-909
2440
-7002
-4907
3625
4499
7006
4814
-1080
-5192
-3292
-1693
-1002
-1939
-9899
4808
7167
-9152
275
-1369
9460
-8481
-4760
7694
-123
-3527
51
1233
-3436
-1453
-6576
-3977
-2783
-178
8421
-3215
8007
681
1355
-5456
-8637
9072
-4734
-5552
-4990
8423
-9899
2613
-9813
-880
3747
1721
1916
2463
5300
-6708
8314
1180
-9398
-1700
-3403
6200
1086
-4853
-8047
-7346
-1165
-2315
-6508
6188
-3722
6599
565
-4209
8480
-3651
9415
-6951
-4130
-404
4065
5364
4900
-7075
5661
7240
2338
3362
-1820
-3520
-4808
3190
6247
-6605
1925
5095
1491
9664
-4918
-1811
-2761
4311
-9545
426
-6766
-9289
600
-1741
8538
-508
-7304
-1224
-6986
4999
-825
-9692
-8886
344
8785
3020
-7892
-5899
-1520
4387
-2848
9431
-9320
-8823
2350
9824
7547
5761
-7819
6735
6627
5288
-559
-2160
4909
5045
1692
-8974
322
-9912
-4591
-5997
3501
-8789
9983
5328
-3047
-8095
8528
1932
8067
5757
1782
8963
3515
9706
-2910
7038
-1508
-4221
710
-6167
6827
5754
2479
-1697
1953
-6458
-2677
6659
-4563
-6771
8856
-6011
-6123
4648
-133
-5195
-4049
1164
-4331
9417
-9856
-9509
-4275
5828
2163
-9105
-408
1244
212
4999
3765
-7171
2138
-7208
1480
4691
-7165
6927
9875
-3892
6342
-4862
605
2496
9885
-8890
-5416
-5471
-5285
-4652
2640
-5755
9925
-4968
-6776
9133
-3302
-16
8583
-8501
-7374
8528
6062
-9324
1848
2775
1217
9796
9222
6267
-4095
-2258
-6519
7356
9521
5965
-3591
-2544
8868
-6664
9446
1637
7509
-9506
-3750
3031
-1745
421
2627
-3043
-7118
5040
-9287
-9825
-1935
1529
3318
-9393
8823
7240
9832
-1667
8505
-5840
-5982
7657
-4458
9637
-5182
9568
-9913
7966
4904
-7794
-6109
9151
2791
9338
-8580
7785
-6
8320
-3523
-355
4596
-2918
7387
5033
-1356
9242
-6172
2514
-4829
3414
-9392
3836
4009
-7818
-2485
8190
330
679
-2906
8613
7407
-7916
-8365
-2108
-8090
6369
-7694
5735
9618
2445
-5798
-1357
3070
-1402
9559
-886
4398
3891
2307
-7383
-9236
-1817
4437
-1208
8036
588
6931
996
-3442
-1645
-1884
-9962
-7124
-6212
3151
-8612
5708
9930
-4515
1138
-2212
8105
5443
9814
-6410
6680
8822
-7274
7350
9172
-519
5325
-2045
-4538
9187
3957
4360
-6972
2972
6040
5480
-6728
7832
-4645
788
-4409
4652
4452
-7715
-6006
2422
3657
-4422
-7909
1960
2723
9297
-1407
901
-1499
6547
8815
-8036
130
-8963
-5939
4318
-3033
-8193
-9208
-4098
2236
-5342
-4509
-4640
5938
-8883
-4762
-249
2008
9077
2636
-2579
-5728
-8127
5794
-5234
1189
7032
3582
7253
6212
-748
-6002
-2766
8365
43
-2927
5652
-7829
-715
484
5129
4804
8975
-9381
-4163
-8266
4011
-2235
5610
7659
-1192
3112
-8731
-2517
-3399
-213
585
-1291
-7352
7936
-6574
-9534
7079
5536
-5120
1034
-5112
585
4900
4253
-5366
-4578
-2272
-2416
-1464
6785
170
304
4479
-6213
-9511
-2089
8661
-3283
-452
6270
-5097
1185
-6052
9720
2448
-9911
6178
-3287
8030
-6459
5101
3032
9826
6927
-2726
-1673
9971
1293
4335
2884
4563
-910
-7302
-8444
-9421
-990
2825
1024
4136
-6519
-9931
-8004
5736
-4106
-924
-9711
7412
5232
8350
-5106
3785
-5869
-5090
9083
-9771
2333
3769
-553
9471
1573
2648
-4855
9996
6190
-6947
-5363
94
1020
2901
-6951
-9526
-6833
-3308
-7253
2552
8031
-7123
-8807
-8285
-23
8665
3827
3862
7550
6199
-6574
-2468
5511
9763
9235
1998
3247
2827
-6860
-2546
-8951
9955
-3081
659
4607
8325
-6271
2734
-7971
9130
-6856
-2915
9684
6074
7386
7838
-8314
8225
7612
2547
2118
1175
-5936
-8025
3905
4984
-3134
8054
-4969
-6165
-8496
6834
4134
-4734
-3129
9916
-1409
8168
9398
-9653
6579
-4819
4503
4570
2986
4202
-9489
7499
-6474
5078
-3006
8043
7958
6313
-4272
-9564
-584
8601
-4550
8144
9324
3729
-3121
998
2280
3689
-2322
607
-9374
880
-3076
6495
-8125
-34
7827
-8252
-6404
-1794
-456
8187
8642
-2110
-2661
8158
4022
1676
-5308
7658
-3278
-9978
-2716
-4750
6729
8428
6156
3747
-1098
9830
9222
5762
1160
-3
3958
-8407
-1556
-9463
1853
8878
8766
-5175
-5125
1273
2037
6962
-2846
-3742
-9405
277
-9073
6793
-3821
-7196
2262
-1389
-3201
-400
-2832
2981
9909
-6663
4859
7626
-1605
1148
-30
-8175
-4511
-3081
-7964
-70
5487
10
-1285
-641
-7977
3508
-6166
-5114
6788
597
-708
-881
3106
5730
5514
8030
1703
1007
3662
3024
-5431
-2984
-7779
-2244
-2861
-5452
-217
-1107
323
2356
3685
5167
8991
-1818
-4186
2844
2802
4922
144
-9450
-4368
-8592
5437
-216
-610
2103
-2083
-2416
7251
-7906
891
9892
89
-3
-4721
-1738
6973
-9269
4134
8907
-5788
5997
-3957
3582
1563
5511
8896
-6712
-3914
-1877
9877
8202
9416
2327
6846
-4946
-8210
-7518
-2310
2039
-5446
-9872
6361
6998
5284
2988
3045
6833
-4501
-1305
-5572
4614
6547
-8121
8017
-7244
1718
-8401
-7625
-2092
-576
1640
69
9758
2210
2532
-6361
7440
1785
8061
9226
-7645
5977
5862
-7519
9873
-1889
2974
-2588
2546
5320
5585
7240
7754
-2087
-2941
9204
9084
3296
-6100
9230
-2585
-8843
-2844
2227
-9054
4627
1410
-6626
3588
-5375
-904
1047
219
9997
3598
-9378
-7
5285
-2461
4448
9956
-415
5703
8493
-8515
-1143
2685
2372
-2897
-7907
-8802
-6170
-6913
-6066
7367
-8198
-897
-3659
-3287
8370
6577
-3627
-472
-389
-8631
3579
4184
8444
-3140
-3082
-541
-512
5367
-5513
4203
2695
6765
892
8156
844
-1580
-1330
-7368
-9279
-1223
-2312
-1272
9050
-9711
4010
-4776
-5941
1331
-1419
-1606
-7639
-7209
6779
2837
-4111
1602
456
5201
5849
-9725
-685
-2088
7263
-5173
5015
-423
-8602
-1071
-1435
-4273
571
-9956
2223
7500
-9838
-5438
3450
86
6964
7964
3395
-845
-1935
-2835
-5689
-7047
-5468
1801
-3275
8302
9653
-7612
6094
-6148
5562
6006
-8846
-1467
-6250
-517
246
7935
4062
-7958
8279
7977
-9176
8887
-7558
-5632
-9853
7560
4249
-7646
2291
-1354
-6497
1902
2213
-663
7243
4495
-11
-6652
1510
2388
6181
1480
-9941
-3184
3086
-6617
-3557
3358
-1249
4206
2531
-3015
8347
-7334
8390
7337
-6766
-3305
8273
240
-8516
-98
-5955
-5276
-3518
2816
7916
-4984
-8394
-97
339
7202
9618
8167
7796
-5491
-584
7669
-3249
4716
5958
4370
-3785
4130
5139
3136
-4037
6812
4590
-5887
-7561
6530
3205
-1330
3811
3299
-262
2854
7064
8242
2899
2862
6517
-1652
486
-3262
-9394
-4761
-7492
-4415
-2340
-1508
1556
-4959
9570
-9762
-7359
8565
8695
-1017
-8558
-9343
-5831
-4563
-8656
-1621
2916
-4835
-8565
-1872
8342
2183
-8293
-5048
-5971
9179
-7425
-9930
6642
-2366
-2347
-7414
-5513
-850
-2188
3491
9620
6969
8800
9540
1475
-4405
-6358
-8943
3089
7624
1894
-1221
3730
-1980
6455
-2353
1738
4472
4443
-5194
1892
-1089
-1247
-9218
5463
-46
7847
5049
5445
2642
2907
-4692
-7965
-5511
-6127
5055
-4173
-7854
-3783
9137
2886
-6475
-6090
1289
4534
-829
4797
943
-7597
-4827
6404
2268
-8510
6694
5749
5387
-4459
7850
-4866
-807
611
-4262
5887
3776
6069
6994
-9795
1301
7373
-3541
5586
-2124
-7035
7867
4439
525
-2739
-5702
7535
-4167
2418
4941
-6684
874
888
2799
-9760
9015
-9924
1448
-1655
3455
-6840
-5697
7804
7033
-14
1000
6699
5645
2001
-3688
-9527
7591
-5776
5640
5857
5370
2549
7627
8186
-4996
-8820
9156
-6132
6074
-5165
8198
-7313
-4032
-8460
693
3601
-3451
5677
-8197
-4755
-3103
-7833
-509
-4290
-1941
-2358
-5939
4529
-6167
7781
3963
8800
9245
2311
-2507
8632
560
-1125
-3883
4723
-5764
4064
5866
-2231
6028
-2540
5222
5675
4501
6954
-4573
-7837
8484
-4833
8823
5663
-5973
-8551
-9081
7371
266
-9032
-3008
-2892
-3183
-4510
-1586
8145
3488
-6027
9227
-8609
4261
7713
5049
-1234
-6995
-9720
-8417
5475
6836
-6240
1354
9076
-9444
9261
-9394
-1545
4489
-7251
2045
-6477
-7873
9154
-1420
1114
-2873
-4165
3920
6991
-7553
5213
6536
-1897
264
-2909
-6511
2172
-1847
5495
-1500
4727
674
1948
-2956
-7382
5532
227
5270
-5309
-9452
5591
-6096
-971
-738
6693
-953
-2666
-3114
-8149
9585
-550
-4830
-1695
-2737
-966
-6413
2842
9309
-6790
1292
5201
-338
1589
-8041
-1349
9409
7334
533
-8328
1660
1398
-4763
-8803
8195
-3577
-9226
6399
-5034
9392
-5225
2778
9121
-7441
-5827
405
9184
-7433
3190
-433
7929
-9202
5860
4419
3707
2791
-1092
-4447
7875
-6630
-1407
-8271
2622
5263
-4762
-775
1489
-5945
5672
6385
7052
6058
9934
-9677
4670
-6593
4738
5420
-9009
6398
-410
2396
5006
-6470
-932
1623
2075
3555
8691
-8878
-1854
-4305
-9773
-8167
-6659
6341
5158
4666
7790
-1619
6954
-7259
-5147
5967
4111
4867
-714
-2852
9527
1501
9866
-3320
7775
7023
-4891
9773
-5430
-4499
-5928
7368
3489
-5471
889
223
8670
-7930
-7917
-8404
570
292
7311
-7469
7854
-9432
2206
-4535
-2655
-4945
4367
8866
7487
-8954
5594
-3927
-9729
-4595
5962
-3604
-6282
-876
-3566
-3716
-2668
-3443
-7972
-5564
3861
-1880
-2204
1221
9392
1216
-805
-8254
8589
-8129
5780
-1914
-9301
353
4509
1033
138
8555
2820
3711
6568
3043
-101
5082
9159
-66
8992
7736
1268
-2714
-4332
-4250
2239
2870
827
5761
4425
1389
9984
7288
-4187
8954
9884
709
-3487
9045
9239
-4490
4334
1567
-6461
3477
-2678
-3229
-6378
-5491
-6544
4278
-7511
1360
-8054
-3199
4040
-3810
7517
-923
-7418
2352
-2608
1453
-8796
-4812
4531
5253
7034
9128
-4570
-5313
-3228
-3581
1737
6621
147
-8098
-9567
-799
-412
-378
2873
1187
-6575
1197
-5447
4544
-8309
-3066
924
-1566
-1870
-8098
-804
-3804
-2509
7256
487
-7324
9008
-7370
9472
9618
6241
652
5469
-4909
6002
-9434
-7424
543
-4151
-3955
-1668
-7537
4461
-670
2688
-3362
4743
9249
9639
5651
2419
-6264
2574
4792
4251
-1028
-8030
-6895
-5704
-7219
-4867
-1777
2218
-8098
-8822
-720
1948
5518
4126
-9909
9965
-5047
-4929
2704
-4050
-9511
-6745
-6332
-9624
4114
-8447
-1413
4930
-2466
-5950
-6253
1899
-3942
3819
9936
-8246
-1829
-9844
932
1245
-87
-150
4479
3410
8712
2539
1577
-5890
2160
5684
-6783
9579
-2605
7602
-3242
-4051
-8956
5682
-7650
551
3249
-3848
-655
-3521
5073
996
3719
-7643
7803
5803
6416
8368
1086
466
9442
8051
3539
-9759
7822
-469
-9251
-8145
-5353
-7790
-9946
644
6828
1090
-8063
6064
-8798
1148
9097
5719
4609
-7705
4939
-4371
-8283
-8984
-3218
180
-4984
-2339
-3556
-6570
-3067
2987
-4071
7774
-3876
9472
8053
5721
-1046
-2202
115
-183
-4899
-9073
3458
-9610
133
5298
5220
4307
7704
-2590
-5412
-9580
-7043
2799
-1688
-3969
-891
9780
-7102
7143
3477
6262
-4370
-3797
-730
1016
-8820
-550
7743
9558
1134
-6040
259
-5944
7818
6839
-6842
4335
3278
8181
2880
5129
8327
-7777
672
-2887
512
4222
2969
-155
-6200
-4306
1940
939
6018
-5828
193
8534
6951
2428
-9944
-7501
-3167
-1433
9117
-4318
4891
-3405
-306
-6905
-4426
-7385
3941
-7954
2099
-7668
-6137
-9978
447
8791
-7883
-6453
7970
-3845
-5531
7846
-399
-7902
1956
-3724
-6959
1706
7815
3669
-5144
-1676
7746
-4082
5430
-2211
-599
4682
1116
8219
5711
-480
3158
-4467
-6086
-5017
2082
3175
3001
-6312
-7612
-5436
-6833
-5769
7694
5000
9267
6787
-1666
-3534
-1530
6693
4481
9664
7606
-2416
1396
-4915
1794
2702
-9992
-1453
-5939
-8801
3535
9047
3986
-34
4454
9036
7723
2616
135
3381
-4436
-4078
1464
9556
7711
2067
2482
-3407
7042
4921
-1090
7367
-4555
-9359
1267
-8786
-7917
5220
-7585
112
-7118
4681
-9935
-5668
-4716
-8118
-9905
-495
5520
9477
-9585
3767
9890
-659
9817
-3471
-3513
-4103
5345
7433
1819
3710
-7801
-7748
-326
3738
8751
822
7468
-8833
-7372
1293
-1795
-6567
8848
-9304
-594
-7200
9347
-2609
4334
-5673
-9172
4117
-8845
-5725
-8138
7431
4662
4609
-3048
3073
4569
5138
-6552
761
-1287
7391
9336
-1912
5475
3773
3344
-3615
-4146
817
9132
-8358
-644
-1093
4892
-269
8456
1772
559
6746
325
6713
2862
6463
6630
3950
-3680
6435
-1091
5441
-684
-4355
-6132
-4515
221
2994
-2079
-1128
-1042
-6295
-5521
-6713
-5442
2871
-594
8756
-9652
9150
4639
-299
-6214
5589
-1455
2325
5414
1879
-3186
-8535
-8978
-8184
-382
-3895
3039
-9940
-7825
6955
-5634
929
-3295
-8219
-956
-1826
8155
3378
1586
428
7519
-909
9188
-1363
-4813
-2886
-9978
7462
-3008
6313
7637
-7174
-4749
8884
-3001
-3580
-7139
6554
-9425
7275
8011
2667
-9201
-2716
-3600
1125
1785
-7251
2395
-3630
-3463
-504
2740
-4962
2941
-6313
-270
3529
9185
-3707
8469
-6508
4964
9375
-3553
-725
-4068
437
-3945
-751
-4923
3552
-4538
-2530
-5133
-2996
-1303
2006
-4345
4285
6068
1104
6506
9849
2455
358
3400
-6537
-5085
7445
6977
5936
8390
-8469
127
-4886
2534
-5225
-1403
9978
-4011
5797
-4671
-5279
-9348
6192
-4086
-5053
-4436
4396
8182
3961
-2861
-5552
5672
1017
-2527
872
-8522
3089
9690
4644
8425
-275
-9538
-5696
3131
-8145
7392
5058
3720
2672
-263
4800
1971
3262
2095
3748
-526
-140
-4272
-9968
-4397
-8802
-689
6675
-964
5076
1086
1854
5828
1971
-3761
-3578
-300
8265
-2282
277
8689
-1731
-3951
-7920
8018
4901
-5517
-5870
149
-8985
9158
-1479
5135
-7221
8334
-3687
-9561
-5194
-2754
1154
-7895
-8519
-652
5152
9366
7799
4602
-7945
-763
-8966
4939
-925
-9621
-5337
-585
-4020
1896
8302
-7783
9370
3921
91
-2042
-5826
-8997
-7104
-3779
-2218
1987
6287
4730
310
-9862
-8675
-2293
104
-8487
557
-7785
1629
8542
3574
5516
-5708
6048
9933
4471
3981
-3071
7868
-440
-6687
4234
1308
-4985
-5389
7342
-6684
8681
-8581
-8018
-7320
4787
5004
6628
8951
-5445
9668
5772
-3379
6780
8234
-5169
600
-7413
1532
8130
-8819
-281
5513
-9700
-8026
-4969
2946
-291
1459
4996
-3710
-2522
-5357
7319
5064
-6769
-7398
-7658
-2690
-1750
-4138
4210
-647
-4505
-9041
7737
2026
4679
6060
6322
3080
6199
6395
-9065
-3923
-2692
2313
-2745
8320
-7353
8345
3935
-2251
-3318
-5472
7113
5390
-569
-343
1639
9166
-1190
-26
-9884
7593
9843
-391
4163
-4263
-2238
1144
6501
9535
2699
2205
-7874
5738
-4722
-3881
-138
-8311
-6023
-5202
-1998
-1767
644
-3564
-9326
-9678
9837
7429
4164
1108
-7932
-2396
2968
9938
5292
-790
-4179
-8336
-8640
9582
9340
-5044
-4360
683
9174
-4924
9210
9055
8258
-6215
-8384
3694
5349
822
-1703
3673
-9451
-850
2647
2971
294
-1518
-3374
1336
4749
3810
-653
6127
6904
-2850
-3585
-8054
8378
3250
-2279
-5092
-8668
-9885
-7701
-5869
-8517
-7035
6571
-6451
8405
-1496
-7515
8268
-5786
-2884
-3166
-4743
5145
3627
-1730
-5264
-479
-1454
-7444
2366
-9740
6672
-1419
4228
-3459
1235
3810
1845
-2698
9569
3552
2488
-3665
-3632
-1921
-1607
-4698
-6186
7742
-4339
-3805
-1851
-1869
1509
-7617
-6218
-6738
1695
-1169
6978
-2842
97
6124
-7845
3139
-6099
-5956
-9039
6047
1665
-88
-327
2142
-3893
-7299
-4906
-5942
4441
9724
2873
-8163
-1724
3438
7799
-2901
-1323
-428
7077
-1892
4523
-7740
-8615
-7771
-5818
7606
-6501
-5298
-3175
-9636
-5186
-7937
6286
-6542
7577
-8027
2677
1477
3419
-1937
-7574
9075
-546
3127
-784
-9867
2092
-8660
7185
8772
671
3551
-8007
3663
-913
-5775
-8785
-2035
7569
9753
-6624
-1732
3536
9537
-1026
786
7615
8410
-3242
9235
-7645
684
4009
8561
-2761
7541
2660
-1141
-7100
-7043
9288
4754
5890
8470
-8437
-1824
6510
-9380
8437
-5710
5331
4971
-4362
-6869
168
-6958
4742
8149
735
-5629
5679
5436
9344
8728
-2600
-5344
198
5390
8660
2533
-3330
5217
-1570
-5536
-6968
4795
-7476
1768
-908
9856
-3383
-3896
-408
6586
-4473
-3103
6767
-9094
-1334
-5601
2350
-7688
3774
-9607
6049
9001
-3620
2774
-3004
-7044
-590
-9153
-4420
-5770
7968
9985
-1304
-79
-9728
-1260
-8302
-9389
-3085
6305
4910
-9266
728
-2403
4659
2526
-1720
-4335
448
1029
1909
-9876
-1259
-7840
-9827
3721
-9604
8682
158
-3181
6207
-2194
-2953
3356
-2780
-2505
-7284
359
9557
-2685
-8772
2241
-3407
7224
8993
8040
6548
5823
1388
7087
-8723
9725
1565
-6769
7476
2356
1091
1748
9434
1686
1452
-9687
4686
5663
-8419
-3786
213
4075
5452
2879
-5762
-748
-2441
9521
8435
-8107
7109
327
-419
6505
-704
6278
-1807
2578
3898
8265
4044
-1852
-2462
3466
5471
-5474
-6432
-5322
3805
3449
-6907
-9660
5629
-5955
-31
3438
9990
4845
4180
7193
-8971
-5894
5856
274
-6685
-946
1906
4774
9711
-5953
9887
742
3972
-1324
8670
8917
4462
8214
-8394
9060
-7375
3048
2799
-691
4412
-8188
4411
7306
-2236
-2874
706
-7609
435
-9033
-1623
-1518
-2218
-5310
-8807
8797
4888
2289
-3093
-1366
-4336
-3978
-6676
-7452
-8782
-2325
5586
-4094
-1572
367
-9323
6932
-6466
-671
5767
-5722
-3375
1848
1789
-489
3476
-427
-1136
1305
5723
-6290
-4687
7450
-384
-4413
-9691
8464
3995
6923
-6397
-7997
2393
1490
5351
-7129
319
-190
-4089
-6418
-5084
-1687
8484
8775
2421
1214
3578
-3659
-7024
-9732
539
-9838
9015
8395
7889
5544
-6051
-559
-8875
-3300
-7240
3294
6717
2314
9872
6432
-1301
-3277
5490
-6746
213
5875
-5068
658
-6326
65
5753
9698
-4125
-3615
7426
6206
-7580
4131
7421
-3200
-2168
-146
-9990
394
7909
-4144
-1689
9646
-8841
3728
-2403
-4303
-6060
-2950
-623
-5281
-6020
-8941
-6933
-8889
6775
-9900
1547
3979
7683
-2620
4446
-5428
5194
9198
6710
2907
-8814
-4197
-5204
-9018
-2149
9249
6237
7546
-6313
-2792
9054
-809
6853
5377
6348
6249
2720
-7789
6717
-3031
4188
-9954
4169
4476
-6651
3621
-4579
-922
4055
-6294
2285
-2041
-397
1164
2164
-6317
3099
3518
-6560
-1739
-1342
5733
4009
-3146
-9419
-7805
2177
2426
-2658
-9850
1110
-3413
-4234
-7408
-5679
4485
-211
-4018
-389
-7285
2371
8089
-5170
-3926
2590
8868
-6977
-4593
1763
3303
7666
6328
1581
2222
-31
-6182
-1157
9569
-9594
5262
4614
-4204
6815
5852
-3604
-7418
8426
-8436
-6203
-2833
5878
3075
-512
9378
7441
-2995
-7772
-7112
-9320
-1316
480
-433
6827
4342
1896
-8193
5933
-152
5668
4661
-6495
-1465
1815
-2075
7212
-2374
-7332
-8648
-6230
-2685
2853
-5829
5032
-6109
5465
-6851
-8505
3626
-8384
-8353
-332
1097
5145
-8733
4708
9361
-3774
4989
-9461
-1238
6129
-5348
2994
5960
1663
5908
2875
-9007
-3529
-1270
2021
-7409
-3662
1537
2342
3820
-17
-3105
-888
3004
1349
-3594
-6572
9546
6630
-9658
5362
-2513
8445
-576
-8307
3256
1524
4583
-6756
-1878
-5220
-5260
9803
-9475
-3651
-6122
8707
-3330
5019
2577
9906
2646
-8261
1060
-9525
4780
-8819
3010
9596
9873
3620
6033
1854
7078
-7198
-3896
258
-2274
-63
8548
8201
5507
3872
1811
-5471
-6619
-136
7706
-3055
7338
-7962
2492
-330
1497
2976
4105
-1251
-1093
3750
-3284
-4205
-1610
7283
6138
6854
-1510
-1252
6459
5317
3179
-829
5562
-7878
5451
8778
-5197
-2380
1736
9324
9
-6507
3948
-5490
-4145
3064
6215
-9714
4311
1325
755
-8661
2331
1486
4161
-3898
7987
2627
7975
7211
-8912
7216
2586
1409
-4166
-6347
-1561
2724
-9077
2311
1186
-4196
7715
1631
7704
9251
-5858
-5435
5684
-4371
-9648
-8530
-8211
6816
-3321
1070
6869
-5472
147
2788
-2829
-160
-7373
-8304
4077
1036
1294
1271
5763
8341
-8261
7401
1720
4888
-6592
6275
-6343
9000
-8905
-623
-3834
-1375
7544
-4766
9640
8936
3954
4644
833
6726
-4509
-7587
-7756
4141
633
-1602
7929
-1644
-3311
507
3711
-7285
3039
4999
-6758
4687
-1246
336
-4796
-3060
-6150
5101
3019
-1791
3083
9462
-7294
-7319
9238
-2613
-6922
-3493
3500
9094
6297
8081
-8090
-8823
-2633
6232
7635
-9759
8355
7447
-9271
-4145
-8897
2992
3426
-5255
-3618
7480
-6498
-6189
106
1486
-1571
25
-896
-1048
-439
-8900
2419
-4200
-2691
9254
-2623
-3231
-9011
-1727
6387
-8667
-4054
-2816
-5784
-4864
-2007
8927
8255
7613
-1729
6071
5063
5852
9313
-6385
8025
4594
6547
7358
2673
1158
-5753
-2496
2517
336
3252
-3014
-9036
5704
277
9159
3010
4770
7360
6561
7418
-1156
-707
6080
-5801
-2830
-5857
-7503
-2174
4335
4466
9200
16
-4865
8187
-817
5413
-9045
-319
9877
8225
7516
-6307
-591
-2454
736
5658
1255
-9073
-3241
8065
-214
3091
-5413
8110
-2087
-8479
-7688
8024
-3408
-4203
-2073
-3872
2335
8019
-7368
1678
1369
-6144
5350
4902
-9379
-4853
-2134
3722
3192
-2102
2018
-2910
-7250
-6833
9078
-2269
8557
4572
-5431
9865
2002
-4674
-5888
7594
8283
-2685
-1973
-7079
1323
-7573
-6511
-7612
4503
-5304
-8128
9602
6315
4582
-6816
-159
-2032
1858
-9870
9881
3585
-7662
-2857
9826
-2605
6661
9165
4594
5389
5568
-3706
7949
1464
-220
2762
9509
-4057
591
1575
7182
4744
2471
8697
9753
8157
1073
3313
-3082
-7507
-8612
-4495
9825
-3101
1484
4066
2877
1701
6458
-5285
4613
-6297
2941
5670
857
-1282
4422
2914
9292
21
-4060
-5059
2277
-3033
7462
8436
3764
557
2830
1588
9605
-8114
5343
-3902
9701
644
5942
2137
133
-4174
8392
3860
-4126
-7788
2735
-4140
8926
6122
7009
-7700
7616
-6284
-4390
3843
-652
-9962
329
2238
2580
1595
-4074
3360
3476
-6043
9358
2561
8834
2021
-4438
1749
-9518
9740
8891
5186
9303
418
-356
-6992
-5279
-5220
9227
-6676
6741
-1
-6173
-2002
-8544
-7442
1014
-6127
6166
-6607
9341
-2390
6319
-236
-7110
5943
-9253
2151
-5091
7111
291
1466
-2681
1369
2466
-2486
-2184
8625
4127
701
4375
4213
-9321
-9564
492
6799
-1916
-5376
-3228
4254
-791
-4176
69
7898
1107
-1667
9940
5944
6007
4140
-6239
7898
2559
860
6466
-7454
-6307
-2082
-624
-6349
-1267
9607
-5166
-4034
7886
7752
-765
-4798
9234
-2174
-1189
8854
6656
-8436
716
-7299
2127
-2054
-979
-7171
4382
-8591
-8253
46
7105
-4913
-8544
-5693
-7900
7899
8020
9519
-9082
7009
7009
-4220
-4266
-9529
9401
9283
1278
4841
-7377
5775
2799
3483
1669
248
4920
-1829
-3935
-5101
8004
9699
-5557
4260
5711
2260
1964
-5245
9145
7211
2277
-9118
-5100
4458
7553
548
6582
-9453
3119
6890
8946
-50
-6167
-2387
-9002
-2805
-2242
-542
-2987
-3575
-2212
-8642
-223
4319
399
-2635
8794
-5544
-3888
3725
-2698
-9952
2735
3179
5653
7941
-6281
-2011
1264
-5639
-8748
3028
-1534
4636
8200
-4033
-6580
-5994
-7081
3640
1029
4851
9838
-8389
8370
-3679
8314
2517
6252
3681
-9018
-4768
3202
-4157
-72
7898
-1857
1191
8753
4558
-8822
5420
970
-8551
9127
-1624
-1835
-7276
-4571
-6788
7245
6483
-2720
-925
-2134
-6685
-1360
-5017
-2502
-4385
2516
9363
-8763
940
-1735
-8061
-8802
-9900
6195
-4900
5577
-9099
7251
9457
-3642
1531
7562
-4868
2571
-2659
-9789
3251
234
-2689
-7504
1290
1169
-4750
-1768
-4128
-1282
-68
4607
8607
6866
-3817
7163
-9563
-9571
9918
-2993
-7034
6407
-7426
4929
5847
2123
-825
1406
-9439
622
-147
-460
-358
-4170
-7275
1498
-17
-189
-9324
-6122
6022
-2628
5910
6141
-3740
-2825
5397
7667
1250
2069
-8497
-9855
7537
-6592
2331
-5267
-4527
7324
-8182
8024
6478
-6636
-7652
763
-153
8128
-8409
4529
-4663
-8254
3624
9162
-8705
818
-2580
8294
-1018
5372
8727
-6798
9692
4117
-6557
7343
1001
5252
4488
4469
-1274
-318
-4136
-6514
8107
-930
-2352
1555
-9589
9537
-9058
-9062
-6377
2669
-5233
-7353
9348
7349
-1058
-3587
5185
-4884
-9463
-8346
-6114
-1782
3225
-7077
-2145
6233
373
-856
2936
6779
5828
4965
4599
-6090
-3476
-5525
1553
9660
-9905
-9125
7853
5252
-302
8146
7526
9042
7305
-4072
9022
-4677
-7624
-555
-1423
3104
-8539
4411
-5054
4670
8931
9310
447
-1786
6207
-7470
-4299
-1923
-7223
-1922
-9611
8561
-5913
9352
4725
-3839
-7022
3844
2290
-7501
-701
6981
-7044
-4838
-8443
-43
-1904
7524
-2634
9734
8136
8094
7919
-1400
-408
3073
5059
-2982
-6899
-796
6116
-6687
2294
-5922
4230
-7158
8327
-7346
-9510
-6874
186
-9266
-4512
1464
9855
-2491
-6004
5770
9109
8419
-3709
6135
5601
-8264
9178
-938
8326
-361
-7669
2689
5967
6387
-3865
-5040
939
4309
-295
-1728
-580
-9743
-1523
8015
-2983
-9788
5488
-6723
-8471
-3302
9745
2768
-7727
5696
-4591
4639
-473
-1579
71
7351
-3318
-3031
6757
2641
-5138
-5282
-1971
1200
5650
7972
-7582
-6472
3228
1443
-4375
-4634
-2169
-8895
-9882
-8790
8532
-1490
618
-2730
-4561
8981
3481
-9557
969
-2066
-8550
8465
-5329
7802
7638
4648
8270
9077
-9490
-3770
-1764
2874
8370
1592
-3911
6377
7098
-773
-716
-3906
2053
1577
4825
-821
4886
5654
-7883
5352
-8598
-9628
-7567
-107
6369
8584
1122
4944
-3223
-3206
2150
1040
-7160
504
9493
-4341
-5436
481
-2139
-5987
3765
-8924
3983
-4034
-8116
-537
7640
2133
-4606
-9824
2949
5215
-7840
9449
-4134
-5209
-9100
-57
-7576
4029
-2568
1781
-8402
9199
640
1092
-8520
1525
2250
6063
9582
5606
9399
-6349
9477
4740
6671
6018
-1474
7753
3675
-4042
7052
-7511
4237
3701
964
-2503
-9783
6551
-1467
-9771
2332
-6406
7038
-1849
-7661
7353
2645
-9082
-2252
5006
9655
-9702
6403
-4044
1650
6562
9705
-3744
3923
4225
560
-3965
8368
-8622
-7463
2316
7001
8086
4170
6843
8782
-3778
-6150
-9464
9458
-245
-4314
-2438
-5860
-7330
-1698
-8433
-6763
-4333
1571
6273
-4818
-5882
9568
2533
-2789
9192
7976
-1262
-7232
-7904
3830
-2024
3369
-8924
4855
-6128
-8001
-5600
7712
6642
-4055
4374
1691
5845
5941
6996
-2914
5294
9462
-2838
3461
6765
-8537
2309
-9947
-4863
3919
9598
-9474
7459
66
-4304
-5091
-389
-5337
-9244
-7530
-500
-515
3404
-724
808
1162
-2587
-4073
4047
4740
8853
7730
9242
-3958
-4511
-4425
-8530
8132
9887
-1380
3361
-2120
7074
-7488
-7887
8651
-3171
5648
8010
9910
-9273
-149
-6658
-4342
31
6885
1743
-1615
2618
-4297
-3970
3611
7258
9777
-8871
-4503
653
-2958
-3212
-9552
-979
-229
8433
-163
-3009
-4509
-4676
-2668
5558
725
5035
-3515
-9989
8139
6506
-9264
-8563
-4283
2449
159
8810
-2701
-3050
1717
-7704
-391
-399
-6995
3598
-4411
-5467
-2867
-867
-8772
-6521
-6237
5367
-7926
-845
5096
702
9155
-783
-5452
1315
1563
9583
-7994
-3261
7601
7745
4173
-961
-8842
8779
-3304
-8007
-2021
6911
5602
9088
-4434
-8476
-4008
6018
3653
7289
-5220
-3725
-3012
-6681
-8650
-1247
3005
-5587
-5389
900
-1632
3637
4579
9698
7773
1788
-3771
5809
-232
-3162
-9005
-4439
9449
-2673
-2529
5083
-5668
-5951
-4083
6057
8316
8812
7353
-5013
4570
-4258
2162
-8623
9559
4135
-5457
3582
5794
274
1608
7414
5850
-8322
9003
-2019
1255
-3802
-7596
-4344
-2904
1209
9934
9285
1951
-1410
1073
-8911
2586
-5606
-2508
-1133
-1655
-6126
-3065
-7728
1046
-6082
6538
9922
3940
-1326
3612
7703
4719
9722
-9544
-7978
2470
3743
-3723
-410
-5337
-9522
995
-695
-4205
7821
7488
9632
-644
-6801
-8898
-5554
-4830
-2032
4385
3924
7240
-6313
6601
-102
-6580
-9072
-4957
90
7895
4241
3433
-5468
6451
-9579
-7566
5548
-5938
2436
-1879
-8522
-7614
7811
-602
4313
-3909
-3611
-4063
-5444
3316
5264
-8576
-2102
4155
-7685
8503
-5346
-1275
8309
-9077
-9127
-6604
-7404
-1956
-1954
2505
9774
9367
-4285
-1954
7708
-8569
-406
133
4860
-8015
-3084
-748
4433
2816
-7423
-840
-203
-3434
-5591
-4812
-5764
3027
-8149
253
4956
-5388
2976
-5370
-1410
-5456
-1835
4132
6659
4255
4138
8453
-5844
-9169
-3636
3396
-8657
-2771
3868
-1872
-3707
-2627
-8238
2530
4847
-1854
-1803
-9596
-9117
3891
-2319
-1351
6163
-8151
-246
-3630
9293
-7129
-5986
7293
-5719
-6076
261
-3066
-2266
3220
-420
7727
4099
-4055
-1024
-6640
-5274
7922
-2328
5195
-9725
-9802
-489
9324
3443
-6635
2489
-6820
-8379
7771
6801
-5628
-6293
-5809
-6507
-7182
-9929
941
-2569
3371
-4593
-3531
-8153
1638
4825
-8522
771
1876
1788
-1557
-1376
4427
-2789
-8051
7846
7723
8807
-1076
-6443
1998
6965
5401
-8805
-7265
-6760
-627
-8543
1890
-95
3536
-9242
7970
4633
-1510
4174
-308
-2111
-5788
3195
830
-1254
9871
2783
-6075
-3935
-3579
4365
652
-3790
4892
3922
-8512
4518
6174
2445
7339
-1782
124
-2173
6168
7691
1091
3894
6357
3175
-4617
-4080
3041
-8196
-2187
756
2972
8575
-491
7203
-7779
-4761
3840
143
578
-1640
877
1646
-5018
6569
3250
8981
-6864
1001
-2419
-8470
-2817
6061
-6379
4590
-127
-2092
-5121
1797
1886
-9998
852
-5556
-218
-5013
5452
-2814
3488
-3909
-8250
-1114
-5738
-2530
961
-3590
-9852
235
-3031
4451
6033
-9661
-4933
-197
7546
7003
2897
4828
-7479
-9135
3188
-2614
-3708
8073
-7055
7511
-2584
-8510
9146
-1320
1337
-5599
-7040
295
466
2758
-9549
6853
6863
8839
-5342
-2511
1323
-703
4798
-7547
-272
4598
-964
-8217
3195
6696
-1989
-1590
7704
-6746
1846
3884
353
3523
2105
-9085
-863
4653
7741
-3212
2928
-265
3591
3920
5180
687
-3410
2397
4362
7985
-4562
4072
7216
7849
-5658
3740
2012
5364
8947
8314
639
6468
2
-4937
2654
4916
4744
1894
2538
2989
-512
3690
-9468
8621
7871
-8574
9490
-7935
3886
-9284
1270
-892
4572
-4288
-1091
-3095
-7786
7609
-5029
9053
-4214
9841
-2485
-9475
8054
4648
-7063
-2661
7963
2430
3062
8633
-4293
-3595
1728
-1890
2302
7948
-3980
-6524
5906
2783
3960
9373
-2679
-530
2607
2425
1586
7230
-5364
8961
5459
5261
2607
8325
-3521
943
6030
5513
-2161
2448
-6727
-851
2914
-2736
-195
2974
739
-9058
-4829
-445
-8899
8161
-8269
1229
-1072
2524
8846
9796
7664
-9115
5557
4553
9109
-9402
-3496
-2801
-6214
9575
4170
7355
1759
-3296
7305
-3383
8406
260
3340
1911
-7245
-2159
-748
-7429
-3743
8715
7554
-3253
-2920
5147
-4725
3992
-764
2070
-8274
8937
-2515
-2967
8426
9609
-3473
-3682
9136
-2641
4402
-902
-8743
-8058
4759
9063
-2995
5045
5438
9548
-209
-3538
1513
-9461
2848
4865
4040
-9593
-438
7428
-9225
4720
2883
-5578
-7141
4205
5761
-2813
-5258
-4194
3940
6363
-5757
-8798
-2309
-8164
4592
-7701
6261
-1082
641
-3519
-2778
7861
-5308
-9006
5228
6178
3183
-9984
3591
1897
-2114
-4105
-8901
589
8017
-7775
4420
-1286
-2504
-6399
4707
-4052
-8180
2321
4062
5530
-6367
-7844
-7526
-7390
-3173
8945
-7807
-8499
6516
-6419
434
-4016
-2497
-7928
6001
7087
-6969
4780
-3421
-1829
-8038
9031
-3293
1319
-8475
2784
6135
3832
7301
-1395
-6381
-7359
8870
4473
-5369
-4333
-3444
1392
5597
2591
-1672
-9695
-1830
-4627
8923
-5437
-1351
3513
-2205
6171
-3686
6571
261
-9532
-3017
3298
-4346
6569
-7757
-4381
-9816
7993
382
5278
4611
-4289
-7754
-6178
8235
217
-7795
6378
6432
-4958
3702
9095
4607
-1183
5640
-5789
-9800
-6539
8017
771
-880
4200
2482
-6421
8699
8791
-2874
2333
-3354
-5643
-3217
-1517
9392
4678
-8552
-4435
9950
-2382
630
-1714
6398
-5272
-7180
2885
-9507
-9940
-1620
5483
-9484
693
-1252
-7306
-8341
-5709
-5949
2615
7264
7868
3898
-6088
-9615
-2434
-2809
9743
-7484
4539
3343
8921
8722
1858
2237
-4659
3668
1664
-5312
4073
9078
7118
9597
-7252
-4620
9673
4864
5007
6176
-1057
-212
2565
-6224
4418
-7413
-9023
-7103
4137
-5779
-6063
6712
-6503
7988
-4592
-2177
-2672
-9697
2630
-2825
2373
-2848
-4062
5861
-4933
-7501
132
-455
-5484
-1158
5670
-3477
11
-183
4032
-9572
5069
-8080
-4738
8688
8730
-1787
-623
-6815
-6921
1558
-8805
4393
7073
625
-3588
3962
286
-8461
5548
-4810
-7906
-9579
3981
-7435
4444
3707
5413
9904
8985
-4518
-7799
-678
5320
-4314
8270
-4586
4374
-9963
-216
8031
1913
6362
-7380
-8792
1389
5549
6697
9544
-2741
886
9910
-3387
-878
-3664
4781
-6352
1041
7785
4187
-8482
-3160
-3980
-5511
7288
2705
-3792
6668
-7070
-4185
5560
-865
-9641
5926
1617
-5505
-4836
2651
7449
2845
-1743
-726
6229
-3817
737
1468
-6541
7264
-3997
-6566
6270
6742
-1070
6377
-1327
5130
-7917
-7877
8279
4019
-6154
2752
7310
2240
9685
-1810
-7738
4496
-7947
9961
-6485
4259
2109
-888
9225
-8280
-7381
8605
-5537
73
9157
3776
9469
-4531
-3215
373
-8933
6057
-5101
-7397
-3577
2550
-2895
8731
-6651
-578
-2654
-9458
-9494
-5628
6157
-644
-3038
2494
5408
-3848
3957
-9487
2236
5332
8114
7126
3596
4882
-4993
-3175
-4429
8643
-6810
4645
-7341
9054
-1761
-7533
-7340
6543
-7708
-6242
3975
2019
8996
-8951
-7534
9618
1074
-5138
5056
-8272
-8940
8678
9015
-1246
-685
3074
2070
6568
2207
3244
2462
7639
-6351
-3775
455
-503
3473
-6881
5184
-5955
-6407
-1583
-6328
-7475
9142
6785
1295
9025
8173
9180
7063
8842
-8247
8595
-9269
-9196
-344
4804
2461
2385
5044
5884
-9788
8052
6843
-3596
2682
2400
-7739
6910
8632
4646
-7664
-9755
1018
-8767
7692
-132
9863
-2639
-4647
-1075
8529
8592
-6803
-8038
-6021
2158
-4292
-2664
3886
2885
3384
5407
-6217
-5085
6806
7130
5114
2417
8102
4314
-8915
-7874
-8933
-3270
-774
5643
5576
2226
-2339
-7988
-8156
-3303
8087
-5170
-3358
-316
2941
-7683
-8582
-8928
-6227
5491
-9333
7065
9433
-2559
-9430
5156
516
3642
-3867
-8513
7437
1177
8792
3946
-8957
-448
-3624
19
4737
-3383
5205
-3276
285
-8875
-5548
6416
-5840
-2977
2978
9435
-4858
-6966
8906
5604
4781
-1920
-9131
-831
7164
-9723
6023
-5396
2993
-6466
-6564
-8313
4240
6435
-1909
2128
645
4953
6937
-1025
8924
8437
8760
5281
1700
-3907
-607
8080
2657
868
-3987
-9876
330
1074
8792
6420
-1360
2032
-6292
-1469
613
-8375
-2342
1239
-3592
5673
9013
-8822
7884
8648
8059
-2709
-5440
-7910
1850
-250
-9628
6789
-4830
6976
5684
-9495
9950
1026
-6928
-7636
1630
2122
-3179
-9999
-6132
9202
-39
-1661
-9473
2426
-7140
-5996
7616
-5058
-1492
-6899
-1889
-6869
-5530
-5030
-3613
9649
-2250
6719
-7589
2676
4961
-8038
3391
-1278
3899
651
8332
4864
4761
-2111
-3541
-3371
2958
-9173
7230
-2138
-6362
-2970
160
-4855
3682
8732
-7481
1633
-2885
7386
-9804
-7153
2444
-9122
-3278
6174
2226
8767
6877
-4407
7120
-6768
-3489
9893
2150
-3273
9210
-883
6180
-5211
613
-9298
4943
9804
3112
-5686
-7697
-8837
2426
-4383
5348
7056
-1608
-1428
-5435
-8166
-9581
8350
-8438
7600
2651
-1082
1055
8173
4189
322
-2578
-6706
7319
6625
370
-5954
-3065
6337
1382
3884
-4414
-6275
1893
2646
-465
-6453
-6737
2635
7457
8633
-4849
7020
4904
-7275
-339
1991
-8958
-2131
2338
-1104
9977
3635
-426
-157
2482
-5802
3837
-6375
6538
-1368
1330
-6261
6210
-8870
-8390
-9539
-6114
9162
6450
-7671
9358
-9385
8843
4821
2972
4150
1758
1864
8729
266
-5931
-493
-909
6241
7187
3977
-1930
2972
-1496
577
-6968
-6111
-6511
2526
503
3701
8171
6903
-4869
9126
2910
8930
-7688
-8173
2032
-4060
-1580
-3948
-9889
3692
-9616
-1797
8237
-7906
2316
-2475
-3285
4198
3861
6955
-5866
-3367
-8998
-4822
-6767
397
2954
-9304
-7581
-3322
7892
7233
1508
2983
5382
-6244
-6425
243
-3278
-4471
-4416
4870
-1389
-2463
-2408
4500
9048
-8658
-6662
-2200
4941
-4178
-1162
-4533
-3345
4541
-3877
7216
5775
-9260
-3458
-3734
-5099
-3759
9902
-2669
5175
9671
-512
9650
-9319
-2450
-2038
-4362
4523
-4043
-6901
8251
6219
3330
-1348
3802
837
-6651
-1809
2720
9965
2662
9426
-1276
8163
5889
-5704
4999
8199
5624
776
-9714
1238
7840
5517
-1330
-8194
-9979
-8680
8686
5700
8403
-711
3843
6171
-8206
6489
5095
-2051
5068
2495
7456
4573
-4428
3236
7209
8115
-7310
5923
2902
-562
-1658
4980
-4894
-9088
664
-2914
-8173
-3355
-2729
-5876
-4893
5659
-9160
2031
-599
5641
-6974
3460
1892
-1707
-1869
1741
-9177
-4031
7914
-2113
-725
7066
9395
407
-1104
-9837
-8463
-9478
-1114
4431
7866
6098
-3910
-8716
2802
-2038
-9575
-6082
-4962
7075
6840
-4504
-5752
4400
6408
1907
6311
4841
4022
-9860
-7658
4455
3518
-2081
9460
-329
2852
-7585
-1122
5059
-1728
-3488
-1667
-5357
-4087
603
-7185
-67
4181
-3856
6214
9121
5959
-4196
2031
9732
-9411
-3057
-463
306
-7228
-6489
2432
9711
7821
3407
4753
-519
7870
-7361
-2825
-7128
-4746
2278
-1411
-3593
-3443
4697
-1755
1166
6405
-123
-2419
-6430
9082
-8744
7044
-7139
5203
3907
-7997
-4017
4080
6451
3401
5570
726
-6443
-9358
-3958
1036
-969
2262
1213
796
-1077
-6401
9356
-15
-2722
-1628
-3653
6315
-5436
-1718
300
-6662
878
4471
-2019
3848
8677
4991
7399
6912
7673
4988
-1324
5478
-295
-164
-1282
-4571
-737
-9269
963
-7960
4584
-6303
9229
-5853
-156
-8288
5809
9722
-3051
8975
9619
6080
8641
5808
1614
7730
-6056
2700
5819
3494
-3816
-4676
-1074
3349
3737
-2351
-88
-383
7861
2628
1565
-3280
-9106
527
8690
-9969
771
-3318
9837
-3701
4505
-9993
6976
2820
-5049
5984
5577
-3334
-1054
6882
6781
5764
427
9396
8620
-6770
5255
-13
-8469
-8166
-8943
6978
6772
-1556
-286
-2254
-4781
-9412
-2178
-4797
-2116
-1776
7200
-7315
111
7507
1618
3192
-9453
3670
2642
-3727
-7746
1002
-8690
6886
7197
-4982
3393
8457
283
-778
-7055
-8852
-2520
-6053
-2461
6292
8336
-8908
4222
1266
-7579
3393
1344
876
1196
-4153
4034
-3712
6285
5449
1257
-2675
3553
6647
1060
569
7039
4186
4087
-9997
-7940
5038
-581
5594
5220
-187
7414
-3131
4371
-5536
-1276
-5972
-1809
-9840
9723
-9232
5727
7560
-7519
-6029
1638
-6881
-7544
3108
-4276
755
-776
6549
-4449
4529
9869
400
-610
-1377
-7715
-6841
-1889
-1755
-1658
-6210
132
-2563
5574
2682
5173
-5290
-7681
5284
6305
-7059
3903
3174
8648
6644
-362
-478
9348
-9965
2569
1335
4395
6798
-4616
-577
6655
6421
9607
-7781
-9273
7290
553
6964
9372
3997
-5436
-1340
3340
-1268
-7706
4206
6108
1675
-7110
3005
-1630
-3113
7823
5551
-2401
213
-5971
2456
9606
346
-3227
-973
803
2188
3218
-7385
7837
-2511
7511
-122
-5838
-676
3076
-9848
-7577
7923
-9301
9471
2746
607
-7361
-1536
494
956
-9161
-5347
-2112
-1484
-6135
-8804
466
3876
6961
-4514
-7349
6998
-6368
2368
-7770
8889
9812
9100
321
-6419
-5424
-9272
2351
-8934
3705
-2581
2751
-8537
9443
4476
5112
7800
4421
-2264
1901
8565
6737
1426
-6219
-5643
-9196
3479
-2260
7062
-5318
-1464
-444
7233
8248
-7713
-4495
2767
8930
-3406
3660
-157
8530
5504
-7981
-5909
3392
767
8206
6569
3822
1983
8320
-1360
238
-637
2792
9850
1855
-3096
-745
9574
-9061
3562
-7966
945
-762
-6533
8880
-3679
3687
-56
-9477
-4679
-9160
-3912
1164
5013
-3079
7924
-4855
-6189
-1533
5153
4884
-3496
-3305
-3438
3088
4660
-5497
6221
3328
-8730
8554
-7683
-1283
3794
8174
1034
-3134
-6578
-137
-4500
6779
2967
804
8966
-8475
8530
-8902
4474
-8907
-3292
6065
7649
-9400
9615
-777
3665
7396
6468
-7975
7793
-4297
-1821
134
-1333
9800
7621
2467
-9728
-3516
-9221
8266
8114
-9410
-2550
-2560
-6849
7393
-1487
4487
-8383
3556
-1228
-566
-4684
3534
-9479
-6194
4882
-701
-27
-3266
-8354
6215
-6678
-7270
2919
7384
-432
-6605
4284
562
1934
-3976
-8144
-846
-3706
9018
-9588
-6445
-5842
2334
321
9088
-8801
5528
3256
4327
-3734
635
-7187
3245
-1074
9559
5005
1483
4300
-6564
-6334
4801
3690
-5742
4888
-9352
5614
-2385
2076
6333
1464
6174
2636
5959
9572
-3821
3090
3171
7672
-4141
-4900
-9980
-5685
-4567
7602
-4126
-1145
9430
-5066
-3588
406
7675
-7114
1749
9606
6061
-3291
-6207
2608
-7591
9081
-6901
-6957
-5595
-6014
-389
-9339
6842
-7331
6015
-3809
7560
-1178
-5311
-5589
-4605
-2661
2696
5533
1302
7895
7198
-4861
-1856
-2198
2959
7953
-3687
-3364
9599
5027
-4875
-7950
3624
6632
-9771
-8476
-6406
-7404
-5154
9025
3886
732
-3524
-7158
3659
-182
9230
3898
4620
4592
9112
9995
-6139
-2769
5925
5054
-3862
1939
5466
-5747
1634
2854
-2730
8814
367
-5451
2498
3204
-56
6683
1076
257
6606
-1229
9015
1575
807
-3862
1282
-6767
-8031
4497
-7352
9801
-239
2645
-4122
-3129
8602
-8634
9463
6779
-8825
-372
2483
558
-3380
-5624
-1775
-9862
-6035
5239
-5353
3735
3798
-969
7812
-535
3611
-1595
-3029
-6204
-9592
2205
7250
5434
-8040
8739
4696
-6266
1661
-4579
-4015
-9588
-9441
6576
-5776
-2307
-4952
-1252
-9797
8578
-4447
1363
7511
2566
1255
-738
3555
4345
9757
4514
4717
-3936
-5302
5382
-3853
-8186
-6260
7383
-1067
7948
-8391
3190
1007
9798
8681
-5969
9173
-1284
-8306
5586
-5904
2715
3086
-9017
-8966
-4846
1905
7681
1511
2662
2662
1483
-6054
9856
-4432
-4190
7192
-8962
-9759
4377
6084
2612
2406
201
2146
-370
7029
-6582
-2106
5964
-5974
8815
3429
2841
9708
-3567
397
-6846
-1140
3008
-5827
530
-1382
7208
2191
4944
-2470
9681
-2503
8578
-1803
1202
4719
8906
2092
-7771
-3790
-7806
-8468
9831
8805
4189
-8262
-4698
8023
6872
-5938
-4168
-1050
8626
-9081
6511
4308
-816
-2041
-2474
574
-4345
-9372
3408
-8464
3232
-879
-8038
-5191
-7231
5284
2337
1773
8380
8019
7503
2295
3862
-9639
1561
-7682
9097
-5171
5042
-1620
6042
-3553
4231
7912
2528
3144
-642
6670
-6963
5707
4679
-6306
-4000
9428
4758
1475
6015
5585
-2506
4857
-3993
-2336
4369
-4285
-7930
-2040
-9884
1862
6684
-5776
2190
-3932
7230
2553
-9329
4940
4956
-1092
8282
7600
525
-2163
7698
-6595
5013
-2922
4250
4120
5356
-9043
-2167
7210
-6841
-5128
-207
8876
-6345
-2627
4728
7483
5834
-3863
-3837
4503
8809
3198
4328
-1384
5348
-5383
2343
-2538
-1245
4891
-3937
821
5347
7919
2026
-7310
3385
3732
1148
-5943
7352
-4640
-2505
-769
458
-5849
-3712
4018
438
4373
9920
1419
-4321
-8005
36
4505
-5756
-4981
-7316
9831
2529
-8296
-3744
-810
-703
-4274
8300
7826
-7141
-8434
-4414
9016
-659
-7007
4190
7714
2822
9808
5671
5527
4859
9128
-8659
4716
2453
2461
-401
5547
-709
-5080
5300
3808
6375
9166
8998
-3550
2855
-8910
-8943
98
-5791
-3377
-1068
-7595
6487
6945
-4443
-5514
-3108
1596
5696
7189
-538
7798
9985
3282
2563
-4157
-5728
7747
-9560
-8940
-6727
-8259
5551
-6797
-3740
3720
-6598
8942
-1590
3156
1452
-3125
-2190
-9548
6710
2126
-1270
8251
-7795
-8715
-8081
-5981
-8305
9816
-6766
-3169
-1123
6080
1540
4567
6437
3426
-4944
-7617
4827
5414
-1986
9107
6055
-5436
9071
-9797
8720
2078
-1573
9794
4449
-5113
6326
1861
-25
-6034
3285
1223
9887
8238
395
7267
-2643
-5005
9126
1919
5104
-3159
5138
-6132
-6040
7801
6931
8690
-686
7288
3689
3187
2002
9298
-5062
117
6825
-9627
8105
7136
-1423
-3542
6108
-4888
-3449
8872
9575
3311
9581
-7376
4396
-9656
1209
-6975
8461
8042
-4065
7293
4839
-8612
6319
115
5273
-8286
7151
-5616
9012
-8922
7553
-3012
551
3807
-7309
6900
-2777
5547
-4003
3353
-9575
-5305
4791
-6986
-9078
1017
-9198
1649
2589
750
5031
-3887
7673
5933
515
7211
7260
9672
4929
-8113
-7852
2339
6767
-3939
-1393
1262
2160
-5617
-6767
-2575
7546
-1203
-8955
-3847
-5992
5769
-7144
6325
7900
7861
2653
-8568
8173
-5371
-7923
-4592
-4074
-9116
7051
8611
-2226
-7674
1874
1312
-6496
7576
-685
-5758
-5757
4564
4266
-12
4597
-2486
2986
999
9534
9634
-6486
3169
6033
9668
-4810
-8921
7948
9690
3423
-4913
557
-4771
1424
4212
-6287
6506
-9771
5047
-786
-2652
2960
-5225
-6436
2585
1552
-6972
-1126
9589
-4446
-8568
-5515
-7064
5263
9107
1924
-7556
9344
-622
4954
-7182
4276
-8375
-8048
-4758
392
-552
-6459
421
8249
1724
331
-1600
-1662
-1949
7872
9077
-2524
-9046
5431
5301
-6365
-790
-6899
956
2981
6441
239
-1202
319
-1319
-7245
5792
8480
-7921
-7504
-3544
9277
9715
-8249
-6427
-7662
4426
4170
-3347
-1982
71
-8267
1381
-3395
8617
2414
5195
-8511
272
3157
3445
-3492
271
-1541
4217
-4857
2784
-906
-960
2383
8701
-9025
-2718
-6676
4698
625
6368
-1416
-7601
9311
-7709
9855
-7624
8499
7980
-2155
-4583
6412
5863
172
-7810
767
-5644
2596
8960
1175
9076
6459
-4295
-2817
-2948
49
547
-7099
-1363
-2907
-2631
-2524
3129
-3382
-212
3462
3061
-3852
9503
2692
3302
6968
6309
5858
3141
-3604
1306
4383
-1162
508
-6316
-6486
-1346
9413
5644
6194
-6397
6090
7335
5419
-6827
411
4165
6013
-9218
9971
6083
5094
-3547
-3173
8594
-4327
4049
-7382
7014
3859
-3692
3882
266
-5674
-2279
-7646
-1699
-9024
6703
9895
-8386
-4657
8759
-7574
-2435
-5370
7872
6814
-7146
9250
-8285
-8903
3085
1602
3047
3795
7789
-3685
4871
-2883
-8864
-5123
3247
8346
-7221
-9264
7502
8976
5773
6352
-2157
-5025
-2505
8288
100
-6877
-9460
2125
5030
5852
-8167
2637
4883
-972
-3072
-3913
-3469
1559
2284
5541
-9390
-5352
6826
-845
-5750
-4271
-9221
744
-1098
5082
2528
3137
3664
-2048
3402
-4485
6394
-7214
6446
-7374
-2763
-3898
4081
919
-967
-1287
2999
8900
4054
-6380
-1564
1176
545
2827
-4714
-1036
1339
-1590
-7722
-5844
-6813
-6369
4867
-3095
8176
9016
2531
7282
-7093
-5161
-2606
-3464
6532
-9368
-5259
9571
8716
-2354
-1027
-8628
-5164
-6403
-8717
-2336
-6554
8641
-6134
967
915
-926
4629
-4060
-4500
-9017
-3118
-5022
-6837
2613
9569
2709
-8869
-5547
8606
139
7189
-4947
2065
-9628
6141
-687
127
9239
-1818
-142
-3682
-8136
4137
-6139
7458
8537
-5594
9481
7750
-7691
-5552
-3799
-4119
4052
-4731
7123
-6566
-8371
-4492
-2791
-2939
-9224
-5439
4257
8687
-9412
6620
-366
7805
-8956
-6585
-1422
1429
-7591
5727
7415
-6582
4401
-9723
3108
-6705
-5830
227
-2787
-3097
-8514
-8129
-1729
-3295
-2018
4701
-8076
-2756
5935
-9985
4383
2243
-1487
5385
-5158
9344
-7833
8728
-9479
-5339
9847
6402
-9884
9876
-3146
-5922
-3387
9459
-2696
-9646
-8212
-2004
3572
4542
6142
-2515
-887
1553
8555
-6753
-6823
-2312
-15
3028
-8753
-5640
9211
-6910
-1320
9249
-5140
6830
-2245
6470
748
-9485
6240
-9582
3839
8409
-3234
281
-4229
-1677
8599
-9553
1063
7273
612
-6660
-4859
2110
-8924
-2756
7233
-5322
-9576
-5189
-5823
2003
7210
7986
-5089
-1122
-1664
6709
-5596
172
9369
-7930
-6821
-213
-9382
-6786
-2799
-5546
4936
5203
172
-2097
3326
-3091
-9900
7031
-2159
6583
-8360
-1209
-8232
-7917
3377
-6115
-2841
4906
4668
-2028
-4827
-9087
3986
5949
7774
6390
4060
-50
9859
5579
-3114
2907
3228
-9779
-8668
-1064
-1309
-8493
6226
-5988
8317
-3619
5923
-4075
3222
4519
-4472
-2697
-7114
4817
7868
-9331
-7889
-4376
-5812
3740
4885
-9448
-9896
3696
-7927
-819
3147
1585
-4008
5599
-6840
-8876
-7665
-8786
-9535
-503
-2437
645
-7238
2022
8599
-3237
-3207
6002
-2683
-6010
-3035
-932
7282
-2790
6002
4885
-8476
-2761
-8400
8566
-5905
-8137
6399
6920
8136
-5902
2803
-9176
-9202
-5761
-5932
2486
7110
6190
-950
-6362
-1669
5150
9395
8481
-7143
-5677
7970
5853
-2740
621
-4978
7999
-86
-3845
4007
7530
-9057
429
-3057
1574
6211
-2073
2665
3433
9913
8892
5067
7013
-953
689
7561
8911
7666
2495
8655
2006
-3441
-1991
6337
7145
8828
-3392
4607
-4998
-5587
-6475
5044
8244
5827
-2281
9166
5010
-2350
3516
-8972
-2373
5814
-7886
-7092
-3638
-4818
2315
-3828
1044
-9749
6315
-3036
6890
-3694
8613
2700
4547
9186
-6059
-2757
-935
-6778
3996
2001
4698
9411
7359
1084
713
4525
-9034
640
5921
4255
-6827
-5263
6285
7937
-4367
-741
-4921
-332
-9912
7558
-7726
8822
3488
5444
1268
6212
9297
-8861
-3190
-1698
-6353
-394
5416
-6374
-6398
2667
5334
-5139
-7031
6992
6285
-9611
-1189
1291
-2398
-5785
9388
-5397
5492
-7079
2406
-822
7585
-2654
2256
-3517
2747
-620
-6967
-4064
7780
1024
3527
-8288
7499
5487
6676
-6496
1620
7794
6176
-5966
-7063
2823
-2426
1473
-6804
-7160
455
5727
-4533
8829
4219
-1219
9465
540
-6100
-5804
8952
-7914
4395
4413
-8983
921
-9416
5721
-3610
7890
160
487
-4514
9267
4470
-9672
-4032
7718
-5073
5491
-941
-2083
-584
3568
7728
666
1853
9361
-5689
-5507
5424
-2682
2504
-7452
8267
-1350
1597
8724
-4718
-1009
9800
-813
5256
6339
5159
-5720
9480
6921
-9200
-9602
5
2158
8449
3901
7540
-3109
3542
-438
-8324
6162
-2016
7264
5860
-1564
2027
-8861
-7150
-8419
3149
3034
9893
7926
-2273
5005
4695
-6635
2473
-8249
-3853
-8702
-165
2462
492
2071
-7049
2962
4006
2044
3916
7645
-9330
-3298
6842
5476
2358
8072
3455
2050
-5362
-5079
7463
-4452
-8397
6922
-7043
1863
-2990
9989
9046
-1745
-7611
5799
3584
-3137
9622
3263
-7129
-2710
-374
6365
3626
1499
8771
1003
-949
-4811
-722
-6444
3870
9054
2961
8101
9873
6322
8683
160
1029
7936
6903
-8303
-5790
815
4841
5326
8167
8362
8483
-5770
-9470
4573
-8623
5270
8016
9008
-9460
-9664
9417
5367
-9293
-8270
9206
2237
3095
6259
-3485
-3531
8525
2993
2738
8137
-1615
-815
6964
8024
8571
8719
-757
-8804
-6913
6384
7475
336
-9196
7766
1048
-2091
5325
1800
7160
1910
-5156
-8735
-2051
-6304
-5477
-4284
9770
-1749
-7270
-4794
3255
-9585
8882
-9924
2809
5679
-9162
-602
-7238
-4129
-629
1129
1827
6171
8303
5095
9345
7604
-1709
-4084
9930
-6327
9777
3288
-4286
-3474
8942
-5293
-9095
-392
-4
9418
-5496
-9721
4553
1603
-9828
9912
3339
-8210
-1564
9944
-8490
9247
9452
-4602
-1858
-4459
-7133
3265
-1379
7800
-9841
6652
-1003
3721
-4870
5705
3248
-6644
-7117
-3529
-8249
-1352
-5688
-6552
5005
-1754
-4823
-4033
5483
6751
-2707
8158
-7379
8107
-1552
5676
26
-5029
-9881
1446
-2559
-9108
4105
678
9166
6806
4726
3905
9400
-6221
1592
-8459
-9213
-3941
8587
-2299
-2072
-5948
5627
-6984
-5897
366
-7469
-287
2378
-3827
-2186
7272
6698
2396
-6211
-2401
9857
-32
-3965
2075
9406
-3265
9208
-5319
-6672
-7820
-8026
3551
-5934
7725
221
-4489
-8422
6004
-5113
-563
8014
4244
-1209
-7793
-5068
-6867
5755
5100
9951
4713
-5646
1119
-9642
7451
-7580
487
4520
2301
-5501
-662
9060
5180
-175
2668
1408
-2565
-9028
5929
2342
-904
1661
463
-6167
-3617
2324
6626
4729
-6426
607
-1548
-9125
4917
-4238
2747
8197
-7426
71
8538
217
7293
-888
1560
-6594
8050
-5908
9354
-6930
6978
4232
8459
-8701
5912
-4556
3214
-9530
-6793
-7293
-2997
-7845
-2658
-9424
6456
2446
4448
5523
-1794
-2522
-4726
-8274
-4267
-105
7123
6699
-4515
6234
3509
-5277
8980
-9758
-9122
-6505
6073
124
6829
-1223
-3933
7642
4218
2831
-2988
5514
-73
-7149
8248
-3640
-4206
1016
8795
-3646
-523
2715
-6246
-1937
2549
-5859
-6367
1561
4927
9141
1512
-4650
-5756
-9297
-104
-5438
-6733
-5246
-48
-3271
789
-6667
5968
2100
7870
3850
6289
-4576
6905
4251
-6362
-3086
1930
-9174
-8958
-2674
1997
6978
-5382
6336
-1941
1783
-9665
4932
-5501
5568
3557
-7730
2626
-2903
6807
-6058
7019
5630
-5639
6468
1025
4928
6528
-4737
7804
524
1946
-2554
-2510
1400
2111
2338
-894
8987
520
3493
1286
6126
-9830
1206
-7614
-440
8557
8326
8370
6914
5597
5909
9079
5517
-5116
3353
9937
1435
5679
-7891
710
9366
-2512
-2982
-5245
-205
-788
5186
-8736
9179
-3310
1116
6442
7535
3089
5300
5193
-1902
-146
6807
-3811
-4984
672
5119
5770
9723
2899
1022
-3487
-9753
4405
4913
8892
7544
2130
7937
-4749
-314
2186
2538
-5366
7002
7078
-334
2551
3589
-4352
1372
5988
8518
6647
-4599
3213
-356
-5865
-5618
-3746
1503
6046
3625
7055
-8911
-6744
-5888
4023
-2283
775
5296
5080
-5966
-729
5594
2801
488
-7514
-5581
2444
5349
3119
-3520
-5260
9531
-1885
7840
-1980
-1716
7383
-2431
-9584
73
4447
3893
5887
3175
9664
-9840
-3153
-2967
-6107
6236
-5572
-4883
-6281
3495
-392
-2685
7080
-1755
3736
1515
-5515
-1503
-4395
9279
-8331
-8039
-8381
5454
564
-7781
2954
-7926
-5496
-6678
2130
-3955
-1548
9832
2751
-4092
2791
9289
4626
-8596
-5804
-1807
-486
4994
-3540
-9931
-7458
6335
3731
8954
-1698
4152
-852
-8677
7512
-7244
1005
-2192
7900
5606
-8201
-6408
7975
6726
3444
1509
5809
8550
-496
7870
-8816
9454
-301
3809
-6647
-6365
7773
-131
-9398
552
-82
5262
-5585
-5153
-6845
-5539
5075
84
-7656
5574
4675
3856
-3503
7698
3334
7696
1931
-1272
-6534
-2617
6582
1957
1718
-1968
38
-1158
5787
-6998
710
9351
2817
-6750
-9366
-9599
-2046
-4549
-8309
-3175
781
-1068
5272
2262
-5016
1315
-5149
1461
-1991
4036
44
-359
4319
3573
7291
-5184
-8883
1497
-5060
-2782
-9384
-4030
-1235
6347
7422
-4807
-9381
-5263
-3752
-9642
7305
-9753
7677
3769
-9503
1487
1506
-3472
9943
-7023
9157
5757
-2617
-4620
7734
3445
-6767
-4988
5471
4039
7022
6806
-4826
-7600
-713
-9962
8362
-3395
8401
-3295
-471
1215
-2824
1124
6877
3565
-3289
-3540
-1150
9743
-795
-7025
2467
-8941
-988
-898
4547
2446
-8292
-4498
-5836
-3981
3327
-5390
-1604
4480
-8494
7438
-6237
-6587
-6267
-2475
5679
-763
-5108
1576
3632
2824
2350
-5931
4334
2573
-6540
2407
-3643
-2956
-8379
-3607
-7288
-5073
-3962
-573
-530
-5277
8995
-1136
-7192
8038
4566
8700
-2478
-2838
7904
4675
6910
2751
4476
4762
-6008
3713
-5780
-4637
-6010
-9959
-8445
-2485
8666
-5976
8445
-6128
-3357
-7074
4904
-4901
7273
-6482
6966
4359
-1563
-7268
4139
-5298
6255
-1761
3909
-2664
-6658
-5851
-4189
-6988
-6016
-1497
-5854
-144
5479
7368
7539
8931
-22
-1029
9817
3299
-4180
-2147
1330
4662
-5246
-6451
-1671
-2178
-6803
-8046
-8384
6292
8878
4186
8370
7529
-3821
8686
7079
-1932
-961
-1730
-6992
-1437
-429
-280
5695
6377
-5408
-3431
-6247
4461
5553
-9624
7773
-5681
2902
7252
-2209
8193
-3010
5870
9958
-1703
3144
3644
7386
5989
7381
762
-4325
-7408
-990
-8099
-8655
309
-7144
5167
6737
6083
-9376
3931
-2384
3
-6773
-6039
-2366
9850
8477
-9855
6677
-7754
8120
-7559
-6356
6697
-7182
-7399
-4662
4755
3589
1842
-7075
-3908
8478
-7685
-2594
-8526
6901
3953
-8716
-3160
8912
-4230
510
8902
4685
-9108
-2819
3659
-2805
2911
4151
-2342
8047
-4493
-1703
-2024
-7335
-3501
4844
5289
2295
2538
668
6538
6650
642
7301
4671
2593
1584
8462
-5027
8558
4674
-5212
8471
-3782
6822
-8128
-8259
-9072
1519
-6347
-7228
-7287
432
-9558
9395
-1190
-223
1076
-1002
-9517
4643
4146
-4199
7454
-167
-4577
-3418
-1151
5538
9671
-205
6546
-510
7175
6206
2419
-9108
2849
-698
5873
1907
-6612
9364
-8277
-9723
2780
6234
-7939
-9422
-6502
1992
-5631
629
-8679
9803
-4306
9853
2842
8500
-5365
6348
-6076
9909
-1313
7799
-7041
-9009
3172
4345
-2774
3431
8557
-3942
-1086
-4021
-7814
1458
4333
7376
876
5854
-5647
-5663
7723
8450
-3713
-2769
-3494
-6535
-6873
7548
-8187
6965
6895
-1399
5247
3826
-714
-3300
-6584
9580
5852
6234
-7911
4472
-3056
-1818
-8170
9617
4634
-4220
5209
-1812
-1087
-462
-7511
-307
-7288
4983
-5513
-9287
-3480
-6346
3049
-9699
-6870
8618
1869
3489
5184
-3046
-8479
2479
-4646
2324
8302
4525
8946
4738
6842
7272
8745
-1183
-4577
8325
6000
-6771
-3912
-563
6029
-9880
1819
-2692
4180
-1284
-4349
-6633
1868
7952
5140
484
-9685
1841
273
6599
-854
5273
41
4934
9329
113
622
-6251
-8694
5624
2070
-6390
-413
7665
-6783
2733
-527
-340
5455
-9150
1365
-8386
-5035
5942
5218
1456
-640
-9301
-1042
7784
8609
1978
129
5513
273
4570
4517
-9149
7672
7832
6067
-3345
-8443
4857
-6344
14
-6900
1039
4408
-1749
-9430
-8995
-5265
9397
2554
-996
1298
-9668
2249
-9491
-6719
-6553
-5369
-2396
-9050
1695
4726
3310
6099
4814
1485
-6483
2916
-8344
-2490
-4189
6928
1532
-2702
6914
-8936
-6966
102
-2598
1431
2783
7381
-6507
1951
-3470
-7443
3997
9827
7053
5148
-6864
9805
-5277
1959
-5429
1554
2381
-9034
878
5993
-979
6668
-4113
8949
8125
-4703
6316
3410
-398
-5200
5683
372
-2885
-8225
-9782
-7554
-7912
-3961
2919
3990
9455
1871
3086
-5534
7067
-7954
-1877
-1531
-2990
7026
-9737
9295
-5397
-8205
8396
-8987
-1644
-7597
7187
8323
5493
-3157
7259
-9644
-6838
-3015
-1298
-4127
6124
2209
-8002
8052
9802
-7374
-9381
8852
-8515
-9474
7811
-1750
-8990
2544
-3652
-8450
2265
-216
-9496
-688
-4087
-466
7382
-1574
5913
-436
1989
710
-1169
-9354
-1841
8163
4977
7549
-9500
996
-4151
2476
6662
2704
-7109
9919
-9319
9669
3456
-1600
-7407
-5771
-7125
8866
4828
5458
-1729
7968
456
678
-4806
5089
-6997
-8857
-751
-4898
-1898
8775
540
7014
5556
814
8950
1229
1722
1108
-7744
38
-5861
-9701
7905
6254
-4542
-7703
1951
-5552
-4860
-4346
8636
-3657
-3603
9467
-2939
-4415
-1035
-4676
5840
3351
-9682
-3158
8247
-8598
8969
-7964
-4272
458
-1285
-7811
8722
-241
-7838
5704
4170
-4672
5233
-309
4413
5566
7064
-2592
7282
6003
-353
7662
-3004
-7064
-3212
-6131
6661
4221
-2707
1319
-5883
-2563
101
3036
6886
-2187
5385
-5130
8183
-8903
7501
-7357
5446
2928
-2868
1360
-8241
-9100
-291
1042
-516
4513
-7947
308
-455
-8817
-9488
7142
-5624
8727
-9615
-6615
-6226
9065
3399
-3684
3698
7465
-1405
3252
-3227
-6740
-3699
-749
6123
1329
-2577
1881
-2201
-9679
-2967
4652
-7276
3443
-7272
7599
-5000
-2322
-3501
-4580
1903
-5628
-1671
-6095
-9294
-5517
-4322
6035
-1436
-4219
-1377
2013
6503
-2021
6445
9037
7905
-2348
325
-7327
-8274
-9627
-345
5378
9459
-2945
-1794
-9881
5742
578
5967
-1418
3917
9827
7392
1232
6703
-8304
-8669
-2932
-3483
-7701
8682
-4491
3876
319
347
-3270
-5465
-6478
4625
2589
2248
-2410
1778
-5412
-1592
6174
1808
-2515
890
2770
-9140
2669
-9232
-3364
5454
-3107
-184
-61
-7772
1610
-263
-1926
-1169
-4379
6611
6645
1897
-445
-8599
-8976
9396
-40
-8783
-2772
-5072
5637
9248
-7601
9770
2884
2828
-6101
6516
-4646
-5837
-5889
2242
-9919
7121
3786
-8326
-726
1061
-3616
288
-5394
8194
1634
503
-2828
3293
6471
-7445
-3095
7884
-3265
3223
5301
7887
5833
-4010
4221
-3341
-5538
-8406
5673
-5217
3325
2764
858
-4271
-7602
-3087
-8431
357
-2976
5967
4798
3409
-9130
-1649
-9245
9405
1706
-3330
6674
9009
-7677
-7173
-6119
-5369
-2048
-2696
-8089
-4240
4521
1992
-9307
8049
429
9616
574
7715
-4664
6134
-2328
-9884
-2689
8740
-4468
-6284
-5027
-7536
-4090
-5516
-8337
4228
-2481
-2167
78
-4848
-3933
3008
-9280
-5812
9599
-8916
-5645
-1851
-6452
-3077
7676
6474
-8592
-2004
2703
3082
-2754
4703
-530
5465
-5763
-2488
6927
-919
-594
-7641
3914
9867
-5729
-3123
-8641
4538
-4180
4283
6374
5197
-8496
-245
8231
-6472
-8234
-5094
-8326
5168
-6680
2017
-9606
9459
-4756
-4868
1955
-7232
-4625
8039
8532
-2713
1836
-1339
-7475
-9281
-4736
-4300
719
2619
-4071
8868
-110
9886
-2790
-2522
-3433
-8956
-8981
-1021
-788
-2190
6918
-2654
2470
1578
-2571
-5719
5928
810
-7838
7525
-1653
44
-3822
-7439
6960
-602
3173
1273
2246
6306
-7005
-1640
6345
3407
4925
-2479
3364
6015
5776
-4402
-1535
5998
-8931
-3048
-2587
-9903
-1652
5177
-6923
-4028
4286
-5497
-4636
4404
8845
7087
8875
8518
9618
-6573
3262
-1418
9968
5013
-3360
7705
5274
-9716
-8723
-3855
-563
4078
-6514
2886
-2215
1234
4133
-8281
-9934
3667
-4667
-5227
-6397
8007
-5442
5585
679
-9703
-3607
-4655
-2542
-8480
-2301
-7995
1081
-596
6117
-8910
-8668
1748
7784
3758
-3031
-9366
691
-7609
-1453
1625
-717
8074
-2894
-6316
-3939
-5041
-2631
2667
1590
9295
3241
5673
-9312
4038
3389
7406
3842
-3456
-670
-5609
7943
-5344
2924
7305
-1239
4562
6501
7371
-3586
1167
-2340
-8639
3875
6836
-915
8744
4876
3812
9704
-4865
-9356
-6043
5881
3227
4717
-9484
-7761
6238
8121
-4533
-2087
-5790
-9768
6076
96
1832
5298
1569
10000
-6514
-340
1418
4537
107
-1928
-8134
-5202
1593
8888
-1213
-3219
-7121
4632
622
-1462
-2728
9105
9860
-745
7170
-4852
6654
8361
-2888
-8326
3146
8112
-3771
-1260
-1010
4408
3697
488
2855
-3598
8160
4579
-8083
5012
-2229
5319
4203
-3725
-833
6483
-1191
-2881
3586
3849
-1877
-6031
7065
2222
6174
-3931
4703
4669
8498
-2751
6906
-4336
-9960
-288
5714
8461
-7445
2596
5525
8110
-2106
6721
-5039
-3897
5889
3343
7122
-5673
9084
-6705
-4074
2820
-1648
856
-4583
-5312
-8853
-8155
-1623
-1239
6455
-4300
-2454
9252
5589
-698
94
-2255
7991
-8324
3874
1658
-6384
3049
-4802
430
-1265
-8103
-9336
-2292
2720
-8793
-6601
17
-259
1736
9830
759
-2353
-1622
9910
-7334
-5082
6989
812
-4286
2109
-5456
1962
-9652
6098
-7467
-1063
-6817
8872
7512
-1364
-21
4191
-3032
-86
-3999
7704
7419
7578
1775
7343
5757
-2862
3909
-3921
-3295
-8603
-1158
3755
-7632
-5178
-757
7386
-3081
7336
7486
9841
-7743
4419
-2858
7664
7907
-8001
8990
-8929
-1062
4741
2788
9941
-5452
3975
-2803
-6692
-2742
9102
8299
-2072
6132
696
-8938
7764
-2366
4038
4235
-4589
7514
6263
-8478
3951
5202
921
6335
3785
-5765
8128
-3844
51
8835
6369
-9008
-8369
9070
-4124
1163
-6329
907
-1970
-8443
-6479
2621
-7020
3895
-7101
8149
5551
-9441
-6052
3924
722
2352
628
-6564
-8659
-855
-2672
-5242
6708
-3159
-8418
-1808
3598
8099
-698
-5042
-9362
-2715
-2406
6731
5985
8413
5215
-280
5814
5811
-5335
410
-8242
3207
-7809
-1359
-5011
266
-7116
4240
375
-365
3345
9380
-6650
-6140
4866
-4504
3472
-5694
-4178
-1712
-1388
4023
-424
3499
-5631
555
9972
-8446
-8930
-7007
9116
290
-1720
-5020
8524
5580
-4804
7143
7450
2033
9055
-5174
2608
8858
7300
-8335
-3524
-5558
2705
-5253
5056
2608
7534
2124
8504
703
-7482
3787
5670
-2067
-81
-4142
4202
-8386
774
8264
-529
-5100
3068
2468
-5825
-3836
-4049
1485
-655
-200
7161
-7416
-4910
-5337
-3122
-695
1066
-5852
-8515
-6057
-1526
-5475
7595
8439
-5695
-7397
-9842
-7995
-6783
5914
7772
-7011
-1475
-5138
5910
1089
4837
4484
-9615
-2413
-4397
868
3396
4049
391
-8415
-5693
5600
5392
4359
-9920
6096
9286
5643
7473
8870
-9356
-6859
4892
2669
-6821
-5589
2127
3932
-7023
2438
-2242
-6039
727
-3856
-1923
-9859
2419
7930
6666
4205
-4533
8132
7998
5614
2646
8909
7874
5035
986
-3549
9188
5291
4818
1161
-1264
1477
6793
-5809
4235
3537
-624
9038
4939
3533
8787
9085
-1368
-2011
-7177
7370
9030
-5653
7658
6058
612
2108
-8619
9946
-7721
-8725
-4662
-2431
-9955
4151
-2272
-6377
-8143
6093
7584
-273
7473
2370
4551
-4027
-9895
502
-8408
-6868
9122
5601
-8241
-4427
-6849
-2570
-3778
2698
3519
-6063
5300
-1014
9955
2984
2894
1095
138
658
-7909
3740
8685
28
3804
4260
-1459
-7293
-4812
9122
-1867
8276
7832
-8410
-4244
-8433
3629
8806
-4331
9548
2331
-8748
7070
6470
-8422
-4827
5171
6689
-508
-4972
7623
-714
-4634
-5716
-8849
-3392
-2314
2186
-44
4234
1604
5788
-2937
4061
1435
-1663
3229
-3878
-2706
-7283
-5436
-4555
464
5294
1530
8374
-3441
7850
-6929
-6444
6192
2806
-8178
-4336
520
8752
3255
3126
-4152
6194
-6182
3116
2578
8111
-6099
-5511
5873
-6749
2069
1186
1369
7043
3628
-5874
-5658
9142
-4422
-7853
38
-6914
3209
-9348
1610
3286
-1758
9412
-7016
8380
6027
-2664
5939
1751
-5423
-4453
-833
7841
5841
5608
4943
1847
645
2805
9161
3392
6636
7712
-6836
-1130
2485
-9645
6974
8011
-4097
-2050
-5285
-7961
-2539
9671
-473
-5416
-118
6943
-6385
-7627
-4359
-841
3783
7098
9984
8898
7156
4222
5072
6966
-1448
-1960
-5687
-4460
7434
-8805
-4821
1359
-1724
2575
6681
-5103
6882
9195
4747
-8638
-7292
-9016
-3171
1180
7935
-2816
9965
7145
-4411
-313
4964
-1513
5643
8745
-5709
-8479
8520
298
-2984
2439
3095
-8065
4278
720
9053
-767
8258
9768
8512
2945
6919
-7513
9673
4784
-9383
-1764
7098
2974
6319
-6894
-4552
6155
-1121
1722
6570
-4297
9453
1764
6634
917
2092
-698
-132
-2081
-9001
3671
-4181
8484
-960
-1776
-1849
-7484
-4980
9410
-8688
3643
8214
2542
3668
-1825
144
-1637
7244
6524
1755
-9861
-3232
338
5037
-6771
8472
-6972
-3170
2708
-3091
-9491
3190
4671
3652
-9282
-5435
-7959
-8609
-7893
-2742
692
-8865
-1087
-374
9782
6339
7238
7165
6959
-1820
-6848
4839
-3401
-7140
9699
-872
5257
-98
8468
-7625
3884
-4806
2076
7323
3814
3688
-5037
7175
8500
-5449
-2918
8743
4251
-2214
-3660
7288
-5415
-6193
8649
100
-7210
-9252
-3479
9311
-5848
-7466
1977
8531
5613
-7681
9961
-1591
5856
2881
-8980
-3638
5508
4121
-6191
6459
-2566
-2918
-8982
7185
5116
7762
-8621
128
-9992
-6411
243
7741
-6905
6856
5303
-9521
-2627
-296
-9672
-9014
480
1798
1327
-3230
-2118
7843
2602
6174
-4532
9658
-8235
9331
-7077
3886
1391
-2281
9689
-9661
-6407
-8562
-9294
-753
-3389
-5550
-7591
7718
2013
-6865
3203
-4576
5217
795
3858
-757
-5940
-7468
9523
1733
-748
9715
-6060
7302
401
-7318
3628
-8295
4614
7129
-7166
668
-8295
6186
3575
-7849
7161
3282
-2290
-1383
8462
5182
498
-318
2169
9150
-4015
7226
1891
5914
-2047
8186
8755
-2448
2659
-2301
664
-812
-2363
1076
-629
-2285
5718
-3504
5123
-1570
-8504
263
3798
2448
1933
-1884
-7650
-6491
8914
5278
5251
-6938
2312
-1061
1393
4416
2028
9834
-3231
-5218
9871
-1602
-5327
964
1334
-340
1883
9281
-2353
-9038
-3970
9141
-140
7152
-4317
5576
-1577
4113
3524
9592
-2739
7641
9333
-8019
7869
-1524
-4090
-1638
5749
-6457
-4159
-3229
-5134
-8159
4172
-9090
-5317
-1019
-5174
-8632
9265
9736
-8224
-9712
-5975
2349
4009
-6867
-8814
6353
3570
8341
-8228
4836
8401
3443
-2698
-5684
-5629
8598
-3490
-4446
-3918
-3282
4598
-787
7646
1423
-3181
-3473
-1765
-2690
-8068
6133
-2011
-6184
6448
-775
-7082
6300
2389
1505
9517
-7347
9896
4541
-5053
1522
609
-7487
5308
-9873
-7372
7192
-8800
3012
5479
8415
7032
2352
-513
2033
-2710
2965
-5296
1863
6848
-4330
3891
-7952
7277
7194
-5739
1499
917
6299
-3579
-380
-1512
-8790
3072
3680
-7268
5697
-3431
1251
3852
-1344
6543
-8793
-8641
1720
-1047
8392
-8000
9056
111
2588
-747
7029
-9589
1982
5956
7704
-4682
-2812
-1731
4303
1255
-5860
-6241
-5796
-1902
-7567
6809
-3964
7109
2556
8522
-3091
9693
-8061
-290
-7751
3409
-5089
905
6947
-1510
1608
3839
1677
-6133
6443
-9871
7119
994
4004
8274
2878
6063
6814
7477
-6673
8329
4715
582
-923
-716
445
-6121
-332
-5828
-1035
178
-9141
4724
3998
285
-4720
7832
-5743
7111
3744
701
4641
6010
-3340
-7223
4233
-6229
-7837
-7192
-7670
3681
-2886
836
2476
-3587
-2595
-5558
-4574
-6462
979
9858
-4467
2078
-1448
226
-2429
-909
8276
-2356
-2485
-3313
-8295
-74
9161
-2478
-3476
5915
-8116
-2424
8016
9605
-1806
-424
4576
-4560
8958
-4804
8655
-6180
2244
-1735
-3381
1787
-7650
-128
2581
-7629
-414
4843
1932
-6692
-2521
-6286
4212
4703
-6276
7764
-9844
3227
8940
-7837
-5225
3829
6605
3725
8579
7041
-2868
-8399
3182
9504
-2631
372
5368
-925
7861
-3451
-8271
2415
2187
-1342
-5307
-9684
-4631
-5560
-5089
8781
3683
-3301
3014
9851
968
-7206
-5066
-7151
-1733
-5953
-1593
-7195
-4377
-3806
-1256
7502
-3453
-420
-7665
-3364
151
4097
-3068
2913
-2661
1867
-566
-3835
-7075
-4584
-7918
8491
-1283
-3227
-2377
5950
833
3435
-9291
-4341
-2721
-4833
497
1017
-6941
-5779
-5728
3882
-2970
-7306
-9608
5711
4181
3419
-3617
-7672
-825
3798
-1923
8729
3761
-276
7882
1432
552
-402
-1271
9649
-1414
-6607
-1360
-3006
-3194
9917
9027
-232
-9223
4363
5773
4443
1721
608
-2757
1018
-629
7448
3759
6036
-72
-1410
9291
1922
7233
-1063
6614
-5067
-6275
2224
5582
-7165
-8759
6988
5510
9735
-4389
-8997
7551
-6767
-5462
-7000
-1786
7755
1880
960
-8779
-29
-1759
-1481
498
-5462
2089
-1069
-3726
-543
-9707
-9334
-398
-9176
-67
-9886
7441
9510
-9816
4409
9930
-1744
-6315
-5914
2453
1954
7984
870
7754
-2712
6008
4981
123
7546
1207
-372
-535
-376
8004
3407
-1334
-299
-5582
-7640
972
-3997
907
1973
5268
5738
-78
6517
-4208
4374
-8279
-8264
-8653
6403
-352
-696
279
-2693
9972
156
6068
-4825
-5519
9772
-4086
2692
4054
-6330
-8696
-3456
996
-9604
1515
-9749
-9497
3099
4597
4387
-687
-7503
-6548
8731
3615
-6295
9520
-2190
2632
4147
-7545
-7294
-1079
-7603
5030
206
-2891
-3508
1942
4184
1829
2075
8459
9906
-4593
-5778
793
3038
833
3076
8180
2890
-1136
2137
7952
2749
-3426
986
-7192
1534
-6792
-7713
-7930
9468
2436
-5493
-3357
-7299
79
-907
-6220
9686
9304
-1689
7967
6999
4513
1062
-3661
-7567
309
-3356
-9830
2986
5128
-2501
8131
-5520
-2657
-8992
-9516
-9758
-697
-8221
2221
-9279
1367
-3892
-232
4637
5565
-17
2998
4154
4898
8264
-2311
4029
-6032
-3489
9479
9185
2846
5114
4266
3449
-1735
-9005
6776
1695
-3123
-7049
-4064
3676
4512
1269
3558
7151
-4979
3166
-5932
3676
-1700
1589
3960
3104
-2016
-109
38
-1337
9846
3862
7662
7148
2961
1604
8418
-5645
4953
7435
-802
9549
2367
-2247
2263
5579
1185
6200
7152
1916
-5969
-7938
993
-9046
-1308
1824
-2479
-1358
2360
-1670
-3098
4062
6878
5876
3876
-4733
7868
-1130
7322
-2960
7554
-6703
8118
8025
-4853
4145
4536
-6265
-3379
4499
-9143
7101
-9312
4709
934
4781
3292
5153
-2599
-859
4312
7582
-6739
3597
187
-2648
-3704
4934
5138
-7295
6663
-5151
-8274
-7014
-7085
649
7688
-7308
-6310
3676
-244
7584
-9493
5633
2433
-8028
-8051
-3362
-6007
7177
-1147
-5485
-1085
8429
-4980
-224
-9839
9112
-1196
-87
-5654
8054
-3516
665
-2976
6599
-4156
-5184
3768
-6348
-7079
-1977
60
-5086
-8475
-1626
-8143
650
8765
8446
5696
-1724
-5916
-8080
-2059
-8830
4018
5811
-7082
4730
5413
9058
-1215
-2256
-1838
5068
-9266
753
-7687
801
7116
-8596
-9093
4880
-5003
7489
-5990
-6005
5088
-6379
254
4589
-4071
9784
-8652
-3069
-9934
-5168
647
-1949
245
-4997
3510
-8818
2899
-9098
-6486
1826
-1357
1967
-1431
5620
8453
9965
-796
8739
-5114
-1081
3635
-4544
4968
2832
3521
8845
3051
-9076
-8262
2896
2737
1329
-1161
-7391
1712
-4324
-7195
9986
5855
-7642
-6229
-9513
1114
673
-8665
2048
-5501
1843
-6060
6943
7826
-6791
8683
-3095
4958
4818
-4336
-485
-3033
6238
-9485
4781
-8715
-3969
2546
-2404
-5019
-1345
6578
4055
3577
-338
6168
3969
-8821
-5509
-4811
4759
-5471
-2242
1589
-1578
-9419
-6044
-6588
7894
-1440
-5227
3860
1875
9635
3195
-8149
877
-4089
-9195
-3308
1641
9602
-3499
-7679
-1530
5679
5139
369
-1770
9309
-4459
-7761
9027
6255
-42
9514
-2026
1637
7458
4892
-4659
-1137
5454
3081
-9666
-6846
-9992
3508
2668
-4403
-4685
-5585
7880
-5823
7825
2799
4410
7429
-1046
-6554
572
-3862
-1128
-8569
7418
2390
9671
-4008
2527
9778
-3287
-3056
-1900
2270
6414
8702
-6139
-5048
-9830
-8882
8704
674
3525
4805
-1234
4709
-9963
-9874
9038
-8274
-1039
3821
-4307
-2277
7886
9100
-3285
-323
-5005
-2254
1975
-9632
4112
1235
-7623
-7739
6432
8957
8268
1492
-3645
-7801
-7134
-9614
8561
4963
8460
-953
-171
3266
9365
2962
-5922
-1783
9621
-7419
-1717
-1193
336
5426
5754
2320
5043
4209
-9455
717
6407
-2549
-5392
6337
721
7617
9517
-6152
-1756
5492
-2583
6862
3872
7272
-4681
-6387
-3423
-7637
3954
2317
-8524
-2711
-3037
9690
-7668
2519
-7586
5650
7499
3553
-9448
5982
2262
9513
5521
-8157
1117
8699
-9050
-9211
-7838
9505
9120
-7171
4018
2524
-8664
-6602
-512
2088
91
9616
-16
-5286
-7185
-5257
-3225
4592
-3589
9853
1095
4324
4998
8953
8415
5882
-2304
-5388
6163
8720
-1405
-7814
114
1831
9303
5995
-6950
252
-9752
4102
461
1926
7150
-2126
6258
-1992
5559
3005
4316
6804
7661
-412
8928
7702
-9818
1222
9874
-8541
-506
8599
-3578
8735
-7717
-6554
-6298
7025
4660
9278
638
9502
-3056
9516
1161
1093
-1968
6406
1692
-7470
7032
5148
-8979
-4632
6045
2471
4730
1826
7022
-3847
8590
-8047
1973
-8595
-5989
6902
-9023
8294
-5017
4795
-760
819
9786
3119
-8986
5922
599
5841
3852
-761
-8318
7615
6001
35
-5247
2803
6359
-921
-8694
-4069
2745
9189
3832
-933
5988
-4043
-4943
-722
-840
-1675
8871
-613
732
-7163
-6716
-7075
66
-5180
7517
5192
-5658
3930
-9176
5295
-2302
8782
9876
-3469
6310
73
-3059
4358
-3849
2161
9413
2725
268
-8318
5921
-2238
6785
-4732
6203
3572
-9604
1977
1047
-9881
-8093
-6070
8310
4361
4291
-2767
6988
-4074
7899
6771
4128
-7328
-9426
9166
2383
5791
8335
-6511
1420
-7053
-3471
7831
-652
5787
1844
-4077
9375
-441
7775
-9964
-5510
-5667
-7990
-2808
-4256
-6571
9752
5978
7206
4279
2747
5679
-5340
-2218
-4913
-6850
9042
5400
-6281
-7849
4070
4804
6851
6859
8025
-5029
-9522
3449
-6275
-9071
3070
-6518
-8840
8319
5731
5217
-1622
-403
-4486
-6079
799
-3305
5751
-7652
-132
8524
-6111
-8522
-3241
-6752
-3154
-8363
7685
1476
164
1219
-5831
-8137
-9026
-8422
3579
-9577
3822
5887
-7010
-3547
3892
-2567
-2840
-2068
-6947
3187
-7204
8230
-3832
-1712
-2844
8615
1808
-9237
-7475
7221
-457
-4685
-6006
1926
-9921
8297
9255
5843
-5101
-7552
-8955
7805
-2509
-9912
-7459
-5580
323
-7037
7226
-6055
-4666
27
5609
-5961
7183
2408
6192
-4406
-599
7348
-9598
3876
1677
-5759
1681
-9411
2032
8949
1361
-8463
-5031
-1724
-3984
8959
-3797
32
-8882
-9437
1806
-5908
4920
9379
5000
-1166
-1693
7131
-9527
5557
8039
1210
-3531
-4304
242
-436
-4261
-1302
8891
-6221
6588
-4177
-4871
2026
-9296
1770
1059
6127
4498
9571
5357
-208
-8757
-9663
-5325
-1132
4305
-3311
2070
3639
1892
-1053
2736
7317
9561
7115
768
-8166
706
-622
-9307
2439
-8248
9689
-8589
436
-3890
8577
8809
2659
-2770
-6099
-4977
2939
5855
-9219
-6061
-1137
-3428
9131
941
6651
-4672
7068
-1579
1613
2264
1551
7358
-6120
9887
-1205
7523
-5893
6259
-5527
9623
-2545
-6948
-5058
2513
-9818
8286
3415
353
-2163
8184
-2308
7395
8233
-3086
-9473
-7611
-37
3759
-1222
8772
2769
5608
-4397
6235
-4563
5103
5745
-5758
9443
9594
1632
7800
-6140
-3890
2451
-84
-4508
-9821
-5164
-5203
-7583
-3545
-7440
-101
-3295
5208
-8947
-3359
-9573
8608
-3872
-9584
-9397
6659
-2549
-6596
4409
-8997
6570
-2712
-20
-8595
-3656
-7616
9675
-4969
8180
8196
4808
-905
-2411
6408
2335
7826
7550
7757
539
-8284
-661
-6893
2921
-260
-4728
-5062
359
8401
-9115
-4881
597
2667
6117
-7671
6401
3731
-229
5377
8469
-6288
-856
7892
6804
-495
-1946
7003
5863
-1508
9746
-269
-9257
-9628
-7610
8583
-3611
-7783
-5517
-7506
-62
8413
-4317
-6423
2143
-7336
-4178
-8926
-8117
6357
5369
-9570
9475
-6886
1948
-135
-325
7434
7715
4476
3176
2411
-2081
-7915
-7879
396
7496
-2782
-6531
-7440
603
6129
-363
2569
-7340
7886
-9684
85
4212
-5280
-329
1610
620
-4649
5193
-6391
-5357
4522
-6683
5100
-9709
-2903
-1386
1711
-8322
6423
3183
-2678
-101
9871
5426
-1617
-4473
9629
-7133
-9928
588
6424
-6063
-2332
-1185
-3212
-2706
8988
-182
4430
3098
-1148
779
-7152
-7208
3055
9659
-4734
6083
6178
-2507
9914
-958
-9704
9726
1549
-8022
-221
-2277
8153
4493
-6629
6363
9181
-2799
-8120
-5990
8617
-5204
-4715
7200
2285
-5716
-3932
4293
-1408
6057
8743
5789
8095
6995
-9516
8374
-157
-9936
-9040
1386
-9362
2656
7115
3589
-3873
-3828
-1313
2791
-645
3564
-386
-369
-8564
-7852
-6341
2298
-2482
3930
4272
-7519
8164
3351
-8986
-9873
7152
-3643
-7128
7238
-6828
8832
9901
-4848
-7640
7068
-9786
4489
4982
-7142
6427
-7431
1601
-404
-8248
-6267
6467
-7301
7679
-5689
-3092
-9729
-9576
-7065
-597
9093
-1077
-6945
4357
4799
-6293
3270
3883
1824
-6917
-8701
-1724
2657
-2021
-2662
-7206
-3650
1327
-3537
1393
-5414
-3164
7837
-9843
-9885
2403
-8877
7111
-4842
-7519
-2556
3832
-6872
8551
-9737
-8276
6963
3142
8613
5287
-9179
9800
6817
-9509
-7348
-221
5052
-100
8108
-7108
-6616
227
5265
9231
-8234
9820
-2907
8549
-7712
9346
-2277
7248
6269
-9310
-3856
-8117
-4777
6732
-4571
5302
-6546
2199
6071
-5522
-8789
3856
734
1963
9248
-8852
2142
-229
-5670
-5167
9255
4851
1881
4155
-9743
-5918
5823
9709
4761
-7635
-4288
1612
4980
-5419
-9019
-970
-9130
3153
-9213
8408
-4396
4211
4372
-9215
2219
-434
9929
-1240
-3587
-9790
-8470
8209
-9297
6772
8498
4836
23
-2287
2429
-8246
8927
4747
-6136
3257
-7101
8455
4999
-5302
305
4276
8451
2617
-9453
-7287
-6321
3975
6632
-9378
9690
-6044
6376
-2821
-3202
7877
-316
6872
-1877
8716
1579
-9235
7730
1474
7660
-9042
7647
8802
-8993
8239
8626
9276
-731
-5953
-1999
-9123
3098
4588
1934
1319
5975
-3680
4387
-9923
4899
-3489
-8179
-9840
7673
-2895
8420
9474
-2208
-6431
2610
4924
-9239
-5312
7212
-1389
-4885
-7382
-690
6303
3163
4548
7777
5201
5507
-9949
7363
-6581
-7645
-8090
-2767
9493
1793
-6609
3583
-3143
-9062
-9276
-96
-1078
1356
-6284
2990
-6740
4802
3359
4476
7332
9516
2488
1674
-1075
-5881
7467
-1720
1490
-4161
-5590
1744
-616
-5866
347
5075
5954
2566
5348
8562
7895
-2287
-8624
-6918
5311
9680
-4195
1263
4049
5190
-3097
-6384
-2565
-4247
-213
4113
-954
-3309
5562
-886
4987
7777
5338
7462
3452
-8369
-6592
2417
-8580
-3309
9542
4680
3916
-661
-4291
-4027
-3336
8841
-5177
4613
-6988
-2535
2936
5549
-8473
7750
8597
-9845
803
4143
-8186
377
-1224
-801
6275
9432
8956
-1171
-3542
-1141
-1603
4352
-5552
-3445
1136
-571
8329
1748
7016
7437
-9506
-3716
8106
5411
-5904
92
7900
8226
-3762
-1996
2552
-1254
-7153
-6962
1929
-1771
6913
-9149
-6112
-2091
-3507
3166
-2717
-2144
2736
-4321
-6943
6910
8301
4326
-1174
7727
-7353
9404
5463
8895
-6993
4231
-4298
8061
-1826
3628
6347
9308
-7441
6254
9469
-2701
-3519
-1400
-6562
6696
-2912
-1264
7406
-8445
-6140
3515
-6489
6982
-8196
8966
-3395
391
2294
6498
2266
465
5514
3205
-1980
1705
-9961
4451
1484
939
-3617
1001
6324
905
-7012
4161
1695
4732
-8178
3459
-5509
5413
2612
4939
2215
6404
-377
4676
-4112
6361
8761
6224
-8808
9412
-9399
-6663
2972
-4411
5869
648
-7841
-9960
-37
-3673
3053
5427
5686
1996
-6896
-9295
-6073
-933
2317
-1104
-164
7258
7208
-650
8189
2809
-112
-5757
-8213
-4059
1515
3798
-252
-2439
-8795
4462
-7232
-1857
-6089
-9748
-8646
-4183
927
-6749
6253
-3279
-1699
4476
-3924
-9367
-4850
-930
1919
-1644
-2519
-8787
-2835
-1740
-3696
1596
441
8669
2624
-9103
7575
3692
-5886
-3279
-5702
2005
7391
-2369
-1435
3687
8084
-238
5810
1143
1036
-8539
-7813
8361
45
2142
-4687
3870
-4228
-8163
-5493
9511
706
3132
-3897
-8283
-4496
-2498
-7825
-6046
6124
-8064
-7565
-9293
7742
-5063
-4151
-2110
2101
-6416
5159
7841
-8488
3547
8916
3537
3716
9837
8799
7815
-1415
416
-4704
-9134
789
9329
7136
3736
1179
6615
8463
4245
-8198
-1644
-2678
-5356
-321
6314
-795
5799
-8403
5133
3975
-6850
7781
-7142
-3375
-6034
5538
-8484
3392
8117
5649
-9217
8897
-9642
2609
-9065
-8378
1035
-9681
-4196
6118
4823
9580
-7886
8494
3232
-9131
4393
337
-7556
9772
-2280
5164
2829
293
-5691
8752
-1281
-8223
-2073
6391
5397
-5666
-1097
2024
7387
-2505
-6435
7416
9266
5999
5443
9561
-9503
2951
-1547
-2518
-4799
7015
1831
-1528
-1689
3186
-1679
9293
349
6150
7360
-6943
8340
-1910
4430
2577
-1178
-5256
-5282
24
5376
8511
4013
-116
-7433
1712
926
431
-8678
-8682
5423
1701
-8910
3559
-3353
-3161
-1065
5528
497
-8738
-1918
3418
6015
-1942
-4980
-2561
-2871
7557
-1502
9219
9415
-954
7422
7753
43
-2895
442
7350
-3173
7352
-8772
-499
1157
-4761
7494
1982
7422
-2023
-9407
8217
5815
6676
-5137
-5668
4011
2728
2532
2894
-7338
3830
-1157
-6803
-5359
-2606
-8908
-7042
1322
-6822
-3534
-8893
-928
-9679
2274
2555
6867
-7556
-60
-3551
5895
2223
531
-8418
1992
-2243
1323
9183
-995
4709
-5446
-4630
7609
810
-3348
3589
-7487
6741
-6501
-9467
-23
-2602
8862
7193
-9302
-1745
1773
6552
-1357
-6765
6091
-1455
9481
5837
8708
-3832
-1724
1844
67
3484
-4022
-9405
-2896
-1559
-8824
-4818
3661
9994
-1999
-6877
875
5020
8386
7215
-9314
3689
8998
8699
319
-1447
4558
1325
646
-2039
-1644
-3339
914
-4125
-8117
-208
6310
5233
1596
-175
8916
-6184
1452
6361
-9862
4352
4903
-3520
5465
-828
6388
2802
-5985
9423
6883
-6371
5122
-1065
-4628
87
-8785
9016
401
-376
2988
1768
-7017
1263
1688
-6382
6421
2363
-8486
-8067
-7314
-2981
-7945
-5254
-6537
-4326
1477
-850
8566
-4336
-599
4774
-5541
-381
9555
-1565
8878
2941
3049
7276
-2371
3958
-9044
6606
2894
5370
3819
4893
-4218
-5455
9940
7376
5820
627
3182
-6533
9055
9715
-9270
-7862
-2121
6508
-9807
1880
-9062
3975
115
-6507
6699
7178
3340
9283
8442
-951
1471
9005
2814
1517
-8728
3915
-5573
5820
5624
8449
1501
3766
-3423
-5043
-7759
-1982
-1867
7131
-1223
-4816
3708
-8162
6578
7313
458
4709
9368
7999
-323
-9552
-8069
-2333
6414
-5801
-2271
-7304
4310
-9514
4012
5486
10
9475
-1179
503
359
8083
-4372
2554
-824
-8627
-5400
6897
4295
5653
9039
5856
-6474
7502
-4913
-8393
-9887
7270
-1512
4790
6744
-5382
-975
7330
-7559
9447
-5876
2352
433
-7127
-7374
8964
-4184
8799
3397
2272
-7468
-1399
-5649
-8737
2766
-9825
-8433
-3987
5295
6540
8229
2463
4244
8430
4086
4205
-8369
-9712
9585
5949
2870
1392
-5411
-5471
9746
-5701
-5998
7969
-9179
7760
-5094
-5319
2498
8453
-1390
2041
-7135
7726
-6912
9013
8659
-7629
7151
-5426
7854
-7146
3553
-3108
-4626
-4560
-441
-4003
-8818
-3997
4441
5594
4839
-6247
9105
7602
-4919
7409
7449
3858
-5547
-9326
-4695
9651
6535
-3204
4489
6578
485
-3450
-7978
-7144
-7364
914
6212
181
9116
7098
-5705
170
-7818
-7779
-7762
3923
-6813
-7642
6629
7898
7817
-9523
1779
1211
-2071
3667
1771
-3323
9479
-1583
-1032
2585
-4069
-8280
-9892
5564
5190
-149
-9183
-3351
-2290
-7869
-4266
8671
-6556
-7776
3936
-2297
-6923
5660
5792
-5202
739
-1153
1159
8604
-6809
7393
-9421
3998
2476
-3373
-8299
-6760
9424
-8616
-3791
3500
-8549
-2174
-9514
6202
-7857
-6378
-7303
9652
42
-1195
-9195
6174
4064
5312
-9635
-9195
-8078
2764
-835
-4543
8424
3558
6540
7221
-5727
3053
-9993
-6271
4600
-277
-6459
1809
8576
-1189
2843
7798
-642
-9247
8011
5338
6208
8822
-5419
-5122
3618
3399
6115
6589
1210
9758
3312
568
7811
-1244
8794
-257
15
-5303
1082
6217
2949
1464
-1241
-7740
8779
613
-8764
6583
-9458
4991
5593
-1922
5268
1738
-7734
1973
7789
-19
1604
3695
2466
4787
8862
-2943
-7545
1584
130
5293
-7696
-1261
-8473
-5581
2233
-6570
-8620
-7808
268
-8585
-5308
-3416
3233
224
1381
7013
2241
-6554
-6872
2882
5156
-6149
8862
4022
1882
2385
1022
-4072
7861
3688
-1247
-6753
-4739
-6990
8417
143
3547
