-7354
-2130
8404
3421
-9808
7371
7415
72
-6477
2890
4697
-2500
-1633
3834
-5357
-5871
-8715
-2690
-4623
1854
-8412
4138
9257
1738
-5231
922
4219
-6965
-2391
3571
9281
-3099
-9026
-3611
8524
5474
724
-3340
6894
7238
9997
317
-3323
-1816
2666
-155
80
2935
2593
1733
3406
-4384
1078
-9970
-6923
-4306
-9503
9616
1184
1709
4945
-5511
1032
-5330
5671
2614
1672
8131
6694
4153
-6103
-4989
7685
-9564
7238
7454
2272
-4258
5661
-5443
-4027
6527
5367
2003
6729
-6316
9154
7361
7923
-2690
4197
-4480
-9741
-6988
7406
8316
-5184
3654
9724
3186
9902
-2887
9171
-9777
1026
9403
-189
2432
-486
1329
9263
-1368
2990
1517
271
6096
8677
-2484
1159
9688
3674
-3
-1845
8148
-9826
8905
-5855
1116
9884
-2852
-2709
-963
-6161
-8255
8942
-8180
-8303
-381
3835
-6516
-7384
6154
9063
8002
2147
7900
2430
-8626
6000
-1986
-7203
-2803
406
-6461
4968
8899
-9819
-6879
-4704
-791
-3747
8197
6198
6717
-4382
-26
2286
3748
-7424
8163
-3982
9001
625
8593
-9417
-5833
3160
1615
817
-3431
9984
-5524
2975
-775
-5055
-7987
-9396
175
3717
-7625
7159
-3603
3598
-1595
5849
6820
-1306
-7551
340
7654
5739
1282
2549
6593
-2588
-3266
6365
-3231
2354
-9941
71
6164
-8597
5676
-2609
1412
9725
-86
3153
9931
1791
9814
-6152
-4185
1168
8487
7396
950
8233
-9673
7501
-1611
-508
9776
-6337
-7558
-6843
5498
-6850
9789
2323
-6433
-5900
1243
5898
4198
9715
9840
-4886
-4792
2211
-2316
-152
3557
-5021
509
8436
3414
5278
2800
8734
5071
3474
9346
6488
45
-2142
2869
-3700
4304
21
-2392
5134
9820
2806
-7227
5882
-3564
9384
-4606
-10000
-458
-7872
2135
-3870
-5131
-102
9439
-6450
-8504
-6012
-5074
380
-7810
-7255
5759
3771
84
9026
-323
5398
7633
3941
-2219
-1305
677
3305
-9322
2716
5866
-2357
-6318
-3198
-1209
-2652
-3961
-2221
-5446
-6431
-2776
7391
-8171
-7777
1534
6646
7146
-3028
771
-5897
-7713
-7425
-2101
2533
-3193
4233
-8314
9227
3268
-2970
8292
-7926
6528
6822
9694
5191
-487
-5778
-3688
2121
-699
4541
-9969
-5115
1605
8865
-4369
-603
1562
1309
-6736
4633
-8665
-9303
3427
8273
5091
7114
7084
7178
-3973
-4997
2154
-1943
3893
4942
8166
-9196
1406
6574
9967
-7018
-5282
2070
-8988
6017
-3988
8454
3958
4994
-8908
5288
6591
6548
-2070
-1187
-5567
9176
-4642
1369
9362
9234
-6237
-7719
-3210
-9461
5523
2008
-3856
-6726
-3685
-3196
-7858
-9143
3426
-8225
-9029
6173
-2125
3355
-1008
9662
-9581
-2135
-2046
-5559
9083
-7886
3355
-5385
-9854
-8583
-1489
-2594
5868
3458
-7172
3320
-1119
1669
5224
1167
532
-6711
4172
-634
9502
9432
-7575
-3009
-3811
9218
2056
-2461
3453
-1604
3985
7516
-2776
-7437
-3518
-2938
4087
1950
9641
-7064
6093
2758
-5348
-272
-8822
7404
6500
-6183
-8336
-7063
-1691
9482
-3052
-7931
-2536
9790
-2625
-6080
8125
-9606
8808
2622
-7541
7516
6872
1673
7232
3911
-4931
-6458
472
1342
8528
2862
456
-1634
2323
7273
-8102
-3747
-9473
-9387
8545
-9136
6206
797
-241
-443
6153
7847
5386
-4338
2762
-8435
7748
-7147
-3577
-2755
-6393
5268
-3633
610
9275
-7846
6774
9359
-7114
-8301
-1608
-9786
-9241
-1025
-2380
-7132
9171
2804
-9287
2416
9298
-1347
4985
-9802
-4916
-4253
1597
3364
4133
-5033
-3392
2267
6509
-5229
8749
9137
5306
-2521
2534
-5446
-4589
6139
4734
4288
4605
9013
9661
-605
3810
4677
9338
-4914
6044
3487
1482
9730
71
2839
-9719
692
8910
-6936
-3485
-1828
7125
-7523
4673
7546
-4756
-2673
5791
-2864
3111
7668
5213
-6082
-8727
7361
5566
9128
-461
-8394
-7564
2070
-3469
-3507
-8477
-4632
4218
-5614
8427
-8716
-6396
-7041
-2675
9539
4432
-280
-1567
-8562
1705
2304
-1936
3262
-6125
4906
947
-6181
-2945
-6726
723
-209
-8569
-1275
9758
784
-8466
-2008
-7579
-5471
-2926
-1389
-9732
4396
5252
7297
4466
6359
-5760
5660
-6437
-1204
-1549
-1236
-983
9962
3579
-5818
-9493
2964
-5465
9082
-4417
-6674
-4701
-3143
-3412
5538
4789
9623
-5625
-1990
-5637
107
-9417
-870
-7519
1019
-9556
-61
7778
-336
-7998
-7790
3739
5115
859
-2847
-4743
-6024
-9812
-3549
9439
-1910
6263
-9624
-9978
8603
-8604
2253
3117
781
-1328
-8112
-7311
4132
1675
3763
2775
-4253
-2548
-6241
1647
1915
-5133
3041
5007
4273
-5226
-4537
9833
-9019
4478
8757
-1599
642
-2371
7305
-8809
-4735
-2960
-4799
-7159
-658
1444
6211
-852
7276
790
4
-4040
7871
-644
490
-577
-7222
999
3484
7719
-4017
835
-7655
-9358
829
-4212
9657
-10
-1680
2880
-8710
6287
-5967
-7331
-9910
-4325
-7484
4275
-8351
3811
7061
111
470
-7477
9003
1694
-1776
2959
-8057
-3258
1662
-1851
6676
8936
9752
1229
-6501
4864
9662
-4258
2020
3264
7749
-3343
3005
3039
6379
3982
9445
-957
-4421
-7241
857
6446
-5061
4695
-2302
-798
223
-5145
-2910
-5513
-8269
-37
-2814
-1464
-8453
-3859
-6749
5222
-5056
-6395
-8789
6408
-9002
2979
5665
-8682
-2040
2231
-9177
-9506
2936
7623
-4123
-5885
-1889
4980
-8761
2438
3806
3990
9590
-8768
-6226
9883
2620
8935
-4139
-6698
8818
-6390
-9158
8356
5859
8679
-5139
3361
-3438
4866
593
931
8651
-4016
-4754
-2290
4170
-233
-3994
-5700
9785
-330
-7508
-2385
2662
4605
5231
8315
-1762
-5064
-7301
-3611
1965
8914
-617
7288
-7196
-1982
7194
-5699
5181
-8519
9964
450
-1275
-6308
4802
6303
6635
357
-7940
9287
3714
-8027
9035
2726
4874
-914
7392
9751
1925
-3797
-1872
-2540
-3446
-9018
-3420
531
-8254
-9991
-5094
6582
3741
8213
-7317
-4715
1634
474
-3106
4394
-9540
8121
-1968
-1807
-3417
6671
2497
-5988
5371
7064
4889
-1918
-5691
-4565
9701
-1122
303
2427
7582
4913
5643
2886
1212
-4435
-7029
-359
4487
5881
4901
9450
-8438
3467
-8498
-91
-1851
3614
9410
7941
1703
-4700
-4921
-3698
3139
-696
807
6923
4302
-355
2284
8991
5534
-3699
-3861
-5957
6248
8882
-1640
4452
3973
-9475
-9435
-2177
2334
4153
-7225
-9080
-7636
-9477
-5846
-798
-3734
9718
-1859
-984
-6411
7990
-321
-9946
-4068
-473
302
-7818
2379
-5488
4437
330
-2918
-9319
-2943
4569
600
-7757
-3842
-6298
1554
6337
-7109
3638
3620
1231
-85
4006
-71
-8675
8557
5280
7245
8968
-7878
5120
5002
8325
9567
-6882
-607
1812
2211
4801
9306
9071
651
1707
-8368
6115
-1499
4237
5846
9683
-9051
-4692
9310
7650
4207
-814
9532
8920
-1555
1504
-5036
-2220
-2647
3165
4077
-6943
-6050
7959
-8254
-5293
-2498
8045
406
-1976
-6049
-2121
2898
-7526
-4884
8716
7619
-3782
-1835
-16
-5524
-7366
-2553
-6537
2982
5897
4070
-2158
-7041
-5431
4976
-4908
-1038
-6253
3423
-6343
-7253
6305
3803
-7013
1994
-28
-718
-7557
-3154
-2902
2458
-6056
-3331
-584
9616
-9549
113
5505
2196
-4021
9746
7065
3832
-3822
285
7449
-4599
4490
-6994
9801
3743
7367
4334
5109
-7545
-9249
-1215
7794
8416
2746
-4510
-8669
-4949
7997
-6605
-6994
-6951
271
8154
2396
4993
5750
7689
-8164
3026
-5491
3190
6553
3566
-7922
7692
-6336
8504
-6458
-7716
-1524
8723
4345
8496
-2163
6572
-9011
-6976
1819
8312
-4659
-1072
-7453
5505
-7535
-6068
3039
7734
1346
7433
-4696
-6025
-6655
-4026
-4482
1620
-4117
-7739
1693
5474
3984
-9956
4429
-9644
3794
-2078
-7981
-4965
6342
-1153
4880
-2732
-9299
9416
3226
-5378
-9886
-150
6088
-8074
-8968
3727
8828
-6937
3894
-3046
-7240
8907
6115
-3760
-4343
-8056
8870
-5352
-7680
6681
-4070
2529
-4441
-2214
5681
-4447
-2085
106
-7563
-3577
-413
9358
-2890
120
3246
-5048
352
1957
-7909
-193
2906
9219
-8794
-2754
3692
-2769
-2926
3855
6928
9257
-9787
242
3765
-5766
874
3819
5261
6299
-9607
4115
-5101
7958
500
7914
1412
-5809
-8103
3808
-9599
-1570
-16
4455
-833
5968
-6272
-2420
6938
-9165
1244
9318
9586
7807
7106
9091
494
729
-9689
1431
-5735
5470
18
2793
7272
-4583
954
-2422
-4662
1355
7154
5689
2023
8703
-9078
-8915
-3104
-2388
3460
5920
-8044
-7732
9185
-7778
1598
-1471
3789
-5076
6911
507
5663
-7698
-3878
-3225
8313
5311
-9486
-1119
-5154
3803
1112
-2403
7187
-5183
493
4819
-6685
-6545
2459
-1771
-1906
5425
532
8143
7453
-8133
-1339
8252
-4282
9243
-8214
6313
-9415
8395
-362
2136
-2479
-85
4213
-8849
8408
7048
9459
-2163
7275
-9656
5841
8569
-4292
-5426
3499
-982
1464
8879
-9387
-4325
-597
1886
-6374
-7989
-4017
2774
-3063
6740
-6287
9174
3860
-2925
5501
-9971
467
-2944
2677
-564
-3503
1255
-8148
-6542
-4902
5698
6316
3828
-1369
6233
2234
-317
-2300
-2219
-3778
1970
500
-1255
3745
445
4724
-486
-6529
8777
2352
-2172
5890
6740
-8368
8223
5129
7006
8099
-5813
-471
2812
-3813
-7058
143
310
5921
935
1172
735
4031
-2650
-4194
5965
-4262
-2678
5420
8591
9139
-2289
-9291
-1973
-8875
-1968
-2187
-7105
296
5173
9980
8014
-3951
9767
-1508
-5476
3993
-8923
-9231
3094
-1839
9956
-6549
1087
2161
7163
-6604
-8656
-4995
-3139
-6801
-79
-1033
-4492
-869
7327
1690
-3078
-5252
-7093
3170
1687
8692
9297
3533
-8399
-1658
-1767
5516
-6841
5441
-7144
5649
2519
-7608
7087
-1145
-5137
5182
-8793
-172
-2291
2495
6573
9961
-329
-9125
2225
-4453
8166
7909
2647
5769
9759
-9972
-8417
-4218
6290
2005
2595
2683
3085
-5227
8496
-6283
2159
691
6463
-6801
-7785
2785
6820
-8421
-4440
3166
-614
401
-6462
3974
-5821
4010
5186
4767
-1889
-4777
2193
-5921
1208
-1439
-6650
-9100
7419
5577
-3053
-2285
-1903
696
-9787
442
4901
161
7667
8901
3545
-5948
5257
9717
6761
-7729
-2190
-2856
2402
9191
5220
-6160
-4145
1623
6637
8889
-610
-2956
-5113
4827
3013
9599
9650
-2558
-8522
-4043
6068
9988
-363
-2408
4124
4333
-4780
-4411
36
9892
-7986
-246
7908
-3954
4458
8388
9023
1530
360
6643
-6340
-4434
-1403
7757
-5524
-1261
-6696
-2448
1514
-262
-3490
-1887
-6293
6653
-1137
4805
-3677
-7690
3200
856
-4350
-1889
7795
-4392
3272
9569
-6484
6248
802
6738
7485
-3413
4518
-4645
4761
-8255
-2476
1844
-2935
-2600
7479
8942
3661
-6761
-1719
4307
-2616
5430
6752
4500
-630
-7129
8764
-5795
-1685
985
1122
-5823
-9374
-2078
-1989
6908
-2124
-4367
-2548
9532
-8771
4738
-2343
5381
-9488
1368
9683
412
-9269
-5914
6869
-9952
-7284
-4027
4765
2527
-5392
-8385
-7942
8778
8230
8210
3415
715
-941
-1186
3790
7916
-6821
9962
-983
-904
-8698
6022
7744
-4054
194
-6080
6367
1670
3594
-971
-8654
7036
-6031
-5194
-6169
9796
-6709
9864
8515
-871
-3250
-1574
1250
5966
-6053
-9614
-634
1376
-9923
-117
3943
-2155
7069
-8660
-4553
2146
7683
4447
-1496
5192
-9905
15
7661
6543
-7827
-3551
-3625
-9959
-9339
-357
-8842
8622
-4863
8560
7211
9418
-5667
-7435
9441
-8015
-9236
7549
-5490
-9762
-4123
1526
-3174
2517
215
-4769
292
-6126
-1634
9260
-2968
-2783
4431
6046
3820
-5182
3777
6477
3758
6167
5291
5606
-8634
-2861
-6893
5973
-1333
-5891
6946
2880
5497
-1151
3386
3334
3718
-3737
-2161
-9540
5130
-4167
-6561
5609
-8200
4532
8003
7261
-6129
2452
1540
-1685
-7274
8519
7561
-4343
-601
1048
8496
-3888
752
-1357
6538
-4851
251
9425
4460
-1715
-6320
-4186
-958
-8073
6576
6995
-6925
1205
-3224
9256
8231
-1769
-6882
4958
-2408
-4242
3082
7032
-5635
6366
3627
-3606
9767
3910
8763
9194
-3521
-6001
-4763
-4742
-9260
-1098
188
-5066
-9434
-5626
-7810
-2386
-4472
-3253
9463
-1492
-3074
5522
-8437
-8055
8371
-1647
-7669
-9905
-166
4697
7817
3240
8738
-6610
-4198
-1960
7038
-7122
-331
-328
-2688
-8099
-1994
-8022
8688
-1656
1143
4217
-4493
-3149
-4257
-870
-5756
-2076
5129
7884
-7881
-8919
5780
3480
2879
6475
1788
-7414
4809
-3053
226
9583
3981
-6302
-2758
-8221
-625
578
7141
5529
-5053
-3545
8373
8695
-9530
9121
-8700
5235
1193
-3993
-9038
7147
6861
-9390
-7611
-8152
-701
6345
4755
-4994
4658
2112
-171
-2174
6059
646
4626
-8564
2394
-6345
8856
-1484
7938
653
-2586
-1223
8285
-9766
-2545
-9698
8962
3232
-4782
5632
9025
1394
3271
-6069
-6939
-7755
7024
4586
-1848
-3488
-2244
-8370
-1708
5616
3795
4416
-8959
6121
710
-7159
6435
-9990
-9184
1760
-9954
5364
4142
-1193
-8062
-6802
-677
-663
4084
5002
8554
4827
-9199
-6388
-3438
4038
-8948
885
-6948
-7830
-220
-2510
-1949
1557
-6167
-8526
-1826
9176
-9640
4476
8120
6005
3645
-8319
-4742
4195
-7585
2111
879
-6057
-3465
2773
1339
-9712
2329
2138
7495
-9637
1081
1377
-9486
703
7115
-226
-2580
-553
-522
1518
1099
-3502
8906
9832
-5820
159
-4024
-4111
2319
-3054
-1069
-3416
2804
-3946
-4241
9585
-1725
3667
-5185
-4361
8897
5556
-1958
164
4680
-4441
-211
-4079
-8917
3517
-9189
4810
6228
-4289
-1981
-9838
-7849
4812
-2477
4430
-9723
-9722
-8992
-7725
5138
2732
353
-9392
4016
3034
-8415
4573
2035
3459
8529
2731
-8118
9936
5940
-8046
756
1109
5482
-7970
4224
2370
8851
7184
5026
8337
1152
4029
3289
2944
-9257
7040
-8727
2659
-6161
4821
3464
-4369
-1286
-1036
-6008
3685
5097
9373
6849
3736
6884
-2285
-1244
1310
3447
101
-8880
9296
8957
3875
2196
3003
-4221
-3331
7534
3142
-4599
9913
-370
4917
-6348
-3662
402
-4262
-7402
1047
-4528
7626
4355
-9011
-5135
3577
-811
-4554
9666
-5511
9466
-2884
3348
-1527
-8961
6421
-6723
-4646
-3660
7289
3892
2052
-2519
-1768
5533
-4289
-710
2197
-5995
5312
3335
18
-6374
1042
4581
-8336
-8791
7975
8666
3077
5550
-6887
2513
1709
-3727
-4981
2360
4464
4437
3005
8043
-3719
8167
-7124
7753
-5752
991
1248
-5029
-6001
-3635
2681
-7649
5417
9355
-8874
7338
2671
-8341
1608
-1136
1581
-448
-8092
2295
8646
6859
-8592
8948
8574
6435
573
-8711
-9593
5705
877
7553
-6526
393
6588
-803
-3432
-9031
-1519
7820
2559
-625
5456
5277
7492
8972
-219
-2927
-8802
1881
2215
409
-2488
4895
8235
4986
-8297
-2413
-9856
7888
-6160
822
-1419
2240
-4055
-2852
-2478
5087
5236
6794
-9070
-6495
-9342
5221
-6445
2972
4429
-9508
4161
640
-5623
-276
-5064
6690
321
-888
-9125
5998
-354
-8874
-5895
5724
-4133
-8952
3912
-1188
-2232
1327
-9359
-3363
-7034
7206
6915
-4969
4007
-9489
5723
-9450
-782
-753
9669
463
2084
-1531
-3760
-2800
-5422
-5364
7338
7912
-6036
9898
4996
6116
4634
1857
-8405
5968
-4958
-129
-7250
7176
8725
-9407
-8726
7634
6106
2047
6879
8603
-4613
9653
5909
-2937
6312
-9939
6134
9265
-4874
-3755
8584
-881
6426
1922
3654
-6180
-1456
2171
5637
3541
-9784
-9888
3161
385
3292
-2324
-5189
-2683
-4932
-651
6878
8253
-4571
-3654
6491
3565
-879
2628
5095
-3132
2054
-1858
-2139
983
3522
-8679
3119
-8875
3884
5162
-6331
8902
-2161
-7662
-8412
9139
-1930
-3343
2605
-2554
1391
4879
-3205
-9355
-2561
9359
-1129
1524
746
436
-2733
8419
-6955
7486
-6421
6293
-2686
1000
116
-8632
-287
-4782
1255
1973
-6274
-7131
-506
-1727
-9826
2378
-8040
2886
8871
-210
-3659
1699
4462
-4409
4666
3905
-1276
-4287
1681
-9642
-7344
7271
-4474
-1799
7059
2699
3620
-5170
-2298
4108
3386
2933
1159
110
-2487
-5143
1976
-7075
-5807
-3396
6304
7475
-4225
-8652
-1080
-2413
-3166
-5549
-3811
5814
9381
-5552
-4705
2073
6239
-4407
7549
2315
5436
-2799
-476
3248
2941
6958
-1161
-2238
-7659
-9702
2220
9409
6231
-5838
2293
3642
-1238
-4972
-313
-6613
-4089
392
-4398
8550
5232
1125
-4025
-6242
8599
3036
1424
8343
-7989
-5831
5147
3116
-4303
-8321
7415
2408
9637
-2455
-6015
-3359
-6470
247
6687
-2982
-2399
-2678
4732
5294
1852
9734
-6885
-219
-7074
-8145
1068
-1604
9946
-4607
6425
-5870
8042
9201
9497
3739
-3717
-619
8532
-4900
1447
-2975
-52
-3106
-3116
2619
9493
6156
-2964
-7630
5504
7999
-9717
-8324
3551
-1499
7816
-1785
-8384
-4576
-599
6710
229
-4539
3409
-4448
-5716
-2475
-2636
8730
1376
3376
-6339
-3048
8398
3461
5176
-1076
5003
-5685
5582
-749
-651
935
9731
1456
3000
3899
-6685
-6225
6144
9672
-4721
-692
-6178
4685
-3008
1199
-1284
-5777
5523
-843
7973
-6624
-9741
-606
-4125
-328
221
8220
8480
-9050
7742
-6298
-9516
9397
-7558
4537
-7542
6804
534
832
-7451
-7040
1999
4660
6011
5246
-3788
-6991
-7036
-7708
9571
-8086
-4059
4126
1951
8616
-97
5187
8797
5695
-3532
6913
-2392
-3291
-6556
8510
-4456
-6257
6409
7451
-3693
-7836
-8746
8011
-6992
-6256
1843
-4187
-8771
-7654
-1984
7078
-8328
5105
6439
8475
1404
-5428
-8005
-3847
6204
470
1566
-58
-5166
9886
6181
-8199
4894
-2393
-5069
6591
-8800
-4150
-3589
-5580
98
-6143
7806
6323
-8531
1780
4088
1584
-5009
31
7868
-5369
-4592
-7322
3077
8635
-853
-8775
8181
5659
-9181
1191
-4567
-3566
-6844
-4928
9698
-6809
7603
2582
414
-9003
1282
2642
3436
-4873
-8985
-1586
-365
-436
-3837
4818
-2663
7584
5740
242
-3091
3798
3790
-3317
-376
-8822
4443
-7885
8751
9995
-5690
-3483
-4981
3232
4191
2352
6471
4840
1548
7279
-9288
1586
9395
4340
-8965
6559
8498
8474
-2896
5654
8706
3349
754
213
5323
-3896
-9720
6800
-9675
6993
-2674
-928
-2237
7964
3859
4315
-5883
916
-8350
-6517
4236
-1257
9769
-3023
-8312
5435
-8431
4967
-1539
-3974
-8435
2089
-33
-2336
-3780
-274
-4385
-5121
8770
2094
-50
-8037
3418
5754
2412
-3974
-1221
-6429
7702
2863
1469
-5024
-7692
5876
7629
3698
-5141
6581
940
-1735
-5387
8761
3669
4851
8789
4670
7065
3811
1511
-8424
8809
9143
590
2004
6086
-5302
-6574
-9267
-292
6332
-5643
-5584
-1465
2412
-9236
-1164
8612
1769
3609
683
5971
-5877
-1684
7986
8522
-5083
-8246
-3824
-5478
9759
-9941
7386
-3395
3024
2875
9216
-2862
4898
-5789
7654
1587
9250
8599
-2009
13
8459
-3198
9892
-266
-8943
5919
-5933
-6834
4159
-7990
-8767
2662
3136
9622
-2443
409
8234
-6011
-4216
-3574
1798
-8357
7030
184
3063
8851
-4665
-6980
7659
7315
-1675
2348
1291
-7848
9448
-8201
-1137
8874
2257
-4400
3907
8972
-3621
3868
-7061
6399
-3558
8165
2233
3703
2849
-7108
119
7407
-4194
-6247
7380
-6511
1986
-6551
-1814
7556
9094
4984
4275
6517
-5654
-5890
-1423
-4211
-2728
-565
-3159
5991
3092
-8060
-3384
4820
-2096
6361
1127
296
9357
-8374
-6884
9446
-6214
5303
-5259
2069
-7159
9998
3901
5391
7194
8668
-2940
-6583
6894
-542
6340
1201
-3359
8274
-7506
-4721
8259
4924
-8883
3576
-8509
-7551
2049
-2923
4815
5609
6341
4705
-6610
-5765
4693
-1256
-9356
789
-8797
189
-309
-1903
1321
1654
4933
2572
7164
808
-9132
-3618
4011
-3091
-4409
6452
-2182
3746
-9046
2632
7753
5447
-56
7883
-913
-1417
8226
1285
-5261
-6168
-4994
5742
2870
-999
4012
-3616
9099
4519
4821
-7220
-2010
9197
-5991
7981
-7675
7808
1367
-9909
5016
1703
-7046
591
-5483
-5643
-3756
-5792
-8568
-2152
4735
5947
4027
-4735
-2198
624
9565
-7108
-3225
-7080
5810
-1886
-4593
-9843
-7801
-5589
-2515
-8546
-7681
3176
4675
-8233
4584
-2222
-5885
-2381
8730
482
5441
-9013
-7398
2669
9977
-6553
-2760
-5658
-3102
1657
8163
-4073
-681
5408
-9644
2721
5356
7145
3151
1506
-9104
-6285
5963
6740
5815
4407
2753
-5524
4949
7849
1664
7990
-5031
1380
-8069
3257
4639
-895
9991
-3363
1225
-7919
7496
8505
2728
8187
6091
-3120
7087
-1523
8510
-8541
-2746
-169
6873
1664
-3794
2314
23
3877
7254
-2840
3765
-2493
7002
3808
2006
-6457
-7275
-8946
-5552
6780
1759
8631
2079
8488
9319
9941
-7084
4747
-7390
9498
-4041
9970
6935
7291
-8384
-3588
-7677
-8501
4971
-3198
-98
-5691
7184
-8585
3302
1876
-8841
6847
1866
-8339
9593
-4189
-6085
-152
-7981
8029
8158
4374
-7512
4105
-5569
-9330
-4536
9176
1147
1981
2918
4640
9189
-2574
4003
-1530
-5608
1044
-9096
-9046
-6507
2040
-354
8198
7027
8012
9164
-9062
486
-2476
5878
-8471
-2854
-9329
-1712
-2596
6439
-9956
-1087
9589
-8823
-9321
-3646
6985
4770
-2011
6751
-836
7954
-747
2161
7560
542
-8966
7495
2177
1575
-1483
6983
377
6444
-9876
-8523
6837
4208
-3186
-1102
1817
-8538
1414
8692
-5738
-7590
-3775
2338
897
-8147
1644
6787
6884
3077
-6821
-2907
-6041
-9858
-8732
-7106
6925
3954
-704
-302
8810
7350
8696
-8423
5828
1265
-8832
-982
-1392
4568
1285
-954
6756
1190
-4033
-9810
6534
2353
-9728
-7134
4092
-9180
-6309
-2022
-6689
9168
-8210
40
3212
-3934
-390
1232
-1603
181
6858
3885
-2630
-9703
6508
7136
9476
-7498
-2795
4115
5147
2964
-9695
9288
-9310
-4702
-7748
998
-7736
3511
-5511
-6182
3633
4028
-8711
-8538
9696
3526
731
-2367
-6619
-2568
6160
4336
-2404
6137
3155
-2674
-6106
924
9661
1613
6984
-4312
7715
417
-6163
-8485
-1292
-2096
-460
4961
-4682
-2492
8454
944
-2491
-2862
5812
8461
5580
4288
-6191
2995
-4482
-9924
8908
6678
-1450
-3122
5684
-6091
3528
-3829
-6066
-4900
-2727
-2313
-4627
2199
-5661
5773
-45
-5616
7413
3662
3020
2165
-8989
3834
-353
8244
-4130
-2763
7391
-9414
8841
-1060
-9039
5130
-4598
6367
3292
-2702
4659
-7395
-72
2065
6669
3093
3334
-4202
9902
2945
3170
4546
-9620
-4851
7545
4318
-7076
8884
-6374
-2154
9996
-2967
7911
9371
-1680
8716
-5119
608
-5242
-8911
1831
-5036
7628
2491
5894
-5540
1162
-3465
6472
-6410
-7105
-5534
-6897
-960
9295
5589
5520
2173
-7029
-3988
9067
-5374
-7418
-35
-4075
-4372
-985
-1718
-4531
-9223
2366
-8376
-5661
-2639
-4828
-9871
-5450
-3760
5244
7490
-1874
-4713
-6006
-5019
1622
-2976
-8145
-10
-2108
1366
7821
-5453
-3700
-3572
-7800
6097
-3622
3348
9668
5965
-8029
1764
-122
2434
-6032
2994
-1357
8187
-1272
661
-5150
-6465
-8226
2975
4683
4398
-6101
4864
-5874
70
7056
-6944
1644
-72
7159
-786
-3599
808
-9325
2328
5225
-801
-8778
246
-4789
-3921
5030
6590
6136
-40
8822
1941
-301
-6858
4163
-3815
8846
5366
1302
8087
-5550
-4331
194
-5076
4532
6046
-3538
-9031
-1788
-3938
2806
4599
4157
-6208
-1702
497
2275
-2814
3129
4814
-494
446
-9298
6605
2952
3760
9827
-2046
6079
9921
6700
-9938
-892
-1262
2498
-9285
-7838
5592
-2384
-9092
8306
8517
2059
6420
-5719
1121
-6273
-6680
-3155
-6130
5913
-3918
6169
8239
-8635
-2180
-3976
-6872
-2799
6873
-8810
-1102
8420
-9625
-2676
-3940
-7925
9200
1884
5450
3790
5194
-5277
8082
6748
-6684
-3909
-6474
5754
2857
-7284
4546
4170
-2680
-1094
7270
-6094
3860
109
2261
-8411
-5078
-8134
-2047
-5633
1206
-7220
8604
7698
-9202
524
9961
-3786
4888
9305
5419
-4819
2495
6581
1264
8067
-9888
5717
2027
1555
8342
5001
-4924
-1668
7276
2194
9409
902
-1243
7416
2870
8650
-6858
2369
8845
5073
-2314
-7895
-7138
538
-1060
9499
8846
8521
-7141
5320
8732
-8054
-7943
-8745
2810
1320
5071
414
7006
-2324
-1172
-1899
1631
-3347
2394
-2174
1884
6948
-8832
7442
-4065
-6209
3698
9602
9822
-9146
-3427
5781
1175
-9256
-6047
5341
-8441
922
7388
8510
9277
-6551
-3109
3365
1181
4804
2131
8843
-7710
-9738
-1391
-2088
3616
9540
9427
1067
-1625
2278
-1563
-2630
2192
-4103
-1608
-6097
6683
-6509
-3244
-1822
5311
5557
-362
3044
-5056
-4439
-6321
860
9594
6144
-9720
4575
3351
-5537
-2242
9545
-5000
-7968
-5159
-4502
-9321
-5851
7172
-2798
9037
1721
594
5906
-8191
389
7156
-5066
-7447
6400
-3667
-1179
2987
4043
369
-4025
2082
-8809
7671
-4739
-8992
5056
-4903
-3928
-8354
4039
5650
-2564
8195
-2718
3887
4995
5668
-5703
-493
6715
-5103
788
-2691
9382
-8161
111
1335
5538
4771
1746
7498
9872
-1442
9267
-6741
9770
3140
-6191
-1395
8756
-4465
-8911
-6939
-1140
6557
-6040
-5941
-8739
-3334
-212
1008
7032
-9761
-6612
-834
6273
-475
6778
-5345
-6971
-3565
-9890
-4318
7780
2112
-1541
487
4357
3896
-3478
2914
7748
-1005
4755
-4515
5618
-3377
-7498
-5658
-8983
1374
2831
9671
-1324
-9535
7123
2113
-8243
-2609
3473
2550
9389
-5875
6495
4779
2807
3257
2027
-2933
-3625
4315
-8494
-7954
-140
-2456
9249
-6071
6581
-5323
-3239
-3119
4201
9444
-9895
-9410
4720
-1265
2208
-9280
848
3258
9912
-8571
9617
-917
5841
6098
1062
-1417
9941
-7176
-3547
-8388
-1488
-6924
108
8890
2825
6602
-1912
-3901
4447
6705
-7598
7004
-9021
-5431
-1075
-5350
6932
-7792
4485
1056
-2036
9731
8173
-1562
4554
3133
-992
-2950
-2317
7217
4790
6141
-5880
4792
-5069
-5551
8173
-8234
4075
1908
2416
7988
-8167
87
-227
5686
-9371
-6906
-1932
-6266
-6303
-6008
9021
9721
-2365
-3734
1991
-2185
-5481
1136
5114
3228
8579
3170
9672
6073
5694
3066
-6697
-8252
4509
4731
-2801
3327
-7992
-5481
3404
-1509
-1973
5599
609
7963
7798
3702
5480
4600
2395
3166
-3218
3446
-9251
-7604
6342
9209
9329
1312
4131
8177
-2143
893
500
6380
310
9557
8068
-9539
-8368
-7804
737
-5265
5729
-331
1332
-9394
-8623
4732
-4887
-7853
-3405
-9634
-3798
-4610
8521
5895
5320
-5037
-3261
-8594
-5575
-2791
9676
8008
9637
-158
7684
-6474
2714
-8637
5784
-750
-9414
2558
-3884
-1988
-5274
-712
-9624
-9290
6669
4701
-1256
3244
-9100
-9034
-4311
684
3680
-323
-1615
-1007
-1974
8222
-761
5454
-1992
7306
-565
6364
6280
-9284
9485
-4843
-9820
-281
-9955
-8733
9682
-7890
-51
-4458
-5311
2876
8113
-2830
2940
4824
-3491
5747
-1883
8392
-5599
4199
526
-1576
3978
-6740
-8116
-5450
-9201
2142
-8973
5484
-5023
9507
2706
-2418
-8643
-5217
96
5036
-9619
9885
-9085
6906
-6247
-2835
9582
-5587
-4272
-8277
-3419
-9252
4839
8930
-3990
-9512
1769
-3635
-5177
5899
-3208
6208
-3974
-6397
-3127
1361
-3124
141
2544
-5917
-7564
-2897
372
-5832
-2150
2203
4059
-2687
-6228
9171
9679
-8291
9889
-6954
390
-1461
5073
653
4574
-3259
3645
-1949
-9001
-5977
-7676
8317
-1117
5568
359
3178
-9110
-4808
645
9795
2001
4238
-6178
9242
-6921
-8478
-9589
-2907
-8903
-5170
-5489
5733
2961
-2276
4976
3559
-2739
-3843
-25
-9344
-3625
-6383
-3994
-6312
-4366
5445
-3178
-7877
1902
5939
9459
-3708
5099
598
4072
-4442
6501
725
8340
9726
-9675
2436
9922
4204
-3349
-7101
9394
2217
687
1378
-2959
1381
-8634
8457
-9721
-7550
-3100
3686
233
-5411
-4464
3478
5470
4725
1192
-9171
8135
-6560
-8577
9269
-8896
9474
9807
6250
3686
8832
-5423
9979
-5859
1265
-9740
753
8129
-1596
9973
2200
-7370
-723
-8381
6674
-6931
-724
-5657
1390
6329
-2106
-8087
5183
-6737
-6016
6570
6629
-7563
-685
2918
-6466
-9635
9591
270
-7646
-1570
-7758
-2361
2048
5244
1102
-1973
9639
634
-2673
-2056
-1914
-8106
-6090
-8136
5814
7153
-5313
3924
-6671
4464
8805
-4329
-6539
8438
4915
6535
-4970
-1998
2167
-7137
8758
-3962
-2614
6164
7219
-7197
-1945
-4777
3159
-829
-4315
-3873
-182
-9066
-3906
5002
-7980
-9006
9635
3921
8276
-3251
6795
-3606
-1438
1926
2328
-7430
9558
-1522
-1654
542
173
-479
2284
7771
5384
6236
-962
5813
-4033
-7442
3966
-9595
3812
9590
-2239
-842
4552
-2006
-5785
6031
3654
5907
6991
-1797
1524
-869
9534
-491
9563
-9733
-1656
8046
5178
-3301
2151
88
1548
2383
-147
-9429
7055
-6960
9222
-9560
-2977
8672
-7095
-1775
-1990
2915
-4876
-4649
2629
2431
3323
4295
-1219
-8151
-686
1190
6233
9091
5680
9642
2004
-790
8210
4241
2474
-5163
-3764
-273
3115
7861
7960
9752
9841
-8186
-3560
-7614
-5601
-7325
6341
188
7065
2621
4256
-1070
606
-2212
-8090
2014
6656
-4711
8401
5790
-1484
-1579
-5145
6039
3116
4536
-1870
-8589
-7269
-3784
6118
1769
8594
-100
4725
-1128
1924
-7814
982
9882
-9679
-5265
1769
-2923
-552
760
9428
-6932
1350
-9791
-9145
9494
-6649
9839
3791
6157
6250
2546
-6646
-8316
-8975
-8881
-2191
-1151
6046
561
-5926
5936
6806
-7292
1485
-8090
2043
-3194
6532
982
2414
-9876
4927
2217
4907
7653
7270
7828
2916
2698
-1488
892
-797
3853
2136
-6392
-6404
3560
8395
9834
2857
-1851
-6786
-6764
4109
-7714
7083
-1696
5764
6011
6698
-8321
-3191
-9006
-1061
-6008
4981
-4956
-5894
4793
2400
-7858
-5785
1158
-5288
4986
-5635
-7353
9582
-7185
-1719
-1842
-7366
-7913
-2343
4667
-1895
1218
1877
-5554
9181
-3619
-9500
-8069
9552
4226
4466
9733
-7075
-289
-431
4182
-8755
4237
8785
1458
-4156
2871
-5504
3988
2629
1306
3827
-721
6920
-7170
3294
-5463
-7879
8895
9500
-9392
-5315
-5518
-7412
-8726
4743
-1192
-9219
-9281
-2246
-5988
7299
1151
1450
-3193
1340
1627
-1884
-7998
1217
3460
-8162
-6925
8140
2038
-2838
524
9004
5791
1054
8782
4417
9708
-1299
-9781
-342
-6850
1207
-999
-8621
5766
7979
9233
4114
5379
-9897
59
-1548
-734
-4390
-5673
-7996
-8520
-1101
1889
1333
-4686
-8987
-9882
17
-6014
2516
4944
9413
3220
3469
4575
-7359
681
6204
-1433
-9616
3371
1626
5901
-4885
-846
9345
-526
-4950
623
-2111
-455
1296
-8378
-3573
4821
-797
5494
2207
7612
-7985
-9149
4412
-2928
-3859
6374
266
-7239
-775
-7987
3057
4305
9527
-5788
8372
6619
5442
-2157
8538
5680
-5184
4563
3098
5170
-4100
5948
-1298
-5199
2076
-959
8609
-8103
4032
5632
-7952
91
-1321
30
1425
5532
2776
6424
-815
2365
-518
-8719
-7406
-3267
-9675
-7344
9665
7825
1028
-7413
-215
6181
-6047
5765
-3462
-1261
-1098
3276
1529
-1955
-9155
2569
113
146
4011
-1316
2963
4001
3421
8168
5316
2724
7887
-1576
5667
5882
-5839
23
8491
-7516
8258
-5324
5329
-7517
1522
4907
7726
-9270
-6609
4980
-1453
-859
5017
6068
6091
-7620
2409
7189
9905
-7276
1237
-4943
-55
8676
-9012
9360
8218
5916
-4808
-4367
-2040
158
7596
-6195
-1645
3238
-9625
-5041
7047
4535
4541
-8989
1105
-512
9586
2938
-8356
5394
23
-9011
3229
45
-8719
6814
-960
1475
-8536
8098
-9112
6205
5211
9269
-9206
-5829
-9421
-5115
8893
4464
9745
-1722
5868
-7329
4023
-6856
-6219
3143
-7174
-8870
-4060
-5701
3739
-3349
-6514
8751
4614
7781
9573
-9288
560
4875
-3086
-311
9125
-4746
-4239
-9144
4163
1741
2391
-7511
1378
124
8880
1450
741
-6538
1423
-520
832
695
8367
-9840
2038
-915
7530
-2416
7119
-164
-6279
1381
-9149
8056
2654
-6830
-7160
-1217
-4651
-4188
-1933
-297
3376
5511
-6371
-8165
7881
3112
4770
-2685
7385
2557
-7310
-6178
8426
-6799
1445
3462
-9384
-6882
-4926
-1636
-394
-2600
9555
942
-1677
3855
-1470
3859
8760
-1974
5063
3975
-8920
2956
-4354
8060
-9478
-2973
7850
5049
9923
9096
-4750
-3107
5044
-7602
-2710
-1015
3220
2129
-4360
309
-522
-3731
565
-8515
5029
-3007
-5253
-290
-6284
8009
-1613
2579
-3466
-6967
-9203
-6074
-6796
2310
-6632
1935
-1183
-3159
6861
4926
-1429
-656
-7415
6418
-4599
1340
-1466
417
7154
7976
-3771
-9722
8344
6305
2975
5861
-8835
4958
7399
-2987
-8402
6942
-9361
4511
-2433
1110
-3848
7624
-577
-4280
8547
-7254
-5559
-385
335
-8089
-2401
-4110
3750
8991
-8594
-9493
5225
6063
-4517
3414
-5526
6706
7984
-8784
3933
1390
-4174
-3987
842
-5584
-2207
2879
-6038
-6035
5061
8012
-3123
1766
4641
-3864
8297
-8470
6956
-3029
-8350
-9428
9212
6815
9438
-1404
1640
7378
5724
-9369
9986
7783
-7048
-2407
1157
6118
-5481
-4333
-7646
-928
3474
-5275
5473
8130
6409
1032
-6962
-7651
7679
-7452
1061
-5766
-4921
-6763
8276
-3829
289
3819
-9972
-1414
9572
-773
4375
-1064
-2114
7328
-5538
-8501
-9953
2446
-2225
64
4095
4689
-1515
-4460
-3650
862
6248
-1439
5236
-6833
-4598
3491
-1467
-6317
-1549
1162
-7854
-3565
-4857
8397
-6352
-4808
-1254
4996
-5660
-4697
-6180
-3454
3967
704
-1923
-4328
8987
-8254
2269
5077
4364
5049
-8300
-5243
189
9926
-5584
9948
-5623
-2230
-1817
4346
-9602
8347
8395
-9945
-8110
-228
621
-6547
-7312
-137
7432
-3684
3419
6231
7509
-733
1284
159
-6229
-4242
-8395
-6348
7322
2204
-7581
9833
-6044
-9493
-8706
8156
-9059
2568
-113
5191
4951
6447
7529
800
-6774
1743
4929
4634
-7681
7161
-7883
8222
-6623
5440
5858
-9868
-8716
6563
6485
263
7530
-7009
-2212
-7642
-8024
-8353
6001
4236
7540
-4219
-9842
7986
-3467
2670
-9304
-9580
-2656
-2513
-5093
1050
4223
-5466
-2758
-9439
8035
864
3813
-9222
-2513
-2178
-4501
-7408
-5305
-9536
-9547
-3396
1565
-7417
-9750
-7901
487
-850
3442
3270
-7230
2441
-6715
2487
2602
-2366
449
7618
-7101
8340
-7908
-5087
1153
-8579
-9795
-1894
-9884
5218
-3488
-6776
7778
-5616
3898
6352
-7461
-635
-855
-2666
-1411
4966
9812
-8026
8883
6677
7577
-5624
-4008
-6977
-375
-596
1361
-7506
-1566
-4672
-816
2396
-5324
7492
-8468
-4368
7062
7360
-1991
2144
-1613
-1848
-7443
-7675
7077
6388
9142
-768
-5068
4156
5011
-6420
7768
4302
-9915
-9024
6003
-6651
-4260
2373
-8492
3979
-6817
-7240
3774
9898
5830
5714
1
86
6309
-7512
-4297
7565
-6300
1699
4558
6029
-5753
9459
-5509
1293
4168
5519
-1084
-8977
-4548
5481
4987
2440
4449
589
-9614
1907
3318
-3392
8413
-1806
1551
-3887
-1296
1621
-3506
-3188
610
-9710
1495
-7104
945
3654
-780
-7323
9292
778
1637
-7170
5621
167
-1040
1394
1954
9843
-4336
1790
-3565
-2493
-2518
6922
8164
6462
591
-543
1042
-8753
-7830
7635
-9960
-8526
6267
3665
2592
-4923
3151
-9913
1691
-2486
-4906
3470
-3351
-8136
-418
2141
-3431
-2449
-3659
9946
-166
-5196
-6746
7721
-1171
-4741
-1404
2018
-6484
-5378
6887
-774
121
5984
915
-1331
2804
-3470
-9593
-2086
7308
6363
-2107
3048
4995
8406
-3168
-9343
2926
-3355
6767
4362
-7971
-7796
2754
-7202
833
-3832
-7989
9175
-4218
-6919
9991
4799
-7689
9925
7901
8740
5587
-8873
5181
-5956
9853
3899
4874
4293
-1514
-4390
3048
-2632
-3159
-3832
2454
8873
7787
-6361
-3166
6655
8363
1358
4775
6533
9257
-1668
7944
-215
-374
-3853
-9822
-8264
6113
-7189
6620
8570
6077
9974
9207
-5571
2052
-7206
-4304
-7623
1008
-3609
5453
5252
3366
-7105
-6183
3536
5082
6119
5678
-4795
-2958
3921
-3941
1468
5188
3306
-8138
2459
6237
4860
5543
4637
-3120
-556
-5331
-1981
8906
694
-7939
-4068
-4363
6984
3478
3262
-9736
5632
-7526
8262
9013
4837
5489
6718
-3928
9449
-5143
-178
367
784
-6609
-8075
2507
3624
8775
7375
-6781
-7844
-3220
5479
4638
3276
2480
2465
-7
-2919
-5566
-2404
-1030
-165
-8751
9509
-7672
-1142
8329
5194
-255
9327
-3597
-6417
-499
4583
8686
-7726
-1687
-8955
-1440
-6398
7912
7984
1890
9179
2795
-3201
-1863
78
-9292
3994
6018
-634
-6058
1124
-2574
-5927
1589
-7252
-9841
-9067
-6800
-4290
-3422
-5061
-4158
-3682
-6634
4749
-6250
6744
-757
-6709
-7995
-1852
-6586
1467
5145
3399
5476
-5328
-6152
7512
8202
5739
-5535
866
-2525
3673
5868
3230
-2632
-5425
-6085
1439
3976
-8963
4193
8550
5094
2340
8895
-6339
-4915
-2390
5843
4231
-9876
285
8287
-7414
-2277
4404
-6960
-2938
-998
-8246
-8601
7385
-8054
-4505
-3072
290
3466
1154
9821
-9196
8032
-7512
-2707
-1481
5542
2899
-2227
-8839
-7611
9577
7359
-922
6818
-836
6990
7515
7352
-8268
7942
-273
-7351
2030
9780
9244
-39
7827
-1711
-3411
9529
7539
-3614
-8827
-53
9373
1887
2730
-756
-3711
-889
9164
7100
1708
2235
-5231
4115
-3745
-8712
2403
5122
4983
3015
-2658
9685
5046
169
4817
-8228
7908
5120
-9424
3835
2201
-2804
-8822
-8908
-7256
9388
1781
-8043
-3861
-73
3516
-1334
-1359
-3708
1299
4367
9718
-547
7091
7833
-1105
7997
7731
5226
2294
-3701
387
-5332
833
-5932
-1504
1316
8973
8481
2721
-5501
4786
3509
7075
-4849
3942
4568
-4006
976
-462
-4786
-868
3148
-5983
-713
9871
-3013
2176
2344
4091
4041
-4532
-8500
6235
3675
-9836
6540
-7678
4911
6526
1877
4952
-9604
4763
2134
-7676
7366
-3341
6548
9567
-2936
-8680
4385
-1333
2744
-5101
-1674
-5252
7231
-9676
9868
819
8219
-5058
-7608
-7939
6470
6278
-8466
5281
7224
-5937
-727
-5987
2212
6193
-2439
8013
2454
6227
6199
4979
-6818
-5657
9320
-2543
-4249
9390
-1759
4534
-8406
6206
633
-746
9237
-7165
-3125
-5542
-5790
-819
-7989
9137
7273
-5501
7704
-6348
-7354
5827
-4103
1544
-619
5229
-7435
-7146
6311
1469
-9779
-4428
-7002
-4429
4526
-1341
3879
9262
3936
2820
665
1379
-9998
-8506
-3419
2590
-3549
-9688
4531
7799
-1092
-6821
7824
-2393
-8325
9061
8089
4089
6336
8831
1683
5915
4836
-23
-3534
5483
7117
-7644
-1140
9126
-6341
-9308
1387
8711
-4968
613
-3728
-6133
3723
-4281
1662
-8306
4331
1341
4532
3048
-1407
2195
-7709
-8332
9595
-446
-4079
4714
-2354
-8734
9055
-590
101
-6440
-5118
9619
-7410
2785
9796
-337
-6556
2323
-2133
-920
-2705
-253
2335
1941
-3975
4379
2565
-7126
3818
-1514
1189
-6481
-3492
-4578
-6326
-2903
-8812
-5650
-3602
8189
1211
-3724
-6125
24
7515
8117
-9961
7675
-7967
-5789
2523
-6054
5136
-4205
2891
-9603
-5754
-3028
-3862
7136
-3786
1881
-3994
6350
-796
9663
2079
4656
4386
-7812
-8762
4416
9259
2345
7056
-2006
3620
2049
1390
-8425
9652
8215
-1002
-5333
-2480
-6850
-6164
-613
-6537
473
5224
2236
7201
1719
-4849
558
-7477
-8382
-9687
-2400
2361
-1868
-4020
-564
-8227
498
9456
-8678
-5478
-8281
7197
-1974
8963
-5984
-3204
-7474
1610
3836
-7392
-3378
-5290
-9932
-8953
5838
9639
-3162
-7827
848
8456
4763
7801
6957
-2777
-7545
2490
-1015
2574
1041
-7198
-3193
-4287
4013
-7697
1525
8306
-1576
-8974
-165
8864
1233
1291
-7718
6843
9106
8283
-6142
1515
-1731
-9687
369
-3808
-2535
8697
5160
-9364
6677
-3887
6495
6582
1943
728
-7794
-165
-1603
-7514
-5253
-4530
2550
-3404
5198
5420
4193
7237
8854
-3888
-8421
-3094
-3096
1235
-4443
1251
-9599
6326
-3591
-8900
7262
-9329
-3688
-7556
-8410
2531
-9201
-8083
-7560
6976
-9151
9710
-4439
765
3982
4195
1343
4706
5900
9014
-8890
-6273
-7366
-2513
-7488
-2246
-1413
1356
-2804
-8370
-1796
-3504
-7988
-3209
-4752
-5344
-6145
6138
1801
2959
-187
-6547
-7510
4972
4941
-4417
-5685
157
5769
-6295
5520
5924
7848
-5754
-6079
-1333
-692
-2678
-369
7628
2058
4111
-7218
931
-9549
-407
-8309
-1445
3123
9038
-5134
7357
1658
2194
-8467
-812
-8977
1766
6669
-8164
9907
-7849
-7553
-767
-4411
-6654
10000
3612
-6252
8618
-2544
473
6413
-7619
-3800
-801
6550
-6244
-4398
2248
8359
-6701
2481
-5152
6239
-9702
5732
-224
-9595
-6623
-4658
-1576
-7667
8365
7003
-2823
1273
-7718
1759
4060
-748
1775
1605
3181
1881
5611
-3369
6329
-612
-7114
5052
-1519
7039
-3613
7561
7755
5728
-4847
6063
-4920
-6102
-6653
8648
4492
8675
-5346
907
9971
639
5891
328
-7837
3776
-3220
757
-1147
-3799
-7697
-6675
-4944
-4966
4159
-1488
-7330
6693
9594
-2768
-685
-1877
-2913
-8325
2346
9973
7176
-1425
-3548
-7350
1582
4690
-6680
-3515
-2101
219
201
-779
-2787
4068
4447
-1559
1418
1950
7234
4390
-4509
-9187
5479
2436
-4670
-2890
846
184
-8087
192
-5244
1407
3991
-9184
8766
2468
-8850
2323
4893
-4913
3527
6785
2635
6973
9410
-508
5035
-3836
9574
5039
-3665
-7122
-7866
2109
8523
5500
9277
-1224
8336
3697
-9884
-9145
6356
6758
7249
-3591
-9859
6827
4210
6349
6177
-6627
-1351
-8507
6145
-7556
446
-7217
4652
-4077
-6429
8818
-1622
-1945
-3084
4737
-7025
5828
-4312
7762
-8679
1869
-7340
7079
-743
539
-5525
-7259
-4165
7915
9510
-3840
4820
-2781
-7646
-576
552
-1692
-9450
760
-9353
-2177
-6007
2319
798
-5739
-2316
5037
-1649
-2855
9558
3193
-8944
7395
464
4409
3117
3453
1693
-7372
-7440
-2419
9600
-6813
-2152
-6682
-6955
-5675
-8404
2704
-9393
-7258
2683
4345
-9089
-8960
-4610
-9188
7278
9966
2898
9935
-8879
-373
-1586
-8807
-4532
5296
6043
-8606
8651
-2259
-5172
3879
-7334
-4209
-4982
9357
536
-4093
-1798
2864
-4061
-4384
-9163
-1959
1899
-9344
-3485
-6725
6443
-6092
-6521
-7229
-6146
-3016
4083
-9826
-7381
-2571
-7042
-5990
-3578
5826
-156
1026
3426
5017
-9730
2964
1210
-167
3405
-7926
-1758
-1125
-5829
-2814
4462
-2926
1991
-1643
-5398
6710
-3374
-1542
8081
8947
9029
6427
4183
5073
-8475
1567
-6024
1120
5739
5997
4381
1034
-1154
-7922
-9163
8273
-1200
-8408
-9659
5571
7673
188
9675
3895
-6125
9236
-5539
-4421
8680
-2582
1370
-7332
-8217
-1031
5925
-9922
-5565
6784
7508
-9751
-7591
-2613
2232
2229
-2981
-2844
-1064
3268
-1314
-1591
5736
8702
-9552
-5211
5209
4936
7363
-6711
-8863
-5908
1902
-6910
176
1062
-2472
-4636
3752
-8403
421
-7001
-1890
2011
577
-1539
-4247
-7018
2224
2306
-9994
-7792
-2058
1307
-3572
-1493
-268
1527
5774
1987
-1295
58
-9418
2544
-4484
-1087
1163
-3585
-8262
-1599
1090
-3352
-8560
-1008
2522
-3800
-8517
-5161
-668
9836
4738
5968
-8998
2022
-9355
9902
9063
7719
-6675
-8065
4923
-8213
4026
8405
6702
3301
-97
9692
326
197
-8655
-5775
5920
8193
1463
404
708
5179
-496
-5238
-7282
3154
8882
6407
-3689
4648
-592
-5739
2498
-8140
-2556
7827
4616
-9496
1416
9332
-3894
620
-3895
1206
-4533
289
7242
-9373
7916
-4314
8405
-5435
-8521
-3608
-1233
3249
1434
6387
-2061
6993
1668
9817
4221
-9658
-3954
9847
5101
-394
5841
-9857
-8212
-3146
-2289
2151
2488
-7391
9748
4362
7752
1397
321
-6289
-2958
-3804
4251
4136
-7324
-9018
-7445
-9832
-2661
-8357
-8643
149
1650
-5069
9431
2536
5718
9430
-366
1486
-6836
5261
1992
-1778
-9290
2759
6748
-2529
-5428
-1349
-7669
1178
5353
-4816
-8917
-5297
-8783
8941
-1755
-4038
-9850
-1245
-8323
-3306
2742
-9949
4342
-7905
8167
-3235
-4474
-8431
1859
-9823
2686
3542
-4544
-7901
-4888
-4858
-1094
-4322
911
-5645
8399
-9972
-1699
-8951
204
5551
8438
-323
-5988
8015
6914
5242
9626
-5683
4040
-4344
-2341
1821
-6111
-9638
-2481
6131
-2819
5717
3240
-6149
1086
-6328
8334
9367
9533
7013
-1070
8068
7351
-1559
-1548
556
-8868
813
-2514
5565
-6403
-6196
6354
-5872
2629
7036
-4807
-5156
2066
1582
-4960
-8670
-8402
5178
6908
-5911
-6177
-9759
-6803
-3328
-4995
-3283
-8340
-397
-3201
5369
-548
-3635
3430
-9706
8000
5687
-839
-1473
-2164
-4292
-6256
-4046
6982
-8520
-4339
-3876
6392
6716
9307
-8435
-4333
9765
-5946
-8315
-7447
2902
8832
888
3302
-6084
5351
-3022
4007
569
1040
-706
-5104
-8202
-675
5609
368
6180
-2055
1895
30
-4221
5778
806
2952
9470
8013
-5638
4241
4620
-2678
1801
5983
97
-4609
-35
-492
9339
7438
-3673
1864
5021
6065
882
7348
5419
6781
-7136
702
7451
4711
-2575
-1586
3748
-5808
-9837
1532
-747
1131
2722
-2567
8671
3687
6344
7139
-1049
8203
-9486
-7323
-610
-7586
-1123
3675
-5199
-6859
2972
2586
7047
6624
-179
-7534
-2018
-1409
3370
-8683
-4362
1939
-7444
-8402
4153
6787
-8928
-1518
-5989
7943
1028
-3240
4781
-249
6871
-2594
9069
-3488
-7207
7697
4873
-58
-963
-8870
1884
-3163
6720
-3778
974
-1049
-3774
2080
-2060
7828
1813
7644
1101
6655
-3992
-7937
5977
-6635
-632
-6803
-7309
2029
8842
-6644
-2295
-9851
-8841
9673
3400
3478
208
-4123
3259
5988
2705
447
2133
-8414
8944
928
-1642
-2074
41
4071
-9056
-4357
8986
-3113
7872
-2716
-2038
-9427
1016
7967
2817
9910
-3319
-6112
-5169
1447
4660
4531
-9754
-4330
-7336
1189
3988
-1000
-6859
4871
-8588
9285
-6799
7213
903
-6926
-8603
-5132
-8963
6207
1263
7178
3462
-9095
-73
3463
4765
487
-7705
6429
-7597
-4170
-4446
1083
5808
5517
5773
3677
-1209
4359
-9639
8165
9013
7108
3640
-5306
3130
6473
9183
2283
-4655
-9568
-279
5239
-5995
-2402
1849
-8012
7582
-3484
3390
-7924
1553
8884
3208
2200
-9573
-1983
4945
1731
-8434
2992
-6713
4378
4402
-3856
5068
2985
-9687
-1586
-7996
8680
-1487
-649
1069
9519
-6880
9383
-4859
-3507
-9630
-1562
3903
-4370
1980
-3008
8915
-2178
-6055
-9285
-1319
508
-9924
7918
5213
-457
8427
2034
-5898
100
5023
6449
-9531
1439
8987
4438
-3322
948
6284
-5752
6906
441
2702
-8351
-5613
7426
-3351
-4901
792
-4160
-902
7456
-8328
-417
-7615
2901
6061
505
9589
2107
-7406
3322
-2413
-9727
4846
5531
-6156
-6155
3653
8646
5315
4226
977
488
-9896
1112
7811
2817
4295
-101
-5624
-4772
8102
-5522
1598
-3112
-580
-6084
9772
9423
5075
-4514
1339
-6624
9510
-6088
-7597
-4378
7381
6937
3893
9129
-3271
-8227
-86
594
1675
-7944
3107
-4485
5859
-3112
-8212
-1477
5574
4873
-8060
5096
3999
9004
2836
7413
9
-1852
-9754
-3424
-9515
-6450
8429
-8660
-7860
-929
-7755
-2034
6125
2954
7818
-1228
-1683
7815
9026
6849
-289
-7866
-2539
2705
2695
-3883
1855
-6155
9543
1468
9473
-9959
-5342
-9270
-1356
4032
-7449
-3995
3133
3146
353
-5897
-2295
-6148
-9249
-906
-9318
1353
7911
-767
-3611
1295
-4532
-269
-1988
5269
-3654
-4013
9219
-1714
4003
-4132
926
-7127
-8638
-4854
4239
-854
7533
-989
3434
-732
-3770
-2290
9458
-694
-7278
2330
-2527
8246
-3729
-4643
-1566
9922
9060
-7074
-8232
-9995
5500
2848
2405
9682
7624
-6849
-4843
-9583
-9703
5234
1362
3541
1188
-2022
-6227
-1111
-3858
7903
4468
-4703
703
6031
3247
-8951
-3416
-6797
6580
-4278
-9952
-9541
2729
1342
-3883
699
-3343
4681
-7552
-3129
-4444
6288
-3934
-7390
7447
-9046
-937
3677
-2984
885
9723
6668
-8345
2024
6794
-2381
6560
4359
5139
-6198
-5462
9293
-3076
-1807
1599
1372
6238
5653
-4426
5056
850
-2102
4780
-3076
-953
-2915
211
-6839
6168
3967
-3362
-342
7943
4570
3815
-5954
35
5151
3707
5586
5721
4025
-7865
7275
-4588
-2976
-786
6727
-2560
-442
-4317
-854
695
3645
9092
1766
-4814
-7260
-6404
-3422
9242
-1901
7515
7066
-6363
8241
3821
4102
-9026
3862
56
-3474
-1372
671
149
-6619
1671
9928
-7580
-4062
-7863
2634
-7151
-3832
-6072
-4094
7303
9667
-1565
6402
1810
1320
-1522
-9439
-4701
153
-2149
4083
-770
-2786
-2000
4038
2450
5807
8707
-753
265
9143
9306
9221
6271
-3028
3781
2873
3316
-8838
-1595
-2143
8000
-1617
-1278
-4097
-8180
-4855
-9934
4965
292
-4301
8134
-7089
7826
7521
2983
-9199
-1355
-8020
2984
7837
4073
-5419
-4450
6144
-1372
9588
8205
-1199
938
3270
1730
1882
8812
7343
8137
-6658
2858
4753
4214
5109
1264
135
9910
-5929
4658
-4320
-4582
4873
-4112
5683
1779
6518
-4147
-7932
6958
5617
-9371
4313
-5794
4532
-6177
-328
7930
-6481
-7079
-4056
-6382
589
-2145
-8433
-9486
2073
-3610
6383
2692
-8187
-5643
-7245
-8742
-1881
-9744
2303
-9132
458
-5081
-7900
65
-4545
9761
2630
-545
107
-828
9609
4150
-70
-4731
3595
9005
6236
8683
-2051
-8415
2393
8011
-5838
-5608
-7278
-5951
-9995
-5234
5228
8170
-5628
-9592
-2354
5119
-9440
9633
-5806
5695
7958
-6237
-293
-9845
895
-9837
-3725
-24
4589
-1702
8454
-9077
-7997
9943
7715
-49
-4323
-2051
1257
5493
-9933
4378
2996
-2298
5079
-996
6291
8644
5594
-4889
3910
-3352
8468
-5901
-789
4144
7786
1377
-9222
-1697
-7834
7302
9026
-102
4656
-4758
6560
-2227
470
-8832
-6974
-8925
-5328
-604
-9632
-5095
-5337
4980
7492
8569
-8153
7797
-151
78
-8508
-9295
4986
6058
5881
981
-3037
-800
5278
-685
-2751
-452
-2772
5137
-8684
-3763
1370
9796
-1959
4569
5252
5494
-1622
-1364
-9839
-4705
264
-5895
-4573
-4677
6244
-5801
6390
8381
9134
4245
9837
-7936
-8915
-1659
-7545
-2292
-8015
-7326
-7294
5579
2697
-819
1715
-8560
-6456
8820
-2886
2785
-3592
4751
-3083
-5075
8607
-4713
1337
9035
-5206
2619
1625
3539
515
256
5652
3051
4800
9712
-3749
2433
-585
-8615
-9223
-4218
-2682
-4351
-107
4039
9775
361
-5547
1198
-5437
2892
-4197
-743
5819
-5855
2047
7485
-4261
-9951
8446
2450
713
2600
-1282
-7059
1377
9578
-3985
-8104
2476
8317
-7595
-1578
-6021
8878
-4921
-6230
-2837
9854
-556
5302
-3929
4431
-3225
-1050
-3123
5770
-1040
8117
-8193
1593
-1380
1993
-5467
-4940
8263
-4117
1771
-3396
7222
-180
-7023
-3864
4237
4686
2035
-8348
4351
-8115
4319
8229
-3781
594
-1550
-1338
834
131
-6332
-1785
5453
7235
8841
-2317
-6281
-3119
7813
9984
-7648
-1116
-2919
5552
3508
-6543
-7297
2082
6041
4593
-7159
-3186
-8659
-8772
-8900
-9290
6940
6221
1177
2748
-8819
-7040
-7220
467
7481
-9818
2933
4915
5873
4175
-7971
-2
-5564
9233
-7990
980
-3076
-9695
-6252
1599
-1130
-3030
-989
-5657
-7138
-4977
-7527
1021
9666
6040
-9055
-2409
5432
80
163
3889
9886
2095
-3537
4919
-8560
7256
-7731
1985
-6747
4660
-8856
4026
-1384
6290
3789
974
-3493
-2665
3940
7972
-3828
-6680
-5259
7281
4631
-5242
4776
-8024
-6076
-7790
-1469
1100
-7309
8923
1421
8133
-6034
6685
2187
-1030
-6205
-2341
-9280
3526
-9528
-7349
1735
-2039
-107
4549
4125
-6540
5923
4484
-6742
7421
7523
824
-3070
-6935
3098
6359
8073
6532
170
8712
-6297
-6145
-5683
7447
-4119
1838
-5371
4078
6377
-7777
-2019
3109
1470
6409
-5622
-3599
2324
-8938
-3735
-4736
2533
4412
9711
902
-1472
3522
-9237
8442
8590
-3483
-7088
-8530
6452
2639
-9084
1748
-8298
8116
-241
2386
7620
225
-4588
-8435
3943
-9282
7520
-7134
-8102
8540
-7992
1652
7778
8285
2497
-3811
850
-8116
7225
-6402
-854
6193
1605
6252
1194
-2023
9347
5567
-6986
5283
9976
-9299
7957
186
1167
-256
-9866
1590
-1046
269
2414
-9155
4044
7619
1852
-5386
-8851
-4224
183
8812
9502
-1238
8696
858
2444
5239
-2161
-764
-7149
886
-9346
-7086
-1431
5906
-2979
-7657
-1990
788
3182
-7062
-4354
-1024
-6091
7164
9804
4176
8969
-7958
-9869
5406
-3233
-6816
-6738
6975
9130
8198
-9341
3775
-9335
1223
4561
-7290
-9461
5998
2936
-1257
-4105
2711
-2501
-5663
8928
-3584
5043
5714
-4602
1857
-3888
-8275
-9835
5881
-2641
-2836
-3883
-8329
235
2448
9574
6231
3209
-9620
6074
-5900
-6603
-5611
9002
-2746
1082
-7989
4978
9176
-9675
-5537
6976
5068
-5357
4613
6133
-4434
-3772
231
638
3397
-1947
3163
-5866
-482
1947
834
-2173
-763
-2076
-3103
6906
8774
-3842
-5463
7014
-5933
48
-3301
-842
-46
7218
8581
-2412
-533
814
8454
9923
8169
-1075
-4988
5166
-9569
7872
-7219
4027
4520
-9373
-2065
4030
113
-913
-2740
7418
-7467
-6312
-8753
2422
-7297
7525
6345
-5893
-8050
-5299
-6148
-5325
8168
-1417
8282
-3220
-4314
7717
6538
-6465
-4023
-1296
1002
9775
-8086
4830
-7373
-6933
-4810
-7009
8274
2068
2863
945
5321
1072
-2026
4145
7128
-1286
-1860
-5708
2249
8847
-5265
-3348
8183
-3748
-1337
-8317
8525
4619
-6782
8926
-9283
9015
3814
1995
7864
-2365
-705
-7476
-9395
7980
-51
8677
4746
6998
-2151
-3306
-9589
3841
-758
5202
-5094
395
6075
4739
5935
-3183
-1481
-2358
-6284
-4798
-5174
-4486
8020
4506
-8009
-7779
31
2026
-9861
8846
-371
4161
3278
2495
1585
-8317
-3186
-7656
489
3539
-9370
7523
-1131
-6556
4907
4627
4848
4892
-6153
-5959
-1443
-4912
-3000
8980
217
-3332
234
-4347
1606
-6940
-9937
9430
2447
2736
1468
6530
7250
656
-489
-1590
8262
9184
2179
4547
5592
-7071
2034
-4863
5914
-8844
-2271
-692
4715
-6198
-6155
1330
477
-4222
6529
8024
-2764
7060
-4149
-3351
5523
-5749
7344
-2487
-3766
4965
-616
5305
-2053
-2125
-959
1774
4043
-7530
-1499
5608
-1856
7777
-3325
3849
-2520
-7936
8152
-349
7687
-6354
-6313
-3352
-6159
-4363
3064
7727
2411
-6714
-5343
-2488
-2151
8013
-6
666
8688
-78
-685
-7468
-7318
1286
1829
-2911
4032
6544
-119
5422
-3811
299
6702
2065
6572
3032
6940
6052
9916
-1309
-9150
102
-1343
5508
-1638
6183
-6147
8125
614
3959
507
-6350
-2298
-5628
5098
-3031
4311
3974
-106
-2571
-9796
1831
8364
1962
7523
-5941
7284
1462
-3880
-4339
-6076
30
6731
-2077
3529
-1816
8030
-4719
305
8143
9105
444
-9396
4516
4204
5956
-7454
-3947
7960
2850
-6704
-3898
1856
162
-4975
4695
-9568
9475
1962
-9664
8959
1644
-806
3349
1982
-7422
6320
-3106
-5401
1710
9070
-7018
9229
9385
-7715
3039
-3765
-472
4961
-206
-314
789
-9688
-8213
-8609
-6264
7465
3909
1277
-1293
8372
7133
2792
-8132
2018
5855
-4036
9517
3889
-3218
-2871
8188
7011
9498
-7517
-5950
43
796
4523
7384
5425
7707
123
4598
-4118
1571
-1622
-3518
5306
-8042
-2686
2384
-9096
6197
-5820
2965
2403
-7569
7762
-5043
7901
5201
-4303
7889
6535
5437
-2030
4604
5754
-1016
1225
-8328
-1981
-2932
-5491
-9535
5720
87
1645
-4594
-8745
9474
-1488
3255
8180
104
2376
-7481
-9240
6454
8055
5758
3950
-4901
-2719
-8707
-4503
2954
3117
-269
7395
9579
9484
-8664
-6624
4709
8435
-5172
-238
3942
-7509
3328
2680
1503
-7782
-350
8086
1535
3066
-1920
9381
-7605
-3678
-4986
6185
4661
3635
5958
5552
-8962
-1897
6617
3687
-7901
-3494
1189
-338
-595
3857
-7980
2318
-7988
2909
-9382
-7338
-3806
-2245
5363
-8295
-4656
-2611
654
4315
8331
7772
4446
5876
1709
9972
3046
-4148
-4058
-1157
-5479
4121
5954
9838
-7653
-2188
-2987
5931
4382
9391
-9686
8177
9788
4440
2828
8168
-6821
9833
-2523
-8494
-8888
1542
3723
8671
258
-7363
6895
4519
7596
1326
-5852
-6019
2183
-6357
2105
4197
-6514
-4517
9971
-1270
-1910
4553
4833
4666
2174
3033
9574
-7430
2354
853
-9841
6957
-6519
4181
9948
7436
-37
-1907
3294
-2158
-4928
3554
-913
3691
-4638
-511
5490
-699
7108
3527
6818
3105
-1290
-9123
8725
5128
-7792
8241
-5715
-5656
-4514
-7315
5553
-756
-4696
6256
5403
8392
3916
-6123
5724
-5485
9537
949
4219
-7668
7055
-8394
5883
-5270
-4036
7160
-2812
-9431
9145
1605
-5148
3713
-5622
-670
4964
2126
-8514
-2138
5696
4366
3321
-5637
9958
-8201
4780
-1516
-6637
1522
-6256
-7281
-9818
2285
-4586
715
-9555
7999
-1092
-6618
-8415
6693
3736
-7585
-9676
2420
7819
3388
2245
7581
-541
7725
2476
538
6273
686
-6231
-1192
9057
5620
9852
2658
-338
6720
-9705
-6291
-9952
-1412
7581
-8947
-668
8758
-9340
3935
5315
534
1568
9538
-7135
9212
-841
-3986
-8439
-9526
3172
-4239
7101
-3371
-1582
-489
-2035
3777
-558
-9293
5103
-6093
7604
8797
-1579
1380
8896
-275
9720
926
-8171
-9529
1685
-5983
6767
8738
-3154
1957
-3232
3423
8414
-3932
-1028
8174
-7383
-2915
8487
5857
-9703
-3444
-9395
-5856
2481
-5215
992
8828
-9142
6281
3268
6644
4928
9915
9136
1034
6325
7660
-1503
-8514
4998
1817
6134
5552
4379
-8928
567
9201
1033
-9712
4058
8898
2826
-5701
6657
-5778
1172
-2975
4571
-399
-8936
-8559
-2975
-6343
8796
6629
-8103
6705
9229
6297
-4452
8655
4633
-4764
-4521
-4433
3513
-2231
9646
-3746
-662
4619
2841
9660
-4011
-4930
-6992
-2224
-379
-2049
-6619
-2300
-707
8139
2097
1585
9892
5189
-9795
8763
-6761
5221
-2921
-4289
6610
8236
-9300
-6538
5821
9991
9006
283
4756
-4317
748
4975
7413
6022
9251
-3903
3701
1927
-5259
-1239
-4333
-5479
7822
4622
-1702
8523
-4470
99
-4328
-6064
279
-2822
8756
-9351
-9113
5730
-9663
5406
2583
-9224
-8499
1247
-3569
-9661
-8262
-7179
-3705
8524
2826
1834
6041
-4019
8793
9103
-1347
9794
-8049
-2341
-6304
-7984
6585
-813
1776
8794
8082
8309
-6052
6023
8202
-9973
9883
966
-9857
4828
7520
683
-813
9002
3572
39
-1164
-3385
7948
8256
-3988
-7036
-9577
-2693
-5889
7996
-1905
1613
-3588
7155
1618
-2822
6098
-3894
-7970
-1459
5792
2490
-8998
5880
-6027
-5804
-8210
5364
-2087
-5555
-2122
1389
-1310
5992
-3963
-8579
1688
-1957
-1562
-6988
-6192
9373
-8301
-9623
9519
63
2358
8789
326
9703
-1594
4235
-5799
-2350
8040
-1995
-8658
3373
-2716
-2878
174
-143
3207
-7939
9280
-1023
-85
-6794
-2617
-979
-8444
8172
1302
6776
8560
-4262
-8085
-327
-1039
-7614
5892
7607
4568
-2379
8515
2803
-5971
-2042
5069
3837
-7177
7503
-9766
-7988
5631
7842
6592
3789
-7965
-9119
-8059
9510
-1600
1125
-5879
9389
-1800
9356
988
-2476
7311
-53
7834
-4293
8856
7888
-3782
5930
9318
959
-2664
-5125
-7147
7277
-4204
-6882
8229
9519
5314
16
2068
2933
2016
-4312
9572
-5865
-7059
-7342
-4135
-1281
-7644
-5594
7108
2834
-2595
-9808
27
-3693
1220
3738
1971
2737
4812
-1846
-1381
-5112
9925
9694
3645
8983
-1604
-5207
-5629
7526
8991
7183
-1614
9483
1048
6936
3308
-9870
-530
7679
4519
4752
-158
8336
-4591
2303
-5441
9268
-9683
7796
1301
6982
9252
1511
-5326
840
3658
5332
-8583
4337
460
5575
872
5162
8574
2791
-9218
-818
5010
6241
3587
-8754
-1555
2202
-5988
6578
-2141
6465
-7616
6241
773
-2180
-7595
9920
6316
-4996
440
57
-4801
-8432
-1140
-1237
-3539
8015
4864
-2611
-3111
3021
7574
-7020
-6031
9813
4084
2084
-4287
-6637
-3243
-2563
663
-6377
5184
-6615
-2255
-3816
2129
1692
-7426
4565
8851
8742
8140
1744
6923
-1602
-4919
-5911
7464
-3787
7425
2691
-3558
-9013
-168
-3729
203
9272
6921
-5706
2193
-398
6026
4590
1727
-7017
5775
1312
-3971
-8240
-7736
-8676
-2573
4293
-9167
5128
8857
7556
1583
-8091
8034
849
-2068
8403
9267
-7333
-3181
2574
-2636
-8252
-9355
-8680
-6745
-4472
-3096
-1555
3247
-6037
9644
6310
3985
-6137
1946
516
-9064
-3503
-9554
8108
941
-2382
-6909
-1481
-5156
6299
-3053
-4263
-8515
-5564
-7750
-2859
-4565
2373
-4108
-9513
7829
-8272
3254
4572
-9420
-1956
9622
6465
9975
3414
7042
-1936
5011
-6221
8392
-1370
-9636
390
9759
5994
-6279
8557
-6098
-2997
9407
1585
6012
-1673
-4162
2531
366
-2226
6160
-8758
144
9664
2179
-1307
4424
-8540
-7675
-5133
8820
-4108
-8455
2913
6821
1777
-1930
-8271
7183
2050
-5713
9307
-2267
7896
8316
-505
2483
6049
6080
-6359
-7446
-8191
1940
-1450
-1816
-3915
8849
-3958
4146
6863
8113
-7332
5826
-8675
-5582
5720
6566
3037
-6146
7696
6002
-5724
3011
8937
1918
5285
-9068
8484
-882
2623
272
-3620
4857
-4260
-3319
6146
9512
-1037
6626
7986
-9625
-8595
-4215
-529
3046
4321
-5457
-505
-6601
-4177
5507
-9110
-6381
-6889
-5920
3234
-7972
-6272
7765
4104
-3738
6407
7561
-3032
-8394
-5355
8711
-2890
-8968
-296
-8503
3483
-2702
2998
6697
4100
-6702
2502
-9342
8463
-4016
2115
-3477
2529
-7203
-9458
3089
-8149
4203
-2122
3128
9680
5641
-3138
-5782
4185
-6509
-9200
3201
4785
4528
7475
-6913
-7015
7322
8251
-464
-1066
3795
2159
-7034
6703
8132
-8975
9902
-6204
-5978
-5566
-6587
-9023
2830
-7528
-73
6661
1428
-5799
-2065
8914
-1608
4705
9747
-6273
-7609
391
-494
1696
-2633
9662
-9030
-9281
-253
-3032
884
5191
-2418
-3906
1990
-5755
1913
-69
1256
-1893
-314
7336
-905
5803
-82
-8171
1561
7019
-1269
9537
9324
5501
-2975
8081
9636
-8099
4624
-3954
-8373
4562
-9873
427
1568
792
-3701
-2929
1114
-7699
-8474
8953
2655
2159
1693
-4394
8590
457
8906
7553
-5161
9852
5796
-5741
-9395
2433
4151
89
6552
-3272
5951
-6420
-6126
-5759
-18
-6167
-4264
-3808
-8894
-8600
-9022
1805
-5892
7181
-620
-1671
-6786
-4029
-5601
-8441
-474
-9373
3930
3044
7318
182
254
-2185
-9393
7128
8472
-2038
-7481
-446
-6653
-1400
9784
8373
-3841
2594
9949
9486
2065
1967
-2838
-6879
4554
-7430
-3677
-8573
5051
-2619
-8988
-8465
-5217
9237
-1659
-4419
-546
4537
9947
1189
-6001
-4206
-3971
-6575
3981
-4267
-7512
-2786
3813
7359
7867
8109
-8077
5755
6710
6880
-1589
7580
-914
-3853
-8722
-6469
-2924
-1454
8530
9673
-5094
-4684
-6267
-3591
3313
5469
9476
-610
-3923
8877
-6552
-86
5915
-8477
-1731
-2363
9441
-6047
3561
7236
-2635
-2938
8815
-174
4975
-7423
3184
8031
4428
-4277
-6512
4933
-8160
8497
614
510
-1702
2179
-8077
9366
5422
-8548
-5696
-2590
-7728
-9736
3429
-2891
451
-3631
5689
-4856
1115
4059
8130
-7355
-7801
-6530
-1343
-3427
5552
-4900
-652
9006
-3628
1582
7146
9643
-2907
5955
133
664
7331
2786
-9148
8520
7021
1032
-3569
-2225
-4906
-5978
9886
-5169
-9386
-4795
1952
-8144
-2171
8480
5706
4694
5321
9149
-6124
8425
-4820
676
3028
-2677
5326
-7839
-979
8876
-5294
-6385
-6242
-1370
-1111
-8697
1539
8593
-5766
-8048
-3619
294
-1669
-3135
-7737
7888
7129
7759
-7944
-8974
-8928
-8833
-6251
-8480
1771
-9818
-6818
3434
-8111
-1542
-8050
9197
-2160
2363
-3568
6180
1104
713
2029
39
-7549
-2278
78
4320
2163
7279
-3259
2208
-1181
8257
119
-3941
6958
1302
8273
7753
-9188
5918
9826
-8909
-8928
-4530
-3273
4949
7571
8873
