-2719
-108
-408
8959
-792
4502
-1858
-9524
9163
7267
9718
-9715
8339
-1425
-1622
2114
-3054
3218
-6134
-4825
901
-6745
-3625
4320
7582
9894
2316
-6792
7491
3625
-2137
1700
-3853
5369
4060
-3136
1958
3880
4249
-6222
4956
-9691
5195
2289
7807
-2216
6472
9597
-5819
-797
9545
6501
1075
6626
-6250
8153
-9674
-5126
1167
3235
2477
-4011
-1
-9635
-6673
-8019
1816
4264
9864
3033
5325
-6977
1525
7182
-272
-702
4515
5898
5125
8544
7063
4460
1758
-3505
-8259
2065
-6257
-7188
-6704
2729
-9269
8233
-65
1602
5728
3604
-1838
9380
-1931
7502
-8957
3305
-6676
6236
-1078
6941
464
3010
9245
-8939
6245
885
-3062
-6690
-4472
-2384
-1937
-5860
-3085
-5968
4886
-3589
-1804
6278
6280
-7729
-3386
-4667
-4901
-3615
7510
675
1886
7497
-158
8768
-4254
-3341
-2025
6106
7652
975
-6937
-6046
-4186
9151
-9424
-4507
2282
778
-933
1936
8017
-2489
-7850
4918
-5666
-2239
7950
2515
2495
-206
-4625
7065
-2802
5239
-4245
-3765
-2670
8392
2425
-5349
-7092
4041
9978
-1340
6974
6484
7166
-3825
-5436
-1468
4447
4399
-9410
-8703
-3473
2459
1898
5553
-4796
6331
-7658
7685
7948
-8097
5887
1785
1466
-7631
-3623
-9178
342
-6615
-2332
1531
-5755
-7703
-3299
-8555
1980
5286
-373
-9317
-2738
-3944
103
-5016
-5473
-3633
3824
-8784
8851
-7095
1634
4632
-708
-5285
7468
-7060
-360
-936
-7651
-9447
2555
3501
2190
7150
2544
-9478
-2839
9269
-7737
-8915
-2161
2991
-3088
-7162
-7448
690
535
1179
-2530
-1565
-9346
-7586
-8073
-9933
-6230
1079
-4354
-397
-7921
4919
4174
-2980
9058
4296
-300
-2636
5066
-3666
-4206
4542
7898
6627
799
4790
1930
-7815
-5177
-6178
-9765
-5421
2328
6866
-7697
-5647
-1474
-5310
-292
-3371
6059
-7449
-4225
-7271
2093
-7010
-9423
-3005
-7029
-7479
-9797
-3228
-3993
-4012
7690
-2605
663
-3393
-5170
-3435
-8361
4280
8785
7919
7246
-7620
3316
8621
-6767
2675
-1036
3261
-8385
3268
-3352
-13
939
8381
2959
1843
-5374
5769
4642
-7388
-9236
-3653
-8266
-2100
6439
7961
-9276
364
-1859
9709
-6770
6763
-1370
-997
-6856
-486
4790
-4442
8116
-6178
-926
9796
-7803
-5832
-2204
6909
1203
-9066
7963
-7079
7160
9720
1307
510
8472
-9306
-6034
5286
-1771
860
-829
-5197
3323
-3313
4891
6607
-1318
-8985
7067
-482
698
-7654
9250
-8055
-1473
-1538
8581
9045
347
-914
8200
2853
-1737
-644
6235
-3486
-7138
9306
-7481
-7070
-4534
7353
-8117
-5133
7977
-6225
9847
1737
6003
3769
4857
7962
-2540
-231
6671
-4533
-755
-5628
6630
-8044
-5540
1748
-8878
4864
-1324
6386
4552
9649
-9286
2232
-8419
-449
-7263
237
-3390
-2385
3924
3740
5420
870
2764
8365
1668
2081
7136
9303
8539
-9634
6840
-2038
6611
9848
-910
-2475
5648
-3118
-717
-8243
-9782
9347
8281
-2898
6944
-2672
-3219
-8247
-8670
-3499
9546
3185
5154
-8730
-9976
-8526
2075
-2072
7143
1436
-5960
177
-7781
2812
-1031
4170
-372
-2203
554
-8042
4195
-8919
2115
3102
4013
884
-2651
-6376
1506
-3941
-7358
-604
-6676
-8319
-9923
-6847
-42
4846
-1122
-5040
8653
4307
2590
-609
7986
886
2399
-508
-4386
4807
1586
-885
9534
7218
8261
-624
-4400
-10000
9552
5803
-5039
4269
232
-3940
-1336
-8245
-5428
3722
3181
9160
-1947
-1353
-7561
-2411
9914
2723
8667
1039
9347
-7692
3665
-7356
2104
8985
-5252
-3765
8092
-6544
-920
9725
-2193
-9845
5858
6486
-9218
-5163
-4367
-7281
5701
-3210
-2516
-3829
-3784
-6107
-7898
-8922
-176
-1338
-3678
9850
548
5165
-5742
5547
9873
-7524
6770
4809
-5508
8621
-2350
1366
3764
6105
-2619
4643
7615
-855
-1155
-2122
-828
9509
-1592
-3307
-2602
691
3628
-9618
9556
3064
-2232
-5149
3506
-6992
-2378
-5561
2951
9105
7946
8620
1408
-3401
6646
5291
4430
-545
-9233
-5280
8338
-9031
-9627
5060
-9358
5350
5762
-8667
-6734
-5651
4269
1785
8760
8320
2064
7827
-9127
8077
-3433
9015
991
-5495
2771
1196
-6407
4323
1517
-8639
-6965
6526
5023
4112
-4195
-5813
6844
1510
-9525
-7900
-5012
-6523
-7936
2053
1711
8138
8699
7907
-7154
-6718
6618
612
8235
-9398
-4068
-3866
-8833
-3816
4423
-2298
3196
6875
-3539
-4885
97
-3258
5222
2930
-2815
725
3053
-6140
-9219
-6024
4500
4979
-3557
-6520
8637
-5549
-973
6333
3441
4295
3798
-7076
300
-4275
-2097
7342
-5289
-619
9005
6072
5560
8022
-3802
4865
1286
5026
-1342
-4039
-7839
4206
5773
251
6972
-6684
3792
-9589
-4095
8814
6505
5271
-1464
-1319
-1148
-9816
-3928
1501
-7278
-7601
3316
-2683
-489
3810
-5244
-1172
3147
5215
-1959
-2587
7503
5864
7744
-4608
-1932
2825
5111
7887
7367
6160
-3230
2150
9936
-8548
-4003
-1238
1764
2099
-555
9437
1992
-1907
4042
608
-7455
-4121
8147
6959
9044
2774
-7083
1098
-9994
-5994
-4685
9814
-2704
7797
-2682
-3172
9245
3592
-9126
7355
1315
5491
-9276
9223
-5429
293
935
-9398
8584
1963
-4904
6488
5128
-9982
-4091
-2572
7202
8182
7130
2990
2886
-3371
-8257
-9991
-3441
-7601
-7543
-5701
-4563
-9061
3259
9049
-7015
-7261
2483
-4270
-218
5975
584
2504
-8834
1379
1124
-9866
-365
-4085
-5376
-7851
212
4665
-1717
-4866
6939
-5209
2953
-5816
5544
5743
-4952
-2493
-8051
-9268
-9733
-2951
-4423
-9251
6589
-1352
2994
-957
-1025
-5635
-1355
-6487
2808
-2547
7294
-6662
-4818
3689
1470
-9843
-3763
474
-4634
-3266
-3959
2976
6625
-6479
6603
1217
1152
-4362
8182
3009
-7518
1147
2469
-9266
3836
3126
6089
-7498
3517
-7340
-8951
-9117
5625
2904
3982
808
4872
8715
368
6308
-6178
7877
-2095
939
7423
9395
-96
1073
3133
-7202
-1333
8929
-3796
-3006
-6262
6756
9645
8920
1443
-6287
-8439
5059
-6292
6084
9226
6439
-8179
5115
2232
-5155
-9827
7785
-6172
7172
-4304
-6931
5588
9618
-1847
-2026
-6153
-1751
-8378
8232
6734
-5308
7336
-4918
3763
2834
6616
7609
-7799
8741
7118
-9099
-2748
-4321
-2127
3352
9311
2434
1382
4360
7405
-1802
3708
3083
692
2954
497
4295
1678
7901
-1661
-2690
-908
-4915
6844
8473
1774
4635
5576
-8735
-3996
-7600
7988
3576
1635
-7122
8417
2884
-965
1229
1567
7461
-4980
1755
-1928
5347
6133
6219
-8755
4018
5335
7531
-2227
-1330
9403
-8855
3272
-2005
8984
-7159
-5417
5800
-9031
-1316
-9685
9537
-2715
-7720
-7297
-7562
8418
-8105
-3756
-5201
2764
-4054
5742
8649
-8552
7870
-3428
2449
-1636
3645
6741
2955
-4902
2255
-2737
3043
-9593
-3321
-500
2892
-5214
5225
-189
-9638
7498
-3341
-92
4212
4281
6069
-8517
5402
4871
-1128
-7205
-7876
-5908
6831
3873
7371
1322
-107
-3590
-3726
7683
-3007
-1671
-5957
-5176
-9362
276
-9643
914
2603
1324
5497
2352
-6818
-5336
9490
-6611
-4388
3622
4423
-8256
4481
-3243
7532
1530
1559
6948
-7177
8371
1974
-6055
-8031
-5283
-6954
2972
208
282
2476
-9599
4269
-7609
-3675
5905
-6998
-8933
9323
-7017
6029
21
-2908
-7809
-9704
5140
4275
8459
6550
8130
8620
-2865
-8465
9162
9028
-9482
5618
-6790
-1009
3629
-7472
-5373
7533
-2320
-5398
7362
-4199
5697
2127
3019
3685
7032
-1437
-1104
-6782
5727
-2583
-9063
6131
1603
9159
-9184
7489
9261
5712
6029
2465
8223
3110
-6913
9796
8793
1561
-9776
9682
-6123
-5342
-6260
-5894
2101
16
8251
4103
4457
1373
8900
6133
-5260
-2479
-1850
4685
-5843
3744
5425
-7149
-4230
1875
1325
2729
-5555
-362
7161
663
-4578
1200
-1458
1064
-884
113
2128
2703
9218
-2465
4946
1546
-4464
3184
-4882
4672
5059
-9732
5348
1226
4069
-1567
2643
9202
6992
-2917
7549
7053
6070
-2010
-1440
-8900
108
3829
1647
9665
-1456
8289
7868
-8185
8366
-2528
-8116
-2378
-3832
459
-5791
-2218
3737
489
4661
-7664
-5102
2038
8344
-3107
8874
8527
8343
-5141
9229
8064
9514
4084
3557
-8053
-1985
-6181
6462
-5716
2813
9324
-485
6171
-4895
1847
-9173
4777
8082
-5896
791
3876
3288
-2280
9704
7923
-3965
4845
7938
4670
5436
6649
-4217
-6236
-164
8706
9475
-3115
754
-8132
-9811
7569
-2298
3547
-8115
-8021
-7795
4096
-6722
4371
1854
-3425
-8404
-7337
-9473
703
-856
4365
-4613
-614
6901
-4311
-5730
-3801
-784
8720
-2548
3398
9842
9911
-6384
4695
1365
9654
7363
2428
2484
3
-782
-4963
1460
7319
-7510
-9295
-9028
-3378
5824
7079
-2393
8237
1145
3024
-3305
2907
-9911
-3714
-6389
-4585
4136
3249
3363
5103
8388
-6920
5935
9422
371
1690
-9182
6632
-7288
9837
9968
580
-2919
-2818
-2179
6016
1569
-1691
-320
-4561
-4167
7506
-7219
-9352
-2820
-5421
9744
-3144
-3051
8571
-8391
-9689
-7182
-9397
-1086
7830
-7939
5235
-7892
-6291
7006
2968
-147
-591
5044
-3769
2324
-8233
9391
5883
-22
3254
5745
1815
-3061
-4051
5440
-4717
4470
8419
5596
-4828
1944
1224
-9604
7378
-1826
-1355
9137
9608
5144
9084
723
8883
-391
5557
9857
-2729
-1833
3146
6578
-4724
-7800
-9267
-7950
8206
9546
-6839
3637
6089
1294
-1384
-9269
9136
-2445
7015
8938
-4367
-1039
-221
1617
-118
2133
-7539
-9811
-7124
-2986
4833
3676
1428
-9391
-6460
6038
-8654
1847
-563
-5862
3256
4292
-7275
5395
-8343
2174
-2036
-9230
-1972
-9075
-5935
-814
-7318
7256
2305
3907
-1237
4530
-851
-5012
3372
6928
-2767
-7528
8286
-3307
6333
6575
-789
2980
5855
-8632
-7974
-3520
5535
-1132
-8007
-2342
693
5055
-6214
-8174
-5321
-7969
-3177
9854
-7345
13
-5860
6540
2318
-6430
-4522
8344
2335
-8166
3960
-8036
9669
-8229
8765
-7580
1227
5717
9354
-6910
8885
-8450
4819
-8214
1042
-9326
-3614
-7834
3974
376
9300
3106
8496
-6809
8117
2228
-9237
-8100
-563
-2361
-3644
9278
-9620
6227
-4524
2508
-2735
-6096
-5858
2993
-8950
9689
254
-4409
9929
-435
2065
5447
2951
4471
-7419
-3745
-4244
8030
1437
-9822
9945
1650
4193
4592
7646
950
-8116
-1900
-4156
5105
5438
-9978
-4939
-3179
-6682
4534
5916
-6742
-5907
1155
-1504
-7475
-486
6104
5067
8560
8525
7793
-6898
2064
-8750
-1554
-251
-2419
-9921
3599
8105
8889
984
971
7303
4632
262
-7038
6757
-4774
-8530
7846
9158
1802
6705
-649
5871
-1266
2911
-5268
-9267
-6188
8833
-9276
7100
7679
-8356
5776
75
-4410
1614
-9761
7971
6405
-9167
8825
2638
5169
-3638
-8837
8256
-6767
5933
2502
421
3845
7568
-102
-598
-9632
9907
-6821
-1142
-3428
8150
9154
-3250
-6453
-1645
-1272
-9099
7323
3602
1791
5355
7112
-7997
6312
2535
2799
-9888
2670
5338
9460
9343
-7031
2535
7318
-7857
-7838
4270
-688
3322
9234
-8418
4705
-612
-2050
6345
258
-3926
968
-8453
-9171
-3544
-4245
-2589
8641
854
946
4234
-9105
-3515
-4547
789
4959
7308
-4386
6273
-6135
6778
8411
-9109
-9497
-85
7810
3141
-1433
129
-8085
7248
5460
-2092
5197
-1552
-1454
-1710
-557
-214
2272
-2066
357
5059
5573
9222
-517
-3190
-4696
-5939
-1657
8030
-9890
8992
1909
3108
-2256
7810
-4678
1300
7919
5629
-4991
-8864
-3169
9240
-7812
-2024
-6378
-6318
-9318
8256
-9269
-11
-6802
6483
-3138
-5886
-9964
8148
-4663
9650
2136
-6797
7339
5464
-7023
-6339
-9419
9015
7996
-9049
-6086
9698
-8451
-4502
-2316
-1936
-9752
8182
4148
2029
-5655
1732
3117
-8625
9749
-5505
4957
-8453
242
3114
8968
-6172
8033
-4166
6961
4889
5738
6058
5023
-2905
72
2272
7826
-6069
795
6343
9346
-8166
-3945
4532
-6297
-2763
-5502
9183
-831
-2606
-3093
2796
5018
542
5906
-8739
8573
-1597
-3676
7928
-2841
-4611
-6939
9844
4068
887
-1178
109
-5113
-6220
-7736
2144
-1544
7144
3819
-3193
-583
-373
5355
7792
4953
-7036
6640
-8491
1637
-4467
6663
-3040
2402
-8769
-1823
-4002
-4650
9456
-6730
7769
-4796
820
-3046
9451
8746
-4319
-8087
5554
8515
7659
5552
-2686
-9363
-2658
-2434
2627
5292
3330
9923
-9480
-963
301
-4048
-6166
-64
5117
-8935
1277
-4097
-4261
-8076
529
-6613
2656
-7033
-3827
6532
-3698
414
4761
2277
-9405
-8206
-6578
-934
-9994
8259
-1523
-617
6816
2418
142
-3054
-5772
-6696
8034
-4806
-8168
-6894
-6040
1825
4411
-4085
6028
5975
-2495
3288
-1507
3556
-9021
-9075
-1164
1748
-9592
-7889
1451
9181
-1171
-8337
1692
-2732
-7844
21
6415
5113
-2006
2884
1548
-7148
-7189
-5647
4859
-1548
-6988
-6080
-6198
2855
-9014
-8028
7242
-2100
763
2018
6775
-1668
4402
1156
8315
8365
6272
2239
4449
3923
1898
-5158
-7151
7037
9871
8639
-1150
4079
-449
-9863
-3168
-7148
1323
-3874
3621
-491
-2552
9069
7790
-3757
7344
-1394
1232
-1210
-9911
-6883
5460
1917
-4583
-4469
6352
-4125
-3718
9641
1385
9005
-4536
7867
-5189
2487
-7329
-7605
-2428
-4675
-905
5823
7568
7235
-6649
9873
-6508
-5599
2976
9395
885
-5763
-74
1805
4617
-9587
-9285
8523
-8738
187
6778
-1348
7234
4946
-3418
-5477
5639
4266
-7402
-8776
3746
-98
-5543
-5288
7329
3337
-8137
1939
7709
-3589
7862
2873
-1581
6889
-9017
6299
7678
9190
-5643
-2745
9776
2280
-6334
-3060
-826
96
-63
4139
2759
-1017
2044
1885
-9760
-2802
5240
-1713
-899
-2479
-9902
3204
5037
-1241
-2200
-8481
-8239
3325
4168
7156
-3408
787
-9789
1061
-8079
5919
9560
401
169
823
-1813
-7234
-1929
-1217
925
-530
-2023
-5941
-346
2417
-41
-9502
8122
-7502
8489
3629
-5860
-9993
3239
-9638
1605
9436
-3892
1075
-1214
6439
8203
3585
-4515
7284
9809
-6634
6616
4412
-3408
-4490
2837
-5369
8373
-9496
-6192
5345
-4548
-5204
2065
-2984
9735
-9299
1132
-7053
-7961
-8105
1897
-873
6199
-6174
6306
-9691
-3773
2720
-9946
-3744
-5564
4770
8831
-2683
4021
-5290
1845
-5152
5303
-8624
-684
-7231
-5996
-9103
5513
-1613
7145
7519
-8866
-6025
1787
5426
-3749
1567
-6820
8725
-6499
-9971
-4544
-1969
-7348
-7216
4533
-9280
1115
5096
-1322
6481
-87
-9324
-9913
-7201
867
2980
-6093
-5628
8961
6760
-9947
1882
8353
-1941
2029
-4020
3890
2584
-2609
5723
4050
-7942
-2714
-6513
7941
7222
57
-4628
537
-7913
-4037
7327
9892
5539
6720
-7330
-7640
-9862
3164
5646
6367
-2843
4681
-4802
1935
-359
-3843
3874
8203
290
-2702
-4284
-7723
-7058
9606
7891
-4306
-379
-9049
9053
-6522
2352
-2179
7215
1555
2193
7112
9240
-9246
-4862
1598
-8153
-1258
-1960
8633
-305
-6351
6038
4957
6061
-6009
-9880
-4833
-2660
-7290
2703
-1071
6166
-8079
7834
7516
5209
-1544
7724
8336
2888
-7266
6503
-2402
-6299
2322
-2646
2607
-7774
5956
3309
978
-4900
-2096
-6224
4068
-5254
5898
5690
1125
3687
-3290
4545
-5617
-8476
721
7626
8711
4993
9442
-8907
2941
5200
-164
-2265
3734
-5449
-5247
-6698
4484
-3831
-2070
-3052
8189
8969
5478
5715
5571
5084
-7850
-1611
3612
2385
-8961
4365
727
1140
6338
6447
-6309
8116
1569
-1015
-8819
-7333
2289
-3858
6965
6007
1835
-4317
-2381
8374
-8278
-6251
-2716
6713
7749
-2310
-538
-2616
-2151
1357
9903
-5919
-5906
8644
-4081
-2245
-4738
-2821
-5596
-9581
-7695
-8299
5880
-9725
7863
3223
1294
-653
-1605
1600
907
1104
9648
4433
6959
2132
-984
-4973
-2191
7942
1992
-3946
-382
5544
8994
6976
624
-4981
-8717
-780
5954
-3185
-7739
1119
7504
-7150
9567
5083
8542
6717
8748
7596
8095
4254
2686
-6731
-608
7073
-6611
-7427
-1588
4734
5458
8289
-7147
-3540
-1670
-1292
1704
5037
4147
-4996
-4515
7682
-3038
-6266
9310
2562
-7287
3103
4035
-6227
2801
3422
1312
-4301
-2637
-1629
-9038
-7687
-1750
9850
973
-2316
7434
2535
-3438
3253
-7420
-6462
3681
3701
1716
22
7321
8488
3895
-7958
-4660
-2509
6803
-3222
8130
-4708
3104
5863
204
5161
-9276
-2325
-7585
2627
8726
7156
885
5805
-9506
7233
-6034
6820
3220
5905
4072
5221
-8348
-425
8817
-964
4680
-4628
-7217
8221
-195
-3606
641
4231
8889
-7619
9854
8239
7058
-6602
9231
2366
206
3771
3567
8827
4673
6135
-6659
-1693
-6250
5941
-8636
-2480
-7498
-9648
-4739
-8642
-8241
1440
-8055
7223
-6308
-8942
-6161
1270
-8439
-9524
8437
9876
-7570
-2990
-7490
6605
-320
-4970
-1408
-4881
-5833
8193
-5714
-6575
-6874
8647
2476
-9878
-5832
2748
2752
-3020
-5204
7561
-659
-5355
-6515
-8294
4527
4239
-2705
-3256
6723
4692
-1884
9355
-3675
1277
-7349
-4004
-8117
-455
9383
1211
5222
406
-3704
7875
442
2229
3116
4864
-2347
-91
3012
2845
206
-8342
9866
-4446
4212
5695
4650
-1811
-1191
-182
6235
-1030
6666
3419
4868
5667
5775
-4493
-8076
7939
5323
-9527
-4520
3535
6114
-9875
-9636
-4278
-7406
1679
-1763
-5559
-9206
-4357
3223
-2423
1468
-8038
8716
7387
-3523
5931
-2057
-7254
5509
6866
8153
9715
-8407
-6381
-9181
3708
-6880
7590
361
2732
-2899
9527
6545
6049
-6113
787
-3694
1470
-978
4162
-8427
-5533
-931
-4077
3623
-1421
6077
-7622
214
9461
6541
-3360
4905
-9683
-746
-3157
2157
9398
1160
5079
-7051
4553
9958
-6276
4014
1463
2207
-740
1582
4218
9545
524
5629
-9207
8741
7782
6046
-5095
-9350
7001
-5179
8258
-3591
1201
4632
-2985
4005
-9350
-142
-2874
4272
-9224
-3145
-5952
4652
6271
-8121
8171
4348
-1638
1491
-8044
-5276
698
-7100
-1078
3257
-477
-6255
-9287
3625
-832
1024
-4245
-3673
1610
-914
-2847
-9486
4159
-9850
-5925
-5005
9661
-4393
-4311
5137
8469
9991
1768
4960
138
2117
2515
9120
-9598
6439
-6534
-3681
-2223
8858
6287
5507
-5324
2846
-7224
6451
-9552
-5153
-360
9066
5722
3551
-2243
-2590
-6869
-4331
772
-3234
1672
-6236
-6543
-776
-9058
-174
1013
-7859
-8381
6106
8588
-2505
5692
9033
-7734
-4821
-5089
626
2097
-3937
2712
-253
8905
-5729
9493
9416
4032
-8526
-3592
-18
-7271
4780
3527
162
-5522
-7825
681
-3875
-953
-3775
-6201
2144
8716
-8807
-9819
9496
-6846
-5998
2253
9602
-7831
-2198
-5322
7951
9191
4607
5268
-788
5195
2422
-6480
2796
2174
-5037
-6470
-4790
-7508
2228
4111
741
-4161
9735
-8037
-1684
1982
-9797
8027
-4197
-6462
3971
4286
-9022
1568
-6175
-5130
-1915
1130
3813
-6037
-4628
-4118
2876
-5592
4127
6819
-9121
-5608
-7055
7098
-2379
-4080
962
-3621
5276
-7557
5769
-3867
-8203
-77
4196
-576
-7925
-4869
5838
-5446
6411
1329
-7021
-444
5155
9962
5531
-6652
-2569
-355
-7128
-4539
-5695
-4541
-6616
7627
-7166
-8244
345
6454
4505
5761
-6703
4317
7877
9938
-7024
-9267
8211
-3867
-5401
-9220
-7209
7596
6099
7203
1428
-2384
-332
-330
7332
-5233
5448
8686
5710
6922
-5274
-374
-9923
2013
9228
-498
9196
-1158
-5000
9843
-8872
-1750
-6514
-269
-6808
8101
-6084
7347
1830
3454
8701
-3077
9953
-4044
-7842
-8231
3843
-7785
2824
-938
-5196
838
5655
-6159
991
-2977
-8728
4348
-2585
-3848
218
-2215
-4784
6118
421
-7687
6265
2447
933
8272
1388
6512
6312
-2281
-6000
-3561
-1451
-7344
389
1424
-769
4934
-2860
-1899
-2817
4361
7545
-6153
-1095
-3050
500
-2899
-8085
-1236
-5091
5789
-9149
277
-810
-6823
-8765
-4304
-9781
-65
-8978
-5024
-2242
1697
8927
5808
3340
-5477
3905
-1131
4959
-6021
-4705
-7257
7842
5083
-4881
1828
-8272
-9088
-8620
-294
7697
8510
8323
-9384
-698
4482
-1
-3789
-4971
6943
5138
-4347
6481
-6495
7327
4744
-4488
8588
6303
-8249
-3240
3294
-1972
-8739
4093
3531
295
-903
-3251
6244
-792
6715
-2155
-7730
-4414
858
5190
-1298
-6581
9554
-4830
9428
9347
4133
494
-2825
2468
-2251
8562
4692
910
2499
2644
6325
9048
-5971
-3744
7035
5313
-8646
-7070
785
-1428
3543
6986
2299
-9964
6235
-1298
6730
3628
-501
-4794
-2897
8019
-8280
4455
-6913
-6400
1605
4536
8700
9282
7613
-9909
-6363
2360
796
834
-4576
-4416
2289
6247
8730
2324
-1553
1329
6890
-7257
4323
1122
8462
918
-5975
2812
6967
-5351
5740
-5895
-4968
-1351
7712
8511
-7575
2265
2011
-4246
8183
2503
5644
-5735
-3599
1607
7032
-5395
7860
-8432
7468
1371
-7164
3914
1059
79
9895
-4455
2892
-58
-6549
319
-995
-2724
8686
5482
-3927
20
5979
-4853
5589
3727
261
-1745
-7889
8159
-649
-7792
983
5326
6381
-9921
-6844
-5480
-5860
8850
-1502
-5925
4246
3331
1272
2133
8988
-2222
-8858
-2777
66
-5844
1242
-8893
-2763
875
-8997
4181
-7015
463
5221
-9078
6411
-6034
8810
-5698
-4826
-8861
-2722
9754
8135
2187
5533
-8150
-5023
-9012
-3530
-3572
9580
6083
-3293
-3467
-6320
-2484
-5387
4148
-3476
-8611
-7192
-6214
4713
4716
-5113
-9624
3818
-8982
-228
9850
-7697
8218
-1234
8602
-2850
9197
-1145
1252
1106
-8090
1916
6545
9948
-4773
-1349
-2694
1184
5643
-9046
-5754
4989
-4244
-5750
-2241
-28
717
9555
6185
-8569
-8425
-6351
-543
-977
2492
6067
2242
-899
6325
303
3774
9522
-351
-9347
-5491
9278
1278
3153
-4263
-524
-2397
-2739
-2827
-5374
-4164
-205
-2131
1278
8040
6288
304
-5390
-431
-948
4701
-94
-6415
856
3765
1349
948
-2434
-2006
3032
-861
7471
538
-1862
1484
-8571
-4401
-5395
6199
9967
-6618
8956
1361
-3118
8917
-3579
-5458
-8125
4627
5880
-9372
8275
4146
5434
-6748
8843
7071
351
9835
2535
59
-4658
-4725
1239
-6510
1849
-176
9409
1421
2625
-2997
6052
7436
-9172
9752
6111
4616
4887
-8497
6099
-29
-7998
1453
7374
6171
-9246
1831
6737
-4833
-2862
7593
-6303
2797
-6927
2419
6917
6136
-1210
9212
-1135
-3387
-9526
9444
-996
-9024
-5424
-4972
-7587
-2368
-1675
-1428
-9348
2262
-7084
-3283
-607
-8849
-7550
4335
-2458
3551
3003
-5286
-444
-4944
-6547
9987
-3857
6357
-6767
-2533
1033
-5351
7438
3755
-8695
8391
-1953
6591
-3227
-6690
5506
6864
-8431
7875
-3449
6955
2227
-1435
1363
4378
4703
-6620
-2553
-4428
2761
-8334
-3088
-4385
3668
7616
4934
-1572
-7989
-678
-6844
3762
-29
-9531
-2998
9778
6721
-1013
676
9883
-3803
9619
-4510
3379
-7602
7399
-182
8528
9468
2551
8483
-5127
1670
9373
-6000
-1472
5363
-3039
-5412
2185
-4093
-4294
9957
-1101
-4656
8442
-4750
-8219
5372
1558
48
4160
9062
6028
794
-6539
-3987
1863
5391
-7927
9952
-5061
-1288
-8724
3233
-4981
5865
3927
2483
-9199
-6244
-7577
7797
-1558
1896
-1149
-6971
4507
7918
-8387
-8918
-3581
-2709
-4514
691
-699
519
4450
-3439
5420
-7490
9646
-908
2296
-6399
6265
8663
-3399
-401
5905
-117
2574
-7704
-5725
578
-3103
-9583
-2484
-9266
-7323
-337
6118
4585
1971
-9165
7205
2339
-2107
-7636
-5811
5982
-3239
5111
5479
-1025
-2869
7338
-2946
-9533
-6682
4865
-7599
-7742
-3774
-5317
3420
1741
-4524
-1090
1990
-7593
7068
4342
-6060
3015
5682
7828
2316
4415
-2953
-2157
-8234
-7747
-6404
-3470
2022
-8843
-8047
1203
-5347
-55
7245
-9010
5914
-1800
9143
-8481
-8724
1236
1948
3698
-5395
-5176
6082
-5749
5686
194
-7912
5035
238
-6889
3031
3513
7538
-809
-4724
3004
2067
2231
8454
2939
3419
1542
-8206
-3116
4692
-114
8664
749
-6143
8318
6739
7663
-3377
-5171
3162
-6788
720
-5240
-9576
4817
-7603
-9696
5060
-7271
-4218
8039
3325
5586
3727
-2346
-7652
9418
-6165
-4417
5915
2176
-3726
9636
-7790
-7510
-4394
-3732
-515
9280
-2833
-1854
-8062
2420
-9438
1353
1804
-3766
-6509
54
3798
6377
-94
3927
-3340
-3227
8623
8462
4566
1091
3551
-2273
3616
-276
8289
8968
2510
-658
-7755
-8847
8621
9071
5419
5158
-446
-8717
-4658
9565
3690
-6018
7515
-95
6466
5780
-964
5739
-8641
7346
8006
9853
2151
878
-4422
-5061
-1055
8170
-4740
-7446
-3157
3636
-9217
-7768
4499
-4194
4097
-3189
-313
4625
471
-1829
-511
7808
-6650
-2136
-1189
-1757
903
-822
7539
-1587
-7218
8148
4
4343
2658
-6218
-7949
908
7524
82
-6914
-175
-8926
5666
4423
-6066
3037
3030
2447
-6915
-4745
2931
-6397
-2539
1663
-2521
9766
-3128
2153
272
-9909
-7985
-2289
9482
-8894
-2347
8207
-4962
-1142
-9655
-912
-4835
-2601
-9644
5414
-8433
-7871
9499
-5950
-3071
5217
3464
-6074
-7033
4547
6886
490
-6552
-5706
-4023
-1236
-9671
8483
561
4826
-1494
-2824
-4241
2880
7873
-3664
-1810
9823
-7625
-1500
-1216
287
1876
3868
-101
-6539
-5512
9291
-2971
-3593
-7374
-416
7375
2825
4442
-4482
-3377
9665
8992
-922
9353
-6952
6786
-2480
355
-5296
-3901
1593
-4079
738
5910
3148
-1489
-5408
-7456
-4087
-5690
-9432
-121
-6991
3370
-2247
4591
-3484
-3129
-550
-2571
5697
4303
-5735
3748
4659
-9597
-7547
387
689
877
-272
-8826
667
-8655
6669
-6291
-8009
7016
7915
-6368
-6216
4718
5299
-7383
7851
-2810
518
-1799
-8217
6599
1642
2116
2772
2043
-679
4875
2468
-644
6445
5300
448
912
-3153
-3015
-8345
1992
-9490
5866
-2876
7081
8879
2424
2657
-9351
-9465
-8001
-6475
-2287
-5928
421
8661
1337
-5286
-2203
5256
-7076
-344
1776
-1606
7012
-2
8506
-8514
9685
1101
8933
-9927
1088
2418
8449
3229
-1029
-7483
18
-7785
3337
-7745
-2746
5057
2204
-1404
3287
3055
-9901
5980
4399
2697
-9894
8335
7758
-7822
5576
-2303
1441
-9334
7335
5530
-1812
-368
2763
-4376
1900
7992
2432
-3388
1943
8799
-4756
-9476
4539
5938
4841
2798
1926
-2233
-895
-7025
-765
9616
-9999
4181
9443
4214
-767
-5632
1405
-8934
-1293
-2461
-4234
6046
-6740
2664
-2341
7205
6229
7603
7197
-5912
759
8259
-8889
-4580
3472
8762
-4720
6998
-9669
-8582
2820
3358
-2707
-4243
8455
-9691
-8941
8310
-1100
4781
8676
-827
3905
-1932
-8044
5922
7079
7473
4891
2384
9117
1288
-9928
-5502
9707
-3680
5945
7314
-3145
-1929
3429
-3496
-1163
-5822
-2759
-7385
9983
7517
-3013
7807
9653
5584
-4097
8618
1940
5780
1443
8245
-99
460
4701
5001
-5757
-5659
7569
5771
-7684
9104
-3484
-4275
-8997
2820
5600
-9698
3485
1830
-5103
-6789
3565
-1392
6231
8977
-200
-4911
-7607
-2329
-3901
1323
9194
-6105
2202
-3760
4675
-4253
-4632
-5608
-5979
6926
-9332
-6317
555
8570
5693
78
7522
2457
-1693
-5272
6637
-875
1137
-6248
-1912
-6240
-1054
1430
-5186
-8766
614
-9691
-5379
-6454
9473
8428
3841
7033
-9406
-3292
3027
1979
-8947
1712
9005
-2757
-8177
-8221
2704
1382
9753
8460
-6301
6817
-3939
3069
333
-1789
-4904
2984
1621
9839
6674
5188
-9107
-6512
9387
8055
9270
8571
-7991
-3779
9552
8563
687
-5768
7880
-8775
-1230
-8303
-1637
-653
2764
-3678
5535
-6080
-9979
8293
-9120
3394
-1737
-6621
-6638
-7940
-1953
4816
-8261
-3346
64
682
-1542
6411
-596
4829
5668
-1507
2168
6223
606
-654
-8859
-5085
4013
-3025
-6808
2605
-4201
2466
2556
-5141
8974
-8100
-9267
7564
9098
2150
-9714
-9179
3968
4992
1138
1306
-120
-2908
393
5730
-1134
-4835
3415
3598
2077
5246
487
-2248
-3458
-7870
287
-768
2130
-8843
-8936
6111
-2323
-5548
3782
3904
6925
2307
-5006
2698
4315
-1575
354
-6591
4241
1185
-1776
-7197
5363
-5744
-8963
-4309
-1353
-552
3197
1789
1082
-7358
-7584
-2620
972
-3461
3373
3617
3832
-3185
7960
7128
-9332
7172
-7020
5380
501
-4122
-5369
9363
-1880
-2432
-585
3318
-7837
-8433
-3124
2202
-7160
5843
-8184
8245
3217
8639
940
17
-582
-7443
1768
9514
2574
658
3675
1288
-6409
-3089
5827
5541
1082
-336
-2914
-7638
-6688
9969
-6770
-3404
2421
-5213
-4102
-5221
-8806
6040
2281
270
184
-4148
-1871
4142
1731
4975
4135
8968
-9768
7484
8094
7232
-7223
1140
6696
3844
8048
-1401
-8685
-9847
3520
6560
-5255
-3063
-5339
-9976
3074
4834
4583
-3346
5279
1791
235
7463
3824
-6587
-9067
6334
-9309
-2872
30
-4811
-3301
9819
-9023
-6200
2908
-9989
-204
-9859
-3468
-276
9735
-7280
1188
-4210
6617
15
-1096
-5879
-9649
-7695
-4939
4757
6555
-1339
310
5196
7310
-3292
2816
7546
5266
-8558
-6343
-9889
4287
3222
3986
-5410
4090
-9266
-5225
-5233
7358
-8488
3664
3631
-7177
1475
-8348
6674
4580
-7687
-5847
9011
1158
9749
-8241
-7028
-9093
5614
1553
8692
-7190
-427
-573
6302
-8327
-3131
-6011
1582
629
3692
2574
4125
-4572
2375
-5416
-1399
4672
9601
8150
6153
5243
-5128
-8529
3558
-5813
-3251
6323
1655
1546
8702
-4099
6205
7383
6647
6714
-269
1783
-5496
89
7651
6526
1860
2941
-4063
-8570
-5591
9917
7413
8503
-5771
-3684
7013
-4064
4617
-5165
5324
4741
-7408
7164
9421
8947
1679
-6436
7960
9592
-1104
2119
-3676
-1650
1013
-5228
2190
8818
9686
-9136
755
1562
2428
-9873
-3671
1450
-2069
4687
-2914
9743
-166
-7985
3342
-3714
6543
-1306
7872
-1688
-6567
-8586
1191
9450
8440
1659
1381
-5032
-5434
2299
1412
4696
-3790
-1333
6523
-1703
-7099
449
2764
-6417
-7643
5418
7749
-5309
-7071
9137
8690
-704
-1341
8922
-1921
8853
-3131
-2046
7113
4315
-5939
-242
6628
-1749
-6101
188
3940
-3946
-7616
-1439
-7756
-2262
-359
827
-5322
-4954
5791
-5653
-846
3974
-6720
-1632
8375
680
-4120
-7961
2640
2474
571
9751
5544
5004
7870
3977
4608
5233
8566
-1384
9684
-2694
-9434
-14
-3739
1542
4240
-1972
9883
4357
2505
-1887
-7620
-7593
8679
1111
6853
-2434
6714
-7805
-6242
5193
-3341
-9826
-6027
6678
-514
59
4602
-612
-1871
8108
4642
-2259
2476
8435
8942
8332
-5899
-7451
-2682
-3458
-5755
-4776
-691
-1566
-2
-889
-3632
5084
8563
8150
8229
-2010
385
9643
-2688
-9186
7246
5121
-5289
-807
2559
7044
-4801
-7196
-7862
-8348
7638
-8958
-730
-3596
7618
-5969
-4466
4491
-9753
-1446
-6317
-2684
-4380
-800
-1556
6643
-6660
-3684
-622
-5157
9261
-5478
-2841
-4956
7210
-9264
-8254
9787
-1796
-867
-913
-7921
-1746
6245
-1594
-2362
-7988
-9451
7332
-1398
1279
6434
-7067
-5286
-7961
3870
5643
-9158
9760
8123
-9989
-1216
-9692
568
6815
1183
-1309
2883
9293
2982
6141
-8689
9348
-8591
3379
1241
1361
-1514
3941
9055
-6674
-4624
1655
1163
-5079
-4350
1210
7881
239
-6877
1751
-449
-282
-2602
-2616
7983
-4306
806
-1984
-6417
3843
6602
-4955
5160
-3154
4414
1727
1690
9340
6839
1480
4722
-2140
-3376
-4617
4466
4546
-1498
-1532
-7835
1237
-5628
8869
8109
4966
6717
5952
-5578
-7971
6900
4060
1807
-3798
8200
-125
-3722
-14
1862
-57
-25
-623
-2327
4317
8121
7930
82
-7706
-2141
9582
-5070
5706
421
-2207
1779
-6466
-327
-5058
-5830
-3528
-1520
-4725
8937
6254
-8045
8622
5101
-1919
-2291
-7369
-602
-5943
7556
-4863
460
3209
-4746
-8417
8227
-8390
-60
-7322
-7190
-9242
2263
2388
-121
-9598
8005
-7110
-9591
-4586
-5784
-7562
-7347
1508
5342
959
-5972
3309
774
-872
-4495
-9306
