-6196
-228
7672
6720
2593
-7328
-4526
-3100
-9774
-9254
6923
8911
-5521
-5395
-1361
-1434
-479
5457
5674
8564
4665
853
-8651
3756
-5638
5448
9846
7467
-7965
-4862
-6855
-8466
-979
-9142
-7936
6374
9608
-3373
-5443
-1254
3168
-7698
516
-9035
476
2224
-5181
-6181
-3818
5778
5042
190
-6398
4012
-6979
6446
1107
2546
7712
2361
-7328
7073
-1064
-6010
-1108
1792
1812
1337
-4458
-6176
-3845
6910
8007
-8535
1272
-6220
-6994
6164
-9661
5136
3891
-6848
4944
8912
6859
-1171
-4665
-9316
6212
4437
-2266
9581
-3472
7954
-2526
-5894
2867
-7299
-1337
-1718
2810
6135
2998
-7478
-5308
-8704
-2704
-1198
3094
-4892
797
5660
868
-7842
-7190
6472
9300
9973
4122
9242
4792
2248
-3012
-8134
-1594
7568
-936
-3108
-3190
6137
-872
-9031
6920
-2469
6978
933
7462
1054
-9714
-8652
8156
2171
2513
8778
1086
949
-3290
1887
6990
2987
-888
-9430
4989
4627
-8636
4761
9761
4698
6046
2140
2341
-5778
-4025
-5720
-4194
1329
6124
1980
462
-2406
206
1362
-8498
-1846
1827
-3852
-3340
9886
-8280
5014
-4805
-5198
-4291
5802
-4046
-7032
-7844
-8092
124
-3824
-3455
-2872
-7851
5830
7141
257
-2325
3470
6741
-8908
782
-4413
-6324
-6814
-9577
6912
5156
-8965
-9555
-9361
8721
-7826
5735
-2084
-6203
-1374
4053
6811
-7097
-2203
8411
-650
-416
-5208
-7967
-9576
9976
-8276
-4758
185
7441
904
4417
-3225
-276
-4710
7503
-7621
4588
4835
-6684
-3685
-2598
9355
2781
-5102
-4429
6548
1068
-9354
7339
8557
8490
-2280
-5654
-9972
-8760
-8730
9094
-2078
1443
7451
2759
350
5186
-1610
2382
-4107
8638
-1639
-5421
-6311
-4548
856
-5988
-8755
-7972
5218
720
2652
1701
-4292
-1601
615
1278
-1895
-524
6451
8247
958
-3448
-9659
-3723
4376
-9289
8452
6036
-1942
8460
-1387
1191
-8918
-6536
-2170
5467
3486
2036
-3880
-1336
-9005
3739
6972
-8667
7344
9622
2932
-458
-166
7737
553
8890
3996
6043
-8447
-8809
-9247
-3193
8518
-1916
9939
1157
-3537
5019
-5014
8157
-1560
908
-5761
4999
-7816
7282
-3598
8566
7973
4765
9560
585
-5873
5017
1601
5199
-3869
3415
7758
-2422
-5736
6943
3535
1680
-1168
-5503
-1423
5735
-5576
8209
-4306
9808
5902
4166
2100
-1949
-2380
487
-3480
8314
1274
841
5568
-1380
-5532
8828
-2713
-7358
-5554
5456
-376
-7604
9850
-4625
5627
1011
-9534
-717
1617
8351
-4028
-63
-9887
-4460
-6495
-9993
4497
9133
5350
6558
-1425
3066
9339
152
311
-9374
-3709
-6834
3937
-9101
1913
-3622
9009
-1625
4202
-5804
-393
-5676
-7651
6707
7766
5515
-9352
-2733
-1453
-40
1019
-9084
3449
4511
9079
-7135
7517
7441
4527
-5527
-6070
-1403
-5855
3119
-9364
-8349
-5160
-3591
6077
1540
-3377
-1570
7856
9059
-5370
691
3047
-6301
-5824
-3826
9848
5604
1923
-7196
-4242
8189
5066
2913
5666
-4612
-581
6151
-4101
9323
2266
-8069
-9856
-4137
1864
3334
-8857
-8673
7976
-3564
5910
-2712
-78
-4480
4549
1190
8327
-8301
-9489
-8314
-1899
1025
-3153
9488
-3312
7635
-1407
7303
-3707
-6891
825
7852
5736
-4582
-374
2418
-5829
-6324
3479
2159
-9986
334
-7919
8030
-9091
4918
-8221
9347
-322
7953
9102
2024
-952
-1902
-8196
-2336
3310
-4689
3976
-8300
-5466
-1524
-9307
2517
-1849
194
6285
-8729
9012
1317
1259
-7578
9783
-9919
-7818
7808
-5763
-8651
6156
1009
712
-2280
-4931
-6026
6913
1764
346
-4165
-5599
-7511
-7731
-6135
2484
-994
188
7393
-6395
5071
2060
694
2286
2171
-1175
-2841
-5760
-5293
8306
-8315
8902
6884
6621
8391
1851
-748
-4227
-7584
-2930
-9267
-9291
7446
-1193
100
-1679
-8218
6991
285
6943
-5975
-7049
6561
-4179
2748
-3317
-8694
-3916
-9300
4966
6505
-1058
181
-6073
-2195
7630
6389
3972
-1653
-9405
-456
8436
7737
6844
7961
-8820
-3977
-7026
-7364
-6281
-8864
918
2007
-3479
5971
4647
-5393
5758
-4321
-4626
-2189
6789
-3965
3710
-2439
-4767
-8601
-1165
2104
-9038
-6144
-6345
9641
377
6509
-5662
7667
8061
-471
4385
-3574
-9263
8843
1642
-4887
-1339
-5799
7058
-4190
-7002
-973
-7701
-3828
-5909
229
41
3301
-7711
-1968
-1848
1295
8622
554
-1404
-164
-8093
-7373
-8341
-1204
-5280
6685
-801
-4035
9892
-7346
960
-6821
5611
6601
2142
-6404
3418
360
-4383
1571
-3571
4011
3498
9227
2041
-1338
775
5242
-1756
-590
9282
-9854
7381
905
-841
7665
4498
4545
-2320
-2618
-9620
91
6890
-2534
7044
-4648
-8957
626
945
-5119
5608
8393
-6130
-3911
409
9960
8737
3402
-9738
1511
-3538
3981
-5913
9589
5911
-7517
-2846
1285
-1038
-1431
6396
-5109
3787
1739
-4875
-1733
379
-3433
5661
-83
-107
2159
7530
2926
9493
-5990
-7567
7921
7925
-4646
3391
-4755
9017
-2092
-757
-5801
-7454
-804
8912
746
8067
-2108
4106
-2485
-3657
-9747
4900
2666
6271
-1378
-1106
7087
8498
-1792
-3905
-5316
-9358
3496
-1
-3917
2378
-3845
9342
5944
-5781
5351
2274
3391
-1872
-2029
3881
2311
570
1047
7540
7787
5096
-9142
9212
-8457
7823
-473
3698
4777
9321
-6419
1177
-963
1865
-498
4799
-1393
-8115
-9734
8773
-9795
2158
-7823
-2117
-134
1308
-2977
-5901
6600
-7199
4899
-7194
-4934
-3602
-751
7413
1759
3888
3995
4852
-5996
8287
529
-4415
3876
-8891
999
7033
-6878
-3934
-9656
-9160
-1310
-7245
7932
1679
-6905
-5750
-9478
1741
9655
7501
8007
-7174
-1545
-4948
-858
-3123
-1949
-2180
348
9745
-8990
-3557
-2988
-7156
1380
6726
-2746
8447
1929
-77
-3076
176
3412
-4012
-6707
1158
-7964
-1874
-3655
-4849
3921
-985
5118
-30
-9086
5107
-6160
254
1685
3623
-3630
9012
4608
5866
-3825
-8631
-5395
-3321
7027
-2942
9101
-8472
3540
-7465
3241
-4251
5013
8373
-7710
-9182
-2744
-2949
1078
1089
-2687
7464
-2053
8523
4502
3427
-1052
3313
3117
-5869
-9505
-4222
-3559
4471
9038
-2925
2685
-6379
-2135
3725
-2886
-1885
-9390
-9550
-3531
8330
-6209
-4060
8691
-6636
9865
-1860
-4608
360
1523
2127
7414
5491
7374
3262
7666
-8251
1795
2625
9509
-8127
-2923
4888
6072
6998
774
9816
-3497
-4919
2482
-6663
7058
-1548
5650
5752
-4145
-3245
-4194
9122
-1000
-8071
8978
-9272
-9046
-1769
-4044
-3406
1667
-8762
-8414
-5685
-3788
7520
-7151
4482
-8339
496
6960
5802
2991
-7169
-5607
-2491
-8996
5847
6212
7600
1093
279
5424
-800
-2820
1375
8634
-7739
-5388
555
8337
4485
3547
-4566
-4605
-6823
-2251
1408
-3144
-2306
-1454
-452
-2322
-6288
-6698
173
7417
285
3481
-5270
-1873
-4690
3499
7849
-8532
6382
7150
-3407
-5911
8782
-5349
-1874
3696
7949
216
-5465
-2290
-4650
2920
6504
8780
6892
-6554
-1647
3053
1900
-5105
-4502
9117
8657
-8257
-3646
-9188
4715
-9544
-108
-6551
-6828
-3323
-9324
6978
5662
9830
-9031
-9060
972
-6066
625
-395
-3253
-140
7735
-9370
7460
-5602
1951
-6075
-3995
-1631
-7166
-695
2285
6693
-9465
4785
7818
-2846
-198
-738
7805
2287
1716
1843
-1650
6036
762
5930
-9236
4207
-8177
-2033
9444
7955
-8937
-8062
-4116
3766
-703
7318
-7967
-6826
3305
7382
-8494
2124
7539
8538
6119
-3019
-8011
2900
6854
6384
-3670
-1813
4948
-8653
6284
9361
-9820
551
-8646
8701
-3341
-3920
2294
-588
6714
3575
-2318
-8075
438
8549
7199
8864
-8419
2575
-8005
-5894
7046
-1818
2565
6300
-1834
-5021
9904
-7986
-6198
-1857
8168
-5075
1877
-5997
-6859
8353
-6589
-4893
-6296
413
2697
-3270
-187
-3367
-5772
8618
7144
-7800
-5433
873
4497
-2397
8909
-5808
-1635
-8210
544
3528
-1307
-6567
-5631
-187
7800
-6079
1647
8800
-9056
-4431
7336
-6218
1082
1688
9800
5170
117
-6977
-8451
-9423
6874
544
7414
-6745
3180
-927
-8167
2544
-7278
7853
9152
-9455
6467
1356
353
-3962
9988
6677
-4726
-1471
4837
1986
-1838
-3299
7836
-4119
2349
-7632
-9622
-9179
-7082
3936
6270
-1200
-3913
-2379
-3887
7833
-7709
9358
-9716
-2463
-8983
-1981
-4373
9827
6674
5847
728
9
-7921
3368
-687
-4474
-7354
-1031
-1264
5758
7801
946
2807
1569
7871
2073
-4503
1410
-3517
7657
4447
8694
-7085
1444
-2869
5433
-7226
-5821
4018
10
5438
7299
-1394
-3044
4680
9811
312
1118
1397
-9590
3182
1476
8584
6677
-9752
-9509
-7090
-551
-2805
2839
-8739
1062
-4336
-8178
-2992
-9392
9265
2471
6737
8073
-8948
-3579
-5138
-8639
-8612
-2045
8469
6099
7574
-1554
6453
2087
2646
5699
2729
2421
-7894
-279
4151
1450
429
-5302
4998
8888
-1804
-7155
9816
-1113
4269
7187
5142
-2841
-8041
-6120
6922
4444
9066
-5870
3133
-6726
-4204
6339
-2287
9635
-4489
-2362
-2802
-113
-4242
-4071
-1845
-884
9062
6734
5903
-5460
-884
6835
-6008
-28
79
7569
8082
4521
7436
-7729
1742
596
-6920
9087
4513
7535
3493
-8197
-5551
-8451
-4733
-3564
3137
545
-8638
5197
-2664
1383
-7243
-5878
617
1462
-2732
4315
-7746
-8545
-2992
2982
-1856
-5813
-1510
-4554
-3369
5666
-7152
-1830
-9573
3516
-6347
7217
5561
7653
-2390
-7290
-150
5396
-3798
3670
-9934
4096
6713
7654
-5527
-9343
1330
1520
7625
5442
-7534
2435
4767
3778
5354
-4018
-8528
-5917
2289
-7681
-499
-6616
8601
3361
-3788
-4496
5479
7122
-4448
2062
4506
-9776
8224
-7979
5854
-4034
-9718
6611
-3240
2908
3413
-9802
-2933
-5526
4138
-9398
-8891
4435
5134
1353
8741
-1724
-2063
4529
-8090
4773
-2622
-7474
-7793
-2980
9618
5405
5944
644
4542
8556
4640
7550
3962
8241
1006
-1512
2417
1194
9030
-4628
2416
7823
-6807
6946
2942
-672
-2238
-3467
-1962
-3613
820
410
-9133
852
1419
-8165
-6853
-4888
1167
2998
8046
-7281
9762
4020
-4274
3317
9336
7178
-4265
-2164
-8220
-9736
-7121
-4848
4949
4081
-9388
5827
-3827
-2780
-5527
8818
-7033
642
-9291
91
-4131
350
-8404
-7773
-6944
2320
-8608
-7196
-3877
-8132
-7806
-6429
-1725
3368
7545
-1571
-3953
6452
-5035
-548
2736
-2571
-4931
7523
-9676
1884
9414
2076
7830
-2247
9952
1018
-2400
830
5546
3770
-6414
-507
-7582
6415
-5306
6930
-2305
5595
-8698
1745
-5856
-7765
-1967
-9474
5719
3963
9861
-974
6286
4550
-1945
4435
-6240
3477
-1283
-6178
3018
-7960
9271
92
-6807
7706
-4363
144
-2843
-2351
2402
2972
1135
5371
-4107
-7940
-652
849
-7773
-3495
-9744
-766
6589
3246
9120
-850
4655
539
-7466
2793
-4620
-3965
7808
-4158
-1317
6019
8586
-623
-3271
-3829
9013
1857
5648
2138
-3049
6996
7643
8863
6036
6150
850
-7196
3660
-5552
-895
-4969
9643
-8557
6390
-7159
-480
-1115
2310
-8142
186
9555
378
951
-7152
9642
5068
6427
-8745
-2733
8703
-7293
1832
3432
-3581
-8282
-8081
-6006
2159
-723
-3303
5276
-4989
9917
5200
8523
-3991
9298
-1972
7306
991
-4081
-6998
-8195
-3212
-4272
-516
6920
-5045
8056
6361
-1222
-4899
-3187
-6855
4731
9204
-2060
9709
-2614
-6535
-9484
-2389
-9199
-8449
8552
58
-6763
3123
-6156
-3947
-6899
3920
-8207
3479
281
-5947
-8711
-9098
-4064
1874
-5274
-3504
-2903
2458
4979
-2728
-7183
-4580
-5314
9018
-8824
-2386
-110
-3559
460
-5040
-665
-7046
-5850
2185
7686
-819
-3080
-8985
-9026
-7180
-8489
-4793
-7109
3030
-3533
5860
4347
-6997
-5825
1429
-9189
-5780
7595
-9279
-7266
-2839
6268
8004
-2262
1673
501
8188
-6468
-3727
-9807
1455
-6017
6538
-2287
24
-7506
7234
-4769
-2132
-7131
4729
3603
5679
-9897
-6318
325
-1181
-7265
-4439
7932
-9193
-9800
7926
-255
2092
6749
4578
-1979
5151
-1020
-9105
9665
-3971
-1673
-510
-6225
1869
9729
-3638
-3203
-9809
-5645
27
-1109
-5692
3882
6967
3985
6307
897
-7019
5447
9897
6697
-4873
3017
7023
1730
8291
-5348
8193
-3569
3107
-2582
-7637
6752
6167
5369
-8251
-6623
6276
-5944
6044
-4379
-7613
3351
1616
2108
7859
8273
7417
-4262
8908
-4375
9757
-9041
-39
1931
-3764
-7267
-9140
-2957
-8032
-3536
-7758
6604
2937
-7605
-5284
9554
-4026
7127
-802
-3287
3909
7355
-1286
-8019
7566
1524
-5578
-3452
6342
5140
-3611
-7053
6287
3287
4133
6355
-5336
2786
-9032
-2799
-3798
7832
120
-4048
3036
-4554
-6924
4601
-860
9114
-9826
-1351
-6605
7882
6468
-6945
9356
4200
-5330
-7551
5806
7416
811
8759
-5010
250
2484
-7380
5266
7378
7405
-6252
-2521
3508
-5677
-7250
4798
5297
3089
3221
9904
-8551
-9795
9476
-1773
2454
-4309
4211
9966
1108
1214
8148
-7322
-8876
1233
6407
5748
9709
940
555
-9019
-3962
-6319
-8379
4131
1299
-4798
-4189
-6580
-4311
-4659
-6611
2504
7575
-998
3337
9072
6731
2687
6340
-5296
-9724
-5697
-7279
-6726
-6803
-957
-1075
-7301
-6126
2312
-7592
2098
2882
7892
-6512
4323
-1335
8919
-5488
5080
5971
9258
4779
8834
-6134
580
-9043
1254
-8853
6150
8492
-8964
-4304
4727
1486
6886
-8978
-5673
-2748
-4045
-3965
7181
-9843
2226
7460
-7492
9935
-207
-7377
-240
3992
-8546
-4549
3664
-939
6349
7599
-2211
7118
3880
4406
-7393
9305
2234
-700
-5030
-3585
-3782
8176
7868
2187
5154
344
-4443
6296
1121
2579
6143
-635
6093
-697
-2899
-4847
-4042
6935
-1741
7326
-1365
-659
8984
-5571
-2092
1083
2222
6499
1534
9287
3980
1217
-7444
3782
-617
-5286
4056
-3010
3431
-6956
-677
-3847
-7441
-84
1668
9593
9525
9627
5381
-9291
9189
4264
6287
-3371
8591
7021
-7001
-2180
-780
6146
1447
-3727
-6642
4763
-5593
4098
-5013
-402
2773
-105
7462
42
-6648
-1185
-1264
5854
-6601
-6022
6132
-9087
-1524
4267
9189
-6186
3687
2488
-8553
-9661
-1238
-9511
-3365
991
4585
-6194
7761
7467
-7858
2400
-393
6653
5307
-6733
8615
-1309
7059
-8656
-2660
5285
4409
7474
5926
-1057
5183
-2707
-9326
-5955
-6409
-7680
-4255
5172
-4584
-9266
-7203
2948
3739
5230
8172
1321
-1961
-9193
-6724
8411
-3670
-1971
-9813
3356
-171
4570
-12
-3994
7924
-2258
-661
9684
-8102
-9340
9201
-8155
-5690
1867
7744
-6051
6715
-5060
3610
-6750
3286
5908
-1184
-3421
-6233
-72
-2550
-3771
9403
-1286
3474
-2567
7822
-4386
1408
2555
-1805
-3928
9079
-2396
9966
-2016
-7306
-3572
5016
5957
-1977
-9672
-2549
7467
-7348
-787
-1474
-1800
2324
2064
9236
-1797
8893
-3878
-3148
-2743
4807
-7756
6479
-198
-7342
5699
-6004
-5103
1963
-706
756
-4321
-3187
-5721
-6743
1608
-5526
1888
2815
-8698
-7761
5452
9192
-2156
-7760
1113
2070
-4667
364
8410
-7933
6922
-3355
5950
-4816
8644
-4335
-685
4429
4960
5685
-4674
2659
3563
6430
-6593
3670
8195
2647
-8269
-3874
-7314
-3297
637
-1373
2151
-1167
-6563
-4091
-7005
-9281
3807
-5470
-9799
1
-9335
-2691
-3243
-338
-1108
-4680
3572
4608
-4426
9502
-5382
-3513
-7060
6095
-9109
3705
-8177
7487
9735
-1412
4949
-1610
6767
2324
-3208
4760
3524
-2242
-1864
8153
-8809
7815
4731
442
9972
-7149
2123
6020
9285
346
-3866
1225
-6560
-1235
7529
6311
2964
1326
5461
4578
71
7689
-6632
7802
5430
8133
2702
-1229
-8337
-3940
-3991
-8095
437
1619
474
-6544
-7154
-5176
-9266
4382
-5686
2634
-4212
6166
6144
1153
5078
3718
8589
2608
9629
-2014
-3407
6304
-7008
350
-2902
-978
-1608
-4378
7165
-580
9083
3208
4656
6356
-1385
-8838
-7617
1757
5138
-4619
-8762
5602
8210
-7341
-6786
6173
9357
-1659
4540
-272
-2804
9948
-5698
-178
-9569
-8742
2381
1096
5333
-2242
-6165
-6510
9790
3204
-9656
6942
-8631
9165
4199
-5003
-4476
1264
-8389
3295
6139
-6468
-2943
-7999
-4797
-3461
-1854
2900
-3247
-8815
-9517
1367
-9981
-667
9512
3374
3574
6742
8855
-7702
5392
-1298
-2945
585
-3226
-2127
4109
8877
6711
2742
8505
-5198
5000
-5852
-9171
292
6260
-2522
2617
3728
-4644
1624
-3042
-1442
-219
-6064
856
-7069
-6148
7448
710
-4109
3354
-5253
5479
-129
6907
-8610
-7711
-3987
2243
8473
6483
-7693
-3822
-1089
299
-2990
2673
1444
-74
-7891
1968
-3970
-5929
-5127
-1374
-3534
-2517
-5860
-2761
-8525
-2618
3505
3788
9747
-9654
-371
1005
7499
8877
7805
1761
-4531
9825
6028
-8211
2711
5637
4793
463
9257
189
-9141
6476
2252
-5816
-3557
9249
-3005
1064
-5472
9547
8787
6900
3125
-4465
1415
4129
5992
-2525
-7343
3563
5497
2223
-182
-1259
7964
1495
1944
-2934
-7447
6291
271
-252
-5551
-9541
-9474
6293
5314
-5673
-724
-1950
8198
-4854
9046
-8247
-5381
-3046
4871
302
-7394
9612
7406
-2267
-8802
-3030
8127
-5033
9594
3950
-6676
5076
-6818
9768
5086
-9868
2694
-3762
2524
7598
-6179
-8309
-4458
7818
-5652
-296
-1319
-7907
7573
-6782
9717
7167
-7217
3147
1938
2089
-3125
2628
9627
-3474
8592
-7919
50
-8080
-3588
-6601
9125
-5438
-2334
-2064
-3818
9130
-5040
1983
436
-8165
4416
1394
224
-586
4650
-1625
-6447
4136
4473
-7479
636
7111
-2411
-6406
-7165
6884
-3866
7446
6307
6983
499
-9787
-6986
-3196
-5774
-1875
1307
8909
-976
-7823
7667
6717
-3361
-159
-6138
2687
3491
-7851
-2715
755
1677
-7726
-578
-6891
-6494
-8395
7277
2070
3785
9188
-9711
-6879
2534
3229
859
-5471
-4276
982
-7050
6694
-770
-7633
-5000
8950
7025
9265
502
668
-9794
9364
2278
-6901
-7945
6751
8730
-4329
4526
-9249
145
-2600
-2244
-4503
5004
3148
-7144
-4311
-9386
2361
-9005
8995
-4916
1487
-8611
-2757
7799
-7230
9492
-2871
-382
-9500
-6104
-5270
2978
9021
4438
1414
5874
-7335
5182
2620
967
8458
-6375
-902
-6691
-4608
3397
4607
-1665
-2946
-3818
-2057
4900
-6273
4430
7818
4136
7944
-9931
-4782
3893
-2887
3385
7745
4596
-7467
-2915
7592
-4323
3927
8886
3062
4319
-1751
9870
6765
8307
2781
-7718
5598
-3960
-3448
1911
4779
8789
-9754
9936
-7439
1637
2688
-5584
-5335
9621
-2891
9255
4454
5351
-7375
3923
-5937
4998
7441
6701
-5917
-9741
4674
-1561
-3283
525
6781
1824
-4911
-3639
-5042
4106
912
-8810
8255
-4077
9760
-4931
7577
3044
254
3590
-5540
-7358
-2963
-9950
-4068
8177
6428
3801
5806
7391
6225
6780
2554
-1546
-9644
-4329
5960
737
6703
-6801
3433
-9266
7965
8506
-7326
-1814
4269
8477
-9657
-9133
-4614
-7991
8541
5664
2025
-8175
4395
2549
34
2078
5276
8223
8762
2085
-5819
9075
3611
-3854
-9499
-6122
8504
-5913
6510
-7295
-2214
-8556
-4695
-514
-9594
1494
-211
7078
-3307
3877
8268
-2730
7410
518
-1935
-7661
9057
-9800
878
2576
-345
4701
6602
-9882
423
280
9307
-3095
-4686
6872
-9329
-8945
-7391
8039
9701
2994
-9128
6043
-7298
9192
-6668
5034
-5388
417
-3906
278
-8015
1610
-1495
-1467
-9797
-7818
-8152
907
9986
5979
3040
-8804
3410
-7769
-6195
-1120
-7147
5542
-282
-2803
9245
-3606
9911
-5983
7237
-9397
-4183
813
-9726
2437
-7766
3652
-5156
1561
282
6199
2783
-6593
-2887
-1403
-2731
-8573
-3349
2907
5208
6113
301
-1911
1332
5707
4903
-8836
9707
7251
3704
-4523
6805
7135
467
-8399
-1233
-5066
-8361
-8512
-1401
2430
-5028
-4380
-1403
-2235
-4028
-9471
-2801
7598
-3657
7916
-2939
-8596
9917
-3135
-4775
4813
-9760
-5869
3469
7260
-4857
-7772
1943
-7924
7189
-206
7046
-1757
9861
3062
3315
5728
-1116
-2683
-9666
-6236
926
-2594
3868
-9584
-867
-2900
7025
-5890
1696
-3428
-7177
5584
6498
7638
1723
6142
4359
-5438
-5156
4318
2031
1918
-4831
-6420
-6144
1606
1794
8057
7149
-5192
7159
1587
6633
3924
3034
852
-4587
301
-7164
-7214
-1058
521
3387
5992
-712
-5214
-700
-8191
-1260
7026
-6902
-1669
-9109
-5350
4679
5849
6376
4627
-5332
7042
-7936
7633
4192
9850
615
-1766
8977
976
7779
5291
-5081
-5654
7531
7273
3035
-5031
-4638
505
7617
-5857
-1611
3760
9624
-4082
6566
8927
-9302
642
-7135
-7450
8580
-618
-8713
8167
-3934
5944
-3269
-1155
-6291
2054
5849
-6704
2142
-1769
930
2296
-4899
-9224
-7449
-8251
8686
5162
4039
-3328
1468
-2826
1141
1641
-5682
-7947
1112
9689
8630
9521
-5928
9560
-2915
4446
688
-4449
8856
-3285
7903
9272
-782
-196
9940
9249
-2009
1909
8017
4293
2715
-6603
-51
-2969
-8065
6636
-8919
4795
9181
7456
1359
-6100
-4334
4961
3662
-5545
8655
-682
-8963
6137
-7917
-8839
-9622
6473
-8469
-5426
-7758
5701
9596
-7279
9047
7598
7353
-8082
3282
8793
-8694
-2576
-695
8526
9164
-5551
-4585
-1032
-3689
-7850
-8416
792
6069
379
3767
2874
-2045
4177
-23
4597
3300
1434
697
-6312
-347
-1072
-1777
-5789
6549
-2711
3804
7557
6183
-348
1633
827
1752
3126
-1838
-1076
-848
5175
-3773
-5877
-9271
-4733
1310
-8620
2328
-9911
-5503
-94
-6582
-7800
-8177
8278
-6763
9268
5506
7496
6373
6055
-7584
-7209
-9584
8602
3219
-1452
-6216
-6311
872
3265
7306
5254
3303
74
-4398
472
-5411
-8157
3482
-6739
-4757
4825
1258
-881
-8127
-5962
9842
-1326
-2879
-3050
7119
-9684
-4972
6128
-3824
1610
7765
-5148
-9447
-8411
91
-4885
4134
-7163
-7158
-9680
2488
-9776
-4524
-9641
-736
-4880
-7216
3539
-2237
7415
-5577
-1018
-6283
9920
1718
4463
4422
9277
-5940
-9303
9189
1429
1424
8020
-3345
-1655
-4735
5277
1880
-4548
7994
-2087
1772
8787
8223
178
-6024
-6791
-6306
4498
-9493
-470
1448
-3067
4813
-3900
-8049
-8412
-7622
-432
9897
7214
-2854
-4715
3264
-70
-4020
-3098
-4862
-505
9508
-3191
-6373
-8431
-4896
5041
-223
526
2636
3019
-5459
-3196
6984
1823
-8697
2494
-644
7252
3517
-6218
8133
1945
4716
8547
-9285
2917
6754
-8841
8105
7381
-3088
7674
9121
-4569
-1374
-5025
-6960
3428
-3649
-7060
-4908
-7265
6328
-1354
-2132
-1892
620
6068
-5299
5221
1028
4070
3750
4091
-1274
-2245
-5619
-2795
4731
-2616
6937
-1654
-6693
6269
7101
65
572
-4669
-9185
6490
7214
9127
-2371
-7441
-8467
-6755
-6900
7501
5036
3941
-6871
-9465
-5861
5662
9025
-1568
4486
-8919
8511
-5068
-6419
-8901
4583
-1725
-2457
-6608
-3198
-771
-4625
-6083
2048
4168
-4831
5051
-9820
-8828
5464
-8230
-9680
9309
-5288
-8862
5413
1869
9457
2940
-349
-8088
-4825
-5630
1181
-1860
1143
2963
-3616
-2653
6687
9764
-7460
-9770
9751
6072
-168
638
-2409
5653
8296
-2178
-7031
-6367
2296
-2786
-6122
-7264
1005
-9
9847
1201
-3196
5724
-5631
4129
1587
7823
-5933
-9433
-6528
-3969
5908
7637
4293
5124
-6803
-5017
-1587
9646
-2688
8385
-8517
-7323
-9218
3671
3003
-5046
-7776
-2750
8775
-6413
-7869
1000
1086
-7112
733
-1252
-8814
511
-4558
9679
-9125
3285
-1234
9391
86
1033
-2647
3548
-7018
-335
-4523
7569
211
468
9093
-5504
-1784
8453
407
-8915
-1960
-854
6836
-7910
-9134
5264
346
-8550
7742
2617
7839
1804
3785
-6418
-3079
4664
2961
75
-823
8426
5994
-6103
-7120
-4925
-8694
-3219
-8426
-1106
8835
6167
3377
9008
-3419
-6727
-7192
1828
-3294
-9367
-5237
3367
-7522
-4718
-4849
4126
-2722
-7013
-2118
-4802
416
-5995
3385
4828
4756
7039
-6561
-3900
4478
3641
-139
-9676
99
2051
-3515
2594
-9334
-3809
7148
-1635
-2428
9471
-769
9416
-5643
6690
-6056
6238
7157
-1295
-3654
-145
920
-7708
1577
-7880
7386
6291
9086
334
8071
-2582
1223
9545
-5243
-1615
-6207
4561
6963
-5012
-3868
7966
8025
1926
7469
-9591
-837
-6489
-4461
-1601
8215
-9578
1127
2436
-4579
-9904
3420
-6883
-699
-3717
862
-6613
-8898
2792
9590
8748
1817
2904
9470
9205
3582
-8092
-7734
1700
-2560
-4098
4334
1699
5946
-5974
9248
-6576
1081
3088
-9757
-3886
2914
5386
998
2891
4825
-2951
5504
-4989
3137
-6111
4118
4290
4355
-291
8186
6179
4495
9303
8229
4391
-5550
2296
-5198
3232
-357
-2400
247
1157
1079
7433
2228
-4369
8180
-9439
-9261
-1446
-4171
-8034
-2452
-8371
693
-8572
-5899
-8059
3187
1388
-3634
-7119
5964
4148
770
1678
-2084
2210
-1399
-193
8118
3242
1614
-3232
8442
-3177
-9675
6441
6618
-5049
-6511
-1819
4606
-2152
-9663
5085
8266
-7511
4370
1768
5307
5522
9729
-9662
-7396
-6633
-7427
6119
-5822
-1215
-4447
9565
6556
-3379
7785
9894
-2997
-8481
567
4623
-9015
-6309
-4124
4341
-730
-5771
-4228
-4078
2570
-1714
-6956
-8945
9064
636
-9718
-4621
174
-6788
7294
-9756
-9834
-1433
6621
7703
-3309
-3507
-1750
-8120
-9343
-295
-3314
6004
-3424
2950
-834
-9349
3360
8061
-7928
-5436
-4276
-3876
-8544
5533
6050
-7073
3915
5832
-8602
912
239
2974
-7221
4807
7686
-8366
4751
7387
-3491
8898
9544
-5517
-1617
66
-3772
3071
-2625
-882
2208
9192
-7200
-8481
3120
1431
6970
-5841
-2710
-6596
-9357
9691
-1175
-4334
-1441
3391
1421
7650
1415
-8363
-3040
-1639
-7656
-4452
-5959
9481
6589
9594
6670
1484
-5315
412
4629
-8634
7691
9622
1589
254
-970
9881
3676
-1054
9070
6832
540
-4274
-3520
-6009
-4618
7127
-2506
-3958
739
6269
704
43
2252
-9669
-6975
-9347
-2736
-3082
8815
9615
-9730
6466
-1331
-6129
5020
9282
-9200
1411
3521
-2097
-1897
-9548
-9416
-7593
-2752
-1476
3040
7426
498
3228
125
-3073
-8282
-1704
7564
-6350
2135
-8621
-426
-8346
5361
925
-7976
-6297
-8154
8345
-7340
3772
-5151
-4236
-1551
7779
2545
5640
-9844
9295
-3684
-6448
-7722
1090
-4958
1195
6484
4970
-9185
2559
-7332
-6529
-6483
-7894
5685
-3604
3846
-6904
2195
582
4628
-3585
-3106
-453
-1569
8610
4177
-5031
-2094
7179
9147
-7050
3227
7589
-7581
-5557
-5270
2320
-4606
-3277
7039
3952
-3933
6580
-9850
2031
9337
8171
-998
-5680
-8980
-6190
-7966
5712
9983
4390
5748
789
6589
9128
3201
8361
7852
-2091
8031
-1134
-5845
1729
-9184
-6301
-2345
8332
-6091
-7606
-7515
8512
8052
927
-1356
2430
104
-627
9301
-6839
8213
-1825
1614
-5756
-6458
469
-1676
1435
2216
-4664
-7375
9828
3129
-8566
-6738
-689
-1461
-3593
2118
-3822
-3237
8280
-7145
-153
-4796
-5272
9650
1389
6248
-8718
3888
6637
-7964
-4884
4950
-1572
-1355
-9042
8788
8013
-23
2220
5540
-1715
-8779
3043
-7774
-2099
7837
3930
6798
-9347
2037
6038
1303
8101
8499
7885
5606
1995
6242
8725
9647
-8753
6123
-9335
2083
-7543
-6607
-596
-3674
-2676
9337
6705
9504
-6906
5272
-252
-8474
-9245
4818
-9243
2166
1881
3322
-7568
8024
6656
3079
8051
599
-1027
-567
-652
-4805
3428
9722
853
6760
-4076
-6885
-8457
4889
7958
179
874
1015
-817
8152
9604
-7046
-1550
-9758
1996
-2827
-5237
3141
9293
6565
5175
2882
1952
2202
-1345
2876
4792
-8139
9468
8784
-4892
9703
8934
-9600
2538
2857
-5034
2108
5540
1037
-2813
6891
5858
-8405
-2056
1181
7222
-6635
-6268
-100
-2630
4480
-6078
-3283
4676
-1463
-2553
-6624
-3661
-9441
-3997
6993
-2971
-1687
-9819
-742
-3735
-4586
2789
-7023
-6598
9212
-2760
-5678
354
8765
-5057
7452
-6331
9234
6842
5311
-9900
-3858
2727
-7423
-4368
6793
-9033
6153
-6789
-6300
-7528
5321
-8447
5825
-8772
-9880
8432
-6815
300
8353
5741
-9149
1633
5982
5027
-3551
6093
-5440
4486
-8000
-7943
3708
2983
4726
-6582
-4793
-9742
89
-5855
-9169
5161
7455
5864
7085
8762
-3923
4173
-395
4334
-9311
705
-798
-7916
-8217
60
1449
-3083
-5539
8895
5572
7412
-6142
-6528
-5343
-7484
-3994
5186
8610
9767
7004
-4701
-4175
759
5321
-9704
182
-17
7480
4276
3999
7653
3377
9750
-1140
-1063
-829
-4533
-8158
-253
-7686
4627
1721
-1705
5623
-9462
-7819
-7767
-3446
-2815
-1917
-758
6288
1599
3167
-6112
-5775
2467
8294
-7957
-1479
4737
6043
-9580
1608
-7092
5240
4459
6762
-482
-5294
7510
7708
-8663
5425
920
56
1549
8302
-4939
5133
-717
1679
-3397
-6401
5665
-4318
-6675
-5573
-1380
-9179
8044
-5542
5436
-9893
-6154
-2042
-5733
-88
6172
6505
6223
-8400
-9147
-3542
-6517
-2896
-6393
5874
224
6866
6195
9614
-9613
4146
-5307
5357
8246
2028
-7693
7553
1368
-475
-7225
6845
5248
6375
6230
4015
-9999
-4376
-3018
6667
-538
-592
8004
-8902
-7852
147
1726
-8306
496
7293
2743
-9347
-5151
-1607
-2765
-7977
-5816
8882
8237
-6485
-3391
5541
-287
-3298
-2280
1512
-9387
-6487
-4479
-8138
3137
567
8371
-113
-8473
6061
-6574
-978
-2535
-7655
6023
-9451
-313
6933
5592
-300
2164
254
3809
4285
4216
-7530
8262
-423
-2420
-1158
-4689
-4171
6858
-4002
9149
4057
-4484
510
-6314
-5137
5991
810
-660
6301
-1545
-7281
-2040
-3773
-5055
6881
-7163
8471
224
-152
8805
-1081
-5092
4515
-2680
-5043
7653
-791
-8474
9851
8637
2666
-6941
2110
177
-9488
568
-3043
9003
7589
-1083
-990
-6106
7441
218
-8057
-4804
4040
-3484
-3333
3156
229
-528
-561
-9247
-2554
-7405
9065
856
7326
-46
3422
-3362
1974
6032
5615
-6768
-3816
-3329
-8937
-7981
-1716
4092
1648
-5457
1096
-5304
-7254
7278
-4147
-9384
1436
-4401
-4535
1051
2640
1273
3660
-8829
-6495
-9402
-3803
-529
-6989
4750
-7059
9108
-8862
2175
3932
2669
-8558
-1513
2015
-3286
5084
-8953
-8513
-5749
-9530
3422
1355
3796
2025
-4995
4155
-2045
-5980
184
-6233
-7991
-574
1565
5235
-5865
-5350
1425
-4838
3565
-4885
5693
7557
6854
1813
234
-3246
3555
-650
-8777
4575
1617
-623
4388
8904
4083
523
859
603
6883
1542
-2814
-6304
5225
5875
-2638
8607
-655
2448
3287
5739
-6072
3273
-2023
5111
-5112
8260
5575
-5851
-9274
-3887
8281
-2123
-2313
2177
3027
-9917
7714
-5499
4650
-2216
6284
-633
-546
5596
4799
-5962
3293
-7739
1996
6873
-3478
-2557
-2779
-5925
4030
-6325
2566
5163
6769
7401
-9060
4797
-2620
3151
4259
-6818
8891
-2301
-3705
6387
-579
4640
-2673
7246
-7171
-1096
-5811
9583
7305
1167
-965
4452
531
-1891
-8349
743
-7076
-575
424
-1782
1305
9199
6842
-7527
-9796
5161
-6332
-7490
-1574
5170
-5632
6374
-7569
7978
8311
6097
-5437
171
-4538
2141
1407
722
-3725
-2861
7744
-4617
-5194
-2134
6562
-3334
-8053
5374
-6874
-734
-1430
8094
5747
-734
7338
-7813
-1029
-6173
-5430
-7676
-8603
-1404
1015
2320
-3434
-1342
7690
-4138
-6903
-7233
-8530
-8039
-8186
-1233
-4622
-1424
-8444
2117
-7920
7524
-31
-4567
4496
3901
-3596
5467
-32
-3226
9826
-2587
4273
-4032
5700
5204
7092
6206
8585
4553
-2764
4030
8263
512
6887
9145
-7398
9130
-1610
3789
-966
9194
-2511
-5261
3442
-3785
5561
3234
-6416
2435
305
28
1449
927
-5837
9843
3440
6684
-9386
-2907
-3269
-2944
-8642
-2797
-6087
-1398
4456
-4369
-1253
-7226
-6309
-2901
-1912
-9150
6785
-7928
-9000
-6266
5191
8516
6897
8994
8859
-10
-4477
3542
9206
8333
-7933
-6642
5442
3997
-3006
189
8365
-4601
4618
-3196
-5347
6103
-1201
-8497
6363
-8567
-1248
7635
4386
2711
-9418
7470
9431
-4547
8298
2490
-9702
6963
-7137
-3707
9281
5363
-6204
8917
-3837
5967
3376
-6496
5206
6859
807
-2729
8377
4253
1971
-8321
-9826
-2080
-4015
7713
-1070
-6435
-8592
-5977
9372
-2888
-6465
-5805
-5942
8431
-6015
4355
-6414
-793
-5189
5775
-5338
-4176
-6108
3694
4837
-6082
9389
1458
3640
-7431
-3373
2289
-7586
-1841
7424
4471
2470
7838
-7685
928
5387
-5662
5194
3621
-6651
8058
-7271
956
-3524
-3221
8661
-9114
-2540
-2734
-9708
3644
-3380
4998
4054
-7545
-9964
-6499
-881
-7693
-1174
-5472
3625
-9576
917
1897
-4600
5403
-5603
4682
-9268
-8656
-9150
-6398
-4890
407
8626
-7034
-819
-9417
3895
-9438
-1236
4685
2403
2992
-2470
-2299
802
-2195
9205
2136
5533
-6589
-8564
-919
7801
1577
-2363
9871
-4562
6496
8147
1261
1439
6249
1241
5533
-7472
2975
5456
1658
7322
285
-2162
-4210
7972
1498
-10000
-4186
4331
-7067
3259
-4621
-8829
-5903
-2383
1441
9159
455
-9646
-510
-1646
-9495
4683
-4901
-4792
1462
5628
5399
1161
8260
2909
-3031
-1330
-5323
-9842
-6569
925
-478
4507
7768
8084
6978
1838
-5874
-6239
-2276
-5999
-1843
3588
5813
2592
-8733
4353
-5980
5458
-2281
-7141
9011
-6780
-3309
-9985
1780
6537
7824
6640
4201
2121
-4050
9954
5638
-9762
4110
-4034
1883
-905
3846
-7651
7929
9188
-1418
-9818
-1194
26
6662
-9236
6385
8457
9527
-4351
-3486
-1838
-4533
4820
-8894
5214
-8878
8252
5971
683
-2975
-5018
-4457
-9587
1940
5364
-1304
-3648
-5315
6524
5319
1328
-6080
2060
-9109
-2667
6752
4868
-5309
-2902
967
-810
-3742
1596
-9973
1862
-1820
4359
-6965
2748
-2241
-9374
-965
6676
47
5371
-4363
8494
8068
-4353
-3562
8567
-4245
3967
7904
-8267
-5799
-4191
7475
-6466
5622
-8327
3573
6095
-9456
-2633
-4105
5980
2293
-5473
-4868
-7783
1427
-1614
6099
1353
-8363
-1231
3105
9137
-7913
6639
-4751
7164
-6228
-8285
-5959
2419
-1658
1914
-1137
-6626
283
5387
-6770
4359
5274
6325
-5037
8799
-5964
-6591
-2484
4004
6946
-2009
7920
-5823
3628
-8605
-6736
2755
4023
9972
8979
-1071
-2164
-8134
-1990
7187
3461
-5125
9150
-2894
2243
-7950
3848
-8588
474
-3414
-9303
-795
8084
2137
1122
2194
-1346
-6732
-7018
1721
-4285
1691
-6410
5102
-3748
102
-3483
-7818
4503
-9929
-881
2236
4935
5090
-5140
-9528
-1033
7427
-4827
5470
-3363
-6313
-6087
9168
-3716
8827
-8892
-2159
-8592
-3004
-2845
-2455
8984
-3022
-3458
-1576
9840
3955
-503
-9442
843
-12
-1512
5036
-3653
-4999
-3398
134
-7216
-6800
-8181
-533
-3340
8979
-1114
-3759
236
1769
-7029
-4999
-4721
7541
8328
4964
-7552
-2405
4887
-4786
5408
9403
7270
2952
-8640
-5157
5716
-3257
-5588
8268
-3059
394
-3315
-1934
3225
2619
-9356
-299
-9280
-4031
-5812
7210
7341
2412
4906
-8711
-2126
-7261
-1045
-4656
-2517
847
3882
-8083
-5782
-5571
-1565
1050
7093
-1775
6394
1014
5970
4068
4495
-4940
-6393
3279
2348
-8414
-3514
-611
2517
-7286
900
-5592
-5866
9827
9060
-2236
-8149
4101
-6752
-3541
3323
6166
1068
-9436
9306
-9464
-1703
-570
5566
-9199
6654
-2386
-5878
8802
-8790
2812
5549
-8742
9874
-5869
-1073
-8855
-7703
-9383
4093
-9514
3007
-8365
-1199
-888
-3298
-1764
-558
6894
-3662
-4531
4926
-3355
-7113
-4368
-6700
7618
5500
-1502
-526
7435
-6489
7715
3086
-1620
8542
5369
-8501
-7572
-1676
-1266
9351
837
-7448
3611
9763
-2449
-1813
5958
201
61
1751
9103
-9313
1601
-2754
6993
-4839
5118
3853
-3203
-3572
2038
533
-5052
-8970
4340
-8340
-9086
8558
7905
-4526
-3597
-3468
2101
6214
9295
4288
-1989
-6405
-7201
-933
-659
-506
7335
-2983
-3173
3007
-9722
2903
921
4276
-6646
-4732
-919
715
1703
4369
-1210
9106
2408
-3544
6246
6007
800
1963
-6456
-3687
-5648
2107
-7944
7451
4033
-9960
-111
4521
1788
-6869
-4041
5108
-79
-2172
-2066
663
-4520
6010
-8519
5839
5193
-8404
-6893
8237
1193
-1103
-2544
7989
-9086
-6381
-7121
-7796
5427
2944
4269
5475
6140
4361
8924
-1721
-8803
-4107
-5829
-6170
2989
7950
-9943
-7044
636
-5929
3552
5538
-8260
7759
1734
-7787
-3364
6970
-7313
-2745
2388
9524
-195
-2557
-9557
4937
-7710
9821
2414
1250
5323
5266
-6394
-6987
5662
1415
-4425
6264
7007
-1763
8009
5885
-1229
505
1883
6702
860
4318
-1048
5535
6489
1883
-7413
3119
6124
1716
9065
-5859
5909
1203
-4722
9391
-6603
6163
-220
-5154
-1964
-4710
-3849
815
-9769
5456
-838
933
3206
9029
-731
6787
-4276
9022
7350
870
-2900
-695
3643
9914
8872
3502
-9711
-169
173
-4861
527
-8255
6399
-3638
5979
8136
9925
-6494
-9049
-3029
-7270
-6063
-4105
-1928
4850
8023
-621
-4026
-1932
4996
6870
6417
1259
-7621
-8894
6044
-361
-9535
8262
-224
-1887
-2573
6187
-3375
4818
7031
9806
-4448
3423
1218
-8109
-7137
-5722
-5944
-3358
-4842
6507
-7190
1921
2654
-2241
-9409
-2954
4036
7214
-9794
4493
1485
6629
-5736
-9187
9571
-9551
-7782
2649
-783
-2312
-6474
3970
952
-961
4926
-7487
-2068
1438
835
415
2548
-1290
9552
1443
347
-9687
-8439
129
7287
-4305
-6207
-1481
9994
-9263
-9953
3040
5528
-7181
-1111
5612
-4745
1883
-1083
4094
-9527
5713
-3530
2140
-4738
9877
-2791
-9323
-6525
8908
-1805
-1165
8691
5532
-9267
935
-9235
-8161
-849
2316
1273
5658
-2200
5126
-3625
9471
8327
-6918
-4483
-3307
-8109
-8096
-8667
-7548
-2250
4545
-8611
3086
3204
-5144
9644
6525
617
7188
-2376
1293
-201
5550
-2445
-9643
-7256
-4336
799
8688
1972
-5899
3791
891
4724
2510
-4411
-8373
-4740
-2694
319
-7236
-5754
-5074
1683
8556
-8426
-2573
7286
-7145
-6033
7256
1906
-9138
-6946
-3532
-5299
-5741
-2214
-6685
1215
3695
-297
-7368
-8734
7571
5425
7901
-3348
-911
-2925
2733
8509
9709
8712
6448
-2423
-5658
-3233
-1470
1302
-2307
-4747
8677
1150
4608
9393
3454
-7396
2154
-3875
7740
7502
4478
-1402
3364
7163
-1746
-7288
-7454
1861
-4956
1330
1350
-1234
2770
2040
-5342
9902
4139
-7553
-728
-2609
7412
-1117
-6784
-9533
-1691
-6106
7927
-8080
-4024
5297
-3768
-1775
-8067
5133
1750
-5462
5502
-4495
-4555
-1178
-3273
-6640
-309
7171
7943
3793
2638
1056
9694
2182
-7785
2208
4529
1411
-3442
6986
-7286
1608
-7063
8978
3810
1577
8706
-7227
8705
-7530
-4157
-4483
9534
1056
4166
-8111
5564
-2082
-5940
-2745
-7128
-3189
-7994
-8305
-7554
-8804
-8728
245
8667
1028
5450
-5031
4735
1758
-1488
2087
-3038
8182
-8510
-4877
3072
-4874
-5489
8519
-704
5717
-3680
8224
-7732
-1361
-8577
4651
488
7173
-1573
-9966
5060
9627
1842
8042
-9761
-4402
2685
1417
-9405
8083
-7229
-7193
-4931
-8271
-1709
-8566
-9200
1382
1939
-1047
-3920
-6943
-7115
-9443
4367
-6886
-6227
5958
4367
-3943
6407
-7296
6007
-1168
-2911
-1288
-3199
1710
5267
-8572
-2214
1747
3416
-2928
3628
-8859
1787
9363
6642
-865
1147
830
6781
3933
-140
-8289
2402
8096
-1658
-186
-3982
4837
7485
5778
8668
-8851
7920
-8082
2796
7706
-4414
-4215
8159
9717
-4762
1393
-2363
-5012
-2627
-4740
-6067
8281
-9092
662
447
9149
-8921
-539
-835
4700
4810
7923
4474
1047
-4737
-2803
7498
6368
7051
7907
-8141
-5831
-2889
3559
-5124
4622
8573
7152
7489
-6511
8725
7082
7011
-4631
8610
-2223
231
-5743
-1016
-4130
3970
2273
-3090
-1951
7436
-2231
4705
-2974
-6114
3418
-9819
1114
-9932
9079
1871
-3208
7517
2766
-2391
-8792
4856
-9747
-2826
-876
-1019
1411
7000
-4980
-2449
-2952
-8956
3311
7295
-7635
8473
-7398
5921
5477
-6315
-4028
-7667
1956
-1062
-4341
-8782
-6369
-9021
8603
4022
7479
-9071
749
2823
-1629
8170
-7718
7173
-5789
-9231
6280
-3077
4581
5557
-3806
6503
4059
7229
-4281
-3984
-9928
7274
-9183
-5454
7351
3860
-7641
-2554
-7270
-536
4186
7578
7901
-1880
-5891
5588
4841
-6096
-1770
6066
4687
-1246
-6271
7360
-5034
7560
-8266
3668
-2252
7956
1757
8644
-3073
-3999
-4161
9036
7554
-9059
-9891
6575
529
8309
-8027
-6086
-8404
9286
-8111
8285
7640
-5294
5313
7719
1391
7948
-2496
-9159
-785
5112
-7593
3545
9036
-6077
-4762
-5048
-5718
5157
9763
6894
8100
9712
4915
-3303
1558
-5487
-7453
1340
-1440
8614
-6692
9039
6667
-3165
-2581
-2362
3446
3357
8530
-7395
-2851
6036
-681
-908
-5873
-3923
6886
4728
3378
-4290
5589
6001
9111
-4148
4295
2732
-1099
3236
-3087
-1461
888
6120
-5659
5090
5077
-8514
-7346
-4699
6697
-8281
-9532
3373
-9368
-8408
8987
-399
9851
8588
-4728
7257
-904
8983
-7756
-43
4444
3425
-7968
-1319
8374
292
8033
-5862
8111
4489
-348
921
-3943
-9213
-6709
1023
8995
-7339
-7271
4411
-9841
265
6710
-7764
4635
-6218
5112
-2206
9052
-7589
187
7463
-6577
-7812
-2491
74
-8511
-8032
-3813
-9382
-3228
-5849
9252
-8916
2076
8561
-2074
5453
3601
-298
-5123
564
4672
4015
5147
5867
5427
-939
-4175
-1343
-3007
-2617
-9507
8273
-5923
4001
3014
-4046
-8776
-5677
6104
6277
8149
-4288
-7514
-2448
9148
6097
-2985
-2827
-8740
9978
-420
-7674
2694
-8372
7811
3274
7150
776
5226
-5215
-1204
8245
6572
2786
2036
9005
-1911
100
1221
1242
-2654
-3453
1679
-1507
-3359
8103
-3827
2234
-75
1870
-7108
-482
7214
-1691
-3592
-3354
-4256
-1224
-6580
-759
-885
8365
83
6088
-6643
6371
-4061
-9497
1663
7875
-26
-767
-9192
9150
2245
9743
7409
1133
9152
-9065
5156
-2693
-4305
-2792
3149
-5682
8951
7965
-5376
532
-7618
3143
3835
-9366
3675
-1148
9510
-3826
5065
3059
5838
8732
3168
-3026
2290
9434
9912
-4953
-3836
-1353
-9810
-7083
4560
-8323
9942
2418
-1057
-2486
-255
-2266
-221
-3425
618
-384
-3455
-935
6562
-5764
-7676
-5583
-5918
7567
3477
9078
6436
8067
7573
-2473
4764
-8574
2486
-3657
680
7125
-8008
-1951
260
-7658
9896
-3404
7316
-3263
6819
3527
-5894
-4504
4142
-4676
-5574
-6540
-7914
78
7347
4798
9903
320
4165
4572
-9014
-7645
3873
6886
5155
-5425
9416
7968
2997
-3912
4576
-1388
-4031
2146
-1043
-5626
63
7274
1438
5208
618
1550
-2849
738
8740
5954
713
-9339
6069
-2905
1126
529
-723
-3904
8188
-7127
-865
-1038
-6729
6712
-144
-3111
8711
5869
-3414
3173
-3928
-875
692
-8932
-294
1815
-4300
-1554
5256
-8263
-1592
-1248
-1450
-7050
-7500
-9794
9250
-6435
7623
-7874
505
6054
-6070
-6955
-3033
5107
-7732
2369
3256
502
4983
-3978
7103
-402
2481
5775
-9496
-7725
-794
-8738
7143
2481
7812
-2417
1757
-7987
-4935
-786
1682
4713
-6788
918
-8174
1714
6364
-9657
-5217
-6230
-3818
1821
-3256
-8025
-429
-8082
573
-8043
-2778
-2514
4936
4384
-7172
426
7278
2283
5924
3019
8668
2543
5466
-8906
1426
-3280
-516
226
-7435
-5570
-9932
392
9241
-1365
-572
3045
2686
-3592
-3051
-7535
585
-9852
4272
-7279
3702
8539
4715
-5908
4279
-9981
-9733
-7145
9376
9583
887
309
-6057
-3302
15
-3921
742
4884
-3133
5702
7254
6152
1232
8763
-3972
4656
3268
-7946
7639
-461
3790
-9399
-8556
-3027
-8980
-2665
-9978
-1755
9459
-880
3053
-6637
8976
-4985
6548
-9859
1996
-6520
8337
-3010
-7428
-4506
-2017
-6193
2993
5038
-330
4506
-8464
-9371
-4383
1181
-8280
-2687
-8574
-5036
-910
-1322
6650
-6755
-862
550
-2451
-3851
-5258
125
-3734
2219
-8210
8047
5387
-2842
3139
1451
3440
3610
-1551
-9419
6126
2773
340
-5203
9032
4313
6079
-6275
2800
6519
-7657
8599
-3883
-3703
4211
1179
6031
-2583
3605
7432
7836
9317
-4407
8696
9586
-4111
-9540
-8260
5135
-9709
8151
-9339
3149
9655
7029
964
9433
5293
7643
-5054
-8305
3427
-4606
-2189
5445
925
6663
-516
-9729
-2854
7013
1017
-2196
5655
765
7404
6267
3741
1640
231
-9948
-5875
-6855
7438
8855
-7246
7852
-2367
1275
-7943
-6592
-2585
9352
-9955
8459
6265
-5007
4585
5080
9172
-6441
-4480
-3323
1689
-4039
-1014
197
7789
8918
1352
4497
7018
8172
5443
7260
8461
3926
-9129
-9398
462
-4567
-6383
-7261
-5757
7683
8608
8977
-5019
-2781
4002
5775
7348
7450
-8923
-3217
-335
975
-323
-304
-3197
-1508
5423
-7563
7062
-3696
9102
-6783
-3099
7673
9926
-4327
1910
7558
1513
9072
-3893
4182
-9226
-4970
-7368
1320
-1499
-8125
-2944
-2158
7880
2226
-4788
9349
8891
5660
7706
-2709
-7230
-3693
3757
-1538
8751
-5877
-4329
7834
-3020
-1911
2986
3540
-1310
2797
-428
2760
6956
9319
-1570
7333
4315
2536
138
5992
-5040
9421
7172
-2676
-7418
-7233
-5223
6244
-1734
5946
-9799
-5246
630
-7268
-6729
-4603
-9580
-2749
-9571
3710
16
5681
5132
4944
7831
1654
-7600
1877
2354
2219
-7841
9042
1223
1015
5087
8710
4539
7721
-3026
-5146
-1619
6428
-3415
-7502
-7945
-1835
-1450
814
204
4743
6785
5601
-3409
7248
5845
9807
2593
-1972
8735
701
-2190
-6652
6817
9854
9899
9212
-2043
7888
6400
-4994
8494
-999
1660
-3976
2099
3876
-2173
5441
-6526
-5681
-8978
-6913
7104
-8974
-4525
492
4599
1333
-7961
-6243
6602
7456
7513
7672
2717
3585
-5560
-4104
4218
-2533
3182
6630
8750
-1211
6893
7585
-9874
2634
5240
-4720
-5611
-2887
3645
-3987
9871
-8481
-9703
-8113
-1217
-3518
5533
-9580
-4768
-7298
-9755
5533
-869
-9112
5282
-4521
8838
-3702
4804
1468
-9680
-3339
5661
-1955
1917
-2437
5269
-2659
-4352
-9352
-4668
-4715
5016
4168
-3616
-1630
-8375
1643
-2813
7312
474
2868
-3178
2684
-4477
7704
-9212
4012
-3082
1021
-727
-1925
-182
8336
1481
5571
2742
-2863
-2495
-3699
-5997
4645
-6619
-4727
-9096
-9177
3731
9919
2631
2053
-3573
2071
-572
-9425
-471
-9602
-2459
-2640
-4648
-4651
-6149
8457
3400
-1645
-1750
5976
-5689
2266
-1305
1980
-556
7358
5195
4312
-3379
4694
680
-2905
-8937
732
-8037
-914
-1496
-2327
3156
5469
1883
-970
7985
6213
-2998
-1093
-1345
9433
9850
4661
2863
-4858
4999
9726
-8599
-4191
-747
3979
5586
8089
9075
837
8316
-1605
2051
-2398
-8287
1369
-3738
-846
-1341
6949
8058
8710
-2713
-3903
-2681
7338
754
-4360
3033
-1424
-1944
-5917
-3215
-6583
-2771
7342
1814
4712
6296
-1469
7749
-8255
-6752
2720
3954
6526
-7298
8763
7315
5271
6932
-448
-2222
6691
5421
-941
-6442
-4323
-8394
8486
1139
3341
-2453
-847
-3613
-9489
-1748
-5629
-8430
4694
-2033
3614
8920
-1564
-5249
4646
-7879
-3878
-8577
5483
1666
-1982
-9218
1121
-1757
3143
-9084
4386
-6186
3825
-1311
790
-3210
-9466
4415
-7743
1821
7727
3944
9308
-4729
-4668
1231
-1406
-1287
-9149
7306
1895
-196
-63
-4779
4208
7152
-8338
9422
-6752
6613
7829
-7223
-57
-6837
3241
-6027
4579
-6676
-7811
7148
4992
2242
-1789
2836
-257
-3631
1579
-6362
-6626
-2499
-6889
-3118
2688
2018
-7149
-6719
4047
6315
3097
4595
2088
-1924
-7368
2681
-5009
-7152
7550
7848
-9618
4830
3184
-8502
4111
-2775
-2299
-7799
4834
-7424
2186
-4361
-4679
-2462
986
8614
-7838
2577
5989
-4363
-4973
3346
-2488
-2579
2848
3395
-543
5017
5869
8073
3507
-1608
2414
6793
-6475
-8801
-8947
-2541
4460
6623
5371
1124
-4970
-1028
794
-4577
8047
9824
-3013
-5924
6094
7938
-2850
-1927
8415
5448
9665
9169
-2731
-8299
-5130
1153
3438
4089
2341
659
5050
-1990
-6694
4461
4472
-5106
-4577
2802
-51
7712
9358
-3217
-5378
1183
5735
-3327
-4567
5149
-6132
9868
-3869
9427
-4390
4204
-5999
-1810
-7383
8349
-9145
-5501
4501
-9766
-5692
-2254
-6679
-4120
-6935
5254
4054
4236
-5063
101
3442
4901
388
3938
-4932
-3246
-5041
1005
1004
-7009
-1357
637
-7397
-7530
5957
-8755
957
-4296
-2573
-1999
809
-2482
1597
9888
-7410
5777
9358
7093
-496
-5893
-2916
-3308
-9248
8183
8009
-6296
4971
-6924
8663
1718
-3681
-9793
-3001
-5386
8893
-4509
3468
-8197
-1270
-9051
-2814
-2810
1002
-140
101
5418
-8510
9744
2925
471
7772
-5407
-608
3877
-5206
-492
5057
-2771
5618
3619
6497
1203
-835
3892
-3231
-7382
-8745
-924
-5660
5545
-1135
6910
5780
-3389
3777
-1709
9387
3606
1020
2858
-6774
-7158
-4208
-1462
8089
-9299
-1108
-8784
1478
-4939
1896
9558
8404
1616
-2872
-805
1922
561
-883
-2442
5546
-7713
-7892
-8700
2351
-988
-2640
4947
2018
-9333
-8692
-6863
-8109
9564
2050
-6455
-9445
1101
-5232
-8424
-7098
1984
-1959
5065
-5191
1190
6006
-5613
4842
1185
-4204
2253
-6642
-9922
-9976
-8025
7327
8880
-5505
1428
-5780
9305
-5963
-3456
-7019
-1788
-6571
-9126
-7529
2737
-5635
3886
-2436
2815
8043
6679
-5143
-8733
2117
-7405
5749
6003
-3229
-8870
-5873
436
-7145
-7781
6391
-2635
-3440
5045
3551
-343
-8620
3760
-4966
404
2928
-6636
-2024
-706
5665
1689
4208
-9941
8208
-4741
9551
-7020
4821
-8044
-3980
933
-2573
-1579
3309
-3044
-5232
5344
-1172
-3609
5247
-7
4515
6750
-4146
-837
-3524
-9062
2726
-2508
-5734
-5662
-8718
5600
9756
7024
-1871
6721
536
-8896
-8150
-5134
-4754
7753
4188
9984
-99
9800
-9845
3429
-6782
7931
120
-1049
3082
1890
-6402
-5964
9189
5550
5084
-3439
7188
739
-8188
-2523
6284
-4531
-3566
-615
9768
-2624
4156
3986
6552
8948
-5377
-2298
-1682
-1440
-6236
-7875
3351
-4660
-6733
-1775
742
2434
8742
-4447
-6800
-1424
3611
9409
-559
-2512
3816
-7659
6295
5342
9574
-1435
3164
59
-3913
1519
-4387
9728
-3629
-5433
5120
-6371
74
-9845
-2698
1504
-4469
-300
732
-1499
306
-9255
-3591
9819
-6269
3235
-9506
4754
-6637
-4501
-1912
6400
2192
5348
9694
-3719
-7629
2650
-3874
-8877
4676
131
-9638
3019
-8322
6649
-675
-2882
-9397
-9275
8832
8381
4037
-2157
1426
-3625
7934
-3810
-3288
-7723
-2919
-2093
3984
-4625
-9420
6560
-5659
340
2609
2965
-9651
-7888
6333
4796
-5242
8140
2678
4488
-1825
9017
7028
-4925
-4865
2018
7873
-3210
2569
-6657
-4356
-7651
-9388
8466
8996
1147
9312
-7213
-4459
5523
-8394
-7324
-1796
-9388
368
4753
-4363
9899
8970
1052
2497
6049
5999
-1942
-617
-405
-730
-488
2523
1583
-2973
6386
-8220
-7224
-6480
-907
-3125
-9702
3749
-9469
3699
4868
-6312
-9312
5778
-9778
-9581
-5799
-1258
5902
7212
-1511
-7963
7291
-7892
-6205
-2185
-3891
-2835
-6255
7524
1188
-3529
1076
-4328
-6713
3420
9376
4025
1463
-3355
9679
-8917
-8691
-7552
8507
703
7785
5933
8806
-2738
-7897
9398
-2693
-980
8084
1529
-8740
9168
5150
-2044
139
-3907
9014
-5028
4920
-9097
-7265
4168
8770
1760
-9594
-3148
1164
3839
-4867
5664
-1241
4130
-7340
9168
1315
7977
-4125
-8758
6823
5916
-3224
7570
-1033
5398
-3808
-8902
-1831
-9067
-4467
-8800
3740
6972
1429
-5723
-5774
2246
6032
4598
7233
-3520
4344
3068
-2438
4669
-4457
5089
-4070
1735
-8970
1298
-7739
378
-2408
5879
5799
-3475
-6831
1651
7126
7232
-9108
3811
3242
1148
8676
-6141
1397
-2584
-7698
7603
-4613
9539
1780
-9374
455
8913
8973
-5106
9266
4129
-9155
-1784
-7023
-1550
7388
-2712
-4464
-7868
-5081
-9703
5392
2625
5166
3706
2557
7607
-9149
4461
7999
1869
-7954
-9571
8909
1641
8123
7512
-6427
6341
5643
8280
-8980
9413
9430
3625
-4234
2026
5125
3363
6020
7458
-6660
7413
1268
1588
1229
-2015
-6409
-5106
-1965
4809
7151
1575
5558
-4752
-3079
-3071
-1842
1662
8002
-3399
-1735
-6906
-9082
-8461
-9411
-3711
-2724
-7029
-4957
-625
-3677
9639
8016
-6800
-683
-8861
-9376
-623
-796
9770
5152
-3990
7162
2379
2930
3184
-8631
-160
-9574
-5722
-1822
-2060
7128
6247
3428
7532
958
1889
-9264
-8972
-5963
777
-5120
2339
-6921
-5598
6130
6009
-4481
9591
5107
-8768
-7998
-6820
199
-7331
-5668
-3366
2617
4329
-2858
-5881
-6550
6259
463
-6413
9117
-8399
8125
-8545
-8285
8761
-5830
-8178
7502
-3147
8994
-6733
1185
-5760
8434
9988
7632
963
-8804
344
-7042
7296
-5738
6653
7762
7703
-2449
9412
-7144
-5579
-3361
-3155
-5372
-487
-4699
3134
-2645
997
-150
8947
-7322
-275
9137
3117
-5764
-1328
6372
4954
4369
-7860
1782
-188
-5543
1382
-2885
-6097
3008
-9895
-6718
-8116
-2334
7196
5533
-6414
6100
8278
9171
2715
-3508
838
6177
-2886
-7052
9497
-6175
9787
7669
-5033
-5165
2506
-7741
4552
7114
-559
1676
5654
7828
-8842
2432
-8149
-1380
3218
-1308
2823
-8182
5103
-2140
-9202
4172
6812
8949
-6548
8014
1879
-1205
7114
-7795
5138
-640
-7910
-5758
4767
4234
-9146
-3212
-3069
5801
-366
-8204
-5895
5767
3170
-1611
1625
7893
-4568
-7229
3482
-8727
6322
-8548
-5841
-2020
-6720
4223
-8983
-668
-623
3016
1204
79
-8507
2264
4041
-7489
-5400
-3992
3886
3
3015
4247
7040
2282
368
6569
-8091
-9780
-6800
-3921
-5946
1210
3185
5552
-3317
8349
7229
-3924
4810
-6028
-6262
-7230
-7910
5562
-4637
6894
9011
820
6577
-8591
6348
4739
-8738
266
-2379
5539
639
6519
-3382
447
-1655
3881
4825
639
-7728
-9530
-7512
3390
4718
-3973
9429
-7501
5285
6844
-6485
70
3256
-4741
844
6496
4558
1807
4773
-7764
-2007
-6678
-6133
-9678
-3367
-4436
-5610
879
6120
2210
-1678
-7932
678
-2721
-2519
1761
9307
5968
-5141
-8163
-9356
-828
-9309
5438
9770
-8361
872
-84
-6685
1864
9614
-3392
7193
4027
6350
8693
-682
2771
700
-1288
-8685
-5712
5274
9419
-5293
-1602
6296
-6594
-55
-4421
6910
-572
8173
8199
-7572
7659
-187
891
6650
-5976
-6952
-3771
-5891
-1589
1538
8151
9183
-9252
338
1258
6301
-6629
9622
3824
-8981
5496
5782
-8488
-4463
-6491
4729
-8368
8662
6307
2923
2713
4719
-1648
7039
-923
-9977
8638
9425
-4627
-2736
-9441
2941
1735
-5381
-6774
1048
-2086
2395
6247
-4248
7331
3602
311
216
7546
7919
-5785
8124
6552
-4379
8638
6311
-7610
5571
-9055
1584
1105
7682
1884
-4927
3241
610
-7580
8015
-151
8603
9772
324
-7133
-5313
149
-4418
-2224
267
2642
-8760
-6151
5094
7525
-6802
8726
1530
-8927
-2048
3257
7922
93
-5476
8747
-6589
-1609
-8418
5020
5110
9020
-6408
7722
9862
6907
6395
-4307
-5295
-5618
6307
-810
-2176
-7470
-5279
-8841
6093
4930
6239
9586
803
315
-3721
-9253
-9191
7058
78
7584
5159
5564
2124
404
-1193
-9948
9738
4308
-6405
-5320
-8330
3296
-6194
6363
-4487
-9267
-8389
-2623
3693
-955
5204
-2752
-9592
4091
-6523
-1554
6905
4766
-6341
4881
8480
-6641
-8370
6149
-5936
7052
-4380
-116
1547
7358
6857
-2241
-2348
-7537
707
6845
5735
2801
-89
7467
7921
-6381
2639
8577
7145
-9900
-1529
-3239
-2800
8725
9446
-9281
8339
8291
1528
7105
-1249
-5981
-8669
8034
8141
7538
8678
1305
-6003
-5547
-4554
1876
-2349
5659
6931
2055
-3413
-7619
-6274
-326
-1837
-2653
3527
-7801
-2004
2909
5310
5904
9584
2010
-5464
1365
1081
-8706
3833
-4657
-2497
-1403
-554
-7737
1170
7726
-4710
-8712
8763
-9057
4843
-8202
-8708
6801
5027
7073
-4990
9186
3131
1130
-5015
-6713
-327
2312
-4815
6421
2617
5265
2274
-3350
-3381
2434
1922
2493
5397
7577
1198
9805
-4207
5510
-914
-137
4050
-7201
-7799
7640
-5134
-3340
2217
-4900
-1225
6939
-3061
4234
1890
9826
4113
-874
-9862
-1500
5240
-9558
7379
3676
-351
-7223
8255
4163
-7789
-6555
9843
6554
-1299
9967
9810
7287
-6891
7542
401
5949
-8454
9140
-520
-3134
-9020
-9591
3470
4328
-2010
-8383
5887
6828
1029
3570
-805
-7666
-1904
9425
-9413
-4980
3
4908
5478
-7643
-7774
517
3660
8243
4837
-1226
-6050
-5972
-6576
-2727
-6065
-1342
7486
-8649
9779
3523
-5791
-1523
2946
-1661
3969
6830
-8345
-340
1135
-8986
-1641
-182
-5761
-3664
-5096
8605
-5432
-2664
-4169
8985
-6417
2985
-2307
-4811
426
6402
-8206
9601
-5949
4278
2149
-8650
-3697
6628
7262
-2109
4634
1400
6883
-920
-7425
-6870
-5663
-4435
-861
6753
-3836
-9883
6020
4468
2626
3948
-9890
-3835
1361
638
3197
8827
3686
6575
-6134
-9143
-9715
1749
-6633
1747
-8261
1904
4694
-191
-4173
-3400
4241
5351
-4811
-3826
642
-5961
-9868
-5870
7462
-8185
-7224
-5195
6212
-9982
3293
-345
5383
7307
8341
-4412
-6642
4284
-8071
3700
-3575
-5954
-989
-5690
-2940
19
6698
7622
587
349
-8994
499
1478
-4296
-4712
1117
4170
5730
6748
8442
1318
668
2806
-2082
5910
2954
-9487
6627
6430
-8642
-486
2266
-5849
-1986
5299
-1622
-5634
2136
-1110
1991
1416
-5310
-3252
-6402
-1009
2462
3275
7062
4923
-834
2861
-9662
7612
974
-9205
4547
-9690
-309
6081
-6063
5925
1738
1463
-296
7105
-1805
-8342
8840
3343
-3137
-5108
2247
-985
-5158
1923
-8929
-9057
-8831
9379
-7704
1264
3082
-2003
-8898
2468
1436
-4974
-863
3569
-8175
-3270
7899
6885
-6318
7248
7021
-3611
4734
2245
-8861
1626
6
2006
-4035
4692
-4474
500
-5409
-419
4701
6215
-1159
8368
1710
-9560
7204
4975
-7415
-1417
914
7113
-6595
7814
5883
4083
-956
-7015
-402
1770
3354
1375
1738
8972
-4997
8828
6737
521
-2192
4887
2305
-1064
6537
1296
1585
-185
9068
9786
3929
-5533
-6189
-2413
7643
-9267
2424
-5339
7075
737
-6654
1522
-978
-5203
8275
-5422
6596
-3200
-861
-9989
5303
6219
-7302
-12
-629
-786
8082
2085
-8328
-4616
-8616
-1188
-445
7286
4412
-2968
-2535
-7734
9301
-7031
4497
2328
-3868
7141
-929
-6550
8052
-9948
2325
-8735
-1050
4586
3733
-3915
-8928
-3748
-142
4258
-4935
-2246
-5690
-4580
-8618
3484
3349
9530
1700
-4863
8193
4165
-2746
8481
-6363
-512
7246
9010
-4003
6167
-2070
-6216
-1413
4160
2085
-82
3781
5273
-8135
-4113
-4500
-94
1334
-7733
6754
-8907
7210
2842
5339
-4853
-6774
-9054
8870
8089
9020
-8471
-9535
-7030
6160
-7646
-1531
7429
8308
4485
-2299
-8250
-3596
-6600
3277
4481
274
-6967
3003
-8573
4484
1200
-1115
8363
-6632
-5254
-4039
2299
5645
42
-5092
2032
-1760
1218
-6859
-3808
9047
5424
7051
-6203
-9648
8119
8409
9994
-2816
1863
-9235
-2409
719
-4855
-9843
6311
177
5594
3756
-2325
-4603
871
2048
3025
9795
4015
8351
4839
-6641
-9689
6420
-8392
-342
-1397
5654
-477
6786
-2664
2612
-3658
2529
-2330
-5252
-5024
-8584
-1263
7216
7940
2380
5649
-2412
9059
-9190
4913
-1740
-1038
2153
-7513
7910
-1528
-2176
6424
-1202
9448
84
-2511
3907
6928
-6126
5090
3011
-3076
6748
-2136
1059
7952
2372
-2759
-7033
-5432
759
-3059
906
3242
-7994
-2334
-9226
-2064
-3508
3077
1810
8576
-8466
5681
-5838
-8208
-6752
8944
9324
3357
6809
-527
9934
9174
-10
-2282
-912
-6156
-5933
3648
2021
5108
1521
-8492
-5505
-9712
5188
-9665
7165
-4136
-9699
1981
-2119
4836
2864
2333
-3979
-9733
-5049
8794
-3094
7847
-3441
7109
9074
1285
9583
5197
-8846
-7885
-7886
6653
-3700
-3944
-5954
-2282
4399
-8177
9571
7696
3179
-6053
1098
-3075
7270
-4196
-7587
1304
-5865
-8440
4223
189
-4119
-9112
4798
8566
3358
-4060
-1692
-9483
2912
9864
-5061
-9318
-4705
-7288
-7617
588
810
-4440
-6121
-7284
3159
300
7997
-8096
-2343
1721
-8025
6952
1537
9506
-2282
6852
7976
9077
-6275
766
-7203
7995
8731
-5710
4161
-7399
-6033
9581
-8521
8440
-6324
188
-8675
-7243
-5074
6390
-9326
-9632
-6650
5593
-2962
-8135
-159
-3985
-1589
-5480
9093
-126
3596
7693
-4703
-9043
-9285
-8752
7710
-6284
-4105
2131
-5289
-7930
-7897
6551
-5733
-6074
8376
-5448
-6562
3418
7151
-9245
3517
-4759
-5131
-4631
-1707
482
777
342
1529
5324
-4625
7474
-1713
-800
6707
6776
5320
-567
-801
3260
-7615
9019
5295
4996
-4769
-5294
5428
-8057
2747
5206
-1539
7030
965
430
6601
8935
6463
7589
4034
-9575
804
-9979
9151
-3472
-2924
2128
-1031
522
3265
-7795
3982
1635
1329
8265
2822
-9208
9105
1458
7558
196
1579
-9562
2463
1840
-4034
6286
9471
491
3158
5917
-3246
-4481
7778
4842
-2932
9358
5801
-9893
-1237
-9970
-9600
-9428
4057
215
7680
-3106
1791
9973
277
5576
-4270
-4194
4270
-3247
5918
9221
6908
6289
-7543
-8749
-4849
7986
5225
-8787
-9978
2433
-6233
3115
204
3942
-4528
-4371
872
-3210
3770
6823
4689
8310
1532
1622
5401
-5203
5058
-2701
-3391
4574
7937
3697
-3206
5210
9463
-3779
-1908
-2101
-2920
3463
-6577
3865
2523
-9509
7355
-2348
-7262
3483
-2396
2358
-8037
-8795
-4364
-1935
-300
561
-6962
-4616
-6449
8825
-5967
9103
-7741
-2423
-1406
8186
-1058
-2160
2177
3759
985
-8717
-7569
3921
9837
2002
1463
6662
9231
-8863
-5878
3144
-2292
402
5123
-33
1375
4081
2847
-4486
-1946
-1071
4978
5102
-7435
-2293
1632
-4616
-6921
-2922
1523
-9205
6611
6069
-849
8711
-1576
-3514
3089
8300
799
-4602
-9492
8327
-9653
-8732
2940
8954
1968
4969
-9796
-1379
9288
-2924
1713
-1692
4330
-9887
8975
996
-9670
-6041
2009
1461
8412
-7981
-4582
-9026
-8965
3198
-2042
5597
-2229
-6027
-9815
-9033
-8862
-4612
9296
-4120
-219
-8200
9288
-7411
-4079
-640
7554
-8521
-2306
-4827
-3624
898
-6990
7153
8706
-1817
-996
9190
1624
8871
539
-5319
-6840
-1103
9176
-426
4293
-7693
8406
-1592
-2011
-317
-8065
6458
9960
-1705
-3586
-6724
3458
-276
7943
-4508
6353
4883
-3044
1185
-1425
3872
-6516
-2752
627
6501
-8984
4210
9885
-6468
-5275
4702
4176
8779
-8658
6411
-4842
-6536
5067
6133
-7023
-5084
-9348
-5435
8708
9432
3512
-804
-119
-7388
-3180
9054
6265
-2156
-4780
-3172
-8032
3618
6950
4507
-6801
-1024
-5835
-1742
-3411
-7201
8271
5854
-7859
-8442
-1517
1689
-8146
5580
-9428
4803
1453
4768
-5057
7510
4024
6653
-1592
823
-7591
3354
4015
-2992
4610
-8386
5461
6602
6010
-497
-8640
5255
3345
-6834
-8240
2875
-157
6897
-6180
-9755
-3617
-1155
766
4316
-4386
-6045
-5253
9392
2898
2739
7929
762
-766
-4483
3734
7585
-4902
8455
-1987
5800
1271
3741
-7610
-7834
6305
5647
-3674
7893
4613
-2900
2882
-5488
-6178
5654
-7510
-1935
-9392
-6192
-5385
8691
-4583
3210
-7793
1057
-1635
-9748
-6624
-9338
1589
4636
9013
-2901
-1395
-3373
9214
-1888
9889
9168
-3690
9745
-7983
7535
3260
-2981
3289
-1018
1021
-7783
543
4764
6509
3520
4372
2374
5903
-8595
1367
515
8060
8405
-878
3428
8764
1868
-4793
792
1339
3651
8371
9269
-8129
625
-3381
-4478
2478
422
-8429
84
9109
-9924
2066
5277
-5563
-2627
-5070
6116
5353
-9284
-5776
-8400
-7328
2499
7878
6661
-5016
4672
305
-8619
1688
-4287
-7542
-5435
-5696
-6167
-6692
355
-3190
5207
-9176
3921
-4212
5916
3857
-2462
3261
-3917
7483
5913
3357
-1575
7319
737
2173
-1866
-3133
-2040
-3292
7742
-3984
-5277
-2689
9084
-9015
3574
-2221
5352
-8863
-2739
-7440
9474
-147
6705
-3846
1578
-8732
4236
-9766
479
6446
444
7401
5257
7041
1586
786
2666
1726
-8555
-5923
6925
6958
822
-6265
-3072
-3764
9843
2992
-2411
6133
-8942
-750
2085
-518
4136
365
8313
8576
-7270
-8818
-6641
-3607
1532
-8067
-7225
3498
-9310
1648
4367
5036
359
-5271
9477
-390
-7127
-3715
-9664
-4599
-7858
-4724
2642
-5761
-324
-3657
127
-542
-5716
4033
3940
6428
3481
7074
-9660
-8491
3238
2471
3127
-6228
-328
4619
-9988
-4941
-4211
-1106
7399
8913
2140
-6526
6882
5759
-4508
-6590
6203
-6549
2205
258
1821
9613
-2899
7535
9708
6152
-1197
-5010
-1427
5223
1700
4567
4626
-3970
4591
-6591
9422
-8979
4901
-5409
6147
1671
-9724
-2679
4143
6214
-3275
4371
-9061
3071
-256
2923
5598
4751
8994
6307
-9646
-8776
7245
4729
7865
-6674
9023
-8272
9400
-3911
-6869
-1797
8425
-9265
6288
-4299
-5863
3491
-6223
4473
1857
2247
-867
9768
6981
1185
-5280
-7437
5508
5464
-5056
-2042
-5589
312
7246
-2350
8786
-4871
-4439
-2948
-1441
7793
-2275
8357
-6730
4228
9875
7008
1844
-4419
7940
-6799
-643
-1127
4454
3310
1527
9208
9099
5224
8570
1041
7697
4980
-8919
-4520
4134
1633
6092
6990
-9393
5847
-1653
6614
-7993
2328
1509
-1287
8770
-9549
1584
5940
9490
1757
-4502
-8102
-1274
2668
-4066
-2633
5140
-5565
2590
-1720
-3459
2674
-8874
-6668
-5152
-6232
-3799
2575
2959
9030
3097
1279
-7444
-1290
-4300
-6876
-2630
-4172
-7097
6702
5614
-2272
1731
443
3897
6591
-6389
3078
6516
8952
4841
-425
8254
257
-1122
-4761
5321
-7053
-9579
-5297
-9680
5862
-1084
2342
-6858
3026
3891
-4203
-6193
-8684
5360
-1826
1417
4805
0
8173
-7393
-112
9070
-1934
9315
-1986
-3944
-2434
-3922
-4394
5832
-8872
8506
-2109
-9017
-5725
2869
-1381
-2416
-3892
-9943
7813
7219
5664
-3029
-3425
-763
-1126
-4568
-7390
-7519
1447
1602
-6166
1072
6807
-2683
-1705
2694
-3178
5195
4879
4518
6777
-3852
1656
-4883
7251
-4285
2186
-6826
-1594
1891
3603
3638
-8452
-6261
2535
-8621
-6642
-2735
-6273
1140
-396
7118
-934
-7127
-7966
-6311
-2104
-1452
-7679
5080
6320
188
2675
2544
-8853
7081
-2650
-2877
2047
1077
7884
9456
1716
6916
6002
-5083
1226
5096
-8061
7911
9325
3324
78
8888
-1810
8227
3472
8507
2013
2947
-7808
7507
-6114
4375
-2508
-6938
9573
-3315
6409
4743
4717
-6919
5229
167
-4587
2383
4470
-8944
345
2264
8763
3510
2036
-4457
1329
8008
9752
-7249
-8361
-6593
-1596
6567
6087
5359
-4430
1668
-5643
-1031
2611
8390
-3167
328
8107
1699
-1528
-1863
5803
-4794
-9916
-314
933
-778
1969
246
-9384
-659
-972
-2206
-2808
-5592
-5019
7156
-7042
3232
4
-7124
-3928
-2509
-3707
9966
8503
-5756
-9095
-408
557
-7859
9019
-2359
-6872
-8602
-1723
338
3199
-6796
-2624
7226
725
-5488
6393
4450
-8024
1878
-6632
-8194
-4813
643
5163
9285
3204
8559
8119
-7263
-850
-4798
-5754
90
-7680
-3053
-4060
-6763
-3639
8772
3832
-9868
-2290
-3209
7262
-442
-3152
-2523
-382
-7924
3322
-4610
-5678
4116
4368
2052
620
6557
6429
1915
-5439
-1893
2782
-8255
3819
-2917
687
-280
-2715
-8376
6985
-2902
-6048
-4575
6036
8734
-5990
4220
-8271
-7395
5076
4702
8138
-241
6040
542
7370
2845
-2546
5499
2266
5435
-2448
-965
-4246
-1797
6599
-3647
-9289
2856
-6912
5905
2331
3400
-6221
1976
-9223
-670
-2923
-6686
3093
8627
4046
5520
1298
2751
3658
-8898
-4140
96
-6557
-9228
-974
916
-9626
3749
-6570
8274
4007
-8655
4696
5693
-7994
-5247
-9740
916
-6581
-6933
-4230
-865
-5470
6585
-8940
-9208
432
4886
-970
3056
-4192
-3220
8151
-2404
-7117
7217
9619
-9008
-2884
-8087
-854
2597
2072
-3058
-8844
3455
-5763
-9277
2081
-1770
223
-4342
5005
6492
-3341
-1148
-4451
9867
2666
-2224
-7264
7697
-298
-4235
-4448
4000
6273
2392
9460
-9518
3669
5696
-3715
-2990
-2374
-4568
-374
-296
2390
3015
-7140
-7242
4344
5137
-301
4919
460
1137
9588
-5705
-4766
-2124
-1950
9512
-2979
-261
8917
-2261
-3859
4699
-6080
4263
8725
9291
7474
-9767
-8877
9371
-4240
6685
-8212
-8888
-7076
7719
9393
6755
-1423
3807
633
-5682
482
4454
-6802
5894
9206
6680
-7883
4664
-6059
-5727
-4851
7598
-845
1906
4146
-9394
5725
-2173
-6115
-1662
-6854
-5736
57
-4312
7979
9834
-5575
1000
6030
-505
4041
-7894
-4646
-5383
8484
-9085
3728
-1591
1484
5901
1703
7611
3487
-4584
-713
7104
4347
-3529
-3063
3214
9074
-2786
5547
7224
4160
4133
-4176
283
-4187
870
9322
6482
6579
-4854
5543
-1240
7120
7832
-7878
4545
-9563
8656
3354
-7008
7038
-9104
-2362
1714
6383
4837
9817
-428
-5708
7090
-9998
8427
-9572
-2840
5021
8463
-5956
7440
-6208
-1554
-6011
681
-3074
6802
-7225
-1665
-909
-2814
8755
9757
7539
4616
-7941
-4586
6061
-1713
1974
-518
1021
5128
5122
1827
-1579
86
3459
-8314
1585
8409
-6938
2458
-9302
-7007
8806
-9496
9932
9997
-5166
-6843
3675
4032
-3932
7735
8838
8334
-4481
565
-6125
-1199
1901
160
-5946
-8914
-7046
4033
8131
2213
4738
-3030
-1365
-7867
7558
5408
-5778
-2793
4131
6579
-174
1471
3337
-7579
8859
-3711
-1082
-506
-6964
-3216
7094
-6361
-7460
-342
3891
-948
-31
8849
-2358
-6641
-5161
-998
178
-4032
-2761
-4183
8195
-487
-521
8075
2755
-1358
1564
-6115
8607
-8434
-4420
-3646
8462
-4038
-6436
-1563
-8764
-2175
9520
-5500
-9341
-783
8008
4209
4907
-2949
7619
-1935
-4713
-9109
7869
3464
6173
-122
9525
6875
5202
6603
-9171
887
2099
-7733
-5610
4376
1225
-3747
8715
1268
4927
-733
-335
-7570
4031
9008
8418
3856
2329
8291
-9025
4112
-9015
3130
7227
4124
-1181
-502
2333
-9796
1441
4845
7292
7208
-2841
-5858
3461
6496
-9974
6361
3342
9425
-5419
-2660
-1625
-4053
-9566
-9610
-2720
-838
-7876
1647
-5816
-4305
8395
8619
-9065
-4948
-2424
-4412
4175
-4800
-1632
-1716
-7857
2527
-2865
4393
5904
8608
3169
5046
-7000
9596
-1135
-1003
-2294
-334
-1223
-9773
2091
5805
-8922
4525
5832
-8226
-8861
-4627
484
438
-5789
-7036
-637
8569
-3056
-3086
-1398
5112
-1447
5635
6343
-5720
-2545
-7675
-16
-4886
-5979
1034
1453
5479
-5072
2580
-7482
6419
1468
8722
-2954
4535
8556
1955
61
-4056
-8660
7072
742
-9954
-2234
5871
-4605
-8255
4934
-3609
3968
-847
486
7880
-7264
6068
-7310
3919
-6763
-8179
2656
-6129
910
-189
-784
9404
-7962
7587
-8153
-26
5867
6819
9688
-2835
-8826
-9655
2558
5278
-8050
-9242
7155
8987
-7322
-3181
6876
7790
-9817
-8836
-8821
-3814
-2017
3936
761
-2105
-3814
8266
-5425
-2794
6796
-3304
7116
-2356
-1354
-7569
6355
5508
4638
-8821
9551
-750
-6935
-4747
240
-1385
9601
-4799
-4089
2610
-3268
3056
7961
-8698
-153
1868
-5419
3886
5847
5090
1248
1779
414
-569
-3190
-4363
3185
-1015
-5959
-1094
-8304
819
-1203
-5871
8548
7930
613
-1723
9106
4806
7444
-4524
1689
4390
-3894
2149
-8309
-7742
-9867
-6207
446
-1424
-7714
-9572
-6907
-691
-3068
-2669
-6992
-2169
266
103
-6660
-6940
6546
6545
4268
-8829
-96
1878
-1107
5769
2421
5275
-6263
-225
-1743
-1464
9682
-6232
-3184
2980
5719
-823
8584
4650
7849
-1133
-1051
9273
4777
5897
-2567
977
-3074
-4703
6396
-6778
408
1612
682
-2746
5187
4505
7555
9056
-7093
7339
-2338
-4399
1533
6150
6180
-8261
-1789
8641
-2849
3752
-9513
-7929
86
6769
2616
-4429
-2341
-2026
-3285
946
2002
543
-6941
4418
5477
-3258
-3703
1485
-799
-2526
4325
-5316
8156
-2952
-9411
3791
4866
295
-2807
3678
-2441
-4171
8565
9766
2183
-2258
-2503
7342
-9105
9631
-4779
717
-9517
-1696
-9082
961
-4483
-408
3276
-6918
-7762
-7914
8071
-2542
-6727
176
-4311
7873
-7375
947
-550
-1384
-5629
7509
-7654
-8239
3078
3008
3476
7454
-2890
4475
6623
-1489
1318
289
-2978
3568
-8231
322
-2322
3219
-9894
1470
-47
-785
9040
7192
8640
-7196
-7605
-8944
7417
624
-9957
7688
4981
-8172
7831
5187
1009
3916
-6255
-1225
6432
-2998
1576
2827
2615
2228
-126
8325
-1754
5779
4967
-212
9930
-5150
3756
779
8792
-1572
3376
9062
4019
-3426
9218
2886
-9605
-4596
-1451
-3454
5281
3171
39
4303
-9453
3237
8637
-7597
3883
-3519
4919
1896
-4588
-7839
3215
-7497
8138
-3290
-1981
-4991
1897
5391
-8648
-1361
-6805
806
-5305
-4643
6873
6446
-1581
4873
535
7022
3819
-2091
-6407
-6846
2017
-721
-9949
704
988
6098
1462
2108
-7606
3664
9003
-8207
-3629
5016
-2316
-7873
-3467
-9250
2258
-2572
6273
2186
-480
-9174
-9635
-9624
3327
7489
-8062
-3065
7037
2433
-1049
8055
-5141
-4323
-8300
3645
4659
-7051
9958
-8641
-4114
-9494
-8314
-8706
-7304
6358
-3987
-2322
5260
5198
5963
-8439
9809
1157
9405
-8555
7689
-2611
-7566
-3846
-7736
8634
669
8321
-5093
-2951
-5742
-3084
-5495
-8464
-3732
-656
-9493
9589
-2153
2922
-8859
9369
-551
-1852
-4154
-8325
-9008
5589
-1301
1278
2077
5859
-1570
4680
336
-3958
2464
9825
7134
-4151
-4192
-5031
354
3385
8005
7368
1800
-8404
2495
-4243
5450
-7071
910
-2538
1405
-4101
-8001
-1583
4489
-1002
1685
5980
8209
7054
5674
-8615
7795
9333
6834
-4942
-8609
9098
-3485
5349
7127
1835
5452
-2929
-3188
-8464
9277
-8918
-3970
-8574
-191
2418
6594
-8586
7453
-7145
8295
8036
9901
9928
-7041
5078
920
6495
7170
-6554
-2507
3085
3375
7857
2452
3494
4021
109
6255
5167
7883
2235
-5293
-7691
4044
3494
4150
-1458
375
-2383
-8307
2487
-9284
704
680
4228
1966
8826
7533
-9777
-6529
6555
-872
-4827
-2478
-8080
6408
4416
6808
6442
-1243
-5768
2360
-1987
-3634
2195
-8029
7251
-2983
6410
-1285
9935
1935
-9051
9636
1591
404
-5342
8527
-6861
-4177
-275
-1435
9025
-6646
-7783
-9378
-501
9440
-9822
1642
-8092
-7751
8478
-518
3843
5269
-2612
6538
-7870
1142
7404
3480
-2446
-3788
-9607
2670
-8485
-6473
4151
6593
-4494
-793
5389
-7646
8975
2189
2846
-941
-7275
263
-8320
-6150
-6915
-4265
-6685
-442
-5470
-2281
-9422
-3891
3776
-3783
-5717
-2843
-9032
-3442
-6786
-4041
-7332
-5871
-5624
508
693
-6048
7248
5264
-6982
-4962
-6606
4526
3495
-1755
-3251
3568
3178
-8342
-9187
6019
-2687
-9178
-8237
4670
-9538
7350
-8050
275
2927
1276
2822
5014
-7271
9566
-997
2198
3987
-5408
-5054
8251
5786
-5559
-5328
1949
4244
-4136
-9609
-1689
-9780
6933
743
-9816
7632
-688
-7382
3521
-3813
-8041
6095
-6638
-7609
-7011
3920
9252
-9221
5757
7998
-6254
9951
-5088
-8817
3752
3366
-2350
9640
8001
-4417
4527
-212
3922
5292
-9290
4105
-1828
7208
-391
9019
1553
-5640
-5768
4745
-6527
4226
3820
-3516
1585
5998
9022
6315
-9503
-4523
3094
-8802
-2674
-1026
-9664
6396
-6465
-1222
6203
-3050
8030
-8100
-30
-7619
-1938
-2798
-8282
1404
2347
5946
4117
-8000
-3561
-4019
3757
-4961
-9346
-7215
261
9448
6372
-5108
7696
-601
4077
-2928
2288
-5991
-490
6167
9153
-1177
-7115
7748
4654
-5360
9378
9506
4993
8570
-938
-4896
-6222
-426
5501
6185
-3371
1450
-1797
8241
4347
4759
5478
9221
-400
4005
-9444
9539
-4705
-9997
9818
-5846
-4126
-6499
-672
-5746
-9803
-8861
2954
4259
-7551
4621
-1274
2429
-3500
9078
-2922
8163
-4989
-4945
7328
7305
-8606
-2514
371
7288
-2973
9941
-3018
-6420
8533
-2602
-8849
7260
2152
5198
-4817
-9919
9693
224
-1557
5198
-3930
8796
-1448
-8133
948
6023
-7196
-8044
9066
9108
6679
7198
712
3826
-10000
5007
6715
6106
-5532
-9631
-6363
-7171
-3814
8546
5261
-4588
-8429
129
8273
4909
8963
358
1003
1230
-4580
4140
5608
-2226
-7484
2707
2414
-3555
-3691
-199
13
-8093
-3025
936
7388
3809
-107
4666
2147
-8835
-8342
-4310
-4651
7904
9706
4572
-3853
253
1876
-6268
-3601
-899
-3038
9885
-1326
-8830
-6304
7117
4364
-3621
-7668
7362
-164
-9099
1727
-7926
1756
-3949
7251
-6209
-5349
9476
-6854
9560
-8005
1842
-6282
4724
8616
8394
-9715
9331
3536
8243
9315
9513
-679
9085
-4048
-535
-3647
-4694
3836
-8154
-7594
8506
-834
-9742
-5342
-546
-792
-315
-6812
-5134
1298
3185
5019
-6755
-8175
-7787
-7628
-1959
-1070
-3213
8449
8259
-3445
9181
5040
659
7252
-1157
-4815
4658
5230
7539
7020
-2161
9891
-555
-8251
5614
-1607
3584
-6904
4913
-6536
-436
-7845
-4109
-3930
6987
4917
3714
8961
633
6132
1009
-8975
191
5024
-3041
-9265
-2729
-1902
-4199
-4407
8523
5836
-6050
-1864
9596
-2752
1745
4328
7864
-7481
-783
3240
-7828
-3504
-2633
2546
-1035
1845
9798
-5997
-2759
2582
-8470
-2835
-6271
-3621
-3487
-3348
6643
6007
22
6582
-5094
-1100
6429
5670
-1294
1265
12
2716
-6021
4167
8786
7166
3187
4556
-6224
9737
3424
9638
1987
-9518
-1584
6380
-4259
1547
-8285
4127
-1087
4868
7732
-3725
-617
-9797
7776
83
-4351
-6938
3893
-2787
1956
6573
-8749
9128
-2306
-3036
3199
-2441
5002
-9720
9518
5762
-6329
-6982
1213
5378
-9899
-1169
5581
6279
3304
-7699
-4211
-5632
-8976
-6431
7927
-6312
4108
-8504
3661
-305
-5556
6444
-3742
5612
4123
1744
7563
1290
-640
-6776
2361
-4390
-4353
-9467
-2079
-7399
9301
-9555
-1609
8482
8002
1460
-7613
-4693
1186
-189
-122
3873
-1461
4384
419
-4343
-9897
7947
-2821
-701
-782
4192
-3016
-2428
-9906
7433
7722
9350
6909
3148
-196
7242
7657
-515
-6779
1733
4641
-6121
3785
-8919
-4035
-844
-4201
1571
-5002
-957
-438
8148
2525
450
1223
-5905
5257
4255
3569
5116
-7106
-235
307
8691
-4266
-9183
-3471
-4904
7568
-1146
-4819
5641
-9608
8016
-5269
-3789
-3245
-2665
-2592
3141
-2783
-3589
8812
-605
-6036
-8564
-5598
4590
9731
-4574
-5564
-3537
445
-6241
8030
-1011
1472
-75
-5107
-7338
3261
-8871
7691
6142
7650
-1181
-615
7103
9460
4353
9677
3304
-273
-6510
-6956
-2658
3642
6999
-5812
-4830
4638
-1935
4123
-9619
5120
-2910
8206
1108
2656
-1299
7944
-3735
6867
-1183
-2514
-490
6826
-8350
2225
-8167
-7005
-4573
-9725
1052
3005
-9268
-7258
1237
-3206
-6172
-642
-8830
-3072
6829
-4057
7371
8370
4021
3358
9579
3928
9788
7852
-2617
-9260
-2529
-4704
-3887
-4255
6218
7128
-9535
-2323
-9457
-9172
-2086
-3717
-6747
2397
9293
-1353
-4807
-6832
-4649
-8833
-5472
-4956
5799
8399
8821
-9050
-8992
-6497
-727
4416
-1332
-3908
8191
-2699
7804
9096
-1711
-9830
-5519
-4009
-6271
-9447
5967
1408
-6881
295
-2781
9583
-1942
-9651
-5518
-7134
1152
-1088
-3418
1470
-4603
6544
1461
-6015
1353
5784
5739
3452
8158
6935
-2742
-1613
-5888
206
-7400
9778
5335
-5291
7067
7532
956
-3115
-6250
8023
-8823
-7806
-4446
-2005
2184
6675
7028
3278
8739
6474
3235
-865
1150
-7768
9188
-2948
-3901
5837
-5924
-7387
-667
9383
-5326
4044
3896
9378
5946
2125
-1485
-1673
516
8088
-1716
3180
-8169
2742
-5969
4535
-5782
4453
-4765
-4606
-827
-4393
8090
-735
992
-5700
-8060
9073
-5305
9000
-6584
-8614
6160
-7730
205
4088
3603
-7096
-8465
-6063
3639
9479
5043
1114
-6525
1266
-1794
-7128
1588
-1071
6271
348
-3924
-5903
5675
5588
-4039
-9466
-3470
2737
-6703
-5258
-9537
9795
-869
-4345
8722
-5980
7023
224
-9211
-5213
1266
-7307
-4999
-407
-2444
-1765
8451
-4564
7079
5677
4943
-4834
1960
6285
8795
-1815
-4911
5101
-5135
9232
-8899
-3165
-8530
-4980
-3054
-9332
3822
9149
4818
-8176
-4860
189
1686
8660
460
-9594
2041
3641
-4883
-2616
-8180
376
-558
2343
-5816
9766
6805
1998
2241
-8851
6223
-8739
8119
3717
-6684
4557
-450
-4451
-3097
-3420
-3772
4953
6957
2033
-4774
-6037
-5739
-2919
-4060
4366
2355
3703
1316
-5397
4521
4437
-7332
6793
-5146
830
-6743
-6469
-2249
-5957
-8166
-7649
-5888
8329
2142
-1334
-9603
-8177
2348
1129
7008
-2847
7347
-7961
-7038
3437
-8305
-5197
-1204
-7259
-3228
3683
-1986
9349
857
-8767
-1224
3785
-829
769
9970
-9504
5318
795
9796
8308
5433
1225
-6720
-6121
-2584
1527
4617
-6685
2537
-1202
-8050
-2331
-3465
3619
5854
2241
7782
-1955
-62
1416
217
4957
-7701
-8706
-5015
-6630
-5852
-1706
-7104
-3878
7991
299
-2179
8989
5435
2101
2523
-5486
7623
-7047
6088
3737
-8440
-1970
-8314
-6586
-8376
-4787
-8978
-4559
-1787
2838
-6860
5358
-7454
4075
8746
-6940
5649
7279
1487
150
-8983
-6000
-3844
-8233
-723
4948
-3804
5753
-2630
-603
1045
4743
8620
-4615
195
-6422
-8551
2917
-835
7089
3776
-6363
5784
-1980
8301
8290
7203
-5854
-721
-3522
-8189
8633
5842
4765
-3495
-6046
-9855
1379
-8881
5447
9152
-1203
7730
-2246
-5666
2274
-8004
6224
-2842
8845
-5878
4959
-3140
-4016
-1471
8632
2476
2291
-8156
839
-3973
3779
7143
-2320
-7297
-4917
9879
7595
-6894
6541
1985
-8209
-5156
8227
-2959
-4293
-8741
8713
-8143
3583
-6199
4062
4487
-7067
-4404
8478
-7176
5879
-4168
449
-9302
-1050
746
-1123
919
-6932
5176
3715
7844
4302
4561
5749
-1601
-6151
-592
-481
-1738
2896
-9359
-3352
4310
2466
1977
-2402
-9782
-8429
-6888
1662
8037
2625
-8005
-2864
-8429
6446
-8811
-8
3654
4527
-5491
160
8701
8502
-9194
7614
6836
-5921
685
-125
-1647
3705
-4922
-4938
-9546
-7973
7465
5778
5928
263
1069
-4144
-5177
-9234
9061
-4448
-3768
-1545
-9846
7698
6301
-1292
-3541
-7676
-551
9750
1697
6907
7299
9417
1963
2146
-6794
-9831
7847
8385
-1283
9616
-2566
-3648
8889
-9007
-4070
-8437
162
-1658
-3753
3727
-6013
283
-5281
-1819
5084
399
-3615
5026
-7123
5752
-7643
-2688
7335
7124
-1175
8947
-2682
-2621
2466
-4464
-2123
1757
-7308
7796
-2281
5863
-6503
9841
1180
-2885
6759
-2687
1932
-546
-671
3448
-6309
9888
-9135
-2209
8119
6560
-6563
6595
3948
8158
-7139
-9457
5568
8782
2312
2672
4246
8757
-8244
-2224
-3893
-653
9627
8492
9836
-6519
-6716
-1525
-3625
2472
-8855
2259
8263
5950
-7725
-6419
8598
-695
7520
3864
-2788
-2227
-1413
-5867
7805
8159
1812
7343
5758
3821
6532
-6599
-893
-6695
-8139
-116
3798
5021
-2868
-8453
-4115
664
-4860
3314
-8453
-9214
-2385
2237
5653
-6818
6528
-2490
-878
5078
1292
-7337
-1078
-9948
9262
-9321
5272
2727
1055
-3273
-4876
6686
9165
1067
2078
-7260
-1948
-7208
-4850
-2326
2537
5053
-8850
4835
7213
-4745
-6521
-2186
6425
-703
8338
-6190
3482
6952
2658
-2934
3059
-911
-8591
6013
-500
6687
2466
2101
3173
-1939
-4618
7426
3647
-9446
-8774
-7849
-1038
-68
1365
-1591
4779
3318
-8433
-4634
5852
-874
-1468
-4062
-3899
2262
5064
-445
7416
230
-1047
9886
-904
85
931
7760
6420
-5841
8228
-5699
-3676
8552
-6022
-749
3122
4909
1945
-3795
4400
6254
7054
-2903
9470
-5334
2424
-5901
-7644
1456
6416
-2979
-6784
-3515
9916
-3679
2705
-7745
474
5666
118
732
2512
7913
1153
5482
-8451
8470
8967
5360
2315
777
458
3185
-6522
-8828
-3578
-3899
-3502
-4020
6307
6367
429
-8434
2122
-6333
8558
6254
-9031
-2158
-3004
9520
2618
384
8519
1461
-3329
6873
6207
2326
-2983
1225
5014
9027
-3321
6318
-2025
-3157
-441
-3981
7764
-5921
-6816
-5763
-1081
-1595
-1295
6378
3989
4971
410
-7764
-8640
6151
9735
3554
-2267
-6610
-3725
-2330
5124
-3369
-2547
3034
3415
1965
-4686
688
-5758
1560
-7523
669
8788
5750
7971
4421
5306
-1609
7680
85
6556
2122
2508
2830
550
-4943
-3854
7150
-7235
8012
-2059
-1175
5733
-1715
-1379
-985
5497
8160
-8145
-3630
1755
9032
3261
6271
-5495
2396
8012
4905
-8708
-198
8108
6986
4596
-1140
2148
-8409
6057
-5150
-8122
-7004
-4204
-2275
578
-2966
8954
-5879
-950
6510
-7838
-7668
-4652
6103
-3996
-4200
3733
-77
-8900
-1414
-8364
8433
-9736
2859
5480
-7773
-9837
-9264
-6299
5972
8688
1549
9411
6996
4192
9987
-4097
3622
-6363
-6445
-5103
4757
-1834
3147
-6205
6455
-3612
-5934
2686
-1994
-4866
-9933
7215
8764
-9494
-137
9275
2194
-1074
8434
-1286
-1833
-2315
2755
1582
7152
4753
4381
-5254
-1581
3941
6516
-9773
5888
300
-3255
-7749
2253
-4255
7998
-1340
-9682
-6608
4920
121
1886
-3565
-4349
-9869
6226
-6288
-5787
5842
-7846
-6914
9768
-6035
-2642
-4500
-2467
7425
-2709
-5103
7286
-9295
7773
2301
9666
1321
2654
3243
-9654
7502
-7083
494
-7038
9426
4707
-352
2577
-6711
3882
2760
6794
-5190
-5152
-6442
5041
1566
1214
-4061
3130
9815
-7091
-7395
-7982
-4513
6783
1946
1455
-4356
-9460
-5040
7824
5631
156
-8983
-4587
-7882
-4981
8954
8052
-8578
-1557
8184
8306
-3179
237
-1702
-4980
2316
6607
8320
9421
9747
2177
3528
1519
3775
8834
-6552
-9918
-6255
-8247
-9491
-8117
1273
8552
9120
-2257
-2806
-1645
3174
2759
5532
-2105
8824
415
1122
-4676
2152
6577
-3339
7620
-5554
-9529
2429
-9449
9069
2866
-9239
-310
-8381
9133
5967
-434
-5547
-4741
4788
1237
-2657
2577
-4898
-5790
7367
1604
7683
3928
-272
891
1621
-8609
-1625
-7770
8049
-2265
-1223
8416
-5262
3967
-612
9162
-8110
6971
-9949
6024
-6593
-4235
8890
9940
9764
835
4701
-5825
4967
-4562
1926
-2499
1814
3218
-9420
3867
-6759
7308
4305
9390
3767
-905
-2816
-1598
-9495
-6914
2643
5180
1253
-5113
7050
-7295
-4307
2585
7329
6404
-8651
3723
5321
1215
-586
-2397
9581
3868
-1601
-499
-6847
-5792
8318
273
-3463
9649
7155
4503
-4954
-2739
1642
-1644
-2864
6273
6003
-1098
-3639
-6715
2950
8351
-1042
6532
-9763
-9580
4634
3834
-5279
-9078
-1181
-2199
-2140
-423
3611
1874
-3750
1746
-5097
9247
-5629
-7949
5818
1924
4495
8517
-9032
-6587
-6714
674
-7337
8929
6305
-3068
8388
-7868
-9749
5813
-1413
-9016
-1773
-3382
5787
-3137
-384
-5331
7120
8693
6865
-1647
1456
-806
-3248
-9234
9910
-735
-9591
-3601
-245
3151
-3886
1995
1109
-2585
8899
-5653
-1819
-6918
1513
-3379
-1031
686
-9647
3720
-1839
9152
396
3207
-7903
-1735
-3813
3413
-6809
8751
2766
-9649
-9279
-3675
2286
-1758
-1822
-6497
-9609
2530
199
-8011
-413
-4793
-1547
9780
4132
-6460
1572
-5595
-4814
2629
-5078
-4821
-323
-6128
-963
-6502
-4481
-6472
-160
-6668
7970
-7836
-3155
7367
1498
-616
-2223
-5613
209
9483
5017
9886
-7542
-1093
-4902
-4750
8733
-5213
6779
9686
5443
-362
-6240
-6507
-4303
2600
-1508
-6480
-7903
6977
-5718
526
1268
6275
8872
8218
2499
6456
-3666
2905
844
7280
5380
-4655
-9745
-6365
8117
1119
-4856
8956
4077
-9858
-6792
-6875
-8908
-257
-7657
-5607
-99
-6843
3156
5964
3968
6202
209
-3353
-9302
-9186
-4723
-3880
-3937
3872
9673
-8744
-1179
-925
9127
358
969
2524
5374
-4014
2578
9851
1344
-5058
7404
-7996
9348
-6628
921
9351
1937
-8066
8225
-2602
1253
-9323
-448
-2308
2128
1990
-8077
-6848
-9581
6356
-6892
-8019
3366
-6942
-4976
9227
8806
9826
-699
6640
428
6311
-9706
5288
-5415
6552
7898
5969
5550
1352
-9407
8707
-8902
8513
-7681
7918
-2047
2036
-3667
8071
9704
-3258
7899
-2224
-3004
-9584
770
3681
5980
8909
-9842
8755
7557
-9930
148
55
7734
-9867
-9364
-3890
-9657
5349
-1039
8207
3941
5079
2709
9227
-9493
-7582
5767
6406
2667
-4349
4594
-2895
8153
-8888
-4072
-1047
-3682
-9113
-2319
1674
8677
-7151
-1764
7558
-3305
-7842
-7263
3088
-5637
5166
3681
-124
7040
1751
-3349
-4349
9089
8656
9499
2724
-7804
-8061
-5925
4994
-1906
599
882
-272
-3606
-8717
6893
4032
9989
2943
7043
-2968
-2507
-6554
9247
5775
-3491
-9958
7691
2919
-9355
3246
2818
-9305
-550
8738
-9816
6342
-8364
-1913
9277
-4031
-3072
2402
-126
1566
2484
1494
9417
-6256
1673
7112
3796
-4258
-5539
5004
3687
-5877
-6486
-2228
1632
-1758
1795
-5287
-5508
7304
1503
-1703
6825
-366
5000
-7185
-3443
7504
-4308
-4683
-6701
-8888
7780
-3165
-9612
9625
-1651
-7723
3642
-8025
5281
-3710
-3447
-1600
1523
190
3907
-4797
4614
5989
-8363
-6636
-6605
-4869
474
-3153
1514
624
8324
4108
-6551
4697
-3360
-6031
2815
9888
-9181
-9136
3381
9510
-7647
6334
4493
-6769
-1253
-3839
6382
-7611
2648
-4121
-8583
-1253
9405
-5062
-4811
5584
-436
3371
-2976
8566
-915
-5009
2855
2347
3248
8246
-5345
6542
-8479
39
-5191
-992
9722
-5761
25
5555
5626
2902
-8124
-6761
4059
2128
-5717
5751
-4422
-8808
-4354
9592
4962
-2438
-6418
-6807
8348
8254
-9999
-5669
6952
4557
-7102
-3463
217
-7654
-177
6441
3667
-8852
4050
-6984
8582
-7459
-6993
7497
9243
1485
7990
-2394
4503
6696
-9402
-4669
3454
1401
4775
-7242
-7539
6954
4278
1104
-4258
5564
-5230
-2027
-6173
9128
-5869
1252
-1318
-6684
3413
-7750
-3231
1337
-6319
-324
6848
-6118
675
7158
-8638
-5291
-8947
2263
-8672
-3396
3873
-8978
-2993
-6207
-268
2374
5444
534
2206
4943
7216
6724
-8538
6788
-5405
-5615
9806
8993
-3001
5365
-2850
-5651
-9589
-2288
-185
-9692
9729
5181
-5965
3231
-837
1897
5575
-393
-3956
8623
4982
-6270
-5186
-6259
-9227
-8031
7951
8917
-5647
909
1050
-4595
5593
1666
412
-4548
1423
-7589
3548
2421
6798
-7970
8800
-6251
1302
3428
-7166
-6703
1614
-9523
1130
-6246
6397
-5517
4963
-5046
-2211
5879
-7848
-3860
7798
3842
3846
-5600
-1147
4732
2528
6061
-5933
4258
-8716
4555
9242
224
-9866
-6904
9172
9842
-1503
4480
-1094
-4833
-4725
-9542
1793
-9587
-8774
2838
-3628
9052
-2599
534
-8147
1628
-160
6204
4472
-9640
7133
6370
-4522
-3213
-8546
-2215
-8939
9270
-4473
9076
-5668
-3326
-3631
-3546
2291
-1619
-6810
-2546
4276
-5017
1208
4036
-6142
4571
4583
9159
6210
-6103
9377
2869
-519
8632
-2386
-9040
-3569
-7536
-5500
4990
4459
-3856
7173
2411
1078
-6941
8663
5958
-4774
6357
-1146
-7558
-8003
-8789
414
-4702
-432
5904
3834
2447
5921
-3550
-3698
1961
2050
8251
-7780
-5052
-411
-8520
-1770
-6833
8616
-2123
104
-4999
-428
7468
-8265
5767
5384
6139
-3452
-5601
-6366
9214
-327
-3519
-6149
2535
-4546
-2390
2398
3647
8089
5008
-2913
3842
-3479
8625
6396
-15
5384
5663
-1309
-1025
-3280
4787
-6487
-7558
3616
7193
-8939
4826
-4951
6506
5060
698
-5701
-2622
8779
-6689
-1450
-1547
9574
5207
-4962
-3367
4325
-4299
1699
-1002
4554
-9714
4630
9022
-2489
-4804
-5851
-4542
-5683
-9340
5383
7129
1816
-2576
-3275
4822
-9555
6418
-9910
-3788
-3712
8648
-9198
-4394
-565
-4695
-188
-6187
-7720
-2453
6629
-8846
-6502
-3122
8404
3326
3579
4897
3677
4127
5323
-3902
-3447
-4879
-3427
6236
9039
5300
9124
2062
-3436
1859
1682
-8249
6390
8322
4762
2611
369
-5701
3164
-9978
-884
-4763
4578
3379
-2510
-4460
-7666
9088
6018
4725
1178
202
9974
-7566
6889
1543
121
-8339
-669
-741
4905
1268
4230
8427
-8792
-4659
-1732
-1519
-2378
3494
-5545
8421
2750
-7233
9494
-834
-3862
7495
-7124
-6481
9192
-4370
9125
-9053
2962
-5290
837
-9171
1992
8994
-9094
-5279
-2847
-8538
-3194
-2415
2354
-4301
-6226
-4586
-2642
-678
5204
-7671
4588
-350
-5545
8397
-1117
8845
7708
-9296
-6496
309
9790
-1529
9713
-6245
3192
-4083
3459
-1367
-8756
-5106
3449
2134
-6018
-2258
357
3278
6273
-9837
7784
-128
-2373
7438
2687
7072
-1076
9059
2081
-8318
-5600
-1897
-1716
-3515
1036
-4556
-6318
8724
-1906
7587
5886
3045
3417
6497
2159
-6194
1706
1142
-7627
-1358
-2971
-5561
5822
-9331
-3157
-2965
-2359
-3898
-1953
489
-1768
6385
-164
1180
-1641
-2800
-3595
-1597
-5571
-3353
-5341
4852
-3886
-6133
-1633
6426
4462
6797
-4683
6359
-502
7973
671
-6892
-1076
-6588
9623
-5828
-4859
1155
-9515
-452
8379
2007
-2173
-5716
4723
-9216
1047
-7062
-7241
5625
1315
-8991
-7018
-8501
-235
-7921
8939
461
8696
-1726
-6939
7187
2669
1877
8104
6524
7831
-3284
5282
-8008
8063
-1153
9872
-2702
6962
-3296
5675
2952
278
8762
9018
3442
-1592
330
-5501
-9694
7130
-1524
-2162
-671
-3610
-592
3286
-8160
8270
-4114
-8819
-4197
-3181
-9850
5605
-1164
-6159
-8531
3599
-4963
4944
833
-5818
-3127
-9869
-8410
-6177
9603
-3224
7640
-8454
-5317
-4413
-3187
3815
3541
-3181
7200
1966
-5137
-7510
-6634
1523
6249
7635
-9753
-6874
-8008
-361
8440
-4233
4088
-7233
9333
-4096
-8897
6131
9263
-1609
-429
-4572
5079
9122
1034
-9869
4023
-9766
-2069
-5232
7059
8934
1950
6096
-2124
-5050
-3050
-3039
6813
8542
8931
-1205
-8033
7621
-1184
-8957
-205
-3266
-125
-5263
8684
-80
9772
-3288
-9121
-7395
-7465
-2341
3274
-8106
-4375
-8178
8080
881
-7590
5539
4473
-5766
-939
-8425
3238
-4525
3708
-7803
6911
-281
-1774
2570
1326
-1887
-781
-4012
-868
-8556
-2879
329
2080
-5590
846
-617
2045
9380
-4937
-8966
-988
1197
6092
-382
2631
3404
-5539
-231
5076
-8741
-5201
-2888
-6099
-8864
8208
7858
-6545
-7413
8976
-7908
-2439
7481
-3931
5483
-6495
8987
7835
5283
9011
7699
6683
-7950
1447
9256
5235
4566
3511
-1438
-3591
8926
5834
6912
3832
-3195
8645
4492
4914
-5303
5219
9303
-19
6549
-3517
3098
-9583
5988
-1858
3886
-1105
5612
5552
-2762
8865
2402
-8296
-5444
-8358
8605
-3890
346
-8115
-2389
-3682
3065
-9658
-416
-6426
762
-5627
-4788
5028
-9549
-7361
256
8188
-1320
-3818
9786
-4024
4200
1533
-7695
9712
9320
-6111
1694
-9228
4770
-7586
-372
8242
6079
4602
-4520
-9776
-2164
9456
-8313
7976
158
8212
-1925
9856
7157
-9831
-5074
-5331
2413
1464
-6524
6496
-6049
4046
1772
-480
6030
6308
-3321
3668
6132
9294
-8801
3183
6942
4553
-2882
3850
-6303
-3811
442
428
-2007
-2238
-4506
9657
2996
1514
4477
-2573
-6095
-5876
681
-4277
-8877
-5183
4682
8368
-2635
-3390
9998
-2099
-6597
-7833
-3946
-6185
-642
-7273
-2361
-5594
-2147
-7821
-6340
6208
8697
-4745
-8662
4916
7335
8273
-6399
9531
3484
-9087
-6240
5631
-7978
8602
-6969
5527
6483
-5635
-9488
2999
-3371
1942
-6722
-1143
-2614
1338
6438
-3837
-234
-7103
-2870
2242
595
-5867
-554
7765
-4216
-7790
4264
-7202
-9754
-5657
-4353
-2324
9313
-9713
1249
6783
9
-8308
7975
-4888
321
-5348
-724
6011
-1967
8915
6197
3224
-7994
-8434
6495
5846
8643
7153
6893
7447
-5807
-2824
8661
-9165
9989
8078
-8044
122
-5690
-2513
4694
9870
2693
3976
3337
-3064
-7543
4242
-5492
-4660
2665
1325
9469
-8046
904
3416
-848
8373
3443
-2294
2919
6111
-5038
-20
4632
6991
3223
458
-705
