-3592
9348
2828
-3786
7751
-2176
-5876
4917
7505
6350
-6174
-3947
-8144
5682
271
-4327
-6049
9965
3237
-7973
8709
8712
504
-4295
5315
-7730
8036
-130
-9069
7865
9809
-9596
-5431
1424
-5942
-517
7194
-4711
6987
2547
7463
7547
3949
5657
5156
1898
-7322
-1716
-7790
-3064
-8279
-3474
2189
9369
-1311
-2133
-4325
8392
9466
177
6469
4737
-3779
7722
5123
3186
-1641
7229
8923
-2090
-3031
-6466
5712
7967
-1880
-8829
-8295
6689
8682
8873
6218
165
6041
-9619
8143
-2404
-8895
-7117
53
-6059
-7788
-9417
5294
7390
-1416
-9758
-4454
847
-3554
9524
-7063
-6468
4726
2893
-8110
4034
4339
1096
411
-5287
-4177
-2508
-556
-4954
-5999
-1689
6247
-3971
6919
5818
8168
1815
-8026
-9231
-535
840
1366
-5988
-7547
-2846
-3358
732
2331
-4445
4436
7707
-9
6098
6090
-3432
7193
-8767
6145
-2405
-4151
9822
-4218
1830
5297
876
3080
-5970
-8579
3492
-6350
3578
-415
6331
3303
8998
7622
-5680
9672
659
-2910
4049
4186
8714
-7381
8889
6826
9530
9476
-7824
2618
5447
-5634
-8453
1742
770
-3957
-2241
1023
9111
-1795
7907
5299
-1236
-6516
-4100
1887
-5601
-7518
3468
8344
5425
-191
-3985
77
5325
-3866
6188
-5627
8014
8372
6023
7849
8540
-930
6742
1173
-5947
-1677
-2200
-1554
-5732
-2454
2044
2312
3939
-703
-522
3250
-8326
-9838
6199
-455
2976
4634
8767
-7113
2220
9542
5964
956
9335
425
7115
-6738
-3030
5359
-9948
-8855
-2003
6234
5326
-8836
9834
3490
-3383
83
9019
2570
-9829
3938
8998
322
-6095
7766
5071
4603
-6171
-612
-8208
-4855
2925
-4164
480
5572
2984
7257
4882
-4029
-3110
-7434
-2344
7771
2262
4962
6840
9562
-4513
6152
6381
8882
8139
3398
8994
3934
-4885
9525
-967
-3680
-7076
9039
-2185
-8525
-37
3083
-2621
-5966
-5414
-9144
-2143
3376
4125
-1857
-9649
-5659
995
3232
-6697
4783
-7312
-6394
-7133
-2161
-9367
-5218
5837
8020
9740
8896
5249
4716
8422
3923
-1796
6106
3269
6326
-9853
75
6785
1006
1842
4670
-4066
9979
5559
-6294
4822
7459
-2703
-6793
3266
6811
9091
-3535
-1916
8586
8728
-6861
1108
487
-6127
-3701
595
-2136
3794
2702
-4831
5589
-8831
479
2689
-646
1113
7550
-6579
1328
-2189
-6392
7377
4239
-5865
-265
8627
9052
-2678
8543
557
-417
4047
-3531
3880
6819
9210
3300
9943
-4968
7524
8361
7374
-9091
-97
-7103
3247
9853
7601
-1909
-1038
-9054
-6450
4340
8345
-3303
-4934
2968
6842
-7308
1317
8102
113
-1713
-1624
-9282
-2892
-4091
5873
6976
-717
-7449
-4955
2532
2998
9301
-378
-6644
-1143
1874
6348
-6133
-2053
-5491
80
8307
-2304
-3980
5055
5217
-1854
-1992
-6174
-8662
2952
3193
9252
-7236
2843
-3553
5217
-7405
-7335
-4349
-5615
4736
2995
-1542
-6350
-546
-4835
-3962
-3832
-1199
-4903
9610
-1358
-6349
-8699
3022
-6492
-7310
7804
-7563
-2096
9727
-424
-7410
-2045
-8426
-9050
9735
4083
1618
1788
-4490
8954
-642
-2340
-4971
-3154
-1254
-3274
2596
7460
3471
-2912
7690
6699
-9101
-1932
7435
-123
4076
-7750
-4902
3014
-7261
-7365
2559
4012
9550
2147
-7195
8902
9065
4636
-2850
-7181
-9676
2510
-4883
-1912
-323
5105
-3996
9298
-7895
4973
2541
3019
-30
3663
-2574
6627
2120
-114
9162
-2163
-3217
-8107
-190
1525
-5595
1961
-8227
529
8120
366
8415
-1016
4070
-1380
428
-2170
7099
-4707
8408
4687
-9521
773
5052
-3319
-1474
1629
4626
568
-8427
-3428
5652
2876
-8486
6397
-9453
9928
2887
-3434
-5533
-1644
2478
-7001
1297
-52
-2997
2960
2143
5687
-6223
-6234
4020
-5179
4910
8435
6655
1102
-7615
7775
4151
-691
-4427
7075
-9926
5019
-6666
-5986
-154
9746
9986
-7153
9796
9347
-5848
8714
-3605
9471
-8852
-1900
-2750
2465
-9598
1462
-3714
2020
2533
-7463
6524
3619
-8168
-4253
-1077
3429
1334
-3375
7820
694
-5064
-5110
-3537
4778
-9670
4027
-1736
4514
-5555
-6012
1449
-944
1118
-8059
3940
1378
9504
-2483
4828
-9650
5892
4819
5991
-4811
-5340
7779
821
-8533
-2886
-232
-4487
-3974
-9212
9367
-4877
-5428
5933
709
-2344
3313
-2880
-1718
5267
-9795
7933
-9797
9521
33
8994
493
-8205
7926
-547
-633
-1441
7666
1700
9870
-8474
4724
9256
8662
-116
1441
-8686
1697
3423
-2152
-6314
3644
-7877
-7755
4950
-2465
11
6072
-3003
-9742
921
1243
6673
-1606
-2145
2460
-344
-9217
-7282
-1479
-8508
6494
5571
2423
-9880
-7380
8631
-3051
-2794
78
-9244
-2751
2020
4549
-2819
4677
-6773
-4234
534
6459
82
7735
1673
986
5155
-8473
-8249
4503
-754
-4217
-1089
-3867
-6854
-3101
7498
-7704
-8013
-6569
-5706
6735
7527
3571
-4349
342
4571
1426
3960
6520
-934
7973
8526
5286
1870
4916
7502
623
9963
-4482
9084
7601
-4329
3522
4170
9591
-7199
-2053
-1024
7075
-2432
-8105
-4035
-5752
1382
3104
4100
-2851
-2288
5406
990
-1875
-1427
5271
9663
1143
9236
8869
-407
-8772
4285
-5386
8939
-1421
-6893
1799
9862
-9464
-3836
-9918
-645
-6946
4354
6690
-1091
-5833
1506
8566
8283
-584
2714
9365
-7594
-203
-1701
9076
4249
-3180
5336
-8359
-9965
-9124
-495
2914
-706
-5024
-1920
-7870
-8968
-9687
-6552
-461
-2014
1258
-8434
-7622
-7753
-7092
-249
-4969
3562
-8319
6464
6788
4370
5636
-6745
7448
123
5096
-360
-2983
7470
-7325
-1600
-9981
9049
-9300
2722
3920
3516
-2295
-2159
-4765
434
612
-8476
706
-5909
7079
-1500
-8186
-3693
9243
-6524
7623
7016
-3987
-8181
8443
-9069
-5251
-6570
4733
-4305
4170
4062
1622
689
7231
-2462
-3396
-2582
3728
-470
-1014
6383
-8021
-8094
-7665
6653
9501
9526
7614
6859
-635
-8785
5691
-7926
4026
-6018
4387
9763
4201
8673
-7787
5360
9823
-2006
9678
-4823
2928
6554
7144
-7940
-3890
-6784
-8894
-1586
6509
297
6781
-8836
5710
-886
3094
201
-4571
1249
-7311
-4818
7540
-114
-78
-6086
9267
7842
4734
-5833
-7907
5687
-7614
-6955
2604
-4501
-3907
-647
-4588
-2901
4742
-705
1777
4180
4218
1814
7203
6229
-9877
-8875
-7692
791
7444
-7295
2932
8715
-1084
-9781
6606
5826
-6321
-2166
-2080
8035
8766
-644
7286
-3613
8495
8962
-5558
92
-4911
-1860
-5085
-3559
-7857
-8787
4362
5902
1980
-3858
-3243
-7331
-1168
-6550
-9236
-2313
-6702
-1645
-8972
-2026
-3441
5226
-4952
4291
2816
1305
5366
-8085
-5555
7694
227
9022
6157
3369
6263
-3168
-6131
-8507
5310
-4921
-6827
-5962
8637
6436
-3828
-733
-8450
7561
-3950
7075
5328
570
-619
-810
-4169
-436
-1905
-562
-2837
8519
7931
8365
9830
-5433
1098
-3407
-2113
3734
6841
3279
6032
9399
-5279
-556
3352
-5737
2648
-6020
3998
9057
-6
447
-8658
2135
-7454
9894
9166
1600
-1699
8965
-4156
-838
8120
-3016
274
3815
9756
4204
-1389
3195
6094
-9653
3552
-5812
3174
-1840
-8560
-6863
-3742
5733
2354
7435
-8080
-7428
1776
-2554
2816
-3785
-7389
4281
7971
3113
8927
1440
3053
7886
-6215
5490
-3782
-9893
-4576
-253
-2164
-8639
1557
5302
3173
-5597
-3572
-5036
-2165
-28
-4583
-9896
-1780
-5888
-2064
1020
1562
-8322
7855
6061
-6032
-9172
-6525
-3768
-5277
-7602
-4
-7438
9251
-730
-6285
5165
-4199
-1444
9431
-7974
8964
-525
9735
1625
3397
6222
-6650
-5041
1175
8834
493
-5041
-910
195
7331
-8678
-7281
4213
-3424
2901
-6427
5613
-4065
-4066
-3539
-2021
-3193
-1221
1502
2765
826
-1639
5684
4255
-1499
-9103
3761
-861
-7852
8434
7518
7832
-8971
-1056
2774
7774
956
-690
8537
3
7013
8991
-4133
1961
4253
-9360
8430
-6263
-8642
-7025
1341
-7199
-692
3799
-7748
-6050
-6817
-8286
-8174
-3135
5779
5411
-9754
1301
-6404
836
958
7136
-6758
-6127
8526
6741
4226
-761
1891
-7057
-3769
6701
9218
2670
-5394
37
-3010
4196
-6157
-7185
3350
-2324
3277
5735
-9291
7796
7209
5794
2710
3715
-8051
6731
2162
6604
91
-795
-2013
-679
-9382
-9857
-7401
6947
-4448
962
8412
-6507
1837
-349
3630
-3462
7339
6089
5662
9606
-6608
1546
7861
-1426
-136
8890
-5764
4276
-3253
6750
7355
-1795
-531
-235
8917
5515
-3918
-991
2241
-7523
-1016
8510
2819
-7879
-4425
4355
492
-6927
-9939
-4837
-2568
-6602
-910
-7985
-2259
-3907
7196
-1080
4797
-2224
-4330
868
8011
669
4506
1993
4053
3901
3523
-6291
-1321
8816
-1368
-4549
9953
3230
-4841
-1131
-9912
8606
7628
-1695
-5704
-9206
-2151
3737
9940
4207
-6928
-3008
2922
9558
-4890
-1898
-365
-4698
1502
-6150
-9364
2375
-7212
2683
-1750
1729
-5837
3876
-6349
-3003
-9973
3969
-3556
7012
-6986
5766
-5734
605
-757
2932
-8080
9105
-4481
-2314
3551
4157
3924
-7995
9546
6772
-8731
3474
-154
-9919
-3367
6353
8063
8575
4722
-4486
3852
-4573
-9934
191
-3945
1736
8939
2754
3619
-1251
7818
5188
-111
-6823
-3769
-6471
-7684
9931
7064
-9946
-8654
1209
-6173
168
-9167
-9195
-5742
2806
-4117
-3320
-6230
8034
-1535
-1566
9163
7665
-1067
-9375
4590
-621
-4101
9364
636
-2256
-9045
1624
-8198
-4334
929
-6423
-385
-5821
7842
-2341
-7961
-667
7003
3886
281
3792
-3611
-9693
-1103
-9612
4932
7775
-3617
-5933
5505
9930
2919
-9042
-8304
3403
-6727
8832
-2318
3951
7065
4034
6871
9327
7616
-1056
7771
-8446
-824
7339
4578
-7056
-5042
-5922
9249
-9015
1266
6914
7974
6011
5089
1671
-8320
-5318
3761
-1899
-1958
3466
-4846
3806
-7841
7985
5633
7981
-1417
-488
5123
1253
-9482
4371
-3958
8547
-9809
-583
-9735
-5473
-1223
-9473
-7355
2737
-810
-8459
-9464
-6940
-8664
-9559
-1310
4362
8199
-7736
9920
-3119
-3600
-6368
3633
4477
2814
5166
8707
-94
-6609
8597
1012
-7757
-8507
-6311
-9684
-6158
-845
1660
3510
4856
7520
8624
-1672
4585
6249
-4133
-1316
-760
485
9599
-4170
-1230
-9641
9276
-4783
3787
-3293
-1293
1595
9465
-4029
-2859
-4070
9317
-4839
-5957
-6587
9659
9640
-4023
-7145
-2091
4602
-2894
575
7731
8346
3667
9883
-5910
246
7239
-6970
1425
-1376
-622
3436
-8636
4003
8400
3897
9361
-9491
7130
-9656
-8258
-6033
574
2951
2653
181
5016
5202
-6301
-4890
-1269
7293
7638
9263
3795
6494
-3127
6523
-5218
-9079
-8830
1761
7201
-5885
-9947
-9986
3865
5039
-9473
-6897
-8184
-9183
2910
-1616
2398
-4727
1823
-7284
-6108
5394
-7845
-1600
-3325
7938
-4302
-8717
1274
-9440
5059
-3105
1644
-4689
-1974
-6469
-7196
-3204
9570
5329
-9557
-2789
9837
-9954
-2061
-171
-6517
-6465
620
-6267
8245
-4054
-2330
-6393
2113
9055
8344
-4562
4654
-2513
-302
7757
-4208
-8922
8324
3541
511
9889
3640
-4507
-7194
8423
3938
1629
2468
5882
-3859
-699
1409
-6713
2269
1589
-337
8754
-117
5236
-3678
2789
4529
2541
-2237
6867
4709
6011
1482
-4287
-1262
6101
-3960
-6998
-1809
-1589
3792
-9678
1514
4131
2180
7410
7250
5249
3470
4478
-8009
-8386
4518
293
2506
291
-4689
-4987
6113
8191
-7336
-8914
-2397
-5919
-4947
7453
-6002
-2106
-8876
-1467
6282
5825
-1619
4961
-195
-8881
-8326
949
3086
-6984
-320
-234
875
9823
1508
1832
4647
-5280
-5892
6731
-8700
820
3422
-930
4412
-496
-3172
1845
-3282
-6110
9811
2260
-5734
-6949
9759
1616
-1988
-5396
2346
-7616
5158
3085
2890
9322
-7856
7084
-4158
-9515
8425
-9940
4357
1132
8005
9803
3827
-4453
-5653
-9826
2014
-1524
7229
-8319
3332
-8021
8386
-7291
-8360
-7852
608
-1503
-4959
-6700
-8594
8202
3663
-6442
2471
9854
1788
7578
-2233
9019
-6686
-621
-9818
7605
9357
739
7203
-8666
7996
9469
5601
-6939
-1180
-5466
1778
7044
-2511
5250
-4869
-779
9736
8018
654
-4716
4434
-6513
7415
-7422
7971
-3216
-6736
-954
-2139
8988
6302
3570
-8279
-7571
-4915
7754
9204
-592
-8960
6259
7321
-3900
5005
2449
5989
5085
979
3620
4985
-4953
2388
2297
1192
-5221
1838
7663
-792
1386
2084
1280
-6386
-6827
-8461
9680
736
2312
1490
-1792
-1203
-4736
7510
5953
-4327
7278
8279
-5571
8703
9613
1271
6852
-8916
-5146
-6516
-6070
8787
-8609
1848
2897
-9581
777
9738
7818
5003
7206
4396
-192
6513
48
1990
-6906
-5982
-5673
9092
-844
2492
1196
4160
-7895
5977
4799
-273
-759
2276
-600
-5838
8288
-7261
-1142
7604
5207
-5306
-7078
-1961
-6010
-3149
-7931
-3651
-3947
3725
-6919
1134
-7357
-6826
5035
-2081
-9875
5328
8574
1564
2691
-1084
9252
-9103
8265
2217
-2211
-4732
8170
180
-1822
-9303
-2370
4291
-6835
9924
8784
-1864
-102
4218
3831
3815
-3581
-4679
2151
-9214
-6283
4167
2176
-5550
-3396
-6494
-4815
-4335
-3308
-7625
-7808
-632
-2745
-9201
5014
-8138
4217
-6239
-3578
-5402
-1455
-667
601
-6027
8511
-7088
-5252
1359
-5183
-4994
1237
-9001
1498
9892
6357
-7055
8421
3679
8683
256
-7038
-5173
6880
-9159
9135
-6791
-9055
-9686
4365
-7670
-1478
-9139
41
8693
-2295
297
33
-4257
3084
5805
-9175
-1705
7505
-692
6663
-34
3708
9095
6832
-1024
5581
-4821
-4197
4974
-5800
7538
1725
8904
4695
-4126
7949
1075
1700
710
-9651
5761
-9464
-7648
123
1157
-5899
4301
7769
6270
9042
4759
-6859
8396
6118
-3830
1759
-8789
6218
-9638
5879
9219
319
-1969
128
-630
-2310
-434
6307
-6593
986
4119
-1938
6233
4289
4063
-4876
-7792
8868
8862
-9997
7430
2682
-8827
618
-4752
-1439
3884
5678
6417
4742
-5268
-902
-1334
3760
225
9909
4670
-9263
-820
9351
-8878
-9364
8783
-1613
2546
-7924
6273
1454
9945
7398
1955
-5781
-9506
-5278
1741
-4299
6475
2705
2356
-5629
-2728
-8621
-7743
-3128
514
4612
5292
-6182
1545
7310
-7093
2915
-2306
2478
529
-5533
-1471
8528
-3971
9645
-6539
6369
1626
3139
-9343
7745
-1931
2255
-1607
4719
-1227
3091
6355
5396
-8561
3975
-2328
552
-5708
-5600
-1044
-563
-6996
6662
-8813
-9249
4702
2175
-1097
-8244
-4415
9061
4145
-2394
-3502
3891
5892
-1080
2764
6120
-790
-3716
920
4837
9265
1517
9201
7145
-2987
-9079
-4915
-6062
7767
-6357
5118
4168
-1899
-3622
-291
7597
5238
1154
-8174
1405
-5813
-6112
5012
7542
-1349
6050
8327
-8245
-1619
-9812
3430
1578
3270
-6301
7663
-8996
55
1443
-7936
-6860
375
7791
5981
-2192
-3991
-3961
1304
-7535
-7677
6006
3118
8472
5388
-667
3817
301
-9637
-2066
-8230
-8069
-1018
-4634
-6541
-3299
5617
9747
-8302
7178
-8660
8444
-8585
-3738
6293
-6168
9205
-2766
-7481
875
9636
2146
-4755
-6012
4481
5961
-765
7202
-8245
7033
-5788
-5086
-4523
-8162
6974
-6459
-4146
-8461
3697
7754
-5879
-6826
-8783
-6144
4983
9515
-3271
7449
9521
-862
8713
5207
2828
1389
-1590
7588
2490
-5762
209
2290
-7191
7814
-8305
1561
1254
-4081
-3619
7054
5905
8706
6268
1325
3471
4836
9625
-390
6420
2808
555
-8210
-8960
5498
9601
7372
8150
8440
4654
-5850
-156
-3258
-7547
9292
2019
2860
-89
6958
-6053
6973
-4049
4664
-2360
1930
-6326
-6940
-6069
-8064
-2095
6294
8307
5908
-1516
1300
8210
-9005
-277
-8035
9017
1929
4265
-3619
-9755
-2510
348
7954
9208
8439
3751
9124
9583
-2838
9388
-9558
8455
6680
-8199
-2272
3810
3267
-8107
7808
2142
1269
-6167
9458
-8407
-6266
3709
4247
5346
-8588
4715
-660
1417
-8754
-4485
-3253
3752
-7577
856
8930
-430
4629
7007
-2834
-3516
2093
719
-6119
5330
9819
-209
-1021
-4545
-2640
6982
2850
8712
-6986
-504
-5247
-8952
9348
1221
501
-4954
-5295
8521
-7445
9162
-4892
3348
-5140
8430
-5238
-2892
-6935
9859
1293
-6235
-9778
9905
1647
-6956
-3340
-3144
5586
8015
-1125
8416
5202
7423
5782
-2990
3764
4341
8183
-7143
5740
-6083
8204
-5552
-4387
906
132
1230
-4567
-9148
-2858
8038
9376
4604
8777
8559
-996
9775
-940
-1173
2826
7783
6960
8624
-4182
-1367
-7770
456
9779
-5514
-1781
-7132
122
4215
86
2928
7782
858
-6384
-7144
-2182
7137
-1146
-6462
-8757
-7090
-5938
8993
8569
2816
-8003
9760
9975
-8820
1474
-5843
-4654
-2988
-7567
-641
-345
2931
-3496
6357
2907
-7332
-6299
-567
1318
8268
6061
5835
685
8053
-5164
-3848
5796
-1897
8124
74
-9590
8052
-4500
1913
9152
-6738
-6773
-8913
-8121
-4906
-8519
5156
7394
6845
9692
-352
408
-1173
7922
4437
-3113
-7953
-3541
9897
-8196
-5741
3310
-1722
4430
8469
87
7923
2990
2998
8405
9412
-2096
3417
1311
-3789
775
-3705
-6152
5853
-7997
-1298
8872
4023
5642
-1505
-3177
243
-3041
-8435
1144
4783
-4216
-9643
3261
1246
-1867
3252
7710
738
-8758
-1820
-6651
-5185
-3526
6606
2303
1803
-1370
4732
4736
4201
-5617
9595
-9701
47
-5686
7757
-2870
-6186
-5518
-190
-4438
-6549
2908
-3217
-3071
2426
-1399
2212
-3728
9297
6935
-5050
-2273
4391
5830
-7617
-1159
7486
-4072
8455
3689
9746
-5828
6722
-5012
1064
5914
4586
8499
-5515
-3329
-852
-8325
-3870
2754
-8934
-2635
5163
-7376
-107
-3776
8560
-6019
9162
-51
7873
-1162
-9456
-2259
9440
60
-7533
3627
8525
-4691
1144
-5837
-1203
-2241
8431
1353
8657
897
308
3290
6901
1494
7100
4592
-5127
-6694
997
-6039
-2194
-5380
2954
-305
4011
-9447
-2650
2174
3265
-7168
6331
1647
424
7818
-9241
-9043
-6627
7884
-1677
3
-8464
-2761
-9353
6518
1076
797
-5045
9012
-7743
-6179
-3562
-6492
-892
9641
1430
-8701
-7299
7712
5681
6611
2279
-4639
-1868
-1040
7511
7405
-5243
9422
3698
-4322
3001
8416
-3983
-6312
8044
5172
6967
-4067
-945
2498
9889
845
7594
9847
-1255
-3062
-7277
-5562
416
-7485
8532
-1383
9323
1680
8991
9263
2558
9553
-7446
9700
-3964
1322
-3608
-8879
-870
-8027
3427
6189
3854
-5882
-6072
4330
-2034
-511
-6711
-4649
-4550
-3023
-322
789
2547
-3804
-8468
1023
-806
-3558
9945
4900
-561
-5966
2483
5967
-1306
-7577
185
-3692
1033
8298
-8191
-5336
3842
8281
-5860
-7713
-6024
-2975
1756
-1745
-2213
1622
-5178
-7068
8030
405
2227
732
632
-7446
6619
-3375
-2812
7507
-7437
-5800
3356
-4008
-779
-2211
-4073
-4746
5992
8987
2789
9170
7830
-1477
7997
-3259
1126
9523
7702
3406
2186
3882
1560
-7663
2923
-9057
-5600
3159
-2629
-6217
-9731
500
-2124
3173
-180
5532
-6810
4646
3750
-368
-8665
-3648
-3175
-7786
9299
-9342
-9377
5460
-7601
-262
3644
-5352
6850
2921
6735
-7796
6832
-7935
4022
2278
-9247
-1991
-7032
4854
-2835
6168
-3839
-9527
-3472
-2933
-3263
-6250
-2546
-5178
-6936
3558
4265
9357
2276
4361
8247
-8030
6026
3190
9292
-747
-9407
2900
-1021
6213
-2417
6609
9489
-7707
1390
9967
5593
-3230
-7824
955
-9665
-5230
-7923
2605
-1598
4811
2638
3543
1976
-7458
8640
-872
-1337
1265
-3857
7201
-913
3292
-2957
8427
-2924
-473
-6636
-8545
6649
6610
-8537
3638
-518
440
2525
636
6787
-249
-6816
-3205
6334
-6612
-259
9153
9305
-8846
2424
-7007
9429
-4776
-7951
5521
3372
6739
8992
-3860
-1122
-7465
1829
6070
-2737
412
-9753
8422
-7215
-5497
7885
-8918
3781
9776
-1949
-6552
-324
3493
2327
-2261
-3301
9043
4943
2199
2535
9032
7449
-3104
1856
-2917
4688
-3909
-4030
340
-8246
3420
-2569
-8735
6895
8254
-1399
-9085
44
6695
-8890
665
8935
-1142
-8810
-7754
-6021
326
1072
7879
1633
1353
4889
5942
4974
-2732
9779
9371
-4966
1025
2180
2951
6587
-7802
6271
1765
1327
-9652
2573
4761
6801
8714
3689
1229
4155
-1743
-5738
8755
7786
-2427
8788
-6468
-5121
6503
-9129
-4834
-930
2054
-952
-7833
-2323
848
8798
9163
-6893
7152
4661
4732
-9898
-8408
-7296
2313
5887
1157
-4155
2408
-7990
586
5211
-5898
4048
-9227
8332
-9311
-8750
3823
6975
-8753
-2140
-8961
-9409
-711
8048
-2098
2685
-1845
4413
5381
-1788
-3470
4761
-3077
8221
5723
6787
7932
3997
-9266
-3274
-7790
2502
410
-3040
-6271
2417
-5119
-2489
-6159
-9204
4320
9631
-5052
7977
-7900
527
6112
-620
6780
-5073
-4812
-3425
7717
-7957
-8344
-1968
5820
-8967
-6879
6365
4658
4578
-2001
7236
-551
-5799
-6489
-1410
-7970
9741
-4140
4202
-4524
5213
5888
8914
4098
-1160
7069
8205
2439
-9811
7434
-4459
6892
3302
-296
-1645
-3541
4226
-5213
9692
1591
-1954
-6672
-8447
-6180
4984
-3919
-4988
-6130
-888
1765
2366
-2873
1459
3975
1937
-9722
-5515
8045
-292
-3090
171
3430
-6083
9822
-8838
-2996
-4772
-2425
6982
7849
-6441
-3466
-3129
-115
-1627
6250
4491
-9636
2293
-9674
8139
989
-5694
2183
-5775
3738
7093
7608
-8732
5862
-1449
-9261
-5212
-9777
-9438
5693
-3790
-7442
6733
-1657
8665
4878
-1894
3445
3169
-6224
6971
-9427
-2029
-1060
-2416
-8784
-2535
-3522
2689
5963
-888
4607
-9429
-9769
7521
7844
-6299
2810
7321
-2622
7521
2667
2084
-1655
-4367
-4426
7423
8403
8931
1253
-720
-7536
-9594
-6813
2132
1484
-2001
-3120
2254
-8969
-3448
-3617
-3059
288
-5721
1129
-1340
617
6300
-7215
-8284
-1186
868
3473
3850
8636
9572
-7741
-1440
-7977
-1595
-7490
-7465
2683
-6274
965
-7471
-9867
-3826
-2528
-4953
8635
-1586
-1045
-5514
4824
174
8256
899
-6345
3192
-1693
-2213
-1821
-147
2848
1980
-128
-923
1549
6408
-7419
-9356
-7205
-3183
-9786
-550
-1672
9663
-6308
6885
-2002
2444
-956
9296
5563
7356
2472
5765
7420
485
3690
2469
-3371
8684
-5728
-4168
-345
-8
-5277
-3802
5461
-562
6207
410
1630
3549
-399
6145
-9250
-5478
-1250
-4021
6397
8205
-8407
-3746
1462
-8268
5808
3645
-4443
-6101
-6316
-9144
-7337
-1607
-1233
4421
-1372
5812
8484
-9394
-6
5720
6280
9644
1640
-2981
-9760
4422
-7672
-9122
-8186
8449
-8976
-6123
5086
-3066
-820
-860
6197
9778
-1292
-1422
-3240
7913
4396
8680
-1711
-4044
77
-2254
-913
2300
-6188
-7483
1616
531
-8946
6346
-6027
-8932
-924
-8333
754
-3312
2229
-9237
-9060
5818
-1101
1690
-1276
3479
-9126
-7743
5137
4511
4308
385
-1841
5195
-5760
-4507
-9428
3936
7071
-8593
196
7562
9698
2018
9825
-8461
-6813
9898
-9866
-4654
596
4382
-7262
-3619
-9802
-8668
-8120
1113
3779
-9113
1758
-816
1484
770
6116
-4638
3108
5048
9855
-5793
-2526
-5951
-26
6650
-299
-2722
5423
-8849
7104
4320
7568
-6189
-3851
-1501
-1451
6714
2056
8370
-9335
-4750
-3297
-6773
-5783
-7755
2331
2731
-3600
-289
3368
5091
-6560
2450
-4600
-5369
-8338
4986
2839
-3208
-9785
-392
-7266
-4018
-9366
-7059
-1633
-6307
4026
6002
-4491
-4317
-6257
6339
2133
9565
1131
3128
-1324
-5226
296
8634
5301
3761
4350
-513
-9476
-5441
8737
4164
5045
-7801
-7038
3270
109
-6003
2716
9259
-2326
4375
-7527
-458
4368
-4881
6005
1512
5121
-3383
-4431
4742
1622
3077
-7329
-2624
-1942
1710
-3718
-8077
-8193
-5157
-2646
-2047
2126
-7725
-6364
-2248
5368
-9862
-9791
-8166
-7582
1525
8082
-2653
-3953
2252
-8488
-2566
-543
-5658
1392
-940
-2517
-7281
-3474
-6110
-2490
7088
9274
7108
1548
-9319
4969
-8850
-4461
-4541
3321
-1780
-1237
-4845
-9915
-7909
-3986
966
7413
6876
3124
8615
8945
-9251
5941
8912
-4263
1938
-5834
1323
6450
-3767
-1141
6630
3447
1566
-4939
-4981
3674
-2350
-1589
516
3261
-7557
433
-7644
-668
943
252
-6636
835
2965
1073
7984
2320
-8538
-3509
6437
6385
-5325
-887
1648
7415
9897
-3418
-8064
-9177
-9045
-5726
277
2695
2398
8757
249
6299
4953
-1647
-1729
6760
-1598
-6753
658
-8514
4622
-369
-4820
-5213
2263
-8779
5556
-4814
8511
6713
2696
-3809
-8753
-2525
-890
8525
3408
6263
4159
5529
2223
-3146
-1438
-8317
-5549
-907
-9958
8587
-2675
-7539
8356
-3887
6032
8985
8176
9367
-2869
1286
-3013
-7120
-1392
3525
1092
-6032
-5874
-1020
-8628
6692
-2656
-6361
-764
3516
4907
-7635
7128
-2279
4785
-4219
4456
-2132
2475
-7387
6764
7987
5288
-5156
-7837
-2956
-8267
-1252
-4776
7144
1863
-129
4513
5496
7888
2878
-6743
4896
-1068
3249
8244
-2313
1276
-4214
-1832
-2985
988
8950
-5698
-844
-4769
-9470
5195
-4746
4950
1015
8072
-3662
-8376
-6358
982
3275
-7588
-9166
3501
-8991
1804
-6369
6719
-4339
-7205
-3105
4270
-482
-585
-924
-1894
7215
-8299
4810
2447
1459
-4438
91
-4559
-2129
6591
3718
7999
-3487
4919
-5364
8464
-4225
-993
1038
9626
-3527
-4379
-2502
-5455
9426
-9903
6253
-6995
4270
4619
-1637
-575
-3846
-4835
-9865
2949
-708
1515
-229
-3133
-6699
-8025
1888
-8119
-6412
4326
2566
-7189
525
6
-7809
-5927
-707
7697
2771
-6450
-7213
9578
-6506
4256
660
-1620
-3906
-1974
-6997
1164
-7175
62
4587
-5556
6207
-9271
3749
-2579
-6218
-9349
3986
-4269
2499
-3687
9670
-785
-8925
-8479
-8829
6485
-4927
4736
-339
-3506
9126
-317
-2787
-5434
-4668
9289
-5746
5808
3740
218
-8098
-6425
-8688
5496
6303
-6460
9301
1836
-5812
-9352
7992
-2409
1170
-6203
-9973
-2155
-8847
-1447
626
-2836
-6687
-4553
-4125
4157
-3182
-2101
-1926
-8265
-3961
2131
1964
4270
6170
9374
585
7457
-8289
1569
5139
7021
7973
-4421
-936
-2869
2943
2899
-5038
9842
-4363
9203
-2702
2471
-9169
4823
-8418
9161
-3103
382
596
-6177
2460
-7471
6142
1717
2586
5943
-9618
6745
5797
-1987
-4793
3184
1689
8085
7112
1087
5842
-1925
-4839
8176
8721
-3107
7201
-6613
5790
-6021
8610
-1153
-4640
-97
1652
-266
2837
-745
1538
1240
-8878
5
-3350
-5211
6274
-7066
7943
-449
614
-5432
9312
-205
5928
4835
-5472
6506
-6471
-342
7877
4820
-3426
1356
-6116
6794
1681
-6143
6258
-6113
-9858
621
1527
2325
-7167
-4536
9767
-2801
-4832
4786
-5284
796
2916
8654
-8266
6929
-1668
-6103
-946
5380
7103
-8383
-4040
5005
-5000
-5313
3939
-9556
-477
3193
4137
-7041
-5749
-2703
8037
-1899
8233
-3569
-7656
-9619
-3138
5092
-8061
-6529
-8103
9263
8293
5025
3991
947
-3355
3670
-1933
-842
-1987
2895
-1440
8944
2591
5425
7473
9037
3990
-8948
1092
7603
-5784
-5105
4474
5939
-9136
9652
4580
-2243
9908
7530
4996
-1518
8319
-2945
3762
-5918
-6370
6835
3652
4405
-5334
-356
4685
1000
-7509
-2626
-9756
7102
-4482
-8811
4034
-3423
-1249
-4161
6479
9755
-9201
6149
9620
-392
6879
-9518
-7927
2015
5222
-317
1581
-7190
-3520
8845
-9779
1686
457
7675
-1120
709
6376
895
9404
7643
-637
-4616
-7753
-5549
2544
-9073
4331
8733
-4553
8422
-9781
-914
-4709
-798
-492
8784
-6501
4440
-7548
6971
-1704
-9936
-7335
6993
-2777
4452
5934
-8982
6460
6996
3571
-2398
6460
4710
-7385
3822
2106
3359
-2996
5160
-3911
8139
7162
3400
-1609
6652
-8516
2294
1968
-1889
8868
9163
-4673
7663
4057
7822
-7053
-787
9688
-5219
-9069
-8407
4095
-4248
5985
1312
-9157
8896
3501
7762
-5566
-8533
2508
-5673
1068
5331
-3778
-4574
-6840
-9452
-4774
-4968
5954
6380
6806
-3939
7414
5032
-5391
-2611
-8037
-427
-5205
8372
1449
551
-2682
7332
-7365
-1287
-3189
3123
-4435
8750
-7775
-5988
-3524
804
6758
-4938
-5476
-8823
6306
-7813
-3272
8583
-3579
4605
-332
-2168
9965
-3362
-9539
5141
-2168
-6904
-925
-8639
-1121
4911
3053
8181
-7189
2743
-8193
993
3874
-4857
-833
-7500
8394
6511
-7902
-7375
4398
-6274
2777
-2150
8705
3465
4429
-9943
1549
-8142
6581
1201
-6996
4658
-2858
-4546
9579
3728
273
-1989
-9339
-1989
4561
3217
3526
-1938
-519
-7681
4067
4770
-9226
3113
-3768
-5544
6482
8293
50
3732
-2027
-658
439
-8058
369
3245
-8377
-2682
662
-1625
-4296
492
-4240
-7236
-5564
7437
9942
-4738
2362
1475
-979
8296
4779
6091
-5355
-7750
-355
-4100
5315
-1092
880
9936
-2436
-2863
-9823
7078
6356
6841
-7669
-5286
3268
864
-9181
-3951
1746
3551
-5059
-3532
9856
7924
-9721
-2696
-8489
1868
1932
6904
-2621
-4571
-5140
-440
-6429
-5267
-8661
-7660
2256
-3936
7325
-4744
-1087
-2615
-4940
-4386
-7693
3929
9903
8911
-5656
-3702
-6680
-3783
4453
-176
-7513
-5221
652
-4030
-9999
-2863
1430
-9449
1897
7117
-3405
-2179
9024
9271
5904
-5832
-308
-6396
-599
1737
3450
2595
7917
2766
4494
978
-7412
806
3155
-8568
7234
-3056
2395
-7243
8033
936
2162
2106
5267
-8234
9074
-7414
-9706
6536
5745
24
5211
8023
-5274
6621
2483
-9975
-8949
4486
-838
-8470
-5416
6222
1276
7550
-9575
6088
3673
3388
-6598
8021
-6654
2232
-6945
-9514
-7890
-9126
-4052
-7017
-783
1869
-7509
-8999
-3949
-4592
-8987
4654
-8747
-5675
2227
8388
-968
4375
-1447
3951
-9741
-7839
2374
5458
9516
-2154
-9940
-5241
-2345
9062
1916
-8812
-7802
-7017
-4325
9311
7170
-3063
-8180
-1536
7469
-5668
8172
-2867
8081
7094
-5316
-5191
-1407
7046
-4534
5683
8060
1124
-1365
-6006
9769
4126
1307
7649
-7599
-4259
-6563
4121
-5027
-2723
-3475
5506
3206
-6347
4166
-8073
-9797
-6511
-6875
4053
8338
-2675
-3490
-8546
-9178
-2273
-9146
5255
7176
-2272
8664
-3984
-3304
-5690
9826
5001
-1903
-1281
9392
-9783
6772
-3959
-9393
1753
7664
-1338
-8098
8283
-5739
-1185
-5508
-4913
-3468
-3203
-3789
3777
35
-4578
1016
6546
-4138
7881
4000
1927
9039
9982
-6649
-6759
-3364
-4693
2532
8829
-7877
944
-2986
2892
7706
3094
184
-9012
-9879
6545
8648
-5255
-1104
7810
3666
-6350
6837
7487
6368
-3938
809
-4739
5414
-8733
-452
599
-2444
3908
1499
-6887
6027
1184
7672
-5196
-5478
3060
344
-2945
-6401
5917
3606
-8169
3779
2323
5139
7315
-9910
-2528
-1758
3202
8740
7777
141
1547
9589
8905
3513
9330
-835
-6243
5760
-203
-9383
9974
-613
4734
-9030
3050
-2390
2445
6415
2429
9552
9067
-6476
9574
4487
-372
6520
9992
-707
-4609
5042
-2397
770
3691
6554
-5209
5361
280
-7437
8656
1348
9127
-6727
-4066
7607
-8394
2678
-8897
916
1152
5604
-4909
-2523
5419
-7942
-5213
-7339
4679
8442
-1574
7447
9827
-6534
5549
2930
7685
-3421
7318
5139
6879
-9872
-4941
9100
-4881
1674
-5362
5705
2669
-8668
-3426
-4088
-6043
-7999
-4695
-3365
-3366
8766
7974
203
-1816
-1051
720
-9039
7853
-8394
803
1031
5947
-3501
908
-7653
-39
-5198
5100
-3612
2786
6913
5565
1531
-9859
-1112
-8897
-883
-2174
-3558
8613
574
-2914
-2303
-4194
-7681
7235
6058
-1632
-7558
7197
6055
7836
424
-983
7241
-6285
7837
-8520
-8078
4377
-9626
-8220
-5540
1815
-8408
2539
-8204
-6282
-7161
-7664
4021
2348
1336
4407
-568
838
-1017
-6529
7701
6278
7360
-8455
-3379
6068
8417
7068
-3823
9669
8337
-8855
-500
111
7443
363
4777
-4460
-8281
9186
-350
-8769
-7671
-3704
-5739
2923
-2675
-5347
260
-9341
-2796
-3853
-5124
3041
9373
-8133
8660
5141
2444
-3124
4935
-8464
-9076
7678
9082
1803
8662
-2318
5014
-3512
2399
-5509
-653
3607
-8586
-5983
2274
-2991
-4498
9840
6214
-2210
-8563
-5150
2946
6439
7254
-3165
-4575
5685
-7822
-1823
-7875
-2804
-1315
518
8747
9858
9503
-3870
-5002
-6659
-5842
-2158
6412
-1678
6554
-5421
9938
6838
1534
-6045
5771
3620
4413
-7321
112
93
-957
-4502
-9315
-4459
-6936
7419
631
6188
8900
6019
4244
801
5801
-3559
-9192
7098
-3606
-8290
4171
8546
-1503
4212
-5753
-8554
-1192
3605
-4902
6029
-4286
3578
3230
1452
5140
-9248
-4174
8819
5938
-3357
-9559
5969
6112
-8376
-1795
3333
-3979
-7727
-405
-8089
4900
4188
8183
3938
2099
-5983
7797
-5914
809
-2059
-1145
5717
9896
5447
-1927
9645
905
-1543
1918
88
-9734
457
-2071
-9326
-6274
3889
1834
-3805
982
-229
-4180
6350
-3957
-8050
-9212
-9232
-1145
-3600
7210
-7370
1628
975
5151
3717
7292
5227
-7031
8892
1953
-7109
5336
3034
7641
-1624
7834
-1322
-2501
1160
196
-6601
2178
2885
6504
2097
-4112
-6818
-8883
8000
-4229
-9808
-4383
-8881
1222
-4772
543
2524
-5
-4411
7102
9693
5813
8271
-5015
-5691
-9490
-8014
4952
5374
674
9616
3160
-9972
-2079
-9678
4838
-176
4676
-9326
5232
-5093
1901
-2043
2407
-2196
1304
-3303
-7779
3235
5489
-4432
8847
-8264
1543
-952
4663
-6812
-4333
8148
-419
-5227
-7939
-5847
2210
6957
6083
4963
-2325
3757
8543
1685
-9913
3255
9731
3464
3852
-298
-8161
-8520
2849
2853
-7901
-9477
-6325
3035
1874
-8980
3766
-9154
5279
-7918
8631
-4663
-3738
6239
-9985
3681
6975
1462
-2250
1341
-3027
-4711
-988
7764
1400
-4195
-9118
-4951
-5505
-2858
-6900
3962
3662
7169
-4287
1473
4871
-8780
-9423
-1870
-8485
6454
684
-6048
2940
9218
2451
-4234
-379
5053
-6350
-9972
1288
9999
2226
8308
-9198
8695
-5959
-208
2333
4420
-5623
5129
7674
-3644
964
947
212
4708
4257
1775
-7556
-2279
-1487
3621
-8839
5139
1352
-5007
-6936
624
1000
-9962
-5861
256
4723
-7607
-1986
-1499
6304
1851
-5052
4970
820
-1889
-6322
4934
-3258
3830
1562
-1713
-7588
-9141
-1110
2076
3103
-728
-5293
8588
-9646
-6963
9078
1421
8705
9606
-8327
-1762
2943
-2967
-5896
5828
-6300
-1978
1274
5835
883
-8778
2924
-504
-1947
9700
3022
9847
9179
544
-1553
-2748
-611
9616
-5702
5093
6439
-9887
-1913
8279
905
3996
-2683
-4647
-6322
-2356
3332
6578
6502
8403
9930
5263
-3373
5142
-1439
-9709
8836
9161
7941
-7091
2491
-1168
-7919
860
-9506
7100
1630
-3312
8711
5117
-1317
5933
8961
-3929
-2030
6950
6284
-7486
-4596
6613
-5846
6194
-2218
6812
2905
-324
-2103
-9290
2186
-8448
1152
-4877
3933
5551
-8261
7684
5450
-44
-2321
3210
-1958
8176
9264
-4631
-6102
-4915
-8042
-4302
-2228
348
1577
-1609
-2666
-677
1852
2038
3871
4825
-861
188
-53
-7065
-2894
7576
-9625
3644
6054
5624
-6686
4225
-7743
-4694
615
-5993
5204
2172
4609
-8237
-8274
7918
-2487
-841
-7121
-6607
-5985
-8985
3131
-8319
-104
9482
-7440
8229
5119
-1287
2748
-7019
6500
-2428
-1640
-3207
-3453
-2716
1306
7079
1991
-9215
3700
-1672
-4312
-4425
5715
3329
-6331
-615
7846
-9079
6958
8594
-9261
-8081
-8502
2842
1865
8099
-617
3543
7773
-6279
1065
-7107
-7141
-4680
8006
9085
-7402
-1097
2781
-3795
-8840
-3649
4375
-7413
-5722
-3560
709
-5806
6166
2020
-6387
-5658
-618
6543
-1684
752
-7167
1181
4719
-8744
3565
-1348
-9047
-7090
2414
-5899
3853
-6757
-2861
1646
2835
4595
7758
544
-7232
-6614
-8235
2641
5987
-5058
2674
-6948
4396
1471
8148
2434
5335
-2751
-221
9439
-295
3278
-7498
7447
4298
-4483
-3723
7993
2785
-8755
1569
-6781
3515
-101
-3917
8386
-6049
-4589
-3909
-5496
9478
1300
9486
-8708
-7934
-8059
-884
-4162
-7667
-8078
-4875
-7585
9255
256
1307
-2323
-3380
1974
5688
1305
1343
2614
-6747
-1259
-6809
1786
-5724
6772
-858
-1418
-6323
-1445
-3415
-9623
-9796
8403
5794
8360
7334
6395
5801
6797
5877
-3815
-9810
5154
-7659
6664
-9908
4102
-8699
-9548
1777
-6705
2885
4376
-6808
-7401
-947
-6858
-1823
-3798
4084
-2105
-7335
9863
1180
-1427
-3637
5103
2455
-6078
5087
3347
-5645
-9717
-3097
4080
-6704
-6144
-8844
8829
-4062
2087
6142
6416
-5616
279
1132
5310
1629
-3476
-3882
8628
-8530
-7536
-8115
-7039
-4336
2384
1780
-9695
-5103
-9103
-8699
6838
95
6770
-3931
7911
-9943
-6531
-7146
-2155
4300
3263
2209
5139
234
-9024
6916
4851
-6963
3283
-3866
-3136
-6777
1336
7536
2188
-6692
9919
-4959
903
-6439
7669
1163
-7198
5231
-55
782
2021
1156
-3812
-7663
8078
1582
-9301
9498
-4385
-6424
-1510
-6288
-2150
7642
7613
4987
3415
-3064
-5830
-6051
9403
-1995
7887
-4092
5829
-6506
1947
1035
-5417
-3036
9195
3987
-1744
-80
6022
-8704
-1164
9386
-8171
6960
-1670
6296
5931
-9152
-3525
-1325
4382
1689
5008
-9722
3598
-1443
-546
-5080
-8054
8937
-406
-4464
-2716
-4935
7498
-805
1670
-9555
9987
5336
5417
-2958
486
-3270
446
-984
-4287
4325
-7891
-5120
4420
7251
-3436
4219
6095
860
-9715
3260
-196
2138
-4999
-1579
5674
3135
913
-6241
-7346
2347
-2914
3912
-2052
-5570
-3777
-7207
1486
5879
-9629
-4098
-4744
-7561
-7268
-1254
9130
1368
-4251
9334
-1454
5799
-4203
-2768
5991
-5989
-9240
6090
4077
-3090
-7540
8087
-3155
1554
1499
7195
9038
-3982
-535
-6629
-2512
-3199
8845
-7848
-9018
7290
5488
8295
-827
-8830
-7725
7429
-4991
9228
-6850
-2897
-6482
9066
6652
6390
5004
1565
-8704
-3945
-7674
4404
-9369
-3782
6788
6568
-5982
-4094
3641
-3788
-8279
-6853
1516
-1247
53
748
-5629
-9065
6596
-374
4193
7651
4510
-6143
-3270
-8795
5543
-6877
3357
5988
-2611
4929
-4770
-5082
1826
-6612
2685
-3438
-6645
6769
-3179
6639
5734
-5818
556
-8534
6497
5682
-3423
9887
-249
-5505
6949
-3511
9505
-986
4825
-923
8514
2542
-9630
-3743
-9609
8761
583
2436
-1738
3859
-9586
-4318
-918
9526
2317
8004
-8861
-1249
-7563
3192
1689
2160
2732
-7019
6088
-2602
9885
6822
1254
929
-7703
-7424
1126
2490
683
4324
-6571
8978
-6776
-4636
9929
-7934
-7043
-1330
2215
-3288
-4695
-987
9022
1041
-9628
6029
7251
-9965
-6971
2459
6917
3899
-4619
-9032
7055
-6780
-4893
8095
3731
-1119
-2502
2709
5496
5948
2809
-3272
3441
-5551
-5730
1167
3988
-4610
8966
-369
-2810
-3648
-7578
8895
3407
-5821
-6511
5742
6115
4596
350
9577
320
-2121
-5749
-7024
5255
-25
-7865
1651
-9562
39
-5786
-9636
-1490
7104
8151
3131
-1552
-9218
-2514
-212
-8156
-2605
5807
4027
-3107
1697
-905
1495
-677
2727
-4936
-2278
3674
-2808
-7400
-8882
-4686
4626
5340
9357
6181
-7601
-9411
-5643
-1325
-9706
3871
2424
-8647
7151
-9686
-9520
6619
9854
-5167
-7661
7394
-5328
-7815
5330
4686
-5138
-9567
-7080
7372
-1625
7927
-9806
-3321
5257
-5288
2056
4737
-1565
8421
7583
-397
-562
9366
7850
1226
-2753
-1042
1458
-5575
4892
-9570
-6301
-577
862
-9829
2533
5771
8504
3266
3896
-8276
-9999
-4604
9028
9153
8547
-8074
8660
7049
-8138
241
-7559
9954
-4209
-2707
6770
-7643
-8873
-7910
-6095
2025
-1622
-7131
9764
-1049
8996
-8788
790
-6546
5258
-4584
-5873
6412
-4343
-4561
5561
8421
-8056
7266
2262
-1974
1365
-6588
8744
-6972
6528
9762
8015
-2506
-1457
-8625
-7985
-2453
-226
-2380
3639
-1819
3194
1498
4623
2524
-2938
-2157
8988
5328
2874
-2469
-3993
-5494
6373
3509
9105
7559
2368
3194
-4213
6756
3301
-4455
-9699
-3343
-8204
-5725
6568
890
-2826
-9806
6704
812
-3512
3499
3170
-97
5416
-3696
990
755
6502
4799
-8808
4817
4282
-9647
5425
839
-4349
8405
-55
1677
9215
-5294
1068
3975
-6997
-5549
-6588
-4084
-4042
7867
2225
-2020
-6123
9517
7393
1777
-5365
5725
5239
4691
-6559
-9503
-349
-3102
1853
-6453
5859
952
7171
-7935
5515
-7376
711
-6066
1898
-9563
3772
-7135
2345
-7472
9564
-7426
7492
-1221
-8114
-1074
-8265
-6389
1564
-4818
7386
-2641
9622
-890
-21
7811
7173
1470
5121
3024
-6423
2773
-5107
11
6624
4239
-8832
1236
2313
-580
6942
-3278
2396
9179
-9223
-66
8889
-5240
9706
3820
2311
-9880
-7689
3187
2428
-311
-9476
7856
7063
6938
-7668
2452
-146
-4134
910
-9265
5537
925
-1202
-6146
1450
8278
2919
-3278
-458
-7727
-3059
3116
-3724
-2201
-44
-4076
9271
7775
-3170
4216
6656
-5304
-2165
-7744
-5433
3514
-6167
-6124
7368
5668
4083
-5960
4474
6048
7716
-7622
7799
-3749
9237
-5297
-2703
6884
-8262
-3541
1822
122
-7125
6598
5
-8628
-2569
6394
-1147
9939
6509
-9008
1070
-3253
-6165
9520
-3286
-1817
-7660
-8050
-3546
8159
-5146
-7223
9748
4012
-1396
-5493
-7552
4148
499
-5359
-3718
-8860
-9995
9807
-7665
-6670
951
3986
-5460
-148
-7402
-3823
-1245
2891
1215
-1091
6194
-5026
3325
-4077
3412
-8985
-910
6671
7480
8127
-5792
-148
3154
1630
4717
-2354
-2006
-6052
-677
-7909
8730
-9043
-553
-7647
-5575
5513
-5804
-4244
4631
2731
-3577
7156
4756
-5356
-8912
8334
6761
-8547
4518
9353
8844
8411
-6484
3008
-5234
1080
1551
-8331
5612
929
99
-3263
6279
5800
-1022
-3699
7409
5884
-5315
-9060
-8257
-419
-3012
-3758
-2232
-9214
-4032
480
-8838
-7635
4589
6625
8270
1154
-3168
-6278
-2584
1300
4244
-9947
-1881
1636
-7764
-8252
-2824
-5234
5880
-6345
9156
356
9416
-9628
8703
-6505
1210
1703
-2792
-8142
-9273
8931
-3009
-9719
-7443
-4142
3975
1436
7692
8017
-8716
-6797
2878
7249
8519
2268
-8881
7372
1627
981
1141
-2125
6882
9099
-7934
4892
-2842
-4445
-9153
-9393
1300
7323
-6179
-2675
-3002
-3060
-8347
-5884
3657
-5008
-3258
5104
-7881
-555
-4866
4246
8064
5028
-4611
-8906
5640
-4362
-9395
2228
-1876
-1122
7733
-1139
3254
-774
7109
-9555
3085
-142
2776
-7039
-8715
8384
5381
-4160
-3135
8286
-1920
-5601
-9974
9092
-4267
-3085
722
5643
9655
6563
4202
-6580
8028
-2570
-9150
530
-6762
2523
8536
-4689
2307
6889
698
-9353
-7999
-4829
5292
-3241
-574
8013
9835
-5306
-3443
6924
-7466
3714
-7828
3528
-1209
-4691
3982
-5996
-3333
1261
8383
-5235
15
6674
-722
-8770
5156
-9313
4622
647
-8765
-7605
-7364
-271
-8022
-1892
-7390
-6028
-3210
1468
-3538
3989
-244
-8601
-2175
-5434
-3949
-6540
-3982
-1735
-3107
2781
-5303
1137
-5051
-4271
-6345
2759
8558
-9355
-1633
-3783
-362
-3330
-3112
3469
6147
-6234
-7223
2374
-1954
1679
781
3215
3808
2874
476
7026
8965
-5118
-4221
7112
7272
7614
-5635
9823
501
-4894
-962
-9747
-1460
6276
-3600
7117
-2647
-1951
-1887
4232
-9062
9841
-8276
-4870
5207
8656
3100
387
-4653
-9208
9183
7904
-9775
-1968
-5756
-4983
-1679
-9604
3956
2111
-3960
-6122
1427
7080
-9720
9577
3825
8339
-4083
6584
7011
9349
4620
-2021
9495
-5247
-8299
6528
-9180
-7985
7289
-7366
-7881
-653
2224
-1739
-3986
5024
8933
3936
-4920
-7126
-6790
-9762
-9102
-5318
-696
-9688
3701
1242
-6635
-5538
2028
-2584
6679
-1179
7634
-4659
-2434
-790
5280
-3380
-2484
-4199
7701
2567
-4511
1033
-1313
-9121
394
-9276
-7813
4648
3180
-2208
-4857
-973
6453
-7032
-7529
1626
8129
9152
3506
4553
-7180
4848
236
2613
-7544
-6162
8417
-6601
-6894
-6212
-9211
-1442
-4344
8982
-6411
8202
9664
5695
4793
-3554
-7250
3402
-710
7773
-4284
-5514
9904
-3210
3961
3736
7636
-7799
-2374
-7132
-3731
2602
-2903
5462
5923
-741
-5285
-1461
6081
-2317
2066
4369
-2887
7253
2899
-3573
836
8272
-3369
2177
-320
2923
-2828
995
1281
-6881
-4220
-1200
6117
-3907
6967
-6882
419
5580
1918
-6408
8854
-999
8611
-9069
1787
-6254
-4988
-3971
-6523
4364
-6095
-2801
159
-7958
-1049
-6121
-2066
1143
8196
9891
9434
1394
-2746
1630
-8497
3271
-5996
4063
9995
6832
-5134
-3942
-6930
4342
4740
-8576
308
6699
1144
-4891
-3567
-9622
-1384
7673
8296
7331
-9144
-1011
2564
7550
-8990
2530
3927
2041
-7379
6337
-723
3463
6446
-9126
3244
7871
-9028
-4603
5106
6917
4019
-2669
4174
-483
-7422
-3521
7715
6218
-7017
-2488
7182
-5114
3156
-3635
-1378
5715
-3851
-186
2715
3321
4097
-3560
4101
5259
-4979
-6988
-4089
-5802
1218
8138
486
-7886
-8582
-4354
4837
5921
4368
8708
-3163
9105
1416
5314
-9802
-9489
-9786
2260
-173
8970
2849
-9508
-245
2618
-3358
9266
9302
-3425
-6599
-7354
-5742
-6797
-299
9484
2312
8392
2748
-6454
-9517
-734
-7209
-617
9697
4060
-2724
1933
-50
-8822
1849
-126
986
9852
1751
2063
9437
4077
8418
-3057
1038
-1236
3652
-123
5930
757
8220
40
-1429
-3558
2426
-4101
1831
1162
4950
6445
7884
-283
6880
5697
9080
-2074
-7470
1439
5273
318
4599
9331
8318
-9031
8173
4423
7995
-1752
9483
979
5671
-7015
-8107
-9934
3491
1216
7809
-1698
-1921
-6784
-6904
-7265
-6200
5177
-1433
756
-3523
7897
415
9231
9293
-1500
-638
-5782
8317
-5170
7884
1857
2860
-4589
-9098
2717
8789
1804
-1924
-2245
9064
-967
5633
8808
6347
1195
7586
-3135
-4044
-8800
2198
2889
5404
-2627
-9300
1834
-1933
-3527
6725
4691
-4586
-7068
751
-621
-8556
-8139
-4968
-3656
5759
6033
-436
8321
2610
8734
-3017
5232
371
-4791
3163
3184
-6488
8207
-337
-4920
-9947
4028
-9774
-487
-5224
-7362
4754
-4262
4552
3507
9470
-9407
3813
4547
-6441
-7617
-5947
4668
4493
-479
2498
-3650
4779
2127
-7972
-6214
289
7304
-6051
-8657
3022
5308
-4856
6648
-7581
-2533
-9025
9110
7649
6676
4868
1177
-5807
-9766
-3387
-1033
9835
5319
-7054
-1606
5251
-9910
1350
-3920
9103
-7993
8291
-6855
-4507
8648
5
314
-1423
5043
-9529
4201
8926
796
2937
7614
-6405
-1076
3074
-8914
-5629
5307
-4740
660
4502
4100
-2591
1417
6395
4479
-1669
1692
-3095
1017
3520
7860
7685
-322
9113
4011
-3083
4175
6038
-2855
-889
-1722
-9788
-7222
-6773
-8366
6051
9578
338
4710
-3852
8424
5626
6155
6996
-331
411
6335
-137
3236
6493
3976
-4013
-8490
9940
-5097
435
6473
-2090
-7045
-7457
111
7653
6721
-2208
-746
-2884
-5327
-2956
-7659
-5
-141
6144
7164
-8142
-8075
-1736
-6094
5540
9415
-7985
-1462
1170
7007
-3173
-8596
351
-8809
-613
3286
8176
-693
4251
-231
-4176
-983
-1743
-9244
7604
5246
-2792
8109
6683
6627
5852
-8855
6802
7391
-1064
3623
-8647
-9590
11
-543
6797
215
2727
-6961
1768
-4702
9246
-9388
-3486
6309
-4767
945
7376
-339
591
541
-7478
5742
-9220
6746
7016
6652
-3755
-9591
-8850
8925
6333
4977
-679
-3625
9159
-8224
-6274
-5199
1905
3072
6636
8343
-8248
-9598
-8230
-5971
2535
-7912
5474
-682
1370
6946
1962
-1263
-3443
-7899
8757
-2228
-341
-6973
8211
2997
-3496
3876
-7010
-9472
-5058
-5357
-479
6070
-348
6016
-5525
-3098
2157
-2183
3490
7010
2343
9194
-9476
-8410
3976
8755
-615
-6081
5536
6989
-6861
1799
-8839
-1145
-1355
-6084
-3966
386
4117
6607
-3594
3224
-229
9785
-4893
-3488
-6313
-3891
3639
5051
-5482
-9474
-2818
4100
-9990
312
6075
-8311
8723
-8246
-4216
2242
2555
6917
4173
-5578
5199
9880
-1933
-9056
7164
-7914
-3734
5151
-3208
-2035
9913
6410
-9985
-2070
-3839
-8875
-2565
2577
-3666
5205
7657
-7923
-1924
-433
7166
-1198
5274
-6830
2563
7125
1954
-7371
-7605
2577
624
1845
-3140
1313
-1457
-7468
-5272
-3698
-7945
1373
8774
5282
-9812
7712
1247
-1481
-5783
9993
-5084
4707
5544
4988
-7071
-8644
8395
-1632
-7584
-1981
294
-4001
9519
8343
6019
-9514
-5933
-3883
6578
-6220
-2989
-2282
5141
4606
9761
7308
1475
9808
682
8837
9364
-4486
-7822
4584
6165
-7780
4271
2292
929
-4342
-6488
-842
6987
4163
-2448
2572
-8438
4914
-7062
9967
-191
-2830
-9356
3115
-1496
1222
-6422
136
198
6607
3046
8003
3391
6376
8820
-8226
2721
-4817
-2359
3661
-3952
-7909
7117
4119
-831
-4466
4711
4003
4678
2271
-5607
9691
-7387
-1630
-6643
-2346
8104
8979
-5940
-7646
-2883
3812
9141
5439
6104
1179
7113
-1993
-860
-2190
-7909
9581
-3326
-9426
-5778
8777
84
-6635
-4203
-5241
-9148
-4293
-1577
-7326
-3040
3125
7300
7402
3517
-1527
7810
9270
1205
-2441
-7125
-6695
4687
-7730
6496
-2779
5559
3243
2295
3415
4390
-5269
-2698
-7714
-9803
1882
-5916
4439
5020
8317
-194
-9388
-9613
-4713
-6510
-6802
-1298
6504
-3997
-1383
8041
9166
-2844
-9518
-2624
-8729
3859
343
-2941
-2207
5334
6909
4197
2140
1910
2694
-935
-406
-4112
-5523
7741
2103
-13
-2407
7809
3865
-9109
-9943
-1636
-822
6702
4181
-3862
1975
-460
-5485
-5206
-103
-3732
-2143
-5570
7174
-4296
8040
3067
1669
-9407
-5539
4185
4067
5243
-9378
-2470
-700
9906
7929
3819
-7519
1570
-2900
-92
972
4387
-310
-2277
-728
2923
6503
-3375
4712
1789
-9060
-2535
-3268
-3511
-2381
-9172
1891
8994
-8469
-2363
8571
1664
334
-1925
-6460
-3506
-7666
1079
-3147
-9404
-6839
-2124
822
6036
-2475
-9968
9020
7651
9143
-3919
-4179
6961
8235
-363
4364
-1709
-6887
-8847
236
150
-6792
795
-1428
5963
3671
-4029
-6832
-4785
3058
-828
-3371
4464
5598
93
7020
-6893
8459
-3887
8707
-2993
-9661
-9605
1602
5940
-918
4765
-9025
-9622
-3317
-7465
4415
-3484
-1979
-8730
5918
-8071
-8802
-7293
3237
-1720
-4364
-6771
887
9350
5019
9625
7545
-6029
-921
-1505
7204
-9620
7841
-5169
8041
-3922
9555
5971
-2021
4767
2905
7149
-5687
-2577
-6304
7963
4719
2553
-4148
5341
5720
8709
-3546
-7658
-8298
-3425
2623
6429
1557
-2086
2484
-7597
-9196
9918
-3843
-5786
5690
2236
7462
6959
8907
-7147
-9132
1222
1403
-3810
7657
7229
-6099
9977
5408
-6240
4273
-9988
8664
-92
4726
5317
5957
-5218
7974
267
-7019
-4519
644
-7925
2458
2798
-816
-5068
7129
1061
7152
3071
-1167
-4500
4495
7135
5700
4522
-9629
2126
-8439
8228
-7868
-2168
8036
8449
788
-3816
-7635
5828
8838
5850
979
2099
7866
5216
5245
-3031
9639
5310
-7630
7078
-4001
-9384
-2616
-9847
9649
-1179
4215
-5454
-9419
-9690
-5372
8617
8900
7949
-9120
-5275
-1112
-2238
-646
-2035
4190
4155
-8072
-1888
5796
-9606
-9144
-6342
1985
-8196
-273
-1994
-7178
-259
-5388
-1944
5767
-6004
-4397
-4573
3162
-9384
9392
-8053
-922
-3845
5637
-3379
3460
-9112
-5947
-2939
2021
-9360
4462
-3667
5580
2404
-1866
-4101
-6830
8873
-3500
2076
-5673
2039
6998
37
1114
9110
511
2151
8292
-2886
7470
7263
-3432
1794
1702
3504
1620
9492
-8151
9198
6812
5794
-6570
7178
-1897
1840
-8300
-4889
-1617
-5522
1475
-8594
-4260
-9145
6415
-3626
-7302
7377
2093
-4358
9297
8882
-843
7850
1593
-1973
-5126
-4920
-4051
3276
5300
1799
6985
-266
7889
-7098
-9009
6436
-9264
-6110
90
-5127
-3743
9748
8746
9058
4784
-4645
2803
-4360
-1360
-1333
-769
-2786
-7690
4459
-4113
8119
-1211
-2700
8979
9768
-9500
5057
5926
910
-101
-7802
-2262
3580
-1692
-9960
-2538
-8311
-4379
-2950
-4289
6174
8076
-1114
2756
3225
-2539
-7336
6641
-5609
2480
-5984
-6163
-21
2210
-6686
8081
3666
8217
5942
-1187
4286
6378
557
6919
-2616
4228
-9404
-958
9936
9598
9124
1149
-1221
-3314
2856
-5645
1478
9109
2086
3405
-5565
2528
-7244
-7687
-8943
2757
-1007
-1512
-1127
-721
5838
-3845
7758
5691
-3746
-8715
225
-8942
2764
7241
-4835
-1173
-9207
701
-8276
-1086
-7586
-367
-4968
-1617
8018
2024
3596
-1878
9056
3398
-154
-9118
3049
9536
6399
4279
-8333
8044
3911
-1787
-9481
-1343
4741
-2525
-5077
9122
-2903
-309
-9308
8677
8303
-4356
8296
-9195
9452
1706
5012
6229
-9364
4679
-5312
7103
1419
5956
3703
4772
-9569
8961
-4356
-4156
1212
9485
2229
-3635
-5726
-4998
-3950
4081
-8037
7869
7720
9341
7159
-2027
-4168
5048
4002
5008
6420
4434
-991
7006
-3633
-206
6512
-5373
1869
663
4755
1355
-5517
4643
6901
-3058
1221
424
-9412
9509
-771
-6890
1661
-9160
-5605
8695
-4164
69
-4883
3721
2848
-7524
-293
-2212
-6904
9571
-3993
7764
3679
-3516
-3206
4189
9559
-6238
-4293
5789
-4062
-9650
-3593
-369
7492
-3994
1124
2017
-2303
8094
-1724
-4120
-7012
-4485
7203
8207
234
-3672
570
-8806
4514
-3817
-4404
-6064
-9535
6948
-2873
2820
-2346
3621
-3875
-6089
7945
3756
-5800
-9984
5506
3894
1541
6786
-7829
2898
-7908
-8772
-590
9463
7865
-9299
785
-6824
-505
6409
7328
342
3180
6722
1350
6723
-7222
9318
9110
6770
3146
3029
3914
3960
-2461
6818
571
-4404
5875
4603
8005
-4438
1660
-3305
7280
9387
-7531
-215
-9307
5554
-7129
6207
2685
1094
2588
1308
-5945
-3575
-7203
5550
-6337
-7808
-8913
6698
-2260
-5700
6863
-3101
5580
-486
-9894
-4408
-8922
4489
-7412
-4770
-4891
-2181
5941
-2247
-2205
-3666
-2706
8549
723
1045
4962
3368
-4466
3619
6668
-2233
-6205
3515
1399
2668
7316
-8760
-8717
9514
6916
2334
-8899
3766
9171
-578
9942
-4214
5076
-2126
-7350
-668
-6292
-6350
-3534
3245
2223
2527
717
4781
-1434
1661
5516
1132
2315
6772
-3605
-3206
-3461
-6256
-5497
2632
4603
-8473
-3880
-1554
-1794
7358
-9571
4577
-7129
4686
8386
-9867
-6341
-175
-4000
-829
-8406
878
9849
4795
9313
-5283
-261
5264
9168
-8881
-1794
6144
-8356
-7857
9739
-7904
3390
7650
-4241
-1993
-3818
7659
1689
-8419
2508
4883
7636
5306
-2544
-142
-7624
3387
-5574
-5442
-8037
1182
-68
-8815
-4742
-1490
-3048
4816
-7554
-1623
-7299
-5943
-9466
-6821
-5287
-8894
-1433
-8957
-142
2728
-8801
1906
6150
-8808
5493
-313
-9
9945
7963
-9480
6255
-437
-7798
-3150
9691
-1855
-3445
-1375
-4349
432
1265
3132
-4380
-2834
-3466
-5860
-933
-2173
-3193
-7807
6953
-7347
-384
-793
-5620
7368
7642
-1761
4528
-1189
-7996
581
8871
-7713
8085
-5239
8519
-7875
7874
7429
-5082
3686
787
6172
9126
4496
-8078
-2293
-7469
-9584
9505
1873
3934
-6627
6819
-5546
7214
-2755
-834
-5918
3940
-6044
2237
-4373
8458
-9937
-9853
7837
7274
6805
3451
-3943
3075
-8195
-2653
-3210
2864
4429
-4040
5781
-9529
9622
9890
-4886
8782
7848
4545
7442
6471
-4038
3185
-4514
-4532
6380
-221
1303
-7327
-9330
6784
4503
1205
-224
6614
120
6198
-7615
166
1722
-1208
747
9463
8421
5957
9082
-4969
-5739
1892
4009
-6659
3652
830
-8882
-1647
-412
1386
1088
3522
-3670
6748
7984
-9806
1611
8835
-1256
2960
8617
7845
-6008
-1017
-7076
9495
-1279
6573
-2061
-472
-2225
-4352
-5220
-9459
3211
9251
4513
-364
-6878
9411
8294
-2225
-856
-4380
5301
2692
-7270
-4635
-5231
5569
-6948
-209
8887
-8078
4951
-693
9987
-7647
1179
-8965
-3567
7832
9541
5424
2677
9903
-8463
8735
-4637
-8880
-4474
-8126
8579
9239
8573
-6342
-2675
9873
-9887
5715
2837
9402
-5624
-7570
4542
3012
-3003
-2999
-4922
-544
8275
-2542
2286
-4009
2579
-5653
-6095
4021
-5580
-8638
4410
6600
7721
3072
7220
8955
31
-9265
-6867
1369
-4982
5931
-3921
-2769
4981
-7099
9283
-4092
-1930
7217
-1275
-879
6015
4565
-1676
-9882
-1061
-9452
-8976
3071
9044
-4105
-3964
8228
-6749
1423
-2411
6704
-5051
1620
3498
-9528
-8120
8773
-1755
163
-715
-3825
6471
-2350
6865
7095
-1302
1265
3469
2888
-583
-2253
4077
-1423
9787
-302
-9016
4966
-1148
9028
-3886
5179
-5452
-429
5887
-6477
2835
-8070
-9296
8990
-7940
-5182
-7533
3943
-3268
-1418
9365
5774
-7996
461
-3659
7437
-483
-8258
3285
8921
2649
-9931
8408
7731
-3761
-234
-7338
-4389
-7715
-7802
-9151
3786
9560
8280
-5514
8075
209
-6919
-127
8042
-3723
3465
-4956
-5245
3989
9080
6599
8261
-8251
-1507
1401
-8351
4341
5931
-1830
-3412
5075
5571
8145
3905
5920
9217
8608
-9885
-4741
1289
-4507
7949
-4859
8889
-8365
9340
8866
-3688
4013
6971
9286
7750
9147
7207
3518
-3010
-2693
6347
-9333
-7202
-7666
-1345
1510
-4651
-6861
-2994
-6815
800
2895
-968
-7122
-7391
9125
979
-4002
-7044
-6350
-8874
-2809
2117
-8938
4185
4675
-92
4565
7388
-6595
9395
-9014
5214
2907
8461
-9266
4553
245
2084
4876
3951
27
-8751
2008
-505
-4292
-8671
6769
-3540
-1842
-2852
-4943
-4887
739
7480
625
3224
-8090
-6768
-6965
-8895
5531
-7528
-8942
5881
-2851
8326
3738
-2028
1160
827
4310
9292
-2083
-2366
3002
-4589
-8741
-6493
1126
3958
8378
9808
-7559
4600
-5951
-1214
-5917
-7467
5935
-3547
2579
-6365
2263
-2754
-7061
-2442
7707
7621
822
7370
8243
1426
-1013
-4397
-1944
-2877
5642
-7601
8684
4054
-1412
-1025
-974
-1225
76
-5996
-8851
-2176
-9018
6589
-3236
-3231
3084
-8409
6092
-6371
3984
7874
8080
9747
7702
5715
8192
-3508
-9876
-9817
7048
7970
-5836
-4270
-655
6813
-4109
6930
-8692
3641
-604
1546
-3879
3262
-3744
-844
-8151
2188
-9025
9316
-6591
-1826
-642
-6006
8641
3030
-7728
-9113
-9438
-8393
-9734
-4125
-7078
2238
-1020
4524
-9514
6809
1290
-8142
267
-7590
-8794
2895
3718
-7875
-7448
965
6274
-7662
2972
933
-2418
7039
-1523
895
-286
10000
-7573
9837
2914
2216
-6844
-4151
3350
5157
9972
-2688
-5229
9887
-7642
-219
4641
-1811
9230
-5647
1765
-792
-6017
-4969
-842
9146
7596
4643
-4916
947
1237
-506
-3004
717
3270
-6775
-3079
-7811
1737
-6818
-7364
-8238
-8901
-1204
3158
9699
8790
-4433
4439
-6222
-8192
9446
8403
380
-4165
4064
9528
5264
-7930
8545
3599
-1835
-341
9527
-9126
-6825
-3960
-2912
4565
-8309
-1640
-9571
-4122
-8386
-6410
-5977
7354
8116
-9409
921
7675
-1843
-4838
6093
2760
-2494
-9137
-3444
-3217
-9746
32
6064
-7576
8764
-8216
-678
2733
8154
726
5361
-9589
4557
-1130
-6207
4962
3378
354
1936
4655
8061
-4860
1207
9540
-3222
6571
5958
-6459
7540
-2372
3899
8386
5250
2733
2563
9289
-2597
-328
8524
-3311
-6597
-6302
-8644
-7597
-4554
918
2733
-5071
-4182
-4922
256
-5408
-1997
5281
-1699
6801
-386
500
7050
6836
-4412
-2801
9809
-3512
-4945
272
-8309
-6939
-7740
-6258
-9116
5125
-126
4074
7334
4727
2694
9750
89
-6801
-2238
-1928
7833
-6452
1250
5620
-5387
1547
-8112
8199
-6523
253
-9730
-4551
3332
1542
8412
6599
-2362
-969
3353
1061
-3501
6952
8020
9762
-799
7704
-296
4904
4791
-5570
2476
-2035
501
4658
5266
-5162
5406
-2105
-9206
208
-1569
5449
-8275
-9500
-8888
-2841
8618
647
-9301
-9495
2383
-9008
-6120
-3913
5085
6006
-1276
-948
201
-6597
9927
-7594
9541
-1187
9222
9524
3049
3274
3002
-4912
-4534
3091
9867
-7605
-494
-137
-6991
-8509
5090
-5580
5805
-4281
-4733
1306
-7104
7182
7678
114
-8890
-1759
8791
-9617
3751
5419
-2398
-7326
-5413
1316
-4126
7982
-1039
1436
-633
-286
5156
-2387
677
5946
5471
-2265
1235
-3568
-4058
-5301
4493
1896
1146
6282
420
9123
6071
8962
-1700
7891
-7870
8581
-3139
-1592
9969
7207
-4833
8165
3173
4087
8809
-8312
2606
-8706
7404
-6324
-4692
2396
8770
5362
-9706
-456
-5140
-2582
5943
9390
-5310
-9892
-8674
9912
-9545
3515
-2027
-2041
2026
-1103
-1954
-6727
-4552
6798
1418
-7343
-3745
-1071
8663
-6409
-4902
-7681
-5451
2870
9472
3791
-7697
199
1647
2055
7115
1196
8758
5646
-470
281
-9830
9958
4632
2149
-2924
-8817
-7382
-9418
-5633
9720
8469
-7896
-8145
-7470
6181
-9005
-3900
4279
9984
9571
-4184
1477
-3945
-5558
-6277
-4636
-9772
8484
-7681
-6994
-8099
8140
8389
4518
4707
-6000
1793
-4186
4881
-8243
6299
7442
-9746
-7094
-3201
-1558
-4382
-5008
-3438
-7176
464
-8177
4987
5480
-2095
5923
846
3510
1421
-4502
-1323
3320
1216
-5375
9057
-4602
-5449
-4772
8507
-313
9026
534
5043
-4778
6981
-6040
-5996
1377
7536
-5458
-1388
-7755
-1612
6950
9204
-5388
2500
-4528
5518
-5644
7468
-2375
4513
6518
-9455
8138
-4480
6814
-9243
3552
-97
-6100
8084
-8576
770
-3677
-691
2655
1391
6136
6808
-5625
-3268
-8890
-202
1688
3989
745
2013
-5670
4706
-7792
-6546
-848
-7258
-234
-4944
-8374
-9331
2527
7832
-3516
5334
-5742
1917
2218
-5678
1588
3640
6951
-3160
-7964
-1880
-5157
-7887
-8899
-5102
-7955
1401
-2298
-143
-4262
-5548
-9013
-8438
-1850
-8087
8888
-4982
-6901
-2076
5525
1578
-142
-2012
7529
5243
-7715
-8860
-7590
9839
3414
2074
-8303
8556
8520
2227
-9691
-5633
8822
3841
2016
-1156
4005
7154
-5903
-2402
9139
3157
-1915
-1379
3358
-9013
2107
-3403
-7219
-3923
8361
2660
1064
1522
8366
1693
1147
9649
10
-7861
-4875
6518
-1736
8098
3263
2997
2788
6240
-4529
-9230
-6016
4240
-1770
596
8091
-7968
-7515
7603
-1759
-9865
-5920
8711
-6099
9082
7347
9506
9710
7731
2863
8250
2182
3826
-4613
-4817
-729
4245
2355
-4217
-3077
-793
-3741
3373
-3256
2598
-5766
-8699
-9073
-4549
-3229
3023
-2831
7226
-3565
-7187
-5455
2329
-426
5971
2645
-4154
4859
3094
6843
-6214
3141
-2135
7089
-1908
-8039
-4703
-2754
-5063
-9836
-9974
-9106
7415
1448
606
-7585
-3514
-1650
-8752
-9461
7450
-3643
-1246
9083
-4729
-4481
-6002
1138
7021
5776
-1023
-9885
-7372
3229
-2048
-3363
-7754
-8809
161
4687
973
-9204
2385
-5446
4999
1651
6632
-6659
4953
-9348
-4441
7573
-680
-7609
5513
-8805
5282
4469
156
154
2988
-5853
3593
-9271
-9357
-1499
6713
-9157
-3915
7658
9651
-2166
6003
-6178
3986
-3706
9146
-250
3473
-2308
8876
9386
-2686
5644
5243
3446
3689
-6990
-9458
3783
322
5644
9140
8837
7810
358
-7967
6134
4425
-1237
-6432
-3477
5841
-6959
-1438
8740
7783
7264
-4102
3544
-6303
-9686
2665
2743
2106
-1659
-705
8556
-7096
9592
-6966
-2324
-703
-6108
-4465
6258
2472
3784
-4624
-1385
5558
4447
-3130
2690
-6425
1185
-1561
-3888
-7391
7163
8012
6845
7955
9751
5739
7747
-1886
-7954
4253
-2844
-4393
6391
9470
2739
-5120
8221
1314
6374
4809
7526
-6877
3133
1370
-2513
3918
2561
-6950
7290
7716
-8492
-6703
1121
-9015
7623
6600
2652
-6355
-9858
-926
-2550
3115
-9043
2947
-4924
-7185
573
969
3608
6483
9400
-2632
-4814
-5649
1662
-1208
9895
-1361
8354
2184
2588
-7472
1956
-8981
-969
2563
-8646
-4782
-8431
-1358
7625
6386
-9009
8460
402
-1623
-3252
-6298
1036
1506
-6913
9847
-6389
2015
7164
2290
-2727
-775
1859
-4666
-7850
2089
6463
3107
-4974
-2050
-8070
893
-33
-5448
7038
1111
9650
-8146
-3569
-2475
8149
1554
2599
3972
-6374
-7808
-8206
-8297
9344
5140
-2963
-3044
-3893
-7117
7309
4350
-5776
4033
-1423
-9015
-9642
124
-1895
-3276
5957
-148
6620
4726
-8252
-8046
-4602
-8297
-1024
-929
