-955
-1365
-7622
2047
2819
171
6185
-4229
-3933
-4163
9896
-4712
2218
6816
-7385
9827
-7246
-4608
272
-5926
7823
-3092
-1347
-6573
-8251
-3129
1128
7753
-5909
-7710
-3956
9605
134
-4888
8570
2296
7310
2449
149
2322
-6189
4986
2173
1607
-2773
-9362
177
1035
-1274
2304
4161
7520
4205
-660
-3926
-2551
6808
3147
-5217
-290
-5195
3416
6252
5210
-618
-8564
-3661
6335
8820
-875
-5752
4992
6465
-3279
-4480
-8946
-2372
9048
9452
-1933
-4460
-1069
-8044
-1858
2859
4901
3216
9123
3559
1035
9298
-9524
-1976
4920
8010
-2832
408
-8446
-4801
-6347
-8806
-4298
-6997
-9042
9538
9074
-9571
9842
-2621
-1141
-2976
-8180
-7093
-6808
-8374
-4767
6931
-6289
-4339
-5565
-5311
-1975
757
-4210
8533
-743
-217
-6679
238
-6828
9759
74
-1352
4574
7521
-12
2860
-1496
-776
-4521
9656
-3824
-1926
1451
3175
-5851
6661
-7714
-4265
-9335
-9299
8228
-6068
5746
-1385
301
-6671
-287
-2490
1283
9966
-7074
5720
8855
4421
-304
5637
-9021
7816
2384
7056
-4252
2940
1026
-4147
-1643
-1105
8087
5915
6723
8519
-929
-3721
6828
-3246
3624
824
-1640
9444
-8873
2582
-9132
706
4389
2957
1888
8599
3057
-8714
8613
1537
52
7289
2959
8727
-9907
-2460
-5381
-295
8420
3512
3909
197
6156
-8566
4146
-6149
-3110
8336
-2101
-8497
9051
-7169
9246
-2565
-8951
6741
3176
2800
-3838
1844
8773
5234
-7256
-3584
8025
-7772
18
6846
6931
-2736
-6168
-8926
-2202
-5221
-1907
1921
-9831
5679
-3346
-1148
7020
2133
6927
-1834
1164
-9213
8591
7260
-4405
-2808
7863
-5652
6814
2785
452
-8569
6401
-1450
-9855
8939
4808
4374
5316
-2416
-8939
5997
-3366
6367
9589
-1870
-5904
-3724
1182
-4925
5135
3581
-4134
465
6311
-2758
6455
9248
4948
1938
-9079
-7978
7033
-1808
-2753
-1779
-628
-3005
-8556
8573
3247
-8544
168
7634
-1376
-1695
-4386
2239
4899
3382
1538
-8849
9920
-2954
-9487
1857
1087
-2241
-1752
-8338
3604
5658
2247
643
-6982
-9017
9726
-6621
1610
8086
6227
-8884
-9834
-6444
-3669
-3603
-1469
-2104
2255
8077
-4174
8644
-5390
-6422
6389
1533
-9878
1581
-3261
-3840
-1290
-1705
8080
2708
-549
849
-3410
4478
151
-3093
-994
2475
5250
1712
6832
4541
9113
-1280
8837
9360
-6824
9360
-8644
-1827
-9899
-9298
-1137
2528
2536
-9258
-9822
5855
8288
-818
-1562
2193
4101
9689
6063
3040
9523
4761
7519
-9004
-9664
8492
137
5816
6986
1059
-4274
2610
164
1803
-1591
4404
2796
-8949
-9745
-5893
1957
-2275
751
9717
-3127
4043
-6624
-8016
3248
3097
5527
-4987
-437
1098
-7485
-2456
9635
211
8655
-5894
-5583
1786
5814
-4328
-8910
5182
-1543
-482
-1939
-5975
758
6129
4871
-8767
-890
-3847
2154
5610
8748
-7725
2933
1406
-1257
-7839
2074
-276
841
-4359
1324
2726
-7022
7875
3884
2534
4187
2719
-2650
1010
9353
637
5282
-5946
752
-4149
-167
-4175
9327
2483
9064
4215
-3253
9578
5679
-5632
7176
5911
4490
-1213
-8300
7715
-6608
-6387
-5525
-7860
-9787
687
-4334
4509
-9850
-8918
866
-636
5282
-5543
-2488
3965
3466
-5216
9402
-1336
-5964
-9094
-1508
-6657
1071
-782
-8573
-1034
8327
-6595
-2149
-5870
-8047
-8133
7325
-9780
919
10
8434
6072
-5988
5022
7192
-1013
-8012
208
9700
-7591
6711
7145
-3307
-7862
7876
7199
-5034
5438
4901
-3085
-6455
2978
3532
7673
2118
7007
3578
-9625
-9112
6498
-1056
-9914
-340
3975
-5237
4628
-5667
-5334
6163
-4366
-2970
2798
3840
-5253
8417
-6190
-2877
2804
-4280
3047
-9099
-3763
-5791
3761
6045
-9236
3892
-23
9075
1519
-3473
-1574
8456
2631
-5795
-1514
4614
9735
6562
5006
-1047
1163
6528
-9162
9706
-7968
3555
3568
-3244
-2696
6921
-2839
-9887
-377
-7799
-648
1494
-9646
-1224
-2080
-7324
7075
9193
4297
6158
1004
-3766
9937
-4027
6961
-5604
-3395
-9601
-743
1953
6338
8406
3914
-307
-9106
1013
-9390
2247
389
8788
-7473
-7543
8930
4880
6779
-7903
-5872
-417
7474
4633
-7029
-6021
-2820
2157
-7837
3844
9224
-988
4692
-496
9470
-5694
7584
-131
-3245
-1441
-9755
-4703
-2467
5
-827
-5886
7128
-1992
2560
1846
6374
-8584
-1128
-2002
8611
7826
6991
-2139
-3200
-5687
378
-3925
3540
-7687
-8500
-1009
211
6138
-5021
-1193
-5002
4398
7750
-7016
2460
-6261
-7924
9218
-8216
-1787
3211
-618
9176
-7977
-1941
693
7373
6069
-6773
-9836
3521
-2854
2865
8758
561
4286
4634
-4614
2573
2650
1688
-1190
-8479
-7725
-3575
3148
708
2617
-8514
1910
8178
-7288
-4880
9923
-3097
7416
-5526
-5047
-2328
-6654
-8749
-3287
5321
7790
6206
-9321
5010
3777
-2232
-7081
-716
-6091
-1699
6700
-6097
-7818
4220
7544
-3587
8895
-3013
117
-6347
-9878
-2824
5621
-9889
56
-7588
-566
3877
6527
-7892
-5926
6392
3812
-5597
5528
4172
7717
-6579
7785
8775
2996
959
-8027
-9464
-7751
-2335
-8703
-1449
-2057
4483
4940
-6055
-3931
4551
1866
-7914
8825
1667
911
-1780
6543
6804
-413
4459
9671
-1848
-9329
-2050
-7734
-5612
4821
2966
-1416
9642
1145
9025
-6166
-7680
-442
1494
-9345
8755
-6716
8777
-4277
-1432
1648
4076
-7865
-4349
8567
6873
556
7915
6229
-8511
-487
-6495
-5961
2505
4281
-7172
2679
4450
1152
6116
-7607
1513
9678
4759
-6358
7174
-9253
9822
9902
-6870
9860
-199
6432
1516
-5525
-8764
-6635
5792
5798
993
7443
-8125
-8259
-4985
8
2878
-6814
7715
-7521
-9720
7397
1016
6346
-4375
3129
-7922
-3745
8343
-5034
-2090
2874
-8271
2474
8222
-6966
-6525
7810
-8114
7321
2463
7036
9035
-2158
8813
4335
3722
-7154
4379
6300
196
7512
5132
-9803
-872
-2681
255
2444
-1273
-2243
-8204
-9015
668
-3465
7475
4200
3670
9134
-3270
7474
1717
-7477
-5199
6840
3450
9074
-5904
-7109
-2024
221
-2159
6425
-3627
-1616
-1059
4230
-9298
1995
-589
-2965
-8334
-5605
-800
2247
-3503
5383
2068
-9431
-1546
-5432
169
2731
5864
-3217
-7529
6035
-9029
3697
9149
3413
3912
-7203
5574
965
-7913
2892
-9363
-4731
-3894
242
1793
5269
-8374
1047
-9116
9670
5457
-4541
-6797
4702
-5736
-8980
7078
-9959
7975
-1333
5606
6453
-268
-6662
-6227
-1820
8934
8368
8525
-6006
-3972
7806
3489
-1933
398
-8569
-9768
6538
4302
-1047
-9635
9442
-4032
-4562
-8283
-464
-6953
9345
7603
5396
9484
-8670
2921
7606
-8781
2886
5589
-5170
-791
-1055
6543
2046
-3251
8523
-4028
2992
-3539
-3198
-5225
-7321
2002
3354
-9968
2514
-3707
9555
-1643
7393
-6524
-9549
-2285
-11
-397
8258
-8977
-9475
-7692
-2066
-9760
2243
-7510
9896
2033
-164
8734
-1024
-6360
-4021
5479
6104
-8670
-1664
6963
8859
3347
-5979
4853
2599
-5729
-6229
969
-7631
-426
6233
-2424
5134
-379
-8310
6293
-3387
3013
-7746
-7137
-7503
3906
-1419
-1240
9499
5905
-7820
-4384
5370
9832
-4569
7995
8834
2235
-6393
-1813
5380
-4877
-8503
3042
2383
863
811
8652
-4780
-802
-7015
-9385
-1320
-7452
-8754
-9407
3594
9972
593
-8299
908
-5404
1887
-8071
-1588
-576
7978
8745
-7719
-2671
-8838
9288
4948
4733
-229
-5895
-6080
-6
-3945
-1605
-5752
-957
-5207
-9715
-1668
4057
-4723
-5399
5124
8350
-735
1505
9503
-7093
-636
9298
1096
5442
5197
4332
3895
1193
3031
2214
-2007
-618
-2010
-7373
8509
-9383
6845
-1287
-722
-1508
624
-4356
9130
-4601
-2747
-8010
-2028
-2925
9017
-3083
-5202
-6070
2860
1686
-7504
-6797
-9159
815
-4157
1608
3266
944
9369
-298
8436
1712
-3603
-9761
-7007
6927
7099
-6794
7729
7568
-1056
2900
-1513
2632
-4083
2521
788
9555
-5205
9345
-113
8559
428
-4545
-8878
-4385
7546
-7081
-253
-7308
7820
8379
8214
-6372
8562
4113
-6222
7472
-8757
711
9640
-4438
-5793
-9077
4449
-9462
4316
428
1325
5675
-7623
2795
9742
179
2365
-856
-2934
7515
6567
-7183
-7595
-3472
-3220
-620
-699
-6692
5583
4055
-4195
246
2229
7458
-2524
3974
3633
7438
1519
-7860
2959
-4564
-6245
3870
-1118
-3270
-2238
-7571
8939
-366
-6409
-7054
7116
1072
9677
-624
-5284
-7919
331
4012
575
9701
2897
-7440
7810
-225
-8376
-5959
8831
-9562
-5743
4842
-7138
-6520
8046
3376
38
-2340
-4923
7967
-8257
-7404
-1540
-6898
-8360
5571
-2110
4586
-9133
-5780
-1987
-5574
-3155
-5759
-2184
-3313
-1181
3079
-4583
-9420
5453
3194
5843
-6388
-7549
3671
-7450
5477
-1179
-2934
-2355
4925
4867
4040
9181
-9841
8052
-6469
-7266
-2887
-166
-1211
5464
2989
6273
8356
1201
4791
1205
-8794
-1830
-9596
-6308
-645
-6935
5941
2530
-7222
-3
5720
2015
-3132
5203
4450
640
-7646
7817
8249
-1582
6683
-1125
1639
-8815
6916
881
-9595
-7183
2197
3711
9543
-5910
9203
-5642
-5279
1623
-3692
7682
6396
-6944
-832
-419
781
-3205
-3208
8011
5319
9915
9620
-7285
-3839
581
3234
7001
1048
4462
6175
-236
9149
-4238
-276
7001
2245
-519
6700
7088
-8594
9299
135
-1984
7473
5980
-2919
-6825
1525
8005
-7422
9110
-2951
667
5805
-1833
-7360
2552
4224
2066
-6432
4225
6544
-1099
1613
-7814
-2062
-614
-4166
-2377
-3771
6867
9200
7258
-5172
-651
6798
-1757
7714
1640
8465
-6574
-3836
2632
-7169
-5092
-7050
-936
-7158
2907
-3698
-3656
-4513
5030
4473
9118
-3703
-1807
-6618
-5326
3672
-4561
-2242
9899
3560
7563
-3282
7654
-5367
-9509
4306
7135
-9058
-2883
-4172
-1153
-7202
-7446
1735
-9154
279
6760
-5840
3103
-2333
3811
5563
2632
-5067
-6281
-2254
-6653
9375
-5420
2858
-4132
-7019
8737
4596
-9323
1216
-5706
-1745
-2785
-7536
-6163
-6675
-4890
3902
-5362
2006
3448
955
-8928
5681
-6948
-7012
3253
-4532
1538
-1035
8906
8376
5842
2091
-4686
-78
9047
-1049
-4087
-4187
-1697
5730
-1233
-1107
7404
-5652
-7854
5762
-7301
-9779
-5872
-3268
8124
5143
-993
-2473
4811
-8741
2869
5750
6123
208
-5703
-4453
7419
9253
5168
-3558
290
-229
8051
3324
-890
-6842
8793
629
-5864
-6623
-213
-729
-4713
-695
6589
-9990
2207
7096
-6750
4772
9271
-562
-9754
4201
4171
7901
7436
8621
-1620
-4228
6320
4960
28
5059
-1275
9538
-2080
-6712
4694
3517
6065
-6036
-5568
3768
-8602
-6657
2011
-216
-263
-292
2137
-2613
7516
9446
-8147
-7151
-6099
-3974
8591
4758
-4797
3678
-1714
-977
-9079
-9820
-2865
6435
-5559
5746
163
4540
-3435
3078
-5863
-6877
6872
2499
-4424
-1060
8086
-6019
6083
-9760
3278
7819
487
2215
8894
-6891
6580
-8528
8942
1432
7583
3882
5497
1029
-1713
-5937
-8953
-8356
9331
-5330
-5126
-9867
-9145
-170
-2816
-9994
1700
4406
-5032
-3497
-6000
3814
-3206
-9429
8359
-6086
-3500
1827
605
2913
-299
-4936
-563
6004
-2033
-8220
-8166
-8844
7043
1750
-7765
1710
523
-7712
9422
1960
2949
6913
-6712
-3854
6825
469
8613
5243
3050
-8949
60
-4822
6803
-3915
9740
6073
8711
9837
7841
-4237
5582
9010
6035
-4775
691
-5180
-2872
6409
-2332
7064
-5238
-2747
-5297
2909
4253
-599
3977
-9290
-7543
-5274
-2488
-1365
1652
8463
3435
-7956
9604
-482
4268
246
2875
-1906
6952
-9191
4150
-3268
8873
6947
6516
2278
1079
-2789
-8529
5293
-6056
-8481
9120
-7779
424
3769
6856
3737
7015
7509
5555
2822
-1338
846
-7946
-4549
2585
5182
2272
1638
8952
-9332
2975
-9355
-4839
4798
4279
9144
-9557
-3255
-321
2772
-5647
5632
-3767
5958
-752
3219
1825
-6479
-4959
-1360
8601
-4914
821
-6389
-8218
-8978
-550
-7643
-3453
7304
2919
925
9680
9106
-3733
7302
-5137
4942
-3524
-9570
4227
-5076
-3870
758
-7774
5936
8873
2148
7748
-9602
9747
-7973
-9697
-8992
3214
3616
-1142
8515
6367
2829
-5027
8860
9391
-4812
5654
6921
-6206
-2509
-3382
-405
5015
-2029
1172
-9500
-5519
1026
6848
2234
-5747
1096
3025
-5193
9762
292
8030
-3148
8900
-5084
-9635
9840
1262
-1531
-9082
2401
1954
2471
2078
-2004
-6579
-1030
3583
-4082
-3544
6598
-577
-6377
-2872
8658
-6169
4912
-6097
-5504
2126
8527
-5357
-2321
9039
2061
4979
4475
9030
3040
3395
9117
9719
5050
654
-1723
-2847
-323
-6336
3406
6099
-4296
5966
-7935
-2265
-3194
7442
-3273
2225
-8488
-2238
-5411
-837
3704
-696
8593
-9682
-5941
1578
-9510
-9923
-458
1592
1273
-9866
-1735
-9221
-8800
6173
-8429
8992
-8779
1098
2363
7189
2956
1720
-1122
-6803
-8330
-8811
607
-7154
-4402
-3140
-6717
1603
-4879
4698
9036
-8278
-3298
7075
4460
7756
-7794
6299
2396
-1952
-1169
-738
6807
5249
-7110
5677
6557
-56
-7048
4075
9559
2325
9179
-9099
8743
-4551
-4113
1767
-809
-70
4582
6578
8040
-8002
9885
-5861
9849
-2574
-4982
-2029
-4351
9247
-35
-2832
-9514
2479
1061
-6608
-3225
645
-1253
-5432
-7755
6860
-8079
-9539
2050
2458
-372
-2125
-1303
-3717
2012
6181
-1578
-8089
-7907
-3039
9545
834
3061
7020
8023
5204
-2777
8193
-954
-4571
1708
5859
4975
7203
3035
8775
8436
-5480
4886
-7171
9107
-6844
-6285
-1190
-3832
-4117
2752
2611
-3475
4754
7474
6251
-6138
-1123
-2743
8966
3073
6644
-359
-5621
-5759
-6620
-4463
-4301
6524
-9580
9827
3386
9326
-6491
7755
-8325
-5366
-7104
-1368
-5973
-3381
7332
3510
9140
-4811
-1898
4420
3843
6017
-5921
-4175
-8074
-5611
8534
-9223
-5820
-4211
-1757
9782
3401
8607
49
6158
7918
1754
2883
6027
4799
3960
8804
-2972
-4587
-6318
-7479
4363
9303
5619
-9008
-3834
-9170
2367
7998
6830
6358
-1040
4608
-1356
-6801
-6772
6393
4974
7051
-1615
-8181
4242
8240
8936
-83
4866
-1519
9906
-446
4719
9225
-9557
-956
-6324
185
-4414
4305
1845
-2025
6370
9115
-9618
2052
-9390
7157
4266
-1997
-2884
1142
2945
-7693
-4750
-36
-6072
9320
3966
4585
6544
1044
8296
-5285
3502
2988
-6154
-3607
4372
-9769
2249
-2512
-7871
-1218
-1894
5785
-8737
7204
8097
8506
-594
5071
2744
-1714
-9792
8326
186
8831
-5533
-9608
3538
-9259
6580
-7255
-3406
-3871
9603
-7796
6530
390
-7275
-4100
1391
6680
-7945
-6581
-3987
-3032
-6912
-1719
-5200
-9551
4153
769
-7579
2529
7202
-3294
9718
-6033
4759
-7153
5098
4685
-3683
-5743
-3084
-9620
5615
-2450
-4269
-6072
-1662
5484
-9236
-3955
5438
2770
7685
5185
-4484
-7290
-2660
-27
-4469
2261
-1259
-446
-118
-887
-8391
5905
-6474
-3694
-6448
-4874
-2671
-2555
-7542
414
3365
9304
4614
-9219
-686
-3463
7283
4154
-3682
-3521
-685
-2314
6330
-328
882
-1178
3932
-5106
-342
-9857
-9408
-767
-3147
-5240
-7844
7908
2110
-7850
-7129
4504
1038
-1347
-2391
3953
-7532
6665
1416
-6068
2520
6675
6617
8859
-3298
8209
7457
1589
-48
-9974
-9983
8298
9603
-3338
1205
7838
3285
-1389
1389
5626
-1494
-7442
9726
8420
-6573
-1168
-8018
-1615
-1978
124
-4771
9577
5432
-1232
-208
-7212
-6637
3739
-6400
6938
3469
3642
7782
9114
6189
-9445
-8510
-5077
808
-9926
-4473
-3909
-6647
-2101
8915
3251
-3332
6929
853
-2950
9355
-5939
-3298
-1952
7627
5881
1326
-5329
4922
1054
-3524
-514
7737
5672
7740
-407
3593
4511
734
8263
7438
3260
7057
9568
-5544
-2045
4220
-6530
8094
-7667
6304
-5268
8830
3054
5873
-4314
9529
1269
8519
7575
41
-988
594
6754
-7416
-1939
-1472
5436
-4170
509
2216
-3435
2022
5234
7939
795
-374
647
9471
9216
-6080
-9575
1423
-5132
8011
1100
-8041
-8796
3450
2707
6580
8128
3844
-8837
6310
-2160
-5834
5344
-2753
5761
-1364
6927
-2697
-7830
-144
7481
-461
-1465
2305
-4964
4250
8399
-4275
7603
-3653
9134
-4773
9674
-8147
5204
4396
3965
-9944
-9784
7251
6051
-5547
-739
632
-1984
-3529
-2535
8445
-9592
2083
5189
998
-5697
4057
-682
-8608
-5824
-3522
2483
-4947
463
5760
8126
-9329
-6857
-9648
-8970
-7681
2738
6907
2924
-3619
-6886
-1118
1856
2561
7838
4944
-6214
-1368
8139
-9693
863
-5986
-9847
-4246
-8848
6243
509
5903
-9257
-5023
7452
1804
-4086
-2919
5066
2396
9707
-4425
-6080
-4392
9582
-5900
141
-3905
-6363
-9881
3960
7041
311
-4216
6375
1311
3442
9910
2218
8833
-4888
5834
7798
9723
680
8560
6368
8887
-940
-3961
-6827
4227
-5841
-8102
-9981
-6140
-6577
9037
-3025
-2216
873
7023
-5567
4970
7117
-6467
5159
-8484
-7376
8207
5463
-1859
2839
4639
3828
-2599
-409
7733
-8199
-9561
4001
-6865
9888
-7828
-3334
7654
-3710
-7641
7958
-6830
-140
8484
-6428
5109
-583
-6626
9399
9085
-2486
2233
-5891
6069
6050
-9540
5193
5949
8730
2323
-4298
-7184
6654
-183
2127
-3861
-3442
-2837
7742
1268
-1357
-3658
8614
5093
8493
8648
-8841
-4117
2645
-6730
-2876
4349
6281
-8097
-5604
4571
5350
3793
-9161
8791
5400
7371
-5047
-4038
-5436
1449
3118
-4262
-5821
-7777
-3921
-2790
4154
-4311
2312
-6622
-991
-2747
-8900
-9722
-9160
-2802
8135
-6702
1787
-8136
-858
-2258
5831
2735
-5868
-4358
1272
1440
-2220
-1033
-7468
5697
5304
-4973
-8952
923
-1919
-2142
881
9284
8373
8198
6787
9025
4586
3986
1904
-4039
-9948
2609
-5572
-9947
4796
-267
-1252
-7829
-2262
45
-3156
6978
-9600
-2945
7802
-1335
-6603
4452
-9744
4460
-9770
-342
-509
8581
132
376
1896
5498
-3106
-2642
-1245
-6604
-8522
-4114
-9095
2532
9794
7838
-7342
-9285
-6717
-1014
8680
-1305
-4693
-2036
5697
-3845
-3464
8895
9531
4582
-7744
-9014
8108
-3606
2669
3967
-7056
6598
-4320
-3067
-7077
6460
2539
-8700
9349
530
3451
4625
-2294
7886
-2880
2476
-9261
-9913
-221
-6752
6240
-4411
-8081
-7059
-8621
-2
3378
6483
-4437
4496
-6367
5776
6779
-5110
-8857
-2354
-7085
1621
9081
-5504
-3564
2568
-4591
-6159
-4594
8469
-7764
-4512
3527
-4627
1861
2822
4022
6348
4814
-393
5654
9990
791
3279
-5218
2116
9240
8484
5567
1778
-8194
6078
-7412
4036
2880
4138
-8356
1481
1999
-5043
4441
3589
5895
1772
-4944
2481
-8197
2227
8918
3827
-2145
-1337
-1297
-8690
-2935
-451
4129
-7920
4985
6924
-2621
-7946
19
-5406
-2772
4155
4754
5678
-7849
-2776
548
5218
5402
5789
8550
1167
9736
-188
-9358
3117
5293
-7196
5568
6124
5922
3078
-5000
-8688
-8366
4892
9477
-3582
5220
-992
7833
6374
323
2256
4946
9636
-4055
-6779
457
322
-5934
-500
2692
5579
-1944
7305
4239
-2940
7184
9798
-1777
-4367
-904
8503
-1450
1040
4135
-696
-6154
6995
499
-2454
-6163
-2286
-6634
-1964
-5849
8304
-720
3628
1117
-3157
-9492
-2755
1929
8873
4807
-386
-6718
-2774
6813
9277
7117
-102
-4225
6074
-3762
7837
1868
8154
-378
1865
2756
8143
9240
2285
7758
9832
5085
-7117
-178
-7746
1111
-3913
-2175
-5317
5023
-8658
-8753
5320
-7882
-950
-6851
-1614
1909
1449
7132
8025
6069
4856
-6895
-635
-5392
-8046
9818
-8872
-5209
5945
-51
-7857
5967
1405
-437
-9810
6133
9714
4333
-1115
3338
-8248
-3267
6070
-3770
8469
7437
2786
2119
3479
8574
-2808
-5727
463
-4610
-2664
9386
-9322
2538
5312
7526
-8515
5028
-2168
-6520
563
7639
1456
3781
-8531
4284
-9030
8834
8171
-4995
8449
5951
-4388
-1133
697
-5958
-2094
-5277
7559
5321
2723
1522
-485
-8267
-6938
3722
-5854
-3529
-2925
-6179
-28
5470
5200
-6244
-2967
762
4803
7895
-466
-9733
9322
-9236
-4670
-3278
-4478
7224
9307
-802
-7144
-7788
7845
-9623
-8860
-4020
6115
841
9005
7759
3267
4927
-6536
8725
6543
3757
9127
-819
-5749
-4653
-4069
-3512
7380
-1975
3748
536
-4906
-3277
8428
2890
-1213
4291
-7950
4957
-6170
6071
-2889
-6752
9189
-3961
2103
6832
6058
5248
9532
6240
-6907
-7346
2997
1326
9938
6744
7793
-1185
8673
-301
4193
-7695
1119
6475
-1936
-1616
-3123
4796
-9778
-8514
-6120
-5210
-3590
-576
8794
1129
-9098
-2477
-1844
2518
1218
396
-9617
-72
8818
8919
2796
9479
-8046
8125
-1255
-822
2159
-7910
2388
-4760
-2618
9352
2728
-3639
442
7343
6858
3567
-8894
-3631
3904
-5731
-6616
-7101
3651
9674
-3753
9340
-2207
-9957
5015
-4608
4236
1396
7425
-7930
-2780
6773
-7933
3398
-7315
-2113
2996
-4435
7655
-1730
6366
-6888
-9129
-1030
-6050
5610
-9144
-8722
7055
8235
6269
-2288
-5333
1833
-111
-2528
4988
4035
-4213
1356
3294
-229
-1607
2531
-94
-9425
1542
383
-8517
7840
-1060
4857
8642
4371
8905
-5830
8759
-4486
5182
3918
8261
495
-6878
-2115
-6942
-2201
2473
5011
3927
1760
-1677
4646
6853
4018
-6030
-6148
-6929
9176
-4763
7868
1968
-2823
920
-7722
-9161
5825
-5616
6422
7344
-3504
-5584
-2638
6803
-6802
3770
9368
-2902
1212
9545
-4540
-9046
8692
3153
-7886
-4266
9775
4242
-4942
-5039
-6688
-5899
-9437
6264
-7665
2993
8177
9531
158
-1182
-9427
5154
4842
-9676
9481
-2086
265
1650
6631
-4469
3000
940
-2071
-4208
-6376
-9514
-7762
5697
2886
8661
-6644
-7046
8261
-8135
-545
-192
1336
9085
4251
-4427
8122
5424
-4869
5554
4776
8756
830
-6033
-5041
-9555
-4332
1323
-3386
7242
4408
6996
-4913
6488
3277
8832
-3551
-8629
1123
-5158
-8960
4821
9416
2480
4127
1445
-8395
-2445
5507
616
-1740
5282
-3638
-6739
-8423
8086
8833
-9162
7761
6498
-3669
1
8551
3346
3074
-1505
8161
-652
468
7543
6689
-6154
-7382
5541
1955
-8736
-2054
5300
3772
-8570
3527
5393
-1951
-3093
-2723
7458
4892
2382
-3512
9470
-1515
3389
-444
4661
11
-5192
3349
-670
4376
-3606
7600
454
-426
-8652
6710
3849
-1267
-5646
-4013
2960
9676
-459
-3418
6442
-5988
2324
-1988
-6442
4702
1000
6107
5499
4153
-7555
3232
5395
-1486
-5080
1425
-3184
2636
-8832
-6216
4580
-9572
-4401
-1093
3842
5971
-2874
-808
6230
8989
-9582
2182
5534
9901
1902
-6204
-649
-3049
-7393
-3599
1600
4690
-6646
-192
7287
-8659
-7976
-913
-4818
-896
8838
4961
3993
-4829
9626
5418
5335
-8303
4898
-9172
7570
3049
-8832
9120
2159
4720
-9934
5023
-4045
7768
-9494
-9793
3854
-5130
2150
9181
-1419
-8366
4950
-7126
-8738
6301
7991
88
-624
4156
-5855
455
-9961
-4290
-1612
2526
9446
6124
-6119
-4851
-8927
-6030
2492
6766
2210
-4010
-9221
-6207
-6622
-4144
-32
-8718
7938
7952
-9239
-9334
-1543
-2116
-4148
1709
-5232
-889
-4643
1495
-4904
-7740
5260
-6239
9193
-8537
7308
-7734
-2152
-4365
-1726
7453
-4433
-7092
-6421
286
9318
8272
-2633
9762
-7106
4426
-5156
2298
4525
-9069
9343
7035
-3939
-953
8646
-2246
-3570
-5169
-5962
-1751
-3114
7033
-2037
9552
351
-5123
8388
6654
6538
9866
725
4973
-1443
6922
-6598
9838
-9855
-865
-7269
-356
1040
8744
-4833
3029
8976
9555
3302
7200
6997
-3725
-3162
8037
-3408
-6321
-4261
-5440
-1686
358
9182
4188
3139
-4007
703
-3018
1024
9500
-248
-6037
9466
-2109
-334
-6510
2127
3115
2109
-1232
-8317
9409
-3395
-9194
-5279
-3937
9573
-9360
-7606
8557
-8234
-5243
-2001
-34
768
-2171
-9897
-3747
8755
-4011
8691
-4169
4906
-1695
-4305
5234
8760
1471
4348
-4293
4563
6660
4926
-5569
-6268
-7717
9588
-5761
-7355
-2604
3210
8419
8213
-9461
2147
-4619
-7323
6604
-6716
-310
-2652
-3197
-5121
-1377
2220
-7501
-8325
5843
-476
-3366
5842
-3769
4270
4302
-4940
-6227
1476
-8905
-7044
-8102
-2209
7152
1896
5033
-60
-6307
-6697
-9177
9110
9092
-3701
-1404
8702
4508
3802
-7988
-426
-6198
5532
7866
6317
-9608
-4654
-1178
6635
-3344
8671
-5672
7256
-7440
-2043
-7855
5589
-946
5779
-738
8814
5806
4605
7865
4824
-1827
-9969
6038
-1043
-524
6563
2286
2482
8325
-9797
7662
-224
1069
6337
-5742
6767
3275
153
1937
-1511
-9109
-3533
5465
6417
305
-7584
-7410
7898
-1420
2995
-9472
4688
-1552
3574
2721
6333
2771
6502
-1722
4072
-5254
-7795
-633
5466
-6652
4196
1437
-68
611
6315
3771
-5076
-7077
8277
8918
-5233
9125
6209
2012
-3855
-6922
-1693
2191
8328
-6946
-354
-5143
-6688
-5490
-2474
-3609
3335
1484
-45
-7002
6820
-9300
-2948
-2676
5398
8159
7958
-984
7913
7691
-9827
-1727
-5548
-7175
-5171
-6823
5738
8974
1546
7607
9787
5084
-6977
-383
-7406
-299
1582
-3840
1851
1434
-6471
8854
681
-1144
8675
1943
7693
8240
7529
-3223
-4742
-9624
-8773
209
-9626
7682
4849
-1791
2353
4327
5884
-5151
422
-5165
3620
-4523
1456
-8905
-8170
2309
-4212
5802
5452
3034
-6005
8528
1103
-4173
4426
-9307
-2423
2646
-6401
662
522
-1199
-6303
7206
5498
-2367
702
3196
7727
1875
7271
5276
4979
9432
-6088
7589
-3659
-2509
-1463
-1212
-381
-3170
5546
1923
-7811
6698
-9606
390
7199
1669
1915
2446
-2738
7247
1240
9642
6780
-4927
-2154
5777
-502
-5451
-783
9274
-5793
-8470
-7235
-3770
5577
-7863
7590
-4989
9500
2307
6718
-9041
-6237
2663
-6051
8964
8858
-9220
3670
-4462
41
-5792
4259
-817
2125
-5143
-6504
450
-4770
1302
-5869
5636
-6839
-8986
-5797
3013
5523
8404
7330
5232
7225
9230
6794
493
2103
4640
8616
2336
-5427
4918
-106
2330
1420
8523
-1499
-7066
-5907
-3569
2264
8776
5754
2635
3709
3979
-8032
2205
3402
428
-8775
-3908
1506
6198
-8297
-2761
-1332
-1638
7600
7062
-7928
4236
-44
-7013
-6834
4656
-6634
-2584
-1912
-160
-3639
5375
420
6431
-1182
4990
356
8785
7382
-1967
2748
-7957
8400
-8313
-6450
-5343
3003
-8759
975
-4596
127
2819
-9048
-229
-5126
-8807
412
8705
-981
-4522
4443
2253
-8209
7102
-7157
7424
9944
79
4221
-262
-5387
6240
6936
-9573
9743
-1615
1941
-8733
5725
6654
-7040
-9861
5696
-8661
-4048
-6300
-6672
8807
-5364
3114
-6302
5591
-6465
-2934
5997
-1996
7282
9676
9261
5271
-9245
-4665
5087
2743
1999
-6335
6637
-7143
-8061
9089
184
-2822
-2540
5555
4138
-3082
-7463
2096
5242
-8097
-5783
2296
216
4868
-917
-4423
-3953
7805
1364
-5167
9405
8422
6222
7989
-7406
2058
-6927
5513
3180
-3493
-9671
4917
9999
1107
-8432
-7251
-4878
-8158
3998
-2095
-3430
66
-4672
8729
-6448
185
6184
-9389
-4606
-7736
2500
4997
5133
-1237
-3563
495
7145
8148
-718
7514
-3435
3553
7192
-2599
-1612
7862
-3412
-6611
-6591
-7670
-9452
-5984
1837
3615
9527
435
-4783
-4964
7822
-8989
3226
-1169
-2202
9037
-2848
4824
-2367
9436
2545
3739
-3075
-5426
-6498
-2355
-556
1221
-7414
5540
-333
5629
-2083
3407
472
9275
-6638
3537
-8932
7048
8801
-4639
5412
8674
3149
9355
-1393
4199
5262
-3125
7144
9286
746
1297
1561
-7403
-5590
-9961
-4317
9082
7312
6427
-2800
1838
-2657
1646
8075
-3105
-6993
-1527
-85
-9212
-2056
-6572
-295
-1159
4348
1550
516
6363
-9972
8823
-2746
-5256
6915
28
-6769
-286
2524
4302
-3595
394
-1104
3662
1865
2633
260
335
-7082
5449
7103
1641
682
-209
-2309
-6132
-8765
5007
1994
8071
4619
7546
6433
-7842
1235
-7772
3313
-2312
-2394
-6934
-2567
-8389
-150
-3212
-9275
-3009
5784
3418
8220
9394
1528
2546
6865
7074
-8083
4074
6886
3679
-1950
4310
-3478
-8253
2210
1901
-5906
9325
4262
7428
4167
114
1051
6581
-8055
-7690
-9358
-1450
-3448
9144
6183
9640
-147
6058
3582
4430
871
-2994
2115
-7729
9540
8945
-3701
5414
-4618
8115
-2832
-3326
-500
-5083
-8685
2065
-6941
7712
9820
-7594
-36
-984
7801
2385
-3697
-4569
-1231
4276
-7542
-9735
488
9022
4490
-4951
-4553
2231
5614
-9367
5669
5499
4701
4629
2515
-6575
-4079
187
899
-6954
-8641
825
4418
-7751
8145
-9428
3481
-7438
7188
-7056
7191
446
-8132
1520
-3529
-8281
8256
-1087
5741
8285
6340
4541
4313
102
7020
-4712
4802
-3462
-8562
9165
5942
-7824
-9133
2231
286
7549
9270
-1573
-2015
-5411
-6304
-1009
-5570
4430
-1516
-487
6238
-7718
-4376
-2932
-3531
7027
9850
-9088
2284
1530
-9477
2830
-4638
5417
-3051
-1237
-1129
-7218
-7726
8562
9727
810
-5990
-9134
2957
1378
3781
-7274
9295
2000
3295
4131
6425
1869
-8944
-1221
1978
-9297
-3103
-384
580
-442
-9688
3037
7463
9978
-8448
-7660
-5672
1726
6271
8885
-4026
407
-3923
3951
-7392
-8401
3647
9494
-8291
-1701
-6671
-281
-9264
-866
7288
2325
9743
-6524
-178
-5935
-6897
-7436
3060
-1581
-2313
7260
-4319
7204
-4768
8014
-8021
-2139
2894
6326
-7700
3807
-7107
-1488
2083
-141
7122
-3720
-6132
2466
7059
511
8477
4031
499
-6391
-4141
-9655
2003
1508
143
-9332
576
-8347
7471
5124
-2724
-1044
5623
-577
-581
1317
-9068
5475
-1775
-4105
7188
3310
2131
7132
-9492
-4302
-5064
-413
5456
8012
5115
5683
-6534
-4249
-2206
7898
-7985
8223
6292
-9256
9900
457
1632
6690
207
5747
-5281
-6193
-2493
-7592
-8906
-7424
7509
-6087
-5062
-4002
2478
482
-3700
-7916
-3329
-9512
-8132
-2823
3630
2093
6879
4895
7216
-3320
6527
4873
2269
2307
-8627
-6121
-6166
-3673
3676
-3056
-8555
-7935
459
6942
-4355
5969
4396
-8883
-462
3681
3479
8595
-3870
-1428
-4614
-866
-9940
2328
-1662
-9359
-5205
-5001
-1654
-3781
-636
8772
-8606
-5773
8333
431
-9726
-5715
-6508
-3612
-5703
2650
4762
-5229
5046
528
-5098
4349
-5727
242
-2049
8634
-3938
-3963
-7858
-5074
-9648
8350
-7310
-710
-7304
-5175
-3522
7691
-3022
4270
6483
-210
8095
-6283
-3831
859
-9524
-1841
-187
4661
8162
-870
2912
-8677
1650
-9146
-9336
4731
4236
754
-1647
3642
506
-6334
-8167
7640
-6740
7925
7166
-2789
1695
-1412
3249
9334
3981
-2988
5832
-2172
9898
-6375
-3940
-6755
-1979
-6810
1440
-6728
-4116
4293
8998
-5959
5708
-3496
-3658
-3687
-9727
7583
-2611
7887
-6259
3993
8431
-8528
-6602
9335
-8803
-5679
-6104
-930
7228
5255
-9578
-6868
9929
692
9454
6800
381
-6536
8316
-9467
1563
-9823
4638
-6368
-6187
-5375
2311
7454
-866
-3988
-2270
3636
-8161
8561
-2378
48
6864
5666
7367
-2535
-339
8069
-4518
845
1149
-6976
5470
-6639
2498
-7263
9677
-7761
-4012
-1462
-9570
-2809
-8060
6784
1710
2140
-1791
-6700
-4468
-2015
-5223
-5752
8960
5511
7339
-6624
-3125
-6829
-478
4508
2860
-3791
3548
-6659
-119
710
2282
6917
-7321
-5614
-4300
-5062
6311
1413
-9710
-3985
-2726
-3271
-5865
3154
-4147
-5648
-2429
-1216
-1935
-5276
1887
-9640
80
2469
1509
-8160
6499
-5295
-108
2225
-1757
2313
16
8758
3746
3348
-5672
8124
-1616
872
4898
1709
-893
1263
-1210
-7487
-3421
-9164
943
4354
8066
-276
8349
9511
-6615
4486
-9824
6164
-19
9212
-8410
-3960
6664
-2545
-3935
-4896
-5568
8088
-2408
2158
-8072
2575
-5871
-9531
3213
8634
4066
5645
9140
-6670
-3330
-5239
7810
-773
-2770
1000
1727
-1778
7730
-2776
6282
3359
-1573
-9830
-1665
5531
8542
3261
-1338
8779
-7411
5402
5425
-1739
-2428
4400
3048
-4998
-4552
7539
-7830
7876
6986
-867
