-9575
-132
-2792
6100
-9010
5914
1452
4038
-8242
-6216
-8137
6330
3849
-9150
-7433
-2897
6439
-3868
6703
8643
2388
9473
3419
5907
-5846
-6612
-4506
-5661
-1213
6448
-6151
5536
-9055
-1379
4432
-4734
5445
1328
-8688
603
5899
-1415
-7453
5088
-7382
-1904
-9756
6068
-6726
-359
9457
-4250
4073
-5879
7068
883
9122
-4034
7105
8934
443
1122
-518
979
2537
-6001
-4635
-514
-9823
-9414
1570
-5470
762
-5793
-5953
-1618
3348
657
5918
-234
6569
353
3200
4959
5392
3207
9402
582
-5519
6188
4821
3044
-3115
-9704
-2057
3779
6100
-5588
-9705
7511
6993
-9021
-7542
-7623
-1475
3166
-529
-8829
6181
-8744
3225
7987
-785
8760
1644
7330
-6871
-7135
2008
-1942
-8100
5442
2668
7560
2840
5424
3832
6519
8424
-9054
-9237
-7184
-6665
6561
-749
4631
4385
5613
1377
-642
-755
5363
-8155
-9661
3004
-3390
-9686
663
-5585
-7745
498
-2189
3371
1015
2358
-6040
9951
4712
-3410
7227
1516
8062
6751
7060
-7577
-8855
-8137
-6338
4224
8543
-6432
-2005
8936
7390
-6247
-9087
-1925
-7317
-4006
-7320
-9972
-9311
8336
-8666
-3166
6146
3659
1819
1238
-6759
-5153
-8762
-3299
5689
6837
-8975
8069
2170
8521
-2498
5149
-8215
8393
4689
-2264
-7401
5819
5398
-5558
-213
-9841
-3014
-6459
3294
-669
-7030
9104
11
-790
3529
-2567
-9812
6827
-8636
-3237
-2568
-5949
-8886
-4457
-4275
-8104
7569
9189
9532
8665
-1592
8941
-7671
8334
-1770
-4526
-7319
4048
-263
4929
-9862
-2426
-6109
6941
3899
4950
-4921
5110
-7374
-8780
2115
-6257
-9959
-9908
-5586
3465
-524
-859
6668
-7215
7433
8933
-8493
6975
-2986
-5585
-8507
-6004
5526
4668
4064
-3278
-2449
-6405
-6322
3966
7953
8620
-7252
-6549
1667
-8945
1438
6459
8599
-1950
635
-6127
-8360
-8899
3940
1468
7815
-5899
4838
-7185
111
-6341
5505
-6071
3578
-2694
299
4114
-4937
4041
613
-9804
-1700
-6137
-486
989
-6484
8698
-301
-1642
7762
-4033
-9863
47
1624
8661
941
8659
3076
-5209
555
-3591
7778
41
3386
-6720
8577
8
-2989
4805
4925
5828
4588
4687
1744
7274
-1755
-7055
-5733
-522
-2266
-6197
4728
4359
5769
-938
8925
5644
3853
-2592
8701
8473
6216
2665
8437
192
-3290
7105
4057
3206
-1400
8363
7789
-541
5706
-6553
-1873
-5120
-2310
-5596
6078
-7081
-8783
-2008
-8806
8709
-2212
891
-5675
-8663
4751
4532
3695
8762
-8256
6233
536
-5260
-1643
-4362
4435
-5571
-6938
-941
-5911
6166
-1843
-2331
-7954
-4960
8132
9477
-5821
6060
-6302
5388
-1588
9132
-5982
1053
-9942
5772
-7991
-3652
2265
7682
-9501
-361
-7797
-7624
-240
6641
-4446
-5539
2483
683
2729
9651
-2951
2803
6316
9495
-4155
-6340
8489
-4994
-6604
-1622
7875
-4606
-7553
-4202
-9764
-8325
-4126
5681
7853
-3507
4026
-4444
609
-7874
4001
3915
-7451
3141
-8528
3639
7873
757
-4215
5117
6052
5643
2522
4072
-3198
-228
-9698
-7883
6233
8720
-5006
-9609
-846
75
7671
-7880
2835
3909
-5333
-3592
-2524
-8840
6146
515
5473
-8231
-9646
-4645
4398
-9078
9289
6921
5223
6595
2693
-5776
990
-261
-6565
8091
3026
3431
2205
1433
9020
8892
-9210
-4648
-3749
8761
-864
721
-6089
5565
794
-7504
9036
-2732
-1668
-7459
-3564
5156
-3889
9844
7791
-8350
2682
-946
2042
-7115
-270
911
7818
6692
-815
-3368
-1136
-8264
6882
4705
-8455
-990
6117
-9501
-9186
-7904
6656
3802
8532
-9817
-6223
-7997
794
-6761
-1094
-4185
4114
7212
1471
5078
-6032
1724
-7964
-2199
-3490
-2779
2505
-906
6800
-41
-3811
-4871
-7307
7335
-8709
1169
3632
4599
1334
-1715
-5219
9740
-4061
-3843
8915
9505
-2207
3577
9958
-5144
5407
-5341
-1240
6936
-1028
6506
-3365
2007
-3936
7865
-5996
-5015
-8331
-871
-6445
-5585
-4490
4706
3115
-5030
-3003
8942
7962
7555
7437
5569
1775
-6276
4125
-3591
7096
-3837
-7853
6755
-3222
7308
-974
5207
-4174
3486
-8923
-3987
-9781
-1665
7289
-398
5514
-364
116
7693
104
5574
-8619
-775
3506
5458
-6868
5947
2516
6770
-6053
3254
3529
-6692
8202
-9832
1139
-8390
-4555
4620
-3194
-2872
-7775
-347
-1044
1861
5852
-5283
1542
-2648
-8556
4969
5046
3316
-2561
-7282
3296
-4675
5699
2723
8368
1596
7118
5900
-2603
-7513
4133
7143
-6312
-1548
-187
-8590
4589
-289
1974
-4618
227
-3762
-3309
-7852
2865
8795
7517
-1529
-6596
-144
5208
-3068
832
9959
-9913
-2622
-260
2355
-384
-629
9791
-8492
-9431
-4441
-9630
-3041
-9511
2703
4746
7735
-2852
-7920
-5649
-7492
8362
-120
-683
461
2433
4813
-6839
5441
5244
4512
-3441
-4569
-5493
-204
-1256
9956
2528
-5272
6725
-7240
-5905
-4429
7147
7255
-4056
-2791
-7977
9564
-1954
1621
8867
5005
-2165
5348
709
1613
8851
3812
9940
4128
-4101
-129
-8741
-9684
6267
6284
7343
-6992
309
6887
-6543
-339
6396
-8254
1189
1683
-4296
2114
4961
1815
-5215
9720
-3002
-5611
-2202
-359
1172
-6232
-1052
-5330
8493
-4384
-1001
590
7346
-1680
-1795
-4157
-3676
-9230
4441
9579
6935
-3663
7609
8111
2010
128
-9560
-235
-3880
-954
-9918
-2046
-1381
6076
-6277
6107
111
6013
-1168
5547
2784
-6862
-5060
-61
3371
6322
9085
9167
1971
2904
4223
8610
-7237
-7243
929
-3892
-9305
-9335
8389
3562
2279
-1759
-5793
4098
7751
6733
-5187
-6795
-8562
-8702
-7444
-5122
-3236
-7681
-7505
7835
-3761
3905
9612
6351
1494
6520
-8588
5182
-6586
-9488
4650
-8890
4390
5361
-3284
6461
3899
7270
-8794
5893
-8764
-8767
-392
-5116
7579
8460
7493
-1553
8002
-4237
-6270
2358
1785
2812
6523
-2967
-7898
-2793
6643
431
-5122
409
5865
9100
-7086
7063
5211
-8141
-3140
7146
-9396
-2895
-7271
6229
2229
2158
-6969
8644
-6224
844
3715
-3357
-4228
4653
8698
-3545
-600
-3335
9911
7486
-8583
-6679
3678
-1213
887
6392
7666
-9808
-944
-8085
828
7837
4060
7201
5720
1193
7295
3153
-2027
5272
-6410
4859
1265
3378
-9798
1081
-8988
-6258
4204
2803
-2880
-441
-4121
9350
4734
-3624
1601
-2497
1785
6329
-6678
2746
9136
-6317
9243
-5582
1839
-6280
-3935
-2591
-6823
-6344
552
774
-1511
3812
5943
-2726
8531
-239
-9584
6850
2302
4209
9975
8319
-8317
-1606
-6968
9881
-4368
3958
5050
-3815
2880
-3390
-7886
-8258
-8620
7285
4634
5044
2791
6422
9672
-5313
3833
-7927
-9361
7796
-7128
6910
7023
-5655
-905
-7261
2888
-1669
3726
-356
58
-9691
3526
-5362
-6247
-7176
-1857
7351
8958
5444
-9283
-5825
-3046
-6985
7251
4950
-8028
1756
-3846
6287
1291
4748
-6204
-6538
9149
-4655
3301
-8402
7068
6235
-7466
-3197
9564
1300
7891
-6095
3142
-1850
-4016
-8247
6445
1485
8330
9911
4368
-9199
-9239
-4365
-306
6724
-3156
3433
-8585
7663
-9658
-5555
-1525
-976
-885
6198
-9794
9487
7470
1509
-7411
1495
-177
-5171
3069
-640
-3515
9259
8173
-9616
-2149
1810
99
6107
-9136
4967
1105
-3291
2206
2444
477
5140
5571
-9935
5980
-4607
-7929
-4157
6809
8688
-8193
8535
-3945
-9078
2255
-3780
-9058
3791
-2109
2520
-9669
-4941
293
-6857
-5381
-4131
-4477
2332
9678
4973
-5716
5300
2644
-2950
-4425
4721
-7187
4957
7712
9735
4748
1746
-5279
1890
-8849
-5623
-8361
3584
-8246
6258
-8766
1551
9944
271
2660
-1536
-1211
1338
-3530
-5885
-5193
-2890
3037
-5177
437
-910
-6775
5601
-1282
4516
-2080
4366
4361
8595
-2854
9980
-9194
-8182
1474
-8657
3588
-8548
9086
1769
-3865
2728
-9241
2307
-1366
7548
5489
-858
2565
7065
-1546
-5535
9598
-5712
6616
9739
4476
5895
1396
5868
-1461
-6061
-4568
7014
2099
-1308
93
-3227
-5642
2585
6591
4719
7399
4743
-4745
-5708
-307
7455
6227
-3761
-81
-7491
-958
-7868
-9989
-2691
6108
573
6147
-5166
4530
-6797
9310
-149
9801
-5558
5707
-1706
-6121
-7974
-8678
7234
8447
8949
-2253
-2793
2001
-559
-1737
5174
3718
4697
-2246
-1658
-3540
3291
6343
7
1371
-9667
-5380
-5853
5956
6620
-4797
-8898
7149
-9945
3631
901
-9392
3556
6487
2972
3535
-1951
-4387
-523
8418
2639
7540
7613
-7285
-5023
-7605
4259
9722
-3256
-6643
-498
8523
-1616
5297
5019
8077
9255
2354
-2942
3050
-5080
-4264
2816
-6360
3128
9691
-4752
3921
2
-9846
-3714
-5958
3240
7024
-839
-5590
1307
9045
-9862
4768
7047
3064
6676
1336
1882
9816
-7202
-7444
468
-8529
3950
9153
-3413
6542
-1870
2420
172
-1642
9849
-7121
-3028
7814
-917
-6372
615
-8065
2814
6312
-6145
2166
7496
-9663
-5645
7245
-5639
6461
-6566
-7447
3288
4221
-7183
-2846
5963
9147
-1233
9219
6605
2650
-2966
-3942
-4117
-4686
-4545
-5962
6885
8528
6652
-4097
-948
3405
5363
8221
3279
2912
-8128
5195
-3036
2887
6782
3389
-6833
-7507
9259
-5740
-6139
-8401
2092
4781
-1725
9604
-6332
-6359
678
9386
6306
2319
6905
-1003
4338
4732
-7698
-9148
-9802
9927
5998
-3369
-3392
3260
-6153
1404
-6390
-2314
-224
3272
-794
5108
-6475
709
-4596
-2351
3042
6105
-1239
2562
-5911
-7414
4301
-4132
-7293
-705
6421
8929
8755
-9225
-6925
-5024
4170
-385
-1090
-382
3718
-40
-9258
5052
3800
-1699
4782
7306
1757
-5134
8854
-7762
-6725
2016
4077
6586
3969
-770
-7583
9881
-1656
8812
457
8038
-1501
-8030
6577
2232
-4948
7994
-767
-1435
6056
8556
524
-7571
-3708
7316
491
4433
-4691
-4421
4395
-6572
-6656
3000
-9119
-3100
-6055
-2140
6563
-2685
-8481
-8653
-4036
-6415
-9587
-8748
-212
4577
-6725
-568
-9462
-1984
-9602
5266
1492
-1279
-424
-715
1305
-4218
6227
6744
4597
620
5280
-7760
7148
-8285
-712
-2077
-3737
-3476
1166
-5597
381
-2720
-386
6820
-2572
5712
-9449
-5476
-8465
-5357
4919
-6482
-8271
8828
5309
-5976
-6602
-3551
-9160
5197
-2014
5374
7009
8705
8527
3818
8647
-4130
-945
4661
-5798
5420
-3976
2879
494
3618
302
8459
-9087
5848
-2974
-8081
-2123
-1051
-858
-443
2342
6938
-8362
-5983
6476
8296
6666
2396
-6394
1225
-2030
9087
-3401
-635
-1668
-1330
-2835
5078
-2125
6545
-6791
-8422
-5497
-1556
-9427
3338
-4944
-7553
-2443
6953
-6181
9450
-9272
-2280
4606
-1715
-4752
6686
-878
7800
-2383
6459
-9352
-2357
-2720
-1344
5132
4417
8165
9389
-2221
4627
4315
4099
5087
4299
1578
6447
525
1399
7672
-7266
-4326
2339
-335
1109
2732
-2706
9151
3566
4379
-323
8269
8368
-2393
-6029
-2309
3628
6611
5351
-4429
4706
-3450
-1398
-1007
8365
6847
4453
6173
-6484
-9453
9237
2209
-5005
3003
-9646
-7782
-9765
-7045
-3085
2662
1655
5395
7478
-3297
8504
1881
-3997
-4506
-751
1431
-5843
6400
4707
-140
-8383
9333
4972
6567
132
-3591
-987
-594
8164
-402
-2764
-2665
-6850
5762
-9512
4355
-7001
8297
-6312
1132
-2863
-8336
-5663
-2583
-3821
5128
-336
763
-1194
6788
-6753
9626
1547
1355
2353
7517
-6916
-7610
7503
-230
-7831
-2729
5069
1285
-261
3104
1663
7267
-8569
-7788
646
1958
-3820
-8010
-4961
9174
9563
8193
-6890
7874
4906
1069
-3413
-3033
-4450
9021
6404
5495
1098
8707
7656
8352
6744
-6521
-6983
1112
4372
-93
-2784
-7425
2495
-2411
891
-1619
-9990
1084
-5900
9740
-2669
4511
-2331
-7764
6320
-4067
-199
-8789
1968
-332
-5631
3437
-6767
8338
5603
-2202
9284
-4072
-7401
2832
-4055
-4067
-931
5915
73
-3777
5495
-2859
-8343
5052
1589
7402
-2919
-8129
9099
637
5930
4655
3578
-9948
-8244
-4066
8510
8375
8071
-785
-8618
1527
-8302
4543
-5607
4638
-4281
3512
-3698
8412
-4507
-8987
2770
-8955
-4435
1428
-8846
6990
-5625
-1252
6769
-9485
8096
9178
568
8602
291
-9144
7614
-4891
-6411
3957
4097
2241
-7931
40
-4961
6059
5305
-3187
-1444
3515
-8774
6639
-8683
8559
-3354
-7968
1790
-373
-974
-7246
7321
4002
-236
-2950
-3901
9490
-2995
-9339
-1487
437
1581
1503
3771
-2753
2085
-3253
-7235
6150
6010
9961
-8987
7168
-2901
-2596
1038
7145
2420
-7868
7882
2217
-2486
3109
-6777
-6854
8528
4804
7540
6390
5469
5795
-9199
9242
4314
3163
-9462
-4091
-4413
-7279
-7980
83
306
-6866
-1749
-4568
8070
-3516
-1621
-5674
-7937
-799
-8060
6349
-9942
-8620
1744
-9652
-2604
-9990
-7696
-4639
7167
4905
1288
866
3279
-9686
1116
-495
-102
8536
2393
8290
-6871
-8227
6082
-4442
9202
-2009
-768
8338
-3438
4108
213
-9773
254
2665
-6495
9428
6349
6544
1729
2339
-1221
8681
-6695
-1949
-6287
-766
6786
-5425
-9174
5712
2852
-7739
6134
-7267
-6325
-8689
6470
6501
7647
-192
9532
8736
5702
-557
-5098
2857
1425
5459
4334
362
4725
878
6027
4091
9155
2327
-240
9872
-5434
-4649
-8332
3920
-642
-3089
-1246
4864
4915
3090
6848
-8791
1735
6863
-3361
-562
618
-3827
-9408
5769
-4159
-6447
8749
1921
3009
7
5755
-3282
8204
-6868
-9679
-5351
-3054
9248
-9223
-5420
8925
-6584
-4773
-2553
-1334
-8339
-3656
6118
-8038
-6211
6372
-7788
-9331
8421
-7637
-5418
-6538
1875
-1154
154
9742
-1282
6887
-3849
-3183
-6623
-2495
1065
-5461
3131
-1241
-644
-6366
-455
-215
533
-1142
-7841
-2076
-5503
691
-1693
8296
6854
8288
-5490
4675
7251
4508
8242
-1891
8095
7304
-6940
981
-1693
6927
-6891
1533
-6442
-3206
6872
-9786
2839
-3770
8741
3725
4381
-9514
5679
8615
9488
-3099
7294
-1533
959
-8578
5958
4144
-5196
5606
-1681
-3372
-7745
7089
3266
6908
965
2744
9538
-6368
8068
-6097
-5012
-4948
-8731
7674
-6131
9978
1143
-2496
-3559
-6311
-8174
-4853
4551
-3321
5377
-9582
9734
-1034
3667
9042
-8565
-4253
-6521
6641
-7857
-7007
4991
-8700
6864
6161
-5535
-9243
8371
-4587
-7637
848
9845
4429
-2
2349
-1156
-7121
-6909
-9513
-9488
5748
-2577
-3201
-9011
-4891
-3362
-2938
-3282
9534
-9434
-5135
-3679
-5873
8955
-7238
842
6693
-9394
7379
6865
-3888
-9665
1550
8652
-4353
5654
9047
-5869
-2849
-5313
-5791
-7021
-9175
-3531
887
305
-7913
-8165
6812
7229
-3401
6483
-2357
-3710
7839
-3702
852
1864
5067
765
-7940
5018
-3836
1103
3253
910
-5327
7185
7847
-4903
9228
-87
-208
-561
7276
456
3992
-1226
3505
5941
7550
-1220
8213
7996
2945
2950
6897
71
-9227
-5935
5107
-2027
5166
-6077
3561
-7473
-406
-5270
-8928
-4980
-4217
8082
-1268
-7925
-9079
-8573
2907
-3466
9066
6338
6851
-8964
6601
-8641
741
-9447
2166
7224
4500
-9111
2621
-4024
-4804
-7104
8126
-2445
4642
971
5870
390
725
3557
-4421
5581
170
-5745
497
-4652
6565
4787
9908
44
-9817
1515
2107
7812
523
-2450
-4519
-7498
-9785
-1253
-5385
-9096
9499
-9772
-1184
8999
-1778
-968
5546
-782
-4704
-7752
-6538
9763
4556
2367
-1667
-1015
4135
216
2559
-3841
-1651
3569
8131
-7576
-2872
3584
-2384
-8716
-773
-9730
-4970
-4922
8075
9151
-5384
-7604
-8683
6531
3619
7803
-214
-719
1514
-6078
1242
-490
-9922
5716
6218
8243
2523
-7594
-7962
-5777
470
3709
-7655
6865
-9854
5817
-5566
-6742
7195
-7155
9492
3339
-859
-4783
-2795
91
-9778
3025
9579
-2561
-8345
-3268
7624
-5890
-4846
-5535
-381
8454
-7453
-305
762
0
-3991
5801
-8332
3740
7265
-7496
-9860
-2262
1046
-4501
4416
-1855
7535
-2994
9934
-4672
6623
-459
-2113
7351
-2966
4819
5568
-5345
3477
-3310
5447
5451
3103
5411
-4661
-6074
-8948
-6031
6187
7027
9394
2536
-2161
-4904
2254
6846
-6366
-1913
-7024
-5708
-51
3159
-5067
5309
1039
-2608
4957
2083
5066
-1335
6294
-2886
4289
-8059
-3524
3859
-2843
5749
3213
8714
-2009
6100
8210
8346
-2106
5869
5166
-9416
2099
-1545
4719
-7839
-714
5572
-8503
-6515
-8799
-7407
-3851
9386
-5458
-4820
-8780
2177
4543
-8924
6077
7827
-172
-2318
4204
-97
7510
-6182
-1158
7540
-4916
405
-7939
-421
-6793
267
-3553
4768
6612
1974
4799
1078
5144
7336
-8353
8736
-5122
-2227
-3040
7047
9945
975
6413
-9227
-7682
7282
-2722
-3315
-4933
6107
-1526
-7500
8981
-3887
-6406
-3148
-1522
-4441
8573
-1015
930
-8681
9704
-1387
5335
-4295
-6146
652
-6243
3520
-4030
-1925
-4175
-5008
-6782
-7386
8906
2905
8019
-9357
-9161
-4698
-2468
5425
691
9216
-5449
-3100
-361
3436
4584
8974
-786
-3004
2484
3666
-6604
-6832
4883
5800
-5249
7695
-8390
-8198
-4102
-6206
-6496
-4490
6933
-3878
7632
-987
-6704
-1254
-4665
-1720
8679
-8154
-7365
-6485
-1214
-406
2760
-9712
6873
6
-8391
2285
-6168
-7313
-9905
2819
7962
-6289
4839
-8905
-9753
4772
1818
-7623
552
-7945
3356
2906
4187
-4175
8257
4924
-1552
6909
3308
3684
9689
4351
-9095
5052
6244
2488
9228
-523
-879
-5619
6904
9466
3314
-1546
-8164
-9466
-9639
-6853
5830
-3718
-5705
-165
9883
7004
-1835
-8069
3567
-6840
6496
1808
-225
-8782
-3110
9829
4076
-2476
1070
6559
2675
-5749
4266
5916
-5165
1368
-6613
9063
-1477
-8036
6321
7709
-9975
7281
-3344
-946
-9827
9518
3772
8720
5379
4094
-2245
-5178
3934
2859
-4881
-7887
8672
-5356
-6313
-9074
6221
7090
7269
5466
9398
3304
-8644
8623
1463
-1834
8784
2565
6078
3330
8541
937
-7595
6733
4713
8489
3398
8400
-8511
3745
594
2497
-4012
-2580
-2976
-3033
-8378
-4895
4769
-7147
-1612
-6602
7094
3725
6294
7657
-5213
6451
-4804
-476
-5226
2144
9043
-2095
6122
4680
376
2320
1295
5932
-2863
2240
9389
8456
-3694
-1489
-3102
7604
301
-4173
-1627
-2058
-527
3441
5962
7112
7734
-3782
3691
-1244
-8887
3983
4507
-4281
1214
4874
5293
8615
-3019
-2511
96
4887
146
-4932
-5437
-6614
5688
8435
7633
8131
-9747
8319
140
3727
5005
78
-5190
-6738
7685
-5075
213
8847
2347
5336
875
2765
-8331
3641
-408
-2899
6391
6675
6741
4247
2599
8675
7540
-9868
-610
5954
3702
5990
1733
-6777
-5745
82
5911
-6492
-967
2291
-2652
7970
5165
1235
5117
-4684
6458
3121
1613
9265
891
2634
699
4534
1148
1649
7057
2459
9056
6093
8619
-2922
-9952
-7810
9880
-2390
2022
8649
-3865
-9882
3913
-6828
5292
8721
6703
-2161
-5927
13
3614
-2006
1670
7148
6805
5541
-3060
-4684
3651
8974
-9446
-1380
-9238
8485
8777
-3165
8337
-5298
-2317
7360
-4287
-3697
5874
8337
5385
-8570
5573
9287
-7257
8897
-8922
5332
7733
-2527
9387
-8641
3063
-1528
468
3779
5617
5302
8945
-8848
-9586
-2847
-2996
-716
-7266
6743
-9246
134
5146
3791
8123
1148
-3979
-4473
949
-9195
-8834
-1258
-2925
280
8876
9433
7669
8318
-6750
3411
-3632
-8722
-9633
4427
7410
-2076
769
-6460
7041
-3138
-6863
-1867
-7771
7204
-8069
-9297
5617
-7172
843
2773
-1019
4039
-3207
5376
7976
-614
2607
986
124
-7557
6724
2992
-6872
1792
3526
-1854
-9448
4600
6878
3318
-2395
309
-1926
3471
8688
7316
1351
4454
-9586
-1316
3676
-66
-983
554
7894
-4883
-9606
-3695
-9556
-6771
-50
3042
3294
5027
8586
5989
4786
-8964
-583
-9562
8615
4025
787
5082
5535
-3256
-9909
-3662
7808
-9853
-317
-3430
-1367
-8874
-8558
6258
2727
-3943
1465
-5826
-8515
-2455
-4411
-3902
-7634
4920
4903
8927
5559
-5858
-3931
-323
-2800
-6434
6950
5905
-5072
-377
5158
-2780
-8274
8790
2159
-3821
-4457
2947
-7921
-6654
-7388
-7412
-1898
-6834
-4069
-1939
-9315
6086
9781
3807
-5276
-3631
5967
1264
2432
-977
5983
-6137
-3832
7539
-8617
7259
-5343
6175
-6738
-9795
-9722
-9700
-8508
2331
-7724
-9833
-4574
-8514
1692
9675
9322
6069
9112
6505
-8716
1864
7216
6580
-4283
2376
74
-6494
8971
2361
-557
9210
588
-2439
-8586
7766
-7294
-4548
-4725
8988
-7911
-7279
-753
-8869
9806
9200
-7017
8563
9342
3440
1240
-9232
-1815
-869
-2696
-7500
-9660
-4883
9718
3663
4051
164
-3244
-3999
-287
6523
-2083
-2595
2559
4694
-7545
3251
-9702
8318
617
-8056
3403
-5600
-5155
8093
604
8995
1045
47
-4616
7366
-5687
9129
-5383
-2051
-614
3466
3291
6365
-1060
-1837
-8843
-8180
6875
2576
7621
-2255
-8953
784
-8263
-3513
-1377
7527
7233
5683
1964
-9317
-5280
-4621
-5316
718
-9685
2841
5711
7213
-7473
2824
6863
-7544
-6117
-437
-6872
-5030
4634
-1367
6585
-3968
8429
5991
9636
-9932
-8926
809
1408
8354
6667
2553
-1440
-5738
-9459
-8354
5091
-4905
5102
8147
-2941
-6181
-3902
-9443
9957
-9117
-7539
-9324
-3544
-5708
-7695
-1103
-6312
-5227
8417
726
-7449
2987
-2576
3386
693
7215
-6518
-1846
-8033
-57
-9825
-6846
-7266
-6228
5179
5402
4757
-9971
-4593
-5654
7612
-5215
-3862
361
-8640
-8041
-3110
4772
-8227
7137
-1165
-3868
-9763
9069
8052
1241
-8461
-3760
-8634
1630
537
-5015
1601
-2083
-7066
-744
-4327
-8630
5745
-6330
-6671
-525
8954
641
7702
-6308
6640
-9892
4255
-9051
9611
-2597
8702
-3077
-5591
8076
893
3951
6243
-3126
-9742
7983
4655
-3124
-7609
-8463
6777
-3182
-2241
3586
-4229
6992
-10
2397
8955
3508
3356
-9013
-9338
-7546
-1640
-3276
-8438
792
-1052
1771
-5634
-7906
-7501
-4208
-1928
-6528
9453
-5953
826
-2226
-6309
6416
-5506
2023
-4650
-488
201
-9772
3076
8030
672
-300
-1566
2451
5201
-9182
8716
-7023
4344
-5146
-501
-2724
-2381
-9549
-5539
-2754
1864
-7675
-3607
-4674
6370
-1248
-8763
6889
7873
2808
-3932
-3346
3797
9864
-4059
4275
-9369
2754
4538
8707
-6286
3822
864
1299
4067
1630
-8116
7449
4699
-4717
7992
-1889
1456
6880
-489
-155
1987
6549
5903
-5445
9669
-5213
-1694
-5871
729
8449
3600
-443
4671
-8184
5124
-4835
-4206
-7587
987
-7247
2720
-1065
-7517
5476
-1177
-444
-7768
8880
-7219
994
488
-9098
3123
-4818
-6516
-8824
-7213
7626
1447
-7140
-1466
-4714
1268
-4137
-3724
-1519
9624
3913
-5299
-4127
243
-1133
2541
-1466
7054
5751
1931
7456
2015
-375
-639
2587
-305
-5410
-1647
8330
-5722
-5912
136
2598
-7692
-2416
7997
924
8551
8093
3351
3714
-3597
5544
-8822
-5027
6573
-5122
-4384
-6749
5964
6894
839
-313
-3646
-1376
-2645
4472
3030
-560
-9941
-2366
-4018
-8888
8987
2401
-5475
-2792
-6983
9410
9330
-1433
8308
-5289
2543
-8778
-8322
126
1006
-7318
-7235
-1084
1949
6761
-1926
-8186
4194
7282
-3126
-9733
8845
7748
-8560
1847
5487
3753
2377
-5523
1958
626
-6881
630
6969
-7112
8486
478
-5104
-534
-6942
-6351
-8659
-8231
5989
-3272
-8511
-9044
-1796
-7178
-5246
5082
-2711
2920
6533
-5895
-8195
-7605
6614
-7909
481
-2823
-7833
8965
-7040
9070
2323
-7001
9525
-2034
9185
-2896
-9224
2843
5123
6975
-7619
6419
-6769
1937
-24
4203
202
7746
8261
-3252
-7151
3293
6525
-3839
-4301
1418
-6076
1314
-1433
-3017
4711
3464
-9792
-7805
-6400
9628
2512
-5562
-5736
-1395
-3757
5147
-7270
2640
8666
-9403
2951
-129
5235
-3661
5608
-7800
5983
6603
-3447
-3498
8573
-2389
4346
-5249
1954
-5760
-5468
4626
-8927
7210
-9066
2575
7091
592
-6791
147
-5888
7806
880
6217
8172
8143
-3956
8736
-8959
282
-2
3072
6781
6876
-24
-886
2862
9762
8186
603
1836
-7012
9513
-9638
8301
6085
-6761
-7495
-3672
-5735
-2089
-5825
-6787
-9822
5092
-4380
-4716
182
4879
8632
-2628
1735
-4383
6872
-9634
6552
7426
-8519
-354
-7213
9669
900
8945
-8703
-1692
-9392
8267
9683
-3946
9261
87
-7780
-4076
-9872
-8284
-2184
-2363
4881
5226
-7624
-8406
7345
-6771
-8590
-8401
-9028
3578
-3468
-9202
9765
6055
-6381
-1139
2630
-5325
352
1839
-3316
-7089
6462
6895
7228
-216
-1418
-9883
355
-1559
392
-5208
1455
6433
-8850
-146
-4678
-501
-9394
5623
-6587
6962
-7091
-7484
4768
7432
6896
-3116
-4801
5373
7995
-2998
-407
-1358
4589
8457
3487
-7067
9893
-46
-5362
6036
-1629
-5544
5255
3454
628
-2803
182
7718
-6982
-3080
4592
-9136
1370
-1085
-1524
5580
-6718
-6297
9560
6227
7769
-5666
8475
1895
4222
3642
1107
-9753
2159
-3336
5735
6707
-8944
-5288
9669
7154
-2004
-4151
2812
550
2866
-1321
9837
-2077
3723
6599
8234
9062
9624
-966
3149
-7926
-4632
-3078
-6951
8187
9248
-5917
-2673
580
-7781
-4095
-9503
6053
6755
4805
5577
6811
8954
9348
-9236
-2604
6567
-4117
6042
-1846
-1460
1360
-2160
8042
-7133
-2547
-3182
-5070
-8732
-2814
2427
-7813
-4543
-5835
7836
-3587
-9833
489
6583
-9534
-5011
-1084
1987
7942
-1953
-7033
9241
4684
2981
3756
950
-9094
-3538
303
8746
703
-2771
-5802
-2653
-3603
6889
-3373
4251
-7874
-9458
-7664
7007
7756
-628
3760
-31
2451
7577
-8279
-2156
-1120
-5890
6999
1640
5495
-1617
-9054
-6506
5867
3811
9218
-8821
9621
-6545
-4794
6626
9009
-9708
-1446
856
-1449
-1824
-9124
1220
-4955
7697
-1307
-965
-352
7073
-9680
-8076
-4347
-9168
-6364
5021
-6274
-2671
-642
-8566
-9002
592
-7072
-3542
9607
4025
3524
5616
2120
-6291
-5824
-8479
-9268
-4934
-8674
-2045
3882
-1447
1870
6804
-586
-6757
9157
-7534
9288
6260
2340
9452
-4393
2048
-2574
6496
-1365
7369
1993
4697
-5521
8628
3945
7103
1507
-7402
-2017
8581
-5883
-9120
-2085
-8060
-7294
4747
5480
548
9105
3806
-9414
-1760
1795
2858
6692
-5818
-6060
-1114
544
-4525
862
-5033
-1611
-9308
1609
7591
1521
-76
7260
-6568
5641
-4654
2621
-9794
3732
1070
-6760
926
396
-7899
9621
-3900
6865
-5848
3994
-809
-1857
24
-8015
-3236
-2304
-3199
-5169
-3483
7250
-9604
-4684
6343
1201
-7647
8476
1733
1585
-3033
-1123
8976
6655
289
-3629
-4459
7290
-4258
7746
2587
-4946
8184
7394
-7438
8880
-6477
9488
-3844
2762
-5425
-9548
4685
-8172
-766
-6122
-6249
4629
-7310
7214
4667
5130
-2069
5256
334
-3514
4204
-7756
6291
5276
-1027
8255
-6450
-7073
-1102
-9683
-8151
-5834
8264
4495
1562
-5904
4040
-7626
-1044
3616
-1933
-2226
-8383
-816
-881
239
1969
-4176
-3481
4953
3251
-13
9364
6849
6904
1575
3132
-2307
-7220
9000
3225
4998
-1043
5812
4528
8741
2039
-260
-4891
6226
6110
-9671
-8139
3086
7515
8368
-661
6968
1807
2381
-303
-6771
1601
9079
1214
7381
-4624
-8054
8967
-345
3792
7387
9774
-3597
-8091
3634
4521
5711
-1090
-7914
-3061
5640
1304
1392
5181
-6543
7022
-3947
-6941
2265
-8088
2608
-2554
699
-8112
-6882
-9118
-352
-5633
-7529
-6509
3552
5359
6882
-2186
-2982
-2821
8158
4884
-1796
3071
-4934
168
2086
-3371
-1589
-7351
2061
-1042
-9753
-4977
8272
7879
-5868
5749
-62
-4661
-8821
7922
7353
5390
-4188
-1569
-9691
9147
4834
-5744
-9926
8576
-4143
236
4132
-6331
-584
-9429
-6702
8345
-7233
-902
-6404
-7086
-9778
-3201
-186
7914
-6880
-136
1248
9402
-8567
-2416
8557
9715
-4238
-2503
-159
-8156
-4236
-1355
-6871
-4683
9735
840
-9180
-318
8795
-2278
-1680
-2177
-7320
-9944
7184
3694
-4704
1207
-1101
-2510
-308
-9617
-6952
-2261
801
5674
-5127
5740
-169
2842
5641
2839
9411
-9230
6564
2645
-5663
-3346
1181
-4786
5340
3610
-1462
6752
-3675
-1777
-998
-1518
4627
260
-6804
-8606
-8160
8311
-7832
-6365
3424
-7610
-3718
4894
4382
-3683
-2096
-1293
6294
2862
8986
789
-2978
-8589
-2833
-7570
-8319
4929
9258
3147
8647
-1427
-3018
-9786
9347
9378
-2184
-4133
-9532
-3477
-5636
4439
-3864
360
2117
-4427
-2912
-2639
9268
4879
-2675
-1938
9459
6275
6470
-5661
8282
1710
961
4164
784
2797
-580
-7642
2145
-5610
-7828
-6221
7665
-9304
-5785
-5532
-5320
-1571
-8282
-3361
7589
720
-6513
351
9466
-8163
7803
-7615
9160
4788
3738
-9444
2325
-9730
735
9413
-2107
4728
-2941
-1011
4860
-2122
1871
5417
7738
2123
-5210
4425
6946
-5300
-9358
6388
6556
-8407
3484
4376
-3451
4482
569
-3894
-3784
4505
-4861
-5940
-1073
-244
2420
4932
1023
-9401
655
9519
-8232
9959
-7900
-7695
629
-6272
5686
3533
3147
4525
8787
6214
3152
6995
-8738
-99
2675
4873
-3767
-7977
7868
2991
-9076
-8179
4200
8786
96
5112
-4292
-6794
-5503
-1965
7916
537
6909
-9351
-3314
-9415
-3613
9802
-8268
3557
7348
9515
1690
-312
-4025
4176
4190
-2938
-6928
2871
9715
391
2705
6305
9090
7360
-4691
9169
-8269
3471
8815
-9056
-4866
-3092
-1759
-7690
762
991
-9742
-3229
-5776
-2148
9705
1709
6122
8430
-1703
-8735
1881
1510
-5815
-8423
2465
-5201
4994
-9353
-4503
4145
7858
6180
-4763
9487
9700
-2096
-9851
-508
5274
-915
5599
-6300
-6316
-6126
-9584
9737
-9896
5804
9327
3881
677
-1971
9709
5917
9012
2950
-39
6720
4079
-7219
6414
3898
-1516
3235
4135
2120
-369
-9563
-1198
-6393
-2756
-2558
-8755
3019
-7935
-341
-7220
-9281
-2462
5030
-2819
-4777
4289
-719
-7019
-9660
9516
9881
7032
-5528
2366
-8897
-1505
-2885
5584
5987
6039
-9642
-9582
3057
4508
3858
4863
6813
1076
1385
-9684
-4663
9329
-4672
-353
-4794
6480
1962
202
4871
7875
512
1773
-1795
-5483
-5207
-4081
-9393
6056
9229
4010
-616
-516
8155
5530
2680
-3409
6656
9951
6552
-2418
-2303
6035
-2157
-5982
9069
-5931
-7
3616
9180
-8447
-6570
-4923
5883
-7037
-4989
-4500
-313
-7606
-9753
2458
884
-9934
-8375
7861
8391
3559
-2665
-4616
1365
-7239
-5042
1470
4485
-8574
-861
-3267
3038
1140
7124
-2679
-1024
-7933
-2853
6204
-2861
9508
-5647
1882
5014
-7975
4009
-6308
7763
-5176
6638
7731
2216
4000
-9646
3843
-159
4783
-316
1879
5400
-9177
71
3971
6135
-5435
8024
8591
4847
-5589
3508
2657
-3563
3055
4686
-4681
-2981
6884
-128
9077
-8592
-4990
4391
-7614
-7736
-1452
-5733
7111
4706
2233
3627
-175
-4458
2247
9270
7916
-9962
-558
-4443
2269
1659
1158
-4505
-9671
-7935
-8746
5914
3831
34
1720
5473
3813
8400
1804
-3937
5693
4475
-9185
-9708
-8772
6281
-210
8117
6143
-9358
-8231
6007
8767
-4383
-7881
-4731
8249
-899
-6874
3041
6096
-6777
-6281
9954
6735
-2357
1832
333
7836
-9105
6978
-4043
1582
7696
-9949
753
7108
-2082
3863
-9207
6722
-1761
9500
-750
-2123
8419
-726
594
-2832
3623
-369
-6870
-9305
1976
-3463
259
2734
-2916
-7419
-4814
8451
1740
-3240
749
6343
9825
7387
3445
-9324
-4638
3882
-2723
3331
-7558
-3061
-153
8572
-9948
875
8284
7374
-7830
1877
7809
7483
5399
8876
6284
8070
-5489
1275
7348
4582
4883
-5373
2582
-559
9250
-9458
2574
-109
-3425
-1493
3798
5291
1194
-2941
-2212
-2726
-4539
6522
-6149
8039
9066
-8808
-184
-4396
-3006
-3135
1264
-585
3592
8520
-4212
-709
-8779
2963
1879
6142
-9643
-2671
-8048
4984
-5764
-4028
-9649
2617
-8865
-6181
-9726
4914
-7451
4689
6778
-1699
-7041
-6616
-1703
-9265
-8885
-822
-6170
-1848
-1549
-5863
4999
-5098
1535
5766
788
-7209
-6675
-3941
-4488
-7856
-9898
8056
1558
2907
-893
7265
3817
9038
-7343
3683
5069
-8554
-7035
5527
-2061
2494
435
-1362
-16
3296
9229
1103
2830
6068
-4694
5384
4979
-1953
-4962
9370
6375
307
-9903
4448
-7809
9067
8504
6714
-1672
9755
-252
-3172
2354
-8551
2381
1327
5408
-2268
-2091
-3590
-7045
1189
-3186
5534
5280
-291
119
-2940
3675
-1783
-4056
-8627
-1195
-9597
4483
-2720
-2838
9730
8659
-3735
1774
-7303
-226
-8599
-6
-1878
2841
5597
-6707
2776
-1037
9823
-3280
5118
-6188
8394
-50
1308
-1105
6669
4215
6924
1118
-2464
1390
-576
1666
-6525
-1313
-468
7148
-9758
-661
-3185
6951
-2058
-5928
-9440
9087
-7212
-6695
9893
1408
6614
-7507
-414
-5345
-5831
-5034
-7415
-8780
4893
7047
-9996
-4328
-32
2741
580
-5846
-6154
1044
8752
-6173
7564
-8294
-9374
626
-8527
-6786
-9451
-4391
-3748
-5408
-8577
-8846
-8736
-2546
-7180
-7900
-9411
-2149
-2431
-642
-5271
1021
584
75
-6051
5117
-879
-4275
9386
5591
-689
-6676
3475
-3697
-1008
939
5479
-6615
-8720
-138
3348
-2269
-1536
2890
4373
1600
7014
-2782
-250
478
-9735
1361
3944
1699
1267
4593
774
-8146
3007
9422
9191
-7290
2788
7277
5345
5352
4210
8507
-4893
-1085
5372
-9942
-6224
-6028
-7
-6226
3744
2594
7959
6677
9912
7757
-5883
7526
2521
5936
5952
2022
8429
2159
1732
-3734
-5649
-3154
6843
-9206
5500
-5355
3792
1914
440
130
4677
-8033
8539
-6171
-8835
7007
2704
-728
1839
2257
6311
8794
-2616
1114
-6716
-8196
5396
-2274
7427
-8458
-1378
255
-4298
-6642
-4967
8565
-2708
5697
294
2481
-6915
4538
6169
7385
-375
9905
551
-51
-5330
4167
-476
-9294
-1992
6026
1686
643
295
-3935
6571
4404
-6066
4705
8221
5168
-4135
9704
-1513
-455
9272
6428
-9330
-1244
-5870
4971
-2935
-1040
1330
-3233
3321
-7071
-6133
94
-3413
3214
-1165
-123
151
-4274
-1710
-4503
-5036
8858
4689
-9514
2331
-8256
-776
-5045
-6425
8544
3254
-884
-8203
-6039
3924
-3991
6052
1782
-559
-2951
113
1180
-1895
-9917
-5833
3459
7921
5966
-7738
9109
5419
-9912
-9405
-167
6367
6128
4165
-4376
-3451
2394
8263
5294
-7010
1362
5229
-6367
9657
7753
363
-5094
6278
-7725
-2592
-6217
-2322
382
5906
-7898
-7741
-6608
-4629
2497
-5107
5088
7821
-8557
2955
-3350
-7106
2331
5593
-1675
-46
-204
-6214
3863
165
2731
-9257
221
9282
-6736
-8123
-6773
-437
7664
-372
-3311
-3532
-6227
5284
-429
3977
-3855
-8440
-979
6029
-3274
704
7611
-4218
6998
1859
-7361
1609
-8955
-2491
-9649
-7496
-6071
-2012
3992
7252
-6385
12
5793
9492
9759
-9580
3930
-6957
9692
-3271
8655
7284
8034
3067
15
7253
-5921
-5028
7884
7361
4633
2830
1949
-6862
965
-6056
-1222
5298
-6708
3266
6833
-7360
2362
-475
449
-2747
-7433
8364
-5267
-6863
-2479
-7883
1871
8745
1975
-9522
-5599
128
2888
4270
-8053
-7230
-4150
-3864
-5292
9734
-2983
-5212
5584
-9578
9219
-1216
-9930
8194
288
-9846
5928
-3746
-1061
1399
-5571
7710
3209
5648
-2677
6807
9750
-4657
3014
9227
-7761
8773
681
-227
-1703
6215
-4804
3435
-2613
-1312
2327
-1312
3824
88
4923
5331
5061
-4883
-2478
3576
8465
-5576
-1561
-231
-4369
5162
-8580
4046
8928
-2845
5771
-8382
-7822
-6914
4280
2925
-6374
5786
-7595
-8069
1631
7537
-9052
-3070
-5823
4975
-4288
-4993
8167
7662
-7556
19
-5129
-3307
-5796
5126
8037
3826
5884
-1954
-399
8487
1426
-692
-7977
1158
771
8035
-8369
-1108
-7300
-8296
-4498
8367
5988
-794
-46
6175
324
-3580
-9631
-818
-2260
2472
-63
6924
4025
-7770
2968
-7691
7107
7033
-8091
-2677
859
8125
7016
9888
-9855
2452
4533
-4677
1519
940
1326
-5214
2078
164
8102
7396
-5563
-7681
-8941
7676
8194
7928
-4268
-316
-7190
6020
-7666
2943
-1464
-6
6653
-7544
-3768
184
2794
-4343
299
-8346
-2132
-1331
8857
-5025
-6189
-7035
-3253
-4525
-2202
-6126
-8379
1354
2988
-5648
-8764
4176
521
-7858
-3245
4926
-2831
-2890
-2003
-2703
1742
7641
-4480
-9089
3509
-3093
-2691
6502
2849
-3791
-5603
2614
8734
-7395
1041
2799
-9272
4198
-7780
4028
-1081
438
-4039
7048
5684
-5822
-5822
-3714
-6695
5510
-3978
8284
4069
-1210
2457
-8683
220
-6918
6023
-2452
-1605
8495
7963
9548
3169
8828
3695
-2805
-6840
1658
-3669
7644
6333
-4436
-5205
5877
6100
-8431
9347
4342
224
-2739
383
5184
-3839
-7679
1208
4191
-5936
9959
9825
-3833
272
-92
7718
7564
8253
720
9506
2389
1103
2462
3905
-6948
3827
-3164
-8728
9277
3877
3038
3455
4309
-2378
-518
-7421
-854
-9317
575
8854
8905
5679
-8090
-1623
9431
-6705
-6277
-7119
-7289
-2203
-3866
8800
-6712
-7936
7903
3872
-8598
4566
-5834
-9280
8045
-1861
-7801
-7306
-6564
-6390
6799
-6492
-6513
-5303
7986
8443
-2033
-4397
-6267
-9297
-3101
4202
3767
-4125
-2004
7825
-937
-5218
4897
2235
1854
191
9368
-3877
4494
-3452
-9464
9038
-9467
7587
-392
-4802
3925
6829
-3570
2296
-3077
8306
3842
-9721
-9644
4135
-4067
7466
6967
6753
-5233
-7374
3866
-5341
4510
5947
7510
-7847
2983
5055
2830
5746
3475
-6425
-72
5120
3252
474
-7464
-8199
1591
-6728
-1662
-3063
-7536
6923
5032
-1751
-4342
-2602
-5815
-2275
6596
9019
8597
-951
-9658
3948
-2450
-946
-8372
-8701
4059
8281
-3634
120
-487
1977
3125
-3475
908
-1494
-8994
2907
-9097
9229
2578
1259
-9837
-8466
-3740
9272
-6113
4829
6695
-7159
-2046
734
-4473
5356
811
-2631
9479
403
-9778
2783
-4491
-3494
1584
-3608
2122
-6472
5429
1531
7112
-3011
-814
326
2619
-2342
-4124
4240
8029
1016
-6282
2015
996
2249
2805
-4326
2952
-2761
-6923
-6274
1413
-973
6276
6737
-2599
8936
-864
-8771
852
-5200
7285
-6056
9148
9683
8953
8046
3451
-7006
5512
1414
-5084
-7366
4541
-9350
2213
-8294
-4848
-5357
-5548
3836
-2416
7543
-6616
-2184
199
1128
-29
6997
-8123
2713
-2394
-7095
6154
1583
-4342
1539
-7496
3510
-5996
7931
-9511
3998
9397
4160
-8654
-7661
8439
-8568
804
3747
-4673
-3420
-3010
4847
-8577
-9024
9479
1347
3708
2927
-612
-7221
-6591
-2204
-4511
-9838
6338
9178
3210
3955
-3109
-3741
8958
9531
-9948
-4531
-9356
7782
-4686
3802
7281
-3494
-1196
8746
-167
-8112
-1509
-8604
5752
153
-5464
-6880
-2441
-6896
2088
4250
3965
-5837
-2616
9120
-5614
8557
-2846
5449
2052
505
-8908
3355
3433
-8158
8813
3172
7398
1804
-377
3964
5518
8873
5903
9812
8768
243
-9324
7662
-8810
7906
-9107
1525
6023
-1222
8290
-2100
-4058
-5217
1595
474
8744
5405
-8578
6953
-2557
-4951
6927
5716
-1890
2024
5335
9296
-4077
-9564
6292
7963
5028
-3907
6778
9127
7781
9715
-9556
-7690
3366
-3318
-1553
-6491
-2091
228
-844
2635
7092
-3224
-1481
-936
948
-8486
8661
5063
3719
-7893
-1833
105
-9185
1377
-7000
8205
8536
8100
-240
-5448
3164
-14
-7246
2577
5554
6552
-5153
-7268
-2229
5982
-5112
6832
5085
508
8595
-3172
-1920
1367
7955
-84
-50
6456
324
-3636
-9900
-6663
-1964
1092
781
-3349
-2146
-1742
5692
1922
-9100
6689
5835
-2869
944
-695
9163
7427
255
-4312
6495
5807
4059
2587
-5141
-3554
-3572
-9567
-112
-1835
1437
-977
-6756
2825
-9615
8347
-3706
1595
-4512
-4435
-3106
-5014
5725
9009
2901
-9099
7771
-4619
-8153
-6142
8682
9862
-6103
5918
67
-5152
-8229
-8415
446
-3291
8470
1494
-7292
-2499
-923
-2896
-6919
-4157
3672
-2890
-1870
1767
3946
5733
9629
-8687
9392
3003
7975
-2446
-1685
-2463
5206
-299
527
7338
-9521
-7847
7246
-9392
-1334
-1923
-2882
3745
-5934
-4291
-5584
-1945
3718
-8469
-4818
-5001
3152
-7411
409
2204
7847
-889
6173
-2176
9815
-4382
4333
-4320
4006
-2969
6132
6812
446
1237
-7405
365
1477
-2752
-7435
-7425
5486
-1067
-4544
-6852
-4992
4777
7403
6696
5678
5215
4716
5009
3423
-5361
9712
6133
5875
3733
4838
-1638
-4877
7258
5999
-4095
6440
-3275
5953
626
-414
8504
-8000
6986
-5557
-6348
-4197
5674
3034
-8937
-1777
8266
-5146
-4921
-4963
-2918
2344
-7597
-3015
3304
5931
-1606
1765
7854
7888
9461
-4688
5646
-8618
-7225
-6260
-7298
-7210
-9719
-2447
923
-7808
5437
-7656
1021
9044
6304
-7920
1596
-8714
-1488
6279
9523
2707
-9853
516
-1138
-980
989
1767
1763
-1920
-9327
-940
2299
-102
3192
852
1334
6174
-8020
-8710
9329
-7089
2322
5947
-474
314
-6848
-9891
-6807
1011
-3774
-5777
5335
-1967
-2086
5793
4114
6882
5091
981
3832
7605
7151
-5560
-7022
-1635
-1334
7353
8584
-4661
-4642
6121
6863
7942
9650
3691
-3397
9009
8455
-6127
6339
-5130
-2456
670
-3800
792
-6490
2568
-7133
-4410
8429
-5786
-8618
9226
-4821
-2411
1741
-9372
-8832
8614
5013
-1838
-9559
3406
-8614
-4234
8489
844
5507
3572
7829
-3800
6867
6221
778
-7184
-1746
-9947
9291
-9474
-9220
-6860
4304
-3944
3956
-2491
2044
1896
-2910
-6816
2466
-3397
-7548
-3047
-2462
-707
-8369
6070
6357
-3527
5531
-6899
755
5100
5080
9905
-1084
6502
-5313
-2156
88
4392
1324
2172
155
4540
-5621
-8358
-7030
7560
-6050
694
-2193
750
-9164
2643
-3647
-8921
7633
9377
-3447
-2844
8793
9650
-5355
-7643
-3898
-3781
284
5684
-2098
-4212
-2762
-5949
9526
650
-3120
7143
-3433
5377
7543
-8352
-9778
-8884
-6512
-252
3108
-4252
8042
8295
696
3050
4371
9914
-5218
3954
9917
1116
-6840
-328
-1560
-2115
3516
1633
-7357
-3406
-3714
8997
-7931
-7657
-8616
3874
2265
8306
-2509
3572
4254
7853
-5580
-1301
8290
-5242
-280
-8048
5914
-6388
-2833
-9335
3707
-3006
1222
4006
3799
-6336
452
-3417
-9005
1975
6300
-6896
-6903
8119
9351
-5446
-1295
8378
8409
-4506
2154
-9575
5909
-3287
484
-5611
-727
756
-3057
5379
2758
8368
3098
4596
3679
-6204
-8250
-8253
-5691
1959
6434
6635
2148
-2445
1769
3252
-4992
-9164
3155
4994
7494
-2599
-3165
7122
-730
-9364
8576
-5358
6528
-3648
-541
8056
-4718
-1003
3940
2568
-9742
-129
-3042
8662
-4444
4795
-7722
-2488
193
6111
-7261
-1213
460
9329
5610
1491
-4470
7718
5981
-8080
2717
1077
4314
-6270
9714
5832
5203
-396
-4680
9817
-737
-56
-3587
403
5738
4000
6053
7609
7709
-9023
-8475
-9796
2319
3019
-2223
-1153
-1971
843
-1940
7768
-6765
-8491
-1066
-9337
-3987
8048
1945
-8961
1159
5040
-7515
-6184
3501
660
-2539
-7720
7727
5813
-5004
7023
-4521
7266
-3937
-3373
-4516
107
-3585
-7923
-9085
-9625
3709
5281
7366
9429
3078
7725
2703
-3526
514
-2864
6507
-624
7595
-5639
8721
-6007
7207
-7997
-9578
-6613
1292
-5456
-1435
-2403
7950
4663
-1923
4165
775
-4210
-1813
8704
5481
-8837
3469
-7952
1581
-2738
-9291
-7916
1438
7146
-9559
-7086
-4724
-8309
-3002
-2827
8771
-757
-6862
6837
6734
-7464
-3471
-3248
9546
-3527
-4395
-23
-7405
6693
-3710
-9743
-2406
-28
8455
-4418
-3357
9992
1116
301
-9644
-2168
-259
1717
-5933
-2278
-2739
3322
4674
4565
2683
7651
-6256
-9557
8820
2350
4267
-1808
1783
7083
-1191
9554
3533
6359
2858
-1750
6616
3203
-9840
2598
-7120
-611
5468
8576
7624
-8616
5366
-1774
-8479
-7944
8136
-1198
4300
-9481
-4150
-7764
6589
5964
1933
-9451
2602
-9424
-197
6670
3298
-8542
1796
1946
-2468
8964
-5592
8905
8343
3969
597
-8868
-6402
-9070
-6406
5016
4595
-4858
-6344
2228
-4102
-3651
3975
2097
8391
-466
9538
4636
-1169
-8705
-6103
1531
-9593
-3348
-6044
-1959
-1969
-6158
-1164
-5097
-462
4698
-1136
4899
-5395
1616
6765
3837
2119
-7758
-1404
8847
-4315
-9052
96
9066
2761
9690
-4359
8797
3556
-5688
2920
6522
-9280
9311
-1250
-6039
-6814
4841
-3669
-9327
-9650
3119
3124
-5535
-6851
4848
8899
-2159
-7390
-1537
-4031
-6732
6718
-763
-5020
3061
7263
7941
9926
7590
-9920
131
2827
-8874
5514
-7039
-6281
-3422
-9704
4257
2424
-8951
-7256
3645
-4119
-8097
-9678
3534
9543
-5928
4367
2876
5681
-2950
-6422
-5042
-1073
8227
-6799
1220
-7999
-6012
-3716
4925
6199
8951
-3071
4164
8391
6349
6857
-6508
-1394
8206
-5986
2830
-3806
987
-1657
9276
-6660
7613
-1304
2237
6633
-1391
-2209
5395
-8203
462
6075
7894
-4059
-508
-8070
4464
7733
-3582
528
7870
8834
-2822
-6749
6932
9042
-7515
8463
2509
-6135
4072
9185
-4307
-5854
4422
8449
-8838
4651
3823
-8244
-4948
7539
5263
9589
-6473
-9444
-7124
-9274
6648
-8160
1674
-1742
1852
-6212
6825
-5040
-4870
9734
1127
-186
3251
5740
-8617
3412
-9219
4445
-8170
-6880
214
-4098
3624
1324
5507
-1606
5910
-8444
7378
-7137
-1628
4942
7
-7462
-1438
-8635
-7169
2901
-7466
-1504
1221
7371
7980
-6043
6367
911
-6846
-7854
5799
-3526
-849
5616
2267
6424
-3829
-7548
-1872
-3118
-1459
2765
-837
6658
9767
-4760
9094
9294
1526
-6172
-14
2358
-5090
8815
-4501
-7665
908
-8742
-9452
-9921
-6986
2305
-4505
-7763
-65
-4700
3305
-4682
-2562
-3596
-4735
-9967
791
-1583
-2649
-1853
6637
6354
-3294
-5986
8647
4242
1165
5228
977
9082
-6241
2373
3252
5662
-7736
9780
5410
5755
1284
790
-196
2775
-7549
4762
3375
2031
7414
6982
1190
-1470
-4095
-8425
570
835
7854
533
6165
713
5258
805
6789
3854
-6721
4202
-6795
-4311
-3999
-6841
-3852
-5999
4963
-1055
-4786
3733
-4337
1774
-4548
-8449
-3148
2272
-6966
252
3258
-3126
8489
-8035
4764
3385
-6757
-6102
-2509
2397
1897
-3963
-1961
3036
7588
-47
5010
-1439
-6532
1780
9592
2840
-1559
-9026
-5476
-2836
480
-7249
-2607
1765
-520
8969
-111
-4415
864
8895
3029
2109
5422
6458
137
-4811
-3929
-5852
-6510
-916
-9076
4144
5815
-2499
3128
5804
5796
6106
-425
7799
-304
4881
-3091
-65
-1914
-2701
2006
-9726
9372
1768
-666
-7515
-5013
3579
6735
8574
-2234
-1510
-3835
-6836
7484
-2635
8772
-6755
2200
350
263
8079
2518
4090
-900
-106
-8001
3629
712
1842
8255
6700
-4129
7019
-1557
1833
9217
-9810
-7490
-8867
7030
2164
7658
-4689
191
-3133
-2623
-1364
-7000
-6040
8443
7247
4277
4180
1337
7650
-1483
9744
-3172
-4258
-6503
-4605
3953
-4211
4907
5382
-1272
7570
2668
4552
-9028
4011
-2814
-7177
7115
8029
8721
-7872
-842
1659
-5107
-3960
3107
-834
5325
-7860
-7258
-9604
-1529
5774
-9263
-2810
9903
2991
-4078
-4928
9010
5035
6518
-5099
7194
-3788
-7819
1148
-6775
5867
-142
5826
448
1396
-5788
-5296
8185
-7730
-149
9120
6129
-3949
3702
-431
-3178
7727
-8098
-4959
-4762
-4286
5875
-7615
-7874
1784
-5513
7264
-7098
6524
1147
809
2844
-2319
-4277
9103
-3452
3926
-8949
3603
9760
-4024
-833
-5904
1948
-9394
1711
492
792
3558
3528
6918
-8553
-8808
-2915
-7894
-1636
-5393
-6300
-5423
-2663
-5167
8846
4291
1595
-4883
-9935
7539
-3534
-9366
1923
-9116
3884
6594
4950
-4592
-7446
7411
593
-6944
6592
4343
3340
9386
-7318
-9212
-9642
-5118
7970
-2805
-9141
-299
-7303
-3146
3207
-8077
4974
4562
680
-8215
-6480
-1382
1407
6941
-1526
4427
-6170
-2384
-8578
2326
-7876
-6960
8771
4100
1818
-2188
-6137
-8655
-4787
7917
1013
335
-2916
-2285
8745
-874
7568
7633
5387
-438
531
2779
7822
9368
-978
-9129
2850
4840
-7600
-7155
2173
-6793
-2876
8134
-6654
-733
-8871
-1120
-7318
-6145
3441
1178
1394
-3021
-1248
-1276
1468
-8908
1240
548
-9465
643
4107
9465
2449
-2763
2786
8294
-6302
6571
-568
-7009
-8206
-7493
-1109
6918
-5213
-1174
-3231
-3803
-1561
9653
3704
-133
8611
-9770
-3492
-9123
4298
4614
-9723
-8689
2058
6844
8074
6257
-2933
-435
2692
5240
345
-4718
-756
-6969
4997
9255
4884
-911
-8732
-8974
2705
-1957
-8982
7536
496
-980
1776
2008
5353
1672
431
4131
469
-6020
4764
-3323
-1919
-3427
7430
-8767
2962
7766
-3152
2116
4364
-6315
-7043
4514
-5910
4290
7301
-144
9040
3880
-4690
-8933
-5724
4501
-9623
507
8305
-6684
-6143
4300
3608
-3148
-4660
9570
4416
-6639
-5432
-7789
2998
-1562
5586
-2737
7955
3047
-3347
-6465
7248
-9885
-8416
9577
3365
8354
1583
-4064
-5493
6074
7533
5459
-139
3912
4187
-5785
7291
1939
5523
220
-2871
3009
-3379
8266
2535
-4356
8527
-8384
-2524
-2312
1580
-6306
-7885
-4704
-7075
-8231
-7344
5045
815
-5516
4503
8130
7835
-8886
671
2739
3001
8433
-3935
4328
784
-2840
448
7878
922
-8049
6686
8170
6796
-9233
-7924
-6352
-3083
7696
8570
-8065
-4611
-2460
-45
-1027
-4882
9309
1673
6179
-3181
-4252
-6680
-2865
9154
1340
3483
7581
8530
6349
-5002
3920
-3813
-3813
-4523
3517
9136
-7731
9081
8293
-4071
-1462
6056
-8960
8384
-2742
7696
-2789
6966
6407
2651
9543
349
-6893
651
-6813
8020
-2900
2564
-604
5107
3581
-1047
1974
4959
7955
7577
-3462
-6981
8937
3501
-6379
6927
2488
3626
-661
8279
-1924
8335
-6072
6008
-9739
-7546
-3268
-8905
-8262
2686
-3574
4780
6025
-5496
-8815
-5572
-6247
5752
9007
6795
3405
9657
-3409
2452
9016
-8281
-3422
-8032
-1508
-2766
-3692
-3995
-5239
486
760
-7457
9075
-7535
3561
-7582
-2191
-5994
-542
8655
8350
-9676
273
1104
-13
-1451
2352
1371
2848
-632
-4215
-3104
-6874
-4305
-6116
-6686
-8727
-2871
6688
-4224
-2985
8130
6862
1881
-4938
4285
8611
1881
-5777
4090
1807
467
-2496
7506
-8691
-8678
-5466
-1227
-6220
-4039
2029
-7419
7517
3130
-763
6364
-3829
423
-4893
-1914
2022
2029
3704
6246
-8242
-8321
9663
2595
4562
9306
7899
-5037
2103
8556
-131
2577
4264
7257
5631
2935
7195
-7141
7462
-6526
-7722
1762
-5813
-3730
6906
7114
-3522
-1428
6657
5184
-3825
-680
7008
-9017
8606
4812
-6145
-1894
3667
7178
822
3338
6084
-6787
8202
-4110
-5513
9127
8759
-3847
584
4355
2826
5997
246
-5367
-5543
-9438
-2784
-5891
-7173
6763
-8683
-4303
-3913
6852
-4124
-192
-3019
-9940
9562
5562
-6473
2041
1837
6434
-4739
-6353
211
5588
-3741
4542
7360
6257
-3624
3685
5175
-3500
-6093
6173
-8864
-2498
-8392
2775
-4367
-7791
9775
-568
6276
7511
2858
6310
-5740
-6204
-5733
4175
-9479
-8904
-4783
-6828
-4154
5982
-5472
4571
3825
7244
-8585
-6186
-9475
-5858
-9110
-5605
2650
-6376
5818
8509
-2479
-6446
-1367
-6117
-2100
-9076
7598
2104
1977
-8192
-2530
-1390
3944
-5925
-59
-2878
8594
-6643
-2502
-8988
4261
7941
-4307
367
2675
-7254
4464
926
1037
1252
1278
-6
4877
-4455
-8604
5426
845
-9772
4766
1555
9086
7406
-7987
-2373
-3532
8094
9183
-2794
5981
613
-7619
-9077
4088
-7017
-9983
6510
-4366
6916
3562
-6229
-4934
-585
5021
6700
9715
-3783
-7214
-7833
2857
3582
352
627
-6445
-9230
-5981
-260
-3451
2007
-2797
-2682
-7721
-6045
-9017
-1988
-6006
-3152
8883
6201
-4476
6215
9185
351
-3324
-3112
-2549
7278
121
-6295
-3117
1306
-1876
62
3494
1671
-5214
-8929
-2024
2846
5126
-858
88
-7274
6187
6871
8222
8306
6263
5538
8036
9739
2961
-5560
-8632
3565
9699
8597
5167
5875
3322
-8361
-9100
8649
6806
8461
5638
-971
-2245
3583
-32
-8897
-4028
4184
4138
2195
-9100
8807
-5751
4978
-3527
-2341
9195
5256
5294
7639
9504
-4424
5904
9056
4310
-1596
-8411
-848
-9987
3765
-9445
8484
-9943
3677
2377
3806
-5086
-7222
3655
450
-4423
2292
-8095
-1737
-5134
-4688
5131
8013
6123
-4877
-3807
6357
-7276
-8552
6446
5935
-1148
4192
-4455
7856
-7006
3463
-9084
-984
-4815
-5272
-7805
5502
-4046
-5326
8368
-8165
4385
-2596
-7343
-9395
7974
7964
-6059
-4562
4485
-3711
-4343
82
-7819
9901
4295
9963
1174
5563
1272
-1256
-3799
721
-4071
-8955
-4183
-2682
9014
-5828
987
5877
1082
-7825
563
472
9001
1382
-3041
-1518
4918
-5892
5487
6917
-2999
3419
-418
-5459
7429
296
-438
-9114
-7111
-9033
-7685
1547
6296
-1200
7146
1332
-4684
-822
4802
8038
-4838
-2856
-6367
5939
8625
-9593
-893
-5412
-3416
-6511
2927
8640
-4796
4858
5294
-4229
2592
-3561
9559
-9341
-7291
1970
-3219
9256
-2512
-3051
1865
6113
723
-7672
-7320
-8933
-8545
692
-9088
-2625
4343
2634
5171
4264
8905
-5887
9341
-4245
-8977
1066
9712
-8728
2437
-8750
8701
6392
-7543
6865
-3635
-2540
-372
-413
584
-2598
4464
563
4697
535
-8087
759
-5802
644
-1467
169
3312
-5192
-5611
-9358
-5901
-6767
34
-2543
-5773
-7058
6491
-5331
-7948
-7522
8304
3323
3803
1143
-628
-4735
-3590
1084
-3050
5625
-1415
-7328
4892
-5518
8918
-440
-3458
2212
8007
9905
6002
2163
-9140
-290
-8461
-5179
1307
1386
-6772
-3969
-5210
-7775
-4640
-5077
-7543
349
4668
-9275
8080
882
5013
-1601
-9981
8441
-8608
8033
-6411
-2386
-3343
-3841
-8381
9442
4227
-8169
1416
3671
5838
-4613
-148
-1086
8759
-1129
-9423
4165
-4926
1740
1335
9862
7527
5589
9315
4284
-4106
-8406
-9896
400
330
-4568
-9361
-2139
4427
4048
1648
8581
-1529
4444
9765
-6505
1412
-253
708
1822
-8649
-4226
5267
-166
-6501
2074
2184
8198
7554
-1973
-6112
8503
-4336
-9723
-6669
4571
-1337
-4338
-2747
-8899
8790
-1003
8035
3510
-2517
3552
5399
3407
-3807
6164
-9258
4227
8153
-5385
9186
-6620
2075
5122
2805
8143
-5873
-1370
1122
-6110
-8366
6174
-2530
9117
6678
1252
8230
6686
6918
3447
9564
-9960
5066
-2570
3600
-9776
-4954
-9952
-4196
408
5477
-9367
4838
-403
961
-3791
-4695
6109
-3269
4697
-8574
5133
6643
4159
-416
-3410
-8
-1266
1810
1736
-5325
-736
-7561
9723
-4272
-5274
-7846
6071
-1161
-7795
-4645
6795
-9308
-39
-3483
-4981
-6549
-3023
8245
-7924
7972
4962
9950
610
-3888
-5964
3263
-1523
-51
1177
-2832
-9984
-7861
7087
9709
-4707
-5237
135
8051
-8346
1064
6226
6416
9065
9889
-4253
-6843
-1979
-1060
-8209
-9868
-5777
-4280
-2335
-3214
5207
-2107
-3046
1505
-4954
7429
-5923
8125
-6283
7975
-5412
88
6735
-9127
-5076
9264
7479
572
-1151
7607
-8303
806
-438
3936
522
4207
-1359
4043
-3290
4162
5027
-1224
53
2102
8585
-6997
-4391
9691
-5566
6747
1584
8282
-5035
9787
2644
4562
4078
4100
4772
-866
-9503
7350
-7157
6862
630
-5938
6471
1927
-4411
-6466
-8840
4782
-7591
7829
1258
5055
-9858
5324
-5259
-2771
-4599
7143
4421
7092
2524
-9601
-7091
-9914
-6624
-3203
8922
-3574
5347
5495
-8125
-747
-5423
-6722
6803
5104
-2785
-6367
-1996
-6096
-8590
-1666
-8484
-4449
-7252
1180
-5060
-9428
3063
-2352
2495
4430
-3502
-6013
-4608
-5338
3075
-1896
4647
-4470
-7818
5682
6824
-5266
4757
2045
-1249
-303
7284
2540
2924
2283
-2384
-2090
3520
7489
113
-1177
8111
-6731
8146
-1876
3033
790
-6872
-7931
-1682
4717
-9132
-4676
-1867
-4969
8792
2256
-8806
8599
-1055
1041
8439
-543
5861
-9422
6023
7711
1223
-9105
9626
-350
6724
7240
-9504
-4580
-138
6208
3874
1105
-151
-5495
1127
5535
-7090
4019
-9974
-6537
-8096
-1729
5947
6590
-710
2929
-6415
-6459
8478
-3383
2256
-6053
-3789
-1090
-7332
-1151
-1420
-2503
-1262
4679
-1190
-854
5158
8734
-5832
-1912
-2568
2155
-6974
-2362
-7820
607
-9268
600
-7424
4884
9958
-3302
1247
6232
-1908
-5003
-6151
4008
-6862
3311
-9285
-3134
5559
-4655
-227
-8753
-1851
2090
9132
-6640
-796
863
-4060
1111
3833
-2947
4840
5796
9705
-9287
-1209
3782
4257
-2442
-5881
-4106
8470
1996
-5643
-8263
9297
-8824
339
1780
381
7946
8233
1680
2884
4586
-3802
-5356
-7539
5840
6961
-6154
3941
1531
9010
5235
-8787
2487
5942
3580
8621
47
-7370
2526
7734
-8931
-4546
-5987
-4010
-6824
3536
9773
-6964
-856
-2377
-446
-7988
-3608
457
-7863
5099
1405
822
3767
-9992
6918
-5558
-3180
-4580
1294
-5193
1103
5336
-8812
-8594
7082
9604
-4909
-9310
5779
6059
-9779
3678
-4160
-6498
7140
-5751
2749
481
-5735
8267
-6635
-8567
5758
-5006
-9781
-7129
-8571
-5578
3453
-8887
-6121
-2670
4770
-5094
1296
420
-7184
4438
-9177
-9258
-1427
-324
-8731
7520
-3168
1155
-3560
178
7530
9918
2797
3459
-902
3847
1592
-7679
7779
4924
-4312
5935
-7067
-8219
-7000
4354
-9763
821
4792
-6988
1171
-1177
-7440
-8455
6162
9625
-3519
6898
9644
-56
-1949
-4554
-6374
8525
2232
7580
-2418
4246
8796
-9517
6196
2233
4755
4908
-9013
-6238
3333
-4045
3415
-3952
-2428
1156
4083
-212
5827
-2602
-1289
-2783
-1262
-4080
-7924
-3686
7009
-415
-1763
-8328
794
4303
-6225
2350
9954
-9439
-9848
-7194
-5313
-1510
9920
5711
-316
6420
-1232
5852
2336
-6918
-6329
2992
3783
-4262
-8636
-5168
8182
-1317
823
7681
2046
-9116
6793
5556
-9496
-9121
9727
8768
-8472
-4471
7937
6731
-6294
-8201
72
4245
7602
3420
-881
-9811
8521
-6556
9653
-1240
-4166
-9874
-8663
-518
4282
5438
6421
4934
8150
7760
1757
8521
7727
3809
-1578
3049
-7439
7321
5765
6534
-2757
-5844
-5208
-7344
-3965
-9295
9120
-2129
-6120
-7060
7466
-1933
5078
7856
-6783
950
-3701
6046
9726
-4694
3964
-7492
614
2810
-2853
8068
3350
-1614
-3488
7327
2089
7433
9987
71
8695
-5545
-9245
-8371
-6143
3663
7182
-7659
9118
-7337
-2401
-8305
-8461
528
-177
-7124
-9866
-3939
4203
4416
-62
-769
8531
-1201
2265
-2596
4195
-7177
4617
-3760
-823
297
5519
4209
1896
3710
6561
-9359
3752
5587
1827
-1097
-8703
5354
9115
-1231
-5065
-6651
-3358
4097
3899
-2715
-1131
-5378
-6777
-6821
4773
-5251
3367
1808
-2262
332
8310
-6998
-7387
-3976
-7891
5572
8587
-7836
7903
-8589
-7629
-649
8152
-2282
9093
-2917
2194
3705
6924
2953
-8034
3646
-7592
6070
-6512
-7522
-8548
5856
-7055
-4810
9328
-3097
-9042
-8368
-9302
-338
300
-7977
-2175
-7314
-7215
-4293
-8530
-1716
-621
-9679
-220
-772
-6335
5858
-3209
-9775
-731
-5095
4450
-5125
5858
-5373
-3469
6203
-1272
2826
-6879
-2899
-38
-2207
-9452
-6006
2279
-9890
6969
4570
-6707
-8279
-3468
-2934
994
9259
-4229
-4634
8285
9336
-9590
-7811
-2636
5994
-1022
4562
3263
-4110
-8938
2796
-4747
9317
-6961
7882
-1797
8133
-3794
-4081
9802
-9644
-8123
-2566
2482
4472
-1356
2590
9413
2584
-9608
-2662
-8111
8667
-2695
3716
-5036
-8558
-8681
9660
-4637
-2199
2606
5204
-5499
3715
-9356
3728
3258
2545
-3090
-2485
-3757
-2881
8013
-2374
2014
-5843
-3205
-5981
4148
-1257
8787
-9977
-946
-8065
-4995
-2266
6592
-8294
-7162
-5774
5865
-352
-4251
8555
7156
-4022
-9125
2416
3328
1120
-2222
-4215
-2178
6215
-2346
1382
-9492
5603
-6402
1424
-1134
8465
-1395
-8658
3154
-6036
-4496
1926
8995
7135
-7537
-7672
-7111
-6989
-3042
2280
-4559
284
9840
2810
-3354
9733
-1545
-9173
4160
8940
-7768
-5049
6737
-4887
6661
-8363
2626
-352
2465
667
6085
-4161
4360
9136
6379
9926
9668
1311
-7124
-2146
-5938
6974
5408
8380
8363
1257
7358
3482
1100
-5985
9601
7932
-6981
2277
-1449
-7212
-1894
6331
2009
8078
-7418
-1104
-5118
-846
-981
1008
7224
-1758
-6877
4865
179
7148
-8459
-2357
-7819
2257
-4597
8774
-8880
7444
4165
-2160
2946
-7292
4740
-8684
-2505
-104
-5089
-9295
-8347
5992
-6486
7599
-1924
-1009
-7611
2256
-9862
-7124
-9389
2328
-7179
4878
-4372
-3449
5178
6465
7129
-5543
1173
9814
5544
2039
-4775
764
-6246
-603
-6342
-7663
-4509
8347
-9761
-7950
4266
8817
-7180
-6433
6584
-8172
-2179
-7825
-2681
9836
-6516
-4003
-6002
4816
-314
7274
-107
-1587
-7325
-4319
9053
7414
-2356
8747
-406
-9844
6746
1243
-3259
8608
3962
8569
-9046
-1615
7212
-1366
5414
-8201
-9642
8434
6068
883
7585
1395
1750
-9348
-8806
195
9702
8741
5766
-9466
6129
-9221
-7837
-6818
7140
-2002
6619
5482
-6363
4742
2519
8504
-5992
-8621
72
-661
-6103
-4393
9052
-9130
-9194
8234
2269
7506
-7149
7911
-6013
-3325
-8702
5827
8104
-6438
-3716
2705
8650
1137
-7072
-9695
-4333
6176
-3694
7779
-1213
-9382
6216
-3613
3851
9671
6513
8285
-4700
-119
-6367
4553
-334
-1673
-2373
8580
-2704
-2973
-5714
-9863
-9382
5341
-3365
-7269
-3503
-5136
-8244
-6400
-2557
2491
374
-7640
7457
-7108
6700
-1759
-5265
1529
6576
-5667
7317
1632
-8050
-1474
7389
2091
981
-6304
9164
5825
2385
6738
-7254
-4940
6397
2439
-4033
-1046
-2888
6321
3276
-8140
6823
8954
-8711
-7020
1928
472
-6469
2973
9369
-6087
-39
747
-1432
-8229
8046
2550
-862
2660
1325
7693
-6373
-5572
-3460
-9811
5139
-1105
-776
4849
-3722
-1814
-2460
6687
-2906
-6292
3666
4961
-1728
-3221
2260
8323
4090
-1896
6169
2315
851
9307
-8085
-1425
-8080
-7176
3903
-9066
-4234
7016
5057
-199
2284
-1933
7113
1955
-4322
-6650
1776
462
-1665
-2544
3804
-4709
-2126
-5972
2140
8296
8816
2548
-9438
-9996
-9983
-9983
815
9067
-8474
4954
7070
-6417
7556
-9655
5424
6809
1245
-2114
9507
-5406
8779
-2851
8406
-3123
-7286
1049
-6810
-4472
-2328
6308
-7868
63
-9569
-9900
2679
-9727
5549
-864
-8054
8310
-7125
3827
-1772
-5977
-1307
-4389
-3086
7032
-2447
-4121
-8190
7602
3934
-8859
1753
-5675
2210
-6187
6214
9105
-8984
-8757
5622
9635
-1283
9838
-9735
-9808
-5664
-5066
-2871
5146
7995
180
-6905
-7058
8823
-4239
3428
-2954
3483
-4594
1371
7512
-9492
-6799
7987
7744
-6496
2575
-3367
-448
4690
6551
-6310
-1603
827
4276
-8791
7108
-654
7643
7462
4731
-8127
8551
2212
-3559
6353
3748
-1475
7529
4357
5649
7064
3092
3349
-7950
-4718
3456
7848
-902
-6731
-5815
-9673
1588
4326
5192
-9885
-5385
-8126
-9606
1962
-1986
5941
-9403
-2028
5407
2156
-4829
-856
2815
-3575
157
178
2179
-1173
-6790
-8679
3296
-9585
-7780
5365
6914
-3685
-5534
-5903
-2131
-8021
-7405
-2713
-5109
1844
-4349
-1913
-3394
4725
-2591
-6376
-5841
8155
9664
4786
9277
-5965
-6617
-1314
2511
4422
7147
-824
-9374
2079
-93
-8525
9183
4056
1907
-1982
-8618
-9880
9867
-8031
-1077
-8761
-3257
3504
-7667
7647
5779
-5440
749
-4284
-8985
-5823
-2649
-621
-8112
5245
-9647
6163
-652
5239
9017
9409
-4683
2481
2147
-4827
-6147
6944
-2298
6682
-8165
7201
2725
4837
8240
2009
-4718
2456
-7498
-8603
-119
8322
3060
-1668
6418
-9133
-3036
-5879
-8089
1772
-4219
-7318
-9867
2636
8677
1043
6396
-7182
-54
9658
8833
-3717
-7406
1139
-8842
6551
-3654
3218
3699
-9783
-3207
-8165
8146
-150
-6128
5871
-8970
2609
5668
4407
-2318
-6429
-5976
-9373
1603
8373
-4250
-3009
225
3821
-4650
1844
5446
983
-5503
-1620
-4498
-4280
-6413
2400
-1165
9909
273
-52
-9614
21
8692
8515
-5311
2825
2479
7169
-8774
-5104
-3014
4550
-1918
-6572
5002
3682
2936
-2354
-9947
-1850
-6971
2805
-1821
3574
8393
7500
-5302
1510
-3835
-5394
-7020
-6300
-5679
8401
305
-3294
7419
-7259
7487
728
7965
6310
-6708
1634
-9409
4714
2562
3024
-9765
7785
-4190
6504
-263
-8151
6402
-9200
6018
7600
1066
6922
-7452
5656
7461
2714
4509
-758
-2127
985
4421
-4399
-8388
3736
5718
-6821
2657
-2129
7493
-3347
-3413
-4032
2088
-4844
3674
-1639
7025
49
6765
-1433
-7803
648
-523
-4555
-8203
-2316
-3247
6788
3484
6197
-4371
7326
8354
-5163
-6752
658
-8095
-5014
-4500
2473
1983
8767
-8603
8685
9419
-3474
-3064
8175
9782
-8582
9217
-758
-8558
-4268
3907
3276
6974
9209
5026
-5530
5406
-5571
1669
-2887
-384
6554
-6770
2955
1601
-7364
-4809
-1504
2805
5215
1786
-5796
-8085
-9916
-2782
-2887
3399
-3954
-6941
694
-7571
-5094
-2139
7488
-4877
3921
-165
398
647
7937
2144
-2597
5733
-2471
9316
-15
8369
6682
-8994
6073
-6043
-2427
5314
4709
9217
9843
-8680
-345
-6160
3234
6242
-7552
-9772
1387
-865
-1880
-9011
9335
-8925
7503
-3264
7171
1779
-3458
-7450
-4303
-744
-1452
966
9303
-9835
-9793
-7186
-6903
5288
-1877
5711
-1927
-1026
6536
5952
-9370
3016
-4492
650
-5130
-3920
-5736
-6324
7556
-781
-603
-4593
5500
-6531
-8433
-788
-36
-9313
-1
73
-9446
5473
6675
-7815
-6308
8329
3348
7214
3245
-5875
5897
-7676
7592
5400
6021
-5898
-9351
6235
-7768
6927
9334
9786
-6699
3728
-9970
-2835
-2534
2630
-8671
-5140
1308
5400
5174
-9440
-2775
-5306
-7928
4655
3446
-6600
-896
-8249
8610
-3826
-9109
2350
-3600
-3865
5290
-2876
-2861
-1028
9452
5873
-6618
-7058
4273
2557
-8750
4113
-5874
6547
-3903
6940
-1049
8457
8859
-7299
-342
4026
2336
5927
1250
-8815
-7097
8037
-530
3994
4790
3601
-8726
6890
6996
-8911
-3813
5505
-49
1741
3170
7798
2478
7762
-7659
-7660
-3726
2007
4211
-1546
8198
2165
-2556
5359
-4833
9810
-7603
-2577
-6504
8510
979
-1400
-4378
196
-9251
284
4999
6033
-4790
-798
-5024
-9587
3541
2412
4709
-4430
9477
3703
8254
3020
9939
4730
-3847
-5390
4788
-449
4782
-7126
-2852
-40
-9045
3014
2433
-1762
9812
-5180
8310
-4840
-1571
-7117
-2871
-1397
1831
-1996
-5931
-7395
-4151
2372
9666
-4208
1787
5233
-7435
-4873
-1383
-7597
5839
-4505
3288
-6840
2776
-6622
5808
-826
2330
3160
9648
-4293
-3003
-9415
-3037
315
5552
-9769
6653
-7080
-7426
-8862
5107
-9046
4606
-8511
4103
8498
-8142
-2661
2159
-6104
-5961
-9046
-8458
5726
2571
9077
2509
9283
-9381
8677
3602
-1989
8538
3111
-9708
7236
-6889
8100
77
-4473
-674
-4136
5787
7207
4151
-3773
-2806
-5236
8128
-1710
-612
-2823
2026
-9040
4872
37
9533
-4163
2914
8059
-1209
-5960
2848
2317
2180
3419
-2602
-75
6907
8598
46
8747
2768
3027
2163
-6060
4772
-4954
-513
6249
9389
-7485
2047
-2784
-704
-3432
9588
4161
8068
-9622
9375
3115
1718
-8111
-4706
1509
3845
-7661
3963
-8416
-2176
-5588
-3437
-4230
4295
1308
796
1697
-6475
-160
1057
6417
-6430
1189
3795
-7996
4464
-9761
-1628
-7760
-1483
-5243
-8377
-4685
-1470
115
6158
-4483
-4933
5501
-2063
-7521
-5441
4335
-1848
-6691
-6582
136
2470
-7361
-5699
-892
-975
-5359
-4577
8287
1976
1580
5900
3747
-9388
4535
6903
-9768
-1847
5519
-6986
-6612
9921
-4080
8098
-2426
-413
-9203
-6476
8612
-1112
4367
-390
3057
-3804
802
2575
6414
-5823
-1055
1401
5857
8131
-1809
3404
4091
-9529
-4309
-4152
6227
5622
295
-8149
6393
-4468
-815
-5796
7578
7187
-2307
37
2428
-4923
-6144
2082
-1664
-2853
-5819
-1313
8815
5452
3902
1094
6054
959
-124
5445
-8061
-9631
-373
-9122
3669
-6139
-8679
5587
-510
9947
1315
-3136
-944
-1410
4172
-6746
-9551
-2305
8096
7326
-8315
-4186
9249
-8109
4569
-5422
-1385
9115
2323
-228
-5199
-3171
-8316
-8062
1980
-3734
-9642
9419
-2133
-6060
-7450
-6637
-2480
-4284
-4813
3090
-2929
-6197
3674
-3888
-9260
5813
5586
9816
741
-2
-4736
7586
-4843
-4533
-1992
-9660
-3998
-5195
-4174
5242
-966
5685
-9484
-187
3643
-994
431
-9336
-1797
-1739
-8364
7623
7214
6923
5558
1121
-774
8677
-169
5426
5050
9739
422
3746
2334
960
5686
8923
-1158
9119
-6495
-1393
-9180
-8045
-449
-3812
9660
-5050
3961
-5281
-4931
2118
2735
-4211
-9989
-7338
-6798
2430
2237
1138
-2853
4352
9973
9498
257
-8571
7710
7675
-2183
2737
-7892
-6287
2681
-3051
8302
7232
-9608
2685
407
146
5265
3580
-2500
3208
3964
9109
3805
-2117
4489
7453
8434
5230
3363
7148
-6297
-2797
-5433
5403
-1561
-4482
4394
660
-4595
6269
4353
3093
-553
8086
-6828
-1580
1543
-5782
-6846
1452
-7691
-4511
-2271
-2916
2564
6378
293
-5230
7265
577
7281
-3794
6879
3163
9738
-6443
3901
790
-9077
7509
5564
8403
6454
7878
-4495
5367
7870
1080
-865
-12
4167
1921
9306
-2889
3050
1582
5281
2986
7075
-7352
8593
7147
-1341
1058
-3861
-8287
-6032
7376
-364
9774
-485
-2135
535
2054
3469
5889
-4504
-3313
8754
-1165
5930
-8496
-9835
-161
-8783
5255
-1777
-4298
5405
-2214
425
835
-5999
3460
7183
-3067
6154
1621
6462
-4128
-4100
-2534
7852
3984
-8312
1801
-4450
8532
241
2548
-5933
-4252
-156
4529
7164
4730
-1359
4909
-9456
8325
4499
-4293
5863
-4398
8494
-3061
7014
6978
-6090
9362
-344
29
-1005
-3781
-6702
8904
-3784
-2255
-687
3682
3115
1122
6226
1027
-7777
812
207
6231
-3486
8754
-4776
-5674
-1820
3936
5265
-1999
-834
5296
6756
4780
-5176
9265
4100
-5781
4317
6204
8160
-3948
-2861
-5323
4578
-8183
-6569
6510
-804
-7937
34
6813
-6758
830
-3419
1876
6822
5773
4323
1951
-7057
-3892
-3488
-4005
-2630
4185
8968
-7680
-8438
2837
-9666
-6852
-6275
-7402
8356
7638
5701
-6826
9619
1436
-6307
-1948
-9399
1846
-9692
-332
-1214
6189
-2024
-7219
816
-716
-4570
1150
-831
4636
-944
6089
-5311
6796
268
1017
5061
-64
4657
-1497
1963
9980
-3551
7973
-5656
3127
7013
-6471
-5459
-8698
-2097
8060
-5038
2681
6687
7632
5161
8017
6155
8799
7048
-9896
-9549
-8733
8048
-7065
-7498
9897
7295
-2767
9644
3512
-2029
9290
5610
6284
-4128
736
-7282
7101
8032
-9538
9069
-3829
-7311
5336
-9003
1540
6219
-13
-8720
2773
-6995
6858
6254
5589
-7751
-7001
2803
2119
-7471
-6021
1310
4413
410
1345
-5908
-6584
-6776
-5261
3569
2833
1646
-3004
5386
-9742
9940
2273
-3053
-8812
2382
-1875
4157
4286
-8199
-5105
-9268
4523
-4114
-2105
2742
816
9908
2005
-5410
2448
1547
1148
5476
-9732
-7518
2900
1336
7471
-7416
4574
-4504
2150
8760
7551
1337
-1877
4173
-9939
-8285
-8496
-8971
9893
8660
9334
9182
-4068
5017
-6083
-4310
-1391
-3640
-4568
7326
5116
-9710
-9772
-2097
-4297
6477
280
-9925
-669
-7065
-2520
8451
-380
-7160
7092
-4901
-925
-4493
928
-1845
-1596
-2989
5776
-9083
8792
-2808
-7138
-4117
6432
1145
5108
-1615
-8770
4262
5320
1191
-6560
-8828
-5330
2086
-4038
-5047
-8862
-1941
-2523
9081
1951
-470
5785
-3864
-3441
5697
563
8396
-9303
-4860
-3113
-9749
-8160
-5905
-8580
-1212
-1306
-3263
1112
6841
2885
-2002
-3767
-3174
5361
-2126
-7390
6345
-2223
-9988
5878
2678
8423
-2285
-2295
-8624
9868
5196
-9747
9740
-350
-4727
7525
-3364
-8344
2125
2186
4535
-4573
-2893
-9784
-6134
-5543
-2774
8425
2124
4354
8397
-7864
-3647
4880
4425
293
9876
-7109
-5959
-1538
3498
2513
-9651
-6248
6770
3373
5629
-7403
6733
-9072
567
4476
-8988
-2947
-7829
9531
-4975
-5224
-6890
-7098
-4086
-1486
-3021
-4233
1573
4673
-3021
-3601
7496
25
-5275
3054
1229
5837
703
-6419
2910
-1171
-6626
2329
4925
8298
-7829
1617
-2449
-46
-311
4153
8222
5593
-4778
-2421
2719
8675
3490
-5312
-6725
9928
-7332
5094
-4579
1828
-8777
-7636
9848
4602
4704
5708
9564
-9368
9233
1026
3334
3716
7624
8140
-4245
-7670
4621
8176
-3863
-3778
6442
9892
4033
6673
4212
478
3596
-1225
-869
5973
-1392
-9679
1857
1909
-1157
-6732
-2485
9927
4245
5550
-1197
4864
8513
-250
3935
8469
4910
5392
503
6363
-3218
-1789
-1771
-7010
7773
9234
3811
9198
5613
7835
-3166
9382
-7669
1958
-9320
-9126
-9881
-6862
-4306
-6148
2868
9284
-2180
-6689
9190
6109
3344
7620
-4605
-357
7152
-6334
-5292
-6134
1680
3061
-3088
8687
-1842
2953
-6421
1338
5020
-1097
-6517
3985
-4193
3689
-4611
-7017
8286
1836
-3263
-2839
-269
-6516
8140
4144
-5216
-2992
5889
2287
3024
2485
4484
-9960
-75
2538
7162
-6640
9423
5156
-313
-6351
9043
9076
-3129
-7380
-2349
-883
-4857
-531
-5718
-1337
2064
348
9315
64
-6863
-8617
1859
5561
-1
5690
-5578
-4570
7068
8339
5017
1868
3396
-6921
-6572
471
3301
-9814
-4265
-9537
5631
-9515
-3292
-4345
2782
-6937
-3977
7026
-8510
-8572
-9621
1740
1644
-5007
-6420
3301
9183
-8995
3892
-5112
-3670
7595
1501
9351
4958
-5962
2183
3504
5062
4043
2569
-1324
-3783
5205
9222
5659
3468
4832
1538
3565
-9315
1516
-6836
6493
-9049
6810
3593
-943
-7806
7294
2448
-7145
2924
-8288
-993
6078
6401
-4796
-2871
8297
-2890
-6484
5791
6712
8442
5501
-2734
-4286
-2810
8412
-7715
-1604
-1992
-9879
7506
-9375
6074
-4075
-1636
-2746
6966
6646
-3387
-4881
187
-5203
-7427
-8530
-8798
-7358
-6729
3954
9735
1115
3294
-5618
9275
-6451
-2676
3998
7014
8715
1061
-495
-6298
-4910
-4513
5651
-891
8727
-9640
8232
-8669
4294
-1754
-9440
1318
-8248
-5401
-5775
7981
2015
-7982
425
-3659
7254
8522
1133
2082
3233
-1632
-8011
-4446
-4990
2507
7197
9301
5251
-6120
3042
-7533
-8053
639
6667
-1977
-9218
2981
-6354
-8979
8565
-2808
9597
3955
-557
-5339
6712
5448
770
-7607
-6284
-6473
-7358
4180
8475
-7809
-1667
2611
7981
-2649
962
371
6205
5134
3029
-6313
-2116
-1427
9807
-2374
8013
-5803
8111
-2077
4107
-2785
-3917
-4602
-2395
-8138
620
-746
-8199
9903
2215
-7881
-8682
3442
-9355
2275
5615
5148
921
-1308
-1399
3894
9828
9342
-8676
8282
4837
805
-3865
4577
-1707
6586
-130
-2829
-9161
-9066
-7687
-6257
-5727
-5436
-9563
-4492
-8856
-7922
-9696
4875
-4804
8315
-5098
2575
3105
5604
-3525
1430
-2376
7848
8986
-65
-494
-2184
-6389
6682
-1821
-3738
3443
1979
4397
5924
-1322
4142
797
7869
-7698
-2704
8336
-5106
5096
-5586
4906
1880
-6483
2691
7205
-4608
1523
-431
-5518
-245
7543
-851
2344
2613
3469
7592
4171
-9509
-5432
1189
518
-373
4933
-4671
-6522
5140
-2757
-2694
4538
-8967
6003
5383
8408
-5569
-9743
3656
-7321
3059
-9517
-7264
7770
-7812
125
9626
-6587
5087
2760
-330
-7000
-3424
-5771
-4786
-944
3703
-7485
-3402
-8802
-3457
-1046
3347
-7330
1553
-7108
-526
-7955
-3135
-1947
-7721
-4035
-2588
6156
5373
-3982
-4754
8418
7581
2290
2305
5446
-2825
-252
-9879
-4188
-3208
-8976
-5906
-2406
-4153
1216
6350
9072
-4349
-6723
-5848
-6296
-2392
9856
-4708
7629
-1972
438
2817
-6988
3731
-4918
-4769
393
2320
5790
502
-19
-5612
1664
-8925
-3991
-1356
-2123
-832
-1727
-9344
29
2663
346
-7716
-1969
4473
5618
726
-4896
-1433
7892
-8922
6997
-4174
-1567
7339
-9995
486
3510
-3118
-3318
2468
7225
-8341
-100
-5451
-8116
7613
-3165
1161
4620
-8344
4720
2389
-373
-9286
6359
737
-193
7
8437
5358
2736
-1050
6184
344
8121
6960
-2057
-7850
8360
1271
-8906
2481
5774
1690
9340
-7845
9799
9652
1619
7181
4326
-4394
-4431
8753
-3980
-6406
8138
-5645
7824
-7530
9512
9385
5651
-9129
9422
4276
-8013
6563
-573
7778
-8457
1793
9817
-8562
-8693
-7616
-4604
9949
5027
6772
16
8133
-3083
5692
996
-8161
2797
-7359
-9329
-3221
8124
-6453
-3052
-624
6404
-3630
-1253
8653
8459
2800
-3983
1736
-8576
-3291
-2108
5352
2325
-5384
5444
-4855
1655
8324
-3804
-1289
-2908
-1200
2730
-7694
-8725
-6371
-6294
5199
6519
-3731
304
1232
6660
-9133
-8957
-8423
2548
-4010
4748
-9185
3159
5931
6447
5494
-1162
-3093
1025
3605
4339
-5634
-9986
6360
-6073
-9975
-3277
-8979
6820
-5173
-9251
8157
-4082
1739
6752
1674
3438
-5512
5256
-4036
-2082
-1530
-8136
2827
7418
6766
4970
9047
-6443
-4291
-5805
5445
5547
8970
-8767
-4918
4016
6421
7665
-4098
115
2404
8541
8328
165
-6941
-3048
416
-6794
-7856
-8559
-1660
279
5492
9625
-6963
9204
325
7689
7421
-6857
-4956
-7121
3308
-2769
-4504
3718
5940
639
-3768
-4268
4998
-6970
3438
3944
1936
4371
-6380
-5304
9976
-3836
-9617
-9278
-4479
6097
7585
1276
4748
-2714
7472
-603
8822
1951
-1045
6914
3501
3572
-981
-820
1936
-6160
953
-9447
-656
-5926
3499
-7010
657
-8806
5043
4191
-1132
-3080
-4553
5188
-2326
-4119
-1012
6513
8093
5945
5566
5227
-3741
8669
-737
-6359
-3486
-7199
4312
-7892
-1567
-5374
9187
-2740
298
5243
-9806
-3753
5775
-9014
8872
-5556
-5760
-4729
-7712
2537
5681
-9317
4065
-1700
3641
-4480
-1963
9306
987
-9714
4151
-3241
-8391
5243
3860
5229
-2505
-2234
-6769
3111
9851
-947
-6842
9227
1585
7742
-3784
-8443
9334
-7475
5702
-129
-2795
5079
7798
-2587
6652
-7002
-4531
-5452
-6075
9429
8825
-5739
2351
5920
-9786
-5708
9692
-8181
9870
-6760
7862
-757
7721
9418
3032
863
-3087
-3454
-2230
-3941
1513
-5003
8108
-2644
5683
8382
-718
-4003
5097
-1739
-4311
8738
-6555
2994
-106
2005
8105
-6046
8865
-9205
8103
-1309
-2981
-9884
5970
-459
-7004
268
-3638
-2227
67
2441
9503
-3367
4090
7433
-7869
2513
9977
135
4785
4349
-4459
-8242
-8393
-834
-3201
6273
-5413
-3429
1294
8535
-241
-7371
-9104
4515
7759
3878
411
9165
4290
-8036
-4546
4221
-1443
-2981
7587
936
-8014
-9096
8694
-4793
-3023
-5077
3908
-167
1366
-3445
4209
7344
386
-8228
-8749
-886
6622
-9806
1316
-6442
-8922
3310
-7492
2593
-8762
5567
-9970
4823
6824
4314
-9762
-311
-9114
8113
-7
-422
-1653
-9849
7329
6694
2785
-4382
-1879
5203
-3613
8967
-2485
-5580
-8619
-1103
-3105
-2986
6684
8135
-2921
3889
2049
2683
1747
-1927
9193
1030
1781
-2291
1494
5197
2577
-6737
-5797
-5251
-2532
-681
1276
8177
-711
-2180
-9722
-1274
8220
-4360
6907
-7314
-6097
8937
-3690
5291
8320
9931
8801
-6565
9037
1592
1167
2127
-4248
9020
-2915
9021
-2377
9863
8807
4191
-6962
-1906
-251
-5719
-6926
-8863
7080
-1151
-9675
7713
-792
-7476
-8305
-2557
5529
-7352
43
-2129
-8323
-4187
489
6228
7611
7552
-3585
1734
5457
-2217
6782
4624
6485
-6194
-7873
2743
-7558
579
-3948
3705
-6781
5831
-4720
-7236
6252
579
7710
3075
6408
-1213
-1761
7437
-5717
4438
-407
-2159
-8514
-2415
-1834
5304
6072
-3102
-7831
5302
6234
-6211
-9699
-2952
-4730
-6689
9845
-7892
-1576
3934
-1184
938
-2288
-9260
-6589
-9652
8332
-2318
6993
-8102
-6468
818
9200
-8073
-8253
4479
4203
9250
-8428
9082
1176
-2677
-3631
-4247
3667
8603
6838
7605
-6503
-2024
-5018
-7074
-8346
-9142
-1798
-4221
-4337
2923
2635
581
-3176
1082
2384
-7598
804
-5881
-6798
-4615
-3662
7461
2100
-2530
-5692
793
-9289
6913
5363
-3382
9630
-5046
4064
4352
-778
5325
4050
-4043
3108
-526
-4574
-9008
6913
-5249
1222
9360
7292
-5113
5375
4987
9270
-5181
9002
8684
9018
4265
-6089
-8370
516
3398
7362
4110
9379
6392
7076
-5489
7761
-5097
-2485
-7023
9715
2401
4483
4052
2395
-5572
-113
-7441
-3613
-4076
-1614
-4869
-8142
7416
2976
-2861
4757
-10
4719
-8415
-9252
8610
2371
-8742
5474
5735
-4714
-2478
-4053
-6741
-8013
8692
9583
-3165
5195
-8397
-769
-4824
1680
-7667
6901
-2439
7960
-1811
5722
-8192
1404
-7078
-36
-4338
9183
7046
3210
-5188
-5033
-6795
-8103
-6617
-531
-4142
-3203
-5785
-7933
-5439
-6689
549
1101
8192
-5168
-7265
4385
8041
-7292
-3390
324
-8968
-3282
3801
3015
6353
-914
3219
-6421
-8085
-4685
-465
1492
-2021
5122
-7433
-4999
8274
-11
-7144
3680
-7460
-4616
-8230
1941
5916
1871
-9642
-9452
1484
-5657
-1792
-7315
9416
3420
-7690
-1845
6832
5423
9612
-4858
3482
6192
-9070
7305
4624
8125
-551
9562
3714
-6659
-7428
-19
-1149
-7410
-1866
-1510
7498
7876
-7632
3566
2801
-677
6654
-5123
1171
5189
-9337
3045
-7963
9927
-7631
-6739
-1749
-5876
-8835
-5903
8147
-8250
-3825
-5495
-764
-1069
-5742
-9273
-2485
4290
4297
4340
7433
-380
9578
-7020
7237
-1701
6986
6911
-6701
-5493
-364
9538
1457
625
-4678
345
-4714
-1867
3974
8429
6435
1767
9474
6032
2534
-8555
942
3538
-756
4752
1473
-2100
7142
-1066
1547
-2374
8622
-2731
839
6136
750
1602
-6749
5063
-9250
-5696
4673
-774
3478
138
-13
-5508
224
7401
-9732
5063
-8453
-6639
5406
-9288
7335
-3704
-4896
-1451
8174
8779
7501
2869
6618
2577
51
-292
-4528
3471
-4550
3307
2594
4392
2848
-5286
6859
4772
-8496
5867
6107
6140
3756
-1013
498
-7968
-2073
1293
2635
359
838
4363
6727
-3058
9952
8075
-1670
-9467
1296
-3912
-6078
-7476
867
555
962
-975
-3955
-9429
2993
-3336
-8955
2893
3663
1780
-5438
-8340
4497
53
-3194
-8489
4253
-2184
5604
8340
2219
176
-1297
-4819
9550
7333
1796
-6183
-6758
-7693
4892
4265
-2978
4675
-3754
1346
7915
-4812
-1895
4485
-3328
-1237
-2878
-8286
5189
7555
3556
7782
-8279
3163
6217
9688
7070
-2038
667
-1498
5397
1995
-4182
3465
4148
8870
-8480
5125
-5327
-9067
1427
493
9028
-2399
6259
-5823
5118
41
-2719
7862
5864
163
8922
-7348
-8548
-7759
3463
-7918
-7101
-8413
8478
1132
-3087
-4216
8430
6353
-8826
6999
-1360
4874
7634
-7684
-4061
2755
2305
6714
-8150
6825
-2891
-8586
4936
5682
145
-5819
8298
8
992
1893
-9158
5338
-5068
-6959
-1971
-4946
7255
9526
6939
-9821
-9005
9020
-9390
-7568
3215
-6283
-4842
1173
3123
-1561
1128
-7075
3018
8183
2911
600
4790
-6848
-472
-5673
-5773
-9984
-9267
-2049
-3332
-8327
7497
9856
-4077
-6898
446
7516
-4214
-6967
-7480
-1724
9262
-3101
-7182
7110
3479
-5327
-6121
-8497
-7875
-8479
-8220
1432
-9122
-3557
7389
1519
6461
-5362
8552
523
2764
3496
9429
1865
2949
1005
-2969
2640
-8519
-5770
6818
4855
-4688
-9606
1866
-7722
1913
-5678
-8999
196
-7341
-9456
-5300
-8437
-3833
6550
-2767
-6758
1027
7631
-4828
-2365
8550
-7194
-9056
8717
-2237
-7200
-7230
-5867
3049
-6711
-5490
7069
-6681
7706
-7741
-1385
8959
3952
8824
-1001
2466
2359
-5107
5632
3525
5104
-5001
-1802
-1786
305
-2416
2649
-3161
-688
5953
-3967
9048
4017
6533
2338
7458
-369
8744
-8826
4127
-4902
-4510
3825
5964
-4671
-3139
574
6401
-778
-165
9189
1119
2214
-3768
6645
-5458
-4710
-7227
9202
-1403
-7103
-1093
3860
2129
8715
2238
8480
-2434
-5265
-1140
5508
-9449
9839
6920
2842
9549
-2742
-7208
-3545
-9646
1240
4270
-4754
3933
4955
3019
-1490
9234
-4825
-7806
8806
-9368
6872
-6855
2845
5410
4235
6402
8275
-4577
9525
4135
-5592
-2053
5046
94
3504
-4299
7083
-4635
-1530
6099
6861
-5330
-2517
-7754
9497
6133
7573
3608
6313
6068
749
8113
8257
-6632
-1189
-271
1916
-6560
7112
3804
427
9670
-9250
8892
-9362
1565
-2096
-9632
-3764
-1255
-746
-5861
-4963
5905
-6438
-4166
1883
-7299
-8196
-892
-1998
-4855
-2249
-3332
6173
9763
-9436
-2289
-6044
-75
4445
8374
-6961
3847
9411
-1093
-5557
3848
-6621
7596
-2340
-2002
-7552
8175
2987
9226
-3615
7243
692
-7751
-4386
-968
6515
1663
4683
-500
1332
-3304
7085
-435
-3733
-5071
4228
-4233
7443
-4869
3883
-2456
-3945
280
-1706
-4005
-2323
-1772
6910
5823
4571
1212
-1318
9368
62
-1546
2894
-5163
24
5345
-6634
-7510
-668
1927
-6727
-6515
8086
6272
8766
1609
4049
3851
-294
6316
4126
-8814
6555
9457
-3
7943
6818
650
8204
1865
-3334
9011
6311
7895
9320
-246
530
-284
1565
-41
-2224
5181
2615
-6716
-5577
-1798
-3615
8044
-6041
4472
-2195
-7777
2322
2209
7093
-8073
-1049
2437
9498
-7557
-8920
-7115
-6361
4688
3945
-3515
3572
7526
1868
8506
6239
8710
4760
-4061
-2084
7269
-4576
-7459
2932
-911
-6247
-2732
3946
787
-1715
-4854
5375
-7194
5699
-7479
4651
-7991
-620
2104
269
-6427
6224
-4522
9902
-6740
5092
1733
7544
5481
74
3885
8144
-4397
6219
-9409
4639
-8559
-6108
-8571
3377
-2965
-992
4378
9792
-6691
-6162
-8298
130
6060
6080
7001
-6067
-8345
8268
1986
-7400
8123
-3171
-5901
4233
-8213
-9643
-3232
-6736
2490
-454
-4316
-7447
6511
1886
-8804
-9556
-3976
-5658
-642
-6201
-2879
8489
9303
-9815
-462
-7536
4147
1485
-9234
5358
-4589
-7539
5744
-850
-6848
-5646
950
-6672
-9578
-2762
8914
1104
-3193
6881
5776
2218
-4181
4163
-658
-5494
537
-8838
3478
-9704
7398
9046
2304
-7231
9758
-2090
7121
-6220
-3443
-6574
-3529
7863
-8491
-8986
7858
9183
-1708
-8456
-9085
-8728
4901
-9964
-1731
1377
-2773
-7457
5450
2890
997
-559
4080
4994
3018
9050
5697
5642
1341
-8653
-5018
-7319
-2409
9893
2561
-9805
-7153
-4854
4286
5917
9925
-6281
-2313
734
1347
6888
-316
-4827
312
2704
-9755
-5621
-11
-8014
-8027
-6236
9667
-8823
-335
-5426
3631
7583
-5711
9679
4556
-4708
5800
-6866
-6066
5278
-1851
-5136
-7560
1036
9396
-8642
-8895
10
-9549
-2594
-5436
-3708
-1844
-2134
8416
4177
-9261
2524
-953
44
-9742
9028
-7775
7003
9799
-6727
7653
1468
2259
498
-2338
-643
8719
-9186
-9240
8607
5942
-6652
4034
6134
-4397
-845
2812
-5136
-8087
-8999
9618
2192
6970
-7910
-8298
3513
7814
3541
-7943
-7345
8564
-8101
173
-2272
2404
9541
-505
1442
-1307
-3666
-8698
4266
2132
496
-2396
-859
3093
-1702
3748
-9662
-7518
-8069
-5736
7960
832
4610
-9213
-4631
7570
9362
7309
4255
9235
42
3106
-5689
-4114
-2608
-693
-8023
-6555
-4602
9164
-2945
2194
3805
-4091
-2937
5207
5568
3690
7492
-2727
9932
1933
-8668
-2070
7193
-2269
5342
-3282
-8628
-5658
-8997
-796
6826
-641
3940
5251
9220
-1257
5748
-6489
5263
-4960
8379
9662
-2818
7760
-7323
-8867
9798
1026
-2609
6554
-8932
8731
-4725
-8505
4987
-8460
-3847
7264
-7421
2398
-114
-6427
-7736
9086
-406
-1136
-9892
8165
-7992
-589
1763
612
9854
7732
4692
793
-2056
3008
-177
9524
-2209
384
-5126
-6150
-8352
-7424
-2396
-5678
6764
-3269
-2794
5362
-2935
2241
-4603
9267
-7007
-2201
5702
-6951
8499
3428
9510
4819
-4815
-8782
834
-2444
-8633
1800
3020
-4267
-6708
8951
-4846
6068
-7476
-1730
5123
9754
-927
8763
2585
8522
8598
-4593
740
954
-2089
-3734
-7364
690
-4081
-6652
2391
-2534
567
6760
4035
-3866
949
-2514
-2929
-7790
8691
4174
-3011
-8702
-3079
4151
-3060
-3880
-624
-6399
3117
-4054
4597
8019
3922
-8286
-9514
-9996
4300
1451
-7433
-8636
-229
2261
5532
-721
5451
3063
-2058
-3522
9054
586
8413
-2248
8704
54
-6694
8535
-9122
9497
-3444
9731
4999
2733
9167
-5202
3610
3203
-8615
-6541
-2854
5418
-3234
3691
-5574
1473
-2649
-1100
-8588
-4957
-6046
-9737
5436
-7310
-5637
7993
-2892
595
15
9013
6567
-7104
-1693
-230
5148
4565
745
2546
-5740
677
6212
245
9761
3250
1194
1963
-3277
1522
440
2660
-6106
-9505
1609
-6201
6648
575
-2161
-2082
5507
9293
9657
6601
-6276
-2464
-2168
-3566
-3980
5853
8047
-3803
-8316
6364
8494
2104
9629
-4863
1437
5636
-6982
-6695
3464
-2807
-2525
-1945
-82
707
-9890
7202
81
-5476
-2220
9681
-5825
-2888
79
4921
-2052
-9123
4477
7119
-4563
-6229
182
-1854
2378
-7200
-6161
8304
4998
6207
-7530
4554
-1156
3780
-5271
-238
-3073
-4039
2276
-3515
-7583
6523
-9032
-9303
-8489
2632
1594
-5621
5791
-1919
9612
-479
9211
9523
651
8230
1658
2574
-3745
-9826
-7505
-3022
4897
-4000
-7084
87
-8592
544
4249
-7508
3136
5907
-1050
1347
6034
-1548
7194
4160
8087
319
5498
2815
-2757
6130
-5036
8275
4844
-6637
-6850
7735
3853
-7930
-9882
-1955
-4318
7408
5746
-3845
701
1673
-3181
3102
-2865
8301
-7154
-2452
-9685
5268
1703
9746
-5007
9131
5731
-4857
8933
5754
248
2582
1007
-8274
2652
-6112
7049
754
-1703
2326
-6766
-9155
-4827
4177
-1436
7028
-5795
-5792
623
3990
-3361
-990
-9805
8940
3820
1459
2008
-2593
-4202
6663
2093
-9999
-8110
608
-7882
-8881
9687
1595
-5079
-4068
-4359
-6761
-6512
1088
-2023
-2384
-8630
2326
-6053
8120
5810
2410
-8629
9774
-2160
-7965
-574
8268
-3165
-5603
6827
-4880
232
-204
8744
6648
-5088
1888
8666
7239
9395
-3362
-3889
-7486
-4727
-4331
6099
9469
4000
3155
1043
2688
8257
6043
-3726
-1174
381
1413
-5532
-4461
-8133
95
3717
6176
-2836
435
-8614
-9002
-1810
2501
9735
-503
620
-4847
4267
6265
-6685
532
92
-7760
9757
8614
-4487
-6754
3197
-2387
4599
-7715
9636
9687
9787
8418
-2075
2971
-9221
9637
9557
-9220
2153
-1159
6722
-711
9092
-7895
-8969
-3868
3538
3060
567
-2594
-1518
4895
-6155
6529
-9488
-3370
2655
-4490
9371
-2013
7766
9395
-8964
7024
-8310
8621
-6069
7950
1762
-2978
-5242
8087
6391
806
4639
4052
6841
6142
-8575
5904
-7046
-8706
1102
-3866
1503
8893
8969
985
-7428
426
2209
3596
3820
-9714
-7312
7209
-2750
-909
-3856
7226
5657
972
-856
8653
4037
-7379
3125
8161
2897
-1390
4936
2851
-9282
6784
-8688
1421
-4786
-7552
3246
-8783
6516
9642
-2676
7672
8816
2453
9124
-6997
6571
-6186
-554
8917
-6538
-8644
7192
-7722
4929
2848
4249
-1645
7251
-1428
4756
3951
3998
-9689
6909
-8196
-877
-7901
2396
-9976
3007
4286
6840
-2972
5089
-3422
-8974
4945
9612
-3123
-9334
-1464
2581
-8473
-88
-8293
-6536
-8086
4829
69
3188
-8601
-3867
-2991
1704
9405
-7105
7899
934
4351
-5539
-2595
-1298
-8049
-5410
4772
2297
-193
-2381
-1727
9324
-566
-9067
-719
-6967
-1176
-4309
9273
3168
-7506
2517
-4594
-8143
-9667
5961
523
-7430
8788
-3700
44
5559
-1582
8055
-327
4471
4659
-3049
2178
-4400
7753
-5121
-5197
-1408
6871
-8566
2069
-4411
7078
-8657
-5014
-1004
108
-6173
-8189
-2619
5147
5424
449
6348
530
-9888
7468
-3781
5950
9876
-6899
9772
-9905
-3004
-1725
-899
-4062
-8525
-6659
-3289
7484
-4036
4144
-1720
7545
3901
-9192
289
-8125
-7529
3587
-2561
8713
-1642
-10000
2245
-2325
5386
7596
-7403
-3614
-6157
1162
-7046
-7438
1197
7608
-8444
2021
-9380
3713
3679
-8903
-2704
-6506
-9562
-3057
1746
-9056
-9278
-7013
-106
-2697
7394
-7033
2264
5754
6509
4600
-1348
-9196
3962
5235
-2531
2430
-3405
-5179
-5207
5038
4575
8848
-4020
-8968
3123
-5862
-6006
-8533
-2608
-1670
5668
-3876
9175
6975
5178
6309
-4554
-1781
-3441
1524
-3054
7953
-9564
-4926
3240
-8010
-7304
-9208
4176
6180
7047
6074
8157
4962
2983
6283
9419
-336
2728
-6930
-1182
7098
-8883
-4483
9832
5885
-6239
1095
8111
-6228
-8025
-7233
3104
-9276
-9702
2764
-1414
-1321
-6848
-8518
7331
7940
-727
-5193
-5199
-4337
-5200
-1880
-7395
-519
1353
-3933
1330
-5607
3698
-9648
-1941
-3847
1172
-4608
5464
-7191
-5878
5758
-9471
8304
1711
-1372
1146
5268
-9139
6076
-6556
8438
-6970
-4168
5017
4840
4416
7414
-5826
-7333
7411
8354
-1190
1793
8354
7009
-1887
-9091
-7567
-5084
9349
-9118
6313
-4030
-995
-7708
-2644
-3179
-6845
5876
-9018
-5560
7937
-9686
9811
4602
-4038
-5172
-4143
525
-7437
3594
5433
-3815
2105
3683
4531
7212
2260
1239
6848
4340
-5697
-6703
3469
-8525
-8566
1807
-7461
-2864
9914
5539
8828
-1676
-4759
-8382
8273
8826
6328
-7122
-4439
-704
-1994
2309
-1741
-6425
4232
-9217
-9648
-4045
3895
-437
-6574
1855
8025
8314
6993
88
7488
-5372
-6508
9224
4678
-4098
9644
-8606
-4364
-9837
-2186
-1125
-9455
432
-8403
4944
-9272
6124
4334
-8775
9524
-5771
-6284
-1690
1517
-3440
-5099
3313
-5924
-8131
-9733
9417
-8713
-6133
-3825
6031
9510
8455
9681
7861
-6244
6306
7470
-9820
2065
5174
9258
9593
1145
4356
-4318
-8454
9738
4935
7245
-9099
-8877
676
317
-2472
1354
-8982
1980
-1
-5742
3918
-8117
7803
3969
-5723
2991
3646
-1390
5701
7973
3808
-4540
-423
-6177
4960
-5231
8438
-1433
-6709
-8464
-458
-8487
7940
-6146
9883
-625
-1702
-5552
5147
1482
9108
7012
2276
7720
8909
-5077
-594
-5963
-46
-5768
-5682
6550
552
-66
226
106
1957
4583
-4589
-1214
-5295
6300
4551
7677
7015
355
-9455
4981
7147
-6021
1271
-1824
1055
6018
121
8683
-7928
1356
-5621
4120
9084
-4434
211
-407
-6603
6925
-8279
8456
3695
-4771
5246
-2851
-714
-8399
7729
3860
885
-8294
27
4602
-4102
1283
-7009
-7528
5538
1025
-3131
6827
9976
1996
4321
-8748
-2427
-1718
3510
-8165
9138
-3676
-8181
-9234
-9782
8591
1198
-1414
4232
-8254
6570
-2277
548
-9467
4540
4296
-3893
-6078
-3776
7656
-1360
-3401
-8149
5867
9410
-89
-5854
-6192
3744
-4855
7975
-4447
8998
-3594
5919
4264
1799
-8433
1568
5091
-6484
1099
2961
-5475
-5945
-2050
43
-8427
423
-2064
-6825
-3530
2298
-3318
-19
8104
8359
-937
9490
-9913
4174
-7430
-3911
5221
-2513
-9545
-8231
8787
-8652
4701
4759
-7006
-1197
1821
-2311
4015
-5210
-4424
5004
859
981
-5303
9542
-2869
-4717
4084
-3472
7958
8041
6114
-9520
9102
1262
401
4120
-3796
-4247
-3052
-4832
4071
-402
-8151
-7341
-4931
-6213
-9696
-6275
-4571
1837
8112
-886
-1931
5876
-2386
-4211
2833
588
5022
-6064
3161
-9076
4256
8019
-5989
614
-6964
1452
2733
-3994
8143
-7826
1744
-6657
9421
3590
-8975
915
-9462
-1726
-457
9069
-6983
5316
-4706
7435
-2356
-2626
9618
7700
851
3408
2537
-3283
-9870
-2242
-8937
-1736
-3566
7874
-9130
-1834
2028
-8462
-162
4004
8402
7789
8332
5434
7997
3702
-5166
-3496
186
-9183
-9626
9985
-1419
5930
-9057
-5428
-411
-4287
1721
8433
-5232
-7840
3606
-8355
-495
6397
-4240
4717
-2539
4567
-3439
7964
6109
-5870
-3489
5728
4178
25
-9841
-5339
-4864
4981
5374
157
-3058
-9274
-1664
-2431
-468
9274
-4502
-1719
9360
6235
-6927
-3878
3524
7164
2792
-7902
-4235
-4158
-5214
-2705
6561
6858
-9352
-5462
-3666
611
-1361
1519
-1443
8597
-7722
7102
6111
-4574
-8421
1021
-7204
-7315
-1455
8749
-1402
-2776
988
-943
-4662
-7396
-1945
-4317
8380
1418
7507
4011
3600
569
7144
-2508
3744
-8424
2194
1656
442
-1215
8624
6366
2133
-9629
-8738
4828
-9812
-9450
-3027
