-9471
-5178
-4128
9222
-3957
-6368
1536
7711
-5347
5553
7169
-8425
-3108
-2660
-2879
7358
-1816
737
4953
5291
7828
5712
-2597
-5179
-4287
-3571
-1437
-8151
3016
5628
-6918
-3668
3783
365
-9851
-4460
-5185
9064
-3943
-3664
3413
6823
5531
-5547
-8737
-1607
-5575
-533
9657
743
-2144
1686
9564
4700
1983
-4544
5589
-5878
-8253
-5967
-2065
9192
-6646
-3977
-2291
9453
9663
3969
8370
-5376
-3760
-2437
-4246
6865
-3277
3771
6090
-4946
7019
-68
-2613
-8308
7953
-9724
3433
-3746
-1548
-2060
-2720
-9199
269
5558
2353
8926
1670
-1922
6611
-9429
7035
-8843
-7810
7803
-3142
-2411
-709
7452
832
7672
9274
-7151
4113
63
-1025
-8807
4738
2399
6393
8200
-4656
4566
2572
5646
-1109
1862
-521
9290
-3215
-8332
-1592
-1746
-4000
-1812
8848
9460
-7799
7871
9308
-4910
1590
-5064
2373
-550
5229
4273
5543
-7148
3156
-3022
5319
-4370
7598
-7290
-5362
1562
3603
8446
6277
-5284
-3734
-9102
-8698
-4728
5363
328
-8140
-9524
9754
-6535
9373
-2681
-8060
9920
-536
-8590
8179
-8558
8053
-5242
5676
2337
2121
2675
-7592
-8041
-2172
9462
-8801
4066
-8510
4702
-5967
-193
3364
-7492
-66
-1069
1613
4128
9286
-7686
-5446
6883
953
4357
4876
-2124
3874
-8242
-9496
5235
7340
7594
-8972
8846
-7501
8010
5126
-7523
-8423
-9833
-5126
8371
8468
4405
-4304
-8208
-9694
-9116
2629
1453
1066
8412
5101
72
9133
7892
3529
-494
-2087
2514
-9062
218
-5548
-9657
-5205
-7180
-2173
-1756
3984
8551
6639
-9481
7314
4917
5809
7303
8982
653
9579
9862
9380
-2067
-6472
-787
5819
-6409
1371
9229
2366
-1514
-3180
5784
9734
9265
5109
4840
-6539
8847
-7549
-6910
8219
-9542
-8070
5527
-17
752
1955
-6350
-1598
6845
1689
-1958
-2149
-3446
9593
5098
-9957
8678
-6843
7710
509
857
-3478
-7147
-5895
1124
5012
-9975
-4793
4291
4506
8161
6520
6679
494
-9048
-9267
-3770
-364
9115
-6413
-3595
9900
6552
-3139
9065
6989
4452
-9432
-7130
1043
-9475
2239
5301
-9636
-6385
3626
-9706
9031
8734
-4097
-237
1067
3441
-3348
-5358
-6955
-7617
-932
5267
7206
-7601
1317
-5742
4198
-9056
874
-7178
-7501
-3842
-4629
6230
-7016
-3184
-1814
4456
1457
-1637
4520
-3544
-8811
5214
-7104
-9550
-1309
5982
3901
-7289
3104
1550
8700
1078
-2105
2427
5474
-6996
-6272
-8276
-3002
-9234
1526
-849
3058
7728
7008
-3315
8047
5256
6805
-9461
732
1617
8939
-8095
256
3384
-456
2445
-8756
9596
-5449
9898
-9948
-8425
-2294
-8297
7429
-8432
7454
8622
-2730
-9727
1267
7496
-7346
2430
-1476
-1517
-5455
2126
-525
-3904
-8219
2390
-1259
7804
2575
2421
-39
-9828
-1202
-9365
8193
-7714
9804
6247
4172
9310
-7201
6132
3008
4460
-8277
-3410
-4495
9377
5112
-1931
-7719
-5742
1503
-5816
8650
3235
-3697
-7920
951
-6596
-3855
-8118
7562
-5904
8406
713
-1021
6465
-3790
793
5973
6479
4523
-5928
9390
8978
-9187
1320
6241
7788
-4467
1503
2801
1489
3458
-2240
3110
8430
5642
-8168
6600
-1875
-8693
-377
-8994
2877
-9734
-4541
5818
1518
-3076
7934
-2174
7798
7312
1334
4584
3556
-1322
4916
9767
3076
-7031
-722
6932
-4184
-817
-1821
6901
9285
-8285
3622
7989
-3684
-2394
-8701
-1783
-4660
-834
-4240
-8547
-5014
-5378
-9820
-7400
2447
-2871
9448
3801
-7597
-5767
9587
-9164
-8697
9691
-6407
21
-1786
1161
-9845
4751
448
2209
5210
8035
9518
9114
9561
5132
-8408
-6998
-2467
-136
-7531
467
4908
-7732
9872
-6010
-7458
-1366
4989
-6851
8795
-4828
-6112
8755
-2889
2480
-3501
7679
2135
-171
230
9325
1179
7717
3742
6053
-4971
-8785
-1521
9716
8638
5300
-1927
7031
-6574
-2917
-2384
8945
1342
2910
2041
1174
4042
4113
823
1241
3406
-5004
3958
-3324
9151
8511
6252
2875
2389
2181
-7456
5408
-315
555
-4999
9885
5376
-8146
2645
-86
3154
5791
7964
-624
-3684
5442
3061
7214
3062
8734
1848
-6475
1509
6896
-4326
7824
6201
3831
3623
7255
-5311
-9460
-1484
-2520
4588
-4802
5758
230
-8311
-6526
-4346
-5051
6622
-8094
4366
5096
-2792
-6930
7751
-7050
740
7072
8740
-4354
-7593
-8890
1429
4587
8582
1626
9080
6299
-1151
-4233
-2580
-7344
-8642
1222
-9131
8561
-9401
5957
-8416
-8223
-4750
3880
-7754
-7676
-4322
-8119
-9402
-8573
9813
-8203
804
-8842
-2077
4201
6138
9536
-1414
-9810
8240
-8492
-1111
3525
827
-3768
9622
-8871
9720
-2252
-5072
-2535
-9208
442
8916
-2362
5751
3187
-4376
8882
-9462
2009
-1128
3603
-1968
-4633
-696
-7780
-956
4247
6591
-5819
9648
-8588
-7075
9386
-7976
-3874
-1460
6013
4024
-8402
-4751
-7563
-2266
4978
-8701
8580
-2731
1542
-4704
-4869
5797
-4130
-4522
-829
2438
-2965
-3939
-6417
-4024
1394
-9290
2238
1690
-5793
-1260
7802
-1897
-5927
-685
-6020
-1418
-1569
8524
-5891
5585
-9921
7362
5853
4148
-8124
-5273
-1707
-3435
2123
-4705
1008
2546
-7310
-5177
2943
-638
-7827
-2117
3787
-4041
3916
8864
9619
2963
6556
-7676
-6353
8970
6927
-6837
6892
-4221
3081
5787
-9630
-4756
-3260
131
-5509
-271
-4871
3938
4324
6931
8216
-6840
-461
-3469
3328
-958
-2389
-3430
922
-6685
-3697
-6246
6916
-2769
-6219
4527
-5832
-6906
-8449
-1372
-1185
7515
-1292
-3628
-1106
-4387
2433
-9414
-952
1930
4993
-2458
-5797
7444
8970
8319
4188
9079
-2210
7918
3571
1416
-3665
-9806
4447
-1715
-9256
-2410
1895
-3434
-6862
-341
1485
4928
5985
1059
-4000
7981
-1462
7704
8833
-807
3523
-5320
-7824
-3203
9797
-4297
2074
-5957
4480
83
6542
-5420
4607
6849
-2039
-2429
-8727
7273
-1235
7604
7549
-3957
-9178
9589
1217
3324
-5072
436
-7098
7185
-3166
445
-2910
8558
-384
-1546
2293
2394
-5755
1756
-1342
8125
2630
5545
1638
-2735
-4298
2606
5477
-6413
5835
-6086
-6438
1236
1364
7147
789
-9279
-9834
-4010
-5848
3826
2377
8567
-7195
-5100
7207
1559
435
-3285
2187
-6013
-1856
3862
4718
-1576
-1533
6060
5099
-4495
8760
5426
-9444
-9347
4444
-8516
-4952
5690
3082
-765
-2857
5777
4887
6520
-8734
-8381
8928
2521
-1844
-3589
9500
6813
1728
3410
581
679
-1969
3425
9611
-3136
8833
97
9370
3591
194
4016
-5900
-3069
-2376
3357
4472
6184
-4628
3669
8701
-9071
5018
-7886
-6279
-3755
-1418
-4732
7223
-6823
-7832
4829
-9964
2160
5629
-6616
3356
-107
8616
-7716
-3989
7526
9908
9433
-4042
7751
2028
-3303
-4773
-279
3812
211
-7007
-260
9305
1658
3322
1563
1687
-503
-9895
3365
-8882
-2021
3753
-4548
5395
5028
-8555
-2536
6352
9086
9446
-7584
-8353
-8438
6678
-8547
4424
-6919
-930
-2533
-7860
7258
4391
1244
7351
-1961
-3501
3048
8131
3661
-6297
-9946
8804
2256
8510
7594
-1802
-2957
931
1220
-1264
89
-990
4605
2603
-903
6968
-1054
2870
1913
2212
-1225
1728
230
7693
6454
772
-4259
-7090
-1024
-3139
442
-9842
-5704
4179
-3622
-8366
1631
-3192
2671
-3212
3627
-3388
8477
7141
3026
4100
-736
-7318
-6067
7874
-2022
4292
-3519
8362
-4657
-6717
-2284
-7075
8737
3348
1169
6513
9328
-6494
7687
-2744
-4762
7039
-4572
4506
3361
9683
-9284
8649
4369
-5119
8397
7846
-1394
-2343
8670
6744
9306
-377
-8581
6261
465
-5589
2805
-5407
2364
7846
-2149
5150
2137
5658
-2818
-6138
5481
-8789
-2932
1678
9366
2259
-7723
260
-4513
-7727
-1498
-7169
-4804
3419
2709
2890
-1035
45
6121
8315
1463
345
359
9421
-3480
-5326
-4399
1788
588
9860
9928
-4217
-9777
7287
9064
6362
-8135
6468
146
-9749
7045
-5612
6841
-3831
2545
-8753
3403
-9912
4561
-5320
-2189
704
-5905
-1073
5240
-3805
2895
5993
-9827
-4718
-673
-5358
-3296
7327
-1010
-9881
2226
-2397
-7454
-2299
4145
1899
6180
-6898
-7801
5592
-9480
-7555
623
-3242
-729
-1575
-8308
-3999
5699
6180
-5884
1375
5467
-7965
-3918
2550
-1573
7835
-5478
-8062
786
-6227
-227
8675
9639
1077
-9492
-2020
8216
9364
2992
-5033
-3360
-7031
-1602
-4100
-1801
6788
-6778
9221
-3962
-8801
2073
6111
-632
5378
3155
-5445
7808
7251
-7450
5546
997
4260
7393
7783
-673
51
-3207
5393
7816
9667
5155
9982
-7221
5656
-9557
1885
3845
9257
-2245
-329
-4332
-9231
-9561
-4784
2905
-3728
6368
2406
-5966
565
-9544
3853
716
5793
-975
-3028
-9150
2675
3047
-403
8161
9615
-7218
7123
8920
1377
-3510
4625
-1535
3784
-9213
-4380
3766
-8201
-7899
7892
5053
-9059
-5370
479
9088
4002
-53
1510
-748
-4695
-114
1521
7812
-9117
7415
6245
800
-2083
-625
7573
2575
6758
6712
7752
6058
-7773
-4836
-9576
-4948
-8892
1910
-9770
-3025
1577
8875
6311
9753
5897
1582
6984
2320
-1948
2550
-7839
-2877
-500
-4071
-7205
-2000
729
6896
-7092
-5459
-6282
7532
-5502
8161
-5292
3452
9077
7609
1452
-2149
2048
2280
-4123
5207
-2192
-3642
8661
-8319
-484
-1109
-3623
-3014
-7408
236
-4907
-1651
8852
-7717
-8030
-2409
-988
6777
5815
6980
726
8165
-6965
-577
8114
6625
2500
-6850
-8513
5315
-9930
-4881
-6569
6044
-8629
-5944
3170
7774
1692
-5788
5873
-1374
-7344
-7281
6586
5847
-5235
-8233
-6979
3952
-8342
7575
1488
9671
762
-9094
9115
2351
3953
9693
8838
-9233
-8089
-9112
2366
1557
-5718
8117
-9466
6691
-7690
-835
3550
4906
170
-3371
-5713
6354
3243
-6097
8336
-2848
1873
-8174
2328
-4341
-3474
-2470
8470
7728
4357
-9593
9025
-9383
-7713
-5473
9604
-5020
2361
5579
399
-263
2346
-120
-9040
4825
9986
-512
9131
7648
3250
2023
-5476
-8670
966
5382
-5761
7365
-3774
5659
-7233
-4529
-8325
2798
-1266
1139
6414
4617
696
-3092
593
6733
-4816
-4652
8171
3144
-1068
-6353
-3137
4838
-6866
3580
2304
9080
-3537
-7975
-3303
6578
-8282
-762
8556
1261
-2961
-6826
-3652
-7500
81
-4303
-9663
8031
-5907
6382
6469
-3282
-2603
8128
2076
3318
-9613
5324
9348
-6900
-1745
-3776
-2581
-5992
3591
-638
3529
2274
-1472
-7265
2904
1133
-8332
-5561
-4077
3481
2102
7056
-1143
-8310
7922
6300
5730
9355
4791
4178
7950
3348
-5767
-5706
4886
3825
-1633
-462
-2455
1106
-9981
1838
-9858
-3252
5546
848
-7764
-9318
-5214
8306
-8283
-604
2474
4879
-2970
4719
-8980
-5529
3458
1725
-8575
3855
-2999
-3142
5045
2714
-3281
5900
2669
5869
-1296
4986
8224
7909
9873
-2142
-4084
-6579
8352
-2445
9168
6083
-6091
-251
3461
9782
-2003
3255
-179
-8589
8615
9465
9352
8630
2919
4368
1841
-1926
-1543
2515
3332
-2586
9732
7221
-4259
-8689
5074
-8051
-3286
-5214
9507
-2790
-3799
-4735
-4237
6389
-7165
-5621
-8937
-267
5309
1804
-6655
-5012
7805
-8991
-6868
7136
-1330
-6923
-6914
6151
-2440
-6787
-7026
-6805
7544
6574
-4087
5966
-3426
-4739
6430
-8045
9903
-7064
1407
-919
1474
6327
2085
7846
-5139
-4523
-515
-4808
-9039
-2370
6649
-2707
-1457
-410
-6342
-5646
-9673
2909
8061
-9124
1721
-2874
8429
2678
6975
134
5658
-7837
9460
-1191
-9298
3057
-2309
9840
-8869
-3841
1841
-9290
570
-1053
-181
9162
4678
-21
-4026
-904
-7775
-5681
5035
-7449
-8487
-7612
-6322
-495
-1340
-7486
8957
-1817
-2592
8033
-5230
-6514
1224
3516
9775
-517
-9595
-2646
-838
-6707
6592
-6361
-5131
495
-1879
-5261
-1410
-4760
3806
7512
-8071
6902
-2951
-9830
1863
3337
8432
3169
-3045
-3317
2063
-1222
6357
-9959
-1392
-7353
9568
-6451
7234
-2073
7971
-842
-9592
-2637
-2183
6415
469
-6332
9869
-8650
3626
3081
9924
2409
8023
9346
-2514
7699
-842
9777
2213
3650
4732
3881
6150
-1855
7600
210
-6691
-4274
7761
-3594
-3266
2526
-3215
7456
-4100
-4768
5124
8295
3897
-8787
-5369
-766
8644
-5328
1380
158
1361
-6702
3167
7853
-1504
9456
6915
1396
-569
-2064
-6913
-1757
-714
5076
-6630
5907
-5450
820
-803
3175
9403
-3025
7006
-5426
-1840
9586
-3016
8431
-926
3841
7156
-4011
-6387
4502
2530
9337
8864
-5566
-6798
832
603
-5332
-4636
180
-6851
3250
-293
-564
-7835
3980
3995
2413
-4695
-6656
-627
2347
8290
4510
-9119
-1885
3917
9337
-6226
-2496
-8009
9838
8309
-3464
-9499
-3865
1085
-407
-8839
-8840
8521
-5465
7916
8646
-2182
6874
-7125
-4951
-9575
-9830
5265
-7771
-115
-2712
-1384
-8921
6948
5099
-4476
-9014
-1915
6019
9605
3725
1098
963
6059
-6136
3814
7553
-3132
5896
5653
7240
-9796
-5007
-1488
7618
-8889
6926
-9198
5558
-3184
9576
-1360
-3618
-2921
-8064
886
1576
-1802
9877
-4075
7463
-9114
3799
-489
6485
6073
-7534
-8645
4686
9715
2368
-3674
-636
6816
-8094
3854
9501
5320
-291
4979
-5769
-8090
7573
-503
-7891
2910
4268
-6622
-7013
-2809
5241
8866
697
7146
3193
8118
7452
-3908
5720
-8493
7442
7146
9809
-697
6316
-211
3658
9190
-7247
5865
6214
5109
-1623
-6313
-2302
-5651
-3459
6152
9635
5493
-7405
-474
-3657
-3597
2660
-6814
-2739
4669
-185
-779
7189
3807
-2961
4575
-6834
3069
3209
2826
2014
9026
-8846
9292
-9931
-9463
-3205
5272
-9499
5305
8172
-3024
1796
7291
-5644
-1914
1804
1375
7219
4021
296
-5720
-1078
-611
9978
2900
-2648
8585
-8671
9582
3699
4288
-1943
-3400
8327
-1067
5459
-871
4227
7030
-3491
-4279
-8074
5651
6994
-1368
8075
9378
-6684
4609
2862
-343
-9455
6957
-7883
-6238
-7253
2567
4511
-7747
-3525
4072
-5716
-4844
-3464
-7427
7536
-7298
9337
5430
-8932
-854
-999
-1294
-5425
-895
-2146
-8741
-1741
2661
5201
3141
-4388
-7270
-7139
-3781
-5774
2422
4296
1993
915
-4859
-1104
-1508
6043
-2452
-3783
-1335
-9463
-4784
-9002
7665
-7389
-8317
-6455
-7779
7381
-5313
9090
5028
-8811
-3446
-7543
8232
-7193
-6835
-6105
9592
9186
-2124
1918
6109
6973
-6859
-3297
4720
8292
5277
-6296
614
-8840
2839
2815
-6143
-6708
3929
-3871
-2481
-7122
9010
-9538
-98
2300
392
96
9055
416
6275
-8079
-2281
-5057
-6093
-3878
2371
1979
-2509
-3481
-4173
3868
-9523
-6954
-2344
-5591
7675
9528
-5760
3927
267
4303
-7891
-1025
-7729
-6357
9584
-6716
-4294
452
-9160
-1546
-2772
-7663
-9746
-8652
-3651
-901
-2018
-7232
4260
-6970
1635
5305
3839
-9021
6056
6097
3683
4887
2369
1228
8827
-1163
-7305
-3323
-4786
-9909
7282
-2125
-2754
9347
9932
386
1590
6977
1702
-6049
-6326
6572
2021
541
7875
2329
-9891
-1987
4966
4477
5242
5298
-2208
4343
9633
2022
3622
2424
-1309
-9905
3441
-9196
1358
4334
6506
6187
-65
8849
-5854
4190
8199
-4332
5220
9287
139
-3258
-8230
7002
6811
889
-7552
-3631
5830
1029
4912
-4663
2735
-8685
-6435
9393
-3977
2435
-6223
7100
-8738
2430
6472
-4997
8705
9504
1508
-520
-8549
-8946
-3657
6627
765
-6398
-4002
543
6459
-846
-4888
5547
1803
867
6423
-1617
-7965
-6576
8397
-1737
-5270
4505
4070
-5221
3508
5550
3709
256
-1520
-9315
-5887
3387
6003
-2607
-9378
5210
-5992
8491
144
-6153
-2026
6965
-1
-6250
519
-9638
-9138
-861
-366
6765
2231
-6175
6537
2246
1134
9239
1342
1462
3325
6999
2204
-8307
-5868
3825
6333
3201
2319
7355
4682
-2968
9139
8771
-7816
-8538
806
4270
8417
-1664
-214
-6102
9070
428
1120
3467
-1612
9255
658
5947
6029
9282
-4864
6221
-1499
-4471
750
3441
7092
7608
-1046
-8697
8368
2255
2307
-2561
-1329
7433
6872
4400
3620
7511
-7098
9091
-9680
-1883
3895
5209
5838
-9734
-3490
5879
2078
-933
-4441
-3431
-5467
-4674
4820
-9991
-447
-44
-2540
5361
2531
4488
7719
-4752
7058
-2756
3719
-6094
-775
4161
4064
-4607
7799
-3908
2790
5589
-105
9706
1043
-2381
-6890
979
7150
4479
-7813
-9644
-9336
147
-7337
-1714
-4643
1367
4773
-40
4274
-6756
-9440
558
1964
312
2970
4431
-7963
6256
-9948
-9846
-7327
-6835
-7432
-950
-6652
-4688
-990
-1375
-3469
-531
820
8747
-6902
-1198
8032
2166
-6508
-6023
1712
8119
-1005
5202
-5485
6234
-9118
8888
280
5233
6078
8959
8145
1485
1511
-4405
-6231
-5902
3464
6508
2663
4125
-194
-5580
4230
4958
2541
-8855
-5180
5
-8185
-5356
-5317
-6819
-194
-7904
6863
-442
9536
5106
-9114
2305
7115
2155
-4704
-5185
1094
-5345
-7033
5105
-5566
-8895
5716
5583
-18
420
2495
-555
-9172
3506
-9992
-4838
-6410
7032
-2897
-5481
-9404
5205
4709
-941
-978
-6097
1948
-6960
-8950
-7589
-6481
800
-4597
-2940
-324
-1288
7038
-4281
-3044
-5257
-7188
-7204
8147
8584
-4164
-1589
-5576
7162
-7615
-96
-6499
-9599
-4525
-2631
-9069
-6765
-4580
7089
-1473
-2108
7284
4216
-1086
-1169
5940
-1739
-8643
-7118
-909
8927
7270
-2745
-5233
7931
681
-8581
-2002
-6654
-6132
-3800
-3732
-3700
2891
-1612
4036
-2021
-5020
6170
-3379
63
1636
-7110
796
-231
-6201
-4635
1619
3305
3095
3403
2978
7576
4422
5987
7974
1191
1403
-1527
-1717
3476
-6680
-6175
-9923
-4910
600
-4091
9454
-523
-9778
-1715
-2088
-1103
4026
619
-2701
2007
5829
-9623
-1186
9589
3162
8170
-9318
-4104
-5865
3615
-386
-934
7706
-8762
-4317
9772
2144
5374
7835
-8111
6041
4520
8228
8902
4978
3805
-2893
-171
1461
5122
6111
8618
7096
2686
3354
-7266
182
-9350
-2411
3987
889
9803
5065
-9002
3433
7975
-459
-66
9187
-6921
1705
-393
-5032
-7544
4801
-8679
-3588
-4010
3218
-6854
-9155
4540
-2246
-3113
4025
-8466
-1492
3021
5242
2222
-2796
8189
-5481
-3854
-3090
7609
-4837
9863
5748
-6519
-2645
3925
-7904
-2731
-9949
-9806
-1532
-8632
-7750
-3715
-8213
-259
4047
-1617
7168
3977
5252
2195
-5794
4995
-8808
656
3879
9390
6138
2385
-3982
-9034
3307
4687
7970
7531
1876
2104
3651
-6462
-6710
7290
7490
-6391
3604
2717
8926
-5195
4220
3165
3086
1527
7968
1785
-1993
-28
-3436
1188
-6094
3417
6751
1272
9708
-2779
2495
6838
-7795
-6841
-7587
-383
3669
868
-6426
-5180
-8417
-1046
76
-5816
-9545
6623
1167
5302
4962
-724
8504
-7594
489
-8773
7403
4256
3776
9128
9020
-2761
-3255
-1943
7598
-3815
3202
-3576
-8345
6433
648
-6335
1297
-6135
-2224
3961
7252
3469
408
2663
-9154
-4940
8567
-8869
7224
-380
8393
1697
-1603
8921
5946
-9456
-7139
-3160
5734
-1380
-7624
-1393
8970
-9223
6837
-2292
-8936
1694
-9580
-6187
1993
9163
-4283
-1003
-2321
-2005
-8977
-4978
7124
-5358
-2517
-5154
-2788
7360
9592
-2239
5471
-5450
-5216
2299
-9392
-7345
6872
7608
1056
4760
3331
-9135
-2063
-9717
5560
-280
3848
-1870
-4371
919
-4755
-5046
3691
-2948
2134
9717
-1787
-3427
-6061
5384
-4974
-4191
-8766
1742
-3686
1406
9242
-3723
-7050
9288
-413
3162
-8324
3543
-9558
-819
2966
5057
-8730
8185
7839
-64
8800
3975
-7551
-5192
-3195
7758
-216
2710
-2954
2748
-418
2016
8994
-2152
-7327
-1800
-1587
-3990
3214
845
-5277
8064
9210
-1117
6016
2956
1995
1329
-4489
-5423
-3456
6639
693
-451
-4006
785
2357
-4418
6849
-4140
-4953
-2392
-5303
43
2555
5247
-796
-5976
4159
-4069
-524
323
2532
-6731
8381
3721
3392
-3792
7570
-5777
-246
5420
-5601
642
-8014
8576
-8906
6280
-8451
429
6091
6619
6727
-3364
-7945
7263
-579
4632
381
-4794
-4214
-3584
-1860
9914
267
-8767
5165
4387
6933
-5357
6514
8688
-7040
-3944
-7389
-815
6204
7856
9916
-9973
-2606
-8065
1299
9461
-4166
3577
-8734
-4040
326
5321
7875
3175
3633
4024
-5318
-2305
7175
-4234
8203
-4334
-7632
-1613
2665
-8836
2446
-1288
4066
6930
-6641
-20
-2296
-897
-822
1728
3215
5366
1418
-6682
7643
5034
7265
-2509
-6820
2680
-7210
419
6368
-9684
6756
-9471
-4655
-7004
-993
-3761
-1204
1963
-436
8498
-5886
4845
-3491
-2784
-1364
-6026
-3386
9185
6720
-4809
-3146
7071
557
9204
4066
5187
-5770
28
-7120
-399
2719
5308
-9497
-1125
-715
-6071
-9175
9845
2448
8030
8922
-3873
4019
8737
7506
-3842
1331
-7896
-141
-9238
-2875
-1231
567
8277
5478
-2309
-7342
-4938
-9256
-2171
-1556
8680
5086
2681
338
5303
4816
5392
-4128
-4019
9568
507
-5457
-6612
9428
9592
8065
9101
3602
-7349
2286
-6944
70
9135
-8361
-966
-7524
-6852
-2952
-1563
7020
-1580
-6908
6030
3317
-6927
-1823
8206
7176
-5151
6944
990
-7528
-3649
3295
2972
5001
-1541
-5675
-6911
-1376
-3808
7609
3049
8491
502
-3370
8224
5301
105
-2817
-2355
-7192
-3530
5002
-74
8639
-2293
1517
-3883
8683
7070
7788
-3366
-916
-3043
386
3072
977
-4104
5747
-9106
-9948
-7226
-4884
-5921
-3897
-7747
4080
9362
1057
-1035
-7375
4350
-1226
-8391
-9665
-6776
7677
4401
8734
-2515
-6673
-7445
-493
8671
8787
7107
4687
6337
2811
1682
-6556
-1013
-9855
-3865
602
4713
174
-274
4855
590
8065
2112
2630
4272
-4176
1302
-9712
6038
171
5613
-6021
491
4988
-3284
1608
7315
1765
3804
1120
7010
865
395
-9487
-7758
-4847
1610
2200
5570
3478
-5028
8524
9075
-2839
-7795
-9245
-7252
4723
-5570
65
-9513
-1245
8778
4382
1634
9212
-6414
3443
6331
-7322
600
-7190
3955
-9223
-3678
-5613
-4067
-4268
455
-9935
2144
-9731
-4521
8095
-6126
-6112
-6466
-2535
-7621
8913
-2076
-9184
9729
1618
-3138
2756
4598
7991
780
716
-2009
-3121
3079
498
-3101
-5808
7798
-6680
2288
-7897
7555
1311
2709
-3189
2128
-8871
9916
4422
-1607
1953
1988
7129
1228
-4260
-2465
5548
3634
9232
4612
8716
-3624
8042
-4651
7305
8600
-9045
-9512
7147
-8053
9131
-2220
4476
8574
-8503
7361
1258
-4967
-6108
5109
2706
-9047
4485
822
-1370
848
748
-5853
-6936
-8570
1099
-253
7652
4224
-8982
8507
-3851
5874
7632
-3629
-6281
-5432
8859
-5987
-6327
-9198
-1173
-9055
7489
-2588
-5177
-6362
-1734
3947
455
-4538
5400
8602
-9653
-1670
-9454
7706
-8127
2902
2229
7468
8771
1503
5784
-9867
-2180
-1230
-4336
3640
294
-3309
7064
9033
-4283
7963
-1458
1230
196
3252
-1066
9002
226
-363
-477
-3531
3937
8220
-4065
7681
9305
-8577
-9685
3437
-5383
-9188
-6225
3304
7907
1148
716
8948
-5254
-1807
-6206
8761
999
-9177
-8571
6381
-5168
9179
3376
-4092
-9171
2615
-8245
4788
-9038
-7047
-615
-1991
-612
5775
-3717
4139
1558
8322
-2805
-8383
-4401
5113
3404
-8603
4828
7761
5845
-165
4031
5501
953
4438
-4033
-8109
4843
4991
3293
7581
-4241
-8396
-93
7308
-1681
1881
-634
-8593
1414
3577
4018
6356
3124
2953
3089
-1710
4449
-8513
262
-3696
8914
2502
9291
7561
-5984
-8401
6064
1611
4983
5099
-8775
5763
-9141
-8231
-9780
-264
-9749
4254
-9822
-1992
2043
390
6490
-673
1065
-4608
8069
-9989
4594
-2039
-3638
1083
8769
-5547
-1940
-1312
-9571
-9721
-3405
-7444
4736
130
-3209
3236
3547
-5472
9128
3953
4653
7306
-2123
1778
-9696
-8879
-259
-6862
3541
8932
-2442
-7242
2663
8075
2535
4793
7964
-3315
-7409
4254
4993
9703
-7004
-9856
9828
4981
-11
-104
-8236
-8602
7101
4865
-3850
-2948
5382
-3570
-2243
4701
-2811
-3206
7909
-9855
9244
-2715
4177
8219
-99
-1203
2885
-6425
-8135
-6447
-2087
30
-5764
4603
-7784
-9529
-6143
-4128
4972
-7969
8621
-4297
-7239
-7335
-284
1932
-3349
-555
7347
7094
7714
-1306
1696
-4423
2222
1717
-3604
-7853
-3615
-8598
6684
151
-4615
131
756
-1629
-1976
620
8126
-3710
1905
9298
-6768
6640
-9235
-2787
-2475
-8571
6692
6501
4601
7851
-5760
-5267
6358
-2703
-1641
-1073
2185
3992
-7040
8757
2633
-4336
-9001
-2714
-4106
-5342
-4253
8802
8473
4205
6214
5234
9446
-5839
4038
-8057
-4048
-4201
1368
7817
6485
-3030
5396
-2019
515
-8618
6314
568
8787
7703
5022
-3333
-7910
8387
5929
9036
5493
2438
-1535
-9192
-2817
-5654
-6748
-9080
5372
-958
-8790
1367
-6994
6248
8983
7285
-7273
-6901
928
-8979
-1742
3
-3758
1132
3213
5325
7033
-5436
-1673
9258
1745
1097
5891
7929
7591
8069
-2811
-5869
5599
532
-1467
-7655
-1946
5322
4895
3339
-6888
2880
9740
-7719
9193
-8917
6377
-7607
7942
8166
-9071
6243
-1538
-198
1689
9509
-2287
8734
-3318
6248
-2108
-662
9580
-9042
8731
3917
-5049
7573
8335
-5645
-3864
-741
5031
-4511
-752
6193
-2512
5175
-8322
4400
-6752
9866
-2106
1562
3977
-4075
-9535
-651
-687
3077
-2267
2383
-6533
4235
-6520
-1294
8813
2317
3141
7954
-413
888
-6795
-8917
-482
-5912
-4938
-1700
-8566
2933
4335
625
-6414
85
-722
-7534
3427
-7564
2985
7451
-5587
2105
5984
-4725
7530
5626
-6715
8685
-6403
5414
-874
-1863
-1625
-8062
-2622
7300
-3913
-8128
1402
-2206
2139
-2414
-1957
-7347
7357
9339
7076
-3703
-2159
-3551
-3009
9442
-1726
5981
-7739
9940
4594
7765
-6216
-1638
-3807
9438
-9910
-602
5425
4199
9236
7284
56
-1110
-4282
3039
-6892
-3067
-7793
-1173
2543
9527
-9195
2664
9335
4992
1675
6404
-4660
9886
9012
2498
-5509
3110
-4531
5370
9174
7160
1363
-9289
-5338
-1264
9577
3858
2450
562
-8525
9599
8513
8008
-6753
-6958
471
296
-2311
-8739
-1744
3244
947
2854
-3958
-4727
8030
4700
-3962
-7751
-5281
-4284
-5039
4788
411
-5808
-2426
7259
-1409
-4603
-896
-7596
-1271
-1514
-2673
4870
854
-6335
-2400
-6585
3658
-970
3669
9659
-9200
-4986
-4076
9802
2868
2393
4050
2645
5093
3285
9841
951
-3650
-4888
2481
8891
2362
-721
5314
1232
-5835
6628
-7125
1122
9414
-3831
-8160
-2239
5751
7955
-1186
-8424
1703
-1210
7646
-5054
-7976
-5461
1871
-7202
-9102
6028
7627
-1994
-178
-895
6788
-2380
2295
7975
-7167
1480
-9736
-6353
-6725
6017
-5395
6336
-6151
5697
1218
-9953
6458
-2385
-3563
-967
6432
-4843
7499
-9366
-6326
2011
8485
5374
6611
3949
8152
3547
-5086
17
9111
1722
132
4490
1045
5435
-6089
-1335
-1612
-8001
1255
-5723
881
-9380
-9850
-4369
9128
6747
1256
8676
8814
-5964
-4087
8841
9681
906
-9139
787
-4590
-1118
3250
4779
3866
1840
7581
9964
5181
-9619
-7193
1355
-3068
5730
-307
4744
7081
-6338
-5726
5678
-3302
2768
6028
4181
-21
-7497
-5325
-195
7288
4356
1679
-2775
1135
-8873
-3075
-9048
4686
-2515
8790
-5458
-3122
7385
-9086
6135
-9134
-5225
1938
8882
2517
9112
7552
-402
-7977
-5819
6618
-9033
1237
-8625
-8139
5151
8915
-4010
8704
-2069
9062
-1276
2309
7138
-1240
1011
-8854
4033
1642
-3982
8879
-2929
2820
-861
-8916
-4517
6697
-5659
-3246
-8203
-6359
2793
-4454
5559
-5240
-6532
-3707
7132
-7726
-7327
5359
9596
-5507
8562
9326
-9507
-9123
9382
5286
9684
-6246
7107
-7034
272
-6964
-5797
-8748
142
-6729
-6515
-7194
5333
-3626
1349
-8161
-9089
8601
-4682
-357
-7377
-560
-9190
-6361
2920
8450
-8240
6548
2880
-782
8061
-7704
9373
-2234
3812
4753
-9068
344
614
-7994
-8155
-1187
92
7230
-3845
3090
-9307
-7398
-5037
8731
7409
8241
8136
-1532
-1571
-3160
-8542
-8293
2920
610
6977
-7684
7782
-5156
-1318
7995
-5059
-5758
-1045
-4624
7645
-161
5023
-5426
-2229
920
-9269
2980
8782
6923
-8630
-4358
1857
-2276
4628
-9480
2744
-3749
-6934
-2391
8386
-9072
-8890
-5747
6244
-7245
-4828
-2685
9694
8492
1372
-4168
9343
8226
-5282
-4869
-5754
4482
-9545
596
9690
2795
7042
-1802
-6543
1816
7629
-513
-6874
-2705
-102
6158
9593
3795
772
3586
-6423
1486
-6039
-7840
-3037
-4287
8908
1004
-138
5555
-4677
-4807
4859
7394
-3030
3744
-6320
548
2423
-9858
2358
-4072
3987
8610
-3594
-8855
6345
5063
7187
-8440
9675
-6304
5847
-442
376
248
888
-2765
6302
-189
-8706
2315
-9017
-4892
-7469
-679
-6543
-9636
-9604
8156
5307
3383
1596
-4950
134
-1365
9251
-2410
8208
-8376
3017
-6643
-193
2035
-6806
-5250
6246
-2882
-5238
-2721
3805
8189
3434
3246
1511
-7495
-5777
-3454
-7147
-7534
6627
-1141
-2035
6878
-3309
3838
9196
-915
9681
9943
6137
-7737
-2550
3397
1410
341
7017
1495
7079
1561
-4729
5250
-820
4881
-9087
1258
2832
-5391
-3318
-9987
-1839
8443
-3367
5590
-5147
-1301
-5048
-9676
-525
9515
-2331
-2305
9932
-719
4084
-3474
1355
2910
2752
-1086
-8873
7064
7106
8300
18
8740
2633
-5082
5717
8707
4690
-4213
2760
6605
-4275
-3450
-2243
-1494
4719
-1316
-5027
2865
8322
-5456
8547
-1528
-3452
-2784
3634
4086
1527
6184
-3194
9317
1672
1583
156
-468
9021
5464
611
244
9342
3365
-5751
-8977
7648
-734
7878
7937
-5636
6243
4036
-5322
-9381
-9910
7794
-1918
-2842
-7268
-6391
-7962
8192
4840
-1480
-5409
5363
1776
2391
-1376
4321
7914
5391
-5870
4341
4578
2794
-7496
3847
-3511
-4394
-760
-1151
-1764
188
-1052
-2875
2821
4803
7102
-4380
1328
4998
-1711
-2124
-4936
-9071
7111
3008
6849
8905
-8328
-3204
8202
9103
4164
6589
-373
-7361
-3583
3163
-6064
-7960
3474
4136
8451
-5826
1850
930
-6360
495
-8144
-9983
3482
146
-1006
5856
-5657
-5499
-5883
-6704
-3316
4359
7665
1673
1170
-2491
-1179
-7720
2756
7243
2228
-9538
-6686
-3315
-6648
8941
990
-749
-5166
6591
-3562
8433
-1376
6118
-3154
7759
-6904
-3533
-2236
6578
6001
-8963
4160
4056
-2442
7336
-1853
3120
-2966
3406
-5698
-9956
891
-3893
-4311
-6164
529
-8677
-5725
2957
1710
512
7722
284
-6954
338
6458
-933
-825
-5647
5186
-3625
-6027
7397
4875
-1714
6906
350
4944
-153
-905
6651
-4066
-2271
1811
854
-7700
-8488
-4089
-1278
-9552
-3396
-9910
-9784
-2486
9782
3963
-986
-8270
-2041
9537
3145
-8020
-5858
1701
1906
-3317
3885
-7494
5539
1081
-2749
-4920
5010
3504
6681
710
1785
1023
-890
6369
-479
-7846
8831
-5412
525
612
5891
9908
7720
5957
-3683
-4104
-4816
8465
5338
7081
-5572
-2236
-55
-9730
758
9883
5782
5466
6855
3332
-9672
-1059
-2163
4105
6902
-2541
5264
-8790
9285
-8770
-310
-4359
-2494
1130
-2655
-9827
3234
3220
5476
3376
-1225
-6764
6960
6414
-783
2888
3237
5976
8253
-1357
-7580
-2618
-3627
6836
3466
5159
-5088
9513
-5712
6608
7583
-600
3654
-7612
-5676
4321
4625
-8021
7949
-8341
-1738
-9078
4809
3918
9939
4015
-8269
-649
-2189
9737
7229
5206
-2114
-5851
7374
1199
5719
-9227
-4891
-5740
-5020
-1755
-4742
5093
-4409
5870
-2487
-7910
9273
6002
-2499
3972
7792
4145
-3765
-8992
7461
7131
-1497
-1214
8491
2923
5549
-1000
-2801
3091
3306
19
-2580
643
-4639
-2527
2966
-916
6159
4076
-9780
5147
4731
-8653
-1266
-3318
1962
3859
3904
-7337
-7696
4254
8069
560
-6584
-6198
3616
-8341
-1317
-4064
1630
9422
-8797
-9744
6527
9452
-8898
-3970
203
-1202
9900
6881
2731
-8838
-9379
-1938
-1232
7933
-7218
7668
3562
7726
9183
-6734
-8048
-5384
8349
1186
-7212
-701
-4018
8378
-4571
-1672
-4924
3505
2083
-2493
-1639
-4791
8632
-1891
8747
-5184
3414
-2290
-4042
-4209
6636
-9221
4075
-8314
7178
267
6671
-2357
6005
1916
6492
-5164
2034
-7862
-3573
-9221
1965
9470
9199
4706
-1098
5245
4910
9375
-5240
-2684
9219
9886
2566
-8108
2024
-4798
922
-4789
-9894
4612
-4634
3104
1736
-1307
-3162
-6616
3071
905
6083
-2054
3459
1501
1389
-3437
7636
-290
-4737
-5448
5489
6487
2024
-3440
-9053
-4884
-7703
9606
3554
4028
6333
-5637
-6633
-7581
-6099
5952
6788
-4119
-863
9697
-5674
8542
4555
9860
-4447
4292
-7971
-8392
-1481
-7979
-2072
6244
4467
4003
-2273
6749
-508
1192
4696
-7333
-871
-4207
9597
-5687
2572
8482
-3697
3545
6682
5118
3330
9129
-9224
-7003
-1474
-5944
-3788
8574
3672
-7159
2408
-1642
-9960
8831
-7106
8856
9187
9645
4334
4558
2504
-4575
6856
-6884
-9909
-7519
343
-8332
3069
-5144
9378
4749
7140
-8160
9743
2709
3440
5379
2572
674
-113
-7329
-5893
-1530
-5014
-9361
149
4691
-4601
3514
729
-9015
2589
-6283
278
-2069
-8478
-3741
6703
-3133
3660
680
-5725
-3781
-10
-2814
2642
1453
1526
-2501
7528
7759
-1904
-4485
7609
8200
6807
-366
-3661
8730
-6518
-7088
1730
-7336
-5312
1599
1697
482
595
-718
9949
4869
6413
6590
-7086
-1998
-6016
7308
-6305
-4155
4799
-3793
9683
2591
-9241
-248
-1852
-3800
-6059
4968
-1235
4399
-8118
-592
-4412
2616
-9571
-3562
3100
3753
5444
-7090
-2313
4898
-1723
-9332
310
-3012
9970
-4454
-8437
-7099
-4954
7765
4370
-9277
6783
2529
-5487
-2153
3397
-6792
9882
4204
9004
9206
9939
-443
-8307
-4873
-5241
1847
-9464
5037
425
3686
5316
518
6357
-9032
1115
-6342
2787
1345
-5837
-6707
2947
-6259
9241
3497
6613
6790
-9636
6979
-4072
-5993
8720
-6976
-4949
-1277
-2193
-6761
8019
863
1882
-1753
1160
9951
971
-2331
-4540
4184
3511
-9060
-6309
-8868
2325
469
-2497
6368
9232
4507
6576
5460
835
3465
-2065
5460
6245
-5158
-5209
-419
4863
-9552
-2799
8492
-7993
-5645
6348
7770
5331
-6255
7015
7991
5779
-9277
7553
-5547
-8878
5604
1202
-4818
1347
2940
-1298
-4100
9834
3924
-351
-1331
1264
4978
-7780
1782
8792
8692
9941
-156
-6306
2330
9882
8102
2078
-1265
-6203
8808
-8220
-8231
-3538
-7521
-6820
6367
-6611
-1208
-4269
746
-9473
-6957
-9150
7328
-3250
-9189
1294
-5743
7549
8906
4278
2030
1264
-1709
6863
-3001
7886
-7947
-9739
4040
-1623
-2230
-1370
-1855
1334
7098
-9501
8175
-3728
-2631
7123
3821
1292
8489
-444
-1565
-4680
-8035
9207
-2084
3610
2409
-6394
6910
-149
-2007
3966
3500
9595
2326
-3707
-8390
-8244
2219
1023
7168
9960
3030
1432
-231
-9765
8708
-1221
2921
-1753
-5277
2686
-2317
1949
5906
21
-7556
-475
-4962
594
-2370
-7945
-601
-8091
-5051
4319
-7964
2050
-1522
-5296
6919
-9084
2695
8021
-4963
-922
-9198
2587
3482
-4147
9855
2431
-6631
6116
-3412
-6900
1794
6418
-5560
3970
3907
187
7374
-7377
-7358
-1085
8151
1164
-5851
-3710
8500
-7663
2731
475
6783
-2020
-2597
9752
-7204
-3548
5823
-6777
7164
-2977
821
2878
1039
-7370
5662
-5968
8581
-5249
2666
93
5564
-5768
-6581
1609
22
9032
-1672
5240
-7532
3869
1933
-1509
1086
-2881
5811
6890
-4148
-1043
-7263
-7990
-2267
8512
7648
-9835
4459
488
-3430
-7280
6351
2872
-3216
-4568
-2835
5342
-8487
8550
2190
2596
3772
98
-9300
-1489
-1881
9717
-713
-4235
32
9005
174
-7318
6892
-1717
5999
7967
-692
-1047
-1766
5633
518
-5757
-8658
2941
-3982
-9043
9273
-3508
9292
-3823
-7084
2455
-4177
-1870
-704
7414
-2737
-9054
2355
-4463
-6000
1212
-2676
7792
9891
-9488
-1956
2770
9550
-4848
-3338
-3074
8100
1811
-8100
-8478
-518
-8153
-2701
-7215
-6436
-2428
7514
-270
9643
1637
1278
-2826
-2310
3324
6558
2308
-535
-4806
-8558
-4445
6034
5981
-8720
4700
-7027
215
1507
-333
304
4236
-4155
7096
-6603
-3430
-2455
1927
-7667
1761
-7992
-931
5344
8105
-8378
4431
-3184
-9414
-7411
-5196
-8101
-7287
-8415
4240
6189
-7867
-6681
268
971
8605
4190
4195
8602
-6092
5429
4626
-5382
-1475
-1416
4525
-1032
4968
5376
8463
-7963
-2808
-8080
8068
-3852
-1353
-8747
-3990
-2832
6686
-4459
-754
-6785
-472
-747
4095
1761
2307
-7646
5637
7506
9813
-6528
-1771
-6447
4528
8419
4496
1482
9750
-7860
-6651
-3391
-3587
5680
9622
-54
6324
768
-995
5760
-273
-6397
-8699
-9254
-3775
-2365
-7630
2514
-2750
-6860
1904
-7653
-5053
-3550
9326
8991
-7401
-9339
1862
-4948
-3877
8047
-8393
-665
6730
3305
-48
-7529
-7506
-861
-8574
2012
8919
3187
-5834
-6748
-7006
-9009
-2752
-2454
5182
9432
-6544
-1623
-9229
-776
-8800
-214
4237
7459
831
-6599
-8629
-279
-6322
-3776
-3333
-6673
9288
6542
7498
-8358
-2517
8865
-9279
7121
-257
-204
-9952
-7228
5728
-7684
-6161
8888
7647
1886
-3222
1674
-5486
-9735
9006
-8742
4405
1475
-864
487
2376
-7326
501
-929
1304
-4101
-313
-3010
-9849
-1947
3094
-6753
961
5710
-9529
9559
-8309
-6601
-5839
-1937
8176
-2343
717
-1711
-1310
3939
5563
4678
8277
8254
5427
4122
9461
5384
-9125
9514
-5172
4674
-9968
-6673
-1426
-9758
-7853
9584
7493
-8465
2138
-2235
7615
8496
4779
-6480
-7579
-6819
-1853
2952
6
5541
-532
5284
2103
-2320
-4829
-3443
6446
319
3392
3361
6199
-7377
6393
3755
9102
2266
9071
-1856
-4574
-8030
6559
-4050
-750
-2812
4491
3990
-4634
-1294
-5776
-6978
-3893
-9685
5626
3794
-286
8992
-4678
394
-8231
8231
-6851
-6550
-5836
2060
8206
1470
5451
-8849
-8224
3387
-43
-2449
-5815
-9906
4004
-5177
-8112
5358
5747
8414
-9274
-4257
7890
-9221
3600
-36
4442
65
-2648
8578
1924
-275
-3850
-1577
-551
-5670
4921
-653
-3404
-1097
-9328
-7295
1353
-1150
5693
4545
-9883
8380
-5694
-3404
905
-8621
366
9851
-9166
1353
-6231
4917
6328
4588
-4384
4603
5553
8280
-8032
-1530
-142
1117
4348
7929
7063
3626
1794
9370
3121
2553
-3760
-2140
157
3623
-7613
-3445
-313
-6895
9826
6228
8007
2318
-1079
1083
-9344
6064
7436
3328
-2507
-9191
-6153
-4716
7679
-4880
-4339
5993
7931
5231
4199
8165
-6595
2800
277
-5596
-9351
-5087
-6194
3658
5186
-8848
9435
453
909
-8571
9326
5205
1419
1627
-2567
8603
7223
8485
8338
5528
-9616
-2754
9321
-8437
2172
9600
-3722
-501
5542
9339
4451
5990
-4180
9772
9615
-3592
-2072
-5645
-5384
5870
8155
-8189
260
6601
-2397
2813
6538
-557
7313
6903
-8301
7875
6581
4398
7505
9267
-1094
2980
-7186
7999
-8528
-612
-3604
-6339
8120
6978
-7782
-7124
5448
8791
2590
6791
1583
2448
-5900
-4035
371
8506
-2016
9408
-3497
-1272
-3901
706
-8356
-1671
578
8808
-5344
6264
-7189
-1888
226
-8851
4180
7166
6024
50
6995
-8549
1712
-1351
-1745
-8405
2261
-4081
-8189
764
2861
4284
-852
4761
9855
-8305
-6303
7443
8796
6471
-5800
-8683
-6749
-3081
-217
9958
7892
4954
-1756
5075
-3115
5616
5143
-2814
744
-8038
-3182
9171
8983
7673
9093
-3894
9418
8379
4386
-5698
565
2892
8637
3223
-9874
-811
-4429
-2647
-294
-1665
1826
-2921
-2528
4683
-8471
9270
4964
3035
-3061
-4032
9384
-2579
9133
8974
6047
5502
-7210
4334
-2085
2133
9448
-7842
8036
3412
8497
-8123
-4821
3653
141
-2648
-3547
-9071
1353
-2406
-9364
3059
-2827
436
739
59
-7221
2887
-7327
-5565
2944
7130
-898
6161
7499
-7270
-9590
-4211
-8509
8515
7008
891
-6576
7412
-8804
-5689
4199
5615
7234
3705
-8378
9987
8661
4140
-9406
489
7128
-8959
5796
1698
441
1238
-2229
2001
-7072
8606
8347
9160
-5760
5081
-1429
701
-2021
9427
-7101
6008
7926
-6373
-1075
-60
2204
5776
7240
7635
-597
-9438
7505
6361
-3739
3699
90
-8195
-7900
3189
-2296
-6035
-7013
2975
526
8839
5913
547
-9717
-8095
-4888
-5332
-6463
-945
-9982
9495
-2426
-799
79
8078
1632
6913
2213
6426
6464
-6369
-2330
-9608
-3125
5532
-2303
1250
7327
-5693
-7121
8632
-9130
-9246
9052
-7349
-4911
7487
-2898
8639
9741
6685
-992
67
-4800
-532
-1152
6440
-8164
3919
-379
-9539
8721
-1870
157
6586
5139
4315
-4174
-4707
8615
3014
2403
-3966
-8564
-5114
7136
-2804
4310
-9332
1164
-9274
6476
4246
4374
1185
151
-6705
9969
-5800
7866
-8647
-3515
-4050
5316
2763
-5066
735
-2151
4365
7421
-7037
-4826
-9800
-2971
-3606
3840
2851
8316
-2012
6598
2884
-8353
-9558
163
-1338
-1930
-8147
7548
-7271
4575
-2787
-6336
5663
-8458
9642
-7241
-3060
9167
-5579
-5714
347
-4784
-713
-2911
3410
3416
3227
7076
-5328
-111
2679
-3567
6707
-7271
-84
1507
9153
3477
2103
2255
2815
421
9478
8525
-4782
-5611
3470
7216
6362
-3528
1434
3072
2711
-696
8423
-8996
-5079
-2438
8375
-7361
5641
4100
-8916
-1428
5720
694
3919
-9339
9749
-9903
797
-8405
4056
-2588
816
1705
2249
2962
7958
-7110
-428
5720
353
8334
-5708
5412
8951
-89
7580
-6147
7942
-1619
8841
-5465
-6395
3938
-2623
2135
-3027
4337
-5445
7836
-9319
9723
-2188
1372
3037
-9738
-4020
2944
2230
3632
827
6931
6599
4986
8767
-9738
-7478
7438
3440
2670
238
-5051
9303
1555
9582
-9424
-5621
-9343
-2624
6491
7571
-9091
1117
-7287
-8524
4130
-628
9862
-189
604
2805
-1216
5382
3858
-781
-4976
-5024
-8640
-3304
-2214
7528
-9203
8283
-20
-1123
-6831
1783
9958
-3421
-123
-6095
-8275
-1823
-2027
-5377
8012
4715
-1313
6116
3855
-6821
1028
3717
1972
7970
8056
-3709
7986
6953
-8761
4426
9244
6629
-8870
-697
-1778
-9239
8491
-8624
-9841
-8080
-8870
5924
-8817
2119
8853
-317
-1605
-4927
-7275
-6677
-813
-9314
-6418
-5501
6523
4292
3547
-4225
-7898
2502
4857
2963
8518
-4967
-4947
-2178
374
-6706
-1443
-9567
8719
-4253
-3619
-4143
3335
-2626
-4436
1367
-5360
4163
-878
-8052
-150
6311
5338
-3781
4262
9318
6955
-1387
-7761
-8333
6610
4728
-4048
6812
8452
-9082
4058
429
-561
1650
-2842
1693
8867
-845
7993
1261
4947
3063
5772
-8974
1006
-2458
-4871
2713
-652
-1454
-5300
4742
-136
-1567
1413
1061
4844
6973
7672
-6652
-8737
3857
8219
-1576
97
8551
5601
1733
-4026
3139
-5641
1901
6804
-5238
5534
-5633
-8791
2791
2359
-9052
-4404
3394
3274
1329
-9924
-9964
5885
7945
-4495
1892
2624
-411
-4030
2570
7304
2258
2634
-3286
-4025
842
-4163
5149
6365
-3850
-9350
9933
-3936
-6426
-7068
6471
5672
4145
3025
-2917
-5111
9321
1945
7481
6641
-4506
-9734
5192
6215
-3579
-5590
-6529
4580
5649
3814
269
6826
8038
-626
-4139
-7217
-8756
6670
2025
5799
-4740
2125
5592
4662
8550
551
-8059
-1978
4249
116
-4823
9689
1
1417
-4207
-8744
-4127
-1225
4832
6899
6167
9147
2592
-4805
-903
-210
7782
6476
-4766
880
-2009
8883
3753
9689
3801
9614
-8668
-2453
-454
-891
-9417
9400
-4855
-7151
-7563
6117
5098
4406
916
-6645
6036
54
2318
-6362
-803
-4960
2053
-1972
-8198
-5553
351
9955
-9976
-2250
-2926
-6
-9546
-2580
7466
-1285
4906
-5922
-2927
9553
3747
710
2471
585
9428
-9600
1947
1058
-4541
9270
-320
4953
2992
7514
-883
1047
-1930
1876
2413
2889
3494
-4274
4306
-5282
2804
-6097
-1419
-3362
9883
-5482
-3683
-4640
-3170
1876
3784
9039
-9402
-6899
9108
-1796
-2453
-9306
6058
-1630
2540
-6078
-8117
3369
-1994
-1130
-1862
-1299
-4770
-6141
-2398
-8669
4025
4790
5939
3109
3803
6955
-6733
6731
1122
-8494
9604
-6965
6882
9555
8022
1958
5480
-5814
5897
2402
-2959
9884
-6762
204
2138
9958
-8537
-5406
6543
7524
-206
-2239
2032
9386
8620
-2628
-3624
5502
-1643
-8211
670
-9286
8737
-5570
9652
-7958
-6737
-4173
-1937
1182
-6265
5039
4599
-8270
2542
928
-8086
9811
2061
2897
6966
-4174
3055
-5353
-4759
4058
-5
-2665
-4863
3126
-386
-3206
5639
-4433
-5503
-3970
6523
-7889
-4262
8682
-2560
-580
-8097
1774
-7772
8015
-2521
6547
-9766
-5342
-5122
-9829
-7888
43
3342
-1780
1242
-4011
2603
-7704
-3643
-6133
8160
-9960
-841
7247
-6339
9044
1646
-8005
2074
-9743
-3812
6311
6553
847
-6005
-4957
859
-9546
8815
1166
1173
9859
7174
269
8655
7059
9551
-4497
-4133
7849
1253
2979
-7292
-3766
-7289
9441
-8804
-7028
-251
-4344
-8302
-8485
-6053
2010
7631
7103
6332
-714
-2472
7922
-4775
7803
785
-8763
371
6398
6621
8026
-8101
3472
-626
-2661
-4766
-3540
-854
-254
1249
4377
-9212
8007
5708
6238
4495
-9785
-1200
-7274
-1320
4034
5894
4853
-1811
-8280
-8291
-2605
5681
4877
-7524
7915
-4779
3092
2342
6078
-5340
7456
2385
-88
8327
8419
6397
5682
-3696
-2581
-2955
-5346
1854
526
8525
-1201
405
-6709
-2625
-9988
1243
-4872
186
6
9801
-2510
-8448
5265
4182
-2496
1806
-1170
2142
7061
-41
7059
7130
-5105
8152
4694
-3968
-9385
7075
-5515
731
-1341
-3424
515
5223
9286
9605
-7194
9864
-1049
8325
-1049
3931
-7472
-5302
7218
8546
4345
-1886
-5960
-2099
-1255
-4656
166
-9011
6396
4289
770
-4780
-1528
1357
3872
-4437
-3022
6219
-7028
-3677
3711
3339
3112
7811
-3500
354
13
-3005
-1934
-6531
-5294
8649
3442
4439
-1598
712
-3032
-5164
9110
-8660
-7197
-4065
9248
-1270
297
-2764
9366
-6898
9606
-501
6579
-3510
5765
4941
-3831
3320
180
-5691
3884
-3406
-8242
-9593
7211
2696
-2849
-8279
2953
9142
4861
-6044
5937
-5899
-9359
-1318
1670
7411
-5722
-3121
9555
9742
6740
-1163
9833
1226
-3302
4548
7751
-1484
2032
5444
848
7207
-2358
7049
-9663
-8901
-4999
-4481
-7766
-6001
-1216
6669
-6793
-7415
4283
-6054
-3737
-2457
3678
8952
2760
4306
5661
-5946
-1343
2107
3044
3227
-5041
-6785
-1366
-772
-602
3673
-9966
6406
9796
4708
-218
1099
-7923
-3608
8992
-8142
9407
-2399
-9177
5265
6197
8674
7440
5602
-4873
6605
-2880
-8508
-5301
-2938
-9694
-771
7473
6836
-4127
-7298
-3864
5093
-525
-5940
-4389
1114
2558
8379
-2974
1233
-671
1532
5400
-9857
9383
-5219
5719
75
3479
4653
6799
-3153
-1592
6110
-6595
-1018
-3449
-4785
1147
-516
1471
2602
2259
-1299
6044
-2584
-2789
-9102
908
-7641
-4231
-4106
-6015
-941
426
-5355
-6918
-7205
4402
4906
-5513
7513
-3911
8711
8694
-1289
-9944
-9790
5306
656
-6490
-7888
4169
8765
-6499
9722
-7749
7538
-2720
2738
-3025
4704
-5287
-8234
-3301
2796
2103
2819
-9728
6792
2925
-6071
9737
2630
6950
4481
-6747
2522
2832
-3584
1470
-2793
1415
-8342
-2244
1920
7883
-352
3597
-9999
-4577
-3212
-5704
8328
-2301
2186
2221
8384
-3031
2897
-1986
-666
-6474
1508
-5133
836
4824
-6417
5303
-6418
-6904
5122
-6730
-8185
-3369
6879
-9651
3616
-3825
1663
-6803
5757
-717
3810
-967
1514
4807
1239
9508
4546
9316
9045
4254
793
-7794
-4376
9742
6570
-4830
-1985
-6150
1815
-3785
8522
-6849
-8096
-38
6295
-5516
-4314
683
-9649
4713
2460
5539
6355
5036
2940
3628
-7130
-6405
-726
-5147
7488
-6460
-7267
1959
7336
409
-5700
-3394
-9004
-7806
-8523
-9164
4611
5552
1554
3927
1021
-3971
2495
-1724
6581
-1525
2454
5541
-9475
-9782
-4116
4562
1006
-8888
2337
8204
7164
-3222
-8896
8365
-5222
7394
-7173
1966
1243
3051
1935
-1573
2661
-9438
3380
575
4198
4042
-4502
-1877
6551
-5804
6689
-129
7205
-1735
-5707
532
-3100
-4543
6255
6774
-2121
-7799
5613
-3252
9883
-4730
4376
9794
2009
8222
9782
8310
214
7392
-8847
-5145
-3027
7374
8487
2932
3485
-2871
-6122
6132
-9605
9516
-30
-7797
3129
-217
4621
-7163
6097
3630
852
-9908
-4004
6216
-3406
2837
3576
-1254
1704
3526
2008
-5782
2746
-9705
2858
1910
4634
7709
1465
2408
-2719
8022
-3578
4855
1535
-767
-8101
8453
4820
-526
3757
-1216
1846
-4463
4911
6912
731
-2840
742
5701
-6692
-268
85
6025
-7799
8279
-1446
-8901
-6219
-6830
-5654
2453
1881
5023
3284
4913
6803
-6974
-191
8862
6997
5091
563
-2285
-1688
-3720
8398
9512
9107
-8261
8277
5276
-4780
1774
8490
8730
5510
8258
7215
-3418
8437
9883
1073
-637
6225
1136
9951
-6113
1349
-9850
-414
404
-9854
-2204
-9110
8598
7021
-9112
5486
-8967
9504
8064
-4891
7893
-8990
-8147
-6456
-3344
3939
9264
6633
6709
5107
-5062
-8259
-2075
7469
9362
3244
3363
-8811
9889
-1513
2455
-9765
5690
-5806
-5714
-9164
4212
-8802
3575
2207
-9910
465
-5999
986
262
-9914
2175
-1591
-9665
-8430
-2093
-8635
1983
-3644
-5926
-363
4729
-6666
-8419
-44
5536
7983
7784
7222
-6913
-1272
4098
-7550
6715
-5706
-4164
-9166
4103
6863
-3642
3977
-4304
80
8466
-7331
-831
-812
-1254
-5619
-4564
6290
4960
-4451
-7279
6568
8460
-3018
-9996
7193
-432
-1318
743
8829
7067
7183
993
6138
3121
7076
-6568
-8829
-6667
3069
-8063
-5236
9714
1598
-6946
-4459
-2332
-5374
-7375
4262
4038
-1127
6129
-2462
-7502
2283
-4500
-9576
3213
6790
1319
2257
-3989
772
-7618
-1027
3753
-952
-3876
4546
-6775
-4989
9729
-6246
-8247
-2542
2514
2542
9651
8281
-8759
3077
-664
-2716
1
9460
7947
-1158
2596
8995
3563
961
3728
-8541
-242
-5418
-7986
8817
6371
48
9363
192
-2211
-6351
420
-442
-151
9587
9244
-9017
-5104
1360
9256
-5792
7648
3045
4964
-1895
-1000
-9499
2718
3322
-3248
9992
-1428
7305
-3931
-310
3357
-3926
-2231
-2636
2762
-7671
6665
8027
-9853
568
-9972
9380
-8274
-8668
-56
-8267
-9716
-4082
-9515
4107
8591
-2151
6459
8524
7556
-9451
-5315
-3663
-2005
-8758
3676
1742
-9019
-4776
4766
5800
4619
4945
2654
-1133
-892
7075
-9587
5165
2722
-9185
3931
-3090
6393
3418
-7546
4069
9848
-1132
9590
-3998
-6306
1964
-6608
5284
-8077
8343
-5886
726
-4289
9945
5507
-2406
3840
8611
612
3018
-6047
8294
5671
7664
-8202
-3617
7791
685
2427
-7443
4547
-9089
3904
8226
8826
4049
-8613
4890
-7967
990
-9249
-6498
-5978
9489
8319
-562
995
-3354
7242
-8463
1740
-5688
2610
-1452
-8923
3501
-6238
-1888
-275
5536
4855
-9086
-6621
6339
-4666
-4794
1599
590
-62
6244
-2357
-2239
-1637
8683
-8988
8218
4324
-1036
8808
7051
-6566
3133
3998
-8720
-7788
-3169
9871
-9524
-3399
7166
-3488
1697
-3415
7387
-6974
-8393
1156
-6224
2150
-4169
3243
-3603
447
5080
8644
9430
1029
9464
-741
-5367
7366
-4146
6717
7513
-4795
-500
8314
-1935
-2824
-5791
2564
39
-6570
8931
-8521
-9517
8798
-7951
9672
-2225
6078
-2437
-1047
7315
9030
3683
-2086
2797
629
7241
5235
9619
-7038
-1657
-5483
9051
9245
9950
9196
1836
-8256
1080
8381
-8268
3530
4416
-4380
-2849
-6559
473
-2606
-4586
-8194
228
2144
1757
-4747
1461
-8316
-1527
-1006
1958
2659
3800
-6456
5066
5703
-4673
-3331
6511
-157
-9111
2072
7947
-2047
-1284
-7423
-9373
-2762
2986
6892
9294
-9132
-2211
-2063
2337
8627
-8097
9085
2499
-8229
-4473
6023
-7062
2713
6902
-5204
-8774
1343
-8617
-7080
8264
8037
7670
-7905
6594
-467
1702
-7217
-9365
-8337
-9986
237
-8412
2382
7736
1736
-4044
7973
9274
-4023
190
-3452
-5434
-4489
6283
-8931
4034
-8413
-3732
1338
9502
9505
-5634
-9342
-7342
-669
-9420
8596
-1516
-9192
-4642
-8360
-377
1696
-7340
-9843
8941
7057
-4359
-78
2698
2241
-8118
649
9973
2423
4493
172
-5104
1148
-9415
5300
-7230
-1996
2608
8780
386
6771
-752
-4519
3404
2844
4143
-1540
-327
1046
8780
5713
6594
7215
-8305
-3651
-3868
7440
9062
-854
1211
-5356
2350
9703
-2241
-1056
-1633
-3227
2882
9344
313
834
6922
-9599
-1831
-378
-5425
4927
-8567
-335
2043
4332
-6926
-3796
4607
7444
-2645
8078
2192
4003
-1626
-7845
-3657
236
-5757
-203
-5994
6323
389
8554
-4274
-3160
8458
-8965
-2223
5419
6001
-7179
7741
398
3533
-4527
-9134
9154
-447
-7417
9819
754
-6084
-825
884
-104
-1454
-1135
1048
4959
-3619
6365
-6112
6320
-137
-6425
8308
-6328
1333
8996
4653
857
2697
-7263
-7834
9903
2765
189
6633
5488
-7905
917
5264
-845
-9910
5069
-7909
8401
-4859
6071
-5589
2100
75
1531
-288
-6427
-2711
7184
-4469
-8137
-2564
-6220
4907
1700
-625
6627
2801
6980
8040
-2204
2098
8231
-5022
8135
-9122
-4873
7467
7789
6210
-1601
4341
9446
-2964
-5274
-8009
641
-4244
-4075
3834
-9923
-8604
-6177
-5724
-8750
8532
6681
-6167
8294
-329
-5639
-1279
1210
7046
397
8971
1314
-1189
2047
120
6854
8574
9438
2099
-2219
6452
-9249
7094
-4691
7804
6531
-4542
-8137
-8266
3088
-2407
-8790
-3424
-9082
4355
5867
-9022
1922
-2844
9884
-151
2648
-9146
9649
-9310
6903
-8773
-5755
-6256
-2064
-9118
4710
-1576
-6201
6131
4382
3633
6948
-3652
5853
8424
-648
7251
6640
-5451
-6647
4809
-5791
-9944
1740
7633
6913
3960
-8186
9548
-8292
6537
7129
-917
-437
9418
9731
-5711
8541
9736
-6679
-414
-1490
-724
-6723
-2010
-2879
-6030
-3854
5146
-8902
-3794
-6237
-7789
2031
1620
-9112
-2277
-2729
-1578
-6346
-9386
2084
-4534
-4345
-1191
6739
-8658
-7124
-4527
-9407
8960
-4981
7126
-2477
5619
8736
-3516
-3682
-7794
5029
6443
3575
-4753
6263
-7181
9596
-6090
-8568
3148
1098
-1361
-9673
-565
-8159
-5894
-4042
-1673
-1378
7951
-352
-504
-4349
4643
-6392
5473
-5313
-4044
4922
-3722
4662
-965
-1412
-1703
-3872
1113
-2684
7242
-1427
-3722
-9561
2331
2462
2749
-2602
-9277
3622
-8924
8094
9324
1024
-4440
-3307
9435
-6002
4359
-3163
-6713
7720
-5301
3956
-2440
2026
3423
-929
4986
7825
6447
-7697
1533
-8864
-6791
-4073
-2366
-9044
2125
3183
8142
8096
-2884
-6648
2141
-1523
-224
-7302
5075
-3020
-170
4976
-6593
-3342
845
-2881
-7353
-1502
-6774
8812
6899
-575
-9607
-9862
9607
-7500
9054
-4219
-8824
-4280
-6042
-2949
-7667
7059
7732
-4724
9580
1659
-62
-8640
-2959
-5810
-2318
3683
-7234
2177
-9524
-5215
-9644
-756
-638
4279
7343
-645
27
-9124
1070
-8771
3207
-4278
5350
-3488
-8158
5036
537
-5748
5138
362
-8207
-7260
-5243
-1416
-5752
4134
-4213
-4653
-7939
-1341
1658
3178
777
-2402
-8552
8443
9766
-8521
4722
-658
6078
-1992
-1160
-8663
-1343
2026
-1859
7700
-8888
-1243
572
-4784
-5
-8026
2277
-9168
-9934
5852
1050
1258
-7715
6414
-1748
-8220
1680
-846
-2977
3775
2305
5539
-9154
-1155
-8609
-9757
-2838
7781
-1449
6348
8232
265
-2652
-3694
5054
-1098
156
-5778
6932
5462
-1843
4449
5486
5819
459
-5561
-7756
6949
1330
2996
1364
-2492
5762
-7228
-2198
-427
-2044
4179
-9623
-8609
5799
-5589
34
-6705
3176
7744
-26
5370
-3546
5527
-1291
-323
3745
928
3177
-3409
1294
-2888
5425
497
-1786
2707
5335
4377
-5715
2836
5353
6282
-7060
3374
-8890
8655
-8666
6173
-3839
-4588
7155
8941
-298
5076
-1663
-5553
-6466
5302
6536
6321
4144
4334
6595
-9819
-4062
-6171
-606
8737
7672
7449
9929
-4704
-7952
2680
-1748
-33
8935
4623
-4313
-8576
-2939
-7468
-1026
-832
3723
-1400
-9597
8736
3211
-4957
1346
-6851
-7827
2159
3604
3824
-9425
855
-5750
-4288
-1406
-2141
-4069
-5549
6395
-7222
8399
-8334
2496
-6708
-4205
-3427
9686
-8481
-2646
-5875
1965
5672
-3368
-1771
9268
-4656
-6229
4060
1790
409
4440
9378
-5005
-9794
6742
-8187
97
-4644
-8738
8028
1782
-9730
1641
2441
451
-8618
4908
1241
5746
3253
9818
1587
-937
-7835
9579
9985
4630
-1948
9573
-5544
1121
7907
-4369
6174
1009
-6241
-8690
-4598
4477
-3788
-1997
-7927
-3707
-4821
9449
9389
3021
6061
-2179
-1145
-8215
2468
7048
-4816
-3361
3634
396
-6073
7553
8274
7116
5468
-555
-4468
-8190
2766
-8315
347
-704
-6184
-8504
7141
-2261
1196
699
-2049
-6403
-5755
2570
-5512
-3335
-127
-1205
9413
-7205
3649
9737
-2213
-7266
-122
-3892
4422
-1231
2197
-5983
-4764
2559
-7337
6165
1883
-7749
6282
-4421
-529
-1337
129
690
8010
-6654
3721
-1104
1605
-9356
6225
-4826
-6203
-8893
-3967
-5932
9017
-7965
321
6395
678
5987
926
-6044
1669
7254
-8024
-7162
4958
6599
-4800
-1407
7174
1323
-8974
-6063
6297
-9173
4382
6857
4352
-9034
2726
-2646
-4797
2570
5571
156
-7055
2576
-8263
1917
-445
-7960
9124
5853
3928
-6609
9250
-8713
8826
2300
7223
-851
-2366
-843
9535
-8914
3729
-2681
-6830
-4129
1890
-4556
2435
2564
8593
-5197
1461
4159
973
7776
7643
6705
-5344
-894
5408
-7315
784
-8896
7492
3597
881
2668
3959
-7545
7404
-5701
-9438
2971
7951
-8027
6590
2993
-3888
-5544
-9207
1984
121
-3887
8129
4090
-1284
-9678
-1053
-5071
5917
-5727
2563
-2990
5047
2151
-9040
6026
-8003
-8831
2196
-4301
-6184
39
-7237
-4276
5865
-9918
-715
-7465
-1549
255
-5980
-9093
6577
-7767
-1785
404
5878
-9675
-818
4737
7508
-5079
-1155
9268
-637
6645
1810
1884
3034
8057
1948
-8602
5757
-7940
5780
-495
-7593
7570
6288
-1706
-9227
5927
1197
3794
4679
2828
1516
4994
4341
-8758
-9260
-4248
2993
5114
-4260
5815
-1197
4953
2051
-6766
-2513
2649
-4963
-4336
2425
5515
9290
-2320
3120
-9236
-1949
639
-5652
1680
-9905
-6491
-9608
6537
-6050
-6155
111
414
8401
-3490
9347
-1026
-6535
-5241
4756
3542
6965
988
-3176
3553
910
-4664
9099
-4232
7924
7749
-9278
-2714
-276
-5595
-2485
-6941
-6285
-2421
120
6567
-6656
-6313
7090
-6928
-1249
9176
6296
2021
-2398
2878
-2364
1317
9824
5580
-4335
9761
6318
-9189
-7080
-6356
3345
-39
-5973
-2669
-587
8798
5938
-6746
2315
-4502
2427
871
-501
-4852
5566
9474
-8496
-4891
166
-8148
500
1617
1760
-1784
-5390
3069
3710
6960
9255
744
-4694
-4289
-5332
-8588
5805
1151
4504
-2912
-1833
-7845
-9896
5008
5701
-8715
8458
-7603
5083
3342
-8935
-8601
-8171
3658
-5703
250
3063
-3508
3757
1470
-3767
2114
-6545
-1993
5156
9265
-5537
-9539
9383
-3742
-9466
-2043
1882
3412
2957
942
-7269
-9278
4972
-4786
-251
2225
7809
-9839
-9973
994
7144
9864
9818
3478
-4929
-6289
-5084
1550
7014
-6235
4551
-6039
5580
-5870
9489
9003
6937
-1983
3428
-8998
6273
5336
-7142
-2315
-9907
8481
936
5864
-3106
-5239
-3708
4399
4319
-721
8694
6613
-2727
-531
-9967
-200
5889
1824
1187
-2998
890
-5493
-2055
-6241
492
-2612
2406
-5083
-1443
-1412
4937
-6858
4170
-1551
-5154
-7761
1771
8388
-3776
-1272
-7652
-5418
6562
-9953
1791
-7088
1743
8167
-4660
-9320
1806
-3441
4473
-9499
5680
-5792
7447
-1379
6793
8245
7580
-7438
-7455
-6836
-3433
-2351
-3881
-4795
6327
-2549
3270
-9722
5947
-9195
-3698
-8548
3624
390
-2314
-3100
-572
-7427
5750
9744
2322
1220
527
-2283
-9650
1967
9880
-374
-2059
3229
5507
8144
6680
-5995
779
-7804
-2578
6294
9472
1430
9369
6938
-4642
5482
7662
-656
2679
8743
-9492
6079
-2616
258
300
-3982
8674
-376
835
-6291
7424
3745
-8295
-9012
6655
-4128
-4351
-4939
3216
-566
4389
-2542
-3002
2137
4196
-4056
-4689
6720
6954
-5993
6093
4369
-2624
-5720
4768
1581
6138
-4788
4665
-7174
632
-4666
-8590
2883
-4968
-6865
660
-7404
-8223
-8801
9306
-5882
619
-3665
5840
7568
-564
2572
-6236
4987
-1737
4134
-5584
-127
-8279
4352
-6775
1876
-7319
1244
-64
-4830
-1969
1254
2689
-1950
-3990
-5600
-7026
-6787
8444
-4855
422
7586
-381
82
-932
-9488
-7497
-8725
-9059
6609
-4733
4916
-2809
-1721
5398
-8580
-9702
7464
4250
6359
6629
-9770
9257
4416
3023
524
-8815
8645
-9627
-7785
931
7608
-2728
-2690
-6835
360
-8679
1914
9316
-8220
-9929
6537
-1608
85
2379
-6813
-2138
4851
-3566
3323
6137
-6841
-2200
-6929
-8274
5292
-8404
-5436
9624
-4579
1195
-1659
619
9968
-9522
-3091
4391
8608
-7904
-1071
7381
-4146
1990
-1930
-3156
9039
-8211
-4669
6332
-2642
-2811
6408
2370
-279
-3566
-9862
-497
-9969
-2472
4366
9564
-6476
-6203
-2673
4568
7716
-4765
8847
-9583
4680
-8562
-4248
-5467
6790
-8636
-8903
9958
-6711
-5797
-2538
7278
6164
-1834
-3901
2803
8223
-9006
9079
4880
-2908
-4025
-5513
6291
1614
5324
7195
6599
-1332
4235
8578
-9786
-1982
6236
9638
-3510
-5872
8152
-3505
1895
-5394
-1577
-1835
4411
6544
5946
4744
-7546
4446
-2190
-1086
1478
5312
-375
-6347
-1153
-8531
-273
7839
7138
7841
3726
-1186
437
9011
3113
6938
5413
-6550
-8410
-6777
4207
-3796
-1312
2275
-5475
9504
-7276
-4453
-4397
783
4221
-1738
3272
7714
5010
-5520
-4917
-4375
-6259
-5552
1640
2073
-6788
-4074
6815
8833
955
2441
5045
-9804
-9183
-7208
3935
4276
40
6911
2869
-1135
1763
3166
-7707
-7929
6071
4875
9000
-2099
-8614
-2005
2575
8656
-4991
-7887
9411
8763
-6562
63
955
4741
-143
-9449
4915
3140
5499
5813
-21
5771
3106
4345
1308
-6386
9897
8505
93
5567
-6003
-1378
8193
7920
-2213
-2845
-2510
-8240
-4023
-6643
-8640
9219
6397
9593
-3652
-5159
-7071
-1963
7130
-3498
-6944
3747
4827
-2847
8778
-6394
-4390
-5506
2686
-4773
-8738
8815
-328
-1865
7041
5668
1455
-9581
-714
5181
-8757
-1
7893
-2475
-6314
7356
2052
6036
8213
7881
1286
-3144
2661
-5724
-8957
5225
1811
8289
-5033
-6470
2229
5933
-5725
-6134
-1078
725
-5621
3987
-3531
1199
9314
-8040
4740
-8869
8211
1202
7518
2014
-2787
-4196
9467
210
9390
7620
-544
-9054
4230
-1210
8741
-7954
-4671
3313
2678
9935
-2715
9092
9402
7990
-9942
-7766
7901
-1714
-2383
9968
3526
-7590
5082
7416
-671
2684
253
-3959
-7169
-6618
1097
-7260
505
-555
1853
-2659
6502
-8773
-6339
4171
2236
-6085
8612
-4069
3947
-5304
3703
-4084
-7869
-7446
-9581
9583
7938
-9423
9255
9387
7430
-8116
4985
2716
9627
-5758
-3344
-8753
-2768
-5422
-251
2505
7542
-3473
-8087
6706
244
-3596
1918
5869
-6188
4946
3311
-5267
7811
6151
-5488
1168
-2711
2458
5491
6133
7613
-6607
-8968
5484
-5042
2543
9797
697
-9394
-2561
6208
-4601
-5294
99
2249
-8670
-5292
-1261
6063
3728
6809
-9225
422
5148
2693
-4037
-4932
5788
1865
355
-2753
2401
-275
6122
-8694
1032
-2889
7881
-7844
-3528
4732
4588
3510
-6060
2130
-8178
118
-84
1511
8822
1557
-7536
5690
5129
-3498
8945
3508
-1891
709
2294
6302
9948
-3400
-6704
-9632
-4391
7967
-8932
1502
-12
974
4162
-5154
233
4319
-5545
89
-2011
-7337
5456
-5275
4315
6290
-3281
183
-1032
6428
-1795
3125
1146
8873
-4026
6241
362
-5859
-1857
-4036
7377
5606
498
-2864
-1834
-9818
-5653
-2302
-9039
-9091
-426
-7989
-3747
91
6916
-9524
-7714
-1259
-3049
-3305
-6683
-1465
7590
662
4642
-9491
-6315
-3109
-2566
1282
3475
-5128
3461
4024
9595
6580
-7078
-6553
-255
709
-9396
-490
-8514
9934
-872
294
1611
-4815
-3774
6768
-8802
-1242
7584
9430
6343
-2220
-9774
3531
-5555
2062
-5757
1950
9548
-7193
1845
-3385
4984
2252
-2640
9052
-9782
-1043
-4562
4971
7833
-507
-863
8229
-9684
-5265
-2677
7300
4935
-3310
3909
6151
-8391
-3065
-7453
-480
-3100
9330
-3434
-8376
-6616
-1092
-8766
196
955
-44
2415
9150
-4317
2587
-4160
2758
330
5228
2330
4334
8879
5283
-8316
-4124
-4314
-894
-10
4689
-6624
-1567
-979
9824
3035
8553
-6686
-5853
9322
-4841
3494
-2047
6187
7919
-5618
-9422
7274
1557
-4908
-9329
6385
-9411
-7512
-9028
7984
4287
6040
-6164
5919
8336
-5394
-6990
-4866
155
1084
5360
-8926
558
844
2206
112
2657
2364
7833
9395
3417
9190
1058
8813
-8695
2772
5812
-6090
-8045
-8473
-8334
-8921
4814
5101
1016
1952
-1420
-732
-6471
-589
8148
5632
-8501
6439
-4338
-9129
3569
-6428
-2124
-1882
772
1171
-4035
9999
2557
2366
-3068
-4995
-2117
7380
-4700
6021
-399
-2592
8906
-5767
-9612
-9101
9868
-7809
8055
7758
4226
-8892
4906
-8223
9259
184
6751
1635
2623
-8331
-8871
-6584
2472
-8846
3890
-6654
-1418
7071
7885
-2184
-8139
4303
-2158
5237
9315
9631
8130
-248
8741
-2842
103
4297
6754
9391
6309
1860
-2741
1918
4638
7182
6547
-69
-6583
-4761
-9185
-5885
6175
-4730
6004
2314
-3931
-4272
-4929
-6465
-3912
-918
2363
6648
-9230
-3058
-17
4567
2427
1743
8601
4778
-8891
-6933
6461
795
-2178
-6985
8466
981
3637
-8401
-2046
-8184
761
-2732
9712
9087
-3035
-7161
-1646
-1366
3038
2465
7499
-8754
4622
-993
-2704
9416
-1166
3024
7134
-8829
907
6712
-3842
4369
-6050
1649
-2522
-1111
-5239
9179
7197
-4579
2614
-9488
2024
-8172
-3961
-9927
-487
-9960
-9351
-2431
-1804
-7740
2226
-4407
1890
-6149
-8664
-913
3598
-1874
-1511
-7788
-4602
-2104
-1210
-3406
7869
-8505
6506
2000
9841
8864
6540
-7029
-4005
-6022
1293
-4417
6637
-9592
-6079
3388
-1114
-4733
-9584
2223
-6840
-4492
-644
-5771
-1798
6855
6851
-6853
-4464
1484
-745
-2560
-8561
6711
-4253
-9388
-2659
8480
9386
-1165
610
-599
4737
8154
8813
-3527
-5065
1162
-2617
-9832
-5747
4739
3247
1158
-1848
5687
8165
-6489
-3995
137
7001
806
-4526
-3266
-4117
5930
-9310
3729
5721
-7050
4461
-1372
-4384
-57
2240
-9564
4107
-3057
3988
-5703
-698
1720
-5753
9961
6671
4423
4821
3359
-1748
-4084
2695
3716
-3412
1213
-6637
-5827
-1147
1477
-6023
-8736
6467
294
597
5599
9948
-5904
-1492
2545
-1092
9508
5483
5813
-6789
-1916
-3874
-6545
329
-7712
-7845
5931
3508
-5836
-4584
-4103
-514
-6763
9507
63
7478
-429
-9468
-3307
-8568
-5567
-329
-7043
4942
-8904
669
3209
-6599
-9995
9675
411
-3064
6655
5229
794
-7244
1507
-881
-843
4637
6378
-3620
-7317
-8094
-3966
7128
1439
3722
2879
5435
-2802
9843
6753
9932
-5606
9607
9820
-6266
-7341
-4021
9728
-1510
6885
-4402
-8303
-6209
3710
1547
-9643
9041
2804
3736
-5464
-4953
9169
-6003
5069
4591
-5863
-2619
1213
-8002
261
-2779
-8962
-4639
-5184
7873
8557
-3063
-5479
-5794
-6966
8733
5892
-118
9241
4660
-834
-4209
-3456
6531
8582
-3204
5333
-8883
-5796
-8144
-1675
-6287
8361
-8998
-3164
-6683
121
2937
4544
-8880
3889
6350
7760
3295
-8697
-7787
9892
-6828
-7787
-4630
5027
4018
-322
4558
951
-7061
-1293
1827
7687
1028
-2635
-1290
-5199
4494
-3144
-7605
-4932
840
1541
-9812
-3239
-6408
-3759
-2102
2066
-3045
-1424
-2108
7537
-3885
7658
-3865
-3968
9788
9621
-7452
-5022
-2898
-4757
-4045
-1484
4704
6887
-6086
303
4845
-1940
-6097
-9204
6776
8663
-926
9873
1771
7243
8309
1346
6994
9600
-7987
-9287
-5150
4965
-9822
9805
-9065
-5449
4009
1019
1675
8082
6126
-1610
-468
7280
-2634
9861
-4989
-6812
6181
-5030
-5081
1374
4849
-907
-5555
1744
-385
4700
-5705
-5866
1465
3323
1995
-8371
-6576
-238
-8133
5147
6860
-8949
-9425
-375
-6686
-9581
-4399
7899
7818
8513
-7401
-5785
-2129
4461
8497
-7019
-5764
-1517
-6162
6889
6944
5277
6549
2831
-8743
-1891
-3576
-3091
-9918
6152
6889
1301
-1188
5853
-2948
-6768
2479
-1650
2717
-5259
-2463
-5050
6092
-5276
4059
767
520
-2424
8427
5930
8794
-7104
5400
9104
-9415
-6003
-5662
-154
2308
3110
-5051
-9659
-2801
6363
-1648
-7804
-1898
-895
-8128
703
2475
-8236
-2366
-5080
-3992
775
-6657
-7467
-7489
6303
-3022
883
4064
-529
3237
-3046
4889
5766
-5769
6843
9497
1973
1424
3277
-6791
-7691
6654
7671
4727
2144
-7101
1335
-790
7403
2105
-9833
7744
-8394
-8930
-310
-5628
-7322
3719
-2601
-7829
7886
8762
2413
3819
6285
-7015
-5258
-2087
-2036
-937
8484
-2984
-8085
-1814
7658
-1758
8536
-9530
-4218
8169
-2225
-9343
-7539
8881
-3170
6490
7293
6066
-7839
-4704
-4892
-9472
2437
-6711
-4539
-8884
534
-6804
-9954
2960
8700
-9347
-2022
73
-4412
8346
4181
7795
-5349
-1784
-804
-6797
6407
3337
-5760
3552
-4524
-6691
-8208
-6061
-6472
-8635
5237
-4607
-5880
5434
-9640
-438
1994
-9406
-3355
-9341
9441
-1656
-590
8293
2622
-5758
-5530
-6479
-191
4520
-1586
-9728
-2259
9174
6814
-863
-3213
-8663
-854
-4703
-7985
7646
3501
8788
4207
6344
-6210
3974
-5254
3818
-1108
-7192
-3416
-4956
4917
-134
6001
3276
-5102
482
7234
-1326
-3697
1699
-4385
-4654
871
7706
-7953
2122
1235
1287
3858
5479
1169
-6586
7363
6393
-8990
-7367
4443
-9220
4539
-3199
5836
2179
-3309
-4583
-4232
912
347
-29
1184
8045
-2882
-483
-9102
4394
5652
-85
2627
235
3327
-4520
875
-8205
2163
4041
-7940
-9250
-6095
6797
-6866
2467
8528
-475
5736
2016
-7362
3406
-9151
-8415
8354
8451
-5449
9774
-3631
-5610
3172
9513
2103
8032
4889
8198
395
-5627
-311
-2026
-7193
-83
2981
6244
8136
-6585
-1351
7169
-4852
-2142
-2644
-6637
7482
9628
-4075
5785
6669
-5064
7145
-141
-5308
1166
-3837
3564
7005
-1672
-2118
5862
4916
-2508
8184
3226
-4364
-1231
6347
5160
-6655
1356
-8190
8732
-7466
-9005
899
-7466
6312
-3768
5216
-9188
3818
6195
1909
5057
6434
-1471
6803
-8662
3602
7270
8152
9952
-4147
2208
-9459
-1892
-7878
9967
-7460
4928
2637
-7686
8908
-7427
1478
-9538
4427
-4274
9097
8981
-2262
-2984
3543
6004
6118
9038
-9044
2134
-3099
1880
-1474
5240
9047
2018
2180
6255
-6054
-6796
7212
-4717
-2789
566
6696
-5740
1289
8945
1473
-7570
-3691
-4103
5321
-722
-3812
7900
-309
-7689
9806
4105
1102
9547
2652
-1456
-6544
-1347
-8303
-3989
4318
885
-1776
-3890
2560
-778
-6036
-5416
9048
8841
-4966
-9326
-2063
7360
-3065
-3732
-9716
6530
3611
-3718
3553
-4445
-3057
-7812
-8791
-1054
-7379
-3863
8919
1820
7469
-2220
-9894
3848
-2267
6660
-1588
3688
258
-3113
5652
-2882
-8858
9564
-5381
6130
9505
4887
-6262
6845
8301
-7163
-4853
4732
-9163
-2150
-4262
6062
2555
1382
-3726
3440
-9043
-1339
-3713
-2182
9581
-9892
6681
7561
4050
932
2631
7992
2820
-9811
3522
-181
1925
-7329
600
3120
-622
-2506
-6727
-4770
6121
-367
686
-6334
4876
-1039
7072
1047
-5429
9065
-9458
8236
-145
3081
8910
-2776
-2088
-126
595
5148
-1709
3992
-3801
6563
3444
-5692
-6766
3327
757
-6422
-9499
3143
1331
-6276
2084
4269
6495
-4911
2257
3567
-1775
3397
3981
-3034
-2995
6204
2106
8014
636
8676
6316
5334
-3613
-1523
-6746
-313
-6842
2141
-9728
-2760
-5457
8526
-3321
6138
-6086
969
1683
2238
7973
-5777
8379
8216
9420
-8506
2711
9797
-1162
-7938
-3672
-3466
-7737
6022
-5977
-6039
-185
4115
3424
7402
5355
-3054
7453
-2600
973
7587
-3367
6174
2731
-9984
-7702
8868
-9069
-5267
-7226
-2097
-6718
-7200
4536
-5402
5169
6678
7084
-7662
3165
4728
-5453
-1515
6719
-2898
-9207
-1296
2201
9344
-8707
-2554
-3111
9538
9853
4533
7260
9862
7432
-553
-867
-7698
-8891
2615
-4328
-7842
6607
812
8807
1083
9048
1239
7763
4846
-7673
5127
-8166
-693
-8995
-5765
3423
-8993
5020
3747
3985
-6419
-6445
-6284
8512
5947
4869
-9677
-7169
3296
8196
-9572
9117
-469
196
1974
-6829
2216
5296
-2877
-8199
-379
-6227
-5662
-3326
-9202
979
3415
3655
4065
2369
-3721
6650
-8685
-5630
-9739
4460
8805
-6670
1783
3647
-410
-3684
9990
-8958
5409
-3867
-4396
9126
7095
-6541
-1614
-6221
5633
3343
-7189
2773
-6638
535
-4131
-2072
-2957
-3454
-7417
-3591
5760
-642
-9901
9909
196
-8872
4422
9455
-7040
4390
-5036
1259
8230
806
-3625
-7787
9419
4588
1441
9085
-2925
9916
1977
5213
7246
1643
3810
8404
-7115
5947
9489
-8790
547
-8417
-2109
8646
9287
5267
3648
-2958
6971
4902
-1494
-4565
4493
5464
-8151
6384
4207
2683
-6377
-1231
-6041
3723
-4146
2213
8555
8597
165
-9644
-7255
-4059
6074
4370
-8831
-431
8375
-3390
-1204
-1420
-1414
-7635
-4144
1698
7307
7168
-653
-2759
8784
1967
-6355
-9360
387
-7112
1521
-9599
9618
-3434
4384
-5224
-5099
2697
5812
-4163
1543
-1066
-2866
9866
2499
-8656
-2857
-5523
-8714
2786
-269
8493
7978
9697
3046
-1031
-7233
6354
-7081
7543
1494
4470
394
-1318
7048
-2854
1497
-7025
-4130
4730
-3322
-6987
-8042
-1680
3198
-4157
-7872
8007
-7872
-8909
-5484
-8858
7199
-8933
-6021
1650
-8702
-2777
4047
6369
2342
-4039
-6291
-2913
-1904
4079
3715
1950
1408
-2213
-6149
8749
-9590
7717
-9010
-7392
-3910
9028
7660
1255
-8525
5031
-3396
-9188
-7795
9463
-2590
-179
-9756
-491
-1042
5706
-6760
-3024
-3785
2284
-1798
-3284
-1215
-8195
-1600
4914
2115
-1052
3749
-9864
6340
-7987
1914
-1534
-6237
-3830
8175
4937
-6068
-7600
-6999
8347
3828
-5421
-6788
-8758
-3845
1000
285
-5943
8996
-4920
-6960
9860
9653
3966
3451
6956
-987
-3444
-6475
9891
-6807
4318
1261
7044
1369
-5300
1416
-6728
2201
968
-8974
-2450
-380
3539
-2182
9752
3372
-61
-5444
9762
-3397
6962
-9767
6144
-3562
-6487
-3696
6482
258
7209
958
7427
-6494
1755
3233
-6607
191
-4758
3246
3814
8334
8584
1851
7414
-5501
-9033
-2131
-5102
6160
1145
7744
7405
-8509
3930
1930
-3463
-9210
-6689
8624
-7111
-2129
5129
-8251
9575
-1500
-1588
-3821
7404
-1739
-2280
2427
-4954
-8496
-6881
8666
5233
-5397
5126
-3187
-2224
6921
4345
6762
-9905
-8965
9071
6018
-8674
1999
3044
3723
-6703
7460
9760
-9673
-1956
7005
-4269
9334
8933
3870
-8016
-8475
-7345
-4700
-817
-4079
-4040
-7457
1052
4610
8828
-7780
-70
4975
-5285
-9706
-7542
7212
951
8864
8414
-5502
-253
-6393
-4940
-9682
-4849
-7143
7461
-5749
-5934
1691
6945
-6242
4539
8768
8058
-8309
1064
2964
-8014
9622
-3720
9696
1644
-9670
-6767
9590
-6411
-1735
-1594
-5018
6548
-4248
-4088
5827
7768
-2826
-6839
-7038
5943
-73
3305
3177
-7843
-5414
-3052
9736
-3057
3585
-912
4271
9459
-3667
-5439
975
7746
7949
278
-9857
6441
-5791
-7079
8819
-581
5102
-4741
-6757
-7145
3372
7625
-4601
-3005
6717
4947
-7468
5666
7838
-5960
-7534
-1445
7293
8424
8906
-5463
-2615
-3585
1887
1562
8234
4724
-7667
2535
6056
-5619
4776
-2778
-4174
3774
-3996
-3322
4578
2233
7962
-6420
9457
-2355
5436
2742
9232
8454
2335
-265
9933
2033
6484
8230
6410
-1631
-6501
-7812
2812
612
-2081
-1939
-4847
-8528
705
-2815
4667
4332
7521
8502
-8768
-5070
7733
1109
-2891
-3865
4902
-6463
4717
4112
-4430
-7241
-5810
7765
2023
5045
5438
-8103
-5851
-8980
3927
-495
1894
1796
269
9571
726
1177
1447
7577
9179
3660
-6212
7362
90
360
3420
5570
-9043
3363
8466
512
2624
2536
-2597
-3755
9391
8807
-4394
-9268
-6994
-7205
-5
-7795
7235
6146
767
4450
-552
1183
2780
5783
7026
-739
1294
-1557
593
5290
-372
3500
-7425
3896
112
2678
-4287
-5826
-2078
-848
-5384
497
2769
-7663
-373
-855
-8243
1365
7092
-4623
8701
-6759
4950
-4002
2858
-8082
-879
9060
9723
-2515
-970
-8106
2515
-1309
-9682
-3062
496
-5051
1933
5237
9664
-6609
-646
-6738
-8555
5840
-1754
-3635
7935
5392
-4521
9441
8970
8830
6917
9943
6816
-3099
7361
-8524
-7523
8164
-5591
-9885
6463
216
-1928
-865
-1485
-4892
3504
2999
1057
-9904
-3831
-7851
5347
-8947
-5615
6642
-6042
5745
6918
4203
8596
-565
8469
-9348
-8110
2877
5505
-1446
3196
-6794
-7344
-7689
-5291
9778
-4599
9615
6836
7582
6802
-7853
2938
-1448
-7485
2248
2368
2873
-9260
4478
-8354
-2254
7475
3693
75
708
5124
3317
-9121
-4447
-333
4641
-8595
-6129
-5375
-9948
372
-6748
-798
8962
-6352
4151
-4207
3688
6824
-5823
9218
-5842
-7224
6003
-4747
-2480
-4148
-8574
-5184
7264
7895
2349
-5633
-1013
-3800
8382
4213
8181
5679
3092
-1576
157
-1306
3613
9163
2488
-3565
-4667
-3296
-9445
2524
-3072
909
443
3235
7796
-837
-5809
7485
-1720
9874
-6493
5302
5293
-4073
8841
1962
-8180
-8408
6433
1286
-1995
-1992
-5977
-3251
-8800
6118
9314
8913
7004
-5180
408
8017
-4889
6877
-8499
6431
7259
8971
-212
-7106
4353
-8635
6970
3381
6495
-7295
-7825
-5764
-3369
-5717
-8431
-693
9156
-7686
-4608
9816
9160
-3338
3732
3030
-7295
7532
6873
5581
-8289
4213
-5777
638
-8437
182
2113
-6413
3143
-3737
2610
8482
3837
3760
6937
-2509
570
-1666
-6138
-7447
-589
-1913
2146
1574
1997
7057
3998
1210
7569
-9981
570
4020
1913
6903
-4813
4791
4878
-2327
4354
-4848
4647
-8056
-8814
-1066
3827
3797
6794
-3741
4920
6516
-6913
-6962
471
5173
4285
3043
-718
794
6725
7477
2137
-323
-16
422
-3262
9250
810
5769
269
5490
8383
3994
-472
-4022
-3531
-9194
-8088
-5738
6775
-3120
-8335
-4332
6739
-7214
766
-4432
7727
5585
-7067
-4650
-4692
-6158
-4912
-9344
919
8463
-120
-5522
8150
-9084
3677
-6144
6210
-4879
1337
-9292
521
3696
6044
-2313
8376
-5581
6634
8925
136
4808
3195
9977
-8074
1644
2987
-3194
-2864
-2068
-8475
623
-3378
-7918
1149
5179
9849
-6531
4614
1991
-8595
938
3784
885
5235
-4568
-357
5200
3576
-9081
6537
5439
7926
2786
-588
-9150
-4123
-4321
-1955
-5014
-5778
5944
-2130
5328
-3774
-7062
-9917
665
9839
9180
-5246
9280
3696
5120
-2854
-2522
-326
2108
2957
-6700
-1537
-7581
-5057
-2327
1378
-9273
-9534
4941
9064
-224
-5314
-7062
7524
5706
-5700
-7100
6783
6836
-3713
4324
-2050
-8571
3660
-283
4727
-5533
-6917
8814
-7291
3188
6960
6233
9683
-7727
-7708
-4641
-8333
-6956
-5157
1352
6434
993
6770
-5259
9318
-7741
9784
2067
7345
1476
2201
1039
5905
7903
3413
3375
-5777
-2877
-1988
-7239
2183
5715
9448
-453
-6574
7461
123
8103
-8872
1540
-3338
5902
-7667
3517
-1275
-6118
8436
2913
-5424
-7035
2512
5447
-7912
-177
4696
5127
347
3075
69
-7886
3850
-6680
-229
-1669
6881
-2872
-1801
-6485
7996
-8395
-9621
-9782
1553
4183
-3228
-2150
4990
6135
1099
4494
4486
-6520
-2651
-7235
-3369
-1375
-6814
2478
9310
-6974
-6513
1068
8083
5713
-650
-2529
6485
-4884
-6439
1691
8409
5611
2247
9199
93
746
920
8113
2003
-9972
-6706
-8698
-8973
-9164
-5326
-327
-4837
3402
7151
-644
-1067
7129
-5760
-8063
7975
2852
-4170
-5814
3448
2521
6455
-2358
7636
-773
-1114
-1356
4890
-2825
5341
6351
7573
-1327
8278
1727
9331
9838
4145
-1764
-9249
-173
-497
7363
-239
-5744
8984
-3302
199
5328
-7754
-8202
3599
989
-1951
-3762
8060
1225
6942
4596
-874
-7956
6074
-563
2301
-2530
3942
9975
6725
-6195
-8752
-2422
9124
5293
6942
530
1943
-9430
8018
7043
6079
-1080
-8823
-3821
-9981
8794
354
5799
-1353
4805
7610
-7558
-8095
7043
9051
2228
-3731
-3586
6890
-7698
-7634
-7633
-6396
2711
3219
8571
-4866
992
-6040
4458
-1998
6825
8391
5094
-2520
5383
-9109
-5691
-1038
8543
-7446
8689
-1168
-8032
9143
-7356
4461
3676
-9182
-3165
-5102
7053
-3903
3408
-1747
-7092
7443
9036
-6758
-7805
-9259
7780
5064
7760
-4406
6823
-5181
1971
760
-6820
758
8880
5220
8904
-8054
-5295
8733
3177
-7032
-4068
-5941
-1110
2912
7230
-9651
3266
-423
8301
-1398
-9207
8183
7092
2017
-1380
-9346
2148
-9710
2302
-6789
-7567
-6636
8312
4452
-5187
1972
-957
-9534
-1073
-162
4835
6905
8633
-5627
-5715
-1900
-2864
-4286
-9757
-853
9824
9406
-3044
-5482
800
3655
4778
-4240
-5754
-9050
1145
4968
-6054
-2595
-5344
2984
3276
6340
-5695
-7845
-3747
4569
-554
-7341
-6332
-8348
9426
1090
-3294
3803
1889
5179
-5727
-575
7995
214
6508
-1956
-2714
-4979
8545
-7778
2100
2003
-7739
-3317
-4897
4531
3145
-1709
-1364
151
1391
-1967
8690
-3579
4159
-2298
-486
405
4232
6968
1685
5781
-3988
-4718
-5331
-9227
5966
2105
-3916
-4303
9144
-6353
-6196
-661
3968
7887
-5465
-1243
-9645
5902
-1988
-3358
-8038
-4549
-3407
8957
1372
-3514
5865
3049
-1817
-7845
-2411
8265
9448
-9529
3782
5015
-1053
-6722
-2574
-9641
-3241
-6
-7898
-7181
9478
7813
2757
3886
7752
-9102
215
7047
6381
7455
9017
-713
-6304
-3359
-1297
1918
-5547
-3850
5656
6194
4312
6898
-9955
-418
6616
-783
6694
6107
-5488
6721
5330
2846
568
-8537
-98
-1129
-4782
-9375
-7390
3746
-9965
3555
6700
-8264
2389
-8323
6055
2142
8588
-6454
9011
7725
1730
2132
3367
-1576
-256
6887
1340
-3727
4222
9190
2751
6626
1628
-6551
1684
-5869
9948
-8448
550
4921
5999
-7417
-8100
-231
-1995
-7093
-918
4418
1699
5898
6481
1070
4402
2357
1473
4374
9422
4448
-8493
-6453
2687
847
2268
-2143
-7877
3301
5921
4941
-8696
709
7703
14
7783
7428
2956
-9919
9431
5410
-8677
4970
5015
-9177
7495
-178
-3183
1661
-2765
9521
-3973
-278
7812
-1938
-5533
6227
-1062
2253
6143
-7969
2234
-9356
7803
7649
2869
7606
-2778
-9091
2865
-2383
-9142
-6952
1608
-783
-6765
7069
-9074
-7407
-3078
6905
7196
-596
3375
3295
526
-8324
-3587
3535
1333
-1145
-3971
880
7256
197
-9555
-2371
6285
6770
-5344
1579
3070
-1901
-4958
8686
-3186
-2051
-2156
9736
2759
-7719
9433
1499
2834
977
8567
-2035
-2972
-921
3390
9641
3997
4958
5147
-1378
-809
-1116
-1859
3123
-9211
-6516
8143
1362
-1805
3343
-8186
7184
6492
-1156
-3281
2568
-4136
-1465
-8477
8883
5729
3735
6082
3729
-4643
-4711
1665
7026
-5665
-3507
-4544
5264
2354
3113
-8407
3666
-5876
-2228
7072
-8862
-5368
6306
-2095
8820
-1924
6256
-7912
1268
-1470
3519
4491
2770
7332
3888
-6715
-4608
-9664
-1371
5578
5046
7703
9533
7857
2888
-5755
2518
7580
-6202
9806
2195
3270
6128
4528
-2553
-7929
-2690
6455
-2374
-5899
-1029
-2063
-368
-1348
7415
-2617
-9247
718
4993
-8251
-5542
8892
-1193
297
-8037
235
4286
-1474
4026
-6289
-3471
5390
-1359
2276
8276
9021
9036
1225
6389
-3112
-631
3175
-1273
-6104
9737
-2532
5892
-2920
7572
3946
-4450
4222
-6603
-5689
6172
-6957
-4413
6093
-9698
-1156
-6188
-1314
-922
2483
-7281
5490
-4938
-7027
-3242
-4544
-9745
-6373
7785
594
8403
9774
6892
-7249
375
-751
4623
-2134
-4808
-4504
6595
5902
1978
1201
1515
5231
4193
-9244
-5681
5616
3743
-6955
-4207
1499
-2140
-2686
1053
-3643
9516
-5088
6113
9891
3323
2728
-7581
3989
-9729
-7721
3300
-6499
-4605
-5918
1162
9415
-7219
-6169
7459
62
2476
-932
-2312
-6304
-5091
-1381
-2792
-4858
6761
-6119
-7254
3457
-6562
-7729
-3512
4726
4036
2895
391
5511
5661
6855
7207
-3180
-6598
5268
-2004
-2925
6699
3954
-611
-93
-8846
-279
6334
6684
7695
-6285
-1843
-1261
572
243
7915
4908
537
-1827
-8188
7105
-3221
-8190
-8104
-8993
3371
8229
-8580
-6442
7644
6499
8061
-1228
2275
-515
-527
939
1064
-4338
2623
-7183
-2998
8323
-5943
-6906
5968
9847
6425
270
7994
4149
-1344
4943
-6551
-23
6568
1214
7545
-6655
-7008
641
667
-7500
-8516
-2296
6351
7027
-6701
5484
2701
-5427
-805
-253
3685
-5806
6248
8867
3871
4855
6498
-5963
-5446
-2061
-343
-5849
9090
-5495
9520
2309
37
-6842
2060
-7046
9645
-5089
-6061
2580
-7722
-3019
399
-9085
-4131
-9678
-963
8242
-6127
5114
-2350
4895
4634
-4849
9323
4302
773
-3365
4756
6459
5433
-3560
8466
1270
3828
4234
-9462
-6707
-3027
6992
-1608
4421
7643
9346
9296
-7791
-4607
7640
-3420
-6940
6770
-4503
-8859
2148
-1867
9154
-2344
7630
5316
6260
3425
-95
1701
9679
193
3926
-4341
-4804
905
5415
7800
-5907
1865
2528
-2909
-793
-3622
7577
-9735
-686
-8023
689
-8183
-3538
6572
2005
605
223
9473
5602
-2972
262
-8809
-9761
428
3487
-4697
8027
5564
-6699
-4134
8394
-2487
-6822
-7962
2825
4950
3628
-8777
-2599
-6524
-6171
2982
9366
-9962
-3515
4018
1191
5014
-6340
-5675
2789
-978
-7723
6152
-3165
6912
-2500
172
-8892
254
5549
7460
2136
-7758
-1966
171
-6760
-8917
-2439
-1299
162
-9702
8905
406
8399
-7355
2432
2652
-544
-4257
-3829
-377
-5245
-1511
7048
6357
-5831
-9827
9190
-8002
-4956
-2473
9139
-3201
306
8926
-4552
-4938
-483
-4345
-9091
2753
1206
6688
-8231
5956
-4468
-7610
-3949
1051
7091
-8181
-9690
-7225
-89
-9552
9072
-2449
-7001
-7127
7381
-1274
-1915
-5283
-7930
3095
-6428
-5908
4897
4214
-3030
5976
8991
-2320
6983
-2018
-102
-7131
-2318
-4021
1375
-1443
1453
3890
934
2988
-6729
-8309
7308
-7526
3771
8051
-5473
-7
2486
-1582
-9395
-8555
-2076
2051
8109
-2158
3585
5027
-398
-9227
6631
-8497
2122
-8478
-4595
553
-3665
-7264
7532
728
-4614
-256
-756
4272
1468
-9709
5628
-2719
-4504
-1270
-2828
939
-8261
6037
6749
3065
5460
-3388
-537
-7060
-5660
7007
1004
1297
-8212
7955
-2083
-9354
-2860
-9921
3962
2234
1176
-459
9348
-756
2521
1587
-8649
491
8003
2983
6944
-4923
-7256
-7687
-6895
7809
8429
-3681
-5050
-3020
-2314
3672
-5171
2751
9719
-7101
9256
-6110
-9021
-8358
-2668
-7288
-9031
6292
7105
2543
-1458
-2504
8256
-9443
2221
-2102
-6932
-2129
-3887
-4645
-2208
-9068
-5811
9211
5608
-8228
4592
-2492
-2943
-2381
-8218
5928
-4075
1368
-6020
2733
1016
-69
1408
-6722
-9776
4124
-2995
-3576
2925
6829
3652
5899
-845
-2458
4574
6855
3721
9708
-4045
-9264
-541
8821
3269
-4703
-3745
3009
2740
9797
-6691
-3961
7426
3013
-4275
5153
6338
-9754
6664
502
-4507
-8143
-1132
9303
6261
2825
6156
-2028
7853
-8155
8497
-2896
2722
5157
-821
8779
-2383
8273
5934
2507
-7239
-6945
7317
-9776
7150
-6071
7202
6009
7942
-5365
-369
5119
8238
7766
4666
1597
-6759
1985
9319
-6190
-4477
5031
-1963
-1977
9859
34
3032
-4922
-9636
-8321
2148
278
957
-7752
-2605
-9852
-3512
-8576
-5361
-7052
-2765
136
-4334
4875
6529
7412
-8903
-4107
2491
-8451
-5383
7255
-2032
1508
-4672
5191
1241
9675
-6179
-4105
1711
4000
5269
-6034
8657
-1328
-3599
-2511
6590
-5013
4736
1111
8059
3809
4557
4070
5019
3615
-1279
5579
4558
123
-9641
-5222
-8948
-2416
-9834
-5715
-6646
-1564
8367
4882
-5688
-7420
-4517
4384
-6713
186
4935
-7830
-5992
-6918
8668
5882
-6049
-1238
6256
9128
-7740
4132
-2968
-185
-1964
4158
-6738
8782
-1154
-8425
2607
-8784
753
-1247
-9255
-1595
-4420
-5595
-9583
5117
-1222
-9359
-3088
8111
-7830
-7236
-3186
-1995
8350
-1230
-2055
4120
1956
2801
6705
8936
6507
-5553
-4785
-8972
-1784
-315
2031
1326
4167
633
-822
4075
-5181
-9135
2805
-6657
-5763
1183
3212
-530
-4938
3288
-3578
1843
-7697
733
7710
1708
-2631
-691
115
6255
6941
-1695
3862
-9777
-8537
1514
-9517
16
-1020
3792
-6622
-3576
7037
-5316
-846
-9268
6075
-7846
7554
6605
-5858
5858
8454
-4337
-7299
-8191
8985
4163
-630
5674
-6996
6740
7770
-4735
1207
-4204
5077
-4961
9943
7206
8993
3323
-8350
2132
3379
-1011
-5689
-3557
-3735
1638
-6359
6163
-8024
1271
5883
7000
8494
-4189
723
6718
-7535
-4015
4176
-9965
-4944
-4959
8255
7633
-3995
-2397
-6147
-2282
-5499
-6591
3918
-9261
2134
-2891
-673
-7588
-2219
2186
7905
9357
4322
-5331
-627
682
-7147
-9342
-1140
940
-1550
-376
-1151
-878
-797
7005
-7353
4992
9489
-8253
1001
-8272
-5039
9368
1709
710
1409
-5939
1818
-4763
-2924
994
342
2732
-3374
6563
1294
-4304
5927
-8701
-480
-1932
-4974
-8938
-1426
-323
-4453
-4414
6317
3007
4323
8727
-7358
6573
-8132
2814
7711
-6181
-9777
8843
-136
6841
-5381
-4733
-5241
-5232
-59
3510
4814
-9240
-7652
8498
-2577
5890
-9559
9271
-1419
-1018
6285
3991
-3526
-5880
-8361
543
3909
3918
1147
-5548
8089
319
-6389
-7197
-4095
1863
-2867
91
-9414
-2039
5993
5909
-7912
-6702
34
-13
4498
8418
1601
4004
6195
1829
-6667
1771
2437
-5214
6425
-736
-6888
7259
1846
-2594
-4663
-7769
-3779
-7850
-5130
2634
5568
2139
-8969
1475
6920
-3825
338
-1444
6250
-9104
-4246
8157
-1187
6029
8608
-8961
3834
7853
-1171
3170
-1865
-4695
-6333
3906
4689
-7587
-1304
8676
-6285
-3347
4927
3688
2276
1313
701
-4917
-445
5698
-1764
3249
-5221
-2764
4920
9607
-3188
-2606
3994
-6251
-9246
4722
2908
-1394
-8461
6742
265
8293
-6904
3366
-519
3955
-185
5789
-1705
1215
7435
6206
-9856
-7731
9306
378
731
9362
73
-6386
6764
-9112
1569
-5096
7533
3685
9399
-9950
2853
4624
-5591
-7207
-290
-8783
-4546
444
-5051
7340
5290
4284
2296
6103
6356
700
3735
376
4203
-8800
8573
1270
8992
8006
-7718
6113
7067
-5241
7686
4880
-3206
6059
-2337
-2315
4589
-6644
-8786
-6954
8117
-2548
3198
1484
9247
8275
-1577
4370
-4309
-8797
-2012
4827
-2930
-3258
-957
-7042
6030
-506
-49
3814
-9934
-9835
6383
-3700
-5351
7792
-9348
-3923
-2070
5725
-1713
-9106
2914
7833
2645
3200
5720
7670
1125
4593
535
3856
6987
-3556
2674
2757
593
3558
-8027
2891
-6143
-1884
-2195
-7410
3683
-9206
6069
1753
288
815
-8094
-3898
6010
724
1079
1081
963
1593
-220
-9685
4640
-9741
-9418
4306
-7378
5618
2349
4895
-2895
8820
2065
8711
-6505
8949
734
-3115
1617
-7082
-8357
6321
8735
-9488
-7893
7987
-7076
-1042
955
4954
-3541
-8735
-7346
-5777
4451
3923
-2008
5115
-3728
4450
8808
-1572
7638
-8627
-1151
-6819
-9587
-3155
-6695
9230
-1433
1741
-9287
6956
-4705
-5366
9945
-9021
6931
3347
3432
6055
-5930
7973
-5716
-2826
2409
426
4283
6916
878
-834
-5879
8278
8000
9070
-7574
-1594
-431
2585
7153
-2219
-1606
302
-3142
147
-3902
-2448
-8957
9434
-9705
-1514
1607
-3890
-7852
4806
9712
6458
-3077
-451
-8048
8822
3960
9323
6962
-4847
-2253
5893
8071
4228
353
7227
-2112
-2316
-1927
4729
6768
-6542
7563
9244
-8376
-2111
-2822
6623
-2808
-1755
-128
-5980
5457
261
-7904
-2963
1250
2945
-858
7382
5670
9832
6764
6732
5139
-8311
3317
241
6013
1617
7199
-9711
-3256
-2880
-7141
7126
-5860
3775
9218
1203
-6803
-934
4247
-8702
1091
-1753
-7412
7493
-3212
-2995
155
-4551
-807
459
-5804
-1588
-6906
4173
832
-2902
8768
9918
6784
7989
4911
-868
2133
934
-7267
2002
8826
-1315
9304
-7064
-8454
-4848
5451
5520
-5988
-7569
9448
5309
5567
-658
-730
-2607
4934
-8692
-3720
3539
-2485
4680
-5137
8141
-686
6176
-3364
-4834
2356
6429
-7327
-3803
8156
-1594
3418
-1963
4791
3936
-1847
2321
-5468
8875
-2771
3393
3459
-6105
3003
-6494
-4547
-8131
-5245
2947
-126
-4472
-7741
4590
5387
-722
5888
-7345
-266
2166
-5220
-6567
-6380
-9253
9190
3477
8178
-7448
-4828
6901
8386
-4056
-7006
2501
2560
-3114
1786
-1421
-2232
811
6174
4166
2249
-2088
-5693
2660
6137
9701
-9621
8047
854
2633
4775
8688
-4869
-825
2987
-1799
-2169
7498
6729
9147
-4215
-7428
-2860
-8937
2094
2608
-967
-582
-8547
-5646
9747
6637
655
6564
-9934
-5741
4512
2300
-2060
-4177
760
-6472
-4420
5967
9315
3843
5510
3189
7686
2025
7686
-5698
2328
-2992
-5204
-4052
6725
1239
-9361
3106
-6410
6061
5620
-7124
5418
6188
-1135
635
6509
8207
9824
2417
3579
-5165
5470
5285
-5559
-2019
211
-6416
6570
-933
-8790
-8938
7431
-2127
-2399
642
912
-5535
7367
9105
1287
-3257
-2810
1881
-7223
-2459
-828
-9048
-4627
-5515
8665
-6271
6376
-9601
5377
-5961
5295
-7095
-5474
6150
-3866
-6603
2525
7138
9029
-1181
9664
7228
9689
-5247
-6414
-6614
-5970
-5080
5941
-7642
2438
-9684
-7827
-2383
-8120
1499
6705
9923
3037
-753
5409
4015
6883
-707
-1096
4068
-9574
2511
2920
-9122
-4302
4648
2368
4379
3760
8983
3453
-64
3915
8203
-3031
-7028
-575
9733
-5758
7691
4008
-3037
-51
8520
-6343
-4908
-3568
353
-7889
4840
-6517
-3156
5279
-1532
9400
8834
-1172
8726
-5691
5965
3111
-1218
-8106
-2861
-6028
8258
4053
-1721
9862
-5372
1137
-5172
9062
5625
-2977
-56
-6706
-5694
7632
-7659
1658
4345
6747
2291
-614
3631
4411
-2385
-2288
-4124
5969
2547
-1154
7142
9693
8888
7844
1546
-4982
-945
-2092
9593
-7473
3041
595
7169
-403
8619
-9261
1868
-4636
-1044
-2952
-2531
-1511
-8090
5070
-543
3593
1323
1909
801
7485
-5315
6404
9110
-2384
9000
4898
-6979
-331
-972
-8584
-8775
-4272
9267
-2887
5544
5317
4473
-1133
6591
2242
8070
9262
4271
2420
-3716
-5068
-3770
-6467
7927
2241
-3645
-3178
-5987
-7652
-5170
-4092
-2371
-8041
-7625
1655
-6978
785
7515
1505
-6996
-1514
4092
-336
2308
6430
-8188
-9259
-3366
-5368
-4552
9099
2299
-4286
9764
-815
-8796
828
-1420
-3295
8231
9718
-2143
-8560
-7346
-6379
-76
9017
880
2045
9804
-3173
8840
8781
9350
-1314
-8544
-4308
-4641
5867
8422
-9103
3737
9934
8842
-1791
3694
-3776
8572
-8779
580
-9916
-1305
7665
-2487
5220
-598
4548
-4341
-2536
1528
9037
8669
-71
7647
1062
3141
8813
-5969
3802
5110
7421
-1343
-5738
5829
-4192
-5391
5915
3666
-6396
4951
-6821
2950
-930
-736
3339
-6066
-3694
327
2821
3496
-5069
-9476
-1847
-1985
-8513
-5568
9300
9668
-544
-8813
6919
-5749
-3833
-6335
-9366
7302
8414
981
-139
3565
-1755
-6492
9583
-2029
-3950
4439
-7803
5647
-4856
-8575
-8996
5229
-5720
3304
9785
8425
-5705
-3350
-6491
-5312
-6546
8677
-7231
5436
9668
5665
6354
669
1396
-2303
-5320
1693
-5480
2559
-5813
-9148
-8807
-6245
3054
-6972
8876
-3714
-4896
-4928
-9577
-217
4419
9471
7614
-2848
-860
