4986
-5996
-1564
-9249
6661
-952
-5101
-498
-2972
-2278
8684
8930
-6538
-7080
-9144
-3194
5202
-3536
-6262
-3816
-8052
5995
6856
2513
4119
396
3875
-6613
-1841
1378
8699
1168
490
7658
-7251
-5950
3422
-1058
5005
-7298
-7754
-2454
873
8611
-418
-2801
4397
-3995
3093
-3421
1462
-3781
356
-6582
8388
-8524
-5353
-3556
-1856
956
-2907
-8175
-5773
-9363
-5296
7189
9444
-8577
3192
-2301
-1850
9667
7685
-9022
4997
-2274
-3403
-4113
-9436
-9536
2669
-1778
-4284
-9874
9499
-659
-6599
-2143
9759
1815
3220
6259
-720
-9220
-284
-9631
6426
-5167
-1251
-3400
-7818
4473
-3111
259
2462
-1171
9538
-4046
-8826
6185
-203
-1854
6108
5102
7039
-1316
-6856
-9973
-9287
-7663
5667
8053
-6501
7581
-2357
6626
-3050
-7942
-7995
8837
-1951
-6207
1440
-5642
-5695
1117
8543
-3607
-7451
4297
5662
-5238
-9292
4232
65
393
9820
-455
-7478
5681
-3276
-31
-7053
9496
5690
-3212
2914
-3875
6688
2250
-8889
6002
1160
-2778
-4947
9748
6091
-6498
788
-3834
9325
4407
-1228
-2194
-1965
1019
-8641
2860
-1070
-5524
7152
-1277
3013
-9468
-9676
-1294
380
-9145
-571
-64
1467
-415
2160
-1016
4326
-5988
-2786
-2668
-7745
8464
7557
165
7671
-8813
-7493
1646
-4416
376
-8056
162
3637
-6928
9407
-8758
8026
4192
-5069
-2980
-2268
8447
-5995
-6980
-3698
8945
1955
-7868
4088
-9405
-531
-5488
8077
1472
-2547
4200
2733
-1966
135
985
-3542
9844
7062
-3295
-1700
-6778
-9094
5134
5395
7872
8320
-8879
8896
-6823
3416
-1461
9468
-305
9551
-3984
-4827
5197
5168
6859
-3637
465
8004
5071
-8821
386
-1035
-5357
-6646
3792
8185
-6739
9710
1811
-8283
-7313
6782
-7916
5201
-5375
-9696
9138
-2458
-3526
-713
-6636
3448
-6201
-3962
4631
-5940
428
-9153
5067
-3427
-6501
9759
-6509
-3522
8193
-6204
3858
-1155
-9119
2865
3709
2793
8065
-1544
-9047
-5521
5222
157
-2050
6692
3666
2363
9630
5857
6928
3270
-6465
860
6107
4304
-5151
-2603
-9262
9602
-7475
-1630
8131
3014
-1344
-7215
-3538
8925
484
2940
9749
3633
-5813
69
-9100
8971
-7603
-8226
-5858
-7988
8110
-833
-4850
-3689
7084
-5965
481
36
-5598
-6046
8517
-77
-1922
-4986
-58
-8994
-2567
-2949
8549
-2130
-106
4042
3177
-5708
-9541
9396
-8000
8949
969
5592
-5202
-7361
-4705
5732
-7417
7346
859
-41
4343
-7213
7972
4931
5099
9819
-6848
2907
-2966
3178
5536
-2445
-4735
7607
6784
4377
-3729
4483
-3970
-3842
-6776
6175
3102
5880
-9477
6178
-4844
-6607
-7564
-8513
-7866
-3553
761
7373
-3201
-8649
607
132
-8731
5577
4727
-6201
8717
-4909
3506
7611
2341
6378
-160
-6882
-7797
-2694
7642
2551
-6510
2242
-603
4729
-1697
-1541
-7522
-7474
1322
8515
9298
-3196
-2200
8422
4479
-5080
-5314
5536
-1960
9068
-9175
8001
3285
2583
7631
9624
-9463
-6657
-7898
9480
3815
-839
-9194
-1463
2615
-4518
-7292
-1447
-4492
1730
3241
9817
-7088
-3533
-5704
1458
1239
5627
-3966
1440
8084
-9299
5269
-8587
128
8880
1428
-648
3521
1239
-4278
-3106
-7243
2615
-62
-7314
5395
1811
-7225
7609
-20
9024
6912
-5188
-7604
2317
6410
8052
4583
789
1215
3867
9189
-656
7524
-9293
9192
2117
5029
-1519
-7132
1330
5990
5636
-2568
3434
-6075
6173
-7878
2263
-349
-186
493
-6083
-8896
-3335
-1882
452
-5509
9856
-2640
5244
-2145
8221
3570
7868
5184
-9888
9035
7865
-2514
8648
-4130
6578
-485
-4308
3386
7360
9012
9953
5049
-3574
-2447
4451
9463
4714
-2011
4792
1243
1388
4322
513
-7556
4199
8173
-4011
9430
1130
-3549
1733
1597
-3416
5388
-5281
-8020
-8161
4351
-6746
-5844
-6562
-2797
5735
-4582
-1691
1055
7920
4198
3327
-6228
3399
1745
9377
-9535
-8418
8470
-5589
8679
-9189
-4180
-9410
1960
-9594
-2160
-4161
1945
2300
9434
6326
-9405
-6289
6261
6630
-6154
-7181
9578
8111
-7438
4396
9137
1865
-8122
-9972
3520
-7792
6153
-5221
6135
-3828
-4095
-346
-8543
4196
-796
-3685
-597
1663
9197
2888
6528
1787
2001
-535
-3298
7606
-8370
8890
9966
4084
6498
-601
-8109
-6344
5970
-9411
-2105
6345
9429
-6770
-8789
-9242
-6930
6864
3457
9102
-1207
6043
2496
8167
-8943
-6108
-5685
-2532
-2421
-5014
-8293
-4291
-2910
1727
-2376
8249
2755
1532
6956
-2764
2186
-1302
7115
-3621
2732
-6233
842
3300
-6907
1571
2818
9881
502
-5923
-7529
-4679
6923
-360
-4058
5456
9468
3954
6998
-8495
-8461
2416
4034
7541
6027
8175
-428
-3587
863
1859
-2441
1217
1478
-8358
-7167
8520
-283
-5498
-3311
-8918
-5370
8604
3500
8159
6182
1327
8608
-960
1125
4988
2268
8251
7735
8656
-8628
3303
-2504
-7633
-9407
6015
532
9517
-9190
-9569
-9045
4951
-2848
7546
3176
-2667
-4796
1651
9742
-8893
8251
-5433
-9139
2651
1374
8509
3545
-9703
-47
980
-6265
-3863
-3816
340
8762
6688
-3189
3796
5668
1505
-4769
3421
7013
-1042
8486
3914
-4109
-1783
-3040
-9564
-8320
9237
1157
-9581
5493
-296
-3811
-7894
-6040
1192
-8303
5240
6392
8616
4249
5440
-2255
8966
-5795
-5760
-1798
-4653
-6081
5466
7759
1288
8471
9300
1644
-2774
9914
-4011
-5991
1727
-9939
-9817
2217
2309
-7603
6218
-8100
-425
6306
-1388
-1991
-5071
-9676
3825
6390
-6536
-2681
-2468
5559
8373
-3676
-3284
-4082
-2042
-5227
1927
-4111
-1102
3048
6657
8733
157
-1930
7035
-4293
-7633
4059
4504
7818
-4035
1790
8471
-1159
5536
-901
-6665
386
4435
4277
-3868
-781
-3014
443
1586
398
473
-6618
5952
-9691
-2368
6455
9036
-7982
-1579
6021
1296
609
-6615
-7603
9498
4165
-3020
-7492
6473
-2776
-9977
5085
-9654
-6687
-5895
-4830
4930
-2776
950
5428
2079
3897
9114
7058
6476
7216
6323
-509
-6781
3660
-9812
6950
1825
-5975
-9991
6506
9441
-8122
-2810
4611
3570
9541
6407
1788
-4370
7596
-8636
-2986
-1656
4657
-102
7438
-9380
-1563
8374
5624
5859
-7282
-4031
-5574
-914
-7342
2391
-4993
-558
2120
-7613
-6820
-6941
7187
7190
1516
-9896
1619
9760
-2056
-4313
8757
-2226
-5500
-8084
-8481
-9436
9810
-5871
8561
1633
-8491
-9190
-7093
-1540
8448
5749
-6432
5933
4718
1423
-8261
1833
8947
4904
-3476
-2742
-9753
2404
1790
5346
7815
2811
566
-350
-8811
-3179
-6752
-4812
1294
-8688
-2055
-7230
-7014
1670
-443
-227
-8662
-6898
6322
1424
2980
8778
5716
-7822
-7977
4434
5240
-6935
-6267
2442
7154
403
-7282
6649
739
8864
-5975
1014
6015
4540
7453
4032
7571
-2692
-9129
-305
-7674
-3983
-8675
-7863
-7718
8014
3535
-4439
-5970
4098
-2203
-8898
-7019
6369
69
1529
6908
-7844
9970
2476
-7896
-4419
-1792
1520
1448
2206
-8158
-7072
5088
-3757
3344
8335
-834
6213
-4859
-6953
-2006
6099
7944
3468
-5561
-9608
9961
-1852
1762
3275
-9709
5868
-9685
-8956
8700
5700
3261
8157
1903
-4312
-7767
4478
-8034
-8805
-7321
-818
1410
-4486
2048
-2747
7895
-3876
7331
5671
-2052
9763
2253
1650
5560
7915
-1097
-4328
-2918
-5250
-7183
9157
3023
-3085
1969
-9463
-3994
1032
-9118
-139
-1315
8651
-3920
-6763
5216
-5618
-8089
4867
-8968
-392
1202
4346
-3107
8104
-3552
7423
3183
-5522
-1338
3861
319
-8815
-6005
3078
2215
-8668
3018
6832
-5201
-4737
2131
7760
-9521
4121
-8550
620
2618
-2299
-5804
6340
6789
4962
111
-3951
-7598
-9853
1464
-6094
6843
3893
-1716
9717
-6154
-117
-9043
4605
8359
807
5134
-9818
-5362
7720
8254
-9059
1651
-1167
-2963
-4015
9780
8233
-3211
-827
-3323
-7026
-695
-2544
-4118
3034
-185
-873
755
-641
-7676
-727
4030
7538
-2829
4258
732
7724
7100
4547
-2855
-4721
443
-157
-1404
-7566
-1640
-9766
-1054
1471
9958
-6667
9265
-2056
6238
-7360
-415
-7782
2669
-4120
-3667
9310
2998
-1817
5977
8636
-1829
-708
4936
-5037
-6850
-6515
7506
-362
7626
-5040
-4052
4413
5956
-8938
-3915
8327
9155
-5740
-2354
-9123
8122
-2213
5849
559
-4928
-3668
8625
6440
110
4240
-1520
-9375
1726
8844
-5710
1804
8706
5015
7252
891
-6804
-4753
-8845
1568
3354
7770
-5420
7929
1067
6511
-4404
-1436
-2762
-6172
-9314
-4709
2188
5170
-4664
-5357
4231
-7334
-9858
9957
-2404
670
-3977
-2980
938
-4648
6575
2484
6265
-9566
3406
-5369
-1340
1877
-3199
8614
7011
-941
-3474
140
-1738
657
-1359
1723
-5143
-489
5410
-6124
-9425
-7803
7326
7210
9327
9851
-9999
-4319
9685
4231
-3354
-2146
8388
6466
-2809
3703
-8583
-9070
-6338
-918
4279
-7875
168
-1299
-2972
1813
-3400
6543
2502
5758
3139
-3389
2092
4796
6293
-7476
-6282
-4460
-3324
-1996
2615
-6821
3347
-3212
-449
5050
-8589
-4846
-1017
6989
6020
5400
-7120
-2038
-12
4127
-558
-5593
-7084
-523
5798
156
-2813
2010
839
6495
-1404
8306
-2878
-856
5602
-4477
-2452
-1109
-9940
7426
146
7705
-4713
-9483
6883
-5440
4236
8162
-1304
2395
274
8502
3864
-7520
8523
-5567
-3694
-74
2873
3056
-7684
-8869
-7887
-809
8137
-8187
1737
-8400
10
-898
-5500
-3168
5757
2361
-9276
4352
-2071
-6019
-57
2903
-8900
404
-2823
-4344
-4494
-6918
3442
-3534
-4802
5784
-7761
-8919
6788
-4784
-8524
9451
2001
-6944
4288
3542
4374
938
3115
3218
216
5134
314
-8473
512
6839
-2670
8155
-8223
-2798
2832
-6868
1719
4984
9544
7065
4521
-4577
2320
7760
-9904
8961
-3918
8193
-5090
-8043
-2887
-2071
3607
-3576
-7234
514
4278
-2291
133
117
-5569
4152
2537
924
-634
-3150
2041
6220
1637
9122
781
-5569
5251
-3843
-5628
337
8959
-2144
-5629
8426
-4574
-5152
-7173
-764
-2113
-5399
9236
-1044
9707
2102
-8654
349
1881
5536
-5486
-1147
-4850
4499
-5485
-6009
-3452
6820
-3621
5476
8755
8048
4954
-1733
-7446
8664
-2252
-1422
-8291
8377
-3239
-5576
342
-5086
8824
1301
6928
-8725
4897
-7224
5598
-4837
6586
-915
6881
-4018
-1900
-2610
-4004
-6647
3676
847
-2102
-2566
4926
5814
9998
1837
-3405
4965
9884
4031
5163
-99
9453
2456
3544
-8604
-5892
-6954
-4879
-4618
-6154
4966
9879
414
-1991
7650
-5263
4633
-4794
-4443
-1245
-5822
3296
-352
749
-8266
-6387
-3048
-2873
8434
-1096
863
-2434
5008
6833
8697
2851
-9018
-6807
-1399
9256
9722
9282
-2038
8342
5676
-7752
431
821
5005
-8524
9528
9450
-3088
-9932
2696
5967
-4486
-9034
-6604
1080
-5350
1465
-4729
-3738
5934
911
-7166
-2626
-8442
4484
-5563
-8847
-5594
232
7362
4072
-7099
-9754
-660
-2683
-3624
-4818
2950
3643
6158
-6384
-7211
3879
4246
6150
4529
-5296
-699
-1733
-7894
-6933
1696
1326
2858
-5982
2440
6402
-2675
5938
1180
-8054
-9311
-9554
9383
8740
9959
-1635
-654
-1115
9659
-7943
-1745
8629
-443
-8440
-654
2022
-6945
-5666
-1747
-2358
6457
-5435
4306
3613
-4384
-6995
-4357
-6476
-7558
-6879
-6644
4915
-8282
-4670
988
6882
-3554
4394
-6153
7431
-3942
9512
2203
7871
4210
862
-5792
5465
-9222
2998
7370
-3660
-960
-6504
9342
-35
-5152
-5805
-4588
6973
-4181
-1969
1748
-4145
-7594
9485
4542
-6728
5966
-6320
1539
7268
8230
4472
-1249
5995
5091
-5082
774
-6524
-7991
807
2518
-4338
-996
-9813
5113
7281
2902
6214
9857
-7056
-1732
-8780
2058
4682
-6402
-2329
-6789
4331
6326
-8623
-4276
9158
-5202
6073
4856
-6653
4291
3618
-2392
2136
886
-4664
1544
-6027
2669
5716
-7478
2597
-9436
4445
8293
-9400
-7515
7383
-1361
-7860
-1590
742
1820
1577
9786
-8778
-8522
-168
-5626
1366
-4781
3547
-5584
-2147
3347
5514
-7643
-3777
2212
3448
-1878
-948
-7190
5520
-4841
-356
-7488
4357
8420
-4708
-8393
-9412
-2042
9525
-6408
-6576
-2126
1689
2642
7361
-9978
3503
3110
8632
738
8559
-6544
-6073
5381
-4071
9502
-1522
1330
-7955
6668
-5852
9846
-8373
9923
-7458
-6815
-3218
6878
-4677
5626
-5671
9891
-294
3591
-7983
-3914
-4718
3452
9558
1863
-5873
-547
-9491
2285
1637
8445
-9154
-455
9919
7693
1872
-5041
-4588
9511
69
3089
-334
-1989
1700
-5013
2538
-8636
-9324
2753
5300
-7299
3610
6494
9567
-9346
1603
-5271
8816
469
7672
-5819
-8179
7828
-7749
297
-6689
-99
-8314
-3142
-6058
-4988
8248
4737
-1479
1520
-2831
-2386
6955
-8328
-1327
3302
7637
-9711
3451
-9564
-7193
6029
1023
-227
-6674
7803
9
7025
654
-9248
4512
-3251
-2492
655
-8729
961
7142
7549
3323
-3640
1737
8146
3093
1041
1474
1156
1532
-8295
572
-8684
-312
582
-1401
5567
-7158
-7966
4712
5878
311
-7671
-4857
-9033
4278
-8603
8065
1868
-5313
9678
344
1207
1650
-3773
-9843
-2303
117
-1869
7452
-6985
-4120
9441
1268
6654
-9007
-7246
2363
-1971
8603
-4386
-8369
-6351
-7300
-2133
-3263
-1866
-5864
-6274
-7765
7022
5117
1796
-2575
-3966
-3679
-68
-2136
-345
-9857
-9760
-8124
-6129
-8607
-2537
9089
3839
9881
-3454
8466
4488
-7468
5226
8036
6985
2400
735
-4150
-6055
-6695
-9487
3849
-1949
-5232
593
4045
-6205
3412
-9716
-1355
5811
6088
7713
3871
1596
-4463
-93
-5770
714
1040
4813
-199
-4354
1934
936
5442
-2423
9595
8831
-5247
8756
8106
-4617
-2294
-4298
2291
4118
1587
4236
-165
8645
9083
6931
9790
3620
2477
6286
-9506
-2262
-3045
-9224
8373
5146
-4553
382
5433
-2704
5636
-4309
9161
-4420
3367
1220
-6315
-8954
-608
4855
6609
-5173
4201
-8353
1359
-7451
9997
3072
6733
6810
-9769
-6151
6282
-3129
-9531
-637
5779
3347
6425
-1367
-18
-2105
6789
1647
2111
1474
1176
-8472
-4994
-4774
1590
1892
3800
5572
-1724
-2370
8249
-5016
7782
-6709
-8283
-785
6804
4839
1905
9014
-8843
-7673
-6644
-8332
1561
3679
-8496
4841
9604
-2689
-4212
5873
-4399
2379
2593
-5658
-454
1134
4291
-9040
6214
-7632
-2389
3123
6458
-1132
-1292
398
-2474
8621
-8210
-5605
2014
-9167
2298
3713
-1763
2898
-7141
7729
-4592
1338
-2493
3394
-2099
-488
-730
-3501
116
8367
-6964
-990
7827
-1079
-8744
4798
-6090
-9001
-4275
9376
3672
-65
4429
-9346
-763
8625
-3873
66
-4607
7917
5896
8006
2275
4625
7792
-2213
5074
-47
2225
-3097
2206
5433
7274
-8323
4552
-4229
6540
9771
-1580
7507
-1291
3104
-6946
-5382
2054
5897
-1018
-8562
7711
1893
468
7027
4885
-4213
3650
-8068
-4710
-6287
-6954
6089
-9227
-4865
-7309
5682
5921
2956
8209
3089
-9856
5173
8507
-1421
8183
-1537
-6181
2615
6184
300
1580
5845
5697
-2987
4577
9467
-3440
-7895
-411
-6405
-8001
-6384
-5858
401
8088
353
-1388
4854
2809
4570
-3178
-7330
-3129
-4234
-6542
-7597
3687
-8680
-5852
-9925
-829
-8914
8009
-801
-9047
-4768
7790
7671
4667
-8300
-2842
8212
7817
524
7158
-8842
2165
8087
-3945
-4980
-5068
-1249
9066
-7435
8154
859
7814
9121
6762
-5933
3041
-6097
5730
-9985
5944
8646
3807
-1333
-4204
7156
513
-7306
6919
-3259
-7189
6763
-7590
1968
356
8856
6353
5362
9716
-203
-6197
-6554
-5625
-1354
2296
5677
-8677
-2174
-5593
865
-9611
-9188
-1050
-7806
-2848
-6263
7375
-2935
-3461
5885
7436
-8298
-2987
4853
2724
-5508
5022
4008
2532
6375
-2658
-747
-2198
3758
9794
4377
4183
6417
2163
-451
4449
2260
-2574
-9722
5027
-4011
1218
-1753
-3296
-9968
-9403
8653
605
8494
8212
7405
8607
-5963
-8826
-2574
9720
341
-2003
-1811
9998
82
-7114
-4505
-9000
-1334
-1757
5663
8950
9520
7426
8837
1064
-5007
-9456
8171
2767
7815
-9320
4164
9589
-6075
6344
-7802
1891
3336
-4513
-601
-2549
-5264
1271
647
5355
-593
-9449
5819
959
-9687
-6864
-3590
-1199
-5682
5659
3362
-219
4388
-9509
909
-4286
1647
-3585
-4624
6153
-5287
-7401
4506
5812
3281
2614
-5392
-2307
1579
4340
-8051
2997
5201
-2684
9453
-4080
4306
-1106
2895
-759
-5624
-9049
4303
-3758
-9194
-1593
-9906
-9638
4883
-3307
9003
-5008
-765
7682
-6459
3074
5260
-3902
4571
-5795
6236
-7371
-8884
2328
1208
7700
-4214
-9683
-473
-9482
-5182
6202
6553
7046
-2654
8399
9250
7113
5656
3089
-3080
-3406
-8122
8409
6121
-2129
6083
9220
-1174
3930
-8932
4431
4434
7916
-1276
-9258
2059
5572
-5697
-3481
-6953
-9161
7131
-831
-6204
2910
5047
1159
2267
7899
-6013
-7459
4583
-1889
-6540
5065
1752
-6813
-2257
-9254
9274
-7183
-7623
-6765
-1280
-9551
8578
-1524
102
-2399
7362
-8542
5958
3019
3629
9637
7645
-1614
837
-120
-1254
7522
-4040
-778
-1614
5523
7397
-6831
-478
-1964
8662
9294
-1221
9768
-8264
-8211
-135
-1791
3605
-2491
-1589
2748
-2999
8000
-3384
-5016
-9995
6334
-5258
1599
-5287
3793
6990
1900
-1674
-7143
-5558
-6117
6860
-6448
-3525
2212
1317
5054
-8014
-8782
-9727
9923
1651
-748
605
2714
894
1194
9035
-6215
-5365
-3808
-1673
-9193
4580
-8968
2130
9041
-4994
-4762
8359
324
6947
-6018
-3487
-3197
-8428
-740
-4107
8117
6892
5906
-5637
9068
9158
-6931
6144
-4494
6336
-228
-5315
1665
4739
5280
-2496
6018
7177
-3992
7535
714
6100
-4004
-4156
-461
4957
-6363
-8039
4079
2473
2318
3726
390
4768
2481
6603
-5466
8338
-9175
1190
9705
485
128
-3952
2104
6096
8125
-1335
8957
5125
730
3901
-2709
-1902
8192
-7983
8332
-8319
6542
-9075
3544
7605
8734
-2398
-4424
3282
-8897
-7068
7925
-2077
-3056
-7975
-3479
4556
-9884
-3630
8788
-110
-8742
-5032
-246
-7532
-8675
5845
-523
-321
339
5076
-1999
3805
6777
1524
-2830
33
7785
8376
1617
-5776
5128
-3471
730
867
-2457
9917
-6966
-2680
792
-4123
6498
2386
1515
-6007
-2490
8294
-6587
6347
-7674
-1202
4853
-3552
3817
5225
-9362
-4847
4922
3740
-2980
6548
-8147
-9619
-4959
-2852
-4344
7296
-1089
7160
-703
-6560
-1418
388
-5317
9751
-2598
-3510
1281
-2025
4422
8079
-5662
-7121
630
-3182
-2421
9958
-6261
9112
-1656
9502
5372
-4081
1345
-4297
101
5751
3135
865
9375
-1238
7149
8308
3035
5789
-7475
1199
-8880
9499
-1887
7257
-3106
3764
-3315
228
-4820
5797
6381
-5770
7228
-8543
570
-3391
7367
-714
6457
1133
-4942
2788
3405
5406
-7574
-7925
-2828
2101
-4402
-1911
2556
-9030
3100
-846
8512
-8210
-4101
-1911
7407
4329
5509
8401
-6197
-9120
-5854
-2487
3937
9030
-2049
3527
-1452
8149
-5523
-3723
8358
5478
8152
-7772
-4646
-7759
-8380
-7699
-8551
-3006
-6170
-3334
5252
1916
353
-2505
8318
-1297
6279
6098
821
9357
2178
-444
-7935
-8949
-2268
8820
1322
3550
-7293
8502
-5627
5140
4073
-6742
3357
8199
5179
2413
75
971
-2087
-821
-2847
8987
1089
-8092
858
9111
3581
-9304
-3456
8409
5463
2492
6763
6791
-6498
-3984
6899
3853
7779
1962
2321
-5929
-9588
4075
2864
8196
-8906
-5444
2538
-2016
-6416
8516
-2492
-3418
-5691
9576
8712
-5655
-1435
-3094
5066
-101
3734
5186
1476
-6533
7198
2598
8131
-2027
4877
1805
-6464
8889
-9823
9607
6739
-8369
-122
-5678
-1020
9800
-1238
3756
2736
4470
1446
2599
-6932
8517
-255
6181
-6414
-8503
-7386
5103
689
-9177
2983
8488
1587
7919
7628
9379
-6745
-9782
5450
-9487
-6090
5024
2445
-362
-4862
3134
2952
-8325
9499
8503
7738
5092
-1682
9404
9215
-5973
-2410
-6015
7636
4525
-940
6160
-3516
-1379
-177
3354
-8014
4802
4755
-1552
3857
628
3280
-1371
-1958
-229
5284
-2730
-5776
9557
8044
-2396
2162
411
5390
2371
6435
781
-3048
-9235
2996
-3319
3808
2821
-1208
-7090
-7315
8253
3283
-4441
6044
9925
6252
-7401
4489
3293
8041
8228
-3358
3683
-9584
-6180
-7885
8481
-3100
5893
8892
3415
1849
1568
-516
-1223
-315
-927
-9901
7980
2541
5511
-3218
7951
-730
-7066
5856
-4530
-4459
1194
-2037
-5108
-2152
779
-7833
5631
-5809
4563
5923
-2568
-9929
7009
-3771
4318
3745
5580
-5214
-9102
-6084
6148
-3386
-2018
1161
7485
9782
3078
9529
-5091
6668
6010
2497
3401
3601
6938
5992
8809
8523
-1173
-2569
-2526
-5332
9017
1664
6669
9369
6490
3419
1038
-3574
8228
3439
3902
-6859
829
-478
5733
5186
-5216
7338
-6008
8645
-4103
1128
2079
4325
-1060
-3692
220
-8088
-7539
-3129
8848
2220
-1625
195
5191
3988
-5914
8725
101
-160
791
9801
-4040
-6886
2847
3209
9445
236
9102
3154
6074
5708
-4719
3586
9865
-1331
-2003
7235
-8082
-3541
1410
3263
-1647
668
-7879
-3781
4362
-6410
4046
-2030
4471
-1126
-1027
368
-8690
2199
-6049
368
559
4260
-9698
6208
-9298
-6584
-9638
-2481
-6329
7292
-5293
-245
7612
-9583
637
-6946
-9299
-7256
-8236
-9178
-5975
1087
6937
-439
6583
4630
-1760
-626
-4378
2239
-9735
-7563
774
-203
-2849
-8869
-4274
-7327
-6697
-366
-9172
-7189
8918
-2948
8483
-1453
2103
9165
2040
-6224
-7925
-431
-4327
454
7975
6901
-5802
8180
7717
5889
-1411
6876
9078
-5734
8973
6622
-4347
-5362
-1785
-7676
8832
-2647
-4017
8839
6474
-6115
457
-6791
2233
5601
-3105
-1857
-6377
-5309
-674
-8926
878
-1655
2447
8904
-1129
-2316
4471
9585
156
6814
-6755
8594
8318
7260
7332
8516
-6408
-8161
-8236
8536
757
8816
4440
6300
-8538
3790
-5645
-6353
1952
-2312
5663
177
8049
4070
-268
5870
-4489
-5768
1337
-5214
8991
-3595
-1022
-6224
6924
-9174
-4459
7021
-8049
-3399
9791
1185
3499
-9367
8402
4951
-4826
-7601
5064
-4550
-9850
1666
7073
-8656
-9068
4118
-5524
-1443
6041
6065
-2821
-2775
-8565
-6583
-399
9856
6080
-4727
-7193
-5088
-8245
-5078
8236
5461
-3954
-6113
3378
195
-7038
9590
-808
3972
-684
4904
-8140
-3026
-1658
-72
8002
-948
-7666
-2209
9098
4004
9338
2982
-6403
-9017
7282
3008
6311
-8328
-6580
2364
831
-1048
9430
9482
-7029
-7943
-8216
-3227
-5545
-954
-3557
-2275
3151
2283
7515
-9929
-7672
-7678
-4199
531
5402
4604
8136
2948
9536
1539
-502
8087
1628
-8192
-5225
2379
-9622
983
-2676
3564
-5734
-1947
-7729
-8194
-8684
-7161
2893
4641
-51
7181
9932
-9018
3561
4722
-8398
-2848
-8495
-4081
7239
2888
-1496
-931
-4234
-9841
6348
-9105
213
1945
2392
7159
-1024
-4575
2090
-5073
8281
2603
-5360
-8635
-9782
88
795
-1878
-6313
4761
6779
-980
3505
-1982
-3350
-2150
-3246
5321
833
-6169
6953
-6188
-1846
-7347
7308
3410
-5071
-3873
5100
8944
7841
-9494
9046
-667
-1314
9072
7548
-8333
-3829
6597
5188
-3567
-1982
-2507
-3322
-9408
4306
-725
-5019
3635
-7208
-3583
9877
8762
-2512
-1058
-5243
-6092
-1245
1402
679
5872
-714
-9066
6162
625
-1069
-1234
-9666
402
-6098
-6462
-365
-2864
6678
-3048
-792
-5570
-510
3837
-1951
-9632
-402
7129
5585
-2471
-9793
-2433
1456
-7365
1066
7731
-5263
-8877
-3063
-3406
4782
1143
594
5561
-1912
-9099
2424
7941
-8970
8360
-5031
1478
3121
9262
-6592
-2919
-4349
4807
5538
-3510
-537
998
-671
-5967
2771
4013
7535
-2755
-4424
-5740
5336
-9725
8686
-8049
9194
-298
6126
4648
4818
988
3494
9702
2759
-3064
-6288
597
7703
9598
-6921
9343
7947
-6800
25
-7031
8569
-2318
3141
3496
6211
-8224
3416
-7508
1438
8091
2664
2684
8531
-1119
-8051
-6485
455
-4098
5689
8466
-3032
-1504
1742
-2328
9050
-7739
848
6522
-8090
1153
-1147
-6591
4664
3675
-108
2468
7394
-6505
2251
3858
-8287
-4005
-5790
-3322
-6422
-8790
8419
9132
-8404
6357
4872
287
-1195
-4283
-8729
4581
1838
9696
3667
1123
2811
3689
-9841
5296
-5157
2505
-7840
-1381
1147
-2157
-1262
-864
-29
6067
5962
5385
8994
-4845
9079
2743
-5165
-6628
1683
-3044
-9250
-3839
-1698
-1086
-679
6242
6148
7546
1398
9917
5589
-316
-7820
-6177
-4080
208
-5431
9578
-5746
3448
4553
-7972
-3033
-1749
7832
-8063
-8587
5507
5635
-2434
8064
-4406
7613
4031
-8964
-4724
4656
6805
-9175
9329
-368
-8040
3068
4795
-6392
2145
-2448
-4251
7068
5566
8371
7437
6243
7051
-6115
7187
-932
3031
3822
6761
4101
6127
-3292
-9548
5240
-544
-9217
-1292
609
-9113
-9399
-2583
1851
-1851
-8625
-3772
-2806
-7626
-281
2362
1662
8953
-4753
5619
-4881
7381
4388
8870
-7736
9524
-5272
4372
1837
-1873
-6592
-7120
-6855
5593
-527
-8589
-560
7611
-375
-738
5948
-8572
-870
-8348
3101
-2071
6921
-1485
-8148
-8573
1789
-3631
253
-7837
-4536
-2353
-634
-9403
457
-6182
-1460
-921
7803
373
1900
-7562
-745
4351
2769
923
-690
5695
-4050
-9303
-9117
-7270
6171
5948
3706
-5347
-9340
5198
-4942
-9605
3483
390
-1671
-4875
-4594
8966
-9240
-584
-6908
-7315
549
7343
-5991
1715
-8582
2195
-6402
6944
-4234
-241
4386
8533
8028
275
-1839
5819
-7290
-233
6828
-4314
-8721
-4125
2627
-7373
-265
-4939
5112
-13
1014
7978
7855
-3023
-4894
5147
2170
-6831
-4951
-7561
-7792
-3008
-4923
-3044
5575
-513
-8404
322
3753
-1888
-9086
779
-1918
9194
-5807
-1771
-2376
-6751
9963
-2904
-6169
3178
3479
-2886
-1030
4823
-9408
-4627
-5650
-8162
87
3861
7851
-4013
6085
-3047
6965
7737
6061
-7070
3754
-7376
-9416
9656
-3106
-5323
7125
3048
5092
-6512
9983
6508
-9880
-4316
-3735
-9870
4312
2404
2161
6740
1340
5949
3591
-3189
-7866
511
2907
-9894
2964
-8655
-4712
8471
4248
6505
4863
-1748
3787
-6663
3289
-6648
-8233
-9996
7815
1498
3136
-9597
-5192
-1902
4127
6270
-3013
7561
660
-5865
8506
-1380
-4376
-1252
-5923
-4124
-1794
4460
-6962
8693
-404
-4812
4871
7842
3858
-1996
5721
9015
9023
7416
-5981
-4019
-3087
8358
-4369
-9377
1658
6309
9526
5960
920
-4638
-3171
2665
-8122
7613
2401
-8427
1233
5298
-3693
-313
-180
-4008
-2539
6658
-6436
-8661
4566
-2817
-193
-1967
-1440
-3286
-1371
-6525
-8759
-9833
7159
-3571
-3524
-1454
2392
-8574
-270
-5282
-3041
-6776
-5339
-1679
1954
-7766
-9006
7567
7274
-7024
-1128
-4803
311
-5878
-2361
9102
-984
2234
5862
9114
-9752
-4660
8218
-278
9814
-6656
-2319
2013
-9181
-4515
3936
-943
8674
-6757
5507
3114
6444
-8268
9119
5774
-1489
-2756
1466
-7173
-2769
-9546
-4241
8991
-5237
-9082
-8218
4271
5818
610
-9854
-6629
-7887
4228
-6687
7500
-2755
8345
9001
1907
-5741
1057
-8020
-9504
-468
-2304
7908
7290
-517
2783
836
-5899
-1433
-3989
-7351
6402
1707
3312
-836
8849
-8113
9091
-1616
1543
3870
-4562
6728
9603
-3937
-2936
7173
-4455
-7581
-3560
-3640
-8022
3428
-4488
-3511
-9361
4390
-5923
-4688
5278
435
6309
663
9246
5346
-5357
8847
476
2593
1428
4521
4663
-4180
-8539
5448
-3247
2146
8535
3914
-5046
-5383
745
-9074
-9173
-3562
2896
8058
1643
-1232
-9559
3781
-6577
-2769
-4669
1879
-436
7715
4226
-5137
-6024
5752
5393
6838
5694
-1583
4236
4377
743
-4810
1365
-6805
2633
-1097
-2822
8523
7044
-9882
5649
-533
-5026
6443
8440
-9406
6704
-2976
4646
-4992
7937
-5509
-5156
8398
-9684
-9915
476
2647
-951
6390
3714
-1874
-3840
6199
-207
9846
-1360
2434
1714
-3298
3975
-1230
-4537
-3636
-8509
1079
7005
-1639
3991
-9463
-5646
-4023
-9476
-9958
-1464
-1081
4553
-4398
-8718
-2878
-4383
-1147
6801
509
7206
-9256
-4139
7379
3872
-3494
1973
-5735
7740
9518
-3893
6879
7688
4136
9532
-5049
-7273
-2028
5303
4276
8684
7883
4156
-5991
-965
7272
-9836
5454
-1368
-3666
3056
-7455
6286
8815
5967
-2835
2800
-8370
-9217
-8768
4527
-9458
754
5424
-7867
-9051
3167
-2995
-4322
3118
-1984
8348
-1015
1626
4094
-5938
5678
-3560
-8475
-1585
-1849
-8313
2546
2246
5046
4852
-7489
3120
-3460
4870
2057
9923
1916
9688
8233
-9646
8659
1233
4690
-6248
7265
8612
3415
6226
-2640
7730
9590
-7231
-7335
-6599
-8652
-4690
3166
5098
8186
-4153
8104
-4717
-5094
-8727
8775
-3768
-8136
1430
5052
7710
-7524
2138
6664
5019
4399
-8932
7336
-7672
-4909
-8358
8955
-3596
-1249
6021
-7824
7309
-3118
-5816
-1320
6369
-3247
-6228
-7759
5573
667
6485
-3774
3464
1640
-802
-3391
211
6683
4073
-7437
-1695
-9804
-1803
6333
1303
2839
1318
-8366
4500
6603
3652
-8200
-5808
-1549
3444
-2378
-2529
5694
40
2132
-9538
4135
4964
-1197
-9538
8764
946
-7780
6086
3436
-1325
4982
7290
1162
-3436
3230
-2780
-6014
-9079
-9814
-5032
1798
6101
-1547
2146
-8600
-9734
843
9092
9801
6206
-7209
2520
2105
4767
8247
-7820
-2437
4826
5075
7253
4235
-5459
-3099
-9806
7879
6974
-3507
8620
-7419
6887
-1185
6387
8434
-6423
6318
-8163
8704
-2674
2761
6748
-8825
7494
6965
7503
-1428
-3649
-5482
1975
-43
4053
432
-7986
-3232
1816
-2405
-333
4738
-7526
9447
9261
-5767
4772
-8386
-7306
-3436
-8247
-2666
4868
-7711
-1925
-5907
-8618
-9109
8572
7639
-6421
6977
5212
2323
-9216
-1164
5429
1488
-7567
2902
-8470
2630
-4430
-2490
6048
-107
-8666
-3591
-7509
-6691
6518
-5730
-5464
7589
-5168
-6789
-6179
-622
6543
1797
1503
7087
-634
6359
6983
-1903
9271
-2708
-3355
-3856
-1464
-9894
-7489
5912
-837
-7665
-3110
-738
-8611
1386
8940
3213
-6284
3673
2539
634
4891
6814
-9662
474
-692
6888
-9606
4763
7213
-4137
-6516
2614
6974
-5875
8077
-1692
1183
5517
-3557
8576
4260
9010
175
-4539
-3249
5530
-1672
-4277
-9281
-566
-8473
1286
3933
3279
1110
-5231
1683
4126
-9596
7120
-9578
-866
8973
-9035
-7989
6478
1852
-567
6812
2679
7213
-3091
-7907
-2691
4626
8425
4819
1965
5985
8762
5394
265
-5495
4123
1474
-2832
6499
-8547
1054
-1398
-5768
187
-334
2491
558
8492
-8320
-5303
7539
4691
6860
7118
5864
5606
201
-5126
-4792
8993
-6803
5855
-6263
9811
-4496
-3574
-6540
2762
274
9202
-2701
8913
-2535
-326
-1930
-6390
3086
114
-4279
4661
-3951
2090
7474
2075
6128
9281
5104
-4496
6802
-4096
1179
9967
8106
-9437
-4120
-8763
-6496
4830
8567
4234
1393
3139
1870
-1838
-4151
-4714
1862
-6630
-31
1000
-7247
5069
9341
-5630
-4049
-1536
8144
-4120
5166
618
-2084
9135
5220
-6344
-5429
7003
-7245
1304
2130
-4905
-8934
-2465
7687
-8459
-6751
8567
-5300
4626
-784
9376
-2738
-225
-6169
-6614
7411
-7363
518
2167
-9877
9113
2434
2934
-6885
159
2689
-1461
9736
-6836
-2088
4265
8218
-6948
-3243
6858
8081
7894
-102
-733
-1890
6854
8067
8573
9396
233
3396
7155
2693
-7994
-6945
-8437
-9449
-4599
973
-1687
4877
6930
-8644
-4482
3576
-1525
-5678
3984
-9053
9302
-3701
6465
8229
3203
3157
6987
7986
-8230
7076
3799
-7906
-7696
3661
-3369
-5608
-9795
-9842
-6977
1757
4523
6515
6850
-1832
-8013
-2308
-6089
4153
8616
1833
-7770
-1613
4633
7449
-4544
-7373
6274
-4404
-1632
-2299
1764
6930
7468
1853
-5672
-3608
364
3596
-9030
-6566
-8542
-3758
-9701
-3943
5024
-444
-267
2393
6382
6563
-3590
311
8411
-3011
-35
4335
-642
-8198
7163
3948
913
2146
6996
5170
5001
702
-1720
-1829
-554
5888
9564
188
-4201
-1950
2366
8746
2162
3961
-6937
911
2073
4894
1290
-2256
-4855
8056
-933
3678
3032
-3523
-6855
-5865
-7581
-3703
2212
9874
-6497
7343
-6761
7230
175
-7101
-8520
-7019
2347
5311
-9196
-7057
-3366
9082
-606
7206
-2953
9831
-3411
8765
3401
-8429
7308
2119
3852
-8116
-6485
8408
7022
5027
-9975
6332
3857
8308
-6061
-8950
8166
4247
8427
40
1886
2304
6909
-6491
-3663
-1205
8443
5170
-1924
8535
508
-6324
1765
-1020
2892
5614
2835
-1730
8340
870
-8370
1389
4641
5285
5229
-930
-3052
7265
706
-4791
3149
6976
7780
-5885
4415
6636
-3044
5994
9046
-3419
6043
-6280
-7524
-1858
-8428
-2923
-7270
767
4446
-9470
5286
4386
7422
4220
4969
6711
3115
5347
-6911
-9801
-4749
8254
1477
953
-757
697
828
9821
4441
2905
-5328
4175
-865
9057
-2773
-3570
3703
-8835
-5065
-7550
-3078
5863
8505
943
-3434
-9674
9374
7288
-2857
2882
7857
7871
-8979
1628
-8237
-5131
-6822
-5126
1995
6109
5055
5212
1934
3896
9981
-1627
-8067
-9736
-9944
-9032
-2319
-1079
-8717
9541
9366
-9789
-2254
-5883
-3103
2733
6968
2248
7334
-2704
3930
-3758
9994
-2962
4309
9216
4168
8564
4947
4302
-3866
-2095
8762
-878
-1599
2758
-3357
-679
-2638
5172
-3690
3140
-7654
-9917
-6648
-8814
5953
-7157
7561
-79
5646
9583
-6449
101
2026
-8993
7012
-694
6566
-686
-7028
-6062
9403
9472
4509
3449
-5390
-7344
-8534
-4984
3233
-9445
-6008
-6292
-753
-3794
-8949
-7494
9583
-2107
-4776
4837
999
6096
2638
780
-7471
9075
-6911
5050
-439
3098
-5013
9887
-9119
-1962
2958
7477
-1555
-5979
-1233
-5025
9921
1986
6894
9009
-9402
9864
300
-8112
-5457
-6005
-7626
-712
853
597
-6301
4286
7799
-7872
9482
1393
3751
6176
6256
4088
6598
9481
-169
4475
-5834
-9188
6256
-2630
7231
2492
5409
4262
7518
-1661
-4305
1143
-3094
-3918
1511
9130
4581
-3567
1478
-4569
-7085
881
7031
-4812
9304
-9415
5837
-8769
-5825
-2618
5536
-4960
-5261
-5127
6254
-6480
4466
8382
1608
1503
4618
-9715
-7113
2355
-5107
826
6907
-6037
-8838
-4517
1262
-5842
9814
-7895
-7944
4965
-3005
-2391
765
-3515
2652
6135
4924
2476
3967
-9850
9509
5051
5945
4711
-5923
-6658
-5591
-8741
-3623
4332
-4590
-3152
9262
9387
9775
-5676
-7715
-91
-6197
4163
-8928
4488
-8077
9146
-2158
9674
802
9260
-2877
583
-20
-6073
1398
7592
-4744
9039
-5821
6618
-2515
-2569
8461
6944
2410
7719
6851
-1403
-4682
7227
-8514
-7144
-3178
321
-1132
9778
-8877
-762
-5886
8323
-217
-8113
8182
3108
7307
8488
5303
-2741
5254
-9444
-3752
-5683
4473
-6875
-3280
9529
-2592
6385
-5106
5704
-2297
4536
7285
-9452
4225
-9193
8397
-1287
9555
6916
-9049
4791
455
9831
2926
8776
-5974
-2650
-3392
3953
-2477
970
-4871
5495
-2699
8244
-8942
1462
-7226
3761
557
8004
9734
-7490
-8522
-3963
-5071
9651
2694
4462
5036
6149
9490
-5305
3560
-5731
-1744
-1212
7019
-5202
-4761
9777
-5715
-4596
2137
1667
-8198
6933
-7241
-6985
368
-8120
-3602
8612
4425
7160
-5871
-9841
1490
4361
-355
3800
8548
8317
765
6238
4023
-430
6955
2454
7193
-8807
-8103
5853
-4234
-4730
-9262
8967
3928
-4049
-3368
3991
-2490
3119
-1841
-1828
-1790
604
1520
-2798
-3966
-8244
2968
-4532
-4438
3656
4728
839
-4724
9096
-1977
2008
225
7072
-9649
4512
3742
8643
-9714
4006
-9208
-3027
6240
-2276
899
4833
-7490
6447
-172
-2266
7105
240
-5556
8939
-3699
2423
8484
5309
-5706
9967
-920
8470
-4639
-8320
3723
-8646
-709
2038
-798
5540
1464
5058
-4520
7082
5588
-3756
-662
-7022
-1886
410
6888
8699
-6242
6451
3135
312
6668
6814
-8750
-3315
9121
3412
8620
7578
4113
3563
-3745
-380
-9646
-8272
2134
7671
3806
-218
-7615
-7030
2851
-7229
1188
-4665
3563
-1441
-1436
3451
3217
3926
6493
4005
1924
-2463
6676
-9646
9442
-7566
1679
7758
3510
9325
-9398
7425
8792
3143
-3864
-8583
9719
-2677
3905
-5446
-5784
897
9026
-4326
2483
-2464
-1752
-7704
-4096
-1701
-5406
-4958
-7665
-4039
3882
-1168
-5934
-5010
1180
-1684
755
-8630
7289
7411
-5019
-2495
-5810
-958
3693
2711
2227
7977
7285
-5767
1677
-3442
-4937
7435
-3506
-6042
5055
-9815
36
2009
-5023
2189
4188
5542
8923
-4137
-1924
-6461
6237
9432
8902
-2116
6921
-785
-3907
-3980
7923
-7823
-4213
8253
-1698
-3439
-4632
-7680
-1985
-1275
2021
-2702
-5784
-334
8716
-9121
-9535
2167
7935
-3323
2039
1239
-6798
-5824
-8437
4584
2709
-1533
4441
-5849
-9579
-9344
6986
-4547
-8350
-5149
5831
-4233
-18
-2749
-2005
9871
1591
5935
-7121
1794
6855
8027
6865
2942
3383
5996
-4845
7460
-1112
2784
-3389
8128
4616
9948
-1841
9671
-7123
-6414
91
4121
-5113
3517
2485
6069
-1097
8644
-6297
-4257
6321
-9476
7274
-4898
2832
-6098
-4522
-437
7584
-6055
8087
7451
6601
9506
2010
9359
5146
7547
-2227
-7847
9449
7924
3871
2590
8001
-3136
7715
5990
-8368
4862
-1666
-4440
-1376
-6863
8312
-4354
7184
-1047
6649
-3288
7045
9820
-2633
3831
-4792
9416
6934
-1746
-7809
-9025
7600
-1784
-6598
-1172
5991
6683
-9278
-2873
-9891
-7493
5079
166
-1112
2409
6162
4518
1006
1441
-3747
-6709
1431
-2073
834
-6751
-2514
3374
-3333
-5977
7379
7322
-8711
2430
-9899
-4228
-7512
-2386
7387
1900
-6095
-9418
5628
-3730
-5154
202
-6565
-7664
3736
-6538
1666
2848
-3215
-1175
-6827
-2891
6688
7514
894
9095
-6145
-260
-2266
1728
-1304
6021
2193
7319
-7264
-1486
-3853
-6753
3396
7642
-7410
6396
-287
-1042
-5082
-4371
9280
8081
5502
-9736
8281
-2569
-2689
6425
8097
8193
1556
202
-6130
-8534
-7584
-3157
-2473
7005
-3017
9425
5893
8614
7333
-9244
-1165
9104
2587
-3239
4991
6318
-4029
299
-8232
1481
6701
-851
3389
-8042
-3024
-2556
9830
7416
-5868
-9556
-5770
-4472
-8597
-4428
8877
-7628
-6780
1525
-4149
4460
7442
-9631
5404
624
-8164
-7130
-1919
3119
1964
-1264
8485
6471
5963
-3250
-7059
-9864
9601
6413
6716
-6172
5816
1948
7401
-8640
-3846
7936
3098
1594
8444
-6325
7960
-7243
2167
-9730
3156
-8259
4795
429
-244
7821
4245
-6075
5408
4098
-2706
7111
-8413
-5217
-8147
-1493
2232
-9258
6103
-3748
-2831
9014
-6526
-8534
8688
364
-230
7622
1740
5550
7598
435
6776
2109
8775
9827
-5590
4243
-8493
5049
5068
5133
-2530
-9663
9244
3263
-9008
-8079
-3432
-3568
-1602
6984
1111
-590
9124
1995
2771
-7253
-6020
-917
-1481
-2176
9794
-3043
-7878
5512
-4317
-8963
9530
-351
3943
971
-6454
3240
-5430
7332
-1936
1743
-6116
-9532
-6214
7133
-7206
-5680
4058
-5197
-2218
6259
9685
4185
9552
-9392
2756
3550
-5210
5531
-7231
4642
-5441
-5586
7057
-4251
-820
2175
5218
-5966
-8363
-8177
-1305
-3655
3095
8399
-5458
232
9905
-5873
-985
-452
8155
4769
-2364
382
8797
2178
-6843
-7732
856
-8517
-4706
9678
-3551
8358
-7324
6654
-8975
3688
2154
7923
6462
-797
-9947
5554
4705
3189
7739
5336
3694
587
2342
6320
2727
-9651
1595
-3014
-977
2231
1332
-1057
-1726
-8471
-780
-2524
1031
4590
-4942
-1609
9322
-2467
-5782
7875
-9072
-1722
-9094
2564
-4621
-338
-2434
-2760
-2937
-6517
-9096
4236
-7212
8256
5440
-8062
8323
8085
3561
2145
9171
8129
-1835
9003
-3068
1176
-6029
-7680
5900
3800
8325
-746
-5891
-1163
7344
-9753
5201
4046
-1815
954
-4792
3400
3401
-1613
1047
3962
702
151
5361
4139
949
-8246
-2709
3921
4396
-1347
6668
6967
-8090
-8568
4733
-5827
2500
6648
440
-2900
7044
5206
-4145
-5158
-1293
-8788
265
7644
-243
-3365
-5863
-1508
-5218
3684
-6712
1922
9415
-7136
-6263
6821
-8065
-1588
2964
-9926
2269
-499
-9467
-8756
-7414
-7531
4370
-7516
1242
-5316
-8139
916
-5347
-2243
8595
6918
-8954
-244
9894
-8092
-4097
-7748
-5288
9691
7380
-3432
5327
9186
6409
2605
-717
802
-3880
7801
-6700
-481
-1785
-2342
7191
-7671
-1229
8661
6933
1196
-126
-6750
3805
-5143
-6798
2610
-8468
4168
8327
-6387
-1219
195
-7063
-1873
-1865
5072
-7459
-3129
2052
6307
-8292
6561
-959
8067
7662
7766
3116
853
4286
-6397
-2248
-4590
-6647
7832
-729
6085
-4143
8347
8344
3683
-6283
-9880
-8360
7015
5634
9946
4308
7879
925
3532
-4217
-5616
258
-9177
2574
-2907
-7610
4190
-7321
-1931
-5428
1656
-4122
6069
1233
8595
-8873
8129
-9514
-61
6850
-8690
-3866
2547
7142
-9096
-4165
-9228
-8339
8382
-9351
-6996
-937
5169
-3317
2756
789
6115
3742
-4419
9964
-1122
-1478
4319
1343
6834
-4508
-4438
8159
-6275
-1171
-6467
-8621
-5980
-8091
4807
-4306
7676
1608
-2261
5218
6595
5425
-4702
8548
-3095
8275
-1107
5781
-4904
-1562
-9150
7801
4153
-7197
4011
-4583
-4995
5436
-1562
9430
-9496
-5541
-6584
-4509
-515
-8718
-1763
-11
-1572
2295
2440
-5559
-8378
-2207
-2653
-2361
795
-7064
-6982
-7484
7810
-2004
2948
2901
2675
4573
-9221
-2033
-1866
-2172
-7272
-898
-853
-8269
8997
5899
3811
-3143
4026
4038
7030
-8008
-83
1919
-7951
-2753
2150
5466
4446
-6505
4959
-665
-4349
-5161
7744
1224
445
-367
-7617
1303
4707
8674
3522
-2587
6760
7071
-877
-2330
-6584
3777
-4625
2536
6152
6042
9331
-3824
-6503
8863
-9841
5168
9799
7167
8719
-5645
-3358
-4148
4472
7857
-3607
-44
9513
-1654
8620
4641
9564
-1421
-6756
-6292
2941
6219
-3403
-9743
571
5282
-4638
-4079
454
3332
8012
6736
-510
8802
5700
-696
-8636
732
7023
1613
-6784
5205
7216
-4211
-2993
-2859
2008
3094
-5968
-7370
3586
87
6598
6961
3008
7337
5528
4399
-9042
5174
-3993
2116
5974
7206
1255
-6870
3138
-8003
9028
-4221
-6733
-1849
-6279
-4041
3358
-1855
1403
-4745
498
1289
-1229
-3500
-8334
4800
-8880
449
-1752
-9321
749
-471
6739
4838
-283
-1569
-9747
-6223
3424
1827
-1598
-4492
7174
2869
-3103
8574
-2885
-6113
5012
2265
370
2867
3734
859
9493
-5354
-8801
-929
-7484
342
-324
6222
-8547
1112
2315
-3230
-2683
2099
3496
-5856
7848
-9163
705
-7554
-8289
-7712
8667
-7265
4784
-3972
8999
7105
2671
6503
-6691
-8172
-9006
6281
-4773
-7825
-5184
-9287
4895
-3688
9148
8044
2183
3758
5069
6474
4826
6076
1352
-3614
-8818
-3489
4062
-4135
857
-1512
-2033
5171
7071
4185
-9379
1766
-3122
3697
-8573
-7526
5146
8293
6442
-1256
-4973
4123
6913
6743
2154
4672
-7667
-3975
-6188
-1970
4723
8771
-5645
-879
9136
-9302
3642
6428
-6098
-5054
-2968
1931
2486
5406
-1567
-1117
2399
-8911
-6816
-3955
-6995
6993
1764
2556
8051
7196
7367
-7714
5484
3022
-1236
-5029
-6943
334
-4326
1475
6711
-7906
8585
6398
-2130
4834
-7610
6007
7279
-4999
5657
2792
-7834
9750
-371
-2590
203
-9720
-1646
-7713
-4875
1839
-700
-8353
817
8760
3030
8989
5068
-1750
-8454
3386
6823
-7636
5475
-4565
2984
3017
612
-549
-3095
-3382
9923
3657
6638
6765
3129
-2833
-5121
-4759
-6335
-9300
71
9255
-9108
9246
-6861
3749
3841
2427
7215
3384
1837
-3074
5166
-8420
3471
5948
-9288
7413
7168
4322
7041
4487
-7283
-7969
7357
-5538
2342
-8096
-3846
6999
-5475
5245
-1232
6400
-2105
-8445
-9380
3468
-8004
6938
791
-1778
-335
-5156
-4963
6928
6160
-3924
-8161
5872
8658
1704
-6423
-4699
-7905
3632
-1001
4109
4436
-726
8563
-5499
7378
4099
8732
1421
4351
-4683
7196
8446
-5093
-9648
-1563
-2161
-8454
-624
-6679
1507
2559
-2905
-1497
-3085
-4939
5877
7571
2140
-9445
-1263
-3592
8467
-700
-8985
4254
-5668
2005
-2751
-8347
-9842
4047
9475
-3155
7239
-7993
-8373
5443
2541
816
4382
-4296
-6979
4504
-6388
6362
-7915
-8356
1540
2996
8771
7950
-7887
-6060
-5753
4855
1872
9715
-3528
-5295
-5697
4413
5614
-2910
-1228
-56
-7412
-1185
-9451
2208
-3052
1706
-9806
68
-1177
2924
4157
8381
-167
-7942
287
-2873
-3903
-2722
8810
-6587
-3108
8522
5316
6365
6241
-9503
4660
-9983
-3905
7178
6306
8630
-2968
5211
-9201
8763
-7126
-7439
-4675
7532
4198
-6544
6215
1253
2734
-8434
-4573
-4929
-8843
2430
-6279
5813
-8786
-4802
-9551
-9447
-4998
-1300
-3573
-4135
5015
4096
7428
9228
-6236
2111
-3863
-3306
3948
-4635
5022
-4325
4816
-9404
8676
-6577
-2734
-9349
-8088
9889
2306
7976
-9247
-4017
-5792
-2536
-6306
-1513
-984
-7699
-6977
-6070
-7373
-69
728
-438
4743
7221
340
-5514
-1450
8564
-1155
4518
3542
-9451
-5817
7751
2978
928
-992
-2217
-6259
-6351
-522
6901
3016
4421
2017
8338
5008
8556
-4753
-8933
-4462
-6657
-1596
-6453
6987
9211
-8673
-1233
-8579
-5019
239
-9366
-4125
-7526
8217
2969
-670
6037
-5972
8442
3890
-8559
-4037
-1815
7078
266
-2279
8212
-9290
-6346
-7643
-9956
8700
-4213
1893
9646
-2357
155
1612
4983
-6586
-8033
-9632
-4215
-159
9853
-680
-4255
2803
-942
-5165
-6061
-3120
-5546
-8073
-5104
3880
6263
3402
-6411
4567
-3493
541
-4105
3691
2009
1286
-8667
2937
-1056
-7916
-8048
-11
8641
-3424
-9650
257
-7916
-2035
-3110
-1346
558
913
3861
-820
4223
913
6992
5887
-1498
7582
-1610
-1452
2680
8635
2644
-3337
-965
3904
-1525
2996
-6304
-775
2980
2943
-9546
7675
6613
-3560
4985
2707
6165
-8799
8430
4016
-5768
1785
8521
1953
6318
-7625
2823
3683
-8435
1206
4404
3747
5474
-1120
-4607
-7887
2957
-6370
-4224
-5624
9198
-8917
4780
2041
305
-6245
3661
6593
4463
1036
-947
-1958
-4680
-3922
-1875
-7315
-3621
-2667
735
977
-3085
5147
8819
-3427
3527
3928
-1798
-4620
9930
7906
-2433
-1743
4604
-9116
4629
-814
1347
-8471
9427
-5100
-6131
2424
2100
4820
8557
840
-3367
-6854
-8351
396
-6086
-5201
-2486
-2427
-8826
-1300
4939
-3102
-3606
1987
-9314
-5852
-6860
3280
7997
9502
3519
367
-6630
4085
-3598
-3957
4648
-2473
7847
-9216
-1250
-6541
-9810
832
-2718
-1670
3192
-3662
7989
-5710
-6117
5605
9897
1770
-428
477
2578
2698
5259
-9933
-9495
7811
-5038
2063
9923
-1279
8731
5943
-6587
7489
-1263
7237
-7541
6224
-7496
-500
-3812
-6021
-2667
-3560
-3651
-5695
-6567
-4763
1749
1595
3156
-4639
-443
9053
-3824
4881
967
8812
2277
2868
-7049
7946
2770
-7619
6003
9638
-6995
-85
8238
998
5082
-2885
-7740
5047
-7832
-2844
7545
9060
-7927
1432
3039
3323
7331
-840
2627
-489
7336
-8237
-8225
5047
4827
4969
-5896
-5283
1520
6480
-352
204
9072
-4426
2127
-8674
3740
-3428
-3638
1700
4017
-6234
-3653
-3709
3491
-5849
-8491
-1761
-3780
3157
3574
-3335
8372
-4699
-4301
4355
-2347
-8038
885
7886
-8721
-1069
4771
938
5247
-3648
8392
259
9789
1473
975
-8145
9320
6238
6906
-52
8702
9399
-3385
-8603
-9967
3468
6755
4745
36
-7484
-8188
-9699
6030
-7999
-2196
2493
-9634
-1271
-2493
-6528
-4954
6135
-7997
-7324
-5828
5260
-4748
-3500
-3498
-1611
990
3557
-9796
-7628
-3715
2516
-161
1046
4353
2851
-7084
-3240
-1045
-4514
-7123
-6410
5848
6526
7574
1530
85
-6339
-6049
-9914
4426
-3812
-3897
8321
1423
5685
-3441
9583
-9083
-3617
9391
5292
-9085
7897
-7595
-1960
1284
-3926
5601
-5501
-3861
9850
-9273
4670
-8170
4354
-4953
-4771
-7001
3740
1071
-7018
-6186
-7528
9895
-873
-6534
9513
-175
-8416
-4363
-1993
-6441
9929
-2885
6620
-9068
-7778
-2994
691
-2380
-997
-6976
-9331
-6255
-889
-1883
-7514
5745
-6489
9894
-8248
3967
-5394
-3992
-617
6341
1325
-2588
-6006
-2202
9523
-6491
2768
-3866
-4877
-4642
-5507
6802
5818
-6829
-76
-6868
-4389
6053
1389
1422
8291
3485
6257
-1642
1299
-3795
-8032
7127
-5061
1133
-8576
4977
-2163
9863
1015
-4945
4461
7372
-8022
-1110
-9326
7155
-5284
-4386
-7900
-3688
-9043
-1849
-1671
-6682
9345
1758
3701
6802
633
2180
9110
4841
-6055
-6407
6502
-1394
4153
224
-72
7951
1275
-1619
4239
4225
-9250
2824
-8453
-4341
-2748
6142
6828
9583
6519
4596
742
6797
-733
-944
8523
7183
-9514
-625
-7859
1902
9251
7126
8489
5058
-6420
9627
-165
-5020
3164
9885
-8818
-5642
-8153
-4390
-9595
-3552
-5328
3444
4024
2337
-2127
-7968
7838
5781
7867
4912
7857
-5497
-158
-6878
-657
5599
5107
-4343
3624
-6263
599
3329
-9832
9199
-4085
-857
-5420
-4329
-7257
-1174
9224
-5247
1050
9462
5729
-5040
-5099
-9072
290
2349
-8592
8676
3797
-7248
-1482
-6454
-7878
-1061
6998
-857
-1433
-5990
5167
5674
-4096
7703
-142
13
2114
-3194
-2516
5887
-222
9949
-281
8200
-9865
-8548
-6862
9105
5014
-6863
-8590
7618
9015
3362
7936
-8357
3363
-285
-7659
3167
9575
-4863
-4718
4228
8022
-4796
563
-1640
-2308
-7742
-8876
-3175
-4725
-1789
-9261
-2483
-9433
-8834
-1916
9020
9483
8640
5731
-2193
-6289
1234
-100
-118
4846
3550
-3038
4621
-9399
9886
3272
-3105
-2272
3397
-5793
-1030
-8810
4189
-5396
-5691
7474
-8918
-9834
-2405
-6174
-2604
-4147
-6577
8762
3958
-3955
-7701
9301
-7695
5976
4872
-300
8893
-7667
-5455
-8785
3772
7996
-7774
349
-3327
-2078
2198
8656
-3443
-570
5912
-8633
-7075
-5130
4574
8543
-4213
9434
-4170
-7292
905
1916
-3429
7194
4312
1107
-7353
1490
-1872
295
4616
-6552
-2403
-7161
-4661
-2803
1148
4680
5307
1375
5165
9614
3255
-5447
-2031
3004
6308
-8918
2000
7379
-8355
5831
-7577
6777
8177
-4078
-72
-2864
553
8686
2186
-504
-1682
5769
2651
-7212
7663
-554
4308
-1954
-5639
7843
-8832
-3597
-3173
-7605
9850
5950
-1219
-9111
-850
-4956
9981
3327
6650
9905
-4964
-5107
6059
8986
9234
1969
3458
3890
-5993
-7030
5109
-1092
8888
8835
-5096
-1870
9395
9803
269
-4043
1472
8121
4130
6619
4361
2042
-898
-6020
-9587
5658
-6816
825
1058
5854
3781
775
-2615
2436
-9705
1748
7724
2648
-5634
3178
-1474
3029
-2426
2967
6857
7166
-3092
-2538
-3348
-5738
-3667
-8018
7716
7637
-1393
3836
117
1647
-1147
-2
-7833
8132
-4446
-6377
8149
-6782
6738
-2448
-8297
-9141
4215
-4031
-2368
-6017
-3307
1986
6256
8298
-7036
-5167
-5791
5678
5604
6173
-4643
-6823
4655
5497
7436
-5633
6111
5727
2814
7551
-9496
1222
8367
-7131
342
-409
-8502
-2648
-1061
8506
-5666
-752
6717
2115
1980
5307
-2805
3551
-2836
4904
-4511
-3342
2453
1114
-4472
-7785
-9744
-4079
2017
-4223
4521
-3776
6550
-9896
-576
-4688
-764
3365
8611
9478
-5451
-320
-9263
2494
1995
-6270
5777
-1668
-4662
7463
7095
6892
709
-3631
549
8656
3146
-2933
-5440
-6136
-8743
-875
-4791
2475
5024
-31
8175
2215
-7988
-8007
3277
-9212
-8032
-925
1216
9855
-7435
6134
4134
-9899
-9112
-4479
2827
1858
-7995
-536
7399
4808
5437
-3669
2320
-563
-4879
-2381
-5428
2325
-5153
-5769
-952
4512
5738
370
-4049
-6625
8592
-7518
4095
5774
4956
3442
1363
8687
-8497
4857
7200
6670
-9288
2296
2825
1096
2369
-9426
-7962
4814
-9884
-9246
-5025
5925
8198
3933
5579
6094
-8489
9302
5014
-235
-6966
8329
-4362
2581
5452
-9977
5283
-8675
3261
5880
8890
6857
1611
-2180
-7378
-4413
-3940
-5590
6452
852
-8822
5627
-5624
6866
-6035
5068
4246
-8242
-813
-5214
-9016
-2626
4071
3298
-1198
-3530
-812
6287
-7796
8159
9429
-6379
-4049
6146
7603
-3890
75
-8983
4096
-4427
-5452
7687
-7932
2399
-3146
702
3014
-251
5496
3032
5259
-6372
3901
44
-5883
9573
-9984
-4217
3552
-8371
1639
4487
6624
-7179
3997
5357
-8540
-7708
3398
2254
-2776
6290
-9029
8000
7769
1043
5772
1635
9996
-6346
6610
1056
4617
8302
-3912
7709
5598
-5062
5934
9141
-6584
793
3877
-5871
-1813
-8197
-6867
-9913
3725
-4442
-8727
6269
-4390
2927
-951
-7907
9950
5144
631
-4990
-9332
-9191
8717
7466
-7877
-6692
7290
-661
-8661
8748
-9581
5633
494
807
5837
-2491
-9250
-3509
560
3069
9891
5078
9864
-1406
-3758
-7897
-6876
-6628
1069
-9312
8018
9351
7054
-4386
419
-584
6540
-8711
5150
9089
3402
8809
-7269
-379
-5129
640
-9608
8465
1327
-380
2603
-8349
-1386
988
2410
-9911
7712
-9623
-5971
-4634
7660
2346
4670
-3438
6492
3918
9321
9385
733
-8977
-6166
-7645
-8782
-9745
-964
-6197
-5939
4697
-8003
-2483
4453
-5037
6751
909
-580
4868
-845
1588
-6305
-2347
-9582
-3138
-5639
-5166
282
5412
-4729
-368
-8232
8791
1028
-9460
-4872
7061
2075
1284
-8320
7138
-4308
3906
-7634
-8346
-5341
-8420
639
-8706
8426
-7412
-9083
-295
2741
9304
4782
-3719
9591
-4099
-4087
5549
9532
-168
-4062
720
741
-1469
-7455
2250
-7970
8156
-8479
7711
4475
1611
3112
-1283
-1267
3172
318
278
4841
6740
4747
6790
8526
-6063
9342
7646
-171
1724
-695
-2937
3306
-2000
1763
8381
8427
-3976
-158
-4960
-4121
-3513
-3283
-608
1193
-151
5699
277
-261
9937
7384
4564
-7670
524
-5660
-4555
2635
-974
8871
3642
3263
5710
924
9702
-7107
-1609
5858
-4515
-2938
-6295
4824
-2978
7929
4622
-4957
-6736
-3092
-3381
2272
583
571
3169
2711
6480
7343
3219
4553
-3555
6071
-5293
7133
-5299
7903
-6007
7670
-9601
-7783
-498
-3925
7467
-6204
-5579
4601
3864
551
6237
-9283
2901
4861
-1242
-9772
-4205
4830
8353
-7138
-2682
87
7645
1829
-2698
-6076
6326
-7974
1159
-3370
3406
7839
7479
2336
9813
-1488
-9987
9086
-5031
1403
2600
987
-1842
-574
-7474
3866
9325
-8199
-7280
4648
5287
5840
9438
1596
-4
140
2908
-7696
4110
4635
6655
3055
5962
9902
-6688
3590
-5322
-3026
-5562
-740
5264
-4349
-6899
2358
-9942
9656
5679
3813
8801
5437
-8062
8429
-4934
-6194
-7182
-1033
5561
1112
7689
3198
8571
-5955
-7658
-6146
9830
6889
1458
-5611
-9175
-3465
-3656
-4705
-7457
1127
8479
9030
6419
-2111
3499
-5907
-500
-7528
6056
692
259
-6273
5090
5579
-1872
-2394
-5954
8070
8360
3323
8621
-4271
6104
-6461
786
7158
-7996
9095
-9791
-1130
1297
-1295
5321
298
4580
-6256
3742
3889
3954
3021
-2199
4961
7183
569
-7194
-4814
8711
-9813
-614
332
-4699
-1532
-8308
5994
-2532
8683
-8899
8580
3269
-7084
-3707
9184
9951
8834
4818
9441
4402
-5472
3699
-7547
5949
2565
7296
-6614
-4045
8483
-5070
-7075
9025
-193
9904
7818
-7957
9023
3733
-3094
-9892
-187
5426
3248
-299
5700
-6960
5909
2126
4090
852
-8543
4374
1200
3905
-5235
-1260
8101
1010
863
754
2944
1746
3796
-3154
-5269
-5768
1924
9074
-1580
-3515
9192
-5745
-850
4303
-73
-6904
7754
6692
-5278
3737
-5584
-9059
-2881
-3259
3863
-9596
-4583
-4148
-6429
1796
-3399
-4392
-133
-6666
-9158
-3294
-4129
-6972
1294
3042
-9274
-5293
-2972
6507
8104
3470
6054
5136
-3353
-9354
7664
995
6024
3557
-5773
-3308
6377
6438
-4302
-2677
-3906
-2013
-296
-1967
7174
594
6113
5930
9275
3664
698
-1483
1315
-3484
-1950
4936
2554
5633
2481
-9629
-8886
7361
9467
9869
1574
7746
-6705
-6845
-7602
-7586
6517
5611
-6034
-3253
-3568
-3743
-283
-2970
8759
5205
-3640
-1501
-3498
8404
3506
7003
1382
6201
2707
-2257
-527
-8909
-8819
-436
1340
5611
-2578
-2304
-3631
3511
55
-5938
5901
8701
3792
-2867
5238
7632
-7438
-1352
-3438
-8222
-1131
645
-4774
2346
2040
9442
-1113
-269
-4145
4971
2508
-5033
-7780
-7918
8277
-6628
2535
807
-2560
2627
9
8297
-7547
6102
3831
5566
-3988
6346
-2250
3700
389
-4163
7910
-5218
-1868
714
-6174
8510
-4446
-7222
1853
-2293
-9494
-8552
6992
404
5431
7347
-6570
-4168
1106
5651
8334
3792
5841
-1268
9081
5365
-2272
5674
9139
-1274
-9410
346
6253
-6543
5004
8845
579
463
-4847
-452
-1470
12
-7329
-4929
386
-4049
-9036
8349
-4440
1890
-3362
-1358
-1227
-9784
7308
9981
1903
-9379
5199
-613
3760
-9471
2528
-7144
5493
-5002
4185
1082
7020
6030
7680
5460
-6259
6193
9290
7628
5808
3654
-6674
1282
-9017
3585
-551
6043
-2718
-2000
-317
81
4470
-3451
660
2705
142
3843
-3788
-6346
-5573
3261
7999
9729
-6908
9583
320
8399
-9540
5966
-1170
8553
-1505
-4048
6612
-1176
4229
7823
1401
8326
-3174
9352
-5232
5767
5171
-1765
-7957
-3505
-721
7429
-499
-6949
-8907
2055
-5879
-2742
5144
5590
6241
2398
8337
-2059
1293
-299
8871
5123
-4042
8840
-1031
2465
-2261
2136
-7293
9130
3731
-3563
-389
-4797
550
-1982
172
5662
-6771
-9761
7141
-2245
-8721
3435
-543
-6809
5959
-2092
-1108
-3827
8595
-9751
9490
-5378
-1090
-1457
-4715
555
-996
2008
9237
6265
1801
5961
-51
-1667
5441
8941
5285
2261
-2096
-9727
-2610
-9272
6786
3284
-5716
-377
6134
-4041
3378
6630
7727
-3043
5415
-378
-2242
4884
-6846
4452
-4979
-3868
3180
4163
-4720
3447
-1897
5659
7298
8873
2113
-7235
-5880
9812
-8812
6467
-1074
2074
303
9319
7794
-1560
6100
9780
6011
4319
-408
-266
-2205
-1157
-7798
3400
3285
5689
3183
48
-279
-3546
-996
-9265
-1777
-1215
2754
-5336
-8462
7556
-8750
-5789
-3782
9412
9217
-8472
8707
-4632
-4628
3836
1088
8531
-4465
-8867
1067
2965
1443
-3445
6580
1796
-9999
-9356
-8377
4764
-9044
-5279
5033
9484
9287
-353
-2880
3585
-8996
7093
-893
3765
3924
-3666
1174
7080
836
1231
-7717
-7382
2015
472
-2609
-5079
-3292
2614
-9927
-1504
-6413
-3094
7381
6291
7880
4763
3198
8361
1940
78
5223
3147
4928
6945
-8647
-850
4578
9248
-106
-6457
-5631
3920
-6533
4679
2017
-1132
8120
8189
-195
7530
857
4998
4211
9378
5799
-6047
-4129
275
-565
-1491
385
461
-7224
-1368
-6531
2658
4173
8667
-4719
6998
3866
5471
-29
7629
-732
-6540
-7295
1858
2133
2273
-9820
-739
-8057
4416
-3692
1498
1177
3053
-5567
8230
5904
4256
1951
-5833
-5807
2431
-384
4730
6822
3974
1435
8137
-7908
6446
-2860
-7118
2458
1160
-2353
-782
-7589
1699
-9044
-2329
-9091
-1830
-4291
1685
-8055
2716
-8784
-6463
-3833
1361
-6889
4890
9550
-1423
6369
-8750
-3601
5245
8511
393
6068
1828
-9085
8015
-4315
-1032
5171
-2137
-8314
-6761
-6041
8468
3886
-7763
-4539
2837
3594
-626
-4566
-2838
-240
5363
-1297
-1575
-7562
-3998
-2394
1316
-7668
-9964
-8714
2928
7538
2622
2157
-1001
-6809
-2181
-5407
-8625
-5849
6201
-3814
2354
1102
-908
3302
-1480
-6827
281
-2964
1858
-5597
1420
-6580
-9598
-6778
-949
2700
6221
-5418
-3344
-3590
-891
-1746
-730
-8066
-6848
-576
-6620
2506
-9369
16
-1402
1819
6991
6868
-5123
-7257
8835
2256
-7271
9866
8364
-5401
-1043
48
6589
7396
2325
8181
-1854
484
-7238
1572
-9083
6503
-9929
6239
7881
6083
2869
7107
2385
6754
4727
-2539
-3655
-973
-8220
-2824
-8748
2486
-4819
-4238
7264
9565
2310
-4771
-2829
3479
6774
-3316
208
-3702
9457
7646
9828
-7689
-1440
2007
7444
8487
-3155
-1525
9211
5257
-9421
4354
5546
4836
1142
-5544
9150
10
8788
7519
-626
9702
9854
-2009
2638
6966
547
-8162
-9518
-8576
-2749
-6653
1494
-7903
-5427
-5503
-5720
-7929
5851
-6059
-4256
-5585
1122
6697
180
7980
3943
5131
8888
-4005
6449
9549
3073
4098
-3731
-3313
7598
-8278
-4275
542
-176
-7702
2073
2919
-8318
6637
8832
9669
8094
-4729
-9122
-9529
-5691
9896
4450
9621
-5374
-2853
6504
4660
1399
-5321
-1752
-6975
-1102
-9596
-6639
-6618
-3933
7164
7339
9194
-8610
8177
7291
-3123
9530
-7186
6495
-7026
-1116
9716
9692
-5015
8897
1664
-5059
3748
9989
3549
8607
3887
4916
9014
9455
-2805
-239
-3562
6944
2727
-7031
-996
1596
-602
-5106
7854
-562
2026
-4083
-987
-585
-3454
-8167
-8887
7104
-5092
1194
4773
8522
1255
-5435
9989
-1734
1047
-4227
-1805
7651
1550
-981
-7348
-562
-8939
-2180
-9075
3653
-1152
-6503
-6966
-3475
-2561
7183
2101
-779
-1837
4906
3747
7596
-8563
-1862
5506
-2046
-8578
-7087
8262
4919
2080
228
7191
-1258
-9560
-9508
-4308
8458
-3158
-7858
-7424
-9373
-6039
-6312
193
-5730
8881
2402
-7631
845
-9701
-4137
-1763
-8291
-8846
-5269
4441
-242
7513
530
1904
8861
-540
3112
4829
-7760
320
3741
1754
8479
6068
-2831
289
7839
5461
442
-8082
8313
5402
-1008
3446
484
2135
4860
-8690
5377
166
-6
-9955
6604
-5108
-2175
-6672
-9333
282
1380
-6712
1345
-7614
8276
718
-2065
-5166
7695
-691
-5897
3297
7060
-4170
-5283
-7626
2667
-31
2262
-242
6641
-8657
3115
-4489
3639
-6372
6788
5682
-6947
5451
7172
-8980
-3403
2
5275
8384
3583
-1235
9582
-7895
8429
-7110
-6882
-2550
-2128
-9304
-3040
6695
4155
9181
3534
-32
6398
-4209
-3451
223
6559
-7496
8098
-5687
-4464
-2362
6780
-6817
2685
-4811
2587
-1087
7326
2433
5695
448
-486
7385
4972
2249
-2032
1406
-3045
-3568
-268
-6275
-7746
8851
2346
3665
-6032
-5500
-2238
-1222
365
6601
-8708
546
-3586
365
-5332
3503
8922
2725
8086
2604
3009
6203
-9348
8859
4303
-421
2505
-9199
5916
2058
9070
4567
-3361
-9096
-7488
-8463
2664
5702
2210
1922
6522
6380
6102
-1211
-829
-1927
-8520
-6395
8563
8314
9186
515
-3309
4820
4891
-9855
-9924
-7002
-113
-3996
6064
7845
-4955
-9800
5555
6892
-6847
-9646
9840
296
4401
5572
7475
-5259
3732
2950
1227
9890
522
-9112
1621
9371
-2003
2068
7490
-5870
7150
-2908
-7922
-6727
7190
9686
6826
-8812
3581
7379
-7760
8878
2711
4128
-762
4253
-2220
7165
-1466
-6225
-3778
4728
-8191
10
2376
2395
9614
-1940
4498
-5941
-1858
9814
-7284
-1476
8046
-1910
9168
6009
7647
-54
5861
9468
2264
-2625
1934
8819
1184
-4436
5327
6320
-1551
-9433
268
-1163
-8873
8129
-1697
1782
2457
-3600
-6351
-2820
-9270
-1455
-7040
-9630
-8717
-7861
-5724
-3549
-3338
-5428
-298
2101
-8457
-4230
-965
-8127
-6030
-1965
-7824
4101
-8769
-6437
3436
-3357
519
194
7891
-8326
2764
6147
7730
-4478
-871
1085
-5262
-7743
7755
8289
-8169
-549
786
7213
163
-2646
837
-9290
8327
4121
-4416
3074
-3851
-7757
-4574
-6403
-4955
8365
543
7971
-6075
8009
6914
2915
954
6643
-8872
2206
8443
4369
3489
-5663
5230
6220
-5223
880
7661
-298
8316
1643
-1010
3338
6119
-9334
9059
-9938
-2034
-2224
-1077
-6729
1338
4521
9754
3481
-2737
-5201
-2237
2529
3661
9563
3885
-7815
5439
1162
-7954
4969
2783
3985
6681
-4103
-8021
-8357
-5584
6473
-3347
-1409
6297
-3118
-9568
6917
3254
-6495
-6984
-8368
-8572
416
2745
2229
-9163
-1266
-9868
4826
-4726
-7069
8975
7124
7391
-6771
7130
-2945
8927
2113
8779
7103
-5481
-8610
-7615
3160
-2605
