-8405
7023
5255
2708
-6018
-3728
6433
-5329
-4508
-6951
5725
6893
9109
4684
6272
3595
6293
5861
-5403
-6061
-3425
7606
-1270
-9718
8260
3460
-6429
-7805
9228
7531
8165
6731
-6053
6723
-7161
-2283
-1500
-6975
3158
-8483
3326
-3965
-8113
5344
-7762
-9705
-1122
3911
-764
7040
-7048
-1349
581
-3089
-5844
-6974
4617
5469
2726
7762
-8170
-7415
9523
2788
5615
-3666
-6803
-1871
5799
-9954
-145
-2211
6844
-3992
8175
-4347
9507
6968
2449
-5061
-4332
4817
-4938
2842
5042
1580
8199
3099
4016
-8865
7103
-7535
3997
-674
5568
3825
3453
-1949
-7154
9155
-318
1680
9410
8291
-6555
-8589
3380
7820
7123
4674
-9982
3482
2320
-4576
-3061
-4702
-8978
-1386
-9611
-4285
-596
805
-7238
3004
-6670
9536
1835
-8304
-7315
-9408
-3351
-9375
3519
-5149
-3540
3429
3387
4369
3893
7018
5460
-1718
842
1682
4372
8882
5998
-732
8234
1943
-29
-5054
614
8946
-402
-2067
1472
2431
-6783
-9920
9028
-3849
-7088
-326
9570
-7980
-4179
828
2508
-8331
-3030
7560
836
-5019
1990
-2618
8420
8334
3636
-6027
5460
5078
-7157
-2307
6889
-3970
3930
-2168
-5166
1583
370
-8887
4913
-1591
-8382
-2826
3008
2815
3591
-4143
-5314
3187
1770
9395
-783
-7136
-9650
-7918
-1552
2443
9768
-2486
477
-334
1913
5374
8373
-3685
9057
-8505
-9956
-6981
-3916
-3812
9312
6144
4765
-5569
782
-9488
-9960
-2209
-1398
4295
-7056
-2472
-8876
-7754
9204
3559
-7456
5810
-8413
3728
5357
-9142
-327
8101
-8385
-7552
-7672
-6926
-3458
2127
-6734
-198
7215
-8779
6169
7645
-829
-1145
-1818
672
-6170
-2762
-5691
-5220
8792
5253
-9859
9951
9960
9351
-2589
3868
5610
-3564
-9155
-6306
36
-7030
-8774
9893
4744
-4828
-7279
860
-7805
-2086
8971
-382
9004
-7736
4084
-5404
-4544
3735
-972
-7545
3002
2244
-5395
5174
-2378
3209
-5925
-947
-7736
-9752
9779
7893
878
9734
-3881
3699
-421
-6131
1419
127
-472
-6465
2485
5603
6452
-4538
-3282
-5419
-1120
-242
1487
6464
-6289
8396
-4153
-2505
-6858
-9176
4742
-8179
416
-3362
5064
-8580
4634
8780
1753
3085
-5740
-7816
-5834
1326
-9979
-1829
-1744
-3190
-8226
4632
6446
2464
-5722
9083
-9613
8060
-9030
1760
-5554
-6214
-4984
6641
-9922
-6367
6315
760
5445
401
-7113
8223
-8442
-8514
-2660
4696
312
2040
7883
-4606
-9120
-8788
-1353
6708
2574
7536
-1298
8026
-3589
-1118
-2343
7031
3531
9076
-3057
-5680
2730
1945
-8067
-3141
-5687
-1393
4704
-9098
-5510
-2260
-4155
7914
-7266
5760
-6361
5438
-6317
2815
1224
-7848
2597
-9999
4760
-2767
-4522
3698
8982
9580
-2376
-8805
9567
9472
-5163
-672
-6512
7458
-1540
-1782
-6055
4700
902
-5907
1080
6357
2962
1210
-5256
-9669
-9017
-4954
-5120
1009
314
-9551
-1561
6592
-1362
6659
-3972
-5668
7511
240
4709
9396
8549
1159
-8751
1688
8698
-1840
912
8071
5505
9887
-8089
9218
-1280
6100
8139
-798
3740
-8993
-8500
4307
-1856
371
-7514
2092
8654
-2884
8860
6466
-708
9066
6222
-8046
-5556
-4392
6660
43
-9101
7062
-1301
-3208
-2996
-2389
-4639
-3518
571
3128
964
6722
-1197
276
-6270
-994
-9710
7338
-7590
-7898
-699
-6071
7641
2371
7654
-7701
-932
-1602
-8164
6048
7032
-5198
4491
-9381
1461
-4307
6254
4047
-3390
-8144
-6418
1127
-523
-5747
4602
-3557
3933
-9848
-5757
-8441
-2286
5719
-9108
3544
4987
-2217
-4862
-29
3407
1419
7601
449
-2036
2023
-1300
2009
4534
-4963
-5130
-4128
9652
6125
969
-6876
-7432
-4963
7902
4531
4815
-1373
-1469
7833
494
7575
-1925
8063
-7658
-4774
-2403
4404
-7692
-9350
-3549
-2795
8412
3583
892
-7062
-9820
1832
6422
-7648
5208
-763
8434
-7105
-8750
947
-5063
404
1233
-3172
9851
-1045
3698
-8157
-96
-3292
-5961
2159
5887
9784
3695
2571
-7196
8351
-6475
-2963
248
3204
-8419
2478
-11
6640
6856
-4184
9909
-918
870
6374
1732
6324
-4056
-1000
3401
248
-1602
3645
12
-1512
-8824
-2985
814
-5534
4200
-7665
8577
-4285
7029
-5559
-6443
-5325
6412
3425
-7269
-8822
8417
7330
-6213
758
8867
-1448
1710
-510
-3644
5074
9532
-574
9507
-7039
-6611
8885
-3782
6276
4186
-1735
-8524
7637
2097
1923
2655
2234
8192
-9524
-7337
-2504
7093
-1297
7963
-6934
-8356
7980
-2490
-2627
-2262
-3252
1997
2682
9877
6806
-2985
-6046
8203
-6921
293
-6069
7961
-4216
-9659
9762
9096
4564
-388
-4566
-2863
-4862
3610
-6109
8293
1891
-3993
-118
6590
-894
-1420
-3048
-8707
3456
-7970
943
1197
-7054
-6764
-7593
-8676
-9482
-198
4195
-3047
3661
1174
6259
-4819
-4828
-1472
8581
-5031
-6621
-9531
4535
-1557
-5954
4753
450
8264
7669
1188
8127
-1186
-2032
-3877
6175
1425
-6286
-5720
-5195
4085
305
587
-3630
8051
-3238
-4582
6955
-4998
5029
5187
-3158
8738
316
7487
-5483
-3218
-5502
130
4798
9046
-5061
944
-6540
-1181
2995
2453
-942
9503
3961
-3889
-9467
-9722
8955
-5225
-3974
3716
3011
-3550
-1069
-8539
1790
9247
-4815
-5502
-8098
-2179
-1501
-3461
-9400
2073
-9648
320
-794
-7988
7434
-3314
-9639
-1610
1042
8257
-1130
-5166
-1115
-3367
-2027
6642
-3061
3017
9680
-4016
-2611
-4098
178
1258
-3317
-6878
248
-8701
-5845
1332
9619
-117
793
-3957
1709
4868
-3301
-2807
4284
-5920
-310
7300
839
6907
-6699
4772
-8686
-6953
-9642
-2912
8658
-7211
3753
-3130
5095
5671
-5504
1757
402
2561
-7411
9064
-9419
-5903
-4181
412
1187
-3812
-3008
2535
8774
-4655
7398
-5641
2608
8405
-7600
-6449
-8937
2797
2946
-5579
6486
9092
9457
-2759
-1879
-1641
6290
4419
-1770
815
9133
-1875
-7392
-5360
-5939
-2290
-7813
8165
-5266
-7636
-5305
9820
443
-5592
7777
4676
-7102
-9276
-4985
5022
6116
7119
2761
-8290
-2924
-1027
5356
9041
-2722
1769
-8421
-3162
-3767
-2503
-9184
5666
9745
-6735
-4265
2374
6441
2733
6872
3030
1014
6698
-5557
-6935
9101
2435
-8046
518
-4655
8718
3678
-4073
-2205
6341
8086
8409
3600
-8771
3684
-4876
8088
-8284
9019
1833
3998
3800
-2690
-273
3165
8954
-9575
-4479
-6150
-6836
-785
2681
-2127
8644
-9582
-1230
-606
-9528
4271
-8370
-7072
7237
9242
9403
-5546
8081
-4618
-1129
9906
-4441
-811
-4156
-6928
-9861
65
9339
-9405
4566
-4699
-3416
-5971
161
2657
9288
4017
-235
4663
2709
8023
-6868
-1290
-7598
-2356
-3973
-8404
3470
-7496
-4507
-1438
3004
-2156
-1233
-9225
4003
-1555
-1692
-8941
-4810
694
-6513
-1702
5674
-4868
-9185
-3490
854
-5103
2719
7694
9530
-7052
-4951
5629
6670
4387
4917
3912
-106
7040
-6878
2019
5594
-4275
-9423
5197
-4736
-4673
4639
-9936
1047
5616
-7076
-6584
-4066
-591
7783
-4464
-1639
-7058
4264
-2277
4444
2625
-7381
-8383
-5030
2878
-5651
-9675
-1324
7993
-9218
8727
3422
2577
-309
9942
5058
-6911
4443
-268
-7821
3450
8841
-3139
1837
275
1420
-6126
-7290
-5826
5124
-8205
4610
8055
9652
-9848
-6967
-8214
259
9783
8256
-4147
9834
-707
9343
-1060
-2585
-3587
2118
-9709
-8932
-7594
5769
2739
-929
5961
-2884
3099
-2385
5837
-4545
-4208
6728
4857
8694
-1175
9431
5908
2925
-2094
5538
-4941
8411
-1341
-6219
-3959
-2258
-3031
890
-3448
4724
-7196
-8635
-6755
7761
577
5060
7576
-8397
194
-8799
-393
-5173
6068
-9984
5182
1215
7970
3151
-314
-2264
9183
-6360
4501
-1969
635
3784
-1926
-3046
6715
8253
473
3326
-3562
3577
3467
-6634
2800
-2727
8944
-3599
7225
-7481
-7781
-5621
-5543
6651
-2078
-1356
673
6772
3135
7522
5571
4594
-7129
6417
5137
-2133
9535
-6839
-5128
5559
-8006
349
6778
6495
9500
5401
-638
-8351
564
-3494
902
2533
-3957
9270
-273
3183
1829
-9727
-7039
5424
5311
4447
-4272
-9928
-1303
5583
-5897
1083
-5134
-5277
-9931
2109
9919
-211
4410
7206
-2849
-6930
3895
-9823
4992
-6517
-76
-6712
7043
-1688
-7619
5794
8437
5326
7820
-147
4398
7289
5302
-2087
-4697
-2599
-3058
5988
-51
-345
1540
-6077
9313
-5827
-7880
-9183
-1823
-9021
7160
-193
-2404
-3015
-4183
-8647
-2809
3223
-9166
-6645
6581
-4689
3724
-1832
-492
-8238
7373
2283
-1231
9718
-5675
3503
3116
8513
2642
1648
4083
3198
-4553
824
3399
2555
483
732
5483
3687
-5028
-5629
9933
-5560
-8902
2134
-4023
-3898
4388
-1438
6468
-2027
2540
-3192
-167
9144
-6477
-4587
-5269
5517
8282
220
-6156
9175
-778
-9348
7197
4543
-3879
-693
-6159
2176
-2427
1476
-3095
7569
9664
8170
-3123
-6855
2480
5449
5652
1549
9850
-8115
7277
7231
-1362
-2767
-7558
-4595
-1917
5123
3596
-2681
1513
-8787
5785
-7376
-339
6080
-7137
4436
-8189
-3977
-4055
-3272
7964
-3404
9946
-5251
8171
6847
-7352
-9181
1870
6022
-1301
-6907
2181
5690
-7715
9846
-8780
5529
3995
-5778
7345
1073
6165
-5271
8394
-4646
-6095
-123
1642
-9102
4599
5630
-7284
6156
-6705
3004
-1656
2824
-5373
-1714
4450
-7256
8656
-4519
4667
-8697
5487
-5128
7865
-9648
3780
-3464
1866
1182
-9405
-1630
-564
3225
-7414
5346
9220
-8092
4520
-2231
1311
5422
-5694
1403
6404
-9642
405
-6822
9117
1430
-6657
4884
3422
-6057
-106
-5675
6849
4012
4519
-8039
604
-2375
2212
-35
5809
1990
-6363
3826
-7546
2192
-8725
-5325
-7998
-8370
5426
-5216
5307
-2827
5433
796
4184
-6729
-9796
-9328
-8899
465
7372
2765
-3717
-461
-5664
-5139
4938
-9543
1911
-9078
2269
-8809
609
1246
7678
3207
4710
-3984
4298
-9189
4386
-1391
-1125
4
-8361
3571
-8427
-4170
-1735
8176
-4824
-8011
3359
-4794
-2277
7419
5606
4943
-4391
8181
-2716
1163
8451
6656
8172
-4243
4522
-4124
1555
8721
-8703
-4296
6608
-5190
566
5849
3437
-4635
5603
2286
-2139
1364
8961
-8090
4301
1773
813
-4125
2198
-3168
5658
-2945
8846
-2283
-8074
-401
8820
-8165
2949
-7779
-8217
9296
8062
345
-2814
-4338
6918
-6660
9058
5688
-2856
8768
-1738
-5345
9482
8722
-4519
1762
-8680
3638
5221
-1060
-160
-7543
3751
7269
3055
7998
7000
-8831
-4859
4222
2665
4989
-4792
1602
497
6033
-447
4727
-5616
1061
-8243
8334
7469
-1793
-8037
9662
9230
6511
-7617
-4832
-986
-7295
-9835
7363
4031
7827
-3567
8309
-8998
8938
-5936
-8778
-9416
9280
-1418
-1733
7881
-4384
7190
2863
9164
9747
-1431
4280
1524
-2567
3029
-1964
7832
-7545
4301
-8192
-6688
-4824
7153
3577
-2688
4869
2032
7155
9982
567
-6840
-1601
-9644
7134
1874
6271
-6247
8884
-3564
6098
-9688
-9001
6724
-908
-6741
-9098
-4075
4884
-5890
7543
-5647
2880
5283
-6077
629
2416
-6095
-2375
-7688
7462
832
3235
8253
9715
5989
8026
-1627
-6621
5668
2208
-5197
582
5671
1255
-5641
-8813
-3798
6722
-9506
-4190
5171
-6821
-4110
-4339
7766
-8971
1728
9383
-2171
-5343
-3490
-2366
4820
3109
-6317
-4893
-664
-807
-3203
7544
491
3179
6511
4074
-2676
-5210
-5504
8432
-6446
8268
-3968
4969
-9449
7479
-619
5359
-5037
-6512
7720
-8586
9743
-8879
-2156
2921
-3014
9743
-5831
-8173
-8098
9958
-2793
-6703
-6675
3125
-2582
-5585
-6232
-4445
-6213
543
4294
9952
1392
1201
4317
-8411
7504
5942
8445
-9491
6012
2030
7294
-6962
2765
-3563
-4757
9837
-2545
5408
-2936
-5232
-1946
-8466
-4885
5706
-8718
-9346
6911
-8088
-563
1043
-5175
4342
-4117
-6076
4812
-676
-8419
-7959
-5603
-2722
3228
7592
1842
7787
-3007
-5871
-9964
-9588
1953
-1751
-1104
1474
-760
6557
9565
5729
9749
-6903
9052
-8382
-6091
8823
5001
-7933
2201
4155
8698
-8530
2573
8400
5669
-4838
-5833
-4081
9639
6200
7166
-5492
-8317
990
1864
4851
2916
8248
294
-8973
2469
-2951
-3702
-8878
-2468
2823
6542
-6402
-7769
-5821
-9816
-7795
505
6066
338
3053
-6142
-5929
3382
3726
-183
-2430
5972
3426
2766
-4357
-4704
-9054
4509
-5269
9047
568
2176
2813
7693
9176
5410
-2670
-4815
3249
-3353
8080
6536
-7002
7691
-4550
3396
-8643
-6761
5614
-20
-9440
3772
4240
286
-876
3610
-2320
1989
-2208
-9689
-3768
-3164
-2694
1761
-2451
-5096
8060
-2659
8642
-7098
-1705
-7600
-4597
1033
4613
-842
-6106
6510
4024
-6887
-9741
5989
-2927
-2862
-156
-6997
2891
-2360
-271
-4487
5598
-5292
8216
-1981
3243
-2268
-8312
8522
8285
9625
7907
4926
1786
-9414
5624
3445
-8003
-8150
3103
-4380
8011
-641
-4244
4049
7630
-8949
-6299
1301
5991
1951
-651
7191
-7826
2805
-7990
5729
-6457
7949
-1628
7921
-4927
-4682
-5527
-8344
2224
8360
1308
-3621
-2608
7363
-464
4056
3886
-1025
9818
1915
9965
8232
-9236
-8202
6523
5148
4783
-5889
1207
9585
-7974
4418
7273
8410
597
-6370
-9585
-3330
-4339
1790
-5708
5726
5808
4650
2020
674
-4052
1977
-8200
9143
6186
-7188
3367
-5899
-7763
1201
6520
2137
-1865
1075
1895
5633
5039
-4168
8060
-8720
3084
6802
-4122
479
3158
9284
7234
7103
-5247
1438
2077
-6950
-4865
8409
-5742
9718
7549
7274
-640
-8838
5660
8536
-4948
-6691
-295
-717
-6963
-2805
7616
3290
-6764
-1566
7626
3524
2986
4071
-9221
9758
-7864
-3200
7500
-5884
9338
6486
-7150
-4498
-5519
-3365
2832
-4168
-5754
-6485
-2485
-1663
-140
-3275
-9560
-3683
-1166
2437
7326
-5249
-9602
-4669
-249
-6878
-1845
-2245
4219
6392
9472
4599
5762
2034
-2929
6611
3869
2347
-587
-477
161
-1677
4867
-5198
5047
-1770
1792
8788
-6739
4527
-7990
-3546
-8168
5271
9387
3765
237
-315
-466
4917
3590
8139
-867
470
-4883
-9222
2914
5401
4410
5931
-1368
-480
-6825
-1874
6100
5438
-8092
-4833
1281
-4693
-1253
9404
-2685
-3320
8148
-2738
-1419
2483
-393
2087
-4035
-7443
840
6106
1314
-7533
9977
-3799
1025
3651
7347
-4776
9087
7683
-2702
-3389
-5706
9225
3306
-4264
3777
9839
-2514
-4314
516
-7464
-3744
2092
8896
-148
-6961
6465
9910
-6587
-2124
-5398
451
5611
9019
-5668
-3752
-9539
929
-3523
-9963
-5057
7425
-2934
2504
857
-4547
-6992
-1973
-298
3443
5595
-250
5152
7368
-825
-6458
4869
-1004
1247
-5260
4163
9034
-3604
1109
1737
-6704
-4788
-2506
-9999
3430
-9379
-3989
2600
6894
7431
3344
4061
-365
2126
5045
3782
-9931
321
-651
5129
-3950
8300
5175
184
8311
-1009
-9585
-1364
4692
995
-4019
-2140
-5625
774
7721
-2914
6329
651
8514
8468
825
3720
-3225
-499
-8463
-8639
3065
905
-7009
-6488
-1783
-6334
-8845
1876
-7726
5463
4362
-6833
3702
8982
7649
148
-4883
7775
8496
-7994
5349
2818
-557
-6268
794
6751
9101
-3840
5457
-5489
-4229
8504
7901
8085
9277
6710
2178
-767
9509
6131
-9297
-6658
-9630
-5491
8511
-618
9745
5753
-2811
3844
-3590
5964
-9748
-6969
2119
4653
6436
-3041
3538
3323
-9339
4418
-3016
-326
-9424
4883
2878
7422
9488
-3613
1450
-3713
5909
1957
-6632
3083
-4801
-3113
8519
5571
8547
-7843
2188
5460
2005
8336
9364
-1323
-9362
-4012
-7250
2803
8832
1514
8920
9551
5547
-3066
5036
3904
9915
3985
-3181
-8534
-3489
-512
-9427
-5740
8000
-3025
9647
-393
4888
-4411
7922
-5135
2385
-7475
6911
-5992
7797
4900
4837
-5869
-3691
8617
8485
-1056
-4650
-7210
-9747
-4393
8259
-3253
4897
-8945
-813
8371
5664
-7462
-3481
-6392
5430
-2255
-1854
6970
6824
-7478
-6837
-2698
356
-3548
-8005
-5953
5845
2375
9463
-8342
-5054
-4627
6601
8433
-6162
5509
-2777
-1821
8851
4037
5788
-6387
-5519
-3044
9728
-7
-9126
1623
-6082
-7394
-1097
-9076
-7268
-4279
-2588
8397
9332
-6720
-2630
5086
-9221
-9402
2886
-2198
381
-7902
-8246
5228
-7039
2463
-125
7063
-2851
6311
3674
-3017
-9982
-1425
-2075
7457
-4639
-5759
-1751
-1794
-13
8332
-602
3349
-9816
4530
8610
2221
-668
-5214
6542
-5266
-4984
9733
3720
-8413
-7081
8768
2055
3755
-8814
7360
8789
1433
-1599
11
9571
-2407
-1929
-6241
-2940
4510
-990
-353
-738
-8121
6484
5296
-8193
8975
-1391
-8783
-3326
-4302
6700
8316
-1141
4650
699
-8029
-8328
-6306
7314
-8385
-9370
7181
-1788
1475
4389
6544
-4326
-6901
-624
-8093
-1475
8728
7924
8075
-3528
4330
3439
-3715
7288
6195
-5055
7186
1683
8203
8854
-5110
-7263
4660
-4718
-1177
3082
2727
-3660
-9170
-5466
-7066
8676
3246
7148
-5418
8509
7987
6778
-3740
-6100
-6116
4614
-244
3396
-4578
1843
7953
-3358
-3390
5041
-4807
9103
725
762
340
5167
7891
3073
-5164
-330
3683
-5009
4481
-3133
-2637
5922
2923
1227
-3706
2596
6696
-686
-951
-2808
1442
3502
-2709
-8109
2144
5748
5819
-984
8133
3342
7632
2775
-7983
7849
-442
-523
-4724
-768
1349
9044
-5421
-7748
-7997
1721
1033
-3032
9310
-1539
-7315
-1972
-5619
1339
-44
-283
7941
4368
-484
-5382
-1731
2793
-6492
-7128
-1036
182
4145
6450
-7728
-7303
-9014
9796
6028
-9931
-3469
-6528
-7141
6550
-5290
3088
-2576
4130
-5517
-9535
2283
5699
-3122
1312
-1477
6654
-9906
-3911
7617
4953
226
-1824
-8246
-4494
2981
5311
-5294
8449
-48
4988
-7857
6181
2199
-7844
8799
-5837
9691
-8129
8971
5770
6149
8485
-422
9941
7540
-370
-3841
9551
-7640
-3153
-7840
7378
-8315
2894
-3344
-178
-3529
-6666
-7452
5114
4496
192
312
-8316
-1006
-9726
-8412
-2603
3558
1792
5032
-5012
7713
4107
-1829
-9023
4590
962
5523
-9143
-4988
628
6572
1268
-1204
4777
-3059
-9297
-12
1963
5961
5444
-8062
9603
-899
-473
-8737
-2800
-4193
5438
-6648
8568
9166
-9677
7615
-5133
1287
8503
3153
-2344
-2538
1294
-3206
-8992
-9264
7705
1024
2883
-8991
-8049
-7151
-4178
-9966
5115
-3980
7131
3306
1808
7327
-9776
-3739
-2635
1821
6245
-2452
368
5002
3001
4801
3398
-16
7809
6076
-5476
-8991
-9230
7664
-9622
-2109
3095
2195
3016
-6446
4630
-7546
3647
-3028
-2351
9634
-7973
569
-3310
6290
-151
6623
396
482
-3773
-5752
10000
-485
-7929
-8374
2289
3833
9157
-5343
5861
-7924
3200
-5999
7923
-1276
5211
6261
-692
-4086
420
9608
-3954
1479
2360
-5278
-6952
-2702
8427
-8880
-4142
6915
-8084
-5505
-2168
-5842
-3101
-8917
-2624
7194
2588
-4012
-8345
3559
4441
-8928
1227
-9513
902
-8378
3321
-6417
5107
-3649
2933
-4294
1680
-9472
-9398
-709
-2362
9179
6720
-2520
3383
7094
5687
3725
-9221
-8242
-5971
-792
-7167
4654
3247
4732
1766
2116
-6315
5916
-4944
8493
-4620
2448
-1552
-627
-4626
9170
4984
2193
-6336
-6723
-3496
-7152
-5406
-3363
6476
-953
-4748
-9585
-6161
5084
-5122
-799
-4986
7983
-8771
-2578
-9815
-1972
6668
3061
-3639
-1157
-3848
9821
1067
5478
4171
7056
-5219
-8517
-7652
-960
5752
-2433
1032
7420
4789
4910
-1331
8691
2465
-8866
7192
-5811
-1073
8710
-7341
-9044
7472
4328
8780
-7862
8555
1272
-7316
3322
-1715
-1078
5853
-1206
-9550
9580
8320
8303
-9043
-3536
9567
-5594
-7493
6241
408
3896
-1609
-9689
3455
4783
-1695
965
-7191
383
5034
3489
-4062
-4476
-3564
-8656
-5693
1829
-259
2865
-1427
1108
6715
-9430
7356
-2346
1717
2859
5761
-6473
-1372
-1895
6518
3098
-8808
4619
6708
8257
5624
3895
-6460
-1469
-9970
-6111
1613
4650
-3891
6250
-3260
4892
-6859
-6369
-642
8623
7817
-9574
-5063
-3952
-1629
1704
-6429
899
-2272
-5773
2786
5238
-6372
8270
2054
8639
-9780
2023
266
-9965
-644
-5995
-6958
812
8393
700
-2255
-4978
1512
-1218
-8752
2879
7999
2281
7598
4752
4415
5326
-1450
-4391
9018
5165
5989
6266
5782
-48
-6594
-5621
-4574
5433
-772
1635
1586
1323
-4968
-1440
-7900
-9640
1172
-918
-2821
-6959
-9685
5789
-4498
-1348
-94
3884
5819
-1767
2046
-4860
149
6941
4029
-5138
-8997
9439
-9497
5589
5238
4281
8185
-6015
3835
-375
-9407
-5318
9598
2221
7416
9851
6665
635
9802
-1071
9221
-1677
158
-2298
313
5542
-3886
-4785
-987
1213
-5627
6923
9650
8187
-9937
-7409
1541
-3085
-1899
9565
1021
-1919
4258
1946
-3103
8740
-5355
2352
-9500
3919
-2635
-120
-8959
8642
3157
-6314
2383
8330
-9210
-4476
-8586
8294
812
-2040
2837
6275
3169
8331
-2252
-7349
-8887
1234
6679
-2534
414
-4857
-5834
9964
9321
9510
7294
1918
892
-443
-8820
1897
-701
-6639
-1136
-9376
4126
347
1672
-3245
5413
-8727
-1179
-4554
-8224
-6870
-339
-8796
-6128
-9938
2599
-3803
-5065
1514
-1501
-6290
5143
-7927
-7058
491
9871
-2614
5017
-1373
-5412
-5983
1020
-6952
-2954
-4436
2392
9302
4689
-4486
9751
-6261
-2390
-437
-1140
414
-4980
6863
-9175
7208
5556
-2025
-6139
5980
-4262
3142
-4539
-2598
-1266
6092
-5994
-278
-4196
-4451
940
-8821
-1614
5556
9300
-7566
-3741
2298
9727
-8347
4905
-7252
-1249
-3859
-8014
7835
865
9379
2127
7292
4599
-4876
-812
-5670
-5574
-7109
2362
-9071
3340
-2935
6406
-5442
3555
-4130
9258
481
2218
-6444
3712
3268
-4283
-3558
6426
7500
-8398
-9384
-249
5490
605
537
8484
8468
-6707
-3338
-2725
-4368
3054
4462
-5259
-8984
-1524
-402
-6084
4924
5288
-3814
8967
4706
1261
-3462
-9630
2351
-9510
-9962
3602
7412
-4669
-83
6329
4457
-4025
3088
8271
-473
696
3173
-6684
-7426
-3847
-6173
1199
-6202
-510
5892
1129
-4244
9154
185
4822
-4452
-4713
-7818
-8793
4102
8060
8163
-7875
-6035
869
2151
-4753
-3313
-1534
687
-1011
-7437
4740
9148
693
4676
2678
5187
-6880
8798
2419
7914
6245
-123
-2286
-7016
1074
8897
-7783
-5626
6513
-452
-9151
-8098
4658
8893
-2790
1635
7984
5197
5785
-8452
346
-5185
8870
2930
7668
-1975
1104
394
8203
-3138
3580
-3010
-948
-970
3482
2031
-4194
9470
6712
-6144
-3321
-395
-7983
-358
5228
-419
7437
6645
-4347
9509
-6143
-8561
6653
-4230
7317
1393
-8331
8631
-1797
9846
1258
9833
-4458
-1749
536
3437
-1058
3403
232
2758
-3612
-8904
8834
9259
3088
-2711
4829
-4319
5419
-7993
-6877
3370
-8382
6171
-8574
4750
8669
1855
3821
-4550
6879
-7990
6255
-6728
-1696
-3268
-5530
1521
-3855
180
-1076
8520
324
525
-451
7709
492
-6868
-8161
-6450
4492
-1622
4215
7544
5925
8607
-6103
9391
-609
-1147
7420
2390
7514
219
1201
694
4361
915
-9956
9303
7191
-4994
-720
9709
-4285
1195
-1192
2086
-7985
-3729
-8600
7766
-5466
8852
6341
-3467
-2466
-4225
3837
-7567
8301
-1860
-1653
506
-1381
5094
3193
-7815
3928
-9805
-2375
2063
-5294
-3408
82
9293
1277
6798
8802
-8374
-6860
38
-59
2170
3381
8324
-6191
-5516
-2912
-757
-9680
-800
3685
9278
-7752
-8600
770
-1197
-9687
-7811
-6912
9618
-6475
578
-7362
5650
7096
-5334
7850
-9657
-8728
5558
-1229
3440
-197
1542
7639
-7731
319
-5172
7896
4903
895
8192
7315
4817
2402
-4372
-9588
-8071
-6799
-337
-2665
-6832
8165
8997
-6231
-1345
-758
-3066
-6698
-2797
-6525
8432
-5146
-8272
4721
9883
4589
-4760
-5594
2037
-1765
4351
-6925
-110
-1329
-882
-5511
-9640
3738
7826
1744
-3232
4665
8855
9352
-3655
4543
2462
9354
-166
-5528
3694
-7712
2255
-6041
7560
9326
-9002
1562
-2168
2992
-9687
-7460
8495
8130
-394
-2083
-1510
1012
-7586
3426
3603
-8575
555
-2675
-3461
-9419
-5309
3045
3303
2807
8179
8780
3168
6741
-2295
-6218
9078
8031
-4872
3738
-7784
-7695
9064
4968
9365
-6686
-4892
-4477
-8693
-7057
-9796
-1720
-3682
-1044
9722
815
-7351
3379
-6657
9392
2789
8478
1630
3859
-8667
-6631
5251
-9446
-9021
8510
-7758
5006
5207
-2970
-9698
2963
-8901
2917
3628
-3923
-614
1768
6907
2819
-4599
-8472
-2691
-3809
-4002
-1488
-8817
5053
8887
8854
7729
4066
-8399
-8758
1610
-6627
-8766
-9873
290
-1126
8551
8540
-5581
-7623
4454
6082
-9298
-6177
1145
2120
-2048
-8830
-1705
1711
4348
-1629
6348
-7102
-4052
-2423
350
774
-8809
-4854
-1282
-8161
6313
2090
-4850
1779
-3969
8813
3592
-4242
-7923
-9063
-8587
4625
-3313
9367
-6713
7416
8785
6361
6962
1064
4415
1639
-3229
-2886
8336
8724
3739
-5315
5612
3094
7932
6796
1429
-283
771
-8997
7935
-1556
-1485
9685
6062
3481
3698
4581
-9140
4136
9213
9553
2620
-8167
9679
6430
-3164
-6556
1299
6526
-8578
-469
-5527
3155
-3720
1292
-6684
-5417
9465
-6718
461
-6890
9503
-831
-6180
5269
4050
7538
-3386
4705
5276
4456
6307
7552
-9663
-4483
-2986
-3266
-3471
-790
4121
-7969
9459
-9987
-6818
4485
3982
5739
2351
-2862
6754
685
-1975
-5555
-8464
1032
-9188
-6046
5031
939
-600
242
5488
21
3988
2727
5895
-436
591
-2769
2406
4309
-9303
7573
7342
-527
-722
4204
4708
9534
8773
381
7337
194
-8785
-6331
2446
-2870
7987
-7286
2180
2304
8162
1560
8342
-8491
217
8917
5929
-5487
-8103
-3492
-2169
-3658
-9285
7183
3027
3018
-8041
-7793
5508
3013
-9270
8591
-6861
-6681
-5388
-2219
-6
9459
8552
6613
9368
-6470
-7581
6173
-3801
188
-5107
7154
5375
-2583
-2127
5973
-8495
5642
7901
7579
-3893
4511
-3312
-7738
1966
-3671
-8843
2171
5559
7363
1194
-4030
-3779
-601
-3890
-6984
7721
-3569
7040
-3655
-350
5247
-5111
-8497
3695
6141
2552
8932
-5344
-6632
4325
7725
-9903
-4343
2684
5512
1237
-5305
2374
5437
9769
8273
-4769
-1223
539
-90
-8304
6718
-3586
-9375
8102
5349
-9804
1
7645
-9714
-8708
-4166
-5517
4448
-6198
-9375
-3398
3803
3750
-1661
-1868
1651
197
7805
9582
-7743
-253
1203
1390
-7681
8153
9005
-910
9508
6041
7210
8735
-75
-3564
4458
-2033
5822
1629
-5783
-6212
-4226
6267
6024
-4535
1030
-8574
4340
9667
-2713
1930
108
-1927
3709
-5852
-7148
-9765
-6914
5718
-9411
-3265
1614
-9973
6486
2626
-9715
-8756
9204
8131
-3066
-3433
-3067
-178
2048
-9117
841
5854
-1492
1771
5658
-3031
1554
2342
-6160
-227
2617
122
-694
230
-7170
-3448
-9671
-7161
-8984
-9083
6269
3549
-2286
-5411
3827
-347
-5131
8927
1940
549
-2673
3805
-8366
6102
1472
3282
510
-8491
2982
2377
9140
1651
-5596
-3828
2575
-5326
5272
6486
-1384
-7271
6819
5860
5696
-9980
9341
4390
-7656
7503
-6926
9834
9306
8587
8502
668
7129
4164
-4771
5392
7529
-8348
-1558
3854
8572
-7395
-1222
-2471
-9756
9460
5121
2659
9100
-1718
4731
5528
-6560
3311
957
-183
9851
-4281
2460
-3475
-1557
2675
3621
6233
6100
-2846
-5005
-3403
2318
3913
-97
-1772
5007
8977
3394
-9726
639
-6705
4514
5313
2352
1356
-5005
3398
7634
7916
-1280
7706
2891
9798
-3385
8672
3590
-4158
-8950
8976
-1981
-7112
6741
-585
-9390
6107
-4502
-7487
-1994
-3288
440
-6295
-7550
-9746
1642
2438
6396
-2511
9858
-7413
3770
-3610
1198
1988
-5803
-752
-2699
109
514
-5475
-5752
-8298
-2978
-7915
-3290
-57
-4849
7601
-946
9796
-4002
3858
1268
-7309
-6857
-4790
2024
-1734
-1171
7545
6533
-7744
-4104
-8060
2136
-3109
-6575
3052
7490
8313
6109
-8433
2879
5138
3881
-6753
-8564
-4691
5475
-4910
8616
2861
-8723
7366
-5718
7300
8256
-3390
-6900
-4201
7257
9670
1426
9847
-9968
4649
6270
-4443
-3754
-420
-3331
-5175
-2590
-2364
4381
9427
7247
9997
-6923
-6705
295
-1677
-3187
-3726
-7403
9443
-551
-796
-6340
-7502
-4170
-6158
8324
5576
9903
-1607
-1107
3063
-653
6066
-2527
-6580
-2270
-202
-5183
9140
-2886
-1363
-4136
-2770
-1756
-2150
4574
9946
1948
3856
6242
1543
-8360
-821
-7176
-5250
3383
-921
9249
-6548
8396
1198
1488
-238
-1780
-2574
6019
-9802
2912
-9518
1616
1517
4551
5596
2776
9792
-9032
7578
9567
-144
-842
-5044
2444
-124
-9551
3667
-5244
6156
1909
-7009
-4731
-1615
8502
-6820
689
2016
5131
-7928
-6305
-5519
-6944
5093
-2888
9376
-7873
1605
3931
-5625
-3812
9022
-965
-1625
-4606
-2749
-7823
-8751
4101
-524
-5456
4976
2354
-2840
-5349
-3658
5030
6775
-1695
-1647
1439
-5103
-1950
-5807
-7899
-692
-2033
-7648
-4054
-7921
4
3348
-3856
-9155
-3898
-2600
561
-8598
-3926
7281
-1409
2857
-5199
8816
5546
6225
-3737
8567
-6399
-9275
-6378
9268
4266
-6132
4468
-1288
-2333
-9505
-6022
-5700
2067
6428
-2910
-2763
6256
-2134
-1451
-482
5262
-1048
-1824
-1771
3994
7081
2139
5604
-4313
-9293
7114
1831
7733
4268
1023
-1541
4121
-4828
-8959
6155
-821
7781
-8060
5663
-2473
-2886
3519
4417
1698
1660
4498
-4946
3372
-813
-9247
-5855
684
6734
8340
2327
-9217
7744
-9557
8154
1516
-1766
4402
-8557
7191
5322
-8129
1450
5845
1613
-4999
4641
-5027
3048
4314
-8314
3180
4785
6192
8051
1647
-2940
7155
-6853
2123
8937
-9519
1489
-5609
-5896
-600
5019
-8458
8588
5780
5682
-7787
-5784
-9575
-5383
-5306
5142
-8633
-749
-6248
-7612
-9574
-3784
-5521
9479
5432
5277
9114
1227
-2403
-1934
-1151
-3647
-1098
-2044
2181
6806
-8208
7324
-2538
-8509
8751
2624
6473
-7163
1509
-8088
-1184
7091
7668
7422
-6849
-5847
7603
4772
9125
-1075
-2276
7485
-1234
-3612
7816
-5744
-7057
-4264
8155
-7814
-7207
6136
-911
-4747
853
-8564
1462
-8867
-5966
-9883
-4087
2544
3711
9092
-4394
-1700
5513
4864
-1093
9720
5037
-5327
-9695
-2943
2954
1985
6109
-5264
-2368
5488
7768
-4778
4886
7561
-1492
393
4207
-429
7742
-9783
9454
132
-3721
8835
-6846
6357
4476
-4550
1095
9187
2528
-4805
1984
-6685
8051
-647
916
-9348
-8721
8032
-8895
3180
-9697
-2133
-7221
4980
-4734
7846
7657
-9821
5723
-6860
-1333
7798
-8148
-3504
-9878
214
-6681
-594
-2604
-8875
217
2926
-2826
-1506
-906
-1927
8167
-2715
-3588
-4184
2799
7283
6947
2955
6854
1861
-8609
6353
-1518
6360
-7554
6003
418
-4751
8524
2793
275
13
5904
-6814
6919
564
146
6785
3108
-7901
-3306
-3883
3950
1595
951
-8809
-8361
-7565
3757
-6119
8833
4262
-6084
-3538
-7753
-1749
-4306
8304
7264
-190
-5846
4721
-399
-3847
-5089
6819
-5902
6402
-1630
-7010
196
-6876
5322
-9064
9790
3040
649
8587
3089
6629
124
-3523
1158
4768
-2226
-8304
-708
7960
-7617
-5711
8320
-7846
-6506
-3608
4668
6245
-688
4485
-8310
5646
5600
-625
-3040
-4925
8453
7891
-3265
-3323
1030
-428
6208
-7335
-1166
1543
2359
-6488
1766
-6710
5186
5206
825
-9922
-7762
-7984
-78
2242
1227
-2445
6054
1316
-8300
-1587
8422
4223
2388
9531
-894
8435
-9854
4577
2278
-5527
-5659
1972
9616
-1202
5440
6243
5794
4920
-2020
3849
-8992
4682
2442
-9474
-7999
-3897
-9616
-3519
-2536
4773
5135
3776
-9703
5500
-2842
769
5969
8848
3633
-959
-1445
5490
7446
-5150
2227
-5711
-3325
-3649
9990
8654
-2515
-7566
6635
5258
-1240
467
-3756
900
-3726
-7118
550
497
8066
9856
-1606
1730
-700
238
-4846
-8380
-9049
-7435
7984
7500
340
-764
-7789
1845
9646
476
4306
-8712
-8874
-4024
1592
9132
-3227
2305
-3407
1077
-4760
7132
-2465
-4635
9228
-6886
-9213
-5217
5622
-3262
3804
-7
7775
-8574
9848
4324
-7855
5980
-3730
83
-4785
5297
-2289
-4783
-6920
-6739
-6840
-7436
9438
-5486
-8689
-953
-7576
-4564
-7069
-9191
-1847
-3120
-9558
-7658
-3198
8837
1191
7363
-3929
-893
7609
1630
-4588
-3548
5363
2674
-8083
4996
-1135
1110
8557
930
-2383
3524
-5118
5047
2610
-2537
4562
-9466
-9543
-7286
165
9289
-4912
1122
-1643
7392
2226
6221
3671
319
-3376
6869
-7827
-8553
-3439
2817
3834
-4202
-431
-1814
-9220
1266
3463
8494
7130
8256
6455
1651
-1585
-4195
1239
973
4203
3701
105
-2729
-6726
-1527
2127
-4976
4375
-975
169
6189
-1515
-7640
-4153
-1430
3482
7853
6227
-3488
-9131
-6936
-6113
4364
-6389
7296
-2799
-1829
-2125
-1204
1764
829
6386
-9103
4827
9490
4374
3421
-4787
3782
1856
-2433
-6229
-6510
-578
-7316
3626
-4033
2567
1390
6549
-5048
3119
-3579
-9129
9761
-9298
-8839
3619
-1422
9877
6302
-1271
8028
1478
-5270
1635
-9011
1233
-4506
1195
9788
-8310
-8154
-4068
-4215
17
-9520
6462
6535
2637
2170
874
3001
8853
6855
-9392
8299
-7050
-2323
-8011
-8993
-1443
-305
-4324
2969
-7201
-2993
-2851
-9154
-5478
5706
1809
-1188
4306
8507
-1993
-4247
5905
3770
-2443
-4348
4017
112
-6270
3496
-284
-1988
360
-2039
-6859
-7336
6653
4360
-39
-6168
5045
-3070
2591
6939
-3260
2829
-4932
-1931
-4636
-7183
-8440
-6998
-6808
-2195
2862
5341
7735
-208
6747
-5725
4508
-1219
9455
6161
-7949
1507
600
-947
2849
-1406
-9142
-7271
-5686
-7459
8543
-5604
-5050
5938
-5318
7959
1205
8604
-5895
3255
6106
-9031
-3383
3513
-368
7210
-1119
2538
9886
-2523
-4231
8269
8277
-4677
816
9319
-2238
8564
-332
2716
-4853
2080
-2458
-6980
-1438
3706
9386
6963
-2568
8253
-1299
4831
3939
-591
5341
1781
9049
6546
-2468
8758
4593
-1112
-1402
9047
-5528
-2777
7236
-4725
-9225
5514
-3469
1985
5812
2645
2760
4499
5469
805
2357
160
-3132
-5107
-4709
-8636
6247
-5751
-8912
819
-7271
1844
-1806
6334
-265
9807
6875
4577
-6400
1080
-4631
8836
2077
-2469
6346
-6795
7530
-8050
1293
1022
-6843
-5384
6135
-4812
8505
8126
9321
3043
-1777
7005
-2767
7785
-6287
9614
-730
8882
8259
-4980
-4978
-9026
4226
-5940
6770
5048
8629
-5752
760
-9948
5573
-6501
9586
6140
-4664
-9944
-6769
-7567
2452
1871
-2213
-6225
-210
3074
-567
-8515
5113
-9128
9780
5090
3138
-9220
-5890
-1993
-3033
-2380
7180
9550
-8781
-6336
1960
-7604
-4114
6367
-853
1019
-3113
9666
178
3421
-7124
7674
-8237
6804
7367
5405
-9152
7114
1847
2393
154
-1234
133
-8430
948
-1024
485
-7515
-6238
102
4937
-8539
-7312
8738
2771
6853
2028
-8451
-8334
1013
6620
5888
-8239
-6966
-3344
8736
1380
3430
3652
7147
-4569
-3700
-198
5549
-7804
7043
-641
8530
-880
8332
-8655
-8769
9377
-144
9285
-9424
-5693
-7426
9654
-3745
7061
7780
-8082
3472
-6059
-5649
-6503
-2092
-4922
8515
1459
7202
-908
-2283
-9159
4358
8884
-6403
39
4970
-5312
-1491
6961
4269
-3973
-2423
9905
-980
-4485
272
-362
2751
3525
9003
3400
8960
-2514
6423
-9511
-4669
-420
9937
-8230
3435
-3353
-9091
6419
2363
7544
7577
3771
-9041
8494
-3254
-9738
-1167
6828
-5079
6355
4771
-4419
9174
-2837
-5376
2738
-1940
-3979
4171
-9803
-1366
-8447
8774
4991
2054
8426
9449
8673
6534
-4957
-54
-2464
-4167
-7169
5684
-3969
2146
-6899
2428
-9178
-8025
-9200
3553
-7898
1945
7152
-5819
-364
-5255
8082
66
-325
-9770
-6978
9497
2119
5293
-5779
6949
4548
9666
-7310
-6556
-2096
-5458
-2110
94
-8873
5463
8279
3630
4891
-141
-7793
9237
6009
3385
8025
5317
-4110
-6892
9840
-7787
-6348
-3231
6044
-5515
8842
9355
1197
2374
9691
-8956
8164
-3677
-7143
-3972
-2652
-9052
-532
9945
-5202
-2173
-2113
-4154
8911
-5225
290
6278
1574
5757
-5239
-8905
-2753
-5449
2377
6808
-2514
-3588
-670
1408
-605
-8719
-2365
-9489
-1760
4061
2966
8558
3506
-4961
-2013
2728
-4912
-6784
2082
3676
-7126
8912
2767
5423
-3513
-2479
2756
-5459
1921
-5222
-8600
-7535
-4356
7300
-9621
-2964
8663
-8283
-5421
-7782
-6792
-4361
-5546
-1948
5967
-4109
3813
2122
-8772
7543
-9480
-1041
6279
2085
6822
-8011
8445
4266
7766
-9092
2380
8799
-6871
5374
4851
-6340
7054
4124
-6253
1775
-8669
8179
-2821
3706
-2647
5123
-4837
625
8764
8972
1226
-152
-5214
5789
7330
1946
-1329
2234
-8000
-371
4691
-2938
6968
-6609
-3591
-2894
2489
6728
4251
-6414
-5298
-6868
6125
-8486
8419
1403
1559
6538
-6759
-7790
1840
2777
-4096
4517
1490
6874
-5427
-7460
6721
4173
7636
4288
9905
2832
-3035
6395
-8628
7630
2230
-9345
-3106
-2494
1533
-9706
8845
-8147
-3720
-1621
-3219
-5452
9624
-4480
-2381
-4970
7818
-9773
9499
-8750
7192
2337
5166
-4936
-6418
-40
2939
-5985
-5736
2867
-6142
-3392
119
-7110
-4834
-2419
1626
5057
-2245
9013
7384
-5516
-5812
-9042
-1166
7769
3844
9035
-1819
-2351
-8558
1494
8916
-6483
9748
-3361
-1402
5882
9202
-6090
8679
-5114
9371
9467
-5936
3613
7824
-7614
4745
5104
-5689
-7254
8252
3792
-40
9974
4224
-7012
-4846
8859
3964
6417
-2857
625
3931
1354
8710
-7366
-8136
-4913
5824
-5798
8772
-9578
9806
-86
-2474
5106
-1406
-3554
-4535
5185
-5531
2885
-4143
-3338
7037
-9034
9996
-6315
39
-430
1222
-8328
9511
9937
-824
-562
9581
7991
1475
-2181
4333
7588
-7986
9817
3884
6803
-7460
4898
8949
-1023
-7819
-69
-3896
-9693
-7049
7721
-7993
-4152
-9362
47
-9311
-5430
2223
624
-9219
-4303
2148
3735
3542
-916
-1699
4587
643
-3794
5162
-18
6864
-7938
-6292
9347
-6248
-8321
-9170
-8835
-5059
-1676
-94
8230
-414
-9069
1749
-3751
8288
-6417
2122
-1041
8041
8391
2434
7491
3349
-5417
-4928
6574
-2810
-423
-7365
-756
-8941
-495
3565
-6062
7252
7982
-2054
9897
-4088
-8700
8260
4433
-9175
-8925
8544
5145
8214
6949
6453
-3190
-8267
-6366
5649
-3923
-8825
8469
2792
-5877
-5097
6156
-8930
4275
-1771
3295
2323
-2909
-9114
6422
-5238
4821
-1591
-6027
1016
-8917
-6475
4996
4437
6823
7416
4041
7732
-9751
8756
-8120
5484
8501
-6938
2076
-8653
580
-9249
2240
-1313
-9822
7274
1811
-1189
-6526
-1593
-3184
6719
-6332
-8053
-5981
-824
-4431
-1481
-5501
-5748
7613
841
-3320
-1394
-209
7249
6256
2819
-7790
8077
-3397
2361
1479
-2369
-3546
-8884
-2075
-879
-7118
3853
-6714
3830
-7904
-196
-8147
8092
335
3962
3559
-3662
3201
5035
9069
-8810
3094
7873
2572
6819
1036
7221
-3331
2352
6338
81
-4012
7875
3059
-5418
-2230
-901
3055
-34
9145
5024
8715
-5556
6811
5591
8327
-8517
-1368
9337
8245
-8964
-8489
4344
368
7943
-7695
-7484
-9565
-1014
5457
-2832
-834
-6334
-6544
342
-9692
3607
-6588
-8581
-8531
8485
741
3966
7943
-5756
289
-5161
-6388
-8916
-8506
3516
-5890
9755
5724
-26
1520
-887
-8549
739
-3212
1206
9314
-2214
-289
-565
-4514
259
-9728
5012
8608
1631
8072
4970
9027
9778
7674
-2670
2781
8878
-9707
7652
-8837
-8797
3738
7234
3526
-1244
442
2854
-959
2031
8694
7593
-225
402
-8782
903
4223
69
-5299
4666
-969
5967
-1749
-1388
-7791
-3340
-9432
3338
-5410
6655
3835
-1279
3908
-4394
4844
1871
7304
6593
2606
388
-1408
568
-1742
2177
7194
6784
-3028
3199
7979
-3326
-1604
-6351
-5269
-8322
7315
5239
9601
-658
-9891
-7539
-520
9382
3964
3174
-910
-3351
-8862
1055
7244
488
-9495
-7533
-8153
6511
-9452
-2407
-6314
6447
3431
1431
-5804
-6695
-9895
8902
-285
1843
2362
-2628
4864
-9276
-6658
7119
-3234
9292
4808
6451
-4074
737
9347
-7005
2301
158
7523
1705
-3544
6114
-5207
8131
4941
5225
-4480
1225
5386
2643
6477
-7110
4069
7936
-3307
5026
-1566
-9618
8714
2721
-8011
-7876
5438
4004
4160
8883
6224
4867
-3302
6692
-297
-9514
4376
-8315
-464
5244
-3460
-6000
1105
-1453
1888
-1050
-3635
4192
-6009
-6132
1835
-8970
2824
-3811
2265
611
5600
-9488
-9718
-1367
-9838
182
-8507
-8799
3102
3202
8055
6554
8739
-5714
-6406
-1277
-1398
9569
-861
-1230
3319
-8570
-140
2918
-71
2711
-925
6192
-1936
-4625
-261
-4799
1321
6085
-7331
-8192
8310
5593
4009
3310
-7025
7143
8903
3966
-9071
6209
142
-1252
-5566
9331
2642
7156
2569
-2114
7353
-9743
-8580
178
4387
-8567
7301
-710
-5542
3242
3567
-8245
-6448
-110
-7075
8124
4855
-6673
7136
-4825
-3492
1463
1731
1039
2060
1861
9189
6028
2743
-3563
-2297
3431
2011
2439
-9450
-9319
7369
4286
-4192
7744
6917
-1354
-4936
-155
-9685
7408
8130
-8280
-9808
5783
-7003
-6256
3168
3120
-1085
4087
-8682
-7852
6676
-5460
-5501
-2336
5988
-3909
805
5103
9194
-7127
7898
-9763
-7212
4518
3814
-2365
7159
7555
-9060
-9316
-4253
8757
4209
-1552
7469
3437
5124
2546
-234
-2874
-4125
2926
-2662
-5606
-9362
4907
7023
-1638
4550
-9786
-8276
-2339
2267
-7491
7458
7162
-7477
-1474
-7808
-8090
8497
-3984
1712
2929
-7422
9750
-4263
7849
6598
-4015
2212
1043
-6183
121
2917
-4970
2368
4510
9428
2971
199
5635
-6817
9226
8264
-3730
7555
2595
-9836
6213
-5167
5680
-2984
-8066
6265
5836
7794
1674
6891
-4069
-8542
8942
-766
-8958
-7332
-3118
-5546
-7005
7742
7956
-6831
1341
8952
-4647
-7234
7159
1465
-3587
-6472
-6630
9722
2480
-2495
-466
9788
5999
-6210
-9638
-6658
3667
-9540
-723
-3496
-412
1405
7810
5547
1917
-3193
-7013
-8651
-9536
-4022
-3988
7384
1341
-2532
9826
2469
4024
-6930
1704
-7436
4682
2630
5496
1329
1265
-9771
1512
5265
3836
-7687
-2279
1473
397
-9423
4588
-9775
8502
-5436
-598
2958
2811
-7258
6952
2955
-125
4988
6329
-5040
-8447
-5997
-9941
1148
3443
-6530
-1462
9874
-7068
-4245
9402
8734
6975
-2415
2603
2023
3228
-3306
-6951
6680
-4457
1286
8896
1650
4257
4089
6543
6112
-3436
3979
3108
3713
2334
8878
-5146
-7103
5182
-9460
-4601
-3508
-7116
7746
-4467
-7680
7915
-6322
-7053
-1511
3830
-9945
-8653
-3087
-4966
-4119
2543
-8329
-2400
6568
-9996
-8981
3909
-4601
-1882
-9976
4580
9590
9892
-2430
5311
4040
4703
3535
8539
1761
-8796
7209
-3917
507
6800
107
-8689
3749
4569
5098
4334
6873
-4677
-2437
-7435
-1262
6754
4054
8678
-1779
2391
9413
-7016
6084
4515
-7804
44
-9918
9846
-3255
-5743
-656
8101
-5316
5860
2979
-2279
-3680
4220
2818
7408
9452
8818
-6164
-2105
5161
-723
-9835
8929
1571
-5082
9906
6866
-9666
-1344
-6040
9010
572
-9999
3042
1036
-987
-6473
-2874
-5734
1145
3805
-2747
-6570
6358
7013
9280
9577
3711
-5402
7274
-9879
-8132
558
807
4746
7020
3094
2984
-8644
-6629
-1774
-7973
-8320
2785
-3482
4700
-4146
-3200
-3276
-3275
6535
-8870
6925
-2762
8912
-3179
-7527
1566
5615
-401
-6022
-5830
-3728
-8766
-12
7678
-4464
-525
-1840
-4240
-6271
-371
8194
2855
2872
8363
6731
-6848
-6009
-2459
4593
-8194
-9600
-4359
-1617
7099
6698
-9764
3410
7605
-2973
-110
-3419
-1503
-9422
8368
-657
3382
3223
-879
1946
9614
9561
7366
-5594
5434
6147
2714
3062
550
8603
6936
-7887
8863
106
-4388
2930
-6952
7567
1802
4312
-5069
-1399
-5300
-3102
9721
-8881
5490
1698
6462
-2146
-7191
-807
-2434
5541
-7569
-4210
6917
-1229
3613
342
-6081
-3347
-3629
869
3875
-494
-3003
8059
3114
-6500
-7521
1561
5668
-8097
8020
-16
9796
9439
9002
9538
-9155
8168
4851
9501
4092
-7614
-5127
-5991
-2023
4822
5984
6521
3085
3685
2128
-3105
-4583
-7980
2035
-7642
4288
-5156
-621
7124
-2534
1161
6658
8528
6927
-6115
-8868
4907
2289
-8065
6770
6380
-4127
122
8073
5639
-9414
3862
3487
-186
-4585
6497
1884
-3502
7160
4039
-1746
-3256
-6176
-6503
-5910
-4845
2535
-6842
-573
-8785
-2691
-1242
2349
4729
-4257
-2778
-5206
-4620
6406
-9750
8660
2902
8744
9741
4198
408
3040
-7524
-9530
3616
5756
-1774
-5239
-2945
6790
-6432
-2345
5515
-2922
-2438
-4066
1200
2333
-6666
-5218
-2160
8483
-8318
963
675
4721
-6257
8890
-7789
2340
6802
8267
-1755
-5995
8969
-3577
8233
9398
9972
4147
-4157
-4969
941
-4031
-7621
-9738
-5936
4582
2887
-3305
4766
3887
-6693
-2174
870
2660
-8401
-4388
-5784
-466
297
5662
-8691
5569
3916
-9558
-7543
7968
-734
2511
-8405
-8191
8782
4598
-3144
3863
-5905
8582
8101
5888
1745
7900
8990
-6756
-9062
-8256
-6027
-509
-9185
-3432
2959
-1247
-5318
9850
-4709
-4339
9274
3744
-1758
-2903
-8796
-9882
1494
-3220
9654
2019
6876
2363
6200
-979
8936
-4978
7147
2239
5426
-6600
7493
1711
3976
9242
6302
3077
2690
-9034
6292
6546
3980
-3486
8409
-1883
8109
56
-2046
-9986
-7184
1126
-1934
8386
4387
-7755
-4913
-6982
-5301
-4280
-661
-9901
-6535
-9642
-56
2170
-136
3935
8122
-6163
-3520
9361
2519
-4534
-2253
-8915
6637
-8748
-2165
1409
-2012
-2884
2989
-2602
1515
2298
-4612
-5690
4320
-9745
3884
-8456
3934
-1475
-3174
-1203
8924
4589
-8074
8784
-6307
2944
-3427
9467
-5800
-4363
-2349
1183
-4085
3718
681
-9029
3380
-7342
-9672
-6479
-2237
-5609
-6896
6659
9591
-9290
2100
-6987
-186
-5910
-4228
-7795
-6932
-4043
8887
-8629
-8888
-1348
-548
8754
3941
-8575
-2737
-5035
9266
-1745
-206
-8336
1301
-3923
-9588
8816
-8936
4900
-4610
-5988
-2125
-119
3218
9902
5709
5369
5891
415
4359
9767
2539
-4895
-6313
-2015
9731
-4419
8928
5426
-6653
4665
7061
-5747
1486
-2920
-2532
-8762
-8351
-5302
3709
4431
6608
-4307
-1031
1540
1862
2604
7870
-6047
-4258
3723
-5830
-9666
-1884
-8380
7939
5279
-9093
-2050
7977
-2064
-8374
-7547
7154
-877
3662
6074
-213
2421
5279
5374
2724
5757
4105
746
1863
-7173
2752
-3431
6231
9940
6974
-8837
8162
-6169
-4589
-8777
8522
3503
-9201
5412
9085
9305
7317
7421
-8204
-3784
-943
-8060
-5352
5303
5205
-9672
9163
-7436
1702
5178
-844
833
-4911
9960
-5528
550
3032
-1846
3237
1669
-3149
-5847
1028
8452
6283
-5149
576
7625
-3439
-4362
-3104
-5237
-3440
-8574
-210
2985
-1202
2240
-6783
9138
3778
-1690
-9874
-3715
9320
6777
5059
7410
5263
6386
6984
7270
3209
-8013
-7432
-4330
-6471
2133
2977
524
-891
3908
-4505
-9183
-5745
3022
9955
2636
-1874
-3712
-4531
-6911
-4771
8264
17
-742
4561
1811
-4905
-1586
4655
-1259
9424
-5222
9566
-3291
-5941
2437
-8340
4799
3222
-5893
9610
-5322
-907
720
-8965
6635
4806
-159
-2237
9063
-7395
-6932
5234
9612
4691
8461
-3129
-5422
-9804
4861
6759
-5753
-3805
5516
-4388
-1352
-7577
7111
4393
-7059
-1118
8596
-890
-2498
-4336
876
-6345
823
-6521
2534
-3876
-9642
-8855
-9044
-7511
-4900
-8316
151
-4902
6155
-9993
-7121
9819
4700
441
4126
-7705
2906
-2967
-7101
-8793
-4910
-2901
5502
1781
5430
4651
7568
4410
-4110
-9060
-5266
-7229
8661
-8612
2184
6134
2371
1620
-9066
3145
-7002
-1822
7344
-2308
-9951
2551
-3995
111
761
9187
-6819
4501
2396
9629
-4319
-5640
-5502
-923
-7845
-6955
-6553
-6516
-8612
-9675
-4862
-2983
1213
6214
9309
4530
9340
6364
3643
-8231
3738
-6457
7326
-2582
-7428
-800
-9480
8748
-7180
8944
8494
-4188
3856
-8490
-9651
207
6706
-2944
2291
-786
9603
-5011
6471
9556
8373
-2119
-8604
-9210
1007
8519
-942
-2130
-7040
178
3252
-4138
8097
-7604
2589
-1850
-4216
7576
-3973
-9597
-5793
-2740
-8009
2832
-1953
1474
-7300
581
-7263
-1109
-3730
8010
4764
6952
-1579
7618
8717
-2172
-8782
-8736
-3986
3581
2460
9463
1230
-8906
-8993
-2484
5125
-6442
3671
-9749
-3845
-9965
9245
-3480
-9905
-4531
9396
-1867
1705
-8638
9157
4284
-9496
-2855
4434
4121
-1620
-1667
-1409
1485
-3137
-4946
-7946
-214
-3147
2736
-1085
7085
2195
4407
6048
-7452
2870
-2295
-3668
-2641
8911
6351
3396
-1950
411
6757
9234
-30
-1188
-1597
-9260
-220
4784
1251
3838
8358
9260
-4426
4406
-9193
9750
7215
8115
-8333
-195
-1429
-6407
-5522
-3165
-736
-1946
-5090
4140
-4391
1768
-2700
1565
3376
6592
-258
-5720
255
-8282
-6545
9522
927
9238
-9429
4057
-4703
4302
4311
635
-2609
-7879
-3692
-4452
-3577
-7761
5180
-5545
7897
2065
-8142
-7015
3277
3109
7923
-7458
2897
307
4964
9997
-192
8085
-8260
-9255
-2544
-3120
-8900
-1130
9140
5407
-175
7637
-2045
-7942
-2789
-6575
2669
2978
8208
-7320
-5178
2242
961
-9891
-5448
-4760
7037
-6148
5464
1333
3737
-9882
-608
1068
6105
-5168
1749
-2219
8825
-361
3022
5372
-9899
-7504
7030
-5674
-1370
2290
-6620
461
-8760
2408
-5814
965
5790
-6425
-4263
575
-1411
-3733
3317
-8171
-3105
1932
8099
-1031
3388
7007
-297
-3764
2048
1044
8901
33
869
3554
-738
3139
8304
-5595
7587
2590
8052
90
5349
-4145
4310
-2501
-7319
4224
-1863
-3939
-6812
-712
4535
-6692
-1898
3495
-474
-2303
8514
-3921
751
-7928
8306
-7116
-6884
1739
-6348
-5990
8352
-9932
-6976
7127
7529
8380
3753
-1136
-3140
-3649
-5594
373
496
-3150
7835
8781
6971
5653
5010
6348
-1585
6343
4912
8811
4807
-6242
6916
-9009
9316
-7128
-1105
1440
9982
-298
-3666
-6526
3150
6784
2718
5329
3425
-2703
3600
-3350
5417
-5979
-9533
9213
5787
2469
-3112
-4017
9240
-3656
-1053
-4857
-1102
6082
-2572
4745
8283
3588
4013
1243
-3032
-2609
-9265
2007
-6055
-2515
-9976
-1420
311
328
-6162
8095
-9561
1572
2410
3432
6537
-6049
-7921
-9668
640
7567
6690
-5800
-8187
-6827
1739
2175
-2553
4010
5649
6476
-8761
9192
3374
6625
2921
6566
2604
-4526
-178
6081
9409
428
-303
3832
-9200
-3592
3883
6251
-4852
4784
-6610
8823
4349
-4317
-5060
9499
5059
-4424
4876
7427
5469
-7832
3463
-5303
3033
1279
4032
7023
2405
-6442
8014
-7252
-3586
9813
-2172
5577
-1349
-7419
-7023
3703
-6750
-3569
3624
-2382
-9545
2890
7212
-1296
7754
7093
7773
-2531
8114
-2722
1378
5789
-3331
-1683
9456
1673
-2500
-7319
-5239
1506
4489
-4381
3427
111
-9498
-7999
-389
1300
-617
-2019
-326
-6133
1696
-6169
-4419
-6771
1976
1753
7186
-1232
2177
-9052
-4800
-4738
489
7877
8930
9600
-1914
-9429
-289
3413
3439
2435
-6024
-4629
-9426
-886
895
-6163
9499
8046
3256
-3125
7615
-4116
1092
5185
8938
-4782
3831
-2116
3086
-6707
2816
4100
5087
9736
3539
-4665
5095
-8308
-1572
-4673
-7812
7676
6416
-4799
4868
-645
1020
-804
-6827
7375
3422
3009
-8052
-9547
-906
8539
-8279
1073
2578
2045
-6444
8458
-5616
9289
6271
6159
-2240
8061
3607
-3469
7177
-5176
3532
2839
-9790
3820
-8824
-1684
-4862
5471
-2348
-4265
-9916
1129
7524
-8837
8212
-9562
-7970
-4650
5718
9646
8087
-8855
-1818
-2227
-9167
-2617
7941
3630
-3512
-6298
4396
-2785
-8698
4888
6689
-2101
-6796
6545
-831
-6446
-4008
-4051
-4708
-2300
924
-8429
2448
8936
-2853
-5241
3775
1545
9913
-3095
3160
6364
-8582
1121
5419
885
-7742
-6396
298
4612
-3151
-9154
-817
9079
-7153
5140
3587
5111
-6791
-6431
-4829
-4129
-8739
-6128
-510
-8030
3566
7743
6983
-6844
4759
6285
9542
9006
7038
7727
-4420
-6989
1265
-4679
-4786
-8519
8341
-5188
-9269
4184
6737
9995
-343
-8690
-7854
-3018
-6142
5837
-7061
-3812
-9097
4720
-6635
-5711
-1566
-5172
8139
-6355
-8298
2665
2226
3222
-2120
5783
8423
6551
939
-5413
8761
-2873
8271
-289
-9850
-2371
-8005
5956
4872
-4937
6539
-5015
8294
365
8468
-266
-5823
8515
-4498
9719
3061
672
-4261
428
9222
764
-3322
5597
210
4492
5065
248
4974
9765
1544
-7525
-4298
5953
5313
9194
-8714
422
-3181
-2775
-7929
-9616
1498
-5665
7600
-9304
1752
-7127
6055
4772
5576
-3519
3542
-7679
2249
-2304
-8408
-7990
6170
8691
-3900
-1399
-5791
-3179
3446
3106
-9856
8318
-8360
7734
-9504
7455
3834
2106
9011
7498
-242
-4607
-1731
-8422
8644
3008
7934
-4606
7627
-8551
5796
-3021
-239
-7159
-822
-5145
4275
-1460
-5405
-9505
3216
6818
6303
-5918
2098
1398
-9014
-4452
1507
-7734
-4664
8636
-6655
-1278
8066
-8503
-3037
-5245
3778
-4642
3619
2479
6917
-476
-9865
2210
-1250
-1062
-4624
-6782
-4685
-9184
9338
-4659
1961
-1028
-7225
6672
9622
3825
-3199
-302
-8840
5458
1332
-9058
-945
-6685
9496
989
4682
2362
-3041
3712
-53
2499
5241
6288
-5869
-7487
-727
2648
2155
-3608
-8335
-1104
2137
-1888
4461
3725
1977
-5558
8493
482
260
-1545
3748
2234
-7820
-3430
-4933
-724
8660
1286
6151
6586
-155
-8856
2086
-2834
7959
-7121
4870
-5445
-1780
2946
-486
-3309
-6187
4983
4948
5207
9013
7166
8533
-5375
5160
5927
1458
6084
3933
-8101
1187
5809
583
8967
-3907
-9302
9814
-232
-3515
7308
-7598
-450
-9132
8902
7952
6902
-1724
-3185
4896
-9413
637
-7391
-1280
-9313
-3308
3409
-2478
-4232
-7939
-8356
-8417
3170
9452
-9380
8929
-8437
-2881
-2199
2281
-9538
-3857
-491
6915
-3569
-8493
-7438
-4665
-1833
-9275
-9719
-28
-5619
3391
-575
617
2820
4950
6601
-924
-3168
1152
4908
-5188
7612
7081
-4596
3577
-159
8423
6110
3639
1216
-8416
-3698
-321
7872
6089
-7680
5164
-5174
109
-2741
-8159
-9545
-6014
6202
-2587
-3753
4048
-6644
-6942
1129
-6732
-2340
6018
-323
-1363
7790
6290
4398
8039
6799
7113
240
896
505
2567
1023
-6291
3385
2425
-1929
-2869
-5284
7549
6776
5960
9039
120
-3630
-4006
8257
1668
9078
682
-475
8679
-8043
9789
-2330
1467
-2189
8939
6018
-2086
8693
4414
-8587
362
6927
-7396
-8200
6282
-8168
-2057
-4385
7253
-808
4268
4315
2349
-1598
-9087
-6351
-6939
-3296
3131
-3032
-7700
9987
-6651
6634
3388
-8511
3657
-919
5632
-5614
4531
-9153
-6545
-7680
-2512
8893
9745
-1036
-8552
-6320
-7773
1464
7981
1244
4096
1387
8546
-1768
2095
6083
6558
-9691
-1895
-802
7694
8406
307
3914
2499
-9663
3802
5519
6125
3142
6166
2722
-4013
-8057
-3288
6864
-7003
8258
1366
990
8261
2975
-2253
-8075
6239
6366
477
-1568
5390
-2423
1498
-2641
7088
-2818
1458
9583
6569
-1217
-4683
7295
-9377
-4750
3583
-3531
-4473
7010
2562
4746
-6989
-7143
-6881
6579
-9906
-8447
7158
-9246
-706
-5971
-422
6182
3834
-2594
9691
-5536
-6975
-9921
7333
5429
-6777
2503
1384
-2239
-7457
-1744
3196
-4760
5245
9954
9446
510
-7133
-7471
-9334
7639
-7165
4189
4459
8740
5081
-7035
4183
-6938
-1362
-3606
-5991
3409
5032
-2796
1460
-2891
3850
-2689
-8181
-5264
5995
-1436
-850
-5760
8906
-5497
-2260
-957
-3062
4547
5402
8223
-5360
-1565
3844
-1086
-9762
1030
2479
-7647
-1159
-649
9748
-7648
4677
-5602
3660
6292
5910
3023
6052
8995
9228
-3881
-5381
3460
-8960
-9674
-189
2230
4267
7585
5804
-3874
9352
5148
504
-7967
-4065
7142
-3065
-6652
-8427
9768
-9024
5156
7691
9723
4079
6369
2764
-2898
9929
-9242
1814
-9965
3163
-5799
7795
-6290
8327
-4335
6676
-1795
-8038
6910
2836
3830
-5339
748
1539
-2362
-8219
9964
-7791
-2559
2505
-3387
8065
-625
-9147
2946
-3753
9112
9749
6600
2429
1610
-2764
8320
-6141
535
-4977
-9
-3416
5212
-8072
-497
-3994
6378
-5140
5884
7253
802
2103
8877
3811
1082
-186
3967
2129
2952
4750
1854
-9732
8115
-4867
6753
5337
436
2728
-7596
9194
5292
-3619
-3449
-3683
5831
-8297
287
-7996
7206
-391
173
-6037
117
3338
-1073
2510
-8021
-1116
-8293
2399
-313
3148
-4702
-9451
9778
-8893
3662
9886
-5622
6254
4565
-4915
6346
-4318
-6839
-9821
2684
-5612
5059
9828
7880
-7928
-8761
1752
-9377
4574
-2653
6143
-3574
8977
-7737
3437
534
-4725
408
2051
-8130
2046
1330
8557
107
7977
6137
-7823
5531
7451
345
9928
3464
474
6999
6156
1883
-9992
-8261
-9014
6725
1514
-2882
-5087
195
-7612
4975
1866
1016
916
-1497
6990
-5175
6264
9763
9700
-6097
3203
-8548
1204
7415
1474
7515
-9381
4130
3
3423
7026
5603
-7924
-4061
7506
-1290
-6148
648
1494
1590
9131
-7109
-4329
3529
5696
6726
2944
7686
5551
-9147
7138
-3149
-9285
9094
-1725
-2893
-3309
-6085
1517
4644
4464
-4538
4101
7960
794
-4759
-6517
-1390
6661
-7023
6566
-6623
1206
-5316
-8340
8538
3076
-4543
-5463
9208
-492
-558
6044
-5032
3281
1167
361
-1587
2643
-3520
4824
-1803
7824
-282
-8756
-3501
8789
-5775
2921
-8485
1707
-4984
-9653
-9980
6641
-6532
1624
1796
-6038
3863
9634
-2758
644
9233
-3014
-1283
-1691
9263
5621
9356
-5557
3509
-8626
-5280
3808
9232
6088
-9499
7466
3580
4877
3759
-1066
2836
7201
-9182
-1525
-6385
-6812
-5859
-1050
8284
7324
-463
-8415
1049
-7361
2859
-9118
9378
-1586
-7628
7233
-7034
-7636
3714
-3303
-5065
8158
-8017
-752
-7141
-4704
3271
-4084
-4533
9984
313
3804
-9513
-6264
550
-2869
5275
4169
3081
9653
9098
-7578
-2425
-1662
-1150
6508
3411
-1579
294
8749
-9317
-9482
-5619
-7232
5237
9151
230
-6001
231
2094
-1946
-9427
-3736
-5345
9446
7620
-9505
-9563
3428
6979
-7929
9189
-5928
-8802
-7260
-9087
1705
3807
9643
-7156
9498
-1907
4291
-1674
7220
2179
7948
-9248
5506
-4049
407
5876
8498
9606
4426
-7903
-9365
4869
5247
6423
-2577
1230
-9101
-1698
5828
-6814
-9847
-7646
6684
4877
7684
7226
2533
9046
7305
-234
8662
7688
-561
2045
7514
7979
2149
445
-5661
-8565
1568
-34
7797
6553
-3030
-7625
1983
-1612
5463
-500
-5644
-794
-5716
2686
-4279
-743
-5137
6536
1078
-2887
-3968
9128
3219
-6807
3466
2675
-2291
5812
-6959
5578
-8218
-8997
3981
-5154
-4098
-3637
-4066
5461
-9123
-6671
-7386
4175
-9600
-1440
-7951
2156
6879
-783
-6417
7597
5574
-1493
88
7930
621
-3062
7785
-2218
-1732
-3495
-5785
6240
-5712
6725
4255
-8498
-7775
-7408
-6026
-5349
-4246
9613
7665
-2764
4380
-8689
1160
8923
-9600
5161
-5622
887
-1543
5138
145
419
2117
9097
-1578
7819
6454
-3024
7899
-2263
-434
4590
9113
-8095
-7490
-5790
7657
-5521
-6222
-4914
7668
7535
9200
6554
8955
-7556
2541
1549
721
-4293
-579
-1226
5188
4601
3460
9826
-5296
299
-1927
9377
-8169
-8775
6990
16
-9904
-7922
3716
-516
467
8059
-1770
-2264
7274
-7003
-1827
7752
3850
9197
1083
5035
-2529
-6317
539
1584
-5823
-5509
7436
3532
1248
9800
-8557
-3669
-5378
-2508
-5214
7847
455
-192
5533
7755
2136
-2077
9194
-1637
-2483
4327
8022
-6038
6591
-3694
-7229
9923
-5910
-5186
-815
366
6209
-1750
-4063
7378
1432
1479
9518
-8444
6387
5438
5175
-5190
-7795
5820
-1509
8771
6397
-4342
-8527
-3119
-3014
5722
-4412
5768
-3607
-9424
-7180
2142
-7673
3504
-6196
4336
6861
4618
3088
3944
5799
6350
5945
9515
-8448
7554
1348
6798
2893
3486
-2835
-798
6477
-7659
-2372
-2763
5832
-757
6347
-2249
-9644
-9072
6999
4038
-3698
7768
-7066
5088
-6693
9140
-7571
-9158
-6049
4388
-2021
-9867
7475
-5423
449
-5220
8622
4935
-319
-7156
7310
-6733
9405
2926
5720
957
2733
3566
-3181
-2682
2712
7192
-3034
4519
6852
4781
4041
4889
5350
-4385
-8029
8274
2623
2724
4351
1554
-9430
-5457
6238
3674
-719
-9729
-5814
4744
6230
2474
-5687
-2051
-6209
-8176
8724
-4547
7576
2173
8590
-9826
-914
8781
4378
8312
1716
-3757
-6415
6366
-449
-4634
1192
-1401
6252
7627
6886
-3885
-4095
-5456
5897
-4966
-6564
-6753
8651
-5676
-4403
-7933
7037
3061
-1356
-4032
3292
8775
-9551
-1735
-7637
8415
-584
2676
-556
4004
-3102
4765
3362
-4
9040
-5911
-585
-8383
2250
-9023
1685
9625
-2353
-2346
-4419
8043
5205
-3613
9444
-8397
5273
-5424
-2279
-72
-1863
6228
4741
6226
3856
-3994
-2559
-5150
-7502
-3917
6010
6730
-7365
2920
-5772
-2329
471
-3553
-5337
560
-62
-7570
5500
-4064
7092
-4860
9404
-1131
-3087
-3333
-8595
201
-1415
9746
-4300
-9047
9730
-2528
3903
-2701
9245
5267
-515
-1128
-8003
7245
5811
5986
3972
2518
9720
-227
-8765
-328
-8114
7786
5856
-837
2300
4663
276
9718
9754
8138
6851
1558
-1028
-9793
-2912
827
-4375
1288
-1761
5987
-200
-6591
-923
-1764
-866
9514
-1792
-3868
-692
-2785
5814
-7036
4958
7869
7119
3463
8473
123
-45
3412
-9118
9084
-9342
3231
4993
-7057
1012
487
-527
6421
5535
-6316
-2592
-5957
-5386
-6152
4320
8005
9508
-7261
-645
-8629
-225
2932
1894
5084
-5304
-4841
-844
-5227
-4869
-2184
-5381
-5185
3831
-9010
-5487
2005
5804
9153
3498
2545
-4522
9300
-8296
1786
-6082
3224
-7711
-2928
-9505
8961
6683
-8686
-9282
6206
6694
4999
-6515
8243
2975
6812
-3997
-9008
5099
-3089
3028
3579
-8140
9660
3909
-8291
1863
2335
6929
-8823
-4898
3292
-9599
-5635
-5079
9534
565
9117
-5912
-1664
4520
4449
-6420
-395
-7362
-8459
770
1588
-5422
-6671
6689
-2099
8550
-4612
-6838
-7447
-375
-7022
1932
-7447
-4767
6837
-2623
-2001
7241
-5523
4589
-8496
1565
9313
-2878
7794
7509
-9308
-5748
989
6104
-5029
-6742
2993
-1688
-3054
488
-5220
4296
1311
-1789
7444
-6094
2306
2513
-9647
-6249
4940
-7354
5209
-2538
-8929
-7034
1289
-3842
997
2185
-3940
7238
-5474
-3001
-4789
-619
8010
-4420
-8515
-6532
-6169
-8297
4785
4031
-6163
9765
-2639
9097
-3659
-1281
-3150
3043
9002
-1099
-8035
-6945
-2689
1095
-8121
-8663
-7458
1193
-35
-5271
-3299
2157
3624
-6294
4500
-290
-1642
6504
7085
-2346
-8843
3260
-1064
-7261
-6685
-1392
-6183
2354
4318
-9511
-5963
-8018
-961
5682
3744
360
1526
5259
7284
3461
9735
6091
-5564
8218
1034
-574
8396
-971
-4264
-1745
-3890
7346
-957
-6051
2565
-8271
2977
5458
-3197
5345
1092
7392
-7120
-6984
9503
-1729
1995
-7174
8380
-8469
-498
4155
-8762
-3645
8092
5752
9383
-1291
8826
-8777
-8788
-2696
-1693
-3926
-8957
7376
7735
2837
523
-9701
1738
1946
1685
1959
-601
9916
681
5433
6885
1052
1248
-3820
3398
-4627
4350
9799
3226
-9274
596
2155
-1412
6275
9395
669
1685
-9764
7562
2524
198
-7127
5263
7191
-6475
6245
751
5973
9394
-7285
-9576
-553
-9590
-3466
-7575
-360
6130
6237
3979
-2443
2091
-3127
6277
-3218
-4758
-2014
8187
7764
6704
645
9647
-1919
1151
-3258
6428
6458
6564
-6803
1077
4356
-7591
4352
7219
-3399
7327
-8638
4458
2707
8905
-1805
-4649
8775
-9796
-5633
-8290
-6422
3836
732
-7189
-7112
2717
8657
-4246
-8978
-1939
7248
-9611
-8237
-1103
-6813
3560
-8887
682
-7707
-3913
-5193
-4063
1421
-3292
7993
6774
2465
-9354
-1844
-2816
838
-1643
-7733
8126
-869
-8685
-4041
-4078
-1288
4054
4757
-9746
9569
9200
1730
-3378
-6026
4423
-3684
-2496
1299
4062
-6877
8280
3027
-4885
-868
-8873
3545
-855
7818
-5259
328
-8798
-8744
-1300
7140
-5964
-8579
-5131
516
8395
5600
-6945
7319
5724
4869
2912
-460
-1639
-1706
4821
-4702
3695
3815
-3564
-1793
26
-3868
-8573
2872
7596
6079
-409
7944
-4248
-7571
8876
4373
-1073
-188
-5068
-6014
-3219
-1428
7859
-9475
2956
7231
-7754
-2959
-8053
-3130
7111
3282
1837
9293
6308
-9612
4257
-5357
1109
8131
-4312
8305
-6863
932
-8126
-6759
-3701
8445
-2803
5167
4208
-9051
-5577
-363
5359
-6624
-9700
2175
4405
-8897
1225
-1414
6228
-10
-9481
5864
-9822
6316
-1297
-9014
-8529
-9337
9507
-1057
-6598
2133
1603
-5620
-4910
7875
3156
8533
-4310
-1881
6742
5188
-7831
-3583
-7402
5411
-9683
-2511
-5140
6145
-2675
9369
8693
-5006
7616
-5801
4998
-3764
7004
-6167
-2747
-2325
9364
6290
6741
-4703
6978
9520
-2030
-778
-6139
-3253
-9709
-6114
-4985
-2238
-8619
3914
-8219
5337
7796
881
-6278
-9500
-9029
1229
8773
-2993
550
2866
9539
1706
5493
-3585
-9804
8219
-2662
1909
-7608
-4132
-5174
5147
-9474
7233
-2368
-1306
-4714
9525
-914
-256
65
-4207
-7890
-6719
-5377
6316
8304
-7809
2233
5677
-849
-3292
-7539
-8292
-3215
-2583
5167
-387
-6096
9953
5795
3704
-7186
-3487
2651
-5216
-1193
-6258
368
5671
-1770
1781
-8732
-7028
-3486
2018
-4479
2560
-4522
-4066
-9233
-4074
9952
-2028
1760
-6158
-2976
-2425
-7269
-9220
-4203
2373
3350
-5002
-4898
9078
9546
2003
7438
-5530
5546
9542
3243
-152
-953
7395
-1204
432
-4109
4722
-3731
7955
8489
-8198
-831
-136
-8097
-8638
-3605
6505
-5102
7118
-8883
6959
3840
302
5052
1831
2027
-9113
-499
7866
969
-6141
7812
-8875
1194
6669
3686
-9819
-7270
-5074
2117
3728
-7454
7216
6368
8148
8741
2440
1149
5477
-1534
4064
-5682
-3410
8101
-8049
6908
-3746
-8102
-6801
2215
-4127
-46
-3442
-9039
-6602
-4170
2111
-585
-2547
-8354
481
-4658
-9467
-5187
2867
-6632
-8312
7223
-1221
-7660
-4558
9277
-7762
-6646
2556
-6389
1627
-8881
-8443
-1986
-2267
-9142
-1202
-5915
6661
3595
-6530
-10
-9260
5138
-6468
-1038
1901
1947
9330
2048
8190
-7103
4521
-5972
4205
6788
-9359
2164
-9486
-8520
9107
-8690
-7299
-4578
-570
-3925
7262
-8940
-5358
333
2902
9582
-8621
-5227
2418
575
-7769
2749
5400
9792
3185
-3985
3758
3862
9456
7917
1498
-9649
-8055
-4141
-714
7989
-3842
110
-1684
-4350
9838
5346
744
-4985
-4895
966
-1330
-612
718
-7401
-6224
9703
-7440
-2644
-9551
4540
9784
-8702
7064
530
3920
-2286
-4435
1658
8285
-7745
-6457
9224
8035
-6540
-5468
2946
5785
-6814
-6896
-4928
2519
-3829
8217
64
-3561
-2594
7933
-2826
4343
-6208
3325
7651
1409
-2972
-4848
5772
2200
443
3103
2082
-9404
-2910
4138
-5604
2311
3429
4226
-6216
1798
2209
8357
-3455
-8364
-7253
1985
54
-9655
-1915
8947
-5497
-6566
-3414
6214
3197
3125
1591
-7197
-2568
779
-5849
6497
4678
-1248
7412
-8460
5131
2267
-3206
-3810
2859
119
-4879
-1695
-254
-2692
-2810
-9353
-8100
8441
5325
5049
8907
7539
4551
8452
-3743
-9196
7104
-3582
7193
-8848
8795
-8716
5523
-9884
-8882
619
9611
1055
7634
9561
-97
9374
-3800
6882
-876
-7576
-5202
3803
-5433
-398
458
2408
6561
-5085
-4456
-8922
-343
-9047
-3910
9739
4730
-407
9050
1847
-4099
-178
9861
2322
8277
3842
-2769
-3718
-4794
1410
4877
-8343
-31
4791
-5298
4311
7090
5789
8752
1265
-6873
8493
-2622
4368
3372
-7371
-462
7066
-9502
7776
-6986
610
3442
-3901
-1001
8190
2435
3363
-2282
-3668
5504
-5663
-9277
-2299
8050
-609
1905
5677
-6260
-2703
-9100
7577
7418
-3034
5552
-2276
-6387
-7009
-881
6552
-6140
-5826
7219
2062
-2124
1293
-1822
1251
7208
4195
-1759
9061
-3353
392
-4599
9756
-6210
5124
4299
-4359
9789
-2168
-3947
-2826
-4125
-1899
4779
481
9112
8466
-3998
6370
21
706
-9557
-6229
2627
2277
2391
3909
6418
-2393
3893
-3537
-6851
-67
876
7966
5578
-9093
192
-1202
-4190
-5818
6421
-3751
8901
8897
7844
-8144
-7814
-1606
7475
2535
489
-1144
5340
-4347
-2352
-9504
6567
-5649
5264
8684
-5981
-1563
-1637
5049
3306
2886
9827
-7566
2014
4454
2767
-6313
3850
-9314
-9225
-676
5296
5117
3994
-29
8273
618
-7533
8062
-7052
8162
254
-4112
-3213
3558
8406
-7545
3842
-6108
7174
6898
-1849
6485
-5628
1532
-4448
3364
-6708
-2006
6405
-7370
-9940
3076
-3738
8740
8879
1651
-1279
2662
-7762
8491
8361
8285
957
-3791
1059
1768
5545
-1357
1836
-9717
1611
9147
-6306
-1090
4670
-743
-3292
-1317
-2867
-148
-2585
-5574
-9639
1895
7436
3731
2447
-5274
-1210
-6027
-2239
-1298
-749
5859
-1390
-854
4164
-2045
1911
-4707
6676
-1430
-1865
-2141
98
-4576
-9858
-9052
5431
-2722
5045
8583
-8504
8829
-324
677
5520
5310
5265
-8319
8189
-845
9560
2587
4034
-3
-2336
-9163
-4044
6014
-3785
125
-4195
6142
4418
4840
463
-9648
-2747
-7785
1320
-2941
2545
-1052
-3100
-442
1140
5270
-7836
7120
2927
4564
-1210
6416
-4281
1953
-2795
4564
-4228
7619
4236
6629
3299
-8323
5267
-9774
-5078
-7192
792
-9879
-5028
-841
-2061
-7763
5992
-7816
-7173
-2595
-456
5220
-5151
-3185
-5153
4820
8766
7375
-2865
-209
-8290
425
-2572
-1764
7934
-9428
2270
8071
-1525
4844
-3905
8924
8706
-3752
-5127
3718
-3322
504
-741
4546
-5747
2828
8509
2221
2818
951
-1022
2303
-8582
-9846
-4894
-9090
2497
5720
859
7564
9194
-6990
5874
-1074
4680
8259
-6865
-5370
-8255
-1560
-963
7546
8365
4324
-5626
-3159
5827
-1705
-4432
-3333
4930
-4152
8404
8412
618
4307
8550
5610
-9112
-7964
-1371
2673
-643
7518
2283
5286
-2688
-8374
6666
7365
-358
4783
929
5438
-314
-2919
-1375
7656
-1822
637
-1176
-4284
2743
4760
4387
-4211
8407
-388
5119
7830
5690
-8058
1816
623
-1941
-2288
578
-1607
-8331
-8573
-6179
-6545
-4800
-7689
-5164
226
-5665
5995
6170
-6748
-974
-1536
8485
-2064
-1684
-1288
4847
-1375
-824
584
-5401
1898
6962
-6080
704
-6758
4620
-7798
5118
-8852
1776
4314
8186
6458
-269
-724
7086
5262
-8230
6548
-9060
4008
8584
9631
-361
-7750
1750
9208
2487
4541
4030
1372
6265
-1594
4804
1018
3591
7222
-3122
3136
3801
1760
-4223
-4753
8368
-8540
526
1399
347
-7456
-7098
-9108
2823
-1305
1917
2560
8921
-8267
-974
2074
-8792
9572
6536
-2831
-6787
6208
-2074
6913
2262
1673
8632
637
3231
-7237
8297
-7473
-7624
-9232
-394
-9910
8865
7425
-9433
8238
-2068
-8297
-6893
6365
9505
7547
7883
1933
1751
1425
-2259
-3295
4765
2120
-8213
-7265
2276
1546
-5745
-5237
-2394
-2431
5613
-7966
-4284
7524
-5838
9398
-5645
-5061
-2883
4864
7875
2046
7579
-4615
1281
-4038
6914
-6294
-6251
3433
-7962
2464
2528
1070
6406
-9206
964
7227
-5014
-6167
-402
1302
9346
1689
7856
-6890
-6876
9463
1559
-2483
2483
5874
7114
327
-1660
4304
1362
9881
-4529
-2998
9654
-3767
7133
5640
-8231
1924
92
-7000
-7507
-1585
6556
3839
6578
-8371
8518
8256
-1467
1631
-5960
718
965
7714
-8061
-6346
-9608
1184
9247
5955
1737
-5731
9816
-7211
-6755
7825
-3074
352
-2587
-4020
2798
3653
-2285
-2000
7124
-1093
653
222
-6896
1415
43
519
-5039
-2434
-7994
-5879
9817
-5144
-4330
5173
-6489
-4158
5426
7721
3293
-951
6522
-1570
-6550
-6665
330
6865
-207
4722
-7080
-2239
739
-1075
-1906
2405
-3842
7526
-9872
-9762
9408
3283
6242
7643
-1113
-2386
-5551
2607
2758
2384
-7237
1803
2457
6166
9524
-2525
-8467
4054
4687
1661
-5645
3145
9429
-9750
-5414
8520
1287
5218
-1847
2891
-8863
-2040
-6998
-3263
7944
-9746
-5260
-2526
-3272
-7790
3804
7208
763
-8534
6979
-2714
4791
-764
-7108
2993
-7588
1536
-9410
-2938
145
6141
4028
1684
-503
-982
9625
-8076
8181
-9844
8211
-7168
735
6100
6712
2384
-4448
-9191
152
5328
-5723
6526
2940
4678
-1216
-2616
-7282
8724
-4482
1041
3565
-5270
5000
-3083
-1111
-9731
-5946
8385
-1506
1964
2251
-3766
-7777
-1581
-5711
9694
-8322
-4699
-9939
3773
6038
5409
6938
1760
-7618
-1547
8836
-1983
5259
5932
3497
-8568
-832
9642
-9681
-6076
-9197
-3749
8524
508
9456
1112
7313
-3825
654
-9746
8361
-2048
1577
-7713
5804
2103
9388
5612
-3384
-138
2107
-9611
-4326
-5835
-9438
-309
6713
7055
3830
-3183
6657
-6489
-1286
-4860
9919
697
-7387
-6488
-6695
2625
1913
-6143
5493
-9143
4156
4529
-6047
-1564
1440
-6836
2355
8916
6915
3768
1390
-1648
9600
-905
4480
8345
-270
6516
9141
4094
669
6187
-4756
-9566
2469
5068
-4009
-6355
-3973
-1712
5967
-5037
-1124
-2249
-5818
3060
4418
-5381
5569
-8453
4984
6493
9891
7125
7093
7656
2736
-2084
-5368
-2169
-7713
5363
7354
8515
3901
-6010
5690
-6277
9871
-8586
-4795
3597
8816
5087
7562
-3601
-2425
4998
-6655
-7443
5787
-4961
-1175
2489
-288
-6206
-8701
-7747
-4053
2705
9656
3229
-3019
-729
5193
4429
-726
-9969
-3891
-939
9551
7635
-3987
34
-9244
-4556
-1705
6430
-444
6293
9193
-9437
-7902
-8820
1004
-7894
1837
-5779
-4342
8495
-2137
-3892
-2402
-4159
-1627
-2516
-6192
7116
-3668
7402
3800
199
-7246
-959
-669
3490
-3582
-663
-4319
189
-7989
-2541
-2351
2180
6285
-6196
5092
1502
-4770
9361
-9874
-8949
-8380
-7901
3164
3101
6799
1340
-3225
7081
941
-6546
9167
8959
-7033
-2358
6948
-3261
8543
4524
-6656
-1194
6219
6608
-536
-7540
5040
-8845
-6894
2672
-8847
2812
-6907
-1673
3357
7102
2428
1920
7300
7565
8736
-3033
1062
5231
7642
4836
5221
-8980
1759
-6956
-8068
6059
-4984
-9122
9084
-6216
6687
-9056
-7973
-5328
5912
5021
3981
-848
-2168
-5743
-3931
-2698
-3144
-5736
-6813
-141
-6811
7669
4116
-2494
9186
5244
-7125
6339
8362
-3833
1796
869
-6874
3715
5316
411
-3192
4342
2564
7724
9838
-8211
4457
7837
-5198
5134
60
8352
2121
1779
4903
3892
6141
-3149
-8909
-5807
7413
7171
5747
-8486
-8162
-3418
-7918
-2245
6531
-8730
-4222
-4126
-4833
4359
1287
-747
-4458
-8525
3949
-3399
7940
-7422
-6207
-8194
-3705
-1653
-5737
-8991
7589
-9403
-6145
8708
-7780
8866
-8410
-4861
9364
-501
-3997
332
-4528
5703
-1844
9480
688
-9548
-1039
7756
6532
-6173
985
-2474
-595
4895
-1112
9204
-3742
6297
-8502
1494
-6275
-9745
3881
-1033
-1477
-1255
-7904
5226
-5340
-7599
-2672
7893
298
8747
2676
6904
-3876
-698
4190
-1086
-7440
-1209
1843
9968
-1578
6940
-7232
7014
9110
9941
-8348
3666
-2855
8678
781
-2394
9367
-8574
9454
8225
728
631
7363
-4012
297
-9985
-2010
3170
-3872
-1454
-9188
-8117
3887
-5422
3721
-8257
-5932
-1190
5686
-8677
1127
4505
-2381
-5487
318
8791
-2637
-6750
-1257
-8368
450
-6997
1193
9289
2519
-6574
-4144
-8042
-5248
-2955
-6951
-6569
124
-9061
7268
-963
3519
6868
1120
4913
-2821
-8131
-1776
4471
8380
7910
-3375
6358
1668
8549
6729
3587
9318
2601
-4973
8688
-2030
8863
-8453
7365
3318
6978
-9328
7682
-2589
-5462
-2807
-4889
5540
-1065
-7562
-2364
4943
-5064
-10
-5598
-5577
9921
4540
-4771
2516
-4327
9807
-4157
9487
610
1854
2460
3999
-189
3307
-3608
9625
5196
-9029
-9252
-4217
8818
-5967
-5388
-6279
-7711
-972
3297
-6077
-456
5361
-9128
-9861
6102
-9027
298
-7077
-7880
5374
-7412
9968
-4598
5098
-245
-7388
8604
8955
-7951
-941
9666
-4049
-2788
-3308
-7656
-6000
9660
-1522
8431
7658
-6921
-261
8164
6678
6999
-3402
-7794
-7351
-6517
2077
2492
3820
-2682
-6970
2792
-2353
-9177
9775
-8514
-1860
-9498
4020
9671
-6149
-702
-3311
3898
-1017
9254
1469
315
4804
3885
-4845
-8604
5251
-1873
-1005
1540
6847
-5646
-2967
7074
-8381
-5787
4086
-328
4181
-4714
8228
2708
-7977
3871
8788
1924
509
4576
-2387
859
3863
7732
-7062
3952
-6211
9513
4917
3025
-3936
3098
6562
-4983
5378
2594
8384
-460
7082
8044
-8998
3765
-7315
-5012
-4551
6539
-9023
3698
-7219
8689
-9309
-7081
-2290
-795
-7139
8190
-7518
-6555
7335
8727
6244
-4017
-3588
-8005
-6106
159
-3824
-7276
8891
-56
-5010
-7172
2736
-3762
-1837
863
-970
-8991
-8935
-1390
-9237
-5903
2796
-8014
1753
-2235
-5986
7017
316
4131
-883
9321
-1561
-6919
9174
-5022
-1989
-2819
8425
-4108
149
-4464
-2911
-721
-6910
6562
-9220
-2712
1436
7406
-3243
-9102
-7669
-4814
4799
-1153
-1646
-6867
-4250
-9635
1264
7713
3316
1177
2559
-594
-3455
6302
-3529
554
-6269
-1303
7011
-2575
7497
8431
7174
7207
188
4373
253
-1649
9354
2878
-6403
6472
-87
-4193
6075
-6646
2336
614
582
-4993
-3272
-5802
-5763
2063
6212
-1781
2129
-2850
-6637
-5114
-1084
-6290
-4181
7657
3327
201
-2100
5745
1456
1832
195
-1943
1993
7665
5699
-5425
-9181
3900
1394
9325
556
8079
-7346
-4300
-1182
-819
2960
-8464
-3512
8793
5034
-2301
5609
5900
-7576
4742
-2062
7573
2678
6650
-3206
2685
4181
951
2522
-8565
-1049
-8928
-834
480
-2195
-6809
7945
-8386
-4678
-151
2662
-9809
-8502
-2707
-6332
-3161
-3319
1096
1768
-4290
2820
-1904
-5775
-4303
1851
-893
-4867
2204
2547
9145
1934
5074
8399
-2758
-6941
3728
5720
-7751
-3568
2020
-8574
230
-5373
-6563
1142
5822
587
2781
-9334
-2306
2407
-4382
287
8157
1629
8684
9249
-7665
2860
-3800
6559
-3562
-2861
-7943
-7606
-5449
2207
384
773
7499
9405
-8134
-7987
7692
7085
10
7280
9601
-606
2691
4739
-6565
-6415
-6328
834
9183
-468
-2524
165
2963
1495
-8525
-8472
-1013
8210
1244
-7146
4475
1067
8617
-1494
1272
-6173
-4424
-759
-2604
2928
8084
-35
-182
2240
7261
-6104
5138
-1938
9314
-4771
4808
-116
-5476
-9464
4312
-6699
7839
8495
-4692
-8003
1646
6463
-1889
-7300
4145
256
-5991
1269
1287
-8359
-8903
-5583
7618
-9542
1650
2902
-8252
1633
4864
-9463
-6294
6523
-5689
5132
5257
5625
-173
2467
-7276
336
-6759
1204
-2134
653
8998
5517
5556
8150
638
-7381
-6615
-4627
6794
-6588
-1985
-4516
-1899
-5882
1622
9243
-236
-3337
672
-3071
829
-9198
9341
-4176
-1323
-5619
766
-1650
-1340
-3495
-3291
6033
1645
3840
9367
-6580
7580
-6694
-7028
-3915
-7774
350
8880
636
-5835
-8411
2179
-3511
5657
-7153
-2755
-9049
-8198
-2576
4649
-1454
6593
3099
5702
-4956
3980
497
3921
-6763
2214
-4606
-6107
4902
9511
-2573
9763
8823
889
1106
1268
-5886
7412
-5037
-3048
-2598
-3162
9251
4566
-4875
-5616
969
-2796
7152
9659
-4571
3319
-6179
-8401
-3886
-7959
-4350
639
7003
-2079
895
8520
-4785
6178
-3696
7589
-4692
5469
-3578
-7778
-1
-2814
4235
-7916
-3472
3974
6584
4543
-3406
3206
7790
-6114
-2356
5054
-8119
4213
-6949
1182
9850
-7380
3564
-2821
-11
-6786
7758
7142
-5857
7546
896
-337
8298
4415
1057
620
-595
7720
8022
-6453
9661
-1239
6093
7451
-6769
59
-704
681
6449
4112
-6957
5368
-9738
-7603
4419
1908
1049
6547
-8044
-1380
9506
-4269
-6480
625
2032
3152
2849
1241
-789
3508
-7273
308
-443
2433
9669
-8532
9349
8551
1326
220
3758
-1817
6231
214
-4317
4345
1026
-8016
5164
-7372
-776
-5130
1247
5245
-9438
7385
4458
9112
9752
370
1309
-9817
2547
5753
3429
-4261
-1633
-4832
-6007
8384
-8044
-211
-9696
-3739
-5077
-4898
-309
-8566
-260
-3945
-207
-9684
-3434
-928
-9444
9954
1009
2510
-133
-5378
884
-4858
-7223
-8650
1603
-2205
-6290
7007
-9522
-2989
1108
-1495
1573
-3041
-3427
6886
5527
6906
-9416
8767
-1838
-3217
-1506
6879
2665
4324
8010
157
-6566
9350
1367
-5307
-9074
7924
-5353
9235
-2959
2018
237
-2215
-6893
-2672
-2733
-3394
3547
-5899
-7652
4343
9922
-1165
191
-9237
-7226
9960
1463
7972
417
-2371
2001
-9608
-783
-7375
1569
9101
-9307
5503
-5236
4414
6842
9462
-9460
5150
1623
-4009
1763
1288
-6317
-4442
-7703
5517
-1012
-4375
-8037
-6938
-7463
7962
3745
-2746
-272
564
-8444
-692
-298
7868
6222
-1473
-7558
-8188
-8732
-8308
6145
-6998
2329
9347
6995
5683
1019
8378
-4691
-6576
-700
5548
-7176
4404
-2878
-8042
9458
7347
2896
-309
7862
-3495
-1740
6696
-2058
-2174
2245
-5182
1145
-9955
-952
2895
-8896
3953
2591
-4821
6853
-9884
-1825
-4450
8552
9624
-1604
-6166
-9811
9208
-8399
-7982
406
-5079
-5231
-5704
-5334
5021
9765
-2184
-3424
5477
3970
9927
323
2716
-2876
-816
5165
2438
3781
-2491
-2119
-2454
-2904
-7811
-9466
2288
-7137
-8447
-6190
7282
2299
-2879
9436
-1079
-2170
9278
3303
4868
7903
5058
-3468
-7549
9325
-7778
2145
-9773
-9191
5619
-9070
-2572
591
1704
5995
45
9570
-532
-8986
-160
9709
9144
1826
795
3161
-1607
9393
4290
-1304
4824
-4556
9297
-9156
-4594
5566
8673
2907
9394
-6344
9014
-8003
2178
-4676
3806
-2843
4679
-1897
-8655
-7439
-5211
2118
3780
5338
-6261
5472
4982
4460
-877
-4436
2213
2097
7110
9988
8736
-1839
-6867
-2542
-5862
6732
1291
4727
-4600
8111
-3597
-3544
-7728
-3277
1236
-9036
5008
3465
112
-4300
8630
-9741
-3982
8340
-846
-2862
-5060
-7341
-5579
-6445
-6546
5283
4225
2318
1144
3802
-991
-2476
-3235
-3857
1428
6540
-3223
3072
8655
-7780
-4065
-4410
5647
-8317
4303
1870
-4800
955
1541
-8083
-1331
-4719
3480
3200
3607
-508
7420
715
7168
-1568
8996
9811
-2552
-9484
-484
-315
-2298
-1563
1354
5121
-3728
-9622
-9440
8108
6521
-4849
2238
9602
-5918
4654
1173
7750
6892
3599
5518
7515
9086
6945
1589
-1793
-6321
4586
8356
-4412
6133
9601
8251
519
3702
-6302
8307
-1321
-7201
-9
9582
2575
-3164
-7787
2285
5445
9367
-3749
-1015
-5607
-2537
1965
-5485
82
778
-5690
6542
-4479
-8815
7587
8894
4741
4178
-7649
-6913
-806
4124
-5403
-9746
7606
5494
-1067
-6048
-4436
6606
-7146
5921
4018
5586
3793
9809
944
-3463
-8749
3097
7691
-9749
3391
-9635
1554
-2203
2735
9599
-4127
-4696
9000
-6131
-4796
610
8879
5672
6654
9027
5158
-4679
-8508
-5037
-3178
-5643
-4031
4285
7492
-5079
1185
-966
8643
3021
-726
3045
7250
9765
-8463
-5183
-1693
5535
-9304
-4749
-2311
9547
-6551
4250
-8372
-4478
4125
-9012
507
-6341
-8948
-412
-3611
6094
-79
2606
-9943
8568
5864
3175
-8327
-6529
-9867
633
-4636
-5698
-294
7563
-3603
-8676
-1866
1380
8554
-4781
4937
3991
4569
-4019
9613
3699
-5452
-4099
-7550
7893
-8726
6423
-7847
2592
6735
-9721
5558
-5833
36
8089
-7248
2873
-419
5572
1753
343
-3091
8524
5274
-4278
5908
8198
9694
8446
-5647
-3291
-9992
8495
-6971
-8420
570
-5660
7735
5728
-2067
2541
8047
-5094
5988
8829
4375
-1669
-2937
-4023
-8327
-7737
-9962
-2533
-982
-7338
6064
-9399
750
5808
574
-42
-5827
4273
6270
-1396
788
369
-2091
267
-1968
-2405
4645
5904
6497
9617
-8344
-8338
4613
7298
337
-9708
370
3570
975
-8182
-5549
-180
8796
-6107
-8754
3172
-1457
-1686
5378
-3221
-7195
2108
1328
3796
17
6328
-6162
7011
9495
-610
-4638
5995
3101
5877
-6963
970
1926
6053
9718
8956
2782
-5939
-237
9514
-4118
-2578
-512
5630
-172
9907
1921
7143
-9443
6957
-4974
5902
3757
2124
7923
8771
3565
4661
-9292
-1132
-2879
3609
3778
355
-9845
2958
3473
2598
-9338
9405
-7664
2957
-9800
-776
-9571
7576
-7806
-9214
-2617
4734
-649
-2219
-3412
6737
2968
2039
-169
5261
-2881
-8120
-7072
-6813
1421
7212
-7004
-3279
8329
6423
3471
712
5813
1475
8903
9750
-426
-9699
4007
-2141
-4018
3271
-8051
-4381
4362
-4043
-9186
5641
-50
-4121
7543
4041
-9116
-4751
-120
7215
4124
9490
755
-4312
1932
-5583
3739
-5836
443
1137
-3664
-7050
9183
4503
435
2856
-4804
2267
-1862
1682
2616
3380
-81
-2565
-8592
5553
7308
-5092
4232
-7906
6810
-8741
3216
-6184
-6894
6099
8858
9612
4851
1489
5096
5635
9661
-3155
5926
8665
-7670
9215
-681
8836
-2086
-8338
1959
-2520
-7824
-2630
-6562
-5626
-3912
7685
-2413
-1191
6101
5046
4815
-9832
-4733
-1452
9320
8341
-6434
4532
-9901
8383
8732
-5730
7438
4549
-4894
2570
7196
8796
-7611
-6160
9148
5235
-2642
-1853
-7699
-7077
3118
9209
-5790
-4258
5417
-329
-8261
7535
4963
-7935
9330
5872
5125
-2312
-2885
-9035
122
-8784
2993
3048
-9581
-4658
980
-2655
4926
-5460
-7535
-3834
36
3225
8256
4722
-6197
-8277
2231
3396
-1028
-9130
7797
8074
7888
545
-6437
3779
21
-9291
-6291
9926
-5142
-8409
-9388
7820
8701
-7214
-7761
5480
1138
2315
8320
7948
-4653
328
4642
7389
6066
1352
-6248
2986
1701
8751
7142
-8208
-8412
-9897
9398
-5905
5813
-7461
-3191
-1765
9527
7143
-9727
-186
6334
3940
1573
3319
8353
2295
4410
-8657
8871
5051
72
5319
-8747
-6980
-773
-1226
-2519
-3547
-1218
4599
-4250
6211
-5698
1817
-8932
7090
42
4618
5643
8369
-2151
-4453
2438
3071
-9035
-9097
-4877
3023
4580
6363
-6994
5533
-1302
-3435
-9387
655
9406
1575
-1952
-4501
7756
-9571
6890
-8866
2868
-834
-4220
-3137
-6350
-4205
-3517
-3142
7932
9224
8302
-288
-8893
-1292
-8500
2484
3609
-8655
-4991
-9197
-6140
-9281
2295
1015
4133
2066
-9717
-2058
-8178
-2127
-6179
2045
4628
-4604
-8490
-5948
1170
-1594
9931
-6315
9105
7315
-4936
-5376
2555
4883
-6541
7739
-1437
-3212
4002
4127
-8604
-8228
8671
-6115
-1659
8836
-8474
1970
-3434
-1645
-5312
1105
-7977
-8068
7357
434
-8053
-5016
-7885
-3515
3861
8239
3783
-5415
-4959
5109
8652
7146
3571
-3345
5204
-7478
-7242
-5023
-4686
4599
-3150
6159
6136
-6258
5471
-9394
-2048
6526
8685
7499
-9483
-723
-4438
-4264
1004
-2087
-8767
-9632
6814
1150
-1502
4283
8194
-1462
-7282
8652
3408
-4890
3923
8637
4099
-2087
-7509
3434
8916
-58
-5274
1893
6063
-9268
2006
-9761
-4309
-6717
9065
-6639
-8875
747
5524
3953
8158
2139
6942
2828
5206
-2005
6294
4463
2612
-4112
-554
4513
735
8873
3973
-5569
105
-2789
-8014
7505
1157
-6014
4611
-5850
695
919
-8571
-3038
-4856
-4727
9895
6392
7417
1722
-5723
-5572
-917
4028
-1120
-1959
2135
7866
2842
-7567
8883
-8931
8012
7545
8608
-868
8534
1985
2378
5225
3834
-8755
2885
9485
5801
755
209
5398
9159
-2068
7408
8621
-8503
-3255
3853
4870
2373
4557
4733
785
6895
4963
8447
3575
5961
6964
2558
749
-2481
9989
-5191
63
5757
7703
1393
-5839
-1960
-924
-896
-9801
-583
9494
2866
-9905
-1291
9486
-8834
-9684
8911
7065
1858
-1222
9931
5905
2458
86
1782
1585
726
-6919
504
-8523
-6307
-6214
4278
-986
9464
3338
6295
-8922
-6660
-4372
5650
-3182
-127
-2722
-9272
9645
-584
-7714
-4166
1118
1521
-2994
-6601
-4226
1031
-9369
4345
-8084
5931
4542
3352
403
6669
3660
-986
7611
-2468
8674
-2430
783
-7954
5724
9850
303
1935
1433
-4514
9557
1182
7854
4919
-7272
3155
3636
9078
3206
-4334
-2464
-5098
-4267
5107
3928
2074
6128
-497
-4682
-5967
-7143
-6509
1829
-7516
710
-442
5760
838
5116
6586
-7342
428
5501
174
7310
255
-9499
-8014
-1755
1163
6297
-8449
-3440
2936
-8807
-9581
6516
-9463
1988
8110
9015
7164
-4316
8325
421
1748
-8236
7237
-6730
5383
-6639
2226
-1924
-539
983
-3489
1618
-4321
3302
-5268
5147
-7422
2996
2270
1219
-9179
-916
-6615
8167
8558
4151
-2594
-6643
-7332
7442
213
-953
2178
6364
-3077
-7508
-5563
7093
-3252
-9533
-359
1187
-5612
-9139
-5301
7459
-1929
-9136
6424
3356
-5909
1647
-6104
-7735
2484
3865
9479
5116
4560
-9575
8426
6277
7985
4589
-4596
-6234
-8681
9809
-5884
2396
8386
6340
1151
4210
2926
-8565
8921
-8924
2618
9949
-6424
-4577
6487
6219
177
8458
-5154
6019
-1107
3814
-2999
-6808
-6221
8217
5105
-7516
4031
-9621
4530
-1566
-7212
285
-4810
5909
3545
-7153
-9112
5746
-4927
-2586
-4287
1958
-8368
5058
-9806
2470
-641
1972
-2155
-6134
312
-4792
-5332
-7250
-3012
3725
8183
-9400
-1413
-4986
1710
9934
316
-5079
1062
-843
-6902
274
6437
-6646
-2933
7773
-9165
-4545
-591
8986
-9340
479
4411
7466
-3532
-9334
5248
5025
4530
4212
-3126
2995
1211
-3817
-5246
1804
3273
-9058
9301
-3060
-9110
9297
5879
6583
-7295
-3781
5996
-6536
6217
7441
8576
-8556
9222
-1389
1499
-8588
30
6112
4574
-1678
6500
-5931
-2421
7205
9298
9012
8040
480
-4265
-7495
-5629
-2523
-1623
5276
7429
-4986
-3638
-2301
-7483
4012
149
-4335
-791
-9279
3958
478
9453
8684
-9583
-6903
-9801
-6114
1804
5181
5446
-6878
302
-1278
853
7391
-5359
9164
8473
4825
-8945
-515
2534
4293
4564
339
-6382
195
-9191
1918
-4386
-7219
7660
-2475
-9217
-6605
7028
1210
-6688
-6053
898
-1194
-2116
2716
-4914
-1076
6347
-4229
-5208
5898
-532
-4906
4784
5139
-1764
1807
7992
-4361
1994
-473
-6040
-9166
-1160
-4886
4656
-3299
7107
8948
-9494
7980
8906
4770
2161
-2559
-4034
7293
6208
8
-7691
-1262
2774
-618
-8406
4349
-6997
-5713
4079
-8168
-2032
5138
-6585
-4498
6862
9573
9572
-3532
3520
3702
-8471
-3066
5051
-5716
-4092
3509
-7708
7097
9438
1024
2022
4148
5004
-5583
-6471
-7666
-2960
-8962
3108
9178
8814
3872
-8240
4423
2139
-1253
-8705
3732
-8351
4016
-2610
9548
-3384
1158
-8990
4038
-4921
7676
-6534
5356
9882
-88
4137
8553
2478
-1003
1744
-3203
-6718
4757
-1350
4341
-2611
-5145
3148
2876
-3704
-3541
-8832
-9405
-2785
-862
-2068
-4903
453
8174
-4052
-233
-1083
7644
8059
-1258
-4358
-9621
3243
6163
7138
3560
-7245
-1565
-7535
-411
-4057
-9475
-9874
-4448
-4175
-5533
1213
223
-5329
-7357
-8550
-7789
-239
2919
-612
1684
9061
-5894
-3201
-9668
7559
1004
4058
7090
6037
-2807
-837
-2929
343
-7987
3584
-5536
1360
-1560
6419
-4928
4333
-8788
-4990
8944
-5537
2939
-6755
7066
-9766
-9767
6827
9986
835
1951
-3422
1458
8788
9584
6463
3711
-1307
6687
-2380
-5600
1777
-9224
-5237
8861
9151
1359
-9665
8652
-6385
-461
6993
-2581
-9014
6956
9906
-5950
7254
2641
1329
7826
4332
1554
-9284
-3273
521
9605
7023
-9168
-5833
1719
7646
-5669
1969
6777
4522
8904
-2097
6577
8165
9001
8675
333
7720
9769
5289
6297
7981
-5067
-2108
2574
8460
795
5637
-9552
-2349
-4249
-7067
-8308
3075
7819
-2067
-9702
7113
-5245
9350
7596
-1636
6807
4765
3594
1490
7126
1050
6594
-8022
-8583
552
-5617
-343
-8427
-2702
-5794
7728
4932
5185
7400
2231
5031
4308
-3798
-2299
-2611
2652
-1193
-1660
2266
9870
-1663
5360
9063
-2954
8970
-3143
5907
6326
5848
-7174
9403
-6752
-1037
-9943
-1295
1386
7934
2584
8521
-5764
4767
9360
1032
-7542
-4518
-8044
-9015
-1469
620
-3234
7765
-391
4689
-9397
-3022
8698
-2749
-3437
-4275
6102
2774
6827
-7577
6404
2560
-2938
-191
-1737
-4161
-7302
-5789
4737
2383
-154
-6220
-6272
-6053
-3530
-4142
-6051
6304
-4401
-4415
-1134
6828
9029
3977
-1180
5776
4926
4109
5144
-45
2082
4208
705
4947
-4965
5654
3580
2979
7858
-7605
-3084
-8224
8560
-4511
-8634
-4683
-5359
-1181
7121
9738
3337
-8839
7082
2979
9699
5209
-7204
7860
5803
-3906
5100
-5462
-5670
-8437
-1450
8600
-8958
-2475
-5695
9020
1384
562
6797
6215
-5608
2172
3051
-6554
-7197
5562
-1554
8007
-7820
-7220
-2057
9066
-484
-1770
-7250
5539
-2543
-4420
-6327
-2138
3850
5370
9394
1039
8017
1752
-829
-7888
-7650
-3972
729
3404
1057
-5327
-2059
-5762
-8459
-8584
1475
382
-3980
4582
1527
-9708
-7578
7895
-6229
-4378
7568
8516
8089
-9623
-33
6622
2501
-6291
-1200
7393
3377
4186
9654
2564
-2114
-4189
1050
7556
-2237
6212
-630
4944
-1027
-5741
-9617
-803
-8752
7822
-8852
6309
-7981
-2023
3150
8795
5447
1534
-7382
-4275
7209
-8794
8022
2075
7762
-5947
3092
-5043
-3904
1726
598
7200
1217
-7465
-6553
7688
-9806
6118
-5643
-1849
-7469
8053
3491
-903
9350
3845
7479
4393
6827
7462
5187
6236
-1671
-9530
5485
-9922
-2780
1451
9636
4021
885
3904
-6483
-3950
7359
1636
1055
54
6533
2270
9612
8493
-1141
4607
-9537
-5201
-2333
-8457
5636
-2485
7934
3078
8077
8287
3370
-9011
-9641
-1240
7264
3008
-6450
447
2931
8646
2579
7605
8637
5368
9729
8719
6065
2460
-4670
-8362
-6694
-1933
5486
-7110
5210
-9860
6483
-9410
5983
1419
5942
-8302
5725
8237
9229
2127
-2368
4319
-4661
9082
2194
-3851
-8721
-3033
1772
-286
-6214
-8763
5169
-666
5765
-2103
-7638
-4698
-605
105
-8619
-1183
5840
-4259
3754
-2558
-5622
6688
664
-1831
15
7200
-8779
-5604
-9666
8635
-2009
842
-1153
-8990
-248
426
5592
-11
7668
7018
-1797
-28
5325
-491
-8719
-7784
-7389
9032
-7276
4976
-8618
-9243
-1582
-5963
-6298
-2427
-7386
-4726
8739
-6683
-8927
3843
-4737
-5393
-9700
-1992
4993
-4442
-3647
-8062
1845
6822
3195
-5490
-567
-2377
-5172
-378
-5119
4664
5318
-4683
7599
8429
5116
9631
-9488
9427
-3368
-1425
7177
-6485
9631
4653
-4892
6264
9189
3617
9749
-7211
-272
-9388
4290
5409
-7883
-8564
4402
4243
9954
-8443
8402
3271
9214
-1876
53
1893
2816
9934
5877
-9265
-542
-7434
-421
7233
5064
5564
-4850
-7194
-8956
-1385
8439
-4149
7199
9523
-1057
-8543
9300
7881
-9797
8427
-8618
-4973
-6508
-6368
8352
-7240
-8336
3856
5420
-3774
1134
2546
2669
4533
-3050
3497
-6833
4529
-8387
-7752
987
-1517
-9789
1318
8836
-4093
-3225
2044
7952
-6247
6108
-6974
6492
2132
3520
-7299
7574
-7127
-1431
9800
-5969
-1305
7881
-1798
-4213
4022
-1861
-9410
-4680
-3919
-6699
1101
-6215
-9275
8776
9591
2074
2985
635
886
4163
5070
-9143
1710
2418
7077
9876
4028
9618
3588
-4288
-9553
4171
6546
-8719
5084
8330
-1708
-4977
6636
3554
-981
-2600
993
-7303
-1070
2943
582
2497
8193
-370
-1856
6784
-3797
-7706
4396
9099
4559
7354
6893
2501
-3735
-2318
8403
6366
6066
358
-1061
-6929
893
-616
3238
8220
8091
736
3542
-1703
2742
7405
-4028
-5958
2579
3380
2884
-4534
7050
-4080
-6770
-9669
-1626
-674
7622
539
-3761
7903
8174
-2124
2122
-1017
90
2536
-6573
5140
8125
2651
4258
6335
-6132
4139
-110
-3877
2370
8103
8923
8175
-1531
-2162
-1995
5476
-4280
-5002
1237
-7703
-1138
408
6184
9344
-4538
-5393
-9878
-2796
8437
