7708
9864
-5472
3467
-8453
-2242
72
3585
-9300
9654
-104
8617
4410
5845
1615
3685
3666
-3581
5017
-5126
-1213
4689
-320
4967
-6771
-6704
887
-6556
7417
3426
-207
8476
7880
8398
-6612
8895
4751
-6938
5292
1759
8702
997
-7167
-2125
-5839
547
2578
1854
-7005
1146
-1922
-7514
4290
-7630
8830
-5633
6812
-4740
-3512
-9363
-6662
4715
-9062
3330
-6050
-6892
-8630
5533
6908
1903
8770
6229
9346
4110
8220
825
-4040
-5862
-8480
-1021
5816
-343
2963
2325
6844
-4617
3878
-9533
-8701
-4609
-1679
-8820
-5289
-666
7883
-8136
9851
1131
-1568
8464
5435
2544
-4794
7427
9088
9245
6714
-6176
-1799
5419
-5404
-9939
-1214
8162
6485
2537
-3534
-5466
-9559
-1071
2719
7430
9954
2720
-266
835
-9254
4316
-3561
-416
-4413
-1960
488
174
-8703
1405
4754
6447
-476
1273
-9125
-8547
-7354
1367
-7979
-9042
3581
-8455
-7071
-4101
8274
-5435
2009
-9098
-8714
1604
-7997
-5341
-7466
9799
8327
6374
2692
-9718
-2392
4748
2702
-6683
833
9517
-1811
5878
8400
8697
-8712
9424
4187
-5256
2286
-6825
1907
-9790
8864
6526
7443
6707
5865
-1146
5541
2386
2582
6620
-3828
4176
4205
1591
2506
-1613
-17
-9743
1549
-2813
7493
-8214
-9914
-591
8096
8252
-7477
8851
2365
2306
-745
-7411
-6420
-6390
-6121
-6752
2740
9104
7935
7458
-5386
6164
2516
-6456
-4508
8164
9109
7599
9070
7609
-5087
-9830
98
-4798
9223
-2083
-8119
8179
-941
7327
-9880
-983
-1029
3746
-796
-6838
2446
-4449
729
3064
2257
-1132
1371
928
9245
4899
8112
-1714
5474
296
-7917
2816
-965
-4893
8137
-2747
6652
-3018
1818
-2227
7458
6792
-5062
1951
8875
-4132
3315
-8920
-2253
-7701
7916
-8129
2834
-339
123
-5545
-7944
7953
-2566
7844
5001
753
-5273
9559
-4093
-6135
6362
-5506
-9035
4257
-4600
-6042
5736
-9652
-2176
7165
2166
6261
-964
-3846
-1140
-2097
-5758
6489
24
4922
4911
-264
-761
-8247
3860
7940
-136
-7858
4655
-4802
-6032
9483
6508
-3959
9363
8872
155
5996
6361
4348
-6683
-6288
7554
4008
-3329
7665
-8716
-6979
4650
755
3245
7848
7407
-6174
-6386
410
-471
-4608
-9511
6728
3829
-7972
2110
9352
-4524
2523
-1092
4920
-6790
-9628
-9537
-9434
-8650
9939
-7725
9469
-2556
-6657
637
447
4336
-4661
-9885
9463
-7743
-8392
7691
1333
2109
2042
2069
-2485
-7918
-5374
-6240
-2998
-5007
9681
4979
5102
-6729
7056
6228
-2611
1677
-9037
8468
1016
-9058
5134
-3437
3394
-8161
907
663
-7825
-4073
-172
5767
-2298
-2792
1288
4291
-202
-5766
-8091
-3166
2841
2414
9655
-3599
-2937
-6536
6726
142
2831
-4526
-4219
-8472
9334
-5636
-7432
-9206
-5327
154
3369
6553
4513
-5219
-8230
-6711
-8965
2903
-1753
-9148
5547
3996
-200
-3565
-8641
8600
-8363
-3068
-2363
3994
3186
5628
396
-6509
6998
-2851
3235
-107
-8198
-2829
7392
-7420
7052
-8858
-9768
-7330
-4162
-4541
-513
868
-9169
3804
8284
-6085
9006
7282
4560
5050
-8289
-6187
5992
-9465
3346
-8781
1235
6843
-2034
-4196
-4416
-9711
8235
4246
6631
2403
8284
-5540
9549
6011
5496
278
-689
3097
6328
7602
-9087
-6210
-663
-3307
2622
-130
4631
-4533
8992
-2716
2710
7744
-1330
2969
1666
-6836
-6389
-6077
8949
9234
766
8284
-9468
7032
-7900
-1021
6212
8801
-5596
3563
-4818
8062
-9878
5088
-7009
9485
-6465
-5462
-564
-7384
-2289
396
3735
-3110
-5863
3642
-8130
2263
-8287
1653
-391
4607
-1552
7172
-6078
-4728
-371
-5872
-9766
-7706
-9864
-188
6232
2094
3753
-3405
-2519
6298
3331
-5049
4845
-5937
9468
-9849
-7137
1579
2529
-2851
350
2274
-4528
-8442
-4812
-3110
3509
2910
2135
-953
5272
3678
-798
1147
-5112
618
5633
5668
-4405
9665
8770
224
-2162
5214
-7670
-6966
5629
7282
606
-1354
-5623
-2308
5907
3131
7902
-5342
-2092
2935
-2561
-7129
-2406
-6145
-1367
2622
5685
-1255
-7498
3264
-4578
6432
8255
-1565
-9164
-7368
-8614
-1174
7141
6866
1343
-4195
-440
-6801
-3220
-9675
600
1973
-7554
263
6989
-3052
-144
-7395
1175
9816
2287
3202
7634
-6025
-9354
-8368
3604
8469
6928
-4477
-2109
4231
-5017
-2047
2168
-2988
-3148
-2301
-7590
1797
9090
-7359
-2672
-9124
1818
5151
-6160
7765
2202
-946
5183
-8566
-42
5160
1969
6207
7443
404
8569
-3054
-9623
8530
3435
-9084
8769
3893
4620
3697
-2707
-2811
-8868
8675
6926
-9565
2710
-9721
-6345
-2214
3165
9398
-3672
7884
-3068
-4167
-8884
-6008
9778
-895
-6049
-83
-9039
-4850
7518
-3113
-8625
-8024
-5803
1945
-4335
6823
-3108
4242
6775
-4229
3028
426
-737
339
-2707
6009
9663
6747
-3898
-9012
-9224
2862
3894
-1401
-1609
7524
3305
-2010
9656
1824
-8043
-4922
7298
-4798
3927
-6279
2230
2437
276
9986
2800
1328
9376
3870
-1546
-4245
-2248
9790
-7591
-9829
6817
6272
315
3164
4751
-2289
4395
-3833
4156
-9392
4206
-5301
3578
807
-1858
-8761
3217
-5940
-3303
-8613
-7386
-1077
1231
-5850
-8991
-6215
4695
-1386
4477
8949
-2436
-8673
-1806
-7986
-7569
6209
6584
-4945
4453
7115
-4874
-6165
-6437
8419
554
3063
1213
-328
526
-2317
125
-5133
-1003
7528
8429
2441
5477
4644
-9287
6741
68
8748
-8901
8610
-1021
2657
8020
2461
-5866
-4824
-5875
-4767
9029
742
2993
-6150
6784
7046
5499
752
7261
-9700
-7619
-8486
9541
-7395
4242
-5455
-6375
-9756
-4189
2203
8523
-6020
-1540
3717
6695
8879
3624
3712
1731
7133
-497
-8049
9019
7688
-8981
-1796
-1771
1679
-3739
403
-2679
202
-9632
7188
1511
6245
-9967
1307
-6606
-266
2416
-3363
-77
-2335
142
-802
1205
7106
9085
8649
5695
-5168
-6667
8760
-1939
-1987
6309
9262
-2467
-852
6826
-4155
2683
-3464
-4226
5812
3992
-8970
-1549
8173
-2601
915
2890
-7016
9882
8561
-9394
9246
7827
1619
-1475
5358
5672
-5658
-9428
-5257
-8132
-8780
1264
-4488
-1747
6712
-2641
-2426
-2909
734
-5991
-6484
-9475
-4844
-3156
-2787
-1075
-7202
2797
-4617
1758
6331
8542
1273
2934
-2967
4214
7595
-1279
-748
2902
-9354
-2995
-3552
-1347
-4198
-122
3893
6977
-5276
-2690
6094
-4372
-4765
6203
-913
-9776
-5166
6913
5586
-9582
-1388
-122
-3884
-6655
77
3720
306
-8010
270
-3175
-3846
5304
-2304
2150
-9601
721
1906
-1605
9985
9411
1977
-1782
9674
-9315
-5297
-113
-2168
-6388
-2162
-5163
-5131
4986
-23
-3189
-4721
-6078
-4032
-2804
6410
4467
-4343
-8697
-7819
-178
3599
-9016
-1204
4789
7046
-7501
-4921
-5965
8630
-3783
-609
-4846
-7949
6203
9447
3470
3719
-4934
5704
9394
-3982
4164
-1433
3772
-5584
5973
-6763
3341
-2898
-3137
-398
-1154
9267
-4833
927
5392
-3668
4554
7393
6743
4461
99
8280
7469
1335
7099
331
-4288
8161
-587
4702
749
-5830
-4520
9443
-1549
-3342
-6605
-7127
5836
1683
5852
9777
-7235
9341
-6596
-8457
-7915
-235
7524
7450
-1222
5956
2924
-5385
9022
5209
-2256
5570
-4883
-5748
7393
8782
-3539
-659
-4328
-6466
-9207
586
9126
-5541
35
-7957
4088
6230
-449
-2884
-3549
-1457
-6475
4189
7041
6995
-6978
3076
2897
-1560
3172
-6482
7976
7359
4588
-8382
6269
4872
7256
-2400
-972
904
8174
-5387
-14
-3503
-1081
8325
-1364
2619
8486
-7171
-987
4659
-5919
1230
1134
-5585
808
-1126
-6691
7643
-3676
-5896
5873
-9758
831
5883
794
-5189
-7612
1860
-1786
-6278
-640
8709
1990
-6155
-1687
4982
3438
8502
1587
6846
5262
-4055
-2107
7738
541
-3663
-6906
-3171
-2665
-5089
3720
-3991
-5444
-8291
-3885
5004
-1102
-955
6199
7385
4977
6778
895
883
8627
1501
-8197
6828
1263
8513
-7394
-2947
-555
2359
4711
-8796
1564
-9922
-7601
9107
5343
82
5764
-9382
-4118
1599
-1925
9796
-2562
-5852
-3192
905
-8719
-160
-9180
9945
8614
-4661
-650
-6434
-8812
6438
-2766
4431
8078
7110
-2613
593
-1887
9983
-7829
-4450
-4198
-7554
1804
-313
8074
1309
-3818
7489
841
-1219
8191
-277
-3503
9161
-7930
859
8256
6667
-5841
6506
-1734
6501
-1888
3813
9782
9670
9017
2695
9511
560
-5511
2888
9457
5684
858
-2474
-4760
-9226
-5344
8843
2085
-3132
-3721
1152
7371
6077
8874
-4587
1049
8074
-1558
459
5766
5745
4641
6490
4902
9179
-3973
3605
2230
8597
4134
-4756
2438
9132
323
-3346
-8593
9836
971
-5152
6515
-5825
-5452
3335
2316
-5790
2542
4234
4919
1739
3576
-1874
-758
7730
5336
846
545
-2953
-6874
-2477
3644
-5779
-8322
-837
7345
7167
9395
8978
-990
237
-2771
4446
5536
4006
-9043
-4089
6577
-5452
-9655
9054
-7043
1845
9293
2966
3506
3957
8591
7564
-4214
5256
5516
-4202
3200
7622
88
-214
7824
-6176
-4240
-9152
-1955
-1487
-3280
3885
-4085
-6629
5547
896
-7120
4459
-1726
6114
-4825
-4382
-4629
4592
-8750
2602
7112
-8080
8476
-2342
-2637
-8046
-404
9815
-4776
-1458
7849
-2535
-8383
5760
-7314
-7055
4448
9067
4953
6337
-2359
2707
-838
-3336
-350
7557
8070
4186
9884
936
5355
-1437
9109
-4830
-4651
9095
-274
-9518
425
-4002
6927
1279
-9736
4871
-981
-45
251
4576
6331
1505
-9997
-997
-4736
2255
4374
-259
3155
6369
-289
1943
5623
-4286
8990
4462
-3076
7770
-6240
2565
-6769
4207
5310
6108
2621
-701
-7462
7189
-549
-8678
-4344
3472
-325
-5459
4709
-1563
-6531
3660
-8526
6500
5347
9742
-2893
-4560
-4224
-8177
-331
6174
6687
-2104
9203
1529
8500
-4647
-3316
6967
-8362
-8950
5534
-1762
9482
-2577
9409
5385
9096
2995
-3261
1414
9766
3081
-4559
-8304
1133
5464
-7699
4714
-850
2964
2756
3377
-8947
-7
-2338
-486
-7278
-6507
-7389
5068
8735
-8659
5197
-465
-5037
-3428
6852
6123
9325
4371
6790
9717
5055
-9283
5237
-1230
2268
-3866
7506
8740
4002
5608
-8455
7531
3241
-698
6106
6679
-3548
-9395
-9228
-7833
-4600
4063
5797
-7481
-8207
-3133
-7108
5793
8165
-6783
-4594
3246
8831
-1931
-9218
3983
7994
-765
-7833
3385
15
-3032
9143
4290
-324
3210
9931
4108
6181
3291
146
3631
9516
-6577
8071
-2035
-9167
3987
8691
-6885
4035
9553
5036
3714
-234
736
5074
-9748
-3738
-6762
3751
-6799
-960
-6087
-1832
8201
4273
-5485
4758
6113
5012
-8705
-5054
4393
-1721
-5441
-2406
-1187
-3414
-4634
-96
8182
-576
-7600
7233
3478
-5407
-4365
4997
-8535
2955
9085
786
-6491
4303
-3146
9773
-2154
8443
4898
9330
9942
1869
-7270
2088
2810
-9072
8056
978
-6484
3156
-1656
3226
4516
-2272
1532
-941
8823
-9470
5982
-4157
7548
-741
3630
-7440
8814
8271
4741
1771
-1124
9034
-7036
3309
-6941
595
1687
-1735
-4996
-5949
1346
-9100
7216
3606
-3624
-2757
-9298
5901
5570
-1467
6771
3139
-8436
6044
-3667
-6846
-3464
1846
5105
-9916
-2941
2858
7619
5269
-4381
3644
-1738
8724
3532
9989
4301
8735
180
-4858
7802
-1192
5032
6406
-7827
6750
6386
4998
-809
-8747
-9762
928
841
5568
2310
-7205
9431
6838
-3504
8352
-9660
-2846
-9185
5308
5116
-1403
2955
3163
5522
-6473
8571
-3521
-287
9272
-7556
-555
-5375
-8789
-270
-82
5800
6022
-1854
7342
-284
-388
6215
-6976
7351
-1635
4408
-5257
7558
6261
-3102
8964
948
6803
-7309
7941
2561
-1303
-7102
2253
-4373
6586
5598
6391
-690
-8068
-2952
9784
-3472
4983
-5354
1813
-8285
9714
6424
-7110
-8160
-652
-755
-8517
-3279
-9155
7042
261
-5629
2917
4797
7043
-1237
7123
-8748
-9216
4621
-3594
1301
-1909
4310
-3165
-283
-9645
-6657
-4918
2416
1286
4940
1652
7531
-2388
-621
-7294
5504
-3607
-3078
-5188
1977
6496
8082
-4236
-3896
-3974
-3519
8748
-2841
-3396
-6375
5469
-3818
-6272
7799
-7899
-252
-4898
-6992
-8514
-8014
1578
3988
-3434
-6654
7095
-7383
6910
-2555
3133
9558
-4912
-4151
-6240
4435
-4755
-4055
-3813
3167
-4210
-8085
-4722
-6101
8360
5579
3857
5832
4868
5950
1785
1519
-1215
682
2367
-9258
9232
-6419
265
-5141
-6283
9505
951
3678
-4877
-2571
-8901
6948
-4088
-7588
4841
1258
-6387
-8465
-9737
-9133
9380
-1629
159
-2181
-3549
9032
-3722
8917
3071
3113
9363
2562
-1257
-8836
1611
5314
-8025
4240
8021
-7515
9029
-65
-1844
852
-6596
4653
-3085
5648
-8014
-2376
-6677
4968
4938
-7244
-7566
1410
6128
6673
428
-7977
2307
713
-6589
623
-3183
725
5492
-282
1919
4970
-6280
7122
6046
-4651
-7512
8430
4153
5325
-7824
-505
-7561
819
4546
-4468
-7175
-5616
-102
-4792
3887
7583
4988
-5729
-7021
-7526
-6182
-6008
7321
299
-2423
1484
-3044
-8255
8960
-7465
119
5790
1586
2035
533
4271
1522
-3519
8738
-3317
5705
347
-4028
9150
-761
2212
-5571
-7026
6388
581
-2075
-4005
-2497
-4247
-2341
-2525
1769
-7477
2296
4867
3833
1689
-8001
6874
8829
-4855
-4034
-3643
-6546
7032
168
4687
-5423
8578
-4979
6484
4568
9451
-8690
4694
6241
3041
-4597
-6299
-827
5284
5749
-8487
4618
-4021
542
-5669
-5387
-7194
2566
-4391
8801
-9192
-4088
-2895
5921
-8528
-2463
-5354
6321
2715
-1372
-7003
3559
-3123
3709
9597
-5062
-9232
-800
3677
2383
7026
-4272
1595
-6881
-4308
-2520
-2282
-885
3907
-9658
9038
1935
9940
1067
-4015
-3713
3398
7667
-9144
8570
-371
780
-5506
-8311
-7752
1379
-9762
-4417
6997
-925
-7954
6331
-480
-8775
-2815
339
2731
-4526
-8853
7202
-7818
-4139
-1464
-1398
-5710
-2287
-8748
2573
3441
9708
2119
2462
505
-2669
-6003
3445
2680
221
-8090
5702
3514
-6675
853
3597
-8034
-6356
-9453
-2532
7953
-9114
-8533
-1075
-85
2045
6917
4780
2891
7500
-2115
-8347
1296
9082
-4205
-2274
-9335
3911
-8328
-1424
-1149
8978
3958
-1149
-6703
-4749
8660
2879
5302
3165
1514
-8412
7517
9812
-5807
7858
-359
-2895
2291
-3665
-7989
-7330
176
2402
3139
7997
685
-380
4516
6181
8519
-8352
5456
4723
-4569
-2746
-9291
3396
-6911
-3804
-9593
2015
2805
3792
8780
-7097
-8119
6845
7700
5873
7513
1574
6483
107
-2738
-2568
7251
-620
-7008
-7102
-6330
-4217
-9749
-6308
-8754
9710
3109
6222
3207
4900
-492
2916
6159
1329
-897
-3987
1576
8617
-1657
-9001
7480
-4553
-2072
417
-9306
-7388
-3612
1679
343
2977
-2382
3026
-6756
-1046
-7023
-6247
-2259
9679
3092
8733
9890
-6438
-2849
2333
7803
-1190
-1890
-7364
-5281
-2248
-4653
-4885
6766
4414
3194
4301
9467
-8960
-2243
-8720
2560
-1894
7687
6461
4069
7222
-2693
-3326
-4229
-6580
6693
-4791
9960
-3172
-2195
2846
-1323
5827
-842
-4821
-5282
1357
-9049
-4525
7958
-2743
2750
-7157
9261
7130
-5158
-1854
-1862
-4721
2118
-7946
-9589
-1065
-8597
-701
-5118
4559
9544
1639
8306
-5901
-2486
-1675
2376
-729
4586
-2083
-167
7621
-8683
-1783
-2021
5323
7286
-1924
6615
-2917
986
-8463
-8283
-4389
-1230
-7418
-2512
2682
-8459
-1923
6990
4303
-8657
7192
9233
-6993
-4936
529
2842
-4063
-51
-1727
1449
-868
3481
1902
1671
-8210
-1225
-1780
1392
4064
5608
5931
8730
-806
-8958
-9892
-3967
8695
8104
-6347
8448
6277
2140
-9350
-21
-5383
-18
-7142
9362
2567
-9162
3926
6861
6427
9319
-3290
-8990
-2748
4552
-1585
-5390
7804
4571
808
-9276
1180
633
3786
-1439
-4435
8422
820
1073
1527
-5824
-3651
4833
2936
-3455
3922
2886
8440
-6801
-8475
-468
1522
8522
1917
1213
-9005
9650
-3716
-2772
2816
-6774
-8202
-1591
2428
1126
5655
-9639
4110
-417
9584
-7152
3441
9864
1841
4326
0
9713
-9566
3887
763
-2966
2524
4835
886
-4009
6032
-3130
-1445
-9950
-6058
135
6978
-2222
-5963
3432
-2989
-6715
-7601
-8514
-8432
-7112
-4015
8018
5750
6139
8657
1438
-2854
-8994
-362
5482
-9988
-1731
9525
171
9373
7371
6578
-2623
-2004
8058
-667
-9502
3829
-393
7571
8384
1116
-6893
-6029
3389
5794
5195
-9517
-8578
-6921
-9274
-7411
-3598
-5390
-4225
-9466
-6585
8001
7090
8389
6394
-7405
-3530
3520
-8010
-4504
534
-9831
-8343
8444
-2259
-4417
9087
-6432
-2075
-7376
-8377
-1874
8935
8223
-2325
-2273
-6226
-514
2000
9620
-7874
-7023
795
1247
3312
-1600
-175
-1669
-1347
7789
1121
-5358
-2597
-3228
-6395
6282
1848
8715
6313
2795
-750
150
-1611
-435
-388
-815
-2228
-5706
-7823
295
2155
-9411
8569
4787
9759
-2780
9252
-9393
6616
4500
4481
481
7624
-7235
3628
589
402
-1982
3753
-8521
-2755
2659
3817
-6238
634
-5068
3678
-5793
-7330
9016
5385
7649
-9414
9481
-4847
-7025
-8619
-2707
-8271
-1353
5075
9445
3404
4139
294
-3603
3819
-5109
-6750
6274
914
-2641
825
2667
-6856
-5926
1229
-6175
8262
-6359
501
-4570
-1543
9160
2046
-3318
3046
1985
9254
6889
-823
-8836
6227
-2934
-333
5248
3306
-1883
2561
3777
3590
-9620
278
8741
1892
7332
-3728
1081
9157
7545
3221
2777
-1690
4845
4592
7723
3225
-6732
-5645
-3424
-9123
579
7413
-2379
-159
2244
-1288
7514
-8410
-8033
3703
9499
8152
-4258
-8465
4383
-3652
7512
-3352
-7631
-236
-2889
7271
-8506
-6089
6741
-1663
8290
-4743
-2311
-8931
-6846
7070
-5554
-2136
-8182
5962
1078
6196
7412
573
607
-4933
-2226
5262
-5388
-8759
-8010
7387
342
1458
-6889
-4878
5938
8098
-6212
1876
-1887
8818
8551
9869
81
-1400
-9274
8833
-344
-1016
-7743
-7672
-2241
6113
-9025
-7349
2354
5616
8505
-7489
-7631
-2482
4054
9680
8544
-3237
148
-7135
-4644
-2799
-227
9277
1737
-7771
4398
1243
-2697
-4417
-9095
6244
4527
-9273
1700
-1349
-6589
-4005
-8787
7415
6205
177
3268
9711
686
2726
-1478
-2853
-9228
-4905
-5085
-3239
7337
5377
2686
-9944
933
5097
6283
-7282
5761
-105
-3116
5644
-2170
1885
-4894
-3694
-7606
351
-5358
-7027
-3252
-9759
518
-9588
9801
-6890
3441
5869
5006
979
-4997
4780
8711
4796
4563
-3499
316
-4776
7767
-5037
9555
-5624
4297
4490
6647
9984
-2763
2914
-6614
-640
-1313
-1630
-1609
9375
-9696
-112
4526
-1694
-3103
2459
6010
-1397
682
-8945
-4257
-2233
-1863
3708
-7180
-7325
-2972
-5036
1143
-5483
-1719
-167
-9278
3509
4756
4987
3720
1346
6949
-1976
5203
-4668
-9140
8148
-9741
-8269
1865
-5691
5325
3632
9897
3464
9799
5168
-8015
2847
-1583
-8285
6631
-9767
-5301
6178
2758
-940
8836
9234
455
-1897
4793
-9788
1254
-6199
5684
-158
-61
1531
-9817
5479
8851
-2077
1541
4932
7333
-2109
2530
-5733
4459
-507
-8186
9423
-799
-5273
6459
9830
9878
8191
9166
502
-4969
-1757
3886
6028
-2128
3031
-9413
4838
1504
4740
208
-9636
-6082
-1851
-3451
1590
3662
3299
-8242
5556
3204
-4616
6091
-7757
-5153
9800
4440
1193
9988
6764
-4484
1282
-7598
-2821
-6990
-2324
8506
-1767
-8963
-2309
-8087
-4938
-3988
-6351
-1507
1614
6488
-1595
6156
4294
8740
-8226
9838
9349
-6264
1524
-3016
-6573
7253
6624
-4770
-1196
-149
1672
-4951
2493
-4977
-199
6014
-694
-8573
486
-5998
2196
-4403
-2578
7631
9658
9113
-9136
7728
-2561
2830
5068
8348
3900
9513
766
-7324
-710
-9718
-5457
-6743
2205
1454
-662
299
-7409
-613
-3371
-8267
-9899
-3192
-2033
-1193
-2966
3070
-9220
2235
9889
-5551
-4894
2999
-3257
4821
-5822
-60
-1247
-4083
-5202
1726
-587
-979
7024
-7990
-5103
698
-5194
-5942
-6020
-1851
-619
7308
-750
2393
5512
-7557
3098
8033
-7099
-3213
-692
-7554
-8402
4511
-7012
-6403
-6343
-1759
2163
-6397
9708
5339
3437
747
8538
7255
7088
-2692
4516
-4831
-9147
1535
481
-4601
-2299
-5148
4373
-3581
1869
4823
6471
3771
2776
-1666
5419
6430
5597
-110
9685
1451
-6693
-3784
-9933
-6313
-6080
-3849
-7350
4482
-643
-9605
1274
1138
-4230
-3346
-7799
-7184
-1066
-2029
5021
3271
-4147
-4079
-2695
5915
9757
6022
2865
-3101
-919
4260
-3370
4318
6535
9203
5629
4625
-7552
-5260
-1567
1185
-239
-857
9569
8278
3946
-4870
-8591
7729
1785
-3511
-6266
-7846
4136
4183
1006
-1646
-6651
-9790
3096
2551
-317
-6771
-4023
1952
3545
5204
787
-4514
6044
-2855
-3124
8565
756
-4869
-1135
3775
-1756
-5210
-6379
4403
-15
-1641
-9617
4230
-4566
8418
-1492
7920
-80
-2346
8678
58
-9194
2694
9428
-7230
-4292
8360
726
1951
-289
2406
5364
-1431
-5776
1400
7919
-6331
-1519
-1978
-1960
-7188
5896
5313
-7757
-2416
-7674
-8797
6018
5079
-8966
810
-7850
2818
-1153
-8527
9007
-2651
-7847
754
-4556
1663
3991
5009
-5448
-8145
-9640
-8623
4661
-4929
9462
4963
-6372
3294
5078
8794
1493
7316
-8886
-8415
3112
7323
-1081
1402
-7170
3823
4561
6111
7172
8324
2825
6180
6439
4391
-7011
-4458
-5864
-5635
8826
5487
-1865
9680
-3486
-4230
-7173
-2601
7761
560
5729
8406
-8317
-9359
9837
-8349
2678
3660
3135
8911
-7173
-5059
-2894
1218
-8096
-6115
-639
7944
9444
-4544
-1830
-2348
-6709
5575
-3043
4206
3459
947
7682
7037
322
-750
-7247
-3319
-8266
-374
-4391
-5054
6160
1700
-7669
-252
-8332
-4368
-8989
-1399
-7873
-583
9579
-4125
-9522
-3696
2581
2853
3225
-1833
-9102
-7771
-206
-3473
2653
-6500
9727
-4744
-5385
-1192
-9090
8138
1204
-4183
-8968
-4742
4042
-5804
-7672
-1491
-5677
-5282
-3942
-8754
-7662
-1087
-5774
-4166
-5574
-4282
-9452
-5415
1782
6534
-2469
-391
-8257
-9326
-4311
1958
5081
6438
-3426
-2418
6989
1364
-2681
25
-6705
3796
-3551
1993
-8214
8438
-7488
7700
8313
-1022
8395
-9290
1188
7617
8096
-8479
-7942
1453
8929
5572
-8506
2646
-589
-3765
2297
7201
-5779
8268
-1488
4859
-7247
5595
-9828
-4510
-8732
5186
-2401
-5475
3889
2364
7386
-2189
1779
7518
7827
-5797
-6541
-4367
-8331
-9407
8861
-3892
-1754
-5493
8595
-631
4611
-5102
9073
-7622
5816
3198
6033
4288
-8331
-2658
6993
9296
8241
-7877
5589
-9657
693
9811
9459
-447
-2825
-5006
1207
-9811
394
-7273
1732
5472
5630
2417
-5406
9565
9261
4222
-9944
2112
2223
1904
2321
-8287
7901
9343
-5478
-5517
3598
-4376
-8643
-1794
-5066
-6050
-6812
8071
-2074
-5611
344
81
4866
5049
8682
-5237
-2557
6545
-5100
-4951
7431
-9024
1833
3876
694
6408
-4546
28
3654
1183
3029
-2315
1932
-4545
5842
-6292
4355
8961
4186
-1533
-771
-1237
4085
4156
-3837
9785
-7974
4695
-7926
3905
-827
144
2600
3940
-4769
-849
-9899
9761
-8321
-1681
-141
1753
6530
-4146
2742
9087
-1963
-9890
7624
9101
-2545
-7865
5836
8411
-7847
9092
-9562
-9691
-1081
9041
269
-5156
-3650
10
512
5443
-4819
8603
4581
-3060
6889
4110
-2535
-4872
6888
4476
4789
-5133
6065
-91
-2291
-3627
116
-2524
-3745
-3287
-8141
5773
-5681
4958
-8103
5805
-6041
-3473
5881
-3555
-4852
5417
6505
130
-7293
-4311
9856
7498
-4053
-5627
-2369
5234
-8806
3517
-4250
1506
8826
7150
6982
3451
8114
-1604
560
4911
-973
4840
7532
-3469
-8527
-2067
-176
-3311
-8290
7897
-3906
1970
-487
-1037
-569
-4923
-5077
6694
2541
9621
8649
2465
-3547
-2221
4273
5127
-4866
2040
-1454
-3398
-4116
-5288
5620
9917
-8481
-153
-3568
7255
-7156
-256
-7259
-3492
-4049
1003
-1550
-2924
7774
5117
-5615
7303
5392
-1658
-4621
-7997
1891
7122
528
7765
-7730
-8660
2568
9986
5791
-8674
5673
-9101
9445
-7121
7122
-3767
-9808
-7435
-1033
-8027
-1974
-5482
4520
3164
-4077
6748
-3807
-6438
-709
4628
-6364
-8332
-3047
-6088
-7645
4005
3016
8688
8739
-578
19
6631
-9357
8462
-338
-9163
3675
-3920
-7343
1506
-9058
-3625
-6772
-9236
7659
-4432
7879
2909
8775
-9687
2742
-2933
-3209
1104
-6734
3370
-5145
3149
-2884
-6226
-4784
-9259
-6087
-4692
-3227
-2700
5548
3958
1580
-2110
288
-3895
6813
-9407
5770
-4559
-3732
9364
-3899
-496
8403
4659
-9575
7160
1887
5515
-8243
6198
5282
-8243
5188
4436
907
8480
1736
-3501
7830
-9843
-1907
2395
-7850
-8594
-7125
-1805
2510
-7389
496
4606
-8549
-9955
5184
-8177
5712
-4833
4577
4029
564
4118
-8994
584
2376
8411
-895
-9715
-8349
3029
826
9107
821
-6238
-3110
5013
3745
-951
688
8720
-2078
3344
2708
-8723
8801
8231
416
-8760
-449
-2344
6225
3436
-6330
-5606
3273
-4135
5580
-3739
-6258
2956
6682
-9337
-8706
1267
-7311
-6464
2316
7982
8719
-2325
-1844
-3258
193
9624
-5818
1875
682
-7726
4310
-5127
-1693
329
-6277
-1687
-4031
1794
5492
2435
-6338
8173
-4101
3798
-6863
6030
-3583
-2329
-6200
9699
-6890
5316
7778
-3982
-757
-4968
2032
-7966
3114
339
9887
1226
4594
-4940
-1793
-66
-239
2598
9797
3877
-8152
1404
2284
-4976
4324
-5271
4861
-6101
-6947
6561
74
3342
8306
-2953
5011
-5306
1295
-3955
6888
-188
-7902
-9980
5708
4383
-9981
-3386
3001
4002
-532
-6533
8333
-3290
2122
3466
-533
-3988
-1619
1311
-7769
3680
7008
-2221
9584
-6024
544
-1106
5551
664
6879
6906
1707
9022
3702
2745
-6651
-3242
-9939
-6439
-4247
418
2283
-6196
5517
-9008
4319
558
-5263
9486
5418
2606
-3340
8725
8221
6797
-7445
9219
-8988
-9204
4302
-367
4917
2595
-1932
-11
-8833
-3434
-8257
3229
982
7135
-2954
3998
-5259
3195
6525
8512
-7512
5703
9080
3429
-3102
-7776
-6034
8759
4207
-6077
-3151
-9652
-4775
-2120
9969
-3438
3605
5896
-5476
2594
2000
-2777
4694
-4920
-266
7774
-5872
5131
-487
-224
-3971
909
-5668
1313
9722
-3027
-2989
4604
138
-312
-9498
2385
6958
2990
1297
-7005
-3341
-8295
2431
-2206
4206
-3106
-4760
9758
5369
5802
-1661
4585
1355
-932
-3540
-2375
377
-3599
229
9278
6463
-7716
-140
5581
-3557
-8161
-9431
3215
-9474
-4794
43
-9956
-7819
-2290
-5163
8209
-9226
3248
1440
-2514
-249
-1306
-9130
-8045
8645
-4014
-9752
7642
-6976
7086
-6181
-278
8886
-3724
7594
-4813
-6263
8093
-7954
4189
-7993
8034
-7123
2408
-5166
-8572
2225
-556
-7794
5085
8547
-7022
-4160
3320
-9290
-1108
7560
8777
-8094
-9452
6021
8783
-7211
-5022
4369
8938
-5408
9531
-7752
8061
1269
4122
-7011
-1242
3265
9836
1343
-5891
8935
-4950
2268
-6267
5646
-519
-2764
2731
-5685
4493
-8858
3714
-6909
514
8818
9130
4762
468
-1676
-6368
-8242
-4232
-4259
-3143
2327
-5681
1340
-2847
937
6763
596
-4848
-4612
-736
6130
2028
783
4071
3656
-3927
-1025
9791
-6172
5970
1508
-2054
-4721
-3372
2495
-7623
-8472
2653
71
-7214
-3255
2759
-5302
614
9743
8816
3138
319
7370
9090
6358
-6189
1219
7999
3131
1779
-3312
2779
5215
-564
7577
5264
4195
-9988
9991
-925
9747
-5756
4036
116
-6224
5172
5334
4205
-3567
5234
-8455
8779
4238
8527
-2137
1225
-6192
-9051
-5437
-6124
-8488
6685
-1514
9958
-5891
7337
3973
3449
-8913
-6311
-41
-8260
-5020
2219
3165
8882
-4696
-662
-1755
5525
-1739
1793
-7997
-637
1341
-5652
-1021
-6631
2145
-1976
8940
6345
2586
6872
7667
5718
-2659
9193
984
2136
-6095
5667
-333
-2617
4516
-5240
1181
1255
-1953
-5642
6703
5052
6880
2793
-8794
6099
3990
-5730
-8259
4614
-7777
-7358
8350
4362
-2937
9497
-7324
-8317
-8943
-3426
7555
7213
860
-7005
3859
-8980
1728
-1166
8572
5369
9404
9581
-5249
4315
7437
-6402
-2978
-9002
-7064
7433
-7443
-4674
-9614
-9866
4209
-7454
-7834
9616
6177
-6009
-2297
-9352
-2802
-8444
-2785
8889
-8692
-2630
-8873
-973
-7052
-800
-3384
-8397
2062
5225
-7564
-3910
-9186
-1143
946
-1084
9471
-5259
3282
-5800
5251
-1602
-9754
-7639
3750
-3423
3968
-2244
4809
7435
-6580
8657
-1547
-1928
1554
2716
4038
-9341
-8988
-1622
-7862
-6822
-1080
-4866
1407
1536
-32
-8391
6711
-68
-2609
1211
-3918
840
3463
5612
-4403
1317
1409
-2314
-4173
8185
3476
4145
-8390
-8516
9591
-7278
-6584
-5447
487
5774
6546
8434
-1332
-3239
6801
9957
-1345
1869
-1367
-2119
-7830
7227
1920
-5095
-8280
1437
9243
6921
-6803
3050
323
-5514
4540
581
2018
5705
1780
-8823
-8381
-9747
5759
5204
-4178
8407
-6409
5374
-3543
-1994
5555
5235
-66
3175
-3561
-2638
2187
-7202
-9113
9042
-7442
6290
-9484
5907
3004
-6778
8615
2552
4404
6629
-6520
2027
-3339
-3608
2581
-3882
4604
-4124
8818
-5687
-4363
-7363
-9954
897
-7041
9214
8684
-6682
4896
-106
7330
-1323
7188
-1732
9820
-1929
-4113
-2525
6797
-1120
-8673
-4089
-3777
-4755
313
832
9318
-7026
-330
-9319
-9242
-5466
-561
5719
462
6231
-415
9336
-8122
-1315
-5355
-26
7116
-1492
-6440
1276
-2430
5103
-7840
-9829
-4067
2653
6265
5808
1998
1009
-6726
973
-3406
7124
2201
8748
-9650
9393
5053
-6160
8500
-4117
-9211
-6683
9217
-3105
2790
9263
-2024
-1619
1352
-9760
-5787
-8398
3083
-1293
7910
5468
-8211
7041
-1405
-3588
-3884
-1670
2893
-5123
1497
4796
-2816
4520
2196
-3171
-5269
3615
2194
-642
-7261
9473
-7427
8337
-1773
9682
-3510
-6342
-3337
6760
-1520
8915
-4002
770
-8903
5932
-2856
1052
8190
-4524
8823
272
-3218
-7029
3102
-4617
9295
-4867
39
1517
4816
-7322
6506
2307
-2573
-9038
-3662
4189
-9355
-3169
302
2810
-3656
-9927
5321
-6588
1876
-9388
6431
8581
-9345
-6571
-6834
2884
8233
-3616
9502
-9523
5668
3132
-3814
6989
-4122
-959
1999
9962
-4075
139
6786
-2363
-5743
42
-4339
8271
9707
-2290
4067
-2008
-1520
3194
-2946
4450
5075
-645
7156
-4110
-1429
625
-816
3685
1496
-6705
-1204
1892
-6042
-4430
-9265
-5635
-5304
-3159
-6329
5326
-290
-8051
4740
8204
5094
-356
-8878
-4755
6928
4266
3627
644
5847
-7867
-4676
6987
-4657
-8499
-4265
2511
-6074
9321
7006
-9507
9140
7610
-3773
-4008
8841
3800
-6818
-6728
1350
2770
-918
5129
-3425
5518
-3064
2627
3821
-714
-7867
1747
-3404
-6769
2404
-9696
4246
1561
-5556
-591
6147
-834
-6983
-9606
820
-8624
8164
-3173
9248
-8886
-2827
-3286
8911
-9406
1298
-7436
2882
-4655
5845
2154
-396
-9630
-7560
8666
9733
-5199
-8094
-1180
-3799
-8842
4028
-8495
-6446
4531
-8512
-3802
744
-159
-2489
-953
-7938
-9978
-9534
8312
-6957
-2591
-3268
-5456
6752
7921
1416
7534
-9841
-5312
4183
-1917
7429
-6741
-4202
-1202
-8786
-9397
58
-3524
9305
-1936
5419
-5376
-7521
-2136
-5397
-9322
-1641
1662
-496
7018
-9090
-2237
1191
-1904
-6302
-1832
9286
-3789
-641
9857
-481
-8083
6222
-7508
-6702
6785
-6750
7000
-9438
7198
5995
1634
5064
1670
5216
-9709
3678
-4996
-7497
-2564
-8556
-7956
-4962
-6596
-6891
-1501
-5903
6088
3131
4530
-4646
-1851
2890
-3313
-2608
5496
2037
-2484
7957
7154
322
9753
-5294
5282
-1893
-6354
3953
6969
1041
-4924
5406
-5217
1999
3539
6496
-223
1816
5594
5038
6202
5015
7533
6395
1065
1964
1807
9383
3244
6734
3684
-4559
8341
2710
-1643
8058
-2441
-7858
8029
2092
6997
-7094
4496
508
-7341
-8573
-1328
-7515
3078
805
-3236
