8424
-4401
7968
8040
-3656
-8470
5093
5006
9530
6929
902
9315
2580
-74
4387
-1495
9555
-9505
2127
1769
-4494
1189
-6127
-28
-824
7998
-1597
-1872
-9906
-4781
9893
7578
1721
1429
6313
5059
6375
1033
5514
-914
872
-7063
6534
4469
5993
2774
-6625
-3721
796
9966
1705
7417
8542
-2584
-8718
6535
4624
3298
-7607
-2972
1897
-7625
-3302
1488
6734
1810
-3347
-618
-3901
-6819
7916
6932
-1882
-7669
-8393
-187
-2125
4142
-4764
-1872
-6438
1796
2543
9833
-5774
7244
-1657
7100
-6459
-902
-7458
-5436
3521
477
8306
-1723
5822
2866
-995
5117
2806
238
-2929
9684
1487
1968
9135
9954
3619
-2783
3736
-1192
4298
840
6243
-105
6695
-440
-350
8300
-8706
9468
347
4525
-3807
-9189
-4665
-6634
-9312
5875
-6448
7274
-2806
7196
4751
8370
-1286
839
-1643
741
1
-8068
9039
5073
8235
9826
7605
473
-5400
-9805
6959
-3418
2883
4976
6839
-7017
-9434
-4878
4322
3044
1920
2975
-2372
-6315
-2480
-9041
6821
-6435
9967
1328
4286
-3794
-7729
-109
-625
-2637
9845
-2879
-1679
9444
-4370
6075
-9617
-3969
309
9189
-7883
-5088
576
5783
6762
3055
-4729
-6863
-7294
-6865
-7847
-4894
-6149
9954
-985
8590
4767
-8741
-5014
-9611
7869
-8527
-2975
-3911
-3735
-1875
-2833
-79
1571
-2675
-6214
-4905
-2717
2904
1375
-9178
5505
8653
-5373
-1645
9443
5685
9751
-6523
254
-5016
-3639
-7499
-685
-4933
6810
9363
-7320
7145
1369
-9202
592
556
-8743
1969
-3473
2800
3863
5234
5635
-2701
7607
-8419
-3815
-1591
4110
8599
-6409
8886
-9713
7778
-3301
3898
9971
-6503
7303
6548
114
-6039
-5642
1302
1236
2990
-938
4326
-5126
2247
-9065
-7915
1648
8864
-4404
-5805
4492
-3420
1944
210
-330
6212
1317
-9631
-9398
-1408
4318
-5466
5204
5270
5321
7565
-3329
-1943
5240
-1566
-6225
-6789
-4966
3822
-4187
2324
9205
1638
8613
-7589
-9146
735
-1242
-9419
9895
9953
6062
1765
-1838
-3083
-4020
-5697
-1882
-588
1118
-8236
-516
-3097
-1258
6649
4761
-1582
-2316
-2898
8614
-4215
4482
3723
4487
5633
5370
2453
2028
-7152
8463
-8240
-8394
-1460
4063
3666
7314
7671
1385
-2176
-7362
-1834
6624
2974
-9808
-9359
4157
-8309
7586
4901
-7814
-1517
2191
8248
-9595
-1147
2273
1120
-9302
-4623
3192
-7149
6109
-4725
-848
6621
8922
-20
6122
9743
1730
-8152
5011
3888
5437
-8435
5236
6459
4849
-8753
9184
7812
-4179
7558
-4202
8895
8593
-2574
-8284
6904
-4562
-6894
-945
1708
5174
7555
5879
-7526
-8074
-7894
2655
-5709
-6867
-7472
5582
4103
9121
-7231
3729
-9611
8474
9150
1207
-1107
3333
8312
3026
-3504
-3083
8836
-3014
-8963
-8342
3370
-3504
-5561
-2211
2152
-5695
-2748
-4678
4895
9781
9183
9852
-6746
6485
-6044
-520
-3951
-4582
-9118
-7503
3605
456
3656
4612
-586
5900
-3725
5595
6917
9616
-4563
-4912
9262
-9262
-8361
9520
-337
4995
-8551
4494
-2173
-9068
-4436
9306
8062
9433
-8791
-6149
7822
2717
8801
-8973
-1480
-5217
-2510
-7002
-8962
8776
-79
-1840
8186
-2783
-2878
-461
1262
-2506
2028
-7536
-278
-8846
-4747
-2509
-9936
2209
4483
5879
5408
6336
-751
-3114
-8789
8990
-1805
5171
-7896
-9827
-8043
-8794
6766
2121
-3997
179
8963
198
-4945
-3903
1028
3327
-3696
9319
-556
4724
-5945
-1475
1585
1336
-619
-9550
4016
7076
-893
-1444
8834
-7877
-9745
-8722
6507
-1343
-6454
-8837
2557
295
-1341
8657
6037
9180
7601
4476
-4883
8849
1487
4703
-7652
-4755
8933
-6749
4565
2172
-9909
4749
2649
8851
-7471
-2327
-6245
8668
1035
9346
4063
7283
5878
-8525
9174
-5621
2244
-8700
-3537
-5113
-6876
-5284
3773
-5345
2204
-1942
1949
1166
3819
-2266
-8300
6004
-624
-4378
3979
1533
-7670
5265
9141
-3492
9839
6820
2144
561
-7563
-3225
-2191
9829
7018
5198
-7949
-6927
6495
-5520
-5531
-8847
-1572
-1473
4573
-6247
-5702
1099
7679
-7066
-7386
6269
-6813
-4637
-2477
-2252
8463
365
5835
3121
265
3373
8118
9274
5406
-7321
8585
6658
-5228
9481
3976
-3111
7069
2071
2992
-820
1337
5196
-5686
-585
4896
-9386
2445
-2028
9580
3069
-988
3766
9586
6204
-6870
-860
-9731
-2049
5441
5233
5837
-1782
-3052
-8572
-4865
-84
6730
-8012
6217
-3812
-2566
-3753
-1248
1924
369
9442
2579
-56
662
2285
26
-346
6301
-5146
5432
-3175
2558
7014
1730
2295
8953
4099
4315
2670
8465
-7706
4145
-2526
-8241
-8874
-3663
-5486
2900
8311
6542
3382
-7442
6418
-7470
-7269
7414
-9986
5544
-936
2727
2206
-3270
-2569
9200
2850
1429
1966
5657
-2029
-8857
-9308
-8188
760
4785
2955
3949
6372
457
-8563
8335
-2540
-404
1774
-1806
-7130
-653
-2003
-2187
9286
4152
8812
8080
-224
4754
8295
-5437
-4273
-9758
4962
-6699
-807
-5484
2363
9638
6072
9261
-8644
-318
-5353
8755
7883
3672
9653
8527
-2182
-8659
-8262
-9901
630
1367
4408
-1807
-2663
2618
-388
9125
-7380
810
2590
-5532
-2546
232
1352
779
9537
-3802
-7763
5707
5730
-8056
1278
-7096
4228
-5015
2337
-3304
8342
7362
5096
2265
-968
-5461
-1363
-4101
-8445
109
-5937
-9158
2005
-644
-3378
9951
637
-6226
4678
5980
-9211
-6793
-472
7292
-5168
-7810
7427
3271
7718
1072
9729
-8199
4623
-6207
-9223
-3664
8170
-9343
7149
9595
499
2999
1923
-6652
877
3280
-776
-6405
-3890
1858
9970
8886
-324
7518
5085
801
5381
6335
-5517
3888
4482
5300
2523
-3841
3976
-5714
-8369
8628
5452
-9506
7235
1328
7381
6982
-6888
-7050
-7659
6632
7289
-2142
-8296
2281
4766
1557
4090
-7889
6616
5201
9546
-2340
-4992
2899
-6700
-137
3172
7017
2825
-7113
-9158
-7456
-9387
-1931
7084
-4506
-5272
-3004
-912
-5309
7172
-3610
-3461
6511
2866
846
9699
3473
-7385
-6102
5091
962
-3708
4505
8322
-8013
-9176
1036
-555
-5550
-5385
305
-8309
-4947
1882
7524
-6973
-4918
-102
-7992
8983
-4727
3722
8586
-8356
-5951
-6336
749
-2360
7447
4333
-5183
-8906
7498
6482
-8870
-1815
4333
5612
6644
3515
3700
5639
4383
3375
8751
-4197
-6875
-7483
-3105
-3826
3697
8186
-9149
-4172
-3451
1486
-2646
-4517
1185
-2171
54
7957
-2350
-1802
3272
5099
-2903
3449
4555
7881
4579
5586
-2955
7258
3027
2195
541
6741
4002
-8797
-9482
8478
-3676
-9720
6263
-7432
-8669
-8324
-7668
-2365
5057
1675
-9751
5699
6353
7792
-4236
-4703
2177
1120
7925
8431
-1058
-1066
-3362
-3981
7684
-1279
1943
878
3467
-7808
-2489
6936
-1716
-6155
-212
6343
-9689
-4880
-8435
-8537
-9106
149
-8556
9017
8402
-2205
3436
-1499
-5652
-7826
65
-7806
2332
4119
5099
-4450
-6916
1724
-8624
5453
-2387
-8803
2248
6326
8023
2940
3098
-877
1899
5158
1460
-4346
8345
-4626
977
6488
4129
4208
-2678
881
9966
-5355
3952
-8162
-116
-4867
-5103
-3772
-4277
-3658
-5030
-2354
-8522
-8714
662
2736
-4698
9827
3215
9503
-6743
4372
8854
-349
-4438
5598
9015
4268
-1068
7881
3089
9562
6043
8955
4081
-5710
-3743
6786
-6802
-7010
-237
-584
4264
5399
-3799
6684
7596
-656
1731
6194
2650
-8617
-7259
-3609
7390
1266
-4557
7575
-6938
-3438
9076
7386
-2414
9731
-8698
-6762
1612
-1128
-3558
-8695
-7011
649
8590
2378
-482
-6015
-4484
-7788
3392
-832
8548
-3482
-7174
-7157
-1357
-5556
-2240
-1178
-9071
2259
-7168
5094
2113
8738
-8745
1022
5754
8845
-1699
-2420
-4078
-592
-7236
-1800
526
1064
3794
4675
3992
596
275
-4030
-7445
5212
8712
-8792
1562
-1116
8295
-4080
5998
1016
-316
2848
7364
9567
1500
2507
9129
-5594
-3870
2647
5456
-5132
-8827
-7160
3829
-7388
1766
-3380
-1075
9798
8809
-8991
2105
-9046
-1479
7369
-6453
-4773
-1986
7886
-6429
3413
-5208
1182
3602
4191
-7511
678
6242
7423
8776
5183
-6116
-233
-6612
-3971
-4170
-9894
-9338
-3121
3962
-9312
-5008
-646
3933
8056
-4896
-6363
-2155
-8313
-8327
-548
-8444
-8461
4382
-2377
-1032
-7162
-9242
-173
-7204
-5189
-1268
60
-2
1063
-2356
-5261
8718
3959
-5048
-4621
7199
-5820
3690
7268
-7229
9706
-2383
-5818
7096
8407
2319
9642
-3832
9877
-1734
-5578
-6275
6669
3831
-901
4820
7143
1
-5364
-6679
-9255
3803
7281
-1136
8352
5717
-1202
4382
-3376
-4724
-2660
834
6286
7876
-5708
692
2189
-3138
-1979
-7620
1593
4974
-9457
6411
1239
-8067
4594
4485
8391
8987
-3052
-6387
-4807
7287
-1617
6241
-572
3783
6515
-4754
-2780
-9872
-3688
6017
3259
-9803
-3776
676
-1418
5863
4471
-6704
-4452
-6312
-1141
5318
-11
-4892
-7827
4729
1490
7994
-8241
5295
7662
5237
-4591
-7604
-8899
-9133
-4764
9706
-6846
-428
-5621
9656
5478
-5479
-576
-2153
2209
-1161
5386
-6335
-4328
5373
5288
6336
-7111
1641
2590
-6471
-2724
8879
-715
315
8321
2968
-5181
1969
1992
4767
1860
-4210
-7787
1356
-922
-3667
7302
-4572
2699
9467
-5610
-3229
-5658
5408
4626
9585
9794
-1238
8662
-2347
5150
4225
-7212
9157
-3210
-7613
-2756
-546
2066
-1070
-3211
6459
-8574
4142
7266
3106
7359
4373
-7606
8925
-3684
4796
1519
-2473
2466
-6498
4300
-2236
5086
-2361
-1444
3613
-8848
1689
-4505
9194
-7418
2935
-4162
4305
6328
961
-3987
5356
3624
-4301
1117
1920
-4360
-8065
2522
1979
4277
2685
875
-6530
-3743
-4410
-4379
-3309
9845
-489
-8705
-3740
5002
3466
662
-1959
4846
-2866
6011
-2408
2577
-9295
-1575
-2660
7508
-2528
5638
8001
-1806
-2358
7490
296
1614
2331
6490
-3153
7819
2769
4842
2599
-2533
-4134
-1022
-2800
8024
7736
-1739
931
9151
7971
-9638
9735
-5391
-2180
-8945
5675
-1296
6934
8489
433
-3870
-651
-8624
-3009
4918
209
8786
7018
2303
-7996
-7826
4676
7813
9619
2698
-6324
3950
-6013
1327
9596
5139
-8229
5341
-4266
5518
3446
8956
-5869
1276
-9572
9002
2081
9983
5092
6445
2251
2790
2444
-4775
-1562
6872
505
-764
6358
276
-999
7130
-3937
5390
-446
3891
309
2713
-464
-3164
4502
-6137
-9088
-6727
-9890
-4779
4318
-4718
5534
7083
5510
3555
-8826
-4454
-981
-6303
5053
-2785
5649
8087
-3719
651
-3673
6419
-6609
3149
-8635
-6740
-3925
-6770
9840
3038
-1232
-8865
2084
-2752
-6273
4471
-2394
-8870
-9912
-5901
-3358
7848
6944
1658
-9535
-8539
8289
3241
-2737
4322
2377
-4079
-7777
938
-8361
162
6985
-5775
-9646
-8825
9926
6943
7714
2425
3673
-3195
7824
-2189
2502
9544
-1897
-176
-7897
261
-454
9089
2259
-5448
-3499
989
6338
-9606
-5833
5102
997
-1442
-3069
-1002
-5152
3998
9649
4700
9228
1309
-4632
-8985
-1992
-8626
-171
4384
-6124
245
3841
-4338
7443
-1476
-4842
-8303
8967
-1751
-4071
2717
-9593
1799
-1736
9201
6056
6489
5778
4638
-6856
-8292
-9547
9680
-3586
4227
5334
8950
6699
-7087
4778
9881
-5960
-8607
8874
-4318
-978
4832
4791
-2680
3270
3837
6482
-9146
-5306
-3551
9618
8533
-7118
7565
-1254
8113
9533
8873
-7172
-23
4274
728
-4237
4890
-9793
1022
-1949
1647
1069
6394
365
2329
4007
-8796
-3048
-8109
2942
1588
8484
-727
310
1474
-4266
2165
-9553
8537
-2625
6328
6416
-1742
3584
-3884
-9445
7015
2697
2710
-7879
-7993
2220
1826
7808
-257
-856
4795
-7830
1925
-335
-1710
-240
-8614
-8043
2833
-6641
6398
-3943
-7980
-2022
8140
5485
-6353
2965
-9641
1736
-4147
3701
6052
5236
-4260
-9081
-2349
-2414
3441
-3197
-7472
1315
3822
6756
7893
223
-332
-2588
-4373
3988
2821
-4302
738
4263
-2335
-1290
2295
2324
6078
-8008
-5444
8061
108
-7365
7801
-1778
-5783
8449
-470
-7230
8837
3832
8282
1938
7394
-3163
5797
876
-9121
-4640
2524
4517
-7926
4789
-7065
8698
6943
3578
-2824
2068
7244
-2500
-5672
-8637
-4523
8293
1024
-2628
-6012
5287
-6051
1304
5241
-4860
5637
-2850
-5676
2425
683
-8084
-6060
4308
5281
-4836
-5095
8644
5790
8805
-4664
-3674
7855
-8591
4881
6381
7779
-7272
-8275
-1907
-8764
-9778
3058
6125
9622
861
-7924
7682
3960
-8616
1899
-3030
-1926
3205
-7491
9104
-7981
8081
5476
-2237
-4547
-2427
6187
935
-9936
7923
-6592
-8802
4063
-3095
2029
9724
6754
3334
7512
-4634
-9310
4784
-7081
-9058
5643
-2726
8948
-1172
3838
-9271
9792
2974
8487
5756
1668
5907
1919
4947
-3235
-4437
8658
-6892
7603
5800
-4830
1114
4880
-4782
220
9554
1898
1781
-7142
5893
-2071
-2968
-2788
-1113
5522
-4527
4498
7081
-5145
-3213
6846
4915
3688
3656
-1281
-8992
-9041
-7908
-6140
-52
2180
-959
7054
9649
-5910
60
3113
-691
-3954
4948
-1922
8069
-9607
5827
-4638
-7471
7636
-3722
-5557
8952
8300
-5590
-4131
2321
6917
-6653
257
3723
-4268
-8895
6928
-5425
8124
2162
-4071
-8281
5563
5642
4891
7415
-2719
-7268
1615
-3358
-6519
4920
361
-5806
3426
-518
776
496
-3735
4151
-717
2277
6502
-9689
-212
2980
2228
-1320
2443
1985
5964
6937
4247
716
-3846
-4304
-6181
-2902
9165
-4059
9917
924
6333
-1264
4316
5671
9001
-8226
-7924
-9812
468
-2916
-2615
-2265
-1910
-7050
4830
-1912
715
434
-6004
3719
-9870
8446
9310
-8878
-5865
-1976
-8671
-5199
-5899
-8177
-2849
-7949
-3781
3796
-2445
-5496
-8927
9845
-3461
9431
-4915
1544
-9018
-892
-1467
-4906
-5293
-5667
554
-6135
1702
-5762
3022
-7647
4048
-3317
-5662
-2960
6008
-6720
-1988
6153
-9875
4164
-9500
-7319
-2240
3163
-4989
2687
9589
2664
-5031
1148
-3654
-6145
5678
-9049
6990
9004
-3679
746
-4673
9453
-7378
-556
-2598
3673
-655
1957
4004
6692
85
1380
4166
-8746
-1921
-2212
-2515
-1925
-4983
-9040
6889
-2940
6927
8357
-5387
8704
-5279
2940
6966
-667
-4409
-8516
5738
-5385
-5646
-1405
-1333
-3170
-4331
8807
4248
3988
-9468
-1527
-1643
3976
-1235
6464
6690
5318
-4769
7845
8316
-8702
1286
-7203
-2088
700
-228
-2195
3470
7257
7960
-1433
-5419
-1206
-2398
6151
2404
-7157
-6832
-1667
2734
-8443
-4824
7982
7712
3426
4376
-2294
5467
-6491
-806
-7908
-2462
-4744
749
-7135
-981
7808
655
-6016
6675
9167
430
4088
-1850
-3419
-1857
6322
-3371
-3308
3580
4670
-5303
-1750
1261
-1240
3778
6077
-8812
-5476
9752
-189
6095
4350
5420
-2072
6823
8589
-9048
-4858
7419
-485
-7003
-1870
7843
6258
9537
-2591
4240
-6166
9437
-9628
2086
5211
714
7410
913
4393
-2118
8375
9196
-8107
6059
-5943
-8448
-4404
5673
6227
7219
3014
-1216
-2662
-9035
7669
1451
-5926
4090
6032
7248
1220
1330
6490
2096
-1002
501
1155
5692
-6236
749
7038
3709
7977
-4035
-519
114
-1701
9275
-7863
4162
-5890
-6456
-807
-1199
5242
-3820
-6265
-688
-7279
9686
1514
6341
-8227
5717
6031
-2967
6086
-5491
-6815
4826
1347
4706
-2259
-1075
5367
-3437
2479
-9185
-4316
7936
383
9220
-2543
-7204
3985
132
-6779
-4482
1332
4020
5723
7265
-9397
4577
-8166
-3962
7505
-3323
71
8818
-764
5893
-9387
287
-5386
8638
6919
-9601
-7846
7169
-1489
-9773
4807
8668
-9089
-9533
-3625
-9002
4239
-8295
-330
-5227
3514
-9538
9874
-9585
-4204
4709
1649
-6702
-6058
2763
-2879
-3447
4911
3483
285
9267
2220
-9205
1076
3237
5328
-7192
7735
-831
-311
-7638
2605
-9381
-4979
-3630
-3861
2274
-6370
5691
2955
-5086
-1438
-2109
-2879
-3890
4307
5086
-8790
-8424
6556
3374
9245
-4447
7483
-1054
-1656
-8234
1592
-8310
-2703
-2520
-9712
7993
-9096
-2759
258
2221
-228
-4675
-5222
-9433
4763
4072
-3052
531
8222
-4403
-1563
-3079
-1972
8333
-3724
-6441
-8229
8380
1117
5983
-8278
5615
2370
-4375
4830
8109
-6386
5948
9001
-8247
3687
9068
3969
8920
5018
-9056
3438
-4775
4771
-3398
3354
-3867
-5527
-9839
-1498
6705
3533
1112
4134
9485
-7995
8352
-9167
-1456
2126
-3182
-2998
-1888
-1011
-1951
3232
-2498
-1862
4467
-7801
4103
5690
2052
8954
707
-4176
3241
598
-2953
-5793
-9135
2939
4540
-7492
-1315
4497
-4434
-8184
3790
8367
-3932
-2821
-5726
-2321
-6367
-766
-5322
8683
7871
-8865
5988
8178
9186
-9617
1132
-8394
5999
-8848
-7219
-5200
5892
6021
-798
2446
-5281
4017
5158
5310
-5372
7225
-3539
-4743
9793
3893
-5640
5208
2303
3285
-5826
5307
-1864
-6947
-2019
-6743
-5822
-1221
-9931
2926
-3186
-3258
-9076
-5751
2467
7654
5919
9639
-4554
-7723
-2817
-7
-6512
550
5810
3148
-6968
3176
-6880
2675
221
-7045
4594
12
-6876
9678
-4069
7649
-3598
9203
-3037
3924
-5327
9904
6737
1496
-316
585
-4166
7975
7776
1162
-1948
9159
-9489
-4798
-173
3752
3758
-4811
7572
-9772
-2164
4272
-8854
9915
-3160
6240
-3926
6270
3240
9305
-4630
7006
-4163
9595
9908
-4736
2284
9465
4178
-4162
7638
5574
4945
-304
-6148
-1942
870
-7509
-9172
727
-4447
-6463
-8197
-7437
-3399
31
-9402
-1933
-6372
-9266
2145
-1907
5118
551
-658
2087
3736
-6978
7311
-8838
4094
-2778
9814
4705
-3027
8839
-7386
1705
-5824
-323
-947
2673
-1880
-1425
3712
-6900
-4143
-8675
-6123
-4450
-727
-3656
-2216
-4211
7572
8228
-1548
1091
-2443
-9088
-5396
5282
3386
2384
-5853
-9973
6226
3930
-3402
4758
-1366
1145
-2790
-7683
-2559
-7613
-3103
1902
4426
8210
-5149
7646
1425
1852
815
5584
-6466
1243
1686
8624
-1951
5888
-2430
7250
-9699
8645
8026
609
-4492
-946
2691
-7955
-9837
-424
6692
2237
3929
-9322
7433
-2264
-9734
6742
775
-1103
-3300
-198
-4807
7850
9346
9903
4302
-2596
9532
1013
7837
-7511
-4716
-3175
6425
-8819
6912
-8318
-3697
5694
-6622
9307
-747
-3615
2080
-2751
3286
4970
-8460
-2001
4333
-1645
3805
5818
-9200
3746
6688
538
9370
7626
1557
-7632
-7760
1720
-7735
7785
4804
-1719
9629
2520
7997
-9394
-863
833
-757
-4172
-2609
-5748
5612
-8893
-3079
3955
-8619
-5842
-5486
4514
8865
9427
-889
-8767
6063
5602
-574
4055
7645
9771
-4328
1039
-1542
-3759
-7816
590
-2961
2272
9526
-5209
-9700
1981
-3677
7908
5135
-9205
116
-7954
-7274
519
9459
-9738
-9588
3864
-3346
3691
4665
739
-4050
3425
-127
9645
583
5339
-4786
-2242
-6469
-8408
-9674
-4312
3604
1423
3712
-5270
6184
957
2336
-5718
6230
-7943
-9360
2840
561
-2185
-5102
-9753
-4642
-9309
8230
6637
8138
-1661
8354
7093
6055
9007
4764
7789
-7542
-970
-8695
1474
7329
-9638
-7574
8833
2990
7162
1489
-6048
5414
2759
-7941
40
9843
-8763
-4491
-6019
1268
-8998
-2874
7286
-4
4072
-508
7676
-8585
6932
-3569
-7005
-6673
6883
7757
8362
-6037
5860
-4536
1117
-7778
-6780
6660
-4976
-19
3182
-1180
-3948
5494
1569
-3605
9562
-9216
-1459
-8108
9723
9702
6975
-6508
5917
-4975
-4458
-622
8978
-2381
-3
3119
613
2008
-7605
-5114
-7249
6020
7408
-1292
5575
-4235
-8307
7378
5051
-2605
-2626
-7494
-9004
3852
6744
-4709
8333
6379
484
2096
-7
-466
-5302
7226
1411
-2306
1782
-3613
-3429
-984
-8990
3440
-5882
-8803
-9284
-5888
-357
200
9285
-3343
5909
-4114
-6668
-2681
-8685
-8602
-3665
-4936
871
4214
-1914
-7823
7411
2432
-3097
-3747
6692
9536
1391
5326
-4931
-9774
-9926
-5289
9741
5924
4319
-8618
-174
-7943
-3957
5528
-8467
4584
5532
363
949
-2769
1022
-8974
4136
483
6204
5509
-3097
-350
8959
-4470
6578
5068
-9134
-984
8106
8206
1562
-5011
349
-5119
3487
4757
-9301
8270
5458
4919
3314
-9816
-2520
4858
5875
5220
-1623
7420
6059
-2278
-7945
-3944
-3592
806
8657
-4974
-8919
-2405
-5544
1745
732
-1329
-2385
730
9441
-3932
-8090
4043
-2886
-4073
-9438
-6545
-4888
-2849
-5934
-9887
410
7287
6093
-4137
2064
351
-9492
-617
-5707
2870
-129
1241
-8803
-8411
9675
7739
-3421
-5105
-7923
-4138
-5265
6197
-4976
7421
-1728
-265
-9540
-8870
-6524
-9434
7880
9107
-6656
-1993
-9324
7953
2770
889
3611
9263
4782
-689
4175
-5884
6688
-142
1693
2791
3441
4571
-2772
-6036
7525
9093
9206
1895
5285
158
-4888
-383
3424
-5870
-6256
-3816
-2442
2453
9292
99
7472
-2857
-9838
7183
-3894
-922
-1959
6417
-9115
4985
697
-2550
9079
6736
397
1583
-6340
5600
-3487
-7304
-1381
2176
-1291
8906
6583
-7312
9929
-2776
5323
-323
2285
-7973
8827
-6493
3718
-1014
-6112
7688
5071
2318
-8704
1501
-6076
4976
-4139
-2388
2352
-1992
-8057
1098
5346
6926
-7002
1383
4304
6540
5551
3007
409
5054
-6379
4117
-7073
4665
7872
-6054
-2573
-6618
-412
3827
9877
9429
8629
-7887
2057
-1269
-6887
3008
-380
-7336
-850
-3113
-1694
9856
-9664
-8895
-3719
5651
6605
3261
6652
-3831
5105
818
-368
-4574
-5076
9635
4691
6519
-2325
-9545
-3111
-6622
460
5522
-4203
2029
-3261
-2680
7744
1450
-3790
-3120
-2922
-2593
-4920
-959
1824
7917
6428
9093
2872
4769
-5110
5438
3016
-8453
-6237
-9819
5613
9416
66
-5274
7958
-9462
-6807
3192
-2294
-2548
-7264
2582
-5320
1061
8370
-828
747
-65
5233
-6873
6408
1819
6752
-314
9310
-8698
4827
557
-6343
9002
-405
-3975
2489
-8446
500
-391
4223
7806
-7206
-9265
8560
7083
-7770
-5096
-9629
4763
-8453
5608
4957
-7027
-8038
2462
-3715
-8897
-3422
-5889
888
1827
1228
-7213
-3722
-3634
9273
4911
-8239
-1072
1372
4072
-6648
9628
8479
-6959
8351
-5820
6393
-804
186
4348
-3699
-1044
4247
-6620
9659
5146
3434
-5221
-3362
-3401
-5746
-9427
-5966
-3531
-8037
9439
3019
-1367
1393
4913
-7574
9313
8065
5932
6675
-3423
-9542
719
1059
-2347
-9986
5847
-4069
-997
-562
-7970
-9055
-7408
9303
-7813
1785
-9060
-7033
8416
5098
861
-8440
7766
319
1706
4782
-2297
4077
3047
-615
8736
5149
-2753
-1860
9184
8493
-1180
5438
-7553
-4350
-7549
-3798
-5986
8378
2778
5276
5333
5510
9823
-4773
-8861
-4803
836
6560
1394
-3657
5298
4296
242
4899
-3987
5836
-6096
-9839
-1373
-6721
-4435
9052
3026
-585
6206
-611
-7719
9575
-8919
7621
763
4102
-1322
546
-1615
-7252
7890
-2629
9157
-1018
3329
-5723
-2762
-7257
3809
2144
-7682
2617
-23
-3231
-8374
-9954
-3365
6710
-4530
4775
7594
-3289
-962
-411
6628
6389
-3984
-3926
7128
-9104
3198
7548
626
3124
4163
299
8758
1852
-7270
-1965
1672
-402
9619
5073
4878
7704
148
-4406
3079
1109
-9344
7652
-9658
-6096
-7304
-6977
-2695
2912
6145
-8048
3519
2101
-1796
7003
-5723
6455
-2992
-2313
-3325
-7362
-9176
-5503
2204
-7831
-1447
-4661
98
-9710
-3227
-4043
-7585
6209
2141
6811
-3339
4482
-4352
5459
7944
6807
8036
7388
4619
-4102
-9848
2889
9214
1840
-757
-4538
8064
2542
5011
8411
-8967
1280
-5493
-5922
4524
-5629
-3941
8336
-5374
-1470
-3098
7981
-244
-7169
-2451
2141
4761
-9090
5477
-8580
-3829
5973
5575
-7101
9597
-2501
-618
9491
-3119
-2110
9899
5900
3051
8250
4586
-3658
-3052
-6266
-8746
58
-9671
-1733
-7554
3140
8770
-138
-4306
-9231
7742
4007
-9971
9508
-3958
-5152
-8278
-6649
-9958
6997
1565
-3084
9148
9772
-9174
2053
7489
7936
5503
-3036
777
7763
1891
-9765
-1276
398
-9258
-1106
2671
-7171
946
-4246
-2361
-2796
8082
-5943
-5707
5114
-9189
7152
3713
-5073
2351
3784
2984
2165
-7809
-2473
78
-6043
6185
3474
-4497
-7510
7078
5928
9159
-4623
3810
-2904
3431
-9345
4948
40
-2774
2979
-1600
-8610
-817
6494
3310
-9067
-4819
4593
-1132
8096
-4763
-9004
-6893
9094
9638
-6050
-6968
-8717
-4232
-631
-3241
5624
-5662
4953
3037
-3221
-6525
-4229
-2241
3539
-852
249
9658
8007
4415
-729
7195
-4337
-3636
1732
2577
3919
-3333
-4034
1493
4727
-1852
1083
-7289
1202
8966
1236
-2347
-2939
6735
-5510
-809
2582
-5349
-6825
-5866
1346
1948
-3279
-5536
-2171
-953
6529
7195
-3643
-8469
7793
43
-3472
4612
-8566
8388
2515
-8234
4472
9863
4555
3723
-2602
8442
9557
-1702
1358
7819
-2414
-4346
-5936
1026
-8161
5235
7525
8694
-5715
-566
-9188
-7268
4847
-7456
8853
6682
-2065
-9192
-5959
-4123
-6843
-7001
-6901
2003
2509
2178
6987
48
6709
3934
-6626
2662
-3040
-4623
4230
8013
9298
2020
4490
1442
8046
888
7803
223
-7901
7596
1215
4499
-6674
-5737
9258
7914
-3219
5443
4547
-3923
-1271
3292
-7807
7454
-7987
1219
9470
-5868
5070
3357
4962
5456
8512
-535
-5705
-2118
-9245
9032
-2642
-2112
1984
9870
2750
-7785
-3347
-5363
2045
-4998
5238
-2952
9975
2545
-7376
-137
6104
-2844
3064
4004
7032
-673
3812
-2799
1269
8359
-9287
3140
2802
-6860
9653
-3591
-611
6024
-2733
1622
276
-8321
-8259
-4082
1243
5875
-2302
-6501
9100
1653
5306
2875
-449
-6527
-8132
8244
-4907
-7125
-7989
-5307
5173
-7963
9639
9465
-6647
3090
-4513
6363
-1542
-3970
-50
5070
-7350
6494
7754
-9749
-9733
-2329
-7747
-7894
-3361
5999
8148
7026
-7668
-6766
6524
2183
845
-179
-5568
-3814
-7919
-3603
-7553
4284
318
-8523
-7773
-60
-7544
8892
-2388
-411
-8932
5304
-9614
-4360
2925
1160
-1876
-6475
-4941
-9706
-3743
2349
-8463
941
227
392
4466
1244
4946
1028
8044
-1024
1861
-4834
3702
-7360
5149
8573
6789
-4396
5458
-5435
1967
-9350
693
-6990
6270
-9122
-5113
-9045
-1978
-5546
-1602
-1747
4686
-7022
4178
-8137
632
8159
2358
9757
-7897
-1970
8616
4225
9702
1196
4224
4154
-753
9006
9684
825
1001
-4376
9343
3518
-1587
-4616
-3504
-1784
-1787
5109
-4175
4352
4781
3462
-7697
-7
6394
4027
6678
8431
-9416
2116
1018
-7982
6651
-9955
6457
-3128
4821
-6168
7542
5897
9815
-1988
2690
-8968
-9104
2712
3863
4259
2504
8853
8382
7816
4341
452
-3554
-581
-290
-5752
-495
3570
-6121
1374
-9308
-8498
6230
-3705
5147
8823
-2651
-6307
3537
4105
-3157
-3616
5603
-6431
-1710
3684
-6868
-618
-5339
-4641
-7557
9305
-2090
-7845
-2220
-4196
2006
-6431
4840
-9970
-7807
-9642
451
-7231
-9682
8824
3106
6420
-1720
7959
-4889
7790
8977
-6840
-2221
-2962
-9330
5601
337
-9029
-7403
3271
4552
-7857
915
-9002
-4832
-694
5974
-9699
230
7442
8790
5117
-6284
-7010
6530
-3207
-2859
-889
9249
7837
-4206
-542
4704
-1603
-3007
-5533
7276
1132
4057
6446
3856
-4482
-4743
-4476
9441
5555
-6599
-2901
4628
5316
168
-1201
7262
-9122
-6105
-5210
-8130
-6844
3793
-6175
3218
999
-7614
3317
-9803
-1748
6117
6308
5600
-5278
7187
-6027
7991
5801
-5629
6553
3316
-9073
3061
3545
-6086
-6522
-4757
-6973
-2326
2640
9299
1939
4966
6107
8856
-1515
-8715
-1760
-4242
6251
4371
4736
-6255
-1710
-6405
4944
6403
-4630
-9799
-1222
9942
-3351
-9994
5005
6188
9788
-7003
-7552
-3204
6510
4213
-6871
-5932
-7676
-1631
-7600
8367
2838
6173
7718
885
4995
7
-2614
882
4403
-3238
4730
-7972
-8230
-3498
-4183
-8536
6936
1897
-268
5150
8625
-1020
4139
-6421
-7308
-98
-2721
7443
4199
-2441
-7042
5159
-9992
-1053
138
-6779
2023
-2526
6847
8085
-2704
-3912
4983
-6736
6484
-8759
756
-7791
1778
5413
2760
7949
-1654
9802
-7340
-2787
-121
6208
9313
3800
-555
8319
-931
8368
-7759
248
-4151
-273
-9094
-4155
-9072
-1589
-373
5439
-5140
2604
1299
-7818
3708
-3657
-7
9874
8108
2607
2774
7983
8671
-4520
1458
1601
4620
1677
9754
-4330
-2275
1412
-8939
-8754
-2388
3964
5956
-2626
-4269
-1343
-3852
5397
1156
-9904
8048
-2014
8283
-658
4746
2695
-1524
-7624
1953
-8326
-8941
-6630
-3131
-9174
-3933
-4414
-2189
9635
-2251
-7765
-9598
4963
6953
-7553
4751
5802
1760
-1509
-4709
8081
-3205
3686
-3238
6633
-7125
8099
-4137
-4045
-2947
2273
-6998
920
-266
3798
-4310
-3760
-4501
3829
-3832
-6111
-3831
5404
6861
1173
-6192
-8048
-2233
6506
8223
-1162
-5146
-4833
-9698
7358
6146
-2441
710
6259
-4932
4613
6769
8314
-4470
-1025
2261
-5311
3343
2498
-3276
-5551
-5416
-3047
4182
832
9732
-7794
-7063
-8236
-1165
-8718
-3950
-950
9694
424
-2120
8349
-2220
-2505
2439
5134
2620
72
-4985
5808
-3987
-4606
-4144
-9862
3958
8565
3075
3450
2720
-7037
-6533
948
1783
8569
1386
-9259
7522
2106
-6549
-5777
9653
-1981
-8010
-9557
7196
5235
2804
3368
-297
-7934
2009
3098
-2189
-513
-7806
3296
-8235
-7192
-1247
5262
-9969
6472
7219
-2604
-377
7695
-4871
-2593
-6816
4385
8760
-9263
1924
2713
-3455
5018
-9531
9910
9757
4478
-478
6451
3182
-2591
-8837
6371
-6437
6520
2676
5326
-4866
9642
-5583
6144
6512
-8997
7901
3693
-6912
-9992
5636
3537
62
-4012
-1804
9362
-5980
1521
-3447
9548
5392
-1725
-7687
-1268
3435
-986
-8160
-8911
4316
-4528
339
9615
-3398
-5842
-208
-4598
-7069
2718
-363
-3490
-7474
9134
1367
-4207
-2704
899
-3253
2106
-9962
-6073
3873
-176
7781
8588
-5071
-9020
-6128
3579
882
-4322
-1802
-2487
8964
-8933
-9909
7272
5736
7811
-7102
-5975
-1488
4182
354
4102
-9491
-5791
8637
-2701
5833
-1306
-5700
121
-4505
7574
2039
-1465
-7288
35
2701
5449
-7277
-4655
-7390
9382
790
-8131
-2820
1843
1952
6455
2783
-5973
6941
-8958
-7343
-7706
-193
7187
7513
4063
2283
-6812
-6597
4706
-1921
-4270
4644
4252
7215
-6797
-7474
-7429
-6796
-8844
8790
-7021
7346
3007
-5232
-2329
1369
7050
7536
1482
-342
456
724
-4909
-399
-5515
5103
6500
-7766
-601
2760
-296
8125
4101
-9000
997
-2055
9124
-4792
-1111
2145
-2910
-3626
3757
380
2461
5080
1227
7212
-2463
-6863
-2589
-1090
-7654
7169
8453
-3843
7610
6755
2558
-1567
6347
2839
3521
6611
-704
-8487
9502
1294
-3634
-21
-8920
6216
8784
-8215
4035
8583
-940
3429
-6730
8559
291
-7974
844
7486
2680
-9755
-2391
1249
-6480
-9453
1065
5363
4524
3513
-1758
5208
896
-2497
8139
-7819
5504
-5107
-5313
8540
5742
6937
2236
2902
1556
-4038
-4859
4909
-12
3375
-9550
520
-4708
-7538
-409
-1420
9804
-8755
7371
3516
8782
7382
-5191
-6262
-9166
3255
-2460
-6943
791
7133
-5805
-8793
-2293
4512
2174
-6678
-3690
-305
4100
5541
2438
-9885
-5475
2302
-1607
6028
4765
2206
6012
-372
2595
-3329
9566
-6111
104
2171
3035
2421
-4721
3129
7241
3650
-2519
-4867
3598
-9802
869
9046
1658
-9774
-1023
-1451
8216
2378
7146
7375
-8093
-471
4102
-1909
1730
9345
1188
-2066
3322
-2692
1366
1514
5310
2963
-5092
-3236
7216
9377
6695
-3801
328
2569
-7257
8632
-3985
8779
-6766
-8018
8560
2992
3542
3859
1256
-279
3699
-503
9495
3934
8928
6089
-2173
8074
-7518
3787
7601
-8442
7150
9676
-9710
9140
-8324
-4979
2774
8089
-4519
-8781
-3584
6314
6840
-1206
-9057
939
6318
298
3521
1678
-8851
-6034
-8195
5120
-6133
-7231
1630
-8167
-1707
4714
-5969
247
-6269
3137
5790
597
1334
-8545
7066
-4505
300
-6559
226
9474
2489
4236
-5017
-8263
-4446
-941
4150
-1505
-7189
4256
53
-2224
8392
2210
-3596
2766
-2104
7150
-5192
-2712
-1333
-9299
2795
5582
-4989
8944
8319
-2346
5197
3537
7651
7413
-1067
-6865
5873
-2165
-8712
-9335
-6461
5266
-9048
-2785
-767
5535
1423
3934
-5345
7769
-6653
3621
-7890
-7405
150
7932
-387
2828
-8086
-5277
8751
-9853
-3217
9975
7277
489
1323
2443
6190
8351
989
-5016
2588
-2819
2939
-1311
2802
6352
9836
4288
5108
-7543
-6928
-9571
9868
4394
2090
-3145
-3005
-3031
-436
9965
7116
-3975
6141
-3526
5355
-4204
-2668
2745
8428
-2097
6987
-642
6815
8473
3904
-8941
8133
796
-7014
-6912
-5921
5704
454
9726
-2500
8425
-4723
1248
-4436
-1961
-847
404
-6528
3425
-7915
2458
-2886
-6581
878
-5339
-9306
1283
-1491
-957
-5153
7284
9901
-7269
4273
-5276
-9991
718
-4005
2101
7236
-7662
2532
-9326
8432
5151
1350
5828
-7141
823
-5473
-4053
3078
4537
7913
-7072
613
453
-7063
6220
5705
3596
7153
9864
-4419
4763
-8854
2565
-8575
2131
-9331
9314
-7928
-6227
-6068
-8302
-6244
-8206
1089
-2126
-8342
-2669
-210
5794
8007
5743
-7890
-7884
-4360
-7345
-1788
-2007
8438
-1469
-4468
-4477
-5370
-6223
-9138
-6196
1157
-5494
7815
6699
6190
-5294
-4997
9088
-1803
8034
-1265
9073
-9109
-6331
-6120
1802
-1720
-8798
-157
-3616
4258
5404
-3960
-5932
3656
-4367
-3397
2871
752
6757
9714
1535
-3510
2355
339
544
-1707
-1183
-4855
-5929
-4145
9308
3988
-5946
8374
-8929
2571
8965
8214
3939
-1256
-2173
-603
9423
1389
-8639
-4393
6373
4660
6186
7282
-5702
4036
-7569
-4220
9856
8909
7137
-6745
-5652
-2116
4453
-8961
-9731
-9886
2980
3540
-1609
-6322
-2829
9700
7606
-4110
993
4531
4944
-5180
6393
-866
2474
8390
8685
-7342
8571
-6827
6150
-3118
5085
-4948
5340
-673
-5529
-2510
-9011
-906
7572
1976
2195
-9134
9001
9750
5081
3079
2608
458
897
5182
4657
-1596
7669
6251
2128
-1404
6833
5779
-2163
8491
-4110
4116
-6957
-7046
-1674
103
9033
-6603
6414
-2966
1877
3218
7715
723
-3933
9406
3447
-6842
3805
2303
-799
3425
-5245
3634
534
-5821
6265
7247
-6315
6578
2014
-8105
-1711
7581
7589
1360
8813
-4526
4553
-7071
-6541
8062
6673
-3073
670
6433
9778
-4194
-7128
-9163
-1463
7792
-619
4575
2039
2296
6261
7364
4727
-2905
5257
-21
9563
-9326
-2069
-5018
-9191
-5658
8770
-679
9452
-656
381
1745
-8432
2584
8415
-2946
4123
-9055
-8913
3319
5961
-7742
-7903
-7551
1857
4
5191
-7585
-2058
-2416
8958
-1596
8275
7535
-3938
1407
-8300
-4650
3796
2531
1024
4847
-4657
7902
239
7609
-7971
-1337
-3566
7341
9118
-334
0
998
-9177
-7668
-7974
7039
-3372
-8991
3098
9754
9716
4073
-1132
-3543
8588
7869
-9600
5603
1097
7733
5555
-1797
-5583
9789
-6673
-7900
7649
-4584
-9157
-2148
-9359
-6183
3428
2851
-9978
1692
-3237
2476
7010
-7257
-9104
-1570
4674
5098
2711
3931
1792
2173
5865
-9151
6247
-6687
6415
4169
-1104
3400
-5848
1560
-1226
8339
9060
-6129
635
7346
407
-9792
834
-5411
-932
6749
9114
9241
-4162
-9685
-5632
-6587
-3706
-8185
5595
-6203
-8999
271
-3657
4067
3504
-2543
-8309
-3705
-7902
2932
-1752
963
6297
-5669
7791
-6971
911
-405
-2527
-5134
2150
8703
-5327
9763
6118
8060
-4609
2853
6196
-9880
9268
2627
381
-75
4530
1576
2993
-7029
-6177
7568
-3526
5054
-7918
2517
-6645
-8890
-7266
3493
8354
-8805
-1264
-5338
-5452
9718
153
-9975
3466
-2373
3754
-5545
-4282
4963
9214
7536
9592
1292
2803
358
1310
3469
9366
3057
-4893
-1960
664
-8384
-9450
3810
-9493
-6184
-4928
-7617
-1161
-3768
6141
1612
176
9463
-3547
6741
-6681
7326
955
884
-8923
688
8417
-6450
9357
-3383
-4806
-5221
5639
6691
-1349
6781
-8129
-8436
-6004
1579
-5197
-7379
9257
4280
-2051
-4418
5954
-189
3808
9591
-3239
8657
6592
9723
2679
6941
6793
2508
3003
-1070
6708
2860
6830
2278
72
7074
2275
1276
1326
-330
2275
-8836
-7384
-1510
7143
9014
7733
6741
-7786
6525
7567
3997
8061
-2295
7924
432
6695
4064
-1025
-7973
-842
-843
3739
3579
-9031
-4027
731
-5550
-5239
-676
-9534
4150
-2769
-9740
-7553
7600
4950
116
-1871
7221
7233
-330
-4122
3117
-2108
1472
-3559
-1260
9329
329
543
-3050
1030
5614
-2581
-2521
-754
-6591
-3538
835
-689
-2988
-250
-6283
-3439
-1829
4847
-4314
-9587
1511
-1665
-9683
1874
-7238
-2172
-9333
-1164
4929
-9066
4745
-6053
-2257
-5285
-8946
2208
5286
-9126
3645
5372
3850
9353
2045
7625
-9574
-3551
8555
-1259
576
-5310
-9352
-8465
-833
8968
2288
3951
-5632
-7939
-8926
5358
-3741
7525
8910
-8270
4718
-9731
-7455
-5796
-2683
7922
6697
4456
4581
6681
5523
-8968
813
-1192
4096
9583
-7484
9810
-5007
-866
3781
-917
-4629
-9553
-4534
554
1234
3200
8097
7270
-9160
5394
5870
-2329
-6409
-5990
2955
-2466
-1558
5418
9933
657
-2542
-8761
1477
5206
7083
-5666
9042
-975
-3223
-436
7122
-1871
-9883
-4025
8415
-1187
5933
4018
7250
1029
9764
2014
2829
2448
1658
-4609
8910
9416
3316
5648
5499
6627
-1745
-9079
4557
-7778
-2898
-5641
7387
-5580
-5007
7030
-8532
165
711
-4091
571
-9412
9667
7407
1261
-7001
4120
4622
-2693
7526
-6093
-7288
-5530
-6233
-7432
3261
-1278
-6063
8659
-2370
-4473
9411
176
1539
325
-2681
-9031
8749
-5316
-5384
9034
-6026
-8419
9689
3644
689
3263
8437
4989
-2597
7367
5248
-3583
-8329
-2239
-4757
6637
-4978
8287
1628
-6529
2855
499
2356
7106
-2193
431
3511
9721
4530
-9196
282
7287
-4108
7402
7823
-1081
-294
-154
8195
-6872
5017
-3128
5063
-7998
8072
-92
5163
3929
6300
-9541
-3726
-9757
-7142
-6659
6359
5261
-166
-3535
3620
-6666
4743
2797
-6235
-2271
1449
2569
-9555
-4331
8832
2324
5749
236
8305
-8886
-4075
-4486
-5368
7527
-1367
8045
-3232
-9706
-9773
-2876
256
-9205
-9225
3936
7279
-1614
142
612
-6926
-9652
-7959
-5176
-4171
7513
5828
7031
2586
-9438
-6779
6303
2699
-2922
8178
9819
-6317
5504
-6990
-3815
7575
-5363
8838
-2324
-9703
-833
3918
7974
816
-3466
-7800
3099
6880
-755
6750
1813
-8676
5995
-9561
4068
1428
1303
6636
-5633
4286
-4587
1686
-7921
-8617
9765
247
-7232
8192
6856
-6231
1111
-2520
-1126
1923
-4764
80
6755
-3177
-261
-9477
4346
-4090
1208
3575
2548
9560
-1417
405
-236
-2262
1977
5474
-2656
8331
7710
1108
3492
9823
-6615
-1312
6624
4288
3191
-3064
-8367
-7012
-8136
7918
-2735
882
7468
-3324
-53
-7841
5579
-8293
-1942
8127
-7612
2305
1913
6244
8924
301
7754
871
-3278
-9342
-1186
5105
6320
2040
-7903
-9710
-816
-6187
-254
2402
9014
-6118
7712
9444
3177
3801
3357
-9990
1192
1650
1457
-3136
7448
-8095
3615
81
1989
-197
6298
3524
8135
3411
2136
8276
-755
-8504
-9743
-501
-1211
5348
1916
8352
1677
7952
-2550
-9407
-6548
-972
-1992
3782
7679
7027
-8524
6681
6956
4358
7400
2271
-2937
4692
-9561
7150
-7590
-5447
1293
-2612
5872
4793
4218
-4185
-5900
-3267
-2431
-4158
-6647
-1122
2802
1954
-2693
6759
-5686
-1552
-4709
5661
9882
-8983
1501
3230
-4320
-6283
-149
-4262
3189
2102
-1668
-775
-8747
-1648
6662
1072
-8953
3959
4919
5675
-5910
-4135
5312
-2236
-2417
8982
5860
-9528
-3616
424
8122
3519
1059
7479
4204
-650
7568
-2796
-9843
5705
1749
-2854
-6754
1235
-8286
7003
6351
-9286
5820
6174
5832
7381
-2005
-4020
-6539
6140
1687
-8599
8345
-4278
-4230
1426
-616
3802
-5445
930
952
6078
-1173
1350
-2032
-522
-5422
3630
8504
-9696
-8542
2243
5460
-6411
459
-6629
6941
-6374
1836
-6970
-9414
-8966
-8651
990
7559
-3989
-1148
-3832
573
-8645
-12
9238
-9957
2091
-6969
-8515
-7161
-1882
-8435
-3613
-3862
120
-8266
-1230
1345
2752
-6065
-6757
-6155
-4066
2689
3201
-7130
-8568
-9476
7638
9279
2911
-5555
-2698
2415
-8785
-330
34
-2652
7491
3195
-3750
2159
2256
-527
-8960
8223
-5597
4736
-2769
-4634
-395
-6370
-2143
-8465
8205
7720
162
-5755
-4336
7813
1081
4651
-4882
6793
381
7407
-4174
7988
8548
-9891
-6260
377
-4123
-7184
-5535
-2351
-5515
-2865
5382
-5071
-3613
5893
2617
1178
-8642
5505
-8398
2962
1670
-6153
3218
-1222
-269
6622
8384
-963
-7365
780
5214
-7145
9178
6632
-7672
2797
-6885
8440
1225
-5723
2925
1660
-4584
-4692
-8411
-2788
-7020
-7909
6806
4063
7587
9466
1565
-9363
6553
9201
4566
7590
-1995
-3886
-216
-9926
-8839
-2665
3914
-4229
2532
-6929
-5221
-4676
3688
-4762
-641
-3415
366
5356
-2458
-2236
-7767
9909
-553
3165
-8173
-5057
-4999
-1813
-8299
3391
9433
-6392
3518
-1605
5226
-5445
-5280
8357
-7457
-5361
-4051
4463
-7654
-5285
-6464
7659
7489
70
-3862
-6409
-7986
4599
-6102
5635
7399
3899
6385
-6060
1348
893
-2736
-7162
8019
5404
-238
-9277
63
-6922
8097
9493
3980
1075
1804
5371
-4512
-5563
4103
-7955
-9530
-7187
848
-4141
-9578
-4
3710
-1388
-1953
-2842
-3027
3906
5828
8460
258
-8213
-7456
-7934
4545
7683
8674
9866
-7435
4236
-1936
1294
2295
6219
-6239
-1380
-1080
9125
-8805
-3807
1436
-2127
9041
8891
-9508
-8798
2346
-7431
8856
4573
-1852
-272
8183
773
6181
1003
3211
-5808
8453
3452
-9897
6985
-3704
4760
-2571
1086
1953
3517
1097
-5374
6482
8823
-4522
-2950
6762
9264
1512
3509
3414
2238
-6236
-3551
-4149
1591
5250
-2880
109
3582
-7719
8048
-7392
-915
-767
-6471
6458
-2221
6858
-8617
7048
8856
-9323
-1196
-8545
885
2662
3049
-8137
-9976
-632
-4231
-708
-4749
7974
-2191
1517
-4780
-7810
-4881
-3751
4661
-5306
-3976
-5289
8597
2471
-1197
1861
-9279
-9190
443
-2029
-3670
7908
-2767
-7424
-4813
2046
-2603
-8831
-6846
-5463
4844
2762
3580
8151
5989
3536
1256
2459
-2495
4212
-5407
-6182
-7514
-5490
8848
-6116
2759
1598
-7947
9709
8306
-3743
2225
-1280
-1138
-7234
4632
-1667
3419
5054
-1873
8857
6028
4780
-5067
-5147
-2098
-5309
-1726
-8171
-9710
-3757
-2123
-4173
6608
-1221
-5015
2416
4641
-754
-6177
-843
2332
8662
5403
5828
-5651
4704
-9937
1078
6552
175
-624
3600
2904
-5962
2499
-6317
-1105
-2772
2572
8661
9479
-2167
9039
-6367
-4326
8109
5098
-7635
488
7653
-9069
-1027
-3452
3972
9846
-5732
-2855
8341
834
9547
2796
-5148
-6641
-5046
-6316
6726
-2255
5400
1143
718
3745
-4864
3770
2322
7294
1847
2018
8701
5840
3875
-4175
-1419
2074
-6338
-746
1230
8014
-2754
-1710
-1540
6641
6197
2001
1632
2673
-1968
-5694
5611
-5195
7877
4570
-1536
4724
-5733
7695
-4441
-4350
1642
-7207
-5500
9374
-3344
7288
-3801
9068
-7414
-3120
-1926
78
7556
-2194
-9332
-8712
9404
-1035
-2819
9582
-683
6596
6770
-4399
-9499
8152
2304
1377
-5132
-5637
9797
-3325
9513
3738
8038
-4903
3460
3408
-9441
8308
4339
5875
-9626
1946
-1236
6464
4632
-1900
-7546
3425
962
5623
1249
4101
3970
2460
1498
3152
4763
-4596
-7966
-1942
-9326
-5131
-4737
-2726
2041
-4928
6263
-13
-5754
-7288
4424
6499
-4052
-8873
9597
9344
9044
7651
8547
3732
-4983
-9326
-3341
6262
-7367
-6024
-1851
5598
-4391
-7843
7076
7129
9316
9178
9779
-4466
8332
9509
-1714
4283
5706
-7586
-3147
4257
9066
3392
4854
-9412
-3577
746
-4782
-1302
5384
358
640
-2187
-4841
-2678
-2099
-1292
-6906
-6230
5550
2011
3692
1702
1277
1383
708
-7671
4131
-5255
-1243
-7191
4222
6218
-7912
7068
-4280
-492
7817
6226
-1511
-4868
7867
5733
-8879
4191
-9744
-2028
853
-5581
6518
1857
-2636
8276
3115
5762
-87
-2652
-3047
-5990
9689
-5211
-3915
-4203
5332
2794
8988
4298
-2244
-6089
9423
-6084
-6310
-7816
3209
9729
-9713
8236
833
-6035
4209
5527
2157
-2207
-7128
-1254
5817
7720
6824
573
6574
5071
-8776
3932
1583
1464
5
2341
-4185
7780
-6415
1338
-4003
9480
5101
4547
8604
-7652
-7171
-4438
697
-5681
6320
6299
-8365
-6342
7069
-4645
-8458
-6089
7185
-2633
-6290
-8901
5766
2846
-172
9595
-8660
8098
6505
723
6251
-3204
6819
5243
8871
-3812
2357
-4515
6229
5473
-9074
141
3474
4015
-9008
1541
1520
-3422
9906
-6832
9958
3598
739
5850
-6043
-5946
6261
5011
1640
4717
5558
3438
2873
8936
2665
9372
-3766
-4043
-5034
3859
2135
-4223
142
-2322
-3118
-409
-4408
-8113
-7027
190
533
-8484
2415
5165
7964
9785
7649
-2412
9817
-6699
-8468
8559
9014
4155
8435
5243
4152
6257
-6997
4237
-8501
-9923
-2210
3689
6585
7998
-5353
-3635
-193
-8727
4182
-8357
1521
5300
5069
7210
-6103
-962
-7663
-9447
-4264
-4194
7970
-752
1036
-9283
2858
-3264
8439
-496
8475
-7140
-9410
3028
5159
9841
-3657
7461
-9701
-5017
9813
-3538
6043
-7351
-1586
-5907
4417
2384
4262
753
8066
8591
-3859
-7886
6194
-914
4521
1924
-9392
-4935
8879
9572
4090
9651
4019
-1522
-9641
-6363
5317
-396
5216
-194
-5479
3921
-583
1238
-3542
7008
-3201
-3993
-3024
4134
7759
5699
-8302
609
3646
-3563
-7577
9362
5602
1677
1203
-9540
-8618
-5706
6902
4748
7446
-9911
-1471
2524
9696
-8322
6466
-7022
-5109
2754
-431
-3406
-8600
-966
-1928
8904
4336
6355
-2715
7319
-9660
-45
6163
-3939
-8541
-1589
-6507
7088
4586
7439
-9295
1440
1630
7886
5075
6863
-3319
8026
359
1822
9367
-2698
2058
-8467
-3981
-9760
-6530
-2146
-6400
-33
-5309
-8134
5875
-9935
3474
7247
2826
6070
-9636
-9474
1089
-1351
-8787
5210
3033
-6258
-3271
372
-7131
-7203
-4716
8399
-2010
8713
-8402
140
7581
-4321
-3416
6799
-4991
1111
5100
-4859
-4825
-2454
-4340
128
1806
-6173
57
4318
2722
3961
-9029
-7086
8318
3595
-1018
-6030
3243
3670
-7012
-6235
6595
-8364
1546
7404
-5412
-4471
2656
1847
4600
-8725
3607
-9182
6268
2432
8065
-732
-2006
-9378
-49
7441
-2762
7217
2984
-3696
-2653
-7116
1396
-7569
-3855
8578
-7977
284
8785
939
9306
3963
2881
3514
3374
-7796
3367
9132
5018
3620
-1486
3978
-9261
8856
-4948
7989
-9229
8564
2800
2650
9618
-7873
-1779
-6180
5022
7943
8228
-5331
4415
9025
-2543
-9821
5109
9031
7404
-974
9341
2547
-4841
-2390
8696
-5342
-5452
523
5241
-8047
-6765
2760
9337
-3208
6673
-1749
-5140
-4706
8730
1169
-7203
7138
-4640
536
-4767
3350
-3256
-8067
3965
7951
5590
5268
9147
-9672
-5446
-3190
6334
2127
-521
8481
9420
-7759
-8619
-7696
-1884
3917
-1106
3715
8271
-8665
-410
-6375
-6526
-6789
1136
-7247
9562
-3953
-2704
8712
-6038
3405
-2996
755
660
-9025
7197
1167
6129
-6629
1507
957
-1074
-8558
-4882
4574
-5869
828
-4319
-585
7498
8541
5400
4927
4116
833
-4594
-8486
915
-8832
-5485
-9843
-1401
-5413
-4050
-82
5895
-290
-9285
2221
6461
7852
-8577
-4933
8686
5019
5666
5820
-8185
7399
-4207
-7322
-7940
9147
-1541
-4492
5650
1174
-2955
-4052
-3247
9641
-5007
-4941
5073
-2323
9105
-371
-1427
-6795
-3204
-3493
2318
-4329
6518
4531
-4735
3572
-4105
-250
6194
-496
2504
5777
-1313
-7285
2978
-9789
9808
-6953
-7285
-565
-9968
1788
-6725
8400
1487
1954
8138
5239
-5261
-9098
-142
2242
5292
-5090
-3013
-3432
1316
-8200
-6556
-1596
765
-1619
-2229
661
3735
2764
4770
484
9107
5564
2037
-9806
7484
-5100
3090
3242
6792
8782
5428
780
1119
566
-3601
347
-6982
-5238
-8987
-2978
-8882
-6154
368
-3032
7708
2048
8878
1751
7764
9627
1837
3201
-5239
-353
-5676
8838
4243
5422
7359
-6572
-3058
8911
-6869
9274
-3118
7712
7630
-249
4932
608
-9774
-7646
4379
-3715
-1291
3860
2766
7163
-5023
844
727
-3485
-4196
6059
-9696
6690
2812
7060
2074
-5715
3540
-770
-2392
322
-7344
-1485
2444
-5930
341
-2746
-3343
-371
3235
6983
2351
5831
-8267
9393
-3053
-775
5338
9287
-6032
-8883
-6748
2427
-9718
7719
-9969
-2990
-4842
-9059
6962
-9736
6397
8956
-6928
9445
742
-5157
-6464
1390
7667
5077
3143
8791
-9275
4203
-1022
3497
38
376
-7948
5640
-3838
-4386
-7649
-7705
980
-3063
-3433
6104
6309
7192
-7185
9697
-2975
7557
-3678
-8529
-723
4319
9405
-8311
-2827
1651
-9029
1573
6806
-8494
9132
9753
6859
-667
2414
-6585
7892
4733
-6964
8201
-9044
-4091
3597
6337
-1118
-2002
6862
4263
-4473
-9653
6498
-8000
3825
1271
-769
2407
933
-1609
-8164
4897
9666
-6844
-6641
2496
-7366
-5867
7560
9099
-431
6393
4721
-6309
-9101
-5731
2976
355
-8081
6847
-8516
7367
-7688
7380
-5275
-1800
6909
8443
667
6907
-9617
-4850
3391
5475
-89
-6817
-5210
8856
5630
-9285
-9158
-1056
-9212
7807
1688
8058
-7625
-5724
3694
-5493
7790
7925
2262
4210
-1129
3107
-1534
-1669
-6750
632
294
-5469
-9615
-4714
-7325
-2306
-9110
9651
-342
-8780
-3068
-5308
7
-2737
-3697
8465
-4749
8198
-9989
5697
-7781
-8686
5939
8968
7657
4519
-9648
4164
-5463
-5484
7727
-5963
-2767
-6893
-1728
-9025
-5218
-61
-8958
9061
-1805
-9433
2352
5816
358
-92
-7395
-3960
9167
-1260
-2404
-6148
8892
-151
1921
-6399
4615
9943
9915
-9008
-2700
1681
-4074
5433
-7875
-4798
-2128
-7825
-5514
8727
-7760
7268
1695
-3938
6163
-6497
-7813
498
4683
-6124
104
-7994
9927
9520
1980
-7436
-5290
-5806
4627
8846
-6188
1473
-6360
-8515
-320
2124
3758
-5500
696
1222
4946
-188
1636
-8470
-6382
5234
-8299
8193
-8135
-3099
8236
-5353
4039
-6896
-6871
6345
-605
9214
-5576
3632
240
7227
1497
-4094
-2041
7211
3319
-5340
-1802
5109
-6477
694
8919
7653
5982
5343
9928
9986
3760
-179
370
1884
-1606
-4478
1430
-7958
6828
-2003
754
-61
3677
9629
7185
-1851
-9032
-1954
1931
6920
4166
-8373
8130
-5058
7608
5580
5009
7238
-8480
-6919
-1811
4135
-392
-1811
7740
-7597
2642
-1933
2960
8130
2656
-8913
7755
-6455
829
8003
59
2918
-4012
-5361
-4497
-6084
3644
-594
-9856
484
-3229
9028
-7197
-3288
-9519
-8426
1129
-858
9539
-7933
2728
-9296
8374
3902
-1029
-6801
-6026
-2911
-4110
-905
-1267
-8259
8930
-6299
7942
7056
-6574
-8028
3186
-3800
1472
-1310
5918
-7335
8717
-7343
-9744
9500
-4227
-1237
2196
4506
9392
4830
-2031
8905
8592
-968
5234
1108
7113
5260
626
-1163
-6800
6759
1454
-3709
-4322
-8664
6170
-1356
3791
4904
6118
1057
-5880
3828
7416
-7790
6589
1293
-8617
5670
-5615
-8405
-8214
2373
-7252
-5646
-1595
-8301
4267
-6168
-8710
4756
-9345
8603
2489
8615
-4999
4169
-2664
-8340
5690
-8434
-4425
-5441
-3471
-6709
3160
-4172
5032
7119
2129
9764
5673
-8065
2217
-9543
2798
9610
-8975
3231
-3340
-6994
-942
7851
5497
-6404
2324
-257
3242
7937
-1710
-2286
-1770
2492
3522
-862
-5609
-1544
-6229
9468
-272
9261
-1520
-4302
-5135
6838
682
6966
5591
-392
-1622
-2833
7247
7464
-4938
-7879
-1839
-2096
-1739
-4351
-9472
-4694
9196
7035
-7123
7384
4970
-9077
-5573
3187
-6254
-8548
-4009
-8610
-1720
-4257
5792
-5296
-5818
436
-7206
9622
-9752
-6957
-4573
9514
-1861
8975
1675
5879
-6357
-6678
7643
-530
1663
-8987
-8401
4015
-4866
-2963
-8770
5937
-9901
9392
-8046
49
1117
-1874
4244
-2239
-3622
7965
7712
893
-2203
3230
6200
1243
6738
-4422
2950
-9589
-6220
-8572
1371
5114
-9206
5258
-9480
-9517
9242
4189
-7489
-3104
4733
-4870
7110
-319
2402
9730
-8449
6507
1909
7061
-6490
9044
898
7575
-5914
1539
8720
-5438
4525
-1187
-7141
-2700
-6777
6535
391
5224
530
-2886
452
-3165
-8535
3587
-602
1956
5256
7772
-8325
6953
-4248
3400
691
-9460
5596
-2007
-9226
-5692
-9635
-7888
-3024
1571
-6284
-5581
495
5941
6992
-9385
1818
-8342
-55
-1958
1621
-7530
-993
-7060
-2815
4272
5494
2651
-9975
-9684
-2964
-3203
-572
4668
4999
7675
7283
5555
-3808
3740
-9100
8034
-8000
5341
-8565
-1135
-8710
-9667
4669
-2503
1473
-8583
4390
1872
5798
5416
-1511
-6032
563
-4454
3646
7469
-3708
-3677
-5987
819
-8489
-3568
-3858
9830
3036
-5979
3898
-3622
-4270
-9498
-8514
-825
1438
-1158
-7327
3784
6939
1069
265
4351
3496
4866
5771
5051
3058
-3895
-6351
-1787
9040
2927
-8297
-1968
-2392
-3104
-637
-4723
6801
-7293
-1230
3361
4583
-9254
-5106
-953
-2203
-2376
-9994
-5616
1254
3907
-307
-5052
-9843
-1008
8883
2020
2516
4421
-1037
1447
8199
-9168
-9568
9323
2224
-3277
-6295
3223
987
-9289
879
-3088
-9316
3446
-5151
-6999
8042
-2687
5706
-2491
-5794
-2452
2590
9749
7499
9974
9640
-7929
-6260
3596
-6369
-6219
540
-109
-3609
-94
-5739
-6106
-3240
-8120
6645
-2959
7917
-7169
7113
7407
-8677
-4158
6162
8607
-202
-1689
776
7298
-1759
-2618
2966
-1072
4603
-8799
-5421
-6779
5916
9874
-4357
8692
-6671
-6664
-9816
3806
-8527
-4956
6707
276
4792
2704
-1564
6408
-5006
7328
8504
4943
-8166
-988
4823
5533
-4054
-8146
1640
-6153
-7996
-8903
3103
9807
3491
-9500
4722
5995
-524
2635
-6352
-6472
-7147
4845
-810
6018
4445
-5308
6144
4992
-8136
58
4597
-6973
1314
-1307
-5550
-9329
1305
3766
1016
9080
4205
8403
-9118
2278
-4757
7619
-5716
4581
-5857
-1638
4923
6044
-747
-1336
-5232
3863
-824
-5274
6536
6172
-5041
2431
-3339
-9135
-6007
2619
2924
-2555
-3398
-4762
9387
-1435
-2007
19
-3205
697
-5227
-3858
-59
3509
-3428
-5805
-8600
-6387
5387
3340
-1532
-5947
-7843
-2063
3480
8154
5741
1888
3181
-6502
226
-1934
1796
7176
9754
2494
2851
3592
-8981
9749
-5077
-7857
8042
-375
-3046
260
-5763
2315
-5417
1926
6118
-9571
-7971
-3056
-8827
-3059
6056
-4855
1171
-9510
-8018
-9730
-6480
2141
-9115
-1154
5880
9874
-793
4251
4207
3543
-7088
831
1429
7894
8477
-5035
-4434
4406
4200
9794
3467
-3235
-8468
-995
-5887
-5950
-520
1652
-8848
-1211
632
-8520
8963
2313
5780
5691
-1240
9999
-6447
-6304
1343
-7938
-1749
-6894
8400
8624
358
3154
4529
9673
-8622
9505
-3768
-694
-9152
8230
-6907
7335
-3276
-7862
-3581
-4031
4462
7430
-7279
-4687
8417
1179
-7209
6119
8087
-7323
354
-6961
5545
-9859
4935
249
-3807
1290
2825
3240
5300
7612
-6571
4701
-1250
3512
-8430
113
668
7312
-2872
-5764
-5660
-7475
5417
-5791
-3915
-6696
4475
4076
-9622
1305
8791
6697
7987
-4140
-767
-3436
5155
-7300
5073
8252
9647
9765
4775
8167
-1800
-9608
4839
3504
-6359
-2491
-5119
-7941
1414
8486
-3107
3612
4937
-7245
1226
-542
8693
-3847
6656
-2315
7262
6181
4666
6919
5869
7985
1732
6759
1610
-1090
1032
-5447
-5058
-142
6513
-6202
-4044
6673
-3810
8943
1622
-7641
1199
-6007
8125
6678
-3860
-2832
488
-4334
154
5369
-9588
8242
4324
-5087
-8069
-9295
-4843
-3963
-2040
5655
-2122
4992
7536
-1690
-1420
450
9076
1427
8762
1256
536
-798
-320
2256
-2803
3425
-5120
-5198
684
-7931
9541
-2899
3385
-9318
6917
-4209
-1386
-2739
-773
-494
9011
-8846
-3804
-6226
6566
-3584
2643
9183
4013
-3057
5307
2046
-965
-565
9326
6591
7108
-2831
6734
5645
1279
3478
1583
4410
-5900
-3565
9808
-2074
9492
-243
3815
7443
4941
-4040
270
-1487
-4344
-8363
247
5992
-1523
-9628
3966
-1906
4232
184
809
9486
-7625
-9450
8142
3368
1333
-1994
-973
759
2617
7172
-4751
-4504
-9090
7152
8426
9129
9391
-9658
5515
4898
7758
9470
3569
-580
183
2745
7939
-1900
2453
8088
-4790
9128
9880
-2785
893
8847
5487
-5174
5476
9922
-7983
564
1954
4022
-7393
-4000
-9749
3989
-2719
-4968
-5917
339
-1739
-7632
-5378
244
9361
-2677
-7579
-6996
-7795
-2983
-5655
-7205
-2106
-2751
-7170
-3328
7052
-4154
-6918
2941
-403
-9838
9010
-3164
-9947
5958
-9507
4049
4937
8671
-6051
-3868
2635
1510
-3760
1566
-7580
-196
7718
2347
-2757
-5054
-9587
-132
-9081
7577
-7497
6626
-9630
-2327
8520
5715
-3618
4813
-7
2905
2078
2911
-9076
6664
6453
-3011
9153
6696
2101
275
-3256
9205
7002
127
-485
9023
-5797
-8398
6533
-4383
3008
5675
-1172
-6542
2321
6421
-5735
-428
-4799
-3844
5324
-9804
1067
-5477
2747
1377
2421
7653
1590
7064
9023
-2289
-8029
-4541
-6396
3882
3748
4060
-2227
-1634
7549
-2728
1921
-4837
1843
-4118
5991
481
-7651
6553
-2608
-1658
-3498
-5821
9464
-6514
-2007
6220
2923
5386
-6614
-6417
-848
-1762
-7530
499
-1622
98
-3302
-9451
-4821
-8444
-1087
4810
-7531
-323
-6724
9599
-2742
7765
-4788
-506
-7627
-5916
7007
-7069
1725
3428
-8765
9675
-7087
-4634
-2095
2780
1897
-5239
5478
-5717
-617
7040
-984
1118
-6464
9368
9665
6397
5801
4287
-585
5229
-5224
8194
-6768
-9096
-586
-7583
-5080
3005
-1157
6367
8777
9680
6789
-9132
8279
-3244
3989
-3989
-3481
-2305
-618
-852
-9044
-5617
3203
1934
-1328
4097
1538
-3429
8744
4836
-5361
-1820
-1245
-7973
4043
8836
6024
9151
3025
-320
3827
8622
6427
4418
-2436
-9305
-4068
-3944
9949
3286
3039
-9878
9088
9252
-5508
-7435
1475
-9325
-1110
-3314
16
-1802
-1915
-8555
4280
-5328
3568
-7528
-3296
-107
7877
8052
3555
-728
9390
-5325
652
1657
1763
-210
2118
1129
2155
-4981
3303
1209
7512
5292
-6656
8272
-3189
-1024
7500
-2191
-1362
-4784
6981
-8567
5009
8875
7936
7290
-3907
-6717
-4192
5631
-432
-3552
701
-4054
2004
801
-8757
2597
-8859
4606
7443
3893
-828
-5892
-134
3713
-3423
2559
-7147
9272
-1167
7007
2923
2183
-4702
-5799
-2903
-610
4360
433
-9710
7095
-530
-6639
-3817
-4941
5866
-7748
3433
1230
-5331
7469
-4307
-9887
4652
1019
2803
4803
1866
6022
6466
-1782
-1078
-1063
1081
2684
-2908
4006
-1476
7990
-5377
-2602
6756
-3548
9597
3046
3419
6962
6230
3174
-6246
7409
1092
8177
515
5880
1810
-8870
-5211
346
-6622
-9730
-8608
362
3074
-1476
5600
-5915
-1922
5632
-6339
-3318
-4825
-6835
-3475
5015
5222
5241
-2038
6443
9732
-4500
9146
-9408
8073
-2000
-1948
3643
5672
-1881
5692
-1192
-2798
991
1519
1711
-5040
-3981
7928
924
9281
-6902
-7045
-3208
2078
-3737
4636
4307
6219
8084
-1207
9393
-7818
-4773
5363
-2181
-4496
1916
-9775
-7957
-4372
3861
-7703
9693
-4033
4158
7093
3501
2504
8990
-5689
2533
-2762
8977
3369
7182
4884
3937
4768
-110
-957
-3938
9861
7078
1246
-1590
808
6513
-2450
9231
-9701
2720
5797
-9600
8337
2253
9435
7559
-6659
-113
-7698
-252
1403
-3182
1801
7069
9647
6702
-9148
-5523
2504
3960
8570
-2572
-7867
-7742
-4493
6343
5032
-2016
3113
-3831
1873
9265
-5760
6448
7587
-9889
773
-7818
-279
4468
-2731
-4513
-1812
-6958
-7277
-5002
9897
3590
-1790
-5486
2602
-612
-29
3331
-3473
4621
7093
5339
4923
-8184
9140
6249
-9402
1995
6928
-4089
-1596
8467
2015
-3865
-6210
2884
3215
648
661
-622
-1362
5191
-8942
800
-9141
-6912
-4261
783
-7949
-8785
8808
5546
-8464
-7262
9827
-1213
9442
-5387
6777
-8805
-8902
-2475
-4903
7758
-9363
-1900
-6520
-8570
-8289
-8958
5227
1498
2414
-8317
3500
5187
-5199
7733
-4150
6827
-4013
-7797
-7281
1005
1772
-998
-1443
215
948
-8018
-3577
-4673
-8047
-1012
5567
9570
1706
-5482
1021
9428
-2728
4733
9366
-9848
4027
820
-4497
6453
173
-390
1026
9375
2723
1669
-6385
-5592
2618
431
-1315
5586
-5427
4721
7614
-6675
-6853
-437
-3866
-5231
1301
-2198
-8678
514
-3050
-1159
-6149
6346
7279
-5848
-3653
744
-1621
-8598
7753
8558
5632
9555
-1338
9561
7926
-8728
3729
2530
-472
5187
1092
8671
-559
1251
9938
-9552
-9111
-3466
2734
-6048
1021
-4338
-5791
1333
5915
-4710
1107
7608
8695
-1130
357
-9023
-9292
9583
3493
-7321
4175
8700
-606
-5764
6755
-1537
3903
7990
-5930
8477
7875
5646
7445
8197
-2772
-7261
-1270
-4709
-6203
5220
-1293
-8228
-7687
-6155
-4578
5304
7579
3275
9998
-3808
-7299
5408
2578
5891
-6441
-490
4354
3221
-6172
-5440
4927
2074
-2631
-6524
-9270
-7230
-996
-5855
4273
-7995
-974
1610
4934
-3825
8065
-1751
2193
-8394
-625
7413
9291
5276
579
5114
-8097
-2320
5119
-4189
-9514
-7222
5345
-36
-1259
-3060
-9022
8597
4144
-3193
4996
8060
-5541
2475
4470
8750
-3054
1558
3754
-2762
-8543
-2495
8750
-9316
180
-1096
5158
-6198
-5662
-8229
-7805
-4415
8056
-2569
-6332
3431
-6977
-5553
-1706
6341
1625
7217
156
-4461
-3692
2047
5417
1499
-3032
9942
-4633
6832
-4740
-6791
-1212
-6523
-8691
8134
-6117
-2856
6883
-5453
-2150
-3962
9646
-9823
361
-4693
9338
3195
9375
-6078
-2996
-2891
-4278
902
4700
-875
8302
9083
-7932
4330
8030
8697
-523
-1863
-2211
1345
9322
-1695
4792
7120
-7548
-5889
4474
-2323
6779
-4020
-4340
-5005
-3982
2109
-7372
4567
9167
-9431
662
754
-6954
-1739
-157
9741
9565
6757
3972
-7816
4628
9566
-9428
7915
4151
1271
-5552
-3216
-9315
8007
-5073
-457
-8961
-3268
-6817
2203
-9816
8260
8078
6715
5530
5764
-2168
-8844
-3660
-4536
9098
-2832
9311
4169
-932
3900
4569
-2012
4533
7741
-2209
-2768
-4624
3253
-417
-5017
-8718
7385
-8947
8999
-6708
7305
5886
-9656
6362
-9444
-924
-3568
1295
3527
-9133
-9878
6941
2758
-3160
9065
-3554
1792
2115
5532
565
1014
3550
-5976
8127
633
8061
-6397
4270
3773
9770
2451
4672
3550
7483
-2071
-7800
-8663
-1235
-3998
5223
4198
-2700
-8941
4549
-9010
-1259
-7302
5663
366
9378
-2440
4509
-9945
-4559
9537
-6943
1750
-7675
-7649
7853
-7220
1351
-5238
-9986
1510
8307
1372
-2445
6684
842
-8220
8277
-8190
-8252
-7136
-5384
7805
-902
-6422
2549
6072
-1392
-8985
5003
8462
1434
-7832
-7868
-2595
8354
-5496
3816
185
2415
-9984
708
2099
3238
-6107
2367
967
3729
263
-697
6770
8696
-485
-8335
-9056
-681
5102
-4037
-4978
-2446
-55
-5639
1513
471
-2888
6396
-4800
8063
2972
-8530
-5050
2301
133
1499
4356
2789
-8951
707
-8017
-5354
-1412
-6193
7876
-1715
-5453
-8614
-5353
-3892
4798
3202
-7508
-653
-8662
3510
3597
7070
-1692
1091
4247
5703
-6170
-1447
-3211
-866
593
-69
6521
-6354
4258
2284
9521
9274
-5537
-790
9691
3594
9587
3622
9584
-2537
-2250
-6498
-4622
-2263
-7685
7465
-4778
5524
-6070
7277
-8220
2405
-1847
-3958
5427
-1539
-2714
1027
6790
620
3595
-3123
9210
769
-423
9329
-2934
-7232
782
6193
9916
-739
-2816
6466
122
7160
1256
4228
-7230
-2570
-1619
4135
-1916
4084
-4264
1562
-9418
-7026
3680
-3535
-5077
9585
8037
-7413
-9408
-2618
9437
-3462
-3180
-3723
-3149
-8435
6338
8626
-551
3567
6542
6270
-2540
-4427
2890
3087
4784
-170
-5412
5056
-1933
5301
9641
-7907
-3877
1504
-6073
-9137
1201
-6844
6665
-1694
-3691
-7361
9881
-4697
-7036
-1203
1500
-6454
-3215
-3702
-5415
-941
449
6575
4477
-2753
7406
-5973
-3173
369
-7898
9345
-5160
-3015
-1991
-125
-6236
-4950
4773
-4935
-46
-7094
3977
9917
-6364
-1408
-8113
1532
-5619
-4383
-4350
-3552
1010
-3797
3984
-1450
-545
-322
-1031
4728
-6691
7208
-6231
9210
8986
2034
-883
9192
4809
7628
-2552
3603
-898
9597
-9132
8479
5729
9119
-3655
-8544
-6078
751
-54
2981
5196
1483
-9046
1758
1718
1940
-9198
3887
-5581
1351
5466
-3264
7499
-1336
1094
2499
-3141
3003
-9665
-7508
974
9668
8495
-8394
-7237
4537
-4384
-4527
-4582
-2607
-7722
-1513
7569
-648
7860
9206
6864
6286
-8119
-6567
-3684
-4796
-388
7434
2430
-8057
4877
2643
1277
-9868
-8145
-8445
1247
-5979
4556
-8167
4167
-5747
-5199
3530
6018
5717
-8427
6559
-4082
-5167
9903
6777
-5562
-3078
8022
3553
-4224
-2564
-5328
6603
7999
-1448
-2215
-1352
-7432
-245
6888
4893
5641
4926
-7731
-1298
-7117
477
2621
-1883
3722
-8938
-2119
4773
-1946
4930
4933
2497
-1979
7456
923
-4130
-8900
9408
3724
-9771
3682
9332
-6554
975
-8486
-2345
2938
-9959
7450
2072
827
-9645
-9117
2920
-120
3761
5374
-2071
-2244
5243
-2941
-5574
9385
4917
-1320
5430
-5200
-2780
1590
5487
5170
5182
3697
-9379
462
-9443
3561
-6599
5028
-8471
1002
-6771
6780
-8625
-5453
-4866
-7107
-2149
4574
-3935
39
8299
1881
-9044
2942
6509
-7564
-1718
3014
3186
5919
597
5895
507
-7164
3645
-5868
2775
4003
-9042
-7062
2569
565
2351
2310
-2881
-3036
5619
4104
-4181
6910
-1104
8568
8243
2216
468
2290
-2625
-75
8851
-3928
-5268
4449
-6891
-4155
-9725
-3434
2623
-2501
2419
-6000
8001
8851
-7636
5658
-119
8886
3403
9890
7353
-2742
2143
-9350
5299
-6385
906
-670
-7343
-7104
8087
4140
-9218
2979
-8657
9740
-8852
1111
4158
2093
-7100
-6268
-490
-7713
-870
-8900
9533
-3034
-1851
9398
2924
192
-5278
-8482
-7433
919
-6717
-7655
-9801
-5536
6494
-5951
-836
8571
8088
2604
5090
-3556
-1796
-143
-768
4919
1260
-5705
-8786
-6829
-3176
705
-539
-1582
8396
4269
7621
6229
-513
7017
-7357
-392
5348
7033
2870
-8499
866
-614
9125
8644
9608
8944
-1603
-3626
5628
1227
6117
2299
734
6745
739
3517
6415
-7478
-1934
-3851
-5887
-3479
-2616
-669
798
-7911
216
-5298
-2245
-5921
-6346
-8015
-7083
2033
9355
9504
-8739
3182
9494
328
5620
-4332
-3973
-6747
7437
686
378
-6472
1884
-2056
-4216
-1971
-8240
-2420
-4076
6942
1886
-4302
-1719
9979
7496
8345
-6731
-8123
-9491
-5261
-8931
-5202
9083
342
1595
5615
-7924
-7280
-4260
-9157
9881
-2628
-6543
-7285
9025
-2634
9492
2062
8365
-9693
-9626
-5486
-601
1068
7212
8081
6275
-9393
-9182
-5434
-7517
9455
-5339
-9160
4634
-7118
8268
7484
-851
-9542
3737
3349
-4670
3037
5962
-7629
7278
-7585
-5614
-9212
1017
985
-3961
-3021
-4432
-7238
-4658
6096
8678
-8934
7787
5639
-8949
-5240
-6469
-8312
-7783
-5711
-3442
-2994
-3143
217
3719
-7305
-773
-9391
-3530
-7841
9891
-2818
-4465
2659
5228
-9959
9981
-695
5832
6222
-8318
9991
-5635
-1389
4221
1427
8866
-4133
1215
-1552
1609
-4413
-280
-1213
5908
-116
4680
5878
7264
1325
-3455
-1383
-3668
9185
-7341
1253
3137
-9768
7363
6728
-3246
-7571
8228
-9540
-7388
-7005
7788
4156
-2984
8088
1
4398
-6986
-4073
-1147
8
-601
-3369
-6321
9192
1893
-9393
9811
-6529
7560
4143
517
-9313
-7410
-7147
-4293
203
-4591
-7536
-8367
180
-2864
4967
-7628
1812
5778
-4038
3173
-6852
-3915
-2983
-9500
1591
4519
3892
-3795
3173
-3280
2975
3848
-3035
4050
-9914
993
1546
4828
-9351
7309
-4061
7611
2898
9734
-1137
8126
-8911
-8814
-8140
-2254
-1164
-2370
5133
-9797
191
-8931
7843
-8124
3400
-6507
-2857
8206
3309
-2407
5482
-1437
4349
5093
2319
-525
8040
-4099
823
6208
-4870
-9156
-9951
-9554
-5012
-1451
6532
-1428
9401
-9525
2709
-3860
8908
7394
-8965
405
4929
7616
-3329
-3422
-2231
-6679
9818
-1256
9759
-4953
-513
4180
-3654
6502
-6410
-83
2352
705
4384
7123
5422
-5419
-3399
3539
-6505
-9017
-7950
2388
-9660
5153
5278
439
7593
9675
-5178
2739
-8396
9090
-6040
9072
-4316
3265
5545
877
5407
7927
-9153
-5855
-3594
-6839
-995
-9034
-3913
8333
1801
6608
-3471
1450
-8554
4677
7664
-491
-8674
434
-7350
1462
5142
-7154
-5386
7337
1025
-4129
3446
-331
8473
9457
-385
-1802
402
-9106
4846
287
-9170
115
4377
-3036
-1409
3157
7330
-2577
-9697
-2694
3653
-8509
8242
-36
3051
-4555
-5564
-4480
-9607
-4409
-1117
-5297
7974
72
-8279
-3145
7559
-8395
-3801
3803
772
9015
-7268
-8346
9214
-3309
7264
460
-9932
-6772
-6738
593
5155
2351
1452
7043
-9426
496
3319
-4583
-3482
1998
3608
-7134
-8675
-2568
9308
-8533
3587
-2323
8429
6947
-1652
-3074
8154
-2984
-8481
-4844
2145
-5580
-170
7159
-1126
-2615
9205
-1477
-8132
-5218
4641
-3630
-2708
788
1429
7619
-9381
4063
-1837
4165
1347
7016
-8763
4086
-5918
-1447
6167
1005
2548
2311
-3825
2747
9553
-9166
-7325
8830
5053
3083
-4231
5442
-5186
9926
-3323
-8235
2824
-8048
5392
5804
2562
-8880
-3607
-3899
1934
-4342
-9659
7796
4988
6955
1299
9045
-1155
-3182
1245
-8007
-1773
-6224
-1879
2705
5459
2948
-4473
8091
-8889
6007
7454
-4953
-697
1622
-8815
4464
-3203
-4612
4280
1642
-8151
-376
-150
3303
5219
3992
4312
-5073
-5330
-5628
-5642
1893
5482
-7680
-4410
908
7769
5968
4008
-889
5480
-9489
-749
-7894
8003
-1622
-3880
752
7896
-9906
7209
1250
-5234
3955
441
2038
4929
2066
7741
6122
4774
-6495
-8781
2344
-5293
-7205
-8829
2605
9993
3101
3037
-7223
-7843
-5743
9684
9324
-2333
3938
-2055
1262
-2122
-5793
-8287
9983
-8868
-3456
-9650
-7973
-2016
-4086
-6797
-7909
-7741
-1587
4501
-9414
-3762
-9691
-5305
2900
3739
2037
6163
7184
3354
5244
-6309
-1734
9456
-9844
5526
7736
-2171
9846
-6827
3104
-4661
-1390
4488
-8162
-294
-2998
4139
-8067
8680
9970
-6242
-8807
1159
2581
9047
1900
2490
2546
7006
-8378
-5871
5056
4909
-1622
6428
6043
-4589
-6783
-3036
925
-2648
-4876
1032
8882
-1409
-9501
-1083
1760
-7014
-3166
6195
348
1402
5701
6870
-8440
9580
4636
-5203
-5970
-7774
2479
-6605
6926
-9586
6845
5242
-4753
9934
-7154
-5280
7490
3443
5935
-9905
1240
4465
4285
3272
-1184
-6154
-994
-3092
8330
8342
-4176
9516
3838
-4281
8508
2922
-4828
3537
6406
8774
3102
253
3165
54
-2941
3271
7325
-3671
-3573
6118
-8367
-7642
-8232
5461
5909
-6221
-1966
9992
-5396
836
3156
-6895
9437
-8441
6545
3220
-1113
-8691
8055
7435
-417
7393
5301
7624
-3464
3326
-2192
-591
8399
1603
-6578
6597
8089
1780
2197
464
-797
6201
6648
5692
-7323
-8306
-8804
-6280
-9711
7960
4164
-6316
6355
-2958
-3393
8182
5970
-8497
-7673
1012
4501
5941
-5432
-73
3660
-1631
-3609
9534
-8521
5348
-8764
-7532
-22
8368
1231
9102
4055
-482
5220
7360
7932
-436
-9253
-1625
9662
-898
7624
5652
4228
-1625
9189
6478
-3796
8618
5180
1354
7364
-7800
3462
-4544
-6197
9969
9044
-9587
-7670
-2019
-7102
-8586
3338
-9537
2271
-2817
6850
8046
-56
8387
-9117
1712
-8367
-6328
1563
-4393
3672
4517
-71
-4171
3007
-417
7989
222
-6641
-6464
5914
-9129
8266
-5525
7686
6948
5267
2447
-5017
4894
175
-1380
-650
-2534
8571
-7204
-270
4326
4829
6864
5693
93
-4637
5769
-6156
-3605
-2234
2382
5320
5290
-995
-2901
-5610
-8222
-2887
-2340
2412
-8087
-9997
-8384
-3756
7683
-3869
-9655
-3425
-1149
-9575
-1412
-4768
-6805
9953
-2716
-7818
9123
9276
-6921
-5064
4509
5621
526
7294
7185
-5528
3046
1384
-2945
-2454
1737
4791
-5161
8081
-4549
-9129
916
-5699
8681
2310
-7521
1717
2729
-5164
-761
-2416
-5709
-5715
3069
-347
-8638
2367
3063
8135
-5955
6151
-2773
-8640
-6620
3429
-5683
-8454
-9694
5912
6373
-2520
-3135
3566
-9348
-5301
-70
7092
936
-9125
9166
9358
3142
2736
-2187
2347
7604
-7487
5661
-634
-4371
8545
3496
-7440
-1414
-4072
-9875
7474
-4559
-1048
-2907
5690
-6084
8524
-4086
8043
3335
-6074
4846
9327
-4739
-3255
-3605
3685
8668
5054
-1595
-6931
8756
-9568
9740
-8024
602
-10
1721
2599
530
2983
7263
-2683
1898
-348
4034
-9762
-6479
-6278
3381
9147
-1858
2815
-2261
-6807
7447
-5334
4464
5228
-2309
8164
-7109
61
-8430
8673
-2421
6858
3930
-4258
9207
-5906
-432
5993
-9531
-7847
-8479
-4573
3718
9002
-7289
2993
-6007
3799
-8316
-1108
-8174
5183
-6306
-4516
6082
6992
7505
-2322
6211
-3231
-6866
-3043
-8123
-9604
5599
-5559
3409
-780
-4540
-6415
-7315
-8772
7979
-1857
3882
-3051
1464
-3859
-919
-3577
6094
2933
2534
7887
4509
1446
-5312
-5946
1430
8576
9902
-2505
-1655
4112
2026
5017
4776
-9046
-326
-9685
8454
-4422
-9318
-1996
-4508
-7595
-9547
-2551
350
-1693
3814
4133
-7431
6541
-2982
-3248
8985
-7556
5883
4134
3020
291
7620
-8226
-8038
-499
-1633
-5908
8067
-2446
-2143
3538
7256
7389
7910
4422
-1432
-5882
-3085
2119
-6928
-8623
-9604
7666
4585
9997
-8048
4914
1450
7420
-2797
9166
4149
6380
9331
-3255
-1013
3847
2657
3515
-202
6842
-8491
-2659
4479
931
1405
-678
-8488
-6243
-3695
768
1591
-6868
7573
-2785
-8867
3186
-6971
-9422
-3288
-1774
496
4800
-9597
6975
4340
5411
-1798
-3701
9299
-9646
-4960
1011
8393
9891
9837
2151
-5541
-4413
4633
-1399
9745
6584
7497
2791
-6932
-7043
777
8433
-7529
2229
-3014
-1773
-5767
262
-970
-2662
-3878
-3797
3106
-3898
-7982
-3205
-4720
5912
2057
-7702
-5925
-6500
-8968
2694
2558
9691
4090
1688
9662
-7206
2500
8336
-777
-6426
-215
-2177
7851
-3692
3767
-2925
-3113
-2433
-8013
-9597
8049
5763
1777
-1963
-1051
8605
8697
-4741
8047
-2883
2110
-6578
7813
-2029
-3877
-3282
-7022
4411
-5855
-2879
961
1164
-8851
-5965
6304
-3292
4475
-1280
-1696
-5803
-5250
-1269
8060
3556
4770
-4668
-5536
2154
-9176
4445
-3643
9940
-8275
-3093
5955
6398
-9157
3404
4409
-7149
5551
-4379
3427
-293
7405
-118
6589
9043
-5738
-5422
-6655
-5366
5380
-31
-7310
2676
-6958
-1430
1510
3857
6349
9177
-2499
1437
4216
5299
-2108
1000
-3544
2221
5977
-8506
3341
872
-7806
-5761
-6718
197
7578
-5375
3648
-2121
-9641
-2280
-1900
-767
-1143
7403
-518
1298
-773
7233
9329
1679
-3096
-6556
-9815
6543
833
3543
-4766
8780
5703
-9169
5147
-6567
-7084
2032
6221
3241
-6994
4648
6080
5344
-6835
-9028
8194
-290
3260
-3801
8755
-6839
-7262
8207
-1024
-8840
4294
-6562
-2351
-9485
-8881
2663
-3581
-5451
-8767
4265
6607
793
6184
-2521
7731
9796
-7027
-4464
5417
-8866
-5020
8659
5357
-8191
1885
-3906
8543
-7796
3288
-4916
21
4279
6647
8758
-2435
2870
-8291
2589
814
9388
8459
-7274
-9125
1900
-1370
-7742
-3215
731
-361
-7879
-949
-3115
-2936
2830
1136
-2738
-2744
8281
2772
3615
8407
-1425
-8737
-3304
-6811
1020
6873
8103
3257
-6732
-34
2961
-3099
-5221
7462
-5576
-5369
5492
1949
-3452
-3664
-9046
8468
7642
2804
842
-2756
9170
-6922
-5226
-1507
1751
-5824
-6561
-7956
1504
-7097
-4271
-1476
1447
-6570
5012
5874
-3885
-5949
7797
-7285
7843
2147
4964
-9654
-5220
-8297
-2722
9394
-1363
-5492
-1966
-9785
-7452
-2510
6757
9853
8053
-3834
6186
4089
-2488
521
4692
-6487
-5774
-3651
-3258
-7990
-2780
-2033
-5000
9380
-3161
-442
-212
-5349
861
3784
-1404
-6603
-218
-8045
4874
693
9988
-3161
8027
-6428
-9621
-299
-555
2299
-554
4715
-1138
-9734
-4069
5059
-9077
1763
7974
3003
4051
7575
17
-249
-7656
8816
-2603
-1892
-7105
-6218
221
-9459
3687
-344
7617
-5306
4731
3894
-1417
-1488
-693
3634
5962
7332
-646
-5402
4718
-2692
-2047
9780
-2178
361
3767
905
-9787
4739
-5553
-2642
2775
-8047
-4641
4655
-8433
3321
7515
-2456
2186
5842
-6337
-6620
6946
3104
-3227
1603
2782
-9982
252
3453
-7177
2000
-2733
-9852
-6738
-3563
8312
-7386
6256
1092
-6684
8002
-8597
-1991
-1534
-2279
-3410
6907
6712
-755
712
-3603
3721
6716
4216
-2544
-2795
-4446
2881
4485
-7087
-2757
9989
-3210
-5441
-1648
-326
-5463
6522
9368
5245
-5861
6341
128
3004
3909
-2324
5852
2011
2044
2900
3765
-3054
3584
-5223
9328
553
2786
3704
-1470
-5725
1398
-8265
-3330
-9486
5527
-9440
-3462
2593
1717
952
-3727
-6895
9267
-9050
-162
-4109
-3933
-2028
5039
396
-2153
-9885
-3617
2903
9453
1164
-4177
-3217
6444
-8224
2699
8977
2662
-6411
-4180
2002
-7053
-986
-9331
9245
2761
-5785
7431
-5278
-2716
1003
52
7146
-5721
-2027
-4995
-3041
-9170
6339
-8359
-1001
-4698
-1826
9327
-6834
6617
5362
5067
8721
1610
-2067
5648
-6220
5863
346
5711
-9852
-948
8610
9925
-9812
-185
7541
8811
59
-6539
6894
4348
6247
2576
-3666
2200
-3063
-9213
8162
-5733
3209
2169
5773
-312
2211
-703
-3219
-2152
690
486
8272
7699
6223
-6190
-3210
-6177
-1694
2229
4513
-9194
6643
-1917
-7897
3045
6294
-993
2957
6435
1320
-9754
-6688
6790
-7579
7294
-1941
7512
4036
3554
2111
-1240
-5410
6989
-1531
-9444
-955
-3731
-8518
915
8214
1457
4851
-5821
5768
-8682
-7997
-6720
-7275
9389
-4302
9796
280
1192
9099
-4155
4448
-7871
4069
7095
-3373
-2642
3905
-6391
-370
4171
9842
5258
-4974
9205
-5939
9093
-6142
2818
7786
4385
3714
9732
-2291
-7226
-8300
-6088
6512
3390
-8490
8639
-4229
1875
-1655
-9750
-4468
-6519
-4105
2547
9147
8144
8763
-5205
8171
-1953
1855
-8160
-6638
-2742
-9465
-8727
3999
-4838
1474
2722
-4569
-8081
5012
-2643
5689
-5422
-7586
6623
-6450
-8559
-4254
-6926
-3085
6288
-8042
-3235
3312
-9262
8320
-4954
17
-7415
1879
-7350
-3913
3091
-7924
-8988
7461
2893
7740
9713
3297
4841
-9111
3038
1491
-2603
8630
3125
2212
3386
-6336
6455
2058
8147
-2320
603
-1548
6825
-3234
-2797
-3194
-2828
6669
9887
4981
7387
5715
-173
-4187
1210
-7280
6731
2819
-9486
107
-4705
6935
-9964
-8000
9404
-2700
-2863
301
4820
-5901
9120
-2666
8880
-9277
2586
-8361
-1308
-2193
-1660
-2892
-9345
-620
5079
-8569
-494
5597
1568
-5810
9626
-1065
6061
618
4611
-8892
6694
2791
6115
-6992
7718
9469
3102
733
-1485
-7640
-7421
6801
7888
-2783
-3597
9990
6762
-46
9165
473
7971
-8544
-9202
2406
-9118
-7944
4560
4157
-5169
9867
188
-4962
-8407
2843
-1262
-2961
976
-9534
-4108
-1830
-3569
9022
2206
-9180
-2194
-2797
-1065
1837
-1196
-2547
-5181
-7305
-5867
9212
-6855
9135
-1272
-4177
-5843
-7430
-2572
-2458
-5864
-3906
2804
-2096
9676
-6039
-2370
-3545
6357
-2243
-8227
7659
-7318
1820
9931
6565
1309
813
5372
-9950
-2253
9992
-549
8490
-9782
9800
3304
-2126
9221
9769
2050
-1349
7172
-2424
-7041
-2005
-8189
8071
7299
4297
-4321
7365
-9909
9859
2932
-1434
-5220
-7495
9291
-325
-998
-3201
8415
-3539
5338
3700
4566
1587
-1321
4412
-1792
5962
2886
7909
3329
-6706
8320
6781
-5097
4407
-8123
739
1599
-5211
-6134
8543
-520
6694
9056
5785
-2756
3675
-8810
-1785
2871
1038
-1998
4479
9219
2202
-9214
-6735
7997
6393
4802
-3900
-1935
532
-3926
-9219
3638
-5607
710
7889
-2432
2621
-1073
-5266
395
-8102
6845
5800
4317
9138
2422
3933
6802
8204
-921
-9956
-3973
6348
-1746
7686
-4042
1744
5707
-222
1987
2907
-7426
1874
-6069
8436
-9238
-9131
-3962
-2007
9576
7331
9043
5294
8436
-5726
-1075
-763
-3758
-2311
9614
-8875
3014
-4698
-8834
4566
6636
7177
-6762
-6531
-4232
1965
-6445
9077
-5335
2955
-2271
3683
5824
-1129
4075
-1885
-4267
-4174
6945
1885
358
2513
-8847
-1482
194
2485
9435
8925
6331
3529
-6572
-8639
2514
-2797
-9454
-4315
-7400
-3496
5864
4386
-8726
-2153
-3679
-9411
8299
1911
8432
2188
-2047
-82
-5829
-2603
-9754
-3082
8703
8272
7596
6171
-417
9539
-8509
9801
3472
5606
1697
1496
68
9313
5358
-8392
1884
-4263
-1917
8109
5902
-6920
1506
4160
-8581
4568
-778
3496
-2253
8304
-6146
9476
-4822
9619
-6789
2281
8003
7236
4970
3634
8802
-7453
8250
-4554
-8356
-9087
2380
8916
2595
-8149
-484
3947
-5460
-9481
655
9724
-5001
-23
-5768
5009
9771
6968
-7658
1959
-1191
-1772
4380
-8653
-2364
6594
-4333
3374
6738
-5069
-4551
-6660
2797
8829
6201
8203
-6437
1094
4716
-7518
-4162
-6704
-6100
5051
-7212
-5903
8915
-3623
224
-5957
-9209
-7662
7181
-2872
1268
3936
-2968
-5467
-6099
-6463
-5076
-4800
9070
6578
-9059
-5008
8177
-8760
6185
-2305
-9852
-7536
753
-4912
6241
4791
8550
-1636
-4120
2068
5802
-3030
-8463
8196
-3569
1457
-6274
1508
8684
1712
-5008
395
9839
8445
920
6641
7094
8270
-8821
6485
8795
6680
-1046
569
-4686
7175
9226
9818
5756
9693
-9405
-479
-1227
-9744
-2526
-1427
-2770
1385
6810
3279
923
-7887
-4043
3595
7688
1436
8994
9798
-2804
-5160
46
453
-8762
1972
465
1835
3905
3261
3814
-2686
-6335
-129
5557
-7823
-7743
6302
4292
7999
-7587
-9695
8211
2920
-8830
-7253
3244
1947
3116
-5543
-9561
-5624
-873
-6104
6530
8596
8527
-837
-4305
5535
395
3448
-188
1383
-7863
5197
-1265
1443
3308
7126
799
-8546
9384
-291
1267
-8157
6672
-9457
-6080
9623
6990
-1526
3183
4153
-4884
-3339
3807
-3311
6441
-6395
-8601
-8117
-1044
-5736
945
7844
-2481
4468
-8233
7518
-867
8990
9084
-9522
-5675
-2501
3447
9651
-7124
-2039
-8161
-9305
-8258
8704
-7215
-2712
-3206
9261
-7549
-6893
6218
1205
-2799
1752
1147
-1446
-6475
-6059
2814
4609
-4223
2443
1194
-8391
-4940
-8227
-3242
5648
912
-5709
9114
301
-3013
-1955
-6627
-2861
-7106
-1605
3747
-7444
-4049
8679
7757
-951
-6264
-9142
7161
-670
3860
-5100
-5199
6754
7649
-7170
8384
2489
4174
-4581
7730
9319
-6228
-758
1196
9297
-4634
-294
-2171
1086
6224
4716
-5400
8537
-3127
-4733
-1735
-3145
4271
-1375
-8371
-547
9309
-1057
-7190
166
7320
9864
-2530
3675
6877
3971
-3020
-1734
-7002
-3833
6414
-8845
-8331
4906
-5316
8613
1135
5551
-1089
9662
2893
8511
-9998
-6614
4482
-3216
-5616
-7905
-1123
-8565
-4557
-9729
6799
-9426
317
-582
7898
-7829
-9207
-9158
-6088
4983
-5187
3138
-2645
8501
-6476
4226
5393
-2566
3733
7745
7256
-4438
-6267
5393
4873
6016
-891
-563
5542
640
8212
7852
1141
2726
7350
8217
1014
-9679
-6637
1039
-374
-5656
3122
6498
-5790
1914
-6036
-3777
-9318
-3121
9652
6853
-4935
-2211
-8679
4469
-4199
6526
6609
-641
2990
5738
2097
3274
9562
992
7468
-4828
5442
-3143
4387
7180
-7363
9362
3762
3999
1486
-4309
-2918
-3099
-8845
-837
2543
4334
7890
9483
-2927
4995
5827
4663
6797
-3877
1737
-7266
1812
-8141
-9981
-6524
-6806
464
212
-3819
6291
715
-2949
3541
4510
7117
-2559
-7647
-8698
4771
-3556
-7304
7074
-4812
8130
-3523
6239
-1959
-256
1469
2277
-5606
3470
5645
295
-556
7901
-6491
6025
-2526
-4704
4412
-8427
1679
2799
3957
9130
3738
9314
205
-4433
4994
5984
3759
-4733
1151
-7483
-5763
-5923
4888
-5099
-5389
4130
-8173
2870
-2553
4569
4430
-852
-2123
-353
1634
7646
-8178
-8139
4306
3720
2114
-6368
-8643
-9746
-9478
1970
-7213
-1111
-7439
-7091
3389
37
2540
-4143
7532
-2223
-471
-9184
2891
3719
-3218
1442
-1522
-2366
3895
509
8112
685
1914
4064
1580
5098
-2464
3445
-8954
4528
-1842
-7700
-627
2754
8385
-6251
-2963
2136
-2045
5490
901
-5864
-8972
-8056
4323
-7059
425
-36
-3091
1979
1312
1575
-148
-2422
1807
-1153
3459
-5394
-5913
6042
-4785
8935
9900
-8217
2401
-4925
-1158
2992
-3412
-4961
-346
-4213
-8596
-6250
-8273
7682
-5727
8394
6979
-862
-3453
-109
2288
-3556
-8065
621
-5591
-6376
-4157
-2002
2017
7161
9509
-5838
9278
6109
-1070
3759
3676
5456
-5449
-209
-5393
-2841
5251
-9694
3325
4310
1503
-9644
6047
972
-2021
5740
9786
2834
9680
1671
4404
5351
-7488
-5769
6253
-7737
3269
-6833
-8992
9453
-5687
-8395
9615
-5364
-5911
6871
-131
-4803
-485
-4124
6567
-621
-5970
3691
-1765
5475
9651
-2812
-7088
79
-9862
-3541
604
7132
-6021
2567
4451
2291
-9557
8016
-8700
8610
-9701
-6714
1986
6722
3511
-7310
-6347
-3192
9958
-6425
-5988
-5268
-388
6519
-4926
2297
7830
-3984
1717
1866
-588
2118
-6178
7824
-8733
1189
-7992
-6144
116
6087
7118
-8969
-179
-2258
-9917
-3819
-627
-7236
3304
5733
1554
5148
-5326
4170
-1553
-6594
-5734
-3393
1362
-3387
-9440
1493
6430
9734
-5700
-3122
-191
-1028
6073
-1502
672
-4218
-4435
1321
-926
5761
2800
1559
4136
-748
-531
2545
-1753
-6069
-4657
-5165
-2697
8605
-3370
958
8108
7638
-9414
9004
8367
-7112
1033
5576
1401
995
-3971
-6089
-8260
246
5324
-9186
-3760
-2251
9650
5228
-7078
7998
-6312
-9528
6023
5615
-132
-8810
-6749
-5877
-5893
-1381
5625
8554
9663
-8787
-5027
-7615
-597
6252
9053
3014
1100
-1313
4898
6390
-8131
-4219
9949
4877
1731
-3098
-5241
3663
-9108
-1965
3576
-5432
191
9723
-818
5723
-3190
5980
7101
2342
9685
2143
2231
-8518
1435
-7857
619
3511
-1262
8239
4546
9673
6487
9220
1286
-139
10
729
-3530
6995
115
3568
-1728
8924
1555
-9956
5047
-636
6072
-6646
-9328
5854
2221
-7776
4495
-5914
-8413
886
5256
-6928
5621
8159
412
6414
-892
5756
-6369
5250
-7114
6288
-4348
-9879
2502
4965
-1954
-1745
3255
7029
5809
4427
5939
-7027
96
-6330
7630
8546
-795
7133
-8291
2570
-1892
3751
914
9884
-4628
5971
1193
-5930
-390
4557
3824
9791
7052
-3408
2315
-1087
1437
-9646
9824
-3666
5973
4136
-1737
8129
-1526
-9144
9919
-9891
-8063
-6874
7078
4927
25
8199
-6980
8079
9044
3672
-7385
-6877
-9583
4009
-4010
8244
-8177
623
4196
9550
8888
-2842
1794
-7875
-2402
8813
-6607
-584
-1334
6062
-5403
-1847
3512
7382
-1500
-8905
-2340
8972
-3232
4321
-805
7267
-8756
6211
1937
-7238
-7096
-9914
3596
571
5946
-5013
6647
8898
-3953
-2635
9909
-6528
2083
8640
3391
3727
3085
-2752
1161
1148
6676
5840
-8215
-1357
-9249
80
-5027
5802
-6613
6211
-910
8497
4597
-5936
-7281
1786
1880
1913
2947
2781
-9248
29
8724
887
2756
3837
2439
-24
-2434
3074
8827
9720
-853
2735
1860
3787
-5153
5356
5028
-4294
3201
5874
8013
-8759
1394
6267
-6687
-8332
-5667
-3258
2789
-1623
5170
817
-3072
2137
-6186
-3494
8697
-5691
8727
5572
4581
-1779
7692
-6182
9575
255
4456
-1715
-1933
6914
2406
8876
3264
-9358
7351
-9032
9001
-6166
-6385
-7461
-4495
-1382
-7148
7488
-1226
2198
1920
1511
-306
-910
-9082
5687
-6639
9615
-3606
-6960
-7311
-7977
-6494
2444
-5604
-9560
-9948
6554
1832
-8742
-5954
-3097
3608
-7054
7997
-8069
-5227
-2713
3377
1194
-3224
-4127
-4452
-7626
232
-5068
-9304
4892
6354
-8812
-8997
-1737
705
-5256
338
6908
8826
-7682
-8162
-3525
6880
-3642
1980
2974
-7920
4616
-5130
8741
9346
-1600
4026
6023
3234
560
-185
3750
-4399
-883
9771
-6835
-2480
-4307
-7076
5455
-460
191
6712
-8980
9725
4840
-2490
2710
-9566
5896
4567
-8519
9609
-9303
-5678
-9831
-529
-2928
-9073
-1447
-1045
-5860
-9673
-2647
-7451
3979
-9131
-8317
-9142
-1481
-556
306
-2486
6516
2161
2458
-2406
-9262
9701
-9990
-6779
-795
3813
-5501
-811
6281
-1387
9911
3522
8017
8050
-5214
4141
-5385
-2320
712
4984
5473
9231
-9542
-6928
118
-6748
4593
-3131
4518
-1945
2179
3654
1558
8988
7214
4179
-5088
555
1856
-8700
-4906
-9486
-9590
-8582
6988
-2250
-3785
4333
3793
5708
-1419
-2278
-3126
696
-3799
7324
-1388
2214
-4033
-6215
-2709
-9571
-503
1861
-2085
9452
-294
7950
2599
-8840
-8297
-622
2277
-3648
4912
-7910
5665
3922
4935
7283
3697
5071
8046
-2354
-4375
4356
2857
-4715
-8031
-9084
4149
-838
5382
2306
1697
-5711
8725
7111
-8718
-9041
-1444
8194
8826
-5142
-3305
6825
-5604
-1181
2056
6830
3067
-4406
-9201
-7895
4520
-3199
5775
-973
5427
-6310
-2210
-6329
-9867
-4116
180
6633
3677
6990
-6328
-2233
6739
-3903
2593
-4669
9834
4099
-8176
-3167
-8400
5214
3874
8191
-1982
-4788
-3754
5108
-3197
8952
-1671
-1338
7830
-3001
-1816
-6764
9003
-7295
8839
-6907
6943
-2470
-115
9497
-210
-1693
-1888
-3442
-2074
3374
-3900
-9448
-4894
-2219
5963
-8770
4446
7550
668
4425
6061
-3063
-8378
6353
-4574
-8755
-8265
-4746
8918
-9187
-6016
8124
2393
4374
5631
-2348
676
9040
-4518
-3836
5990
-6834
-1504
1036
-3840
-9799
923
-6099
-2628
-6578
-8994
9643
4860
5595
7573
-4008
7269
6055
-1880
4749
-9189
-5488
-7196
-7083
-4237
2849
-6438
6395
4632
9169
3054
9852
-5872
3813
614
9756
2652
-7921
-2781
-9006
2426
-1506
-9301
-4779
696
1394
-9657
-5569
-5258
806
-1542
7158
6779
9465
-3795
4529
891
-2504
5539
-6584
6959
1530
-5178
4555
-2933
-5315
1830
-8132
5224
2242
-9255
3420
6993
7718
-9877
9742
4602
-7001
-2835
2796
-3758
1797
-138
-1567
3026
-8841
3454
3445
8014
-5191
-8582
8273
-3375
-2634
7531
3649
-892
-3684
-3487
885
7219
8046
-1787
-5323
-7068
-8820
3932
-6781
7612
8748
-8404
5459
-2429
2394
215
4810
-8879
2308
8872
-8072
4773
-2398
9249
5764
-9503
1090
-7983
-2830
5800
-9976
6180
-1575
8169
-3472
204
2369
-1982
5856
-5755
357
-2121
3873
6423
-9890
-7904
3039
6023
725
6818
4151
-9363
6237
-6378
5347
-7228
8319
-8194
8060
-1691
-8162
-809
-2855
9982
466
4540
5912
5836
4026
5972
5031
5756
-6080
8382
-630
-4325
-1972
-3462
6709
-4081
2973
3652
-9226
5111
-7168
-3525
-7633
-6302
2991
-3154
-8713
4550
-6200
-2057
-7201
8330
4939
1059
6891
-5540
-4780
-6976
9559
-3129
4653
4883
1564
-2514
5139
9395
-8083
5634
-9504
4357
3926
-8975
1425
3070
6383
-4182
6133
474
-5179
2389
420
-3261
1199
7494
-3060
-1431
-719
3020
-6433
1222
4428
5283
-8759
-2045
-6008
9902
-3257
4946
-602
8664
6790
6471
3150
4799
6827
5138
-7760
9069
3110
-918
-4324
6314
802
1970
-8822
-6675
7969
950
857
-3533
-5063
193
8625
-1
1104
-5640
-577
-4361
4742
8249
8051
7228
-8115
-2112
-3607
3930
4902
4106
3971
9602
-1880
-2670
-9210
4550
-6380
560
4376
-5742
2313
3741
9092
9617
-4443
9991
-7030
-7154
6348
4705
-5011
-2768
-6646
-7688
-4924
-8162
-5737
-7199
-9065
8878
-7778
5088
3211
-813
-3819
-6860
-1045
3891
-6744
-3436
1158
2188
-4582
-3716
1264
-9931
7343
1929
3659
6644
6179
4676
-9969
-1774
-4978
3563
1924
6040
7860
-1003
-1309
6723
1945
-4176
9358
2261
-7595
8780
-4840
5347
6866
44
-1246
-6324
8813
2836
1461
-1998
-504
-7541
-7555
-9695
-3894
-358
6680
-3723
5746
8422
-7826
-8252
8579
6109
-3810
8467
2835
-7436
6584
1590
-1968
9621
-4699
-5663
-9573
-7819
1617
-3418
-3681
8467
-2930
2534
-198
3308
3145
2025
-4657
797
4304
-3531
-3819
-7108
-6992
-8081
833
9183
3905
7393
-5307
757
7570
7617
-1728
-8458
5790
1985
670
3974
-9172
-5586
1254
-5608
-1590
-5562
9471
-8952
6393
-2197
-4139
3020
2655
6166
-8073
9143
5361
-106
1251
-9856
-5289
-8350
-5835
9899
5027
7311
8559
7344
552
-4320
9757
-2569
-9820
7013
-2733
3674
-9378
2341
6130
3068
1909
3120
5065
8695
-5520
-4795
-3914
-8577
-5768
8724
-1727
8177
7622
845
-3388
-9639
-5652
1676
2649
-8550
4676
9779
-1903
-2261
3162
-6222
-2481
-8217
-7082
4927
9240
6793
-9008
-154
9069
-938
6630
-807
9264
-5112
2591
-9375
2499
3835
-5118
-1109
-7648
-7234
1001
-2799
5208
3915
573
-9550
1108
-1238
3253
-189
-5918
8330
4456
-7751
-202
-8056
-5668
2860
-7423
-2896
6340
-9374
6740
-5213
-3659
9914
592
-8618
-2328
6795
-1594
8992
6615
-557
-7233
2315
-9890
-5755
5709
6897
-7243
7973
-1545
7964
-7546
-5551
9755
2151
-3201
-7132
-2836
-8511
4529
9508
6176
3178
6453
-6984
1575
-4152
815
2240
7790
246
-3003
-9675
-2865
-5882
-9307
-9451
-2666
5134
6602
3032
2531
-4791
9928
4226
4839
-8393
8227
-8685
5801
-3635
7451
4805
8208
-2923
99
-9428
4619
-3980
-4588
6241
-1612
-8417
-9739
8792
1316
-6558
-8016
-4695
-9532
-3920
8450
2569
-9788
-9849
-9252
-8085
-6421
-219
-5843
-9351
-5750
-4128
-7196
456
6318
-6940
-4329
-9748
3114
3226
1082
-6850
5736
8057
-7305
5955
-7646
7120
-5063
-8485
8308
-3705
7298
-2710
-4523
-2342
-7159
-4658
-6054
-4285
-6403
6023
8563
312
6138
4786
-998
5387
-362
-4915
4376
-9809
4163
-975
-6556
1161
8526
-2458
-7276
-3085
1307
-786
6368
-4556
-7958
1931
-4217
8628
6677
9907
1233
6620
-7826
9661
-8512
-1446
-3649
-8735
-5678
-5612
-764
-8265
-3274
-4178
7806
-9822
-5112
1535
-9181
2531
-470
-4260
-3232
-6828
-4856
-6202
-1714
-1676
-4096
5777
9303
-1592
2419
-8111
-8413
9239
2698
895
6221
-716
-236
-3095
9436
6799
8582
-375
-4369
991
1740
-1601
3832
5687
7875
741
5628
9521
4346
7406
5745
-5172
-4536
9698
-398
4413
6473
6876
-2129
-8989
-4269
8785
565
-1467
-4224
-7608
-8134
185
-3648
-6098
892
7653
2965
-6110
3036
-5820
-2635
-9601
-9386
8595
6248
8086
-829
-9408
6072
7069
9383
4133
-3524
9091
2895
-8707
-7938
6281
7821
-5298
9568
9848
7797
4150
-9462
-9489
-427
-1475
-787
-9970
1319
-4624
-4787
5784
-289
-492
689
-2586
6770
-6124
2210
-3657
-2468
8612
2384
-3640
143
9345
7362
-9596
-2954
5191
3132
4677
-8464
-8518
7410
7380
3506
2805
-6519
6988
-7377
-4481
5218
-6939
4362
-4907
-5659
4012
-4994
-2689
-3924
9874
2586
4535
-295
4934
-4182
-2032
-6592
-6995
9653
6840
-1699
-3361
-6943
6893
-6224
-971
4349
-2872
-94
8592
6970
8228
8619
-6258
728
-1027
8218
-5484
4303
7666
-4485
-913
-157
7653
8266
-3
-5098
4326
-2259
8150
-3115
-7252
6012
5282
-4941
7042
9447
-3077
-9746
-3347
8704
366
-7474
-5659
2572
3509
7774
187
50
-4744
-5483
-9693
2908
-3585
-2534
7196
-356
3635
-2999
7662
-2767
-9914
-552
-9490
8349
-4327
-160
547
-9020
-3239
-141
-5846
2627
-270
-1878
578
-3915
9827
-6282
4549
9495
-5653
-9963
8562
7678
-906
