-136
367
5939
-7799
-5357
3898
9412
-9772
2423
2747
-3952
8821
380
-4895
1493
-9483
3872
9736
9330
928
4576
9812
8709
-2571
5829
9809
-7732
9526
-1366
4016
-2988
4826
-1818
-9054
7664
3130
-378
8097
-1126
-7460
3030
-1488
-1761
-3348
-378
3026
-6875
-2243
-5054
2745
-3957
3423
150
-5095
2435
9876
1824
-2670
-3437
707
-8879
-2610
5542
4022
1495
-5204
3960
165
-724
-9532
2354
-4430
9429
-1979
6611
-8299
3308
2002
-714
-9601
-1166
-6502
-3568
1672
8513
3469
-6707
-6929
2427
-1755
842
-5147
-5639
7339
5141
6829
8232
1896
-5176
-2857
-8463
-6260
-8747
-464
1921
-7403
2694
5010
-2428
-728
-7881
-4518
-8086
-1731
3011
8637
-4752
-8396
8777
-1701
-5345
-3548
-610
-336
-1115
-6426
3746
6671
-1021
-2721
-1441
-1591
8891
219
6943
-7319
-7419
3550
9934
1963
-7725
-8879
8079
5262
-9529
6236
-7547
3694
-660
-3729
-6030
-4346
-4093
7711
4233
6974
-9837
-5617
-6582
-4553
7063
-9039
4628
4821
8002
361
4212
-8009
2886
-3043
5379
9624
-9408
1398
-5143
5360
-8828
294
-3360
8190
-9893
-6229
2840
-2274
-8496
-403
9966
-2439
-8056
-2904
6592
8007
9786
-4487
6049
2765
5781
-6706
-946
-6940
9901
6329
-773
6120
3886
-1526
-5991
-5392
6501
6491
-2103
-6519
-7568
7384
-2349
-9134
-5605
3380
-1669
6457
-6608
-4798
8247
22
-7423
1502
-945
8773
-9043
-6689
8316
1069
7970
4560
-6762
6542
-3440
-7475
-8458
5353
-842
8067
-5464
759
-8098
-3879
-7003
-3355
5299
5449
-4236
-3733
4612
6854
-3031
-6527
780
2250
9723
5635
3449
910
-712
-3292
-1453
-1106
-4950
9343
4746
-4439
2226
-2994
-1279
9013
4067
6058
-197
5265
5268
-5501
-6223
-3031
-4960
-5305
3742
7008
1050
-7737
8008
-3585
4330
-4043
-5911
9335
-580
6277
5006
4307
-2795
5724
5054
1188
4629
-5483
-3829
3907
-8182
8355
2046
-5236
-950
-8888
-3462
1272
8739
-6019
6952
2543
-8253
-4511
-8973
4920
1705
7241
-9062
-2828
694
5773
-1193
-6759
4841
-6322
4178
7286
2822
8543
-814
6977
-6634
-1205
-5417
-3758
-2503
-1152
-1149
-5685
3172
-6211
9144
1812
-5060
3864
-1974
-9276
-9231
-3165
2878
-9038
-5171
3360
2496
6215
-8980
-5730
-7223
-9625
-92
621
-1930
-7863
5962
-6431
3960
-7544
1428
6671
-8741
4478
6562
6120
2090
5797
-8673
873
-6524
-9631
-6239
-1577
-4990
-6028
8937
-7278
-9817
-7155
-3372
2328
-3621
2570
3970
9741
7513
-3528
7510
-5832
6076
1253
1518
9933
8754
200
-6492
9033
-9800
847
524
-6906
-3881
-5493
-4197
3687
758
-9850
-6290
-1471
7172
5484
-2355
-2464
-2438
-5078
-8891
6358
-7715
7443
-5900
5712
7663
9571
-4547
-5427
-1827
8037
1135
3597
-3800
7433
2994
1487
-6618
2208
-9675
-2571
1195
-7146
363
-9789
-9382
-983
-5621
654
3118
-178
281
-5591
6032
8465
-5243
8983
-5649
7550
9607
-4021
-6628
6973
2746
3345
5043
-8426
-4077
-7316
45
9928
-770
3952
3056
2309
4227
-1200
2596
2541
7946
6210
360
9169
-8534
4136
-9018
-5879
7503
5843
-8571
959
-2390
-839
5447
-1727
-236
-2126
7240
2605
2060
6235
1108
2783
-4850
5915
-9430
-4874
6425
9115
-2859
2793
3695
-7860
-5536
-2608
-1944
-5951
-9669
-4781
-8516
-8631
-5997
-7877
308
6974
-3612
7889
-9915
-9394
-6255
6409
-3017
5247
-6819
503
4018
2168
1023
148
-9955
442
8696
7915
336
-1457
-1485
3819
-9132
-6077
-9632
5747
-991
7800
5327
5238
-800
-160
2257
4431
-6232
-2814
-3837
3792
111
-6862
3812
7994
-3871
138
8487
6185
6256
9634
8443
7684
2911
-2419
5969
8682
-3116
-2834
-43
-6392
9720
-9561
-5388
4293
1097
-5918
-5294
3679
-8404
2251
-3256
2422
8235
5328
-8860
5080
5270
2271
-2524
6706
8986
-2023
-5201
-4563
-4136
7507
9600
-5897
5128
6344
-9563
-653
3360
-8012
-6954
2118
-3145
18
-9262
9136
8771
-5734
-1673
391
2657
1327
3450
7948
-8795
6043
-2055
-4888
-6325
9574
4882
-3713
5983
-6311
9461
3773
4837
7584
950
9727
8077
-4852
5063
-7596
-5147
7258
-4290
-3953
-4664
9033
-8774
2758
-8550
7256
-933
7424
7676
-2541
5453
-5669
-4877
-9114
3734
5739
-8593
1747
1119
-2153
6223
3189
-9782
7779
9529
6427
270
-2436
2379
-4017
6742
9510
4144
-9874
-7061
5143
-5820
-9316
-4113
7840
-5114
6157
9913
-8094
-148
7149
7238
9556
2043
4648
9122
-6168
6733
-8401
2154
-3795
-5098
3374
9870
-4915
-8611
8073
7706
-2152
19
4652
3054
-818
9803
4142
9032
-711
-5472
8008
-4019
2196
-5101
8262
-6599
-1023
-793
-428
7811
-2465
7344
-9710
3427
-1413
-1380
-9173
775
-4014
-4967
6539
-8410
-4454
1708
-1757
-9866
-5980
-6458
7080
5956
4355
-2550
1541
3468
1569
-7143
7343
-8982
1613
8125
5492
-3908
4952
-6681
-7695
-9741
8199
-8673
7286
4322
-3868
-5174
-9831
-4285
-8014
8935
-6466
1004
-8897
-4389
-6049
-4673
-5536
-1802
8993
-1283
-288
3303
3597
-7831
7356
-8158
-5791
-194
3095
7390
1869
4190
7860
8883
-1595
-560
-8965
-4287
8459
-2584
-9664
-1725
2511
-4766
6686
5646
-7835
-8805
1000
6410
2811
-9994
-9886
-9744
-3033
1113
3744
174
-4169
-5178
5206
-3021
59
-9673
1313
9749
4857
-4971
4596
6972
-2076
5150
-1612
-2015
9206
7833
-5818
8007
-2405
-8734
422
3910
-6555
3664
-9224
-9468
-8612
3200
-9679
-1969
9522
-9241
-4070
-6664
9879
2893
-3968
3247
-3104
-43
-3594
4768
-896
-3519
5816
-9793
4108
9248
7524
-8880
-5490
-7725
5858
3187
7164
8352
-31
7389
9060
-1701
3419
-4592
1621
-7317
3993
-8924
-5532
3882
5325
-6021
-6734
532
2631
-9538
-2572
-8850
-4513
-2295
-8088
780
-7361
-6959
-2779
9424
-540
-7788
5099
-635
1847
2255
-8376
-5935
-2601
-5624
-727
-8541
-4899
2093
8645
3913
-44
-9674
5410
-4415
1525
4770
4967
9198
-1835
-6048
2623
-6224
4308
95
-4428
-8221
9263
4189
1418
-8170
3859
-7857
9346
2486
9765
7182
-7903
-2324
-2599
1630
4618
9296
5762
4959
5500
8930
-4698
-9526
3184
595
-4700
-4830
-967
-5898
-6470
8552
3995
8748
9042
8640
424
-3231
-9814
4995
6090
5674
493
-5327
-9505
8314
-7376
-5689
8957
7584
572
-3548
-9805
-2026
-5813
8245
-1759
5285
-2251
7263
-6985
-2390
1600
-2859
5975
726
-6276
-1744
-216
3685
-2708
4926
-5794
1536
-3284
5652
8849
3150
-144
2754
9238
2695
-4205
487
-9835
2740
6311
-930
8465
1015
-3708
7024
-9022
3873
7214
-1250
-7203
5996
3194
-6187
69
1364
-9470
-4930
5691
-2415
1830
1356
-5526
7356
686
8445
-4266
-7284
846
5045
-3347
7096
-4723
-8608
1894
-2236
4154
-4254
-5421
-4413
-3355
6405
5910
-8528
-5530
7803
-181
2762
3290
4254
-2558
-9425
2600
3939
-7552
3852
-7220
-1092
214
6200
953
4648
590
-6586
-6809
5073
-5474
-1576
-113
-4565
-2493
555
8004
3676
-2746
7710
-4311
4348
-7572
-1805
-6577
-2703
448
1204
3718
6065
-4794
2275
-4900
-5541
7949
-7607
2796
5270
4062
-3696
918
-6933
1161
1296
5953
3578
4467
-3039
-9435
-364
6003
-6802
-351
8772
6716
1913
-545
-6636
3283
263
-5669
673
-2289
-9558
-9742
-980
-1161
-7284
5077
-7014
-2171
-7708
4320
197
-8641
-8297
7066
8134
-1023
3912
-4432
-6554
-3033
-5114
4816
-4080
-1290
1816
-7513
7312
3865
-6561
1410
1013
-919
4096
811
-4400
9930
-2648
-130
1383
8539
2494
-5360
2188
-8502
-2688
4758
-1346
3200
7482
-3821
521
2236
-2393
-8221
3732
-8487
4105
3799
-3393
-5849
7270
-8077
2349
8664
-6739
4277
-4515
-4196
-4198
8000
-7141
2027
-5874
7965
-437
2714
-1549
1942
-5519
9092
-9575
7987
-9468
-7172
-3075
-6536
2791
-364
4141
-4475
1951
-6132
1087
6885
-4461
-8436
-9296
4457
1140
-1912
-2254
7476
-4046
9880
-8992
2716
7299
-6770
-5029
-2159
-7228
-7989
6356
8940
3088
7372
-6583
-1569
-305
7391
-2852
-8128
-1759
6438
-603
-2525
6428
1430
-9287
9422
-1296
325
5117
-20
1343
-4246
-8475
-7770
-8410
-4560
2179
9160
7615
2020
-4299
8945
8719
3371
-2680
3528
2386
-1159
-6299
300
4918
4982
-332
9473
-3028
-8041
9480
4219
104
-9490
8346
9052
9683
3989
-8686
3777
6828
7829
8305
-9830
1983
5201
-7299
-4589
8496
6711
-9068
6424
-2465
-1304
8524
-6957
-4056
-2462
-1800
2667
-2096
3362
-3009
621
7905
7931
7649
7042
4456
-2957
4694
-9091
-5942
-2300
1873
6399
-9403
-3169
4372
6253
-7053
-9671
7135
-4000
1316
2320
7835
7531
-5937
-4525
4091
-2165
793
1371
-8722
-1031
-6951
-3288
5055
-6387
1996
5976
-7638
-3467
-6803
-481
-3834
-3779
-8065
-9728
8505
8780
-3527
-1533
-4841
-6525
6033
5788
1410
4710
8314
-7311
-4806
-9533
-5161
-4154
7209
9916
6741
-9921
-6676
-3254
-2592
4955
-956
-3274
-4651
-6589
7130
-4343
3308
5508
9388
3880
8001
173
-6721
-3125
-7960
9206
-2691
-2416
-3451
6582
921
-7235
9285
-9778
-1555
-6541
-1342
-8192
-1063
1830
-4946
-782
6393
-7923
170
3554
-3465
-1981
5671
3389
-332
-9732
-7248
1991
1175
1732
2834
5587
-9104
-512
9882
-9587
-9898
-8164
-1945
-5657
-475
-5132
4364
8783
6473
5382
-540
-6658
3018
-7493
-7347
-5476
-9907
4904
3328
1933
-1413
3093
-1459
-2697
5548
-6235
9813
1978
-4603
6361
-3430
-9223
-9289
6175
7609
1730
4093
3259
-2323
-4061
1673
3951
4180
-2605
2530
6206
5115
2678
5389
1288
-3477
5817
-377
2502
-5372
-2973
9609
633
1412
-5016
4849
-9058
-1502
-4974
-7624
-4284
-7397
-5752
7108
-4223
-4362
-9293
200
-3617
-4947
-7794
-2606
5203
-297
-8858
8667
1766
-7570
-824
-1867
1039
4566
-9814
-8363
-331
-5658
6872
-4721
-141
1990
2250
-9010
9593
-5112
7827
8219
-1352
617
4714
-8174
8204
-8479
-8727
1602
9461
-8003
-8177
-6527
-809
1487
-2109
4400
7415
-6507
-4441
3922
2222
5811
2622
-1383
744
-227
-351
5169
5655
3085
7720
9210
2329
6535
97
3649
3771
163
-7914
-3682
-1893
5681
-6838
9295
5518
5366
5683
5499
2321
-4484
168
417
4505
1124
7209
5755
8751
-1489
-8561
-871
6576
1899
-2033
-3776
-2411
3623
-9005
-8353
-5762
-9792
-5774
383
880
-9913
-128
-2392
6130
5172
8014
-5615
-3686
9606
9151
-970
9157
-9448
2213
-8491
-6512
-2472
-6644
7098
7281
-4138
-2004
93
2480
5484
6951
-3138
-5624
-1531
-3858
3806
-3898
7470
252
7724
4377
-1395
-1365
9410
-2158
6293
3319
-5402
9555
6040
2961
2551
2840
7188
1551
739
7700
-6973
-5820
9961
8776
9809
-1845
-8818
-476
8921
964
4942
-2027
9483
-9921
-1297
-4526
-4118
2922
5164
-5487
9702
7707
-463
-3430
-7041
-8321
-6021
-2495
-1675
-3729
9818
1320
-4849
7759
7688
7625
-303
-1281
5123
-80
-4583
9569
1761
9236
-794
4408
8786
-6553
-9970
5227
2113
-4648
7191
-1290
-1127
-5422
7381
-3461
8330
3669
511
2777
6583
-9863
-9153
-8846
-4904
1771
-9382
529
5375
3080
1976
4212
-6805
6799
-6972
-8448
-9379
-7370
3270
-3224
-3667
4582
-2896
-385
-7601
8155
-8129
3242
5384
-846
-8751
-7324
-3511
7991
475
-6850
4795
-1122
-5827
1508
-1908
9007
-2738
7691
-1403
3344
7817
44
7778
-940
-9489
-9566
-4849
-5329
2203
9516
2105
5884
-9281
1479
-9797
-2295
-9170
9814
-1093
4324
-6733
6630
-9950
4722
-8388
-145
9087
-661
-1969
6974
8335
2812
-1150
5851
-785
1602
-8801
3468
-6390
2787
3693
8373
2091
-4600
6673
6518
-3019
7893
-1404
-1150
5043
514
-6552
4269
5733
-4233
3777
-6684
7425
1622
-6507
-3854
-6498
-8858
2169
8907
-1841
9627
9690
3714
8443
4219
-7486
5228
9959
-415
-6892
6770
2655
1840
5919
3716
-8298
512
4763
1122
-4685
-3117
3006
-4149
-4989
5627
-6083
-8255
-882
461
-1681
-1800
-6871
-9578
-649
-6561
7129
2523
5814
7896
-989
-9225
5434
8138
1601
3792
-2862
-1084
9037
-9044
-5607
3646
-3201
-4465
-9898
7840
4092
-4149
4179
4820
-8218
-8891
-6756
-6213
3741
-1667
5727
3374
-6200
-8340
5623
-4172
666
-7302
760
-4060
5241
8078
4541
-7551
-7505
-6432
-8747
5951
1116
-9908
-1958
2842
-5715
4362
-7482
4173
-6720
4260
9965
-3387
278
-6555
6480
7789
5512
1698
9693
-4336
8464
1834
-1333
7960
-8266
7023
8354
6879
-5679
-2380
6285
2961
-9955
2925
-5296
5112
4713
3667
5113
-5540
1905
4913
-8869
-7092
-2813
-6678
733
4055
2634
-6760
2526
4471
-8308
-3129
-4283
-4633
-5125
277
546
-4494
-925
6558
9483
1258
-9838
6889
7364
-7051
-275
1636
3847
-9909
-9854
1330
6070
-9593
-6320
-5193
4114
-246
6672
-5935
-1881
1886
-2259
-6541
3639
-7864
-602
8274
2789
1767
2279
-3271
2009
5334
936
-8734
-9416
8469
5422
-1360
-7838
4078
-2807
-8524
-8357
-9987
187
9779
5222
-6351
-2990
7047
4286
5250
-3651
-3459
385
6284
6906
-1190
-1504
7226
8360
-2238
6254
5013
4266
-3019
6049
4300
-4145
-8153
8508
232
8259
-4417
-7733
-832
2937
2884
-4659
9765
-166
3383
7262
-1281
4441
-5442
7786
-2615
-3316
-5015
-2389
5592
1868
261
7280
3644
-4272
941
3235
1179
6369
-1889
-6743
7184
-6177
1346
6125
5398
-854
-7803
3690
241
-4775
6002
-967
-6863
-3446
-144
4622
-40
-8240
-5065
1987
-4248
-1937
-4608
4379
3619
4718
4172
3468
4250
-3161
5900
3144
-6320
4545
-6863
-9507
2222
-5498
-1547
-664
-2906
1110
1564
4
-7391
6475
5819
1681
-5117
-823
9172
2250
2763
8945
-4886
-4256
881
-6996
-2015
4976
-5225
-681
-366
-5650
-7082
4411
2442
-9707
-7781
2728
-7508
163
8763
-2065
1266
-8904
8733
-4389
3453
8432
-2596
-6581
-4316
-7121
-9332
-5287
6474
-1095
-8690
8699
9345
-3597
-8592
1540
-554
-4027
-4126
-4998
5396
-2155
4133
-792
-4408
4880
-1185
9022
-6444
4805
-5426
6539
6203
122
-5289
3413
-3107
1239
-7335
6065
-3298
6335
-494
-1006
-9563
-5787
-2599
5862
6603
-821
-5204
4315
-507
-5553
-5639
-4077
4490
5050
6977
4183
-1968
3947
-8901
-8598
-3442
-3251
-4729
-6842
-4518
-9133
4542
1817
-753
5819
-9954
5229
-3313
-4229
3123
8543
-1861
-1887
4465
2740
-3465
-2469
3309
-618
2966
3665
1812
-1754
5109
4907
-4146
-4296
8975
-992
6923
6494
7327
5598
7740
1416
1680
1199
-3435
9308
-5041
6985
2751
1156
-837
-9836
-4559
7325
6991
3326
-1308
7882
3238
9547
-3347
8637
9135
-9024
-1175
8179
-6092
-1473
1882
-6591
9999
2245
8930
-7537
-6999
5256
-621
6339
-7288
-2001
492
-4844
828
5821
-9595
6037
-9308
5009
6149
-6291
-857
2587
-831
4041
305
8367
4882
4367
-3283
-1259
2104
-5918
7534
851
1023
4784
3035
-1599
-6497
-4632
-3186
8720
-3548
-3475
7176
-8170
-9051
3575
-9806
-7324
-9836
-5268
-4434
3934
-6132
-8544
-5322
-2759
-1417
2920
-3605
-1821
3348
-5771
6773
-1696
6067
2253
4814
-1955
-3506
-1491
7306
9825
-8676
3596
3417
6855
5338
4947
3072
-3693
6816
9403
9344
-5044
3029
-9725
7544
-2416
3834
7347
2952
6566
39
631
-8206
783
-4633
8363
-7105
1613
8499
-5410
6427
3145
1287
-6548
-1973
-7211
9706
2960
1576
-7361
-6205
8863
-4907
5675
6317
-4844
-4856
-7054
4642
-195
-7952
-1340
-6433
-8459
-8404
-2921
6833
-5514
5288
-1693
-9845
9147
4467
-5631
4240
-2498
9021
-8610
8170
-6904
74
7919
-1943
-6381
4284
-3786
-7354
-608
9076
1272
-5542
4434
-9303
9130
-9834
9142
3495
6107
7545
-8754
6302
8663
5557
-4594
6458
5071
-7746
-8219
8556
-479
-3850
446
2882
4633
-5676
4290
-5362
4268
-4295
7509
-4331
-3429
9163
-740
5375
-8267
-8164
-3820
-2355
9816
-1087
149
4337
7732
7975
-9522
-8269
-5379
4811
-7186
4840
5181
-4203
6787
-4182
6712
9514
-7342
8863
9321
-372
-8544
-2447
-4573
-5862
7974
8197
2516
-9456
7919
7306
-8657
-4011
-2119
3824
3194
2464
8746
8853
-9527
-2310
5142
-2447
-8395
9360
-8915
-1589
544
9389
-6476
-758
4080
-8247
-1180
5999
5684
825
-6173
865
8973
-6531
-2433
4966
-3724
2226
-7608
-8085
-462
-5221
-9998
5084
-424
4889
2116
-5740
4518
2925
2788
-6135
-5470
-166
-3501
-3573
9596
-8303
-4829
7433
-6138
-669
-18
4976
-2625
2383
592
-2409
-4360
-3103
7959
3587
-9
-5816
-6613
8017
-3164
-5877
2724
2172
-854
-8635
-4885
5346
8427
5650
5161
2887
-7307
-2340
5679
5041
-9461
927
-3786
-2145
-7516
-8270
-3012
-8710
-3605
1447
703
-6976
-1325
1982
9955
6135
9264
8844
-9079
-1186
9594
3027
-977
-8847
8828
5085
9428
-7833
5332
2109
-7518
-2137
8790
-4427
3180
9512
8168
7027
7737
-1657
7201
9597
7120
9700
6035
1773
-3382
-6212
5543
-5808
-5445
-9589
9767
-1552
-2668
8685
-3254
1631
-6382
4319
-1238
8845
-3427
-8672
120
-1456
4855
-3335
-7030
4680
-6513
-9472
622
-5241
-5259
-6632
1721
2073
6523
-324
-2468
-7113
-584
6313
-1746
866
-3793
1970
6064
608
374
-6242
-1247
-182
7967
3320
8465
-9755
-6022
-8538
1432
-6710
5466
4238
-4477
-3460
988
-4707
-3367
8142
-5646
2671
-1623
-6595
1277
6248
574
4776
-5253
-7158
-1337
-3494
3130
-3329
-6070
4514
8334
7277
7890
2087
4360
-9639
-6476
-6901
1109
8302
6703
-1488
1566
-8254
5746
967
-4400
160
-6561
-453
6556
1589
-5799
-1491
9406
9580
-8172
-5129
-125
-9588
9512
669
-5691
-6339
-5325
-8095
-5702
2732
-3954
-1864
2503
8287
-3659
4862
-1577
-8072
7588
9835
-6105
2574
-492
6426
1899
3271
624
3821
6940
7432
-4894
3721
2232
442
806
2781
-2446
-5615
3121
-1076
9631
9956
-4456
5563
2538
-4922
5609
3361
1344
-803
1196
8053
-8459
-2426
-6116
-36
4022
-1654
-7939
567
6203
2611
-3428
-4018
3858
-3054
8852
-4100
-9465
8186
2001
4716
-126
7717
-9815
5591
8785
9130
6847
2667
7431
-2011
-2428
5865
-4300
-3005
-1786
7622
-268
-5680
8624
2873
-9568
4773
7068
-7120
3007
1423
-871
-3853
3479
-9201
5874
3209
3722
-8237
-8986
1486
-1188
9898
-6207
3554
8200
-8230
-7220
-535
-7204
5821
164
5289
-4235
-6651
4961
-1385
-6847
1370
2799
-1850
4652
-7239
8885
4136
-6947
7761
-7741
-5453
4110
-6556
4937
-9108
1782
-2312
-8787
3822
5601
3228
311
9690
-3832
2542
-5780
1826
-4931
-4970
-6612
-5390
-7345
4830
-5064
-7296
8613
-6824
-5620
-4877
-1350
-8199
-3606
-4708
3814
1964
4606
-3135
-470
5266
8575
3022
7429
1027
9090
-2689
-1064
3081
-2144
1502
3101
8901
7541
4129
3388
-4612
7416
-2663
-8345
5616
8322
3443
-7875
-3782
5938
-7018
-2115
771
-9669
-4905
4179
8387
4767
5057
-7159
2851
350
-8490
8458
5656
2095
7282
9592
7234
2949
8137
6497
-3689
3142
-9444
2338
-8212
-7733
-926
-668
-2037
-102
-1372
-776
680
-8079
-9644
4041
2363
-3834
-7945
-8462
8190
-9490
6224
3021
-3348
6386
4822
-8967
-866
1552
4763
1256
-8357
-2615
6995
-7972
-5032
-8367
-9093
4282
-9347
-4317
-9289
-4687
-9206
1021
7320
3207
-6415
4094
-2254
-757
-9702
9594
6393
-2488
-5510
7335
9986
6466
-4662
7318
8995
5049
-1644
-5229
9416
-6347
9154
8183
8905
-612
-3594
-4163
-2832
-9058
-2707
975
4525
4729
-5773
3490
-4472
8506
2317
-461
-5353
7138
6085
-5130
9407
-9830
5858
8727
-9836
407
6084
-1013
966
-8516
5689
1300
-3150
-5054
-1608
4619
-833
4851
-1713
1709
5634
4608
633
-5561
5683
9852
102
-9260
-7424
8850
12
370
-8655
8016
8256
5414
-5603
7521
-3342
-6632
-4144
-5973
4134
4762
-158
1686
-7876
1240
5248
-9223
-20
7915
-7637
-885
-2347
3485
-142
8093
4095
-655
2302
-4110
-4047
-7768
-1230
784
9677
951
2560
-8174
4094
3523
-5961
-2764
9817
1203
-1110
-4269
-7540
580
-6237
-6478
-2899
8865
3734
-1631
-8279
8602
9833
3665
5355
-5145
-6095
6167
-3563
99
2909
9523
1037
-7186
-3160
-5068
-894
-3951
-3487
5381
-4838
-9632
8858
-7540
7834
7105
-1360
2508
139
8587
7319
810
5875
3857
7324
-4329
7559
8929
1199
5806
6350
9727
2089
7965
628
1556
-6906
-5094
5989
2902
-8740
3562
-6437
-4241
-5078
-1288
2711
-1308
2458
-4320
2846
-5135
-7599
-3375
-8834
-8825
-4273
9812
-7790
-6140
3077
2873
-2172
2957
-3918
-6650
4208
-8953
1442
650
1230
-995
-8272
-5081
243
-4930
-7038
7498
6745
-8695
-864
6
4011
-632
-4171
5403
-5860
-3686
-7829
282
2568
-2299
7936
9901
6292
4799
-2118
-3420
6457
-1326
1402
-3479
-4043
6906
939
3007
5044
-1105
-7660
-2356
8563
-65
-9917
-249
4326
-5213
5092
6598
2718
-5001
58
-9724
-7307
3188
3654
6772
-3796
-5060
4320
-3481
-5502
9060
1697
-9100
3351
-2240
7588
-4284
3676
4315
-1454
9007
-3260
317
-8927
4814
8668
-3266
8448
8799
-6799
-5133
1116
1149
-1085
-2628
-1178
1493
479
-5101
8177
1073
-7443
9522
1786
-6285
-874
6390
-1870
-2517
815
-3980
5073
-3493
-3158
-8392
5091
-1751
-8617
9195
8426
-5979
-6042
-7872
5679
-5955
3032
1211
-1343
-5323
-7842
-7264
-6118
991
8142
-815
-1484
-8048
-5824
-1483
-6165
9207
8263
-3195
4331
-9396
-5858
-5542
-8805
3187
-4794
5331
-565
8558
9793
1397
3777
-7785
8036
8587
-2279
-5167
6695
4572
-8271
8872
-3247
621
-8219
5521
-3303
6979
2700
-7505
9126
-9865
5486
152
6379
7588
7281
4411
4114
7567
-3662
-3242
-7232
-2495
-3387
-8582
-4286
-3849
666
7299
-2277
-36
5479
8478
9435
-7143
6269
-8731
-4983
-432
-171
-2479
-5721
8538
-1601
5378
-1320
8806
1556
2094
-5696
-6160
7000
-4801
-20
-7464
-1149
7813
-4964
6101
2629
-4239
2036
-5293
5355
-2415
7894
6768
-892
160
921
-1771
5358
5172
-965
-5539
-6833
-9841
8587
1920
5984
9035
-7954
4286
9103
-7601
4945
-1789
6723
-1858
7543
-5135
6318
-8565
-2898
-8136
551
-3060
-9892
4766
-4469
-8977
-4533
-9376
-6810
9546
-6544
-4495
-7573
655
-5505
-2537
-6718
-9561
103
728
-2586
-6430
-6274
1737
-7696
-5692
-7626
-2242
3356
5273
7812
-1921
1970
6901
8950
-239
555
-4118
-3809
5123
2131
-1156
9374
-6229
9835
7647
1135
-5537
-3065
4780
3543
3146
9823
4075
5015
8928
-9640
5444
-6816
-8891
6405
-2929
-3209
-5404
9783
-5501
-3315
8502
8505
-478
-4380
4849
7659
9662
2814
-5029
-1617
3459
-9973
1463
5210
9071
-9947
1856
-495
6943
-2158
-8312
6814
-9454
2492
-6486
8111
-4060
1657
-4895
4527
-6296
-7588
-1830
-7823
-9136
6790
-7866
9726
-6389
-5142
962
-5409
7363
6753
1440
2880
-9997
-1725
-1600
-2515
-7751
-8872
-3747
209
876
-8364
-511
4909
2763
-1002
-3969
-2168
7735
-2134
-4277
4273
9685
-4255
-7827
-1133
-1945
-5737
-6621
7173
4077
2352
5387
-9328
-2955
1713
5171
3022
-4125
-2178
-914
8732
-4344
-5315
2003
9734
6362
-7960
2054
-3987
-562
5595
323
2224
-6962
8844
-7628
3197
1846
-2484
-7666
-2975
-8488
2072
468
4103
524
-8486
-86
-9503
-2094
9919
9543
-5809
3609
-587
-5605
-8279
-3154
-6377
-7162
2244
6401
1328
-4466
2377
9411
1562
-720
-938
526
5098
6796
-4826
-9431
1654
6125
8547
359
-1536
-3548
1642
5088
-4713
182
8733
-8355
-2115
-9156
5055
-5504
-3393
-2178
-4901
-2504
4130
4683
1885
8405
1668
1332
-3360
-6514
-2536
3570
-3479
-5544
-1122
9302
8607
-1548
-5228
-4053
4799
757
9045
6644
-8057
-8130
-6373
3062
-5219
6060
1868
-794
2389
-2356
1889
-5588
-952
4892
416
-2871
-7179
-2295
-4882
1232
-2992
8507
5858
-3610
9569
-8182
-6445
-5899
53
-8404
2706
-4139
-931
3270
4719
5167
-7878
467
8009
1810
7581
7324
1077
47
7830
9006
-1390
2212
-6093
2891
-1580
-9725
-3644
9791
-5504
9027
2829
9110
4325
-1276
6555
8477
-9842
2018
-6877
-8838
-3974
9021
5450
4875
9187
4175
4984
-2581
9331
1156
3299
3420
7677
4005
-4084
-68
7484
7135
1153
5004
9412
4350
-1217
952
-8229
298
4738
-3661
-5348
4617
4572
-7854
917
-7688
-3137
-7460
-913
-1385
4526
6084
-1355
7408
-4361
-6389
4219
-2814
-644
-845
3951
692
-2426
326
-4599
-680
-7365
-202
-6414
-1530
-69
-5734
3419
3762
-9031
-168
-9831
-513
-5297
-4287
-6077
3193
-9008
6688
-3259
-209
-8858
2638
1919
-9766
2220
-9780
6098
1473
2896
-2269
8134
-7969
-4254
5337
4738
5000
-1916
-5582
8501
1405
-8071
4971
2379
-2018
7655
2549
-1835
-7271
-7897
4465
-3351
8258
-4951
-9457
-5391
-12
4040
1112
-6616
8258
-1677
5337
-5443
-3642
-3249
-5715
9930
7095
310
-1211
9353
-2715
-6394
-3207
-150
8831
-286
8236
735
6968
-6556
-42
8902
9280
4029
4768
-1303
6209
-1599
-4278
-56
-2759
1
4859
8435
-7584
3754
-3941
-2724
6553
-1577
7613
9429
-6374
6935
8487
2804
5649
-4235
5936
1095
8135
-8345
-324
-7130
-4183
-6129
-6581
2738
1666
228
8014
8772
3153
3258
-9804
-2297
5492
2181
-341
-9268
-7962
6329
7704
52
-7634
102
387
2029
-532
4280
1335
-9348
-248
-4186
9446
5741
7252
7258
5022
2810
399
-3334
-7605
-6230
-4783
-4153
1579
-7167
-1400
-7149
3548
-5220
-5500
-4870
8787
8093
9771
-6743
-4426
2707
5310
4185
-4360
1876
7309
-6092
-7924
5520
6308
456
-9575
6996
-9944
4432
5072
2207
-5054
7547
8303
5825
8673
-682
-4640
-2975
2652
354
-3592
8059
-9951
630
-9081
613
-2614
8322
7918
124
7527
-3969
5712
935
6853
695
-1731
-9062
1575
376
4569
-103
-2845
-4939
-3
5146
4686
9064
5084
269
4721
2613
9649
-9121
329
5639
5369
6828
-1524
-3002
-9226
-9076
9269
544
-7826
-7095
8580
-4542
8759
-5657
9204
-7229
9284
5947
-3025
-9445
-8180
2047
-2577
-9407
-5195
7144
-9414
-7076
4181
-2840
-3433
4938
7193
-7639
7438
-1181
3085
-5808
-4637
1853
-1593
-9944
5105
2533
-5816
5341
-7665
-4414
-3330
9890
5104
-2895
9385
7111
-6014
351
-2283
-7151
866
4314
2111
3198
496
-6278
4884
5469
-9305
-6464
6525
-3306
-288
-3433
6214
7932
3899
-3515
4171
3864
2645
-6780
3934
9826
-6872
1746
4309
-2851
2266
-7034
4867
-8443
728
7725
-4061
-5285
5795
1292
5876
-9905
-2034
-4905
-2506
1883
-1600
-4546
9192
-234
-1923
4568
-165
-8288
-6945
9847
-113
-8681
-2295
3527
2056
-6719
-7842
346
-881
-9144
1556
-8614
-5824
-6720
-2613
-8040
4147
8830
-9865
-3161
8656
-7229
-280
7288
5912
7570
2375
1498
-6267
-4803
-5499
-957
-3008
-5522
27
-9199
5215
-4834
2256
-7286
-2569
4642
-17
784
-721
6570
-8253
5749
302
-7139
1664
2922
-2401
4890
1359
-6932
-1589
-2723
-5603
7535
-6817
4022
6447
1943
9215
-3375
-8956
730
6554
-8018
-9531
-6485
-3029
5723
-252
7548
5903
3263
3793
-4783
-4814
-6957
9352
5995
4281
6743
-762
-5771
-2963
2194
2657
2528
-8621
-7020
-2800
-3602
-9296
6674
-1279
4095
9165
8281
2381
9296
-3809
-8395
-912
4439
2633
-5368
-1431
4178
4511
-3894
4846
8704
-6705
-1605
-3966
-7106
9350
1148
9135
-3498
952
-5904
103
-3851
5336
3177
-2228
3558
-38
-6002
2167
-964
2095
5403
-9801
-6577
-3872
4571
-3645
-1974
-9005
-5219
4279
7093
-8393
-963
6816
-1851
-710
-5778
-4802
-594
2125
-2528
-7573
6931
6157
-3667
4245
-3212
-372
4524
7774
7042
-8744
-4355
1278
-3234
-7672
8115
6252
-3706
-4310
-8704
-5405
7210
-4283
-187
4669
-1814
1044
-1656
9371
-1840
-8853
-7987
-4385
3486
4162
8525
-9117
-6282
943
-5392
1165
-36
-8870
-8537
-6995
7542
5101
8519
3051
8420
6808
4815
-9465
8501
8683
8533
-8849
6441
-9635
-6814
2422
9997
-8170
622
2657
8372
2331
-2207
-5624
-621
-6677
-7859
4056
5664
5144
4131
-6475
-153
-5706
-5736
-5105
-4345
-2733
-9212
-2819
7108
-7429
8028
3328
531
-2648
2665
1013
1818
-7564
-9815
-711
2753
3396
4349
2046
8337
-7640
205
7987
-5869
-5765
-5492
5211
-6702
-6239
-6475
-660
7573
8805
-4495
40
-5284
-4088
-3688
1022
-3672
8025
6905
8339
-2443
-2177
8484
-6773
4658
6327
2659
-5596
-1637
3618
4877
3060
-8773
-1304
-2663
-5766
1281
-7506
9658
-1806
1930
-5947
7861
-3322
8230
-4127
3008
1048
3883
81
223
-5163
-9109
-8837
845
-8497
3901
-520
-4787
-9564
-7579
5381
8033
-7937
8289
825
4783
-5829
9567
9012
-6733
-2799
-6644
9310
9393
-5458
-7616
-1274
9232
5648
4293
7887
718
-5694
2123
-6211
-5826
5151
5549
-9584
-490
-4677
3257
-3269
-6964
-5660
7237
-9737
2216
-5456
123
2785
7784
-724
7127
9508
-7168
-2562
536
1008
-3921
-7391
5017
-6194
297
-4346
281
-9462
4074
1109
8175
514
9947
7126
-3865
-4553
1515
-6846
9182
-7449
697
-7969
8181
5217
6794
-9097
3799
-6190
5002
-8679
-9076
-5926
1428
1955
-8765
4331
9459
-3327
5508
5664
3126
-5254
3814
6304
6143
-1857
1458
-4242
-2502
8677
1570
-9502
538
3721
-1831
1277
-7096
-6591
3150
801
-7985
589
-810
-4558
1738
-9738
-2870
-2633
-3735
1649
-5898
-4836
-514
-7281
6913
-1969
-3090
-5117
-6303
-6200
-2396
-7806
7948
7908
5486
512
-1327
8781
421
-9789
8594
-9698
-1639
3215
-5231
-5226
-4625
3496
5087
4249
9278
1994
9554
-8601
-5196
7999
8736
-8671
-9917
5058
3684
8625
-9562
-7527
-1676
-5481
2180
7925
4586
-4193
-3009
-7112
6406
5447
-5166
3977
-3835
5333
1594
-6112
4435
-1457
-8400
1015
4911
-6927
2844
17
9782
-4442
4171
2895
8239
6349
7299
4357
-9402
-7427
9069
8841
-7201
-7103
-2799
-7906
-8700
-8078
-8637
-2373
-1298
-502
-9941
9349
1985
5245
-7690
8003
-963
8701
3361
4159
5446
7660
-1096
4391
7761
7615
2200
5399
2630
9604
4811
1873
-5565
6158
3333
5715
-8851
8949
7709
-4264
1352
-4917
1203
4687
-7973
-5492
-4835
6688
5391
5229
8091
4849
7741
8105
-2419
1662
-5489
-472
-8869
-5694
5003
-6005
-926
8927
6614
-1578
294
8663
-625
6712
9357
4805
-5893
-297
2076
6354
-6753
-4334
-7078
422
7149
-4646
9366
7113
1471
7081
6830
-3159
-7306
-3939
3269
-8290
7508
4234
7384
-3771
-8309
-6683
-1183
2946
-5407
-190
8910
-8265
-1797
-8853
-4057
1936
7819
244
9205
-7346
9812
4878
-5228
-584
-4382
1164
8993
-3949
-1425
-740
4454
6969
-2848
8407
8832
7079
-6110
-3836
9543
-7766
-8548
-9008
-7868
8818
3921
-1903
-4663
-105
906
6533
-9442
9048
274
6506
-1897
-6027
9832
2961
-7603
1464
6346
-7989
-8951
-5483
8034
-3128
-7954
-8885
4567
-1045
-8127
8517
-7396
-89
6379
6354
1030
-8539
5796
4996
-2066
-4205
-1923
-8926
4545
-5381
6861
-4046
1022
-4716
198
4623
9581
-4430
-4782
-7291
-8010
-8600
3649
-8234
2244
-898
2670
7437
-7101
-1710
-8545
7178
8717
-271
3493
8439
-3301
-6379
8860
7679
9912
4408
-5954
8635
-7818
9181
8875
3090
1150
5638
-9760
4354
-9196
-8568
7208
6137
-2121
-4162
-2239
-1137
-6923
-6306
-1631
6892
-6319
-5641
-9498
5739
-2313
-6291
-5938
2602
4166
3923
6726
7003
-1660
-7450
-7202
-8309
6094
-2992
-1995
6774
-4852
8225
776
-7857
4880
-7043
-848
-7288
-4060
-8863
-3894
-9009
-7611
8552
1400
2013
2050
-709
7612
468
-7008
1560
-837
1798
531
-6974
-1806
-6417
1605
-8001
524
-665
-1782
-6334
-2075
-9462
8251
-5750
-6742
9967
-6036
-1134
7189
-7952
-4145
1491
7566
-5090
-2614
-6391
-7370
2952
7398
7945
-6162
-8662
-2653
2533
-2329
4235
1233
-7779
9044
4970
1895
-9293
6806
2599
7037
1424
-4641
8281
2527
101
4113
-7329
2196
-2066
7812
-3921
-5802
3939
7045
3126
8666
6739
3681
5746
-7156
353
619
9863
-6992
-3052
-489
3948
7515
5093
-9661
-4489
-1471
2345
-7933
-9277
9648
9701
-4929
-1014
-8121
-9083
-3104
3520
3444
4507
1371
-4224
8015
6548
2166
-256
-3504
-7820
-6268
9127
-4111
4848
-8776
-8566
-3606
-3474
-9516
535
1771
6709
-1947
-4703
1211
-1484
2360
-867
-3568
-3513
5927
-4645
2742
963
8033
1629
-4242
-2469
-359
189
4803
8034
1054
-9168
8837
-6720
-4042
5858
2754
2890
4812
-4026
4367
-7744
6325
9372
5066
-4119
-3003
-4552
4828
4123
-8275
-8049
9201
1128
3208
-7059
-9396
842
-8591
6240
3632
-1717
-1265
-9098
497
-5835
170
3604
1367
-7514
-9037
-754
8070
6616
7536
455
9367
-135
3737
-5884
-2938
9642
5224
9504
-4579
-6972
6665
-8509
7926
-8949
6486
-7920
-9994
2183
-1370
5912
-7067
-8608
-9764
-8997
-4982
3164
-4743
-4560
7078
-7002
991
424
-9188
8037
-330
30
1243
6273
-6519
-5952
4956
8537
-8702
-1768
-5954
4025
5985
-1116
508
3132
1804
4349
-1257
1860
-1452
-1190
307
1064
1142
272
6526
4312
3810
-2177
-4400
-6668
4389
5668
9084
6903
-8984
5705
5159
-3051
-2578
-1848
2189
9160
7735
4553
-9081
8504
9260
9459
7715
-403
-6160
2060
-3556
2488
-6027
-8187
-1493
-1116
-7262
7298
-8408
2051
621
8467
939
-7725
-4746
9005
-401
-6187
684
-3966
4472
-8743
-7569
4264
3674
7601
-4525
2195
-9095
-480
8065
2536
1755
9209
-3965
4340
7609
-345
5106
6704
5778
1690
-2672
-5771
-4503
2623
-7947
9812
-4138
-583
2266
-5705
2765
-8004
820
-1369
6640
-2361
5719
7568
-900
-9822
679
-5590
1460
4015
-9717
4701
2189
-3802
5123
152
8997
5709
5530
8451
4168
-8601
6343
-6780
-2413
-6420
-1204
-9422
9442
-6550
-623
-7301
4007
7585
2221
394
-3806
-7128
-8525
-5507
-3423
-6384
-7768
3469
-4449
-3628
7750
1191
1004
8344
6513
-4517
-2388
-5160
-9023
6095
491
-6342
2663
-4656
6626
-3526
5495
-1633
-9984
1691
3995
-6655
9204
1042
2433
3855
-4114
-1557
-6832
9235
-6218
2463
-8336
-7749
-4513
4374
1709
-3079
9457
-4034
-6099
-7829
2809
9307
-2570
3177
635
4887
8175
-7012
-4219
6805
4721
-2047
3226
-2208
3752
4962
-5556
8338
-1110
6218
9057
1318
3385
-5564
-9848
-8428
7989
-9721
-2350
-5690
-8816
7649
9871
-9420
6966
2779
-5267
6180
1588
-1715
5995
-2312
659
-2006
3559
1866
6701
-7154
8004
1868
-8135
1325
-887
8857
-9790
-2960
6118
1303
-8998
-9690
-1297
5725
6413
7925
4240
-3938
5847
-579
-2988
-4032
8871
-9803
9335
-711
9970
-4357
-7031
-3822
-7766
-2912
-4331
-307
1677
-8701
-1261
4025
-7286
9109
-8071
-2457
4575
-8012
-7047
6882
8320
-3450
8721
3829
2278
6629
-1080
1160
-3047
3044
6136
-5350
-7113
-3173
5313
-7938
212
3998
1485
5545
-2075
-4620
-7596
1630
-3974
2668
1230
-1367
-6559
-1885
8649
6321
1324
-6705
-1662
-4848
2628
-5355
-7999
-4353
-2795
-6149
4450
9360
-4193
-4356
9468
-7972
-1577
7063
4534
9959
3921
-2719
-3659
1950
-4646
5950
4457
-3328
7771
-6959
-6769
-6012
-7324
6802
-3761
-6853
-9335
-699
-9807
2603
2133
-2186
7523
-1122
-9477
9681
1663
-540
-7644
2978
7214
-5184
21
-1660
-1439
-9723
2624
2268
-5311
-8743
-480
-6570
-2739
-4591
-738
-2100
-9665
-1494
-4329
2223
1926
-5432
-9940
-3198
-2801
-5183
1307
1625
-2201
3536
-1429
-195
9789
-5705
4305
8214
3856
-9345
1539
5492
-5948
-6721
-4194
-9499
-470
-8800
-9818
-2624
645
9428
-6311
4247
-2782
-7212
5377
-3178
4864
-127
-9920
1577
3666
-1641
-5413
-4201
-2856
-5462
6718
-583
7227
6660
3099
-3099
-2565
7872
-2539
2558
2783
285
-7507
-6727
567
6053
8424
7862
-2992
-8909
-6893
3156
3753
5387
-636
2583
3326
643
-198
4902
-1092
2094
5227
-1426
1272
1823
-3552
-2166
1692
8114
-7157
-5190
-562
135
4528
585
3603
6016
-9126
9528
-6744
-5093
6804
-3637
2233
-808
-2543
6414
-4537
5850
-8669
6492
-850
-7379
8573
4738
717
-5783
-1730
7632
-2433
9363
-6052
-6607
3584
5718
7408
7870
5997
6075
2471
-4219
4395
7465
7316
8779
2351
6934
-9377
-3346
-9159
-6981
-9427
-7607
2878
9506
-8987
-9036
-9578
7564
3519
-4462
7321
-7874
-3273
-4921
9948
-6311
9002
-6032
-6434
-5279
2976
-1915
-6245
7399
1869
7901
-7412
523
-8822
-3796
688
-6933
9459
7137
-3618
-3110
-6837
4467
-6211
5830
5675
6705
-1424
5362
4643
-6876
-5689
-8046
3816
7180
4625
6073
-9070
-5377
-5453
5654
-8589
-8164
-6322
-700
-8758
3866
-2700
-6176
5216
5784
-7557
-4296
-117
8964
5952
-4595
7411
-4959
-203
6288
-1943
-6912
154
-7378
2983
-2628
7129
-3676
5241
-4096
-5599
-4198
4883
8475
7759
-6903
-664
-3314
-2013
-2750
-5780
8637
-2037
-8910
2634
-3404
-9058
4324
-6844
7664
8065
-4945
-7145
-9576
2272
-5178
6775
5771
-8943
-9959
7998
-2265
3723
-6447
-2086
6571
-3574
3629
6737
-4334
2712
4184
-8616
4386
7337
8491
-3522
-5576
3266
6399
8408
1772
-9318
518
-5409
-2783
1023
-2714
9195
6635
-3995
5495
-5850
6044
2341
6628
-9873
-5391
3013
8536
2740
9258
-131
-6426
6204
-4267
-5707
-3683
9727
3961
5333
3830
-897
-8087
-3390
-9706
9068
-3960
6768
1618
8505
4515
-7567
-6579
1152
-3449
-7360
2834
-5290
98
5925
1072
4252
-3219
-9873
5809
-4370
6879
3067
1617
-9246
3218
-4431
6965
-1857
-391
-1150
3393
-7559
-2592
-2131
8111
96
7404
-4293
8311
-7484
2839
942
-6203
-96
-2409
-2961
-442
9426
-5415
-2475
-2680
4187
-8853
-24
6406
-2734
5508
-240
-3143
976
-4526
4702
2222
-2075
-5238
5329
-6823
9340
-8411
3693
-6896
2250
1455
-274
2176
-5460
-2271
-6861
-6680
2695
362
4694
-6178
969
-3294
-444
2329
-6032
8920
6172
635
7577
-899
9983
4341
-2504
-7739
-4282
-1041
-7720
5086
8587
-1781
1081
9135
-2014
68
-9380
-1912
-9509
1596
7090
4727
-7054
-8844
-2437
6442
6838
490
-9367
-2938
3706
4270
-2724
7103
9274
8867
-2759
-3559
-7517
-9169
-1358
7259
1735
-494
-4498
-1087
-3945
2400
8193
-6308
3801
690
8213
-2601
928
5668
-708
4687
8316
3611
2296
-4704
-8985
-177
8688
7521
-3601
3785
-3290
1493
9315
9820
-4274
3799
524
6106
-6659
5726
3119
1869
4396
4186
-3883
7841
3290
-2116
-6372
5862
4426
-9813
9855
-3134
-8389
-431
-1067
-1645
-2417
8897
4335
3502
187
8819
-6149
-1155
6512
-8376
-8480
-9586
-6806
323
-3130
5995
-1983
-9050
9170
-5110
3800
-6399
9073
-7313
-923
6949
7290
-2005
-6451
3017
7265
5484
-7183
-2439
7972
-1379
-7551
3214
9191
-3014
-9322
2229
-2064
7477
-1110
-2157
8570
5143
-5440
-4248
-1417
1796
9901
-6411
-3994
4281
1960
2718
6047
5718
-9008
478
3702
-9925
-7477
831
-2177
-755
-2008
4229
-4699
-7116
5399
-8011
4534
9705
5020
-1261
-2162
-1042
6823
-7923
-8196
-6813
-4759
7645
9032
-2777
8191
3712
3157
1448
-9460
806
7651
-7274
9232
-1301
-574
-558
-9722
6658
-6929
4268
5668
2219
-4337
-38
2073
1470
7614
8754
9430
3001
1869
-2051
9100
-2511
6137
-5943
110
1566
8182
222
-5128
2044
-9246
-2238
-1154
-5306
4054
4206
-2031
-4265
8875
8815
6367
8246
7823
5027
-3778
-8095
-2756
-5223
-198
-3253
-1063
-2521
159
-5395
9583
-8877
5348
4758
798
5796
7359
-1674
2839
8740
-6227
-9840
-7703
-1215
8420
4085
7760
734
3912
-6819
9740
-8136
4505
5433
-8657
8688
2957
7670
6980
-4031
9499
-5232
3407
6502
9278
-1633
-806
4431
-1571
5300
-7904
-570
7955
-663
3240
348
-592
1158
363
8596
-216
-4521
945
7761
-3081
2314
3120
3366
8998
295
-6628
-4845
8328
-1237
-9385
7350
-3401
286
1277
-4502
5451
-8600
-281
9275
6477
9369
6129
-9442
-2663
-5307
-9687
-6394
1069
-4786
-6066
2927
-3168
-282
-1434
-7558
-6751
-2290
3326
-3462
-9929
4823
9833
7104
6366
-365
7959
9408
5493
8237
9550
2202
565
2921
-6743
2173
-7660
9233
-6271
-3378
-3329
5660
-2174
-54
9722
-1216
-9166
-8788
-3907
3668
-2716
-4913
-8864
-2494
-7315
1575
-5438
-8516
-1816
4046
-3778
3682
6290
3957
-6352
2634
-1066
5442
6317
1399
-9328
189
-9551
193
-5224
1676
8559
-1380
-2596
-5706
9470
-1204
-1651
9454
9693
9667
-4828
4293
-3936
5540
-3838
-7395
-9028
2973
8396
-1702
9081
169
-1113
-2613
-5254
-6660
4007
8773
5458
3223
1953
-5538
-7922
-7730
-5875
8333
7154
-6748
-4282
-4692
-5968
-3711
383
5926
9983
8456
3828
-5444
2217
1888
3126
803
8992
-8124
-6601
-4628
6158
1016
-1358
52
3242
-8825
-7460
4729
-3286
-1255
4945
-9636
-7320
347
3320
5929
-51
-6387
-6890
-1196
4920
-1073
4450
6480
-2701
5729
-5068
-8335
-1092
3158
-959
3638
29
9762
-5192
-2704
-7007
-5909
6157
-9367
-6241
384
6206
2795
2908
-1460
-2075
-8697
7225
-3785
8488
-5212
-3680
2369
7936
-5186
2619
-3278
-2463
2441
9237
410
1579
3448
-3991
7739
1949
-7238
-9611
8184
9493
3731
2648
9116
2306
6669
-4624
-1693
-656
-4660
4250
2829
170
-9231
4711
-2818
-1827
-4042
2130
-5760
-8371
7392
9325
-4890
-51
-3863
-5658
-4295
-4422
-5445
7179
-903
9704
1406
9286
3470
7132
6861
260
-5824
1927
-1029
9571
1960
-8104
8524
-71
5813
-1458
-3906
-4007
-5719
-8390
4875
6283
-7149
-2266
7359
-6793
-4590
1581
-5891
4594
-6993
-1047
-9031
4945
-4369
5761
3038
3191
1356
-2038
7709
-3503
8748
4491
4746
-6025
8367
-3239
-6607
4098
5434
5175
6119
3165
6527
5712
5525
-6428
-2784
-8140
-8695
9920
5529
2888
5672
-7455
-3591
-1450
3487
-6434
-2223
1856
-2376
-7050
2650
-2151
5478
5594
-2963
3018
3494
3555
6468
-4440
-4388
-7703
1225
6741
-3531
-9244
-9383
-5328
4628
4006
8128
-4354
1595
-1153
4688
9116
2222
-7844
-8537
-1110
-3563
463
3991
-7403
2830
3538
6339
5207
3897
3969
3937
-4275
-2025
1798
5883
-6146
1696
-5129
1361
-3596
-2474
-4398
9033
9942
-3031
9590
-1422
-5272
-8910
4135
-6732
5624
-7301
2316
4790
-5701
-597
694
-7205
-8669
4412
6149
6656
675
-9935
-3001
-1629
-1785
6390
5926
-2824
4337
-2433
8642
6039
6016
2868
1539
-7034
-3201
-4114
-1171
-816
5207
-4951
-9911
-9063
3158
-4114
2400
2265
-4126
6553
5535
-1614
1173
4266
-598
4913
7165
5398
332
-9223
-2246
7224
8023
-3030
6422
-1448
8637
-7043
-9988
-165
-8387
-3709
3959
-6119
-3728
6857
-8282
1511
1086
9295
3488
2609
-3112
-7342
4728
-3837
8837
-3003
8526
4245
229
4643
9125
-1899
-8816
-4507
-7954
-7494
3298
-6767
-5645
8222
3417
6615
-438
3442
-3455
-4553
4204
7082
-2397
5905
5972
-7864
4736
48
-8715
7854
-4017
-5156
-5015
8793
-7703
6869
1230
-1060
410
8767
-2805
-8400
2846
6176
-9077
9040
-7586
-9387
-2510
8886
-8313
-7037
4538
3305
-5540
-5878
-1954
-4618
7109
4784
-8495
125
-6554
1031
-3542
7528
-6567
-6121
-6065
3949
1987
-7199
-2927
1779
-470
-7694
-821
-3401
5997
2136
-2290
-342
5771
7622
3759
6014
8657
-5247
-2901
6134
-5660
-3646
5238
-7669
-450
-4065
7788
8891
5213
-4863
4995
-7746
2293
-2359
3809
-2807
1711
-407
-2868
6441
7608
9306
-6943
-4463
-8706
-1829
-9337
8352
9521
947
1689
-2395
-5751
-5041
-4480
-5219
-9768
-2198
-8357
-7572
-3681
3082
8123
7954
-5931
-8610
-8410
3754
-9843
-8340
-5231
-6033
-2890
-7673
3340
-4540
1138
6407
-5519
4498
-9777
5535
-8289
-5946
1576
-2997
936
9415
4144
-4432
-9950
3704
9665
-2324
-4003
4593
4823
9485
-4775
7201
-6912
-9861
833
-9849
3236
-8159
-2072
-1293
7781
346
-2506
5897
-9231
-3204
-5367
3726
9748
1770
6844
330
-1273
5106
-5814
-5647
-3162
9892
9277
-5397
646
6085
2259
-3562
-2180
5621
-331
-7546
-9114
-19
6187
111
-7129
-71
-4839
896
-3562
-4192
-9279
1767
3241
4544
6407
-8702
-8601
8331
300
-8249
-5337
6656
-1741
9829
9632
4308
-8151
6607
-6905
2259
-4836
-4635
-3157
2858
3304
-9208
-5388
4772
1507
-2385
5554
-2897
8926
-8227
-2060
-4635
-3632
449
7519
-97
3656
5782
1616
-3941
-8935
-1889
-3291
3689
5427
5984
6808
6806
657
-6314
-1200
-9290
7151
-6156
1527
1647
8201
6719
9908
9629
-4487
2307
-6431
-7562
5964
-7736
-8696
1307
5878
4258
713
-2121
-5758
1709
-6380
9700
-4598
3434
4198
-6088
9150
-5386
-9034
-5171
-2390
8782
-9863
-97
-5395
-7463
-3402
-7849
-2566
-3661
-9425
-1416
5975
-4374
7734
-598
-8195
-2619
347
9811
132
696
2621
-3641
-9538
-5688
6961
-6222
7793
-9572
2654
1095
8092
-154
9612
-3993
8425
-5752
-4181
-8226
8921
1359
-120
-153
-7719
9185
-3485
7108
4307
-9763
2388
-8225
5497
-5583
4236
7683
-3656
3447
1706
-143
-3779
519
3714
4029
6442
4282
1663
-8166
-4559
-3078
-2747
-4433
6992
-9184
4627
3665
9931
-9929
6518
4961
2559
-6021
-3129
8034
5244
9822
-6287
-706
3661
-4016
-6144
-2314
-8568
2375
-6705
3105
-8151
3814
-2788
-2020
2553
-3535
-3008
6563
-1408
-6225
4717
-6323
7722
-1523
-1540
1292
7124
7999
275
8240
9321
-2120
7979
-1023
-1469
5757
-7332
8805
8719
-6500
-8025
2536
-9606
-7756
6985
-5036
3082
7027
8217
2282
-994
9606
-2974
4956
1137
5203
277
-2837
-2089
2920
-4227
1035
1741
-5132
-4172
4967
6781
-3073
1617
-9278
7488
951
1490
9279
339
7927
-6809
-2801
-4135
-5356
-569
8458
-6452
619
-8983
3982
1488
-8282
1616
7258
5227
-5400
3093
-3243
-4998
-3933
-1250
-3364
-9448
1826
8569
897
-5229
78
7696
-8303
4260
5580
-6465
-2822
-3669
-5902
6029
-1266
-8
-3730
9467
4095
-91
7814
6310
6754
1991
6119
2628
5222
-5192
-4636
-1701
-8387
-5440
-1346
7427
7902
5700
9725
3117
9569
-2968
7276
7654
-9846
-6903
4355
7499
9258
73
-3503
-2219
2241
7235
1223
7961
-8495
-6901
-5679
9650
2821
-9250
5605
3525
6291
5810
-8719
711
129
-3175
-2064
7028
-6086
1975
-421
-2139
-7818
-8040
-8491
5015
6086
-5253
-1975
5428
-7038
-2881
1096
-9066
3330
3819
2665
-9923
4389
-6163
-6984
-4939
8365
1608
7493
-4445
-6388
257
8709
5267
-8138
-4293
-4177
-7002
-6406
-313
-45
-8889
-6777
-1266
-5252
8630
-9077
-916
-4074
-6739
-1656
807
-6178
-7003
9296
-549
-4805
-281
1376
-7505
-2567
5913
1650
1589
172
9080
-6598
7868
1831
1107
-751
-9767
1496
-1656
-6417
-3224
-7243
865
-5015
-6297
9650
-512
-7684
8610
-6030
-1348
-8809
-4014
6442
-6421
3211
-1045
-4965
-5159
-6979
-9817
67
-4141
2907
1174
-9112
-1294
-834
7634
-633
3955
-2203
-3266
-5218
-990
-7104
-2509
-1660
-9488
-2550
-9488
-2023
3450
339
-9431
-7751
-7823
1716
3561
-1296
5523
4707
-7314
-9661
5316
8797
7490
25
7345
-4292
-4314
2034
10000
-9061
-1573
522
-6240
7450
-5473
-6742
-4176
6329
-7290
-2816
2547
-7598
-9398
-5140
4979
8499
5285
6106
-3743
-198
-6919
8949
8900
955
5721
7834
5315
-6803
5839
-1076
5715
4416
-3367
-5691
-4768
9968
-5154
-6880
9887
-976
7230
4672
1955
-6322
-7901
4134
-7567
-19
-6379
488
-6567
8352
5113
-2322
-4941
6003
1252
5681
1074
-3912
-2453
-7080
-1985
-1125
2633
5948
4939
4384
-8358
-4066
-8089
-9500
2570
9657
6742
1613
-6319
-4261
1038
5870
1693
-7038
579
2215
-6344
7502
-5156
-9971
-3461
2865
-3054
-7791
-3915
7977
-7464
8508
-7722
9342
-8215
-457
8142
-7393
-1198
-767
-616
7117
-4772
-4515
-3108
4250
-2758
-4136
3125
1800
5840
9376
-9686
52
809
6389
-6245
1496
-7379
9676
7211
-3553
4752
-3723
7980
6633
358
-1071
-2833
7528
5016
-8721
-1723
7533
1105
-8648
2550
-2660
8003
-5311
7931
5689
-9276
-9480
4937
-6535
-9979
7274
-9070
-8893
-4
-1126
-1810
3787
-3383
4085
-7641
5636
-5424
-144
-1158
5008
-9160
6416
7462
-6289
-8694
-3992
9062
1479
-7971
4381
3053
-8429
-3662
-6475
8643
-1289
-2685
-6073
3272
5703
-2372
5916
-6755
5301
-3511
6832
9365
-6122
-1943
-814
2144
6004
-8294
-4164
5541
3737
1799
-23
-3690
4100
-3749
5933
-703
2136
3769
1656
-9870
1287
8414
-4166
8110
2473
-433
-2918
1940
-5153
-3079
-3870
-2008
-4933
-9323
8697
4446
5044
1828
1631
7064
-146
-8036
4786
-9109
1631
7607
-4977
-9473
1605
-4622
4002
-7063
1374
-2511
1833
-6044
5922
9217
-8594
-1927
2816
8331
-354
-2003
5536
8402
-7385
-5926
-7292
6847
951
-2899
524
9721
6051
-6629
-7164
8998
-8641
-1873
4583
66
7517
-1096
-311
-2857
-5097
-532
4687
2714
-2672
4888
-7767
8229
-906
-3288
-4238
-2763
795
-4475
-7238
1251
-2525
-2586
8388
-325
-3357
-8145
1865
6935
3868
-640
4063
-9932
1588
-333
-9268
4806
82
-7055
3121
-4428
-8469
3990
-9466
2600
-9577
3047
-9958
5581
-8482
2959
-5941
6701
-2249
-580
-1103
9825
5207
-2429
5322
7984
3886
5934
6246
1588
648
-683
5300
-9573
-2641
-3248
-5452
8464
3935
1386
2230
-7903
-435
8435
-6959
3080
7300
-4939
-6585
7155
8355
-8326
7032
-2334
7141
7921
303
1205
8212
3173
8536
3940
-234
-1180
-8197
-8516
2245
-2369
8162
5807
6577
207
8090
1748
-3495
-1714
2923
6001
1389
-1594
-767
9603
-7362
48
3330
2519
1367
-448
-8683
-8758
-5417
-9500
965
1997
-8100
-9097
-5844
-6191
-1141
4273
-2897
-4358
-900
7939
8233
-3897
1344
7858
-1824
4446
-6450
4001
9530
9214
-8525
-8656
2397
412
-7030
7125
-3758
-8379
-9062
-3327
-7148
-182
5753
-6366
7004
-35
-3558
9378
-3825
8439
-2203
-7701
-7616
2746
-2505
6226
7700
-1628
-6981
3632
-16
-6716
-3573
-7838
-3877
-119
-1058
9082
233
6968
-5868
-7451
7998
-9626
9580
-5648
8143
8142
-2203
8323
-9556
8861
3262
3678
704
2758
3696
8299
7022
9812
4101
-3204
1781
4642
2775
1425
6527
-4173
-5400
-7050
5610
-658
-2165
-8197
-2665
632
9422
-3966
680
-6189
756
6900
475
7552
7696
7815
7362
846
-1836
-3561
6614
8973
-2153
5216
-8089
6386
-6686
-2989
-7930
9631
-9201
-9445
-634
-4746
8302
-9526
-5409
-7581
-1037
-6415
380
-1696
-6996
-8504
2314
3973
-1894
-3625
-1682
2524
-9905
338
-9093
7612
8449
8425
1413
5531
662
9718
-9666
-9407
-7663
-9096
-7737
-8862
4004
-5919
-722
1144
-7565
-8295
-380
-2350
-1337
-4382
-880
1406
9833
4029
4626
132
-7038
-2701
1713
9080
-3731
6220
-3029
-4761
-6354
5704
-8810
8921
-8229
5628
-9426
-5713
-3727
7155
2963
268
251
6883
2435
-1015
-525
-2218
-939
7411
5037
4043
-477
5362
-3124
-7784
-4185
-8628
-7032
-3365
5110
8821
5542
5505
7630
-2773
9736
-2574
-7510
-584
3047
-9319
-4737
-7989
7550
-8484
9358
-7641
-1959
2717
5400
-1309
4719
7490
-445
7693
1997
7473
9920
2465
-8648
-4237
6010
-8525
202
-5196
2427
-4380
2214
-2604
6125
-6906
-9026
6251
-4945
-5644
6997
-6406
9898
-5549
9677
5547
6303
-7349
1237
-3006
-97
5569
5452
4117
-4540
1626
-9528
1486
9445
4270
4129
3462
-8826
2872
-8279
5419
4005
7492
5721
-1098
6865
-4424
-6457
6744
2027
-963
-3436
7877
-3528
-9450
9065
-2087
-6383
2461
-9171
-9555
4514
-58
8370
8280
2943
-2508
2993
4910
-4607
8773
2790
5262
6901
2130
-9002
7720
1389
6215
-1517
6765
166
-3181
-4443
4481
-2396
-2023
4304
6164
-5496
5229
-96
-7699
-1639
-8290
-9960
5211
-413
-4297
-9289
5678
-9440
-5738
3503
1064
-6243
-524
-2531
-7013
1061
16
726
8692
-7625
5549
-8260
1580
539
1073
7415
6745
-4290
-9555
9042
-6952
1419
-9323
-2751
1381
-4101
-4576
287
8826
-1095
-2202
-4782
873
9869
1063
-780
9047
-463
-9989
8412
5545
4871
-4965
9668
-5733
-7779
324
-4704
-3765
4390
2317
559
-3578
-6540
-2338
8616
8364
-2410
1098
363
2989
2549
-1368
3246
-8750
-2401
1511
-8990
2096
-2779
-9292
-4467
-3299
-4677
-9508
-4269
-9369
2926
-2218
55
-1637
-8578
7079
-2648
-9553
-5635
4921
-907
989
4791
-9162
-447
-78
-8168
-678
2349
9076
5621
-2247
-8262
-4114
-1883
-1583
8968
-6572
1713
-919
5419
1240
-2152
-4714
3583
9694
5344
-5793
4277
6603
-7037
5367
-9504
7114
-9269
-211
3734
-8656
5320
-3430
5151
3359
-4755
-350
-4831
-9155
6936
5260
-6375
-987
5961
-7374
-4622
6210
9208
1128
-8802
7860
4088
-8613
233
-4367
4505
7296
375
1407
5188
3742
6178
3149
-5906
8623
-5353
-5053
5894
-7937
-1396
1702
3956
1206
635
-5028
-901
1129
-303
2689
3707
-4877
3730
-1961
4734
-4042
-6162
628
-6827
1744
952
-1759
2313
-7238
9350
-9615
-9811
319
-3124
-9461
-7988
6848
-4714
-7938
5654
7176
-2913
8850
-2936
-8703
-4528
-4381
1792
-9943
-3736
4319
-171
-503
-5789
-813
5191
-6589
8235
-86
-7669
-2894
1413
1047
-9872
4777
3410
-827
-5821
5893
8414
-5031
8903
-4859
-4982
-9658
6811
1914
8981
-7592
3173
2498
4584
3211
666
-3322
-9071
6484
5585
-201
4331
1988
9624
1119
-7696
-255
5703
-7640
-6477
4045
-3034
7574
762
5812
-3276
-3689
-2872
-3120
-4734
-5640
5163
7244
3166
2219
3052
4020
5915
-4263
-7625
-2770
3291
-1279
-8042
-5823
-953
-6243
-2842
2028
-8092
-5375
-6642
1053
4799
-4216
-3659
605
-8678
7999
5211
-7133
6684
6315
2216
-5794
7248
-3678
-6109
-6260
8870
7060
1814
6356
-1828
-7245
8097
7233
-9323
781
3389
3399
7358
1627
2285
289
-9414
4259
6832
6099
6354
-2130
-9994
5806
-2919
7467
2308
776
6239
-8312
-1668
4501
-2809
-325
2623
-8073
2790
-8320
3815
4707
-1249
-3241
-8480
4054
3355
-6815
-6966
-554
3194
-2579
9070
-9956
-4114
-746
-1791
3926
-6107
-235
9812
-2909
9322
-4187
-6394
6294
-7311
-7778
-4244
3534
-4385
-8024
2506
8213
8566
-2784
-5824
-4288
1955
8517
4440
-586
3995
5533
-9630
8339
-9865
-7900
3883
-5457
-2550
7209
-3194
-5615
-6204
3464
-582
-3900
9828
-6209
7041
-8931
-2282
-821
-5951
7704
3195
4966
1313
5848
-8070
2722
-6169
-4831
2531
-3582
2521
1593
7692
-9130
3368
8109
9684
7574
8240
-1610
351
-4493
-6565
-8509
3596
-3682
-9843
-7764
6568
-6025
8701
2365
4865
-1543
-9182
8657
-8348
8945
-8288
-4164
7295
-7710
8297
6715
7663
-3689
-3145
9377
2034
-9313
9619
-209
-5866
40
-5722
9118
-603
5802
-4373
2042
-7931
-5804
9780
-5028
-1745
2086
-163
-4802
5097
-247
2878
-1182
7930
7353
-1351
-3156
1307
-5908
7746
7271
-3085
-5589
-5907
-4734
9477
-4534
-7837
2726
-7301
-8382
-6941
-9012
-6497
8010
6484
1734
-9172
8764
-1776
8965
-3705
-6726
-3916
-2320
5078
-3966
-771
8900
-4813
-6727
-2074
-4558
6742
3385
2707
-7745
-9853
-2124
-3520
-9369
4447
-5839
4410
6657
-6563
-3751
-7932
397
2841
7022
-1550
6811
-7515
3459
6157
-7852
-2479
-5739
-2426
5758
-2508
8721
305
224
-4720
-8542
354
-651
1534
7282
-5576
4922
-9249
8515
-6880
3006
-2452
5752
5937
1917
7859
8139
5962
4205
5449
-7223
-8464
-250
8452
429
-1158
-2665
-7778
-9177
9932
-491
6654
7533
-4762
-7425
2596
3626
-9929
3819
6379
-4269
5010
7137
-4227
5539
-7501
-66
-2226
4275
7395
-3865
-5610
-7164
7771
2271
6350
4402
2361
5791
6434
1635
-262
5166
7212
4634
-652
-4073
-4018
3895
9874
-4915
-9629
1569
-6881
9708
-2083
9803
-4209
-939
-7446
-4851
3598
-5734
-3164
8129
-8417
-9774
-2199
1697
-6103
-1617
2405
-9543
-2087
-9784
-5996
7977
-7273
-5465
-9595
-9380
7679
-3430
-4484
5709
6029
-4791
-4689
2266
-7325
-376
3089
1872
4752
7588
1231
6819
-9890
3464
-3542
8554
-6868
-4068
8032
717
6588
-883
8847
7491
-892
1243
-7220
-475
237
-8805
-939
3965
-7221
-2036
1014
8154
-418
-8845
-2861
-5948
4791
7974
-9465
6914
4883
-5220
5049
-2464
-1805
9631
-1772
-1237
-6085
4191
-4183
5451
-7958
96
4252
2329
-7190
1048
5565
6640
-9807
611
-3912
-9144
1100
6640
-4796
6260
9717
-4353
-2189
7172
-7353
-1573
4669
-2373
2544
-6381
7296
317
5332
-6156
8642
-559
-247
2850
2886
2295
-2517
-1476
-3016
-3193
9208
-1511
-4314
-6484
-4546
-9083
6386
-3497
-9193
-2585
6209
-1717
-2758
397
6142
315
-7755
-4295
-1134
4743
-3499
-741
8841
-6895
-923
9949
1559
-7475
6393
-4523
-3521
5330
8387
-7290
231
5200
-6189
9329
1235
-9799
-8710
-5436
527
9132
4814
9459
7788
-9219
1916
5821
1746
-4753
-2306
-3033
-3732
3907
5772
5737
4084
3603
978
4276
1672
-5053
-2556
-3137
-7976
-5065
-2937
4627
9508
-8055
8486
4908
-7163
3530
4284
5637
3153
-3378
-9087
-4118
-5121
3477
5101
9836
-2693
6074
-9761
2501
-4115
5142
-7410
-8695
-5141
4832
-71
1461
8922
-6360
-7256
8369
-7092
1887
9270
-50
-6288
8998
2605
-5687
-3224
3420
-1619
4664
7061
4254
8878
5414
-5865
-7180
-9201
-7436
4763
-4791
8952
3024
4977
-3995
1942
-1650
2400
6201
-1958
-2615
6270
-6395
-5940
6157
6352
-9279
-7404
-9080
9438
2966
-3910
-7296
-3691
9017
4047
-4137
7151
-9259
564
-1359
-8028
5452
4872
2988
-5519
4593
-9718
8186
-4601
7735
43
-9194
-1445
9611
6998
4681
-1772
-4605
882
-9339
5883
7549
8223
-8351
-1875
2955
-8678
-2613
-6507
-6292
2346
7509
-1610
-2271
8507
360
-973
-1524
-6596
5519
-659
7436
8273
-168
6730
5734
364
-4643
6614
5294
-8780
-591
-9744
95
4443
4447
-6447
-8373
9802
-5811
1825
-366
1625
-2125
828
8167
6566
-2939
2247
-5987
-6200
-2075
8248
-5275
5387
2634
9604
-5396
-6121
-6341
3343
-2680
-8413
-885
-5480
5616
2016
-1156
2612
-2285
7458
-3391
-3451
3238
3215
6365
8915
6014
-8135
-2215
-8323
-4891
-2533
-300
3690
-258
-2511
2344
-8622
7881
9354
8674
9755
-8778
-1417
4581
-8238
9709
-2592
5806
-2769
9411
7721
-7203
961
-2929
-6342
307
6313
-315
-695
6028
1958
-6705
-3789
-7056
7201
-9836
3505
8736
9841
2209
-5921
6112
2362
-706
7272
-4157
9744
5483
1776
4350
-1098
-4702
-3529
-6067
2995
-1622
9083
1830
6254
9948
9469
1137
4081
4518
-3841
-8238
-4159
2878
-9902
-674
8982
-2977
-3972
-2624
-2939
-8757
9379
5136
-5171
476
4754
-4345
4085
-5964
-2830
6671
-6569
-3433
-5453
-3518
-8171
5903
-1945
5010
6988
4158
-5231
4867
772
-9097
2042
-7613
4633
8554
6518
-6241
9500
8440
-2725
-1780
6842
-126
-7537
1595
-7227
4251
5734
-2501
-8865
1489
7883
2214
1828
7423
5966
-2070
-6444
-5718
1310
-2483
3648
-201
-5870
-251
-5449
-3231
-8239
-2739
6270
-3759
9148
-4560
-3707
-1745
-8828
6746
-9539
-2335
-701
-9014
5732
-6494
6951
-9380
-1588
-8898
6946
5907
6355
-6723
422
7226
-6049
-7782
1446
1004
7149
-8737
-9050
3323
-8484
-805
-2166
7792
5895
-6939
-3440
-765
1738
31
5378
-5029
1816
-2406
3007
-1945
1377
2290
6500
-7788
6333
-3706
-4106
-9445
7562
-9808
-9281
-9273
9491
5907
3198
-1919
6586
-2510
2919
7348
-8977
1120
-6652
-6598
-2014
-932
-6979
-1730
-6585
1294
9909
-2695
-2999
9664
-9751
7146
-2751
1045
5798
-7890
5586
1325
-5488
-6735
3261
9729
-1855
-8647
6463
-529
-3454
7097
479
130
-4593
-5570
5265
-4121
-7353
-1343
5997
5163
-3517
1711
-9906
7781
5215
-8388
-4813
6003
9688
1237
-361
-8224
-6291
642
3233
6837
-8000
4947
-8246
-5894
484
-7483
7494
-9043
-9300
1916
-8593
4456
-3511
-1460
-431
-3473
5089
4051
-9144
-7424
-8929
-2543
5093
4703
9846
2659
-2799
6388
-9253
1979
-835
-8291
-6190
-7556
-4407
4537
8765
-8421
-8202
-430
9169
-9281
-1441
-1926
9417
-3374
-3076
1593
139
-4861
7700
7180
-9762
-5007
-4152
-4720
-4644
-3637
1063
-4111
4486
8639
-4406
6953
9619
7345
4036
8068
-6777
9307
-2161
2526
-4642
-2773
5711
-1914
-2493
-2098
-6922
3014
-6563
-9665
-4284
-5907
-7189
-7132
2496
3503
-5919
8202
3650
-1492
-4576
9949
-6226
9217
9652
7549
-4536
8005
1172
5108
9107
2574
3199
5872
-7430
-1285
-821
-8449
-4463
1045
7059
6610
-2283
7323
-5527
4802
1402
3725
9338
7049
-6897
-8005
-1498
5968
1902
-2208
-3447
7362
7127
8723
8418
9274
1363
-2682
-638
907
-3900
-9729
-9283
-8550
5831
3562
-4218
-9
-1355
-847
2195
-8675
7182
-7856
1305
-3373
5897
1978
2170
837
-3742
-893
757
-8878
-7348
-8509
2035
-552
2708
9329
6777
3900
-7899
-5794
-9253
8638
9000
3723
1476
-2038
-5598
8801
2569
-6318
1013
-7373
1531
1480
7767
9022
-8912
5499
235
1649
-2765
6588
-5979
-9611
-8352
-1481
-6953
-1333
2426
252
8523
-1423
8639
-9306
1865
-5983
-7730
8580
-2922
1384
-2013
-8994
9103
284
-6189
-164
5286
-6657
-8028
-603
-4322
-4982
4903
-7645
2326
1898
5254
-1517
5223
8813
-3859
805
-3326
-8062
121
-2133
8033
7846
-2553
-485
-3434
-8191
-269
1391
6940
-9617
-7192
8218
-2417
-2029
-6218
4838
6961
-8859
-1182
8435
3715
-8129
-8611
-5078
-7393
9078
205
5778
-1863
8985
2790
-5322
3937
-1141
-3610
2019
2068
-4756
-4356
5827
9528
5629
-242
-828
9212
-182
-6263
-1318
-9775
2816
-5134
-853
5328
-8082
-9264
-5582
2648
1832
8872
5296
518
-8378
-4767
-8656
5668
-4201
-7900
3579
5189
2279
9227
3983
-8008
8880
-4923
-7606
9215
-8216
-5274
6627
-1180
8720
8223
-5837
-973
2340
6895
6168
3458
8306
4962
6634
-8098
6345
7296
-4791
8229
6136
2159
-870
754
-8347
-8936
-879
2272
5876
1659
-7411
7479
9344
3524
-3387
4485
3281
-4692
2339
-2662
-5726
1241
4279
-5612
-2656
9785
-7529
-9488
2373
7275
3638
-4157
5405
3572
-5134
3502
-8677
-2135
-3709
-6629
6029
-1744
-6985
1450
8233
1745
7777
3229
5774
-7503
-3337
2121
-1943
3266
3356
4421
-2583
35
937
-501
3830
1851
7910
-6784
197
3605
3848
-3510
3252
-1745
8639
4291
1983
4241
-2986
-2649
2009
-186
-8302
479
-2009
9072
-7379
9991
-2230
-1262
-7861
7157
-8530
2124
-4317
3221
-8924
1624
5581
-1273
9229
2123
-6873
-4264
3831
470
4215
98
9413
8363
1180
8350
-1059
-6145
343
-1864
-2726
1088
5082
5144
4917
-6799
7213
-6134
8780
8360
7565
