-9506
5404
-2043
-7916
8568
-5034
-3318
5480
-929
-7159
3223
1716
624
-1810
8376
48
-832
-5203
-1753
-4498
-3777
4711
-1299
-7169
-5602
-2585
-6348
8502
5698
4639
1079
5249
-1164
-2520
-9575
-9092
8841
-6232
-5316
-6147
6065
7347
3660
-6471
7970
-6626
-5513
-5986
1772
-1310
5409
-3699
1102
-1331
-1108
7223
-1267
8602
-8938
-9982
-7091
3021
-9763
-5759
-3853
9060
5863
-8830
6979
194
2534
874
-4520
7121
431
7496
7328
5186
-9846
-2301
745
-2686
8667
9126
-3622
560
-2446
-4999
2343
4030
-5955
2229
-9982
-8288
-4500
464
-9232
-5318
5947
209
117
-2072
-1173
-634
-136
-9454
4290
-470
-9883
5857
6954
-7129
-5911
7868
3812
6675
-5355
91
7958
2394
114
-1296
9547
3692
-4000
-3894
7149
2211
-9710
-9917
-8755
4133
-2283
7898
7203
2679
6366
-4835
-5641
-8302
3700
2982
3828
4597
-1552
4360
5646
9782
7978
8191
-3483
-5171
3320
-7235
7247
-3310
-8854
7828
-750
908
-9216
-9490
7963
8166
-7290
1321
-5005
-731
-3158
-5185
1620
-3004
6241
3210
3042
-8366
-7767
5216
1675
2144
-2219
-3637
-7728
9726
4691
-5170
-1633
-7014
3211
200
8470
7238
6990
-4680
-5358
5936
-3518
8486
-8744
-2466
-5080
8779
2152
-4030
-2234
1142
-3647
-9339
4757
1253
-1479
-8407
8534
2886
-4253
-2372
503
-1910
-247
-8132
-2286
2557
7458
-3390
-2436
-9018
-8460
3513
6926
6024
-4954
3127
-7933
-1803
4582
-5053
-3555
6825
-4382
9401
8827
-7327
-4194
8815
5544
4441
-833
6269
2328
5363
3646
-1160
-6582
3586
6828
-9504
3072
7405
1375
150
6405
5616
8909
7187
2746
-3735
1727
2819
4571
2023
6945
1978
-1098
987
-1350
-2876
5902
4273
8201
-6773
5241
2006
7607
4210
-1651
7558
7350
9400
-7251
-3885
2046
-7354
-1442
-9978
7882
-981
-2272
-7634
3430
7548
7691
8367
-512
-8392
-1440
-7729
-4618
5372
7519
4396
-6167
6105
-9692
6595
7464
5043
6641
7036
-3387
7444
1315
-28
1174
844
-9216
68
4115
-8676
-3966
4201
-9958
-8828
6510
2595
199
7762
8362
7312
-8572
-1327
-4129
-7860
9369
-4462
2103
-4108
-8675
-5813
-8840
4507
-2666
3822
-3880
2851
7303
-1334
-1506
5352
-1599
-1940
4818
-6226
6287
-8392
6611
1421
6301
5331
-3333
-516
2362
9697
-4693
-7577
-312
5338
1918
734
-6739
1791
-6268
-95
1696
-1668
239
-7248
-7718
8804
-8535
6577
1973
7898
4557
-7084
-1939
2218
5307
8351
-3773
-4219
-3680
6084
-7025
4457
706
298
2036
970
-234
7963
4592
7603
-3423
-1767
5232
1121
2910
1221
4135
2493
9663
-5054
-6789
8629
8415
1929
-8044
-3024
4219
-5441
4929
5384
1866
5688
6868
-5019
-6251
5403
3301
3570
-5400
-266
-2697
-1063
369
-117
7286
9115
-6936
3688
-5957
8035
9379
3470
9291
8452
-8747
-4440
-6779
470
-905
6046
-2848
-7276
6575
5029
5803
-4343
-2075
-7632
1358
1546
912
4003
-3638
-5255
-8575
-2120
-4609
-1104
-7515
84
-27
9684
-4749
-8707
-2131
-2909
-3596
2911
-3906
4832
693
8564
-918
7345
-553
-7567
1064
9897
-5443
9778
6824
-6571
9712
-8080
6536
4907
-3765
3908
-1374
-6985
-8267
-7529
-8014
-9262
7867
-3463
-1541
7958
-5936
-7098
-2579
-65
1836
3295
-4595
-2020
4507
-6121
448
-1233
-1741
9543
-2675
-8757
-9413
-5826
-1880
5874
-6056
-3195
-6116
-1652
-7395
-780
926
-7258
3160
-2837
3053
3406
6598
-7389
3904
-9084
2858
-7191
-8421
-5254
-5402
-7192
7349
9953
3300
-5678
2667
6624
1724
-3798
-4874
-554
6924
-4210
8640
-4602
2667
8892
8654
8881
6726
-7322
7429
-1689
-8879
6312
8330
-8639
-8275
5553
-6265
7203
500
3094
-7649
-3301
813
6016
-5841
-6371
-7737
9126
-6505
1003
-5386
-3966
-5842
3847
-7368
-1707
-222
-502
6673
7941
-6655
9218
3893
-1401
-9382
-4436
-6136
9578
-9915
8736
-1386
4590
2132
5512
5471
326
6004
6659
3113
-7244
-995
8718
1161
2066
-2458
-8596
-3817
6594
6157
4043
4634
7664
-5091
8388
9835
4795
-8716
2881
1067
-6075
-3219
-4783
2457
-4025
-635
9619
-9699
1477
-7249
-1802
-9834
-6296
1543
-1979
3449
-2526
2650
8311
3574
-4367
7100
-1056
4552
5363
-6405
1122
1751
9798
3726
-5732
599
7907
1824
2580
137
9421
2602
-1955
-8148
1811
7315
-1053
1412
9074
5233
-8078
-4591
-2241
-3701
-2983
-7691
3411
4342
-837
2753
6870
-6543
-3400
5316
1199
-4013
2825
8447
-6861
4789
-2843
-1002
9812
8418
-3065
2248
7778
-1908
-4335
-5128
-8322
9475
9540
2697
5320
-8864
4777
5588
747
9769
-1905
-2332
8281
168
8292
-6124
800
4377
2379
9687
8343
-1831
1974
7838
6679
3006
-778
-377
8741
2485
-2191
-746
-1900
5397
9275
-4766
7887
1259
2384
-6984
6808
4565
-9881
-5060
3237
4820
6437
-5728
-6915
-6337
-3964
-3358
-8073
9659
3404
-2907
5075
8425
-2133
-1139
9227
2465
-7567
-7597
2030
9790
-202
6560
9667
1433
-829
3838
1406
5388
7968
6871
8691
-54
-9539
4102
-1681
-4010
593
1719
-847
-8846
-7724
8504
-1551
7526
-7244
7924
-4695
-7809
-249
4304
-816
2743
9329
1402
-8361
-4414
2359
-6762
7058
7290
-7118
1858
821
-5212
-6204
-3595
5811
3612
9017
9896
2926
1332
9184
3012
-412
-1370
-5936
-5779
-6974
-7992
9190
3497
7127
-8705
-8683
1658
-6643
-7026
-9805
-3460
5331
7624
235
2218
-3763
-482
-5572
8612
6452
-6561
-4329
-272
-6213
-8002
4109
-4960
7389
-4946
-1819
9908
8857
8176
8639
3184
4067
4840
8378
-8328
-1350
7537
8616
2416
-8163
-9722
-1230
7277
-5438
2081
7378
-8667
-6113
3834
-3460
8252
5590
-5353
-8453
3382
-8737
7896
-1336
7133
3610
-8801
5381
-6429
-8761
-5512
-5823
-7112
4285
-7215
-2381
616
2989
-5100
2066
3899
6673
-1650
-5709
-885
9497
-3008
-7317
-6407
-3457
-3771
-8761
-8966
1243
-1982
9147
4289
4175
9420
2148
9884
-4566
7175
7187
-6995
7782
2145
-1519
471
-2227
-4660
-8934
6568
5728
1907
-2053
-8595
-8739
-4046
4440
7265
4763
821
1060
-2541
-1077
1176
-3048
-8486
-3836
-2726
2492
-5200
1404
-524
218
-5462
285
7276
1921
6550
-717
-2305
-7331
1838
-4374
1386
-1511
-7013
-1966
6023
6216
924
-3446
-9929
-4575
-7401
9261
-3208
-5825
7480
-7770
3398
-6314
-6860
-7582
8326
3674
-5994
7308
2264
-1792
5120
8665
-8101
5943
1108
3347
-8320
3616
6429
5747
183
6332
1356
5913
-4069
4808
-2283
3292
7385
1617
-6081
-7099
-6546
6383
8503
283
-3778
2262
5765
-7934
4325
2524
-8237
-7178
644
2745
9760
-5560
9924
-716
-9561
-8114
-1201
4022
-9662
2478
-9877
6107
6619
2894
-2406
3622
-2290
2382
-1335
5513
-4694
8759
769
-5859
-2494
-3682
2175
9116
7762
-5664
9960
4372
3499
-7874
-4260
2570
1511
2399
-6405
-3030
-7149
5341
-2015
-2676
-9313
-2495
6834
2476
9857
8337
2412
-1157
-8815
-4814
9760
1446
160
-2260
6497
-7643
6910
2287
9735
8265
-7173
-5230
5094
-319
9393
643
2719
7787
-2099
-5591
6060
-8136
8752
9654
-3046
-4378
5242
-2645
-2719
-7271
-4047
9127
168
7432
4394
-9994
3916
-4113
4990
-3201
-7592
4031
-1661
-5616
-6938
4563
-4857
6568
3246
-312
3247
8386
6967
5197
9808
-1163
-5389
-3897
2657
-3637
-2800
4017
9694
-6891
-9639
3342
-5821
2084
7063
2853
9528
-6560
-5344
-6172
-8711
3397
1871
7134
4405
2370
9724
9764
427
-1816
-9044
-7615
6044
-2644
249
-4979
-7960
-7106
3095
4228
8879
6856
8408
184
4087
-5305
-1146
4256
6930
2142
-2368
-29
-7795
206
209
-5021
-2632
8480
322
7352
-4686
9753
-2809
-4296
7872
8982
7305
5223
4770
-6690
-824
2812
3061
-9380
-2798
-142
3796
3989
-8351
-4879
4840
-6194
2953
-2199
573
-1939
9998
-9435
4163
-2179
-2616
-6697
-5269
-7886
6178
2861
699
-2190
9768
3568
7980
-2440
3008
34
-4688
2965
5692
9523
-4652
-9884
9288
4683
7770
-3262
-5917
2962
-300
-7083
7826
5109
1546
-6649
9090
5808
-7699
2630
-5508
-8585
-9181
8801
9592
-6148
9399
2070
1993
8981
9145
4597
-2917
8762
8408
448
-6915
3065
-7286
-7880
2910
-5800
-6479
7243
2586
-1346
2395
4291
-9944
6972
1063
-6330
-6072
4265
-7029
-3713
-2072
-3235
-6715
-2754
-768
583
8336
8445
7043
3983
8025
-7118
-6234
517
-5877
5581
9114
9408
-826
3793
-2874
-2476
5419
-4275
533
-3508
-1637
-4582
-158
6639
9823
5456
-6174
-2252
-3797
-3358
-5968
-8218
6673
5490
7529
-5000
737
1480
-1011
2038
2807
3748
2342
-8515
-663
5850
8910
1751
-4296
-7670
4147
2986
3143
-5929
5361
4155
8586
-8682
-3075
1689
9627
6375
-3731
2029
-2843
-1973
5207
8006
3905
982
-8439
5285
3547
-7929
6515
-6878
8616
7096
1518
-9383
4603
8263
-1442
-2914
6371
8994
7908
3029
9724
-9288
-2974
1496
-2190
3935
330
-5589
2196
7277
6871
6899
-1648
-3577
8570
-3335
-9163
2001
-8862
-1864
-8207
8578
-5519
3477
-7984
-8573
-8694
-9926
3885
7793
8930
6543
4158
-8988
213
-5543
-1380
-3658
-5619
-7603
4538
6815
3391
8108
-7369
3490
3025
-9512
6247
9928
-3699
201
5924
4874
-9822
-9645
-4469
-7422
-873
-199
-2670
-7573
-4485
4551
8866
-1995
2044
-2490
9764
-2762
1061
3449
9292
-2379
-8185
-3635
-8375
9248
-4993
2416
-133
-1418
9605
-3377
5589
-5189
-9909
-9432
-9792
-1414
7826
225
-9660
-6714
-1045
-9924
-4200
6744
8127
9494
3511
5393
-5438
-8917
-8179
2788
-7140
1461
833
-9494
1865
-5863
-6409
3539
7282
3177
-2900
8925
6941
-982
-9699
-6158
-7351
6453
-8335
-4781
-8701
-61
-504
8630
8327
89
2420
1951
4681
-1124
2256
6998
-1386
-6208
2183
-8646
-9438
9661
5841
4453
-2125
3759
5708
5603
1771
7018
5394
3393
-2959
-3822
615
-8832
-1057
71
9097
-6001
-4065
-3316
-4780
-5576
-412
6638
-7722
-6475
-9680
-5219
247
4194
-6230
-8287
4026
-3887
-9215
-5968
-442
665
8712
5348
-8059
-7538
7359
6670
2792
9644
214
-5078
-7938
-3764
-2415
178
-3728
4220
4994
-6232
-2706
-8463
-9229
-5537
2558
4610
1564
4982
-5977
-9201
1405
-2917
-5155
-7112
-2091
2155
8559
-7120
-1913
-8419
-8293
127
-5360
5129
-9669
2676
4324
-7685
-2255
7094
6590
4508
6846
-6728
6053
-7014
-4865
-5941
-107
-6080
7966
-309
2353
-9467
5170
9433
6658
-1938
-8182
8490
-9887
3441
8244
-5375
1933
7061
8827
-456
2103
-6457
-1909
-2399
-7564
-4978
-6102
6497
830
-925
1326
-7912
-2997
-2551
-508
-3959
6818
7509
5246
-6523
-8966
870
-2277
-9052
777
-1943
2225
-5538
-3804
-6453
3594
2240
6823
-3810
2184
6037
5158
1831
5381
-7070
1150
3185
-4398
8281
6410
-707
-611
-4289
3292
8343
2763
-2582
9836
-5951
1731
2838
-350
1369
-1153
-4968
-9293
-725
-1948
9315
-87
6874
8015
-2154
8903
-3174
4522
3507
-9225
9409
-845
-2242
-7099
1868
3188
-7501
409
-1275
-8143
-4996
-9951
-5653
-4562
3094
-2341
-105
2094
-8811
-5394
-1165
-1669
-1590
-2536
-75
-2798
1793
4008
5217
-6515
-7220
89
9878
6355
-8581
7104
-677
-1206
-7726
4094
-3872
-9076
-2154
6014
-3364
7838
-6164
-2035
8667
1902
-1464
-2449
-1516
8540
-3659
1624
-7671
-2691
-7850
-30
311
7803
-3497
7714
-9005
9194
7740
-3008
-5910
352
-5527
-9347
4842
6131
4029
6411
6790
-504
1429
6169
-8993
-6243
6227
-4100
-6194
4652
7898
130
1363
-6275
4711
-5155
6598
-1291
8743
-3876
6855
9350
-5064
-1344
1781
8993
285
9304
3440
-6158
8942
-1002
-3781
672
-3322
4531
4445
-5090
2993
2173
306
4553
4742
-8222
7774
3381
9589
-7065
-3045
-6360
-7614
9681
8684
3580
-199
-8048
-688
1937
3154
-7914
-3599
8470
4687
9975
2731
-8562
-1702
-2054
-2036
-3290
662
3005
-3513
-9027
8110
6876
-7548
9720
-5062
647
-2841
7170
-7489
-8732
-7304
-8585
-1054
-8724
-1067
8324
-1758
1278
-2466
9163
-4556
8770
7426
-6812
5519
9063
-9054
7876
-1947
-3473
679
-7175
-5677
-5771
-9948
-5359
5893
-4806
-3368
-1493
5513
-2076
6102
-2099
-6568
4556
2132
6227
1169
-4731
9651
9136
9486
9835
2862
3064
5379
7188
5439
9859
-3780
-5852
-9453
5804
3968
-3441
558
9781
1037
-1143
-9524
-2993
1253
-262
4756
-3046
6266
-9815
7606
2125
4105
7989
8270
6890
5363
-9621
-6832
358
1746
4518
-6508
6815
4996
-6584
2311
6206
1596
-5382
-3361
-654
7153
-5189
576
-5682
8345
7728
-3857
-8423
733
-6859
6113
-4722
3060
-6552
4356
2827
2781
-5425
-4343
7666
-9032
4352
-1416
3255
-7222
-8318
1336
-6103
-8322
9568
273
1453
-5789
3582
803
5763
2409
8674
641
8591
-1208
-2583
-1694
-3786
-6807
-8998
-6994
7026
7341
-6736
1604
938
-6787
-138
-4492
3893
2423
5624
-1199
9503
-5565
7669
4904
-7577
-6409
2202
-5884
-8068
3952
8133
1430
3964
1822
-6267
7252
112
9749
9304
-2387
7073
-9550
-7603
-3131
-5719
8976
-8560
9114
6336
-2880
7061
-5033
3838
1632
9881
5304
6347
-746
-3307
-7975
-3122
-18
3600
7825
9840
6446
519
1076
7036
-9238
-1510
-639
5210
-7132
-3754
-6954
-3786
-4425
6221
4294
-2288
-7902
-9687
-704
563
6280
-3690
5358
4257
4423
-2254
768
-4106
-1374
2638
-2555
-6123
-5386
1430
-4765
-7713
-1047
8567
2935
-4877
5994
4501
-5842
-8616
-645
2454
-5971
4287
8128
-3329
2644
-2455
4068
-5915
-2170
1942
459
739
-3266
-5908
8684
-4373
-2591
-1106
-8233
9680
-4767
-9720
9390
-9394
2468
-3409
-1587
5540
8169
9476
9725
8107
6381
7270
-4467
-7125
583
7853
-9014
-2176
-7277
581
114
8870
4463
7519
-4544
791
9926
-1655
4515
-8083
693
-5658
-1907
-1238
8118
-1436
-437
-6433
9068
2365
1238
7522
-3814
-5000
-2739
-8903
1904
-7699
2329
4081
-3775
7501
-3276
-1603
-3442
-3772
-5283
-7946
-9435
982
-7243
2718
-4470
4652
-59
-6728
-5733
-8933
-7234
9288
-7810
7116
-4045
4076
1003
4742
-4796
5141
9765
-9388
-3414
-3028
-9448
6785
8722
-3306
-6903
4905
7782
-1211
-4747
8473
2618
8716
4395
3487
5530
-7647
9026
6610
-6635
-1913
5572
-5693
3728
741
-3972
4862
-2211
8717
-3234
6091
1435
-353
7985
650
-1018
-9577
-823
9744
4316
-6391
-1996
-1760
3813
-9027
8111
5437
-7020
-4642
9184
-1585
5725
-5351
777
-9862
-2490
-4869
6406
-752
-8515
-8153
-5122
-3382
-6152
9925
-2345
4353
-1971
-3765
-7005
5579
9812
-6180
-2708
3186
-1753
-156
-5353
6683
148
9995
-7127
3051
1524
6206
1042
8322
-914
-7067
-8622
7353
4536
-2620
-6367
9564
-9540
9956
-5281
9287
-7393
-8811
8613
3947
2260
-8732
4796
-6279
7565
-648
-3571
9358
1523
-3230
-5515
-7949
-3037
3249
-2544
50
-6933
4415
6501
4839
-6608
-8110
-3363
-5265
-2747
-3573
3440
451
-261
-7893
5288
-6830
9172
-511
-9712
4665
4307
7590
-5558
-2087
-5930
4003
-6284
-8703
-8378
5963
-5190
-7057
6665
667
1778
-563
3434
-9307
3600
-972
5152
9901
-5683
3363
-8295
9882
-8007
-583
46
1908
4825
9943
-5181
410
-9334
5004
-1926
5649
4881
-9812
5902
-9503
8193
-5409
-4237
-1985
9446
7397
8282
8924
-9672
4006
5190
-4884
8567
182
-2191
-5681
-4615
9078
1424
8566
-6643
7270
-3366
-6849
-2740
9178
-1751
9926
3243
-4
-46
-8879
-4621
-6560
4781
1973
6944
-188
2473
-5731
5354
-6414
-8834
-7982
7105
-8975
5548
-4583
-7761
327
8988
2011
-3016
-2145
3312
-1544
4678
7079
9808
6099
6786
8158
4413
846
-3977
-2776
6645
-9693
9481
-803
-1451
-3734
8091
-5419
9614
6447
1226
-653
9224
-4691
2195
9784
-8493
-575
4850
-9905
-4015
-1304
-7414
-7976
1275
8183
-7904
6941
-9075
2994
-2079
6054
7024
-1048
1523
-1031
-5600
2266
-9285
-5647
7740
-2264
-5977
5995
6442
-8002
-7375
3584
1405
-4625
-6774
6806
5249
-7028
6756
4651
-7120
3951
6419
1764
-3444
694
-2096
3159
3194
-3515
4599
-3951
-2106
6943
3055
9733
5912
-4383
-7331
-5902
763
-9561
1107
-8336
-3889
4401
2809
9436
-22
-968
-2464
-3623
-3329
-8441
9133
-7511
903
-3213
-6442
-5379
-6156
586
-3040
-8111
3467
343
-7198
2873
8038
9235
5117
-5733
-3925
4335
5202
-7337
-8975
-3602
4178
-292
-3242
1375
-6446
-6997
-264
9558
-174
5265
-2663
-3392
-2335
-8586
5796
-8832
-8702
2391
-2589
2999
-4113
6300
9260
4596
-5950
1070
-6946
1459
-732
9479
5111
-2153
9829
5083
-3266
904
9680
-7149
-5433
461
-4455
5329
40
3679
2795
4845
-9579
9356
432
-4541
-1185
-284
3203
8223
-9169
-4721
-1337
7662
5582
8443
9293
-4965
6691
-3838
-2403
7120
2916
4832
-6734
-8826
481
-4442
9208
-4386
-6977
-8848
-8181
2385
3753
1810
1876
2644
-8896
-6296
-1654
1407
8150
-6128
7300
8766
-4346
7696
-1732
8510
-3152
9540
-6371
2929
1847
2691
3530
3642
7454
4299
4807
263
2262
-4032
-7035
-8556
3242
-5310
6962
-9957
41
6863
-3234
-5206
-5789
-26
9224
-325
-6690
-4012
511
2543
8725
7512
3809
7893
-1748
-4295
-3436
1580
6541
-8820
-9699
-7765
-4093
-9847
-6996
7476
2826
4336
5402
-1450
-9262
-2009
3560
7260
2630
-8776
-8486
7867
8242
3057
2889
7533
-6336
2792
-3238
-1639
-3591
-3644
6175
6084
6412
2218
-9078
9718
-114
-7274
2779
5167
2048
3232
-8571
1392
-8188
7718
-7406
8159
-7038
-2233
-3945
6715
2427
7910
7127
-9674
-7409
9770
-2654
3297
-3227
7373
-2639
8523
3220
-3168
-1957
-5067
-1002
-6281
-3098
-1867
-1269
7900
-9103
-3295
-7918
4286
1757
-1832
-5223
-8288
-8220
-5047
134
3012
1365
-9337
-747
-3349
7921
-3057
-6379
-5341
4211
8998
-787
-2662
-441
-5960
-692
8773
3605
-629
7940
-352
6628
8750
4426
5906
-6671
508
1168
7053
4377
-2740
-8026
2903
-1357
-3395
-6424
-6371
4707
9978
-8671
-1349
-114
8955
-4396
-5896
-1887
7688
2557
-988
-2372
1998
-1228
-8249
3411
6380
3849
-5576
5227
-8339
163
8219
5596
-8636
1969
-1321
3224
-2724
8747
4984
-3799
1549
-6621
-3281
3406
-6844
-2777
4099
175
5531
9950
7123
5123
-6666
1485
-1422
-5295
-3554
-1036
5579
-9031
9997
1214
3305
-9977
4414
-2244
-8271
546
1001
-2426
-5437
-7677
8393
2238
9237
-6900
-9432
-7804
5013
8602
6973
-153
-106
-5496
1252
1992
-3479
4984
8920
-1117
7800
7796
2207
-531
2239
-991
4906
8515
4759
-1740
9036
-1372
7901
-6885
-2701
9190
-9427
-708
3486
6524
-570
-9175
442
3968
114
2447
8354
6322
-1434
-8900
3034
-9757
-3062
-8965
-6770
106
1490
5371
-4778
291
-2707
3291
-4105
-1684
-6167
3338
7527
3712
-417
-9972
578
-5680
-5048
-5992
-7778
-3368
852
-8495
-4961
-162
2491
8832
6885
-4448
-303
-6470
-9529
-8403
-2994
4191
-7751
-6659
6646
-6260
7343
-6775
1609
7248
7460
-5030
-2626
4979
-5418
-8027
-8479
-4303
3419
5656
1051
-487
1469
-727
-13
-376
6536
4697
-9706
428
6882
3966
-646
8275
-6636
8838
-8
7543
2541
8934
6770
-2118
899
-9104
4565
-5937
8318
-3170
-6542
-3619
9575
8290
9696
-1780
265
1707
7557
4303
4573
4687
-7745
-9987
-9048
-8546
8433
-2241
-103
-4357
-143
1974
-4920
-8036
6394
-9231
-4922
-1092
-8952
2466
3850
2991
4965
2167
6657
-1589
2417
266
6233
-304
5829
6590
-663
-6661
3652
-8322
-9579
3706
-1768
8720
361
-6701
2442
8124
-7310
-2651
3261
9668
-9695
3029
-8715
-3409
-4848
-6756
3950
9629
5811
4703
-4455
9139
9276
-9443
-3449
-3412
-1301
9762
7445
6983
3819
-8599
-2428
5896
9514
-4551
-3633
5985
9984
-1860
4799
5419
-5702
8237
-7176
-3275
-7746
6825
8291
-1820
6547
-5052
8703
4121
4303
-3715
8408
-5674
-4844
1887
4948
-6645
9076
-2943
7022
-9773
2537
5724
4710
-7184
2834
6354
5595
9335
-8467
-8173
-9667
-2075
6025
7427
9303
-5121
3000
5969
5609
-2517
-3748
-7730
-8470
9211
5663
-1975
6703
8517
-1118
4463
9532
3447
-5991
3358
-9622
-7512
2550
7218
8439
8751
-5214
7951
5771
-3009
-9654
-7159
6473
-2361
7208
-1857
6584
-2917
-8456
-9967
-7752
-2302
-6299
-1405
1594
4558
-4030
-9844
296
669
-6175
-8837
2835
-9751
-5067
-1196
8537
4549
-6092
-8659
5904
7398
5828
-1524
-3637
-6348
-5466
-1227
-3756
3851
-6468
5108
5434
-1412
-2036
7951
-3136
-4090
5463
2058
-2996
-9668
5750
2578
4799
-5639
-4662
-1880
9756
9194
-8988
-9765
5974
-2386
-5561
-2436
-1393
365
-7157
-6141
3154
5967
-7503
-6024
-4784
4233
5598
8298
4956
-7132
-7492
1430
-5788
-2470
1004
-4913
-2096
-7491
2459
396
-4259
-5515
8758
-1510
5199
-4870
1016
2307
2027
-2543
-4830
-1659
-1807
9336
4900
7687
8426
-4100
6958
9468
-6096
-7341
4043
-2161
3456
-980
-5591
4439
1251
7990
-8731
-9008
9282
7808
-6810
9688
-308
-1467
-3320
1543
-8993
-1515
560
-3217
-8095
-7490
-4426
6035
-4050
3690
7238
1557
8795
1021
-5604
24
6580
-7311
-9276
-5123
-540
943
-5450
1458
-3539
3885
-1671
-3615
-7511
1922
8642
-9503
-9136
-7867
-6002
5469
-2570
-9189
3552
-7703
5243
-9461
-5882
6441
4962
8489
1207
2531
7823
5516
2472
-1626
4767
8704
-6680
-7809
2291
-6673
257
-9410
-6022
4508
-6592
9564
-4913
-4732
-9721
-7906
3400
7942
-2141
-9163
-3456
578
-6653
-6941
-9201
-4697
-1043
4866
-7975
6558
-7340
7142
8944
-3646
8992
1680
-4628
8405
-2661
4843
-4796
-4313
-4
-9884
-2532
-6093
-5196
5797
1309
-8221
-3999
-6210
9213
-6881
2604
-709
5975
7918
-9656
-9202
-8855
-6686
-9468
-6061
-3571
-8613
-5674
1188
2505
4959
9492
7040
9926
-5588
-8437
-4990
-5415
-8712
-2541
729
7567
9846
-7166
6424
-7972
251
1411
-1161
5385
-4108
2826
-7018
640
7519
-3107
-1801
6299
-1000
6420
2305
-6681
-2775
1302
4692
7121
3324
3967
9355
5747
-8167
-3231
9269
-504
8786
2270
3727
-1651
7626
-8487
-927
-4413
6373
5502
-1240
6471
5583
-2310
-5940
4023
-2993
2360
-5679
1470
8047
-2464
-4180
-5767
-5749
-425
5821
-1073
-7600
1902
60
5353
281
-5861
2489
5897
5261
-1379
-2958
7556
1967
-9670
-3467
3194
-6183
-5382
4331
-8220
8679
-4559
3531
294
4867
-3110
-1802
8375
-2612
2936
-4022
694
-8719
3664
-368
9605
-2794
8972
-3771
6755
7266
8381
2670
-4393
9358
-2668
-2158
9661
6666
1794
-5293
-7881
415
-9969
-9216
9055
-4808
5593
151
-6740
8842
-4365
-1968
-5946
-9099
-6001
9915
-1171
-6636
-3341
-414
-6512
1067
-9061
3655
-3821
9427
-434
-6662
8596
-5395
1485
1713
-4699
9060
-1460
-7187
-6593
-2739
9370
-5293
3510
-6055
-6547
-5499
227
-7894
6060
-8582
-6842
5301
-7364
-8689
9515
6139
-6517
6331
-9397
-9436
473
991
-9759
9438
-1592
-3052
-6641
4046
7376
1705
6790
-7386
1876
-7608
4392
6606
1138
-9797
-8946
-7894
7719
6822
5503
-2918
1988
-4228
-1591
-6318
132
-7015
-638
3700
-445
9199
-2407
4608
-6474
-4510
7699
-8357
-3539
-6884
6279
2151
-6235
2626
-1421
6830
-7784
-2268
-6280
1038
-4854
-2375
-5737
3292
1965
-3697
-1516
4668
-8851
-7827
8243
-7707
-342
4387
6702
-2027
-8777
-2713
-2402
-9631
7452
-6869
2170
1142
-6714
5442
7586
9650
8910
2439
3101
-5931
1119
-7492
-3562
-448
1165
-1123
3844
2978
3821
7321
9740
-4720
9329
-4917
7734
-687
9596
-406
-8465
-1739
-5143
3501
-9481
-9248
-8114
3574
7467
-4336
-366
8471
-7202
8205
6879
9534
8962
4916
-2063
-654
9266
-1080
6311
-4076
8323
4634
-2394
7884
-7444
-4864
1619
7247
-3486
1001
-6740
-7603
-7486
-5967
8836
-7875
-9142
6258
-1983
-2147
2409
-2393
3677
3361
-6098
-3829
-9973
2404
5560
-1152
-3569
7181
5258
-9460
7494
8742
-5847
-5034
-6806
3998
-7597
-797
8350
-8344
-7560
-6612
9179
5592
-7478
-3169
8779
-9395
3210
-6021
6074
3945
8283
691
9699
-2112
7350
2313
-1360
-6495
4128
-186
284
9862
-8999
8001
-5266
1289
-3036
4980
-4636
8485
-8701
-3680
-9565
-3621
-492
-8060
-4924
-4376
-9684
-8692
2409
143
7572
-1049
-882
-4576
9652
-6164
1585
7638
-6817
7276
4709
-6688
-1380
-5803
3485
3111
6793
9573
-538
-6652
9460
2808
7475
2381
-6624
-1983
9707
4673
7759
1181
-4892
3116
-7878
-8546
-1065
7553
4114
-6165
8805
8028
8304
-101
9726
4496
-8474
6054
-5786
-5141
6672
-9401
-7939
-9202
103
6617
-4846
-7454
-7129
-9162
4323
-4917
-3485
-9048
-2426
8629
-633
6432
-7175
9180
-9507
-9811
-1573
1246
8581
-5580
8954
-9275
1656
-2340
-47
-3404
-1956
1867
4284
-6763
-7328
6398
-1420
-9511
7567
1222
-6058
1649
-2883
-214
-7812
-2253
-6309
-3252
2950
-3722
7459
2447
-2538
9415
-838
-7967
-2518
-721
-6468
5754
-4097
-7937
-3963
9732
7737
876
-8122
8938
-2258
-5599
6252
6360
-178
-8178
2828
8356
2086
5407
-7754
2582
-1630
-5451
-1163
450
4121
-3830
2074
708
9143
-7567
1924
3306
-2620
-7619
-4969
9808
-4113
8409
8093
-3485
3087
-4675
4491
2078
6622
7075
5881
-9438
-3322
9819
-8654
1783
1732
8249
-8195
5648
8589
7387
-5965
6057
-3009
6384
3510
-9918
1454
1271
2777
786
6905
7945
2398
1131
-4543
5008
-5066
-215
-1251
196
8729
7240
-2250
-4027
-2439
-3510
4117
7822
-9283
3481
-971
-7739
-4548
-5191
9604
-614
-8852
8769
-3145
1873
3651
9488
-7150
-222
4784
6435
-2666
-5432
9445
-4267
-9781
-1844
202
-7204
-3891
74
-4205
-4906
3401
-8300
-3711
-1462
-5504
-9145
4507
2154
1821
-7386
-4519
-7178
8048
1196
-3975
3977
-9529
8388
-3250
6813
2392
4671
-1227
5447
3516
5539
6181
-8893
533
-2851
-5517
-8404
3196
-4748
-2628
-2019
-7924
-6344
5365
-7210
3089
8540
-194
4324
6694
249
7996
953
1148
-6110
-2267
6124
5474
5301
4811
-3622
4489
9798
7286
4340
131
-4482
-7377
-9926
3633
3843
3346
-6583
3596
6424
-6807
8833
7160
384
-5822
2248
-835
3603
3162
2281
1916
-4978
5208
-1916
-5694
-8555
3462
5874
-1068
-5105
2390
368
7284
-1218
-6351
4211
-8736
6170
1841
-3736
7150
-2118
1687
-6534
-1406
4482
3245
9796
-7522
-8689
7387
9295
2118
5181
2227
7412
-4561
5753
-4773
-2773
4228
4147
-8167
-8549
-6538
8101
1682
2754
-6953
-3458
-1719
7041
1834
-8121
131
-7798
6744
7342
5216
-73
7061
4093
-3721
-7231
3728
-190
-3505
1515
1797
-6367
-4587
-1116
9773
-4937
-4313
1516
-3387
5143
4650
9917
3502
-5021
-2004
498
2759
2977
4904
-6243
-2686
5882
9565
4990
-431
8775
-3276
8346
3424
-7382
5658
-4565
-9506
-3887
4806
-5821
-8329
-9695
-2196
8305
6486
5592
3409
-283
-8413
6064
-4589
-5247
4825
-9492
2741
-6458
1174
-9788
-1492
1107
-3641
-4245
756
-6944
-7679
-5919
-8995
-1908
6970
-9681
6376
-2128
2041
-7070
8784
8945
2839
-1974
6257
9406
-5649
-8213
3490
3174
1644
-9552
-5870
-8623
2813
7320
-6233
5701
-2796
3045
-9741
-2319
9181
-649
6152
-9785
3380
8597
-5015
8126
3892
6873
-6764
-2249
1072
4474
265
1502
-9775
-207
-6915
-9838
-5051
-1714
5773
-507
-4082
7657
-6195
4095
-6666
8389
1425
4380
6019
7228
-3982
1714
4820
9151
-4963
6174
2037
-5720
-3854
1544
-686
-9835
2931
5637
-4336
3027
-7379
-8343
5607
3556
7433
6036
-4823
-4687
-6434
5313
4221
6332
-54
-1799
-469
5415
1941
-9029
-5530
-1248
9365
2275
4746
2356
4480
-6288
-7729
9004
1642
4225
6128
-8071
-2964
9469
-3876
-5280
9573
3569
3632
5616
-7314
-3990
6257
-3019
-7640
-2621
3219
-150
3021
1223
6675
-9341
-9520
5749
-8612
-9786
6123
5255
4054
5434
8398
-1579
5980
8778
6092
9509
1202
3217
-6711
5435
6544
1259
4439
9527
6511
-4196
-6628
5281
-5199
-3016
7124
-3702
9192
7898
274
7205
8175
-8946
2243
515
2049
-3887
5424
7354
-4749
-3639
-1772
8801
4789
-178
-265
2757
-3206
972
9949
6405
-3785
-7422
-873
-6113
749
2544
-3620
-5538
-1072
5475
-4116
-6051
402
-2517
-9243
3950
-707
-629
-6582
7885
7372
158
9824
224
5838
-6569
7434
4415
2682
-3305
2548
-3824
9973
5709
-1068
-6465
-4691
7252
676
-1639
5376
4038
-5042
-2631
3991
-9344
-6156
9983
5580
-6787
-9598
-8130
-7306
282
2281
-401
-3573
-8116
-1525
7174
-422
-5898
2956
5461
-4712
-8498
-5379
-932
-4460
-1338
4224
9955
-692
6704
3811
-7933
6170
-3390
5740
-1015
-5390
-6643
-4451
-1806
-8382
4502
5853
-2554
4180
3488
5092
5914
-3234
-9663
9515
-947
-3417
-3098
-2777
-3084
4132
-9204
1677
71
9724
-494
-6073
-8830
-4976
-3221
-8232
4468
6729
1214
-4928
8380
-8481
1947
-6182
4442
-6603
5370
-6997
-9113
-9801
-4612
6823
7225
-4109
-3652
3728
-3859
-9166
-5364
2670
-2314
-8563
5542
9609
-1426
-1271
3206
-9337
5237
7936
-9132
-7195
-9237
-2882
6334
3598
79
5154
-8255
5941
-5803
3514
2068
7475
705
-8261
1659
-3512
1941
5263
-7727
481
-7409
-3998
1070
-4295
9566
9840
8621
587
1124
-4663
-7420
7021
6242
883
-5253
7851
5827
-859
2850
-9312
-1762
2884
-7357
-6070
-4903
9727
-7950
-8210
3280
1988
1258
4729
4506
4535
7210
1323
8389
6690
1877
-8369
-2692
7127
2539
1416
-402
-7990
-6841
2916
-2313
-9296
-6770
-8397
721
9757
6361
5808
5177
-1510
7492
-4237
5126
-739
-4986
-881
874
-3090
9120
-1488
-9327
-1283
8083
3374
-8480
-8347
1519
-6295
159
5489
-6305
118
7649
8168
-7842
-3465
-9285
148
4973
525
-4800
-2415
9107
4982
7985
5119
6296
-1041
8603
-2897
-3860
6580
8250
1261
-8404
4579
-5632
8161
270
2684
-2782
8942
2533
5300
1290
-7575
-5854
-9542
-2891
-2385
-2533
5552
-5298
-5393
-3938
4171
-8431
-9595
1285
4176
5456
8708
-5897
676
5811
-8955
-4463
7789
4121
-2673
3973
356
4681
7319
478
7345
2711
-116
-9168
5013
6339
-9240
-9512
2868
-8988
9473
-1586
-9847
3276
3745
7084
2812
-8042
9989
-3887
4540
-8666
-9424
5194
-55
-5068
-9290
-2724
1125
1253
3401
6003
1859
9567
355
9763
6294
9949
7694
-3082
7379
8068
-3129
7269
9036
-5620
4403
-1662
-5664
6594
3769
792
-6841
-8981
8092
-7171
-9768
5505
-6732
835
6860
1013
3084
7549
-579
-2179
-2313
-2992
-721
-3411
2497
1481
-5347
7576
-6029
7784
6588
3863
-9119
-4712
738
-9643
-2173
95
-1194
-5166
1050
-9542
4748
-9587
-735
-7105
-2091
4936
4169
-1170
1078
-31
6643
-9574
3733
2964
3407
-1833
-2236
-9437
-6765
-1682
4144
-9817
-7826
-3679
-8422
-2713
-6351
5428
-1467
-7074
-1716
-1354
-5156
2084
207
-6330
-2637
5504
-3912
1022
61
-5117
-5686
7119
-6291
593
-4445
6896
-92
1890
840
6633
-4749
4805
-9647
2014
-9947
5404
-4077
-9498
-393
266
-5786
-8231
-6362
-703
4817
1745
-7079
-7328
-3187
-8124
872
-7122
-654
151
-2012
791
6943
-1782
8427
9092
-8202
7327
2472
1240
-3274
-1484
-2303
-9971
-5025
-6009
355
-8957
4182
-4678
3740
979
-9421
145
3225
-6882
-2951
4124
-7906
175
2821
-7726
-8505
6137
8722
-250
6001
2328
6247
2644
-7656
-9070
-1510
-4007
-2206
-1882
201
2075
-7319
4608
8999
303
-7534
-2809
-1279
-7976
5339
-471
737
-2295
8056
-2501
6918
2203
6655
-3552
-9752
-8174
1190
-646
6577
4337
-9028
7520
1949
8540
2444
571
3749
-9630
-468
6717
-4255
-6212
7309
-6577
5666
-8820
-8579
-9928
9716
-489
4774
-6327
6566
5871
-4512
2689
-9398
-5581
3923
481
-369
-8360
7132
-7094
7675
-5958
6910
-3494
3421
6311
-5050
8691
-4826
3767
-838
-7741
-2643
-9370
-6357
-5469
-4590
-8853
-9328
-7910
2645
-9066
3711
288
4009
5359
3349
105
-7260
-4251
2521
2938
6029
-5133
1733
-3836
-2415
-8602
-6413
7572
-7185
-1417
8639
4908
-5588
-5703
-2163
-4910
-4150
-3774
7899
-7750
-1569
4398
3039
-7660
-8171
-5834
6707
3783
-5575
6114
2596
-8620
4806
6158
6173
3269
-3315
-1484
-6589
4755
7206
8645
9388
2969
-5263
-3750
-7110
7510
-8854
4249
-1919
7085
7326
7268
-6705
4005
-9796
7787
4308
7227
-7735
6103
-5455
441
-1723
7708
7199
-1291
8995
-184
5874
3431
8125
-5281
-7510
4410
-5114
2973
8149
-7826
-4963
-5242
851
8379
8640
7713
6475
-892
7031
8934
9328
-7183
4170
871
2437
8424
-9154
4294
-4968
-6115
-7953
222
-5357
4199
4279
2750
4466
-3176
1643
5150
6580
-350
3242
-5316
-5798
4133
-3012
-9913
-9751
-2348
-9557
6528
7046
-2327
9168
-4845
-6779
-7001
-1588
-7046
-7936
3448
-1759
-9406
7583
7403
-5000
819
7912
-4677
8005
-247
-11
4494
7922
-657
5654
-4640
7980
-7857
-2767
2055
7258
-1798
-9439
-6945
326
-6163
3117
-2417
9395
8339
6070
9202
8853
-675
4972
-7203
5328
-6866
9674
-8096
8698
3683
3111
-2076
-4246
-9335
968
-6030
-7944
-4538
9361
-9175
968
3620
-8360
9048
5380
-9145
2858
5286
-5973
1251
5368
3045
815
-5910
-7558
59
629
-6910
-40
1123
507
-7920
2362
-5550
-3324
-9841
-377
7114
1893
6983
825
-4490
-4204
2194
-6654
2469
-2131
4557
2800
-2313
8404
-5637
803
4022
5031
1510
6098
747
6487
-334
6984
980
2848
-5087
-7180
426
7338
1977
1555
1761
-927
1377
-4789
-2004
-2663
3148
351
9275
-3114
-5443
9830
5431
-8996
-1936
-7110
6348
4825
6757
8178
-7589
2366
-3972
4350
2812
-552
-3166
6857
2227
5864
-1122
3579
-8713
-5952
9930
3201
2851
-2423
7041
-8518
606
2995
-959
8974
-7640
6600
-9133
8360
3938
8298
2168
-3165
7736
4518
4819
6005
1247
2452
2551
740
4819
-8687
4700
1701
358
5467
-590
1570
2318
-1254
8303
-2063
-6748
3976
-2604
-2852
-4394
7145
5059
3777
6895
5169
-8658
4391
2176
3621
4547
672
2353
2568
-8922
188
6837
4472
1480
-4124
-1821
-5704
-9118
-9235
-5940
-9312
364
8187
-4024
-5674
-7902
5015
508
-1056
-2221
-32
9352
6424
-2867
-4
1296
6507
3296
-6789
5967
-6658
-4306
1686
1901
2485
4187
-6618
-5752
-7535
4423
3944
9486
-5765
4373
5311
6647
1302
9581
2546
2917
3603
4680
-2562
-2829
3680
9104
1964
-5153
1996
5187
5760
5494
8250
197
-2962
7060
-3821
5337
-9281
-6986
3357
-5813
-3522
-8550
-6686
4356
2908
8219
-4168
-3538
-2963
2334
-2111
4657
4777
6560
-9320
-3947
-7546
8354
9497
-4693
5360
-3688
6144
-4287
-7065
-1367
5088
8726
-2114
-1505
-246
-6194
7844
-3173
-3627
-687
1707
-7737
2884
5602
-9497
6763
-6981
-4851
8941
-3068
6596
6819
-435
-4716
2445
-1110
-4635
9525
360
4826
-902
-9824
1482
-2567
-3631
-6883
2313
-2588
2774
-9298
1352
4427
4165
-9046
-7428
-3286
9542
1585
299
2738
-9161
6073
3763
-2732
-5618
-1930
-1566
-4362
5988
-9871
-605
2154
-509
6467
-5071
-3131
-8504
1414
-2149
65
5035
648
2592
-4090
4852
5557
-5378
6657
4218
9801
-4480
7247
8055
547
-4425
-8398
5157
9495
4748
761
-601
-28
5738
5283
537
-9270
7031
-4970
2965
7802
-8546
-4095
7046
592
-7118
-8998
7200
2634
-9589
7477
-5016
4779
4242
6019
-2051
-9970
7768
-3562
773
3420
-5909
819
-9251
-630
-4535
4328
4181
-1986
204
-3908
-7138
8325
3339
8425
-321
789
5544
-8613
-4655
5113
6946
-1347
2789
-7317
8957
7026
4256
9127
-7834
333
-745
-3383
-2132
-280
-6425
-547
-3818
481
-600
4612
8182
1756
-6258
-513
-6841
8007
-8318
-8676
-724
8531
6187
7672
-1639
4747
9017
4668
-4116
57
-9130
-3309
-7716
4952
-3391
2904
701
-2854
3330
-8420
-7189
-5301
-2152
-6192
-9835
-8149
7188
-5916
2540
7455
-6501
7345
-5660
585
2263
2171
-8803
950
-2453
-7674
9793
8732
364
-5151
5920
-9117
-4530
-965
-7606
6023
-3230
-1901
9616
8744
-2878
277
419
9354
1078
-6248
-8731
7144
4654
-8791
8574
4718
5870
-7092
534
9483
4501
-5461
6161
6086
-7821
3615
-1083
8180
7525
-832
6349
481
1778
-8920
2434
1284
-5997
-519
-573
7756
7800
-4477
6719
-8292
6625
8151
6000
5383
8680
-1265
3222
-9820
9373
-9823
-6159
-31
4664
4850
4864
4279
-3940
5396
5185
-4320
-2757
-434
3809
-8716
7211
-4881
-7360
-6582
-50
-5811
9312
-5815
-7132
-8350
4127
5168
4622
1516
-8861
-4166
8174
6509
9389
4735
-5759
5947
-6359
9308
-1657
-150
3991
7714
-6953
-2255
-8450
4060
-4499
-2082
803
3598
7620
-6751
8169
6514
-3167
1471
-4705
2071
8344
5265
-1978
-5889
3899
-4755
7392
-5847
-2816
-9818
-6532
-8500
-1813
8123
85
-9799
-612
8699
6445
-5335
7216
-963
1049
-2263
9936
-6424
-6399
5066
5951
1879
-8376
4559
5950
-105
1966
4343
8902
4539
-9826
831
-2145
9073
-9345
8291
-482
4351
-4063
-4332
5705
-6021
6517
-298
6210
9264
9944
4369
5405
-293
-1530
5093
453
1142
-865
9190
-4801
-2119
-2061
2115
-7444
-1482
-8602
-7060
-4936
5841
-903
-8406
9841
-9673
1131
2327
2846
-9157
1404
-1410
-1747
8625
8587
-2651
8622
5311
7757
-7411
-2345
1486
1427
7053
-7269
-2328
-4715
-5365
5374
-2999
4242
5179
-7025
-2147
2723
6900
4173
-755
-876
3253
9471
-6800
9411
4790
2035
-5474
-2733
-153
2657
-7557
-486
9345
9910
-5253
-937
1272
4730
-3181
-9417
5940
7334
-6039
-5577
-7584
-9194
1559
3252
-987
4390
6564
-5178
1601
-5656
-1914
-205
4909
-1940
1175
6072
-3576
-4541
9636
6757
3502
-9261
7493
-404
3491
5821
-5720
-5205
-4123
8851
-3053
-8222
5778
1948
7439
-2556
8727
2308
-8476
5054
-3857
6982
3008
-7637
-2415
159
6754
328
-2317
-8593
-9901
8404
-8164
5552
-1436
5319
8149
-5335
-3337
7617
7573
9127
-9284
-7337
7419
8299
-3243
3730
9230
2047
5959
6516
-4085
-8284
4753
-1723
-8787
2048
-7174
1579
-3765
-2511
-6567
1095
9078
-8742
7795
-4857
-2244
-9576
-9952
3251
-5681
-9551
-7870
-5618
-646
-3392
-5315
-9347
6876
7083
-5597
6798
5023
5503
-2320
-5655
-861
-6237
4807
7510
-1059
-7915
-7315
-6412
-6225
3540
-1161
7526
2866
6617
9592
4964
-1539
7151
3443
4677
-4651
1313
-7526
246
-4271
-1488
1786
-3822
2702
-1069
4493
9234
-3140
6892
-4222
1259
3641
9187
3153
-3992
1567
-1007
7970
-4174
-9497
-8911
8814
-6404
-8666
-2101
7896
-1543
4838
-5945
-7494
-6105
-5621
-3042
-3135
-6605
-3623
-8581
-7630
-6304
-8729
1711
5529
-8310
-7011
1053
-8065
7582
-3810
-5882
3779
2253
-8457
-5002
9526
8817
7488
9347
-59
6467
1422
-6044
-7199
1304
3384
2801
-458
-6192
-2704
295
4283
-468
7032
9418
-8859
4843
8333
2577
7484
2390
-2204
-635
7823
-570
2976
8701
4116
5937
9999
4007
-5287
-3248
7547
-8872
731
6772
-4950
-7809
-1985
-5345
5775
-5826
-7931
7360
9443
9634
-8266
1090
-8425
-3582
7786
-1607
7833
6400
2493
-3916
-9149
3773
-895
5157
1807
-256
4154
1431
-3919
-6534
8564
-4577
-201
7928
-9007
-3022
8445
-6411
7311
-3029
-3426
4524
5793
6374
3337
-3198
4426
-5319
-8023
3179
1915
-6534
-2149
-632
4707
4258
9088
1907
-4976
-9374
6351
193
9187
8412
-5128
-9166
4040
-2137
2200
4608
-8078
3284
3031
4967
5482
-1846
572
3208
8566
-799
8948
7958
-1622
2266
8078
-1651
8547
-9476
3296
3768
-4879
2202
1931
8276
-8027
5359
-1669
7572
-8438
4503
-2434
8266
-2597
-2680
-9929
4620
-7597
-7802
-9716
9194
503
-7358
-9804
5531
-6615
-9153
-7238
-5048
-5990
2903
-7562
-257
-4829
-5506
-2092
7540
6011
-4476
-8252
-4451
-5383
-9906
4446
-6524
-2566
8094
-4941
-7513
9731
8435
-7253
9476
9452
-6709
-5958
-6153
-172
1313
4555
661
8666
-9670
6302
-475
-6983
3049
-7413
4059
-7017
-992
1054
8859
1405
2941
-5303
8763
-1061
-9446
-6741
-9481
-1319
6137
-4238
-7112
-3707
-5521
-4852
-5389
8130
1405
-9874
5943
-3680
2244
-365
-8194
-6868
-6599
-5344
8441
-7228
-2825
103
-3157
-6501
-4767
6666
-1651
3567
5873
-5669
9772
-7767
-8765
104
-2666
2972
7791
-2936
1325
8802
-773
344
4579
2783
916
2563
3070
9376
-6338
1393
5231
3055
-5483
-2973
34
-9841
6107
3285
-9965
3419
-4470
4620
-6609
-8979
4713
3933
-1072
-4340
8956
-751
-2737
-5536
7928
8926
2089
-5713
9888
9976
4788
-8802
-5211
7443
-8860
-6299
-5756
9836
6134
1430
-9509
4510
-8677
4139
8754
-6926
-3842
5395
8232
-2671
7374
-9573
4793
-4333
-2760
3659
8446
8334
1011
9372
-4660
-4913
-5837
-7521
-3771
4574
-2174
-5920
-8316
9095
-6696
4023
583
6795
-3217
8856
5231
6064
-4745
-1655
-8549
-7013
9617
3785
9398
6544
-3084
-8227
-470
64
-3103
4710
-1537
2657
-4162
-3199
4001
-1278
-8659
2782
-4257
-9297
-8610
-1273
-9880
-3641
6808
5430
6945
8323
6690
-4036
-6922
4556
-6097
-3066
5237
-6571
6976
5573
-7742
9288
-472
8257
-9745
174
7923
-4513
-6385
-2512
4730
9295
-622
-5692
7729
-1002
3415
-6493
-8931
7288
4062
-8595
1439
9438
708
3214
-495
-5547
3623
6844
-604
2082
9293
-4169
2987
-9322
2497
-3279
-4629
-5287
-7840
8749
9588
6314
-8638
7148
-8910
-8834
-7808
-3337
5395
7695
9473
-1043
-9461
7062
-7799
-2980
-1751
3608
-1154
4497
-4078
-6684
7489
-4397
-7646
-8705
-6538
4564
4200
-5693
-5705
-569
8887
-3368
-2427
8970
-970
-5131
5718
4467
2999
-7273
-7425
8418
2062
-703
-4067
-3025
9333
-3071
-4932
-9793
-3767
-3181
7881
-6506
-9295
2233
-7336
-6456
898
8943
7704
506
-9744
-9369
-46
-430
8991
738
-1428
-1866
-9955
-2621
-1406
357
2248
-805
-5237
4926
9701
-5424
2412
-6848
5247
4550
-5309
-129
-5326
8956
-9302
4602
-7382
-8387
5005
1628
-4443
2746
-7732
7262
7328
-3768
-5999
-7186
6060
-5765
-3076
1911
-4869
-5086
-5191
9719
-9537
4770
1051
2038
-7777
-1404
3064
2958
5638
3508
-9306
8298
8506
-8918
6989
-2488
-943
-2641
6153
-2148
-7356
6782
-4932
-8208
-8748
6921
9405
2269
4222
6125
2798
7838
8890
-2384
550
1694
-2891
3348
9161
-9795
9714
6209
4650
5569
9221
6878
3101
7221
-5240
2038
-6834
-2276
-8330
228
6747
-4916
6814
6833
-6569
-4203
-9740
6170
-2754
-9144
-4907
-1146
-7981
9682
-4976
-4078
-5809
-2215
-1004
-7600
-4223
-80
-5861
1235
6280
-8187
-6890
-9145
2007
-8354
5018
5170
9394
5531
-2344
-2147
-4293
-3140
-1805
-1163
8851
6566
-5185
9990
-7387
9295
-2532
6530
6750
5712
-5796
4264
-8959
3605
-1867
-6248
1563
-4778
7048
-1943
3436
-4977
9129
6385
-4147
6056
4995
-7836
-7626
5143
1748
7853
-6211
3632
6132
-7107
6352
-5334
-3003
4531
-5423
2619
-8797
7589
-6846
-5962
4944
4583
5913
3061
5217
4319
-8736
4614
-2324
2533
-1303
-5374
5787
-5045
9033
-6067
1816
-5221
7365
-8832
-1783
-6367
-3563
6584
1286
-4934
-9915
-7404
9692
-6414
-8232
-1285
4106
-4347
-7585
6017
-9286
-672
-7933
2944
9288
2016
977
-6870
-9978
-6552
3504
1068
-4943
-3904
-1760
730
-1116
-7028
-720
208
-2206
-5018
-5597
1838
-3572
-4346
-2916
1389
3531
-7909
-2539
-805
-3855
1487
-4412
1446
-3813
-6625
9255
-3826
-2518
-2319
187
6823
-2841
-5616
6647
8522
4926
3881
-1953
-7284
4286
-6660
3353
8843
-4698
4439
3869
-7024
-529
1133
7679
4564
1888
-3564
-8783
6492
-7147
-811
8769
1609
-3470
-2724
-3710
-4432
9905
-9237
-8014
-7963
5491
4761
1077
9872
6358
3497
820
1221
-8169
2322
-6733
-4505
8274
393
-9874
2352
8709
-6467
442
-1919
330
-1864
-384
4250
-352
9628
-9783
-8532
8613
4923
-6250
-4561
-212
3873
9878
1951
8256
8401
8147
6740
-6478
8280
7513
3436
-2613
1691
-9619
5290
7919
7940
-7326
2399
-2202
-275
-7052
4895
3559
-2282
-5786
5831
-4740
472
-3632
7673
4659
978
2499
2933
-4670
-4235
-5208
9730
6806
-183
-1894
5801
9703
-4616
-1428
5384
-5752
1725
7619
-2933
2968
2155
-3819
897
6599
-2496
5738
8758
2255
-1275
-9148
9824
-1670
7298
-8304
-2055
2580
-6663
9571
3057
2452
5543
-4693
-7174
2507
9860
-3118
1908
4867
-6565
5575
2110
2467
-8665
-3442
-7840
-3503
-6549
7791
-9457
-2056
8502
-7163
1716
-9666
6641
-7036
-6072
-6518
-9622
8764
6527
4580
6075
-6110
-6459
-4453
6164
7355
6207
3339
-6506
940
-6150
8127
687
8189
-2308
4448
-8155
-396
-8149
5423
-2643
-4967
584
4772
7229
5221
-1656
-9451
7833
-3206
6482
-923
-753
1983
-573
-6754
2532
-4004
-3225
2979
-7398
-3255
1316
6040
2415
2602
-1816
3345
3402
941
7324
-9028
6699
8797
-8298
122
5284
-1546
3693
-2913
5206
-4063
-5827
-900
-8097
942
6934
-8018
-7719
-399
-1872
2388
3688
1022
-4852
8100
1831
-4709
-1892
9604
9408
-9919
-6277
-9076
2180
1087
2902
8729
6093
-764
9906
-1700
6578
8540
-3222
-4086
-2211
-1856
-4301
-5685
-1837
-5270
5203
-6962
-4366
-6975
7242
518
-51
2766
-1482
673
8134
3249
8295
-5410
5229
4578
-2269
-9182
-6531
6941
8884
-7508
-4358
1004
4702
-1557
-273
-8277
3791
6127
-9774
-5684
-5079
6028
8744
-713
6048
8114
9267
-3315
-5612
-4940
-2051
-3892
-9114
-3068
-1636
17
-6944
1078
-3448
-7231
-2537
1047
4228
-2354
5870
-817
-8055
-6993
-581
-3985
4214
-6961
3864
5266
-5362
-6893
-3436
9370
5716
4920
1087
2974
-1421
-8625
-735
55
-1703
2956
-6752
6642
-475
5694
-2188
-7709
-8760
-7732
-6817
-3970
3115
-6298
-9796
4584
-3080
-809
-2086
4284
6520
-3266
-7929
6294
-7905
2522
5621
-9793
6174
-2361
-8005
9262
1160
-3446
-6420
5853
-4859
7743
4134
554
2887
-370
-1374
-2451
-7442
-8382
4514
8484
-616
-9981
6211
-7106
-8128
5966
7347
-5289
-4565
-1669
-6108
-3794
-8026
-7938
-4232
-4577
5755
7618
-6516
-9399
-6932
-3378
-2343
-7101
-9206
2171
-2752
-437
-8074
-1693
9439
1675
-7264
-3738
2064
-5349
6758
-6242
5745
-279
-8496
-3060
-7232
5572
-1219
-9949
-7914
5202
120
1535
-7057
-9735
-3195
-680
1560
-9712
-8204
6096
-9992
-3421
-7561
2843
-4057
3737
-2296
-6720
7830
4415
-7688
-6741
-5038
9030
-7783
4712
5884
-5293
4631
6792
-1057
3685
-673
-3105
4953
-1343
-8416
4155
-3152
-8913
-4667
-2094
7725
-6119
-711
-8053
-7049
5072
-9624
-7533
6000
-8582
6292
5451
1553
-2274
7874
1003
9297
-939
4661
818
4052
-3818
-7173
3646
3718
1614
94
-233
-5570
4701
-3391
1939
7098
270
-9284
-2659
-9462
-8136
7103
-7755
1537
2389
8535
-4091
4444
-8274
-7809
-2707
-847
-5213
3360
-2457
-619
5479
6559
-1542
-4816
1015
-6792
7744
-9734
-8032
9994
-5216
-1180
-7738
-4346
-7670
9979
6791
515
1672
2534
2775
-4558
-1986
7758
-296
4263
3397
8892
-6968
-5372
-4761
-3040
-7089
6269
-6865
-7791
-1888
9663
-4263
-5262
8997
6474
7767
2115
2983
-7245
4909
5079
-6471
-5319
-4019
-2340
7404
2790
-3460
-2094
8384
-1908
-3406
-1397
9357
6741
5058
8073
-3978
5096
6187
-9184
4453
-600
9984
-7635
3846
2428
6851
-6434
-6767
-4699
7454
1165
-6456
-8261
9806
-8353
-6323
1746
1637
-8520
-4686
3449
-3478
6535
6443
9811
5810
-6175
9516
8363
-6041
301
8032
-1879
6362
-8957
-7185
6841
-8106
8453
-914
-1954
-2308
7993
-1419
-8859
-1877
7876
1500
-8578
-5465
6511
4406
-886
4525
-8737
-2775
5338
3334
-946
-4750
-6342
2087
-6690
334
-1917
-3556
-6072
-6797
-6549
-1032
9080
-1624
4984
-1095
5505
-2586
-4788
-9921
4874
8908
6605
-8259
956
-9658
-1497
960
-8263
2862
5143
3522
2539
8711
3718
7372
-7152
-2691
-6206
4904
1941
7329
5928
7670
-5674
-4699
-936
-7823
-6772
5559
9692
-9553
3831
-4330
5518
-8411
419
-3469
-7192
-134
5516
1649
7801
-293
-9528
7145
5814
1867
4914
5165
1116
-3905
-3207
65
-5745
9982
8553
8389
-9223
-6021
9069
-487
-8391
1110
-4527
-1411
-8375
1334
-4421
701
-5203
-1851
-5501
4184
5404
6428
2052
3010
-2845
-2306
167
8111
-9150
3447
-4484
-808
4212
-3114
-2275
-5520
4911
-5702
5686
7051
3598
-2321
-6063
9687
9453
-6250
2402
3860
-8108
-7060
9244
7955
-465
6535
9679
940
7703
-6859
-6598
-176
6275
7967
6966
-6190
9234
-3640
-1504
6817
-7663
9375
9856
-6309
1454
-5199
-1605
4188
-4449
2647
-2403
6469
9812
5872
6419
-7566
-3608
8451
-1289
9319
8790
-8743
-8002
-6455
-9497
6526
-5591
-2966
-7275
-3431
-271
-3151
-1087
1833
5980
-6074
-4998
-3916
-470
1765
6863
-3811
-2365
-2212
5936
5226
6232
5907
7302
85
-8501
2241
-5559
-9869
1065
-9624
-7617
-8960
-4277
480
-1986
5732
-2045
-2388
-3642
-9998
9121
2380
7270
-8621
6750
2889
2986
-1274
2151
9287
2728
-1018
-886
3171
-1765
-4398
-7655
-34
8697
-2431
-3785
1157
-7305
-4026
9619
-9195
-760
-6452
-2367
-6791
6509
5961
163
4030
-5653
692
-3809
-9074
6772
-2962
-1315
-1177
-7841
-1851
-3950
2789
-5588
48
3705
6974
3164
9539
5015
9043
471
3198
8101
882
7091
-9671
4368
1221
2045
-7533
5439
-7354
6840
6502
-2265
-6497
-9078
8340
-518
-4840
-5722
3743
1305
7925
-643
-5023
4157
867
5844
6692
-900
9063
978
-5968
-4159
-5402
-8115
2805
9303
-5559
6480
7260
2941
-2221
-2512
-9789
-7714
8734
-9485
-3579
-7956
-1323
407
9752
-6284
1971
949
6482
5914
8713
6967
2895
2621
6741
-7730
8954
-1818
-3771
1880
-3595
-6986
-766
6001
-3507
202
-4910
-81
9668
-2741
1281
5284
9548
1627
-7218
3714
-1122
-6638
-5097
-2638
9635
8746
8664
5121
2638
4789
-8249
3793
-8678
1457
8299
-5327
-5659
-4094
4216
1576
-8528
2771
-8995
2290
-4292
-2903
8562
7731
7459
-1966
-8448
-4502
-7646
-4111
-8495
-9689
-2173
368
655
-1925
430
-9994
1724
-7387
2281
5644
-8639
4839
-1954
4016
3852
-8577
-7441
-5633
819
3276
-2912
5922
6779
-5690
7944
-3821
4711
-6748
-6161
-9611
-7905
3064
-7931
-7799
-1528
9970
7676
-2830
-3261
-2393
9365
-2673
349
4024
-319
-726
-9658
-1307
5611
-2874
2528
-4113
-9758
5068
8924
41
5712
6113
738
4386
8143
2690
-6725
-478
-3222
9101
-8968
8061
-657
1741
-1971
-2181
-4099
9450
-323
-9990
-6156
-4163
-280
9894
-7205
8484
855
6482
6576
5401
2552
-8942
2320
9323
-1789
4864
9464
1246
3880
2165
-5137
-6834
-6342
-7579
-9152
2513
5719
-7979
-1353
8546
-4974
-7148
48
7389
-33
4458
-531
1696
-4595
-3867
1077
9681
-2504
-9170
-5648
3030
-1251
5270
4451
7251
-1585
3550
-7014
3350
7929
6392
9547
1148
6541
-9441
-5703
8392
4102
6283
7581
3736
-2780
9986
-4774
3548
-7139
9132
-8801
2014
-3570
2360
-9202
-4109
8623
9789
9048
-115
-7657
-4434
5509
8624
-8242
-6882
-8568
-9634
359
-2407
-1306
6
7690
1103
614
-7773
8658
-5822
-1136
1710
9437
-7144
-8506
8802
8872
-8925
-4615
-4240
-3073
3938
4431
-2425
-7612
-9440
9451
5596
-7323
3613
-2497
3019
-6426
4161
-8307
-5588
-3508
3258
6132
2550
4401
8317
-9409
-4571
737
3895
-9156
-1394
5621
-9264
693
6525
3743
3561
2948
-5828
3970
2494
8915
7572
1185
-297
-7790
-6603
8877
-5276
-4549
-3412
6145
9743
9352
-1717
-6203
-6972
-5985
7983
-5192
9256
-8438
3271
-1463
-8232
-4949
-5028
-6191
-4935
-2408
4889
81
-7802
6516
-3176
-9323
-6717
-7890
862
0
-6796
2535
6442
5019
1432
-4773
7940
-2890
-512
8678
-5625
8941
-6909
957
-8951
-8197
-8126
-2918
-826
-6298
-4128
-2431
7213
-8204
-4866
4623
-660
2202
-3499
1716
-2899
2085
3443
7389
-8141
-8732
-3067
-3146
9809
-9467
-7648
9384
5433
1770
-6946
-3902
-2388
-8574
2957
-4716
2030
71
8620
-2017
-2183
-9705
-4765
-275
150
-8324
-1829
-8306
-3820
-5020
-799
6912
-6397
4671
-1288
3856
3467
4277
-3404
730
7196
-2004
8199
1634
9162
2411
-6973
-1428
-1741
7238
4410
-7403
9151
-7165
-5345
3855
1863
9083
-4405
9867
-9478
-557
8261
484
173
-1137
5998
-4188
5893
-9404
-9424
-7737
9924
-7066
-9984
-6964
-1959
8208
1386
-5780
-6516
170
-8949
781
2877
1221
-7170
261
6326
8443
7767
9845
3696
5377
6018
1611
-4634
8417
8523
3559
-1353
7111
8186
-4159
-9425
7493
2597
6141
3878
-3942
-9052
3751
-8339
1155
993
2475
3176
5579
-4787
-6521
5604
6875
-7890
-6601
5141
-3500
-2878
-3333
-2825
7766
2788
-5613
-6681
5830
-3454
2999
177
1547
2722
-4582
3273
-3073
-3459
-7860
5339
4877
-4965
9545
1090
-1083
5635
-5234
-8252
676
-8346
-2527
9839
-7473
-2292
-3999
357
6477
9389
4524
8535
4256
-317
8343
6919
4999
6104
3045
-4022
-9583
-471
-9385
9367
-8175
-1919
6004
28
250
4555
2137
-337
6851
-4223
-9556
9551
-4546
-5986
6059
-384
-7691
-8455
655
-5221
-1196
1518
-6165
-2739
8651
4724
-6179
-9600
-7116
393
4803
-378
-8913
-836
7508
6877
-7068
3812
-4919
-620
6702
-2247
-78
-8256
-8507
7397
4998
-5377
856
-9586
-8102
5046
12
3459
531
-7055
-7080
1126
4216
1710
6607
-8154
3765
-9825
5046
-9123
-7152
9231
-3491
6632
6293
-9919
-8317
3744
-4909
-4050
-2953
-4899
-4705
-6743
-258
-8037
8260
468
4969
2209
9106
2973
9834
1258
-9387
1925
9135
2269
-9557
46
-6150
-3734
578
142
4095
2399
-9917
-6938
2116
8311
6041
-1237
3117
9198
1522
1555
2849
-5243
-6034
-5525
-9191
-3358
-156
-2325
-4382
-9609
1143
-5435
7051
-8236
2884
-8930
-2022
9015
-2970
-2246
-7379
6582
2601
-4408
6669
2813
1350
-4426
3356
-9532
2947
-394
-3924
-7300
-1035
-6600
3736
-1436
-6992
-5704
-1278
5804
194
5047
1440
2583
-2047
-1786
4384
-7842
-1476
-2619
3989
-4723
-3683
-1631
-5267
-5285
597
4499
-8853
-134
-4638
-9864
-9065
-7372
-4137
-956
2607
-8831
460
1460
-7574
4974
3204
-7236
-8910
7601
-3668
-2123
-1237
-1560
-1282
7086
4754
-1987
7729
-7278
9149
312
-7335
-910
-9734
-4840
-2637
-690
-5149
4156
5372
5881
3485
3591
-7760
5493
525
-9156
6676
-1252
-7875
6436
4366
-6577
8646
1707
-4501
1601
-9685
9694
3117
-9252
-6843
-8114
-7784
-9448
5715
819
451
4306
-4933
-7956
-2970
-2695
-1046
-9406
-5844
2937
4434
-3239
-6270
6746
3278
-9478
9152
-6233
7597
5788
-5886
-218
1802
-3177
7850
-3044
-9003
3811
6473
-3746
9802
-3009
-8285
-2827
-5741
8512
3914
3668
1557
5298
-4266
-4929
6065
-9901
6391
1553
-9486
-4216
4389
9367
-8901
-3435
-9741
-4460
-5924
3485
-7847
4241
-7647
8645
-4561
8255
1712
-2482
4928
-4588
1513
9441
4528
7744
-4444
-133
-8320
-808
4884
2691
-6356
4487
1148
3401
6254
7286
7885
573
765
-8322
-3862
5852
-1630
-8365
2534
7351
9362
6697
2069
6678
496
-5763
7222
941
-4559
-3249
1177
3037
8116
-666
-7431
6757
8046
3456
-4892
-1464
2197
1071
-9621
6133
-7309
-6170
5679
5518
-1108
3234
5077
-88
-2291
-9200
-3519
4127
-4457
8132
3235
2708
908
-7272
-1388
6502
-8576
5090
-7758
-1528
-7027
-1976
-3698
6738
5809
8278
7151
4736
-321
-5704
9718
2801
4236
8128
-8916
4618
1894
-1419
-4542
3503
-2088
8999
7217
8471
4656
-6168
-1961
3348
8752
-3089
-1875
-5428
3546
9753
-118
6199
-3736
2563
-2841
-8188
-4411
-7665
-3887
63
3563
-6290
-2604
8488
-4852
7163
-5491
-2321
1728
-4339
-5780
7119
-6764
4514
-8368
-4500
6684
8870
-281
-9254
-2219
-4357
4925
-5448
5693
9593
-8032
-5629
-6987
676
1184
-9491
1376
-346
-7893
4498
5506
-2714
-9990
-4160
-4778
-5399
-9409
2965
8655
6790
-7471
-910
-6732
3691
744
3991
-759
-2499
-7192
-1827
3747
-665
-5175
8226
-3052
-2737
-799
8520
4607
1951
6910
9166
1037
-8678
8025
2039
636
-1187
-604
228
-9302
1837
2860
6591
-9540
5398
-6050
-9664
-3893
-3937
-2432
6871
-684
-5185
5918
5951
-8281
8914
7218
7409
938
9197
4136
-4302
2568
3849
-6192
3651
-1539
-4617
-4441
-1342
-8620
9370
2704
-526
4497
5972
-8893
4540
-2168
8745
-573
2557
-5217
1190
3517
-5204
7285
-9849
979
-6497
2296
7040
-2944
5426
-941
-158
-8874
8755
-9488
9663
-3086
-1581
3329
-3173
2100
7243
4113
7112
-2569
7427
-7420
-6261
5497
-7630
-9662
293
-7777
-1931
-3613
-5299
9202
3710
5514
1096
-42
1992
-8327
8567
-1922
5980
2491
9060
-3328
-770
-6758
-9773
8932
5504
-3808
-1245
9319
7434
-705
9325
-1094
-8470
-1496
-7233
-6284
6410
783
4476
-5374
-9513
-9418
1664
-5675
9194
-99
-8096
7779
7454
3957
3460
-7635
8471
1178
-3614
-2612
-8152
-6344
-5655
3054
-6545
-3129
-7431
1239
-4891
587
312
2261
-2213
-397
9513
9782
5238
1943
98
9846
8747
9071
-659
-9945
14
-1010
-2404
-534
158
5071
-1139
-1471
1226
593
7809
-5600
6111
9373
501
-7856
7752
5919
8680
-728
2183
-7159
-3724
9506
1598
-1511
4593
8271
-2983
-6383
1330
3403
8068
7855
-3615
-4888
1720
9202
-3416
-422
9211
4034
9060
7629
4907
7963
-6397
-9942
4140
5231
2371
640
-5323
3365
-9648
-597
612
-1022
6043
7519
-6864
-5542
-9108
-5652
-9491
575
-681
234
1491
-3470
-1952
-6027
-3476
1341
1853
-1255
-8297
-7971
7299
3782
4124
7932
-1611
-5533
4118
-4063
626
-89
-8035
7545
-70
-7914
-3057
-1460
6510
-6678
-3747
-5888
1770
6170
-8935
-2575
-2917
2989
-8587
1785
7252
8620
5105
-2496
1351
5460
1657
1699
1067
9376
-4984
-4588
8734
-3672
-4964
6477
740
-1974
7771
2125
1113
-8507
-3590
-5662
8370
-6982
6072
7869
-1611
5160
-6052
-3025
1858
-578
-3163
357
9327
2954
6097
6297
3319
-9291
-1333
8358
344
-5876
-6731
4202
-4080
-1749
2448
-1271
-5247
771
4388
592
188
3294
-6598
-9507
-1341
3008
-3199
1810
6284
4833
-3099
-9874
-3724
-1435
-2649
-3107
-197
-7381
461
8470
7000
5928
-8628
-9343
1233
6112
-6163
-5768
-249
416
3436
4820
596
626
6652
-6732
-1687
-2724
-8539
-1053
-3605
-2460
-8531
-2545
-5347
4370
1366
4873
-3407
3783
8575
-3715
-8090
-8244
-3234
4618
-5057
1398
8780
-7788
7619
9535
-8247
-7160
8308
3996
-4342
-9973
7121
-2391
-4184
-1859
-4833
834
3920
927
-6219
9246
8528
1999
-6890
-5779
-4193
4947
7746
7307
-6417
-9876
388
-6768
-6551
1481
-3956
-1252
6520
-7753
3621
-7852
-1622
-7361
-8414
-1366
5895
-5444
8150
25
-691
-7068
9621
5986
-6299
5460
1200
-7711
8922
-6836
6300
-7048
-6149
8122
1709
-9819
8541
-9606
-6292
-8758
-220
7633
5638
-1966
-6528
522
899
-6849
-2388
-5908
-7955
-2718
-2714
1675
2230
8213
-3392
-6782
2456
-2973
7613
-5972
9426
1595
-1738
1461
-4538
-9857
3133
5905
7781
-635
8534
-2914
7264
-9698
4991
5472
7004
7624
-3423
-122
4985
8161
-9428
-2278
-9728
5116
-3205
2349
-5583
-1643
9144
-3603
-3083
-2229
6669
-9640
845
-5758
4471
444
4554
605
-1112
7903
-8737
2671
6423
-1749
5426
-175
-3425
-4868
3940
7496
476
-6594
-430
-108
1892
3255
1012
7071
-8844
-4810
-3068
-783
-4202
7901
-990
730
-1421
-5644
-3076
-3669
1852
7863
9223
-1622
-6031
7439
-3965
2245
9479
8828
-9247
6203
-4843
-6493
7484
-1677
1701
862
6877
-520
1334
-2997
-9621
823
-5250
9941
-3532
-3165
-775
5721
8930
5096
-4361
5242
-739
1221
5002
-8266
8604
-6845
9180
-8692
-7963
-8565
3564
-2225
1899
-9284
-7566
1986
2519
-3852
-4504
8638
1710
-5772
-546
740
-2788
4914
-9574
-1243
-3884
-5579
4466
-3697
-2701
-6171
4141
3367
-770
-8027
2645
-9674
-3625
-5710
-5497
2210
8731
-7983
9891
8396
8123
1475
3885
-8470
6770
5935
3222
4672
-8580
-4775
5419
3880
-6466
9732
-4700
-3874
395
2110
-4094
4815
4577
-7271
-8261
-6625
-760
7955
-824
-1353
-4938
3145
7254
9706
-9266
-4824
5819
-2857
9106
4199
3782
9216
3458
-37
3197
6961
3174
8395
-8414
-8781
1253
-6765
-2542
8671
-2720
-505
4121
9314
-6013
-8658
-4049
6815
4949
8237
-8274
6063
-501
9996
2843
-4320
-110
9158
2237
-4050
6094
744
-2456
-6301
1609
-3558
-5712
8227
-3378
5871
1189
7945
569
7841
7281
2422
6499
8188
-6769
277
3462
6243
4269
6608
-9974
8321
-1158
7199
-4623
6362
-9120
5341
9277
4162
4753
-7648
927
-7902
-2206
6865
-642
-1915
-8124
2095
6038
-2831
6569
1019
-3267
-8223
-4817
-8505
8559
-7354
4903
-6407
5574
4344
770
-9856
-6883
-5056
7446
-4960
-5210
-6265
-3873
-7371
-4799
1436
7477
-9393
8061
-9891
-7385
7574
399
7078
-7156
8839
1752
-5994
3320
2050
-80
308
-9683
3278
-883
5382
-7771
8793
9993
503
-2367
-9453
4613
8669
634
-5332
-4323
-3191
-3433
6457
-8343
-4686
7942
-1738
-6403
-8907
8490
-295
-698
-467
-8105
8902
-9663
-2595
9465
1602
3268
4658
-2607
-4987
4418
2834
9783
-2532
-8675
-8657
-2360
-388
3625
937
7697
-8913
2797
-9712
-5357
-4635
2548
538
630
-4839
4612
3460
2289
4343
5839
-6391
2109
6362
-8133
1073
9727
-560
-8723
5889
-7756
2381
-2296
-8242
2899
7469
5754
-8769
3539
7192
1920
7845
9333
-8503
9701
-1119
8637
5740
8573
432
-546
3644
-9686
-2887
2717
2671
4544
-1050
-7983
2064
-6168
-6739
5759
-5716
-4940
-8779
-9498
-3323
4940
-2670
5114
259
-6327
-9208
2732
5944
9962
8465
-3039
-5645
5423
-1674
5143
4102
7151
-5332
-7272
-615
4868
-2887
-3982
-6639
-1187
-6489
9528
-5506
7059
-2444
8326
-640
-4585
357
6594
-536
667
-8311
-7523
-4956
6931
-1603
1238
-3441
3387
1069
-4082
-9363
1501
5138
7125
438
4824
-8087
1305
-9782
4046
-6363
-5559
-9131
-518
5622
-1900
-6659
6088
1265
7848
4564
4729
6674
1927
-3619
-8468
7215
9239
-1274
-8325
5386
2195
-9925
2028
372
-9215
-4427
4544
-8011
3840
-6391
-802
-9880
313
-8019
-6519
4275
6122
2986
-2449
-7262
-3238
4912
6532
6624
4246
-2878
-7229
-3964
-2525
8569
-3930
9622
-1321
-7968
2312
245
-2823
-6809
-8679
4667
8621
3104
8751
3493
-7771
-6622
4530
1414
824
-4685
-5378
-1673
-9112
-1032
9036
4435
5611
