2328
868
4302
-7803
9661
-807
-2503
9475
-5529
-8092
-2696
490
2811
9722
-7487
1267
403
-4830
1060
-5447
4597
-2785
4440
-7791
7232
5476
-369
1853
-2190
8693
2767
-5098
2624
1178
5107
4342
99
-2389
1842
-3751
-6157
6760
-8775
7250
9671
-7710
3323
-4201
-8243
5298
-2494
-2655
1703
-8228
-103
1786
-6698
-4570
6821
3062
8222
-373
-2079
-2258
-8027
1515
3168
4495
-1804
5016
4691
7920
-6273
3491
246
-7441
3857
-9896
734
-9108
1896
-8181
-5551
7202
-5181
6942
5630
2070
-3686
-2390
-7167
402
-8304
-2737
1843
-5453
1415
-3805
1350
-1473
-3731
9346
-1174
-9290
-4097
3959
-7075
-13
-708
4936
8429
7773
-8152
0
-7004
3146
-2675
3977
3630
667
9379
1983
2549
-4284
530
3165
6300
-4848
-9057
1775
9367
-5331
5812
-9218
-9545
-8829
2650
8618
3793
-189
-9557
-1247
-9241
745
-3332
-3460
9140
3638
4507
-2126
-2603
-3425
-6598
6275
-171
-8101
8116
3439
-4466
6868
-1815
-6515
-8288
-3927
5615
-5614
4483
-7711
2330
1896
-5196
1304
-7948
2202
3099
-6146
-4095
-1719
1598
-6365
7704
-2330
-8161
-1481
-4689
-576
-2683
1056
-5353
-2257
-9945
-9988
-7634
1147
-4688
-6766
-9810
-1143
2895
-3637
5466
3842
1074
-8975
1033
-984
405
8836
-7963
-2832
4606
8810
7997
7727
-8618
6664
3602
-8951
488
2370
-6659
914
-8970
-5387
6494
-3836
1472
6373
7258
-3390
2247
-3995
-2714
-3614
-1364
7530
3415
8469
2160
-2234
7673
9752
-7185
4611
-7973
-1252
-6756
-5445
-5111
9139
-2538
2935
2464
2823
-4847
-5869
-6544
7483
8981
-5161
-34
7019
83
-5497
3141
-4049
-8123
-8168
-3576
-4030
-7052
-4403
-5248
5711
9421
-6758
-9718
-3379
7262
4618
1532
7364
7953
2569
-8334
2344
2001
6736
8481
3828
8953
6699
-9078
6674
5246
-4755
9438
3039
-8367
-4038
2433
-7511
7540
7129
-9808
6905
27
-333
1373
-26
-1625
-4034
865
2069
9588
-4965
3531
3452
-8928
-9775
879
-2582
-8914
8545
4805
-1607
-6684
-5496
8344
-5356
-4921
6593
-7668
-5967
-1669
6155
-3625
-4918
9649
9108
2408
1392
-9575
3824
9380
-4239
3898
6615
-7900
-1582
-7411
9670
-3020
7911
-3790
-7138
6385
4087
-7516
-2724
-7717
-9900
8900
-8320
9040
-7979
-2526
4573
-802
-899
9321
9053
3622
7258
-4938
-3472
-2020
-203
-2095
7871
-9420
-9221
-6578
-6317
9301
-3865
4708
7714
2697
6528
-5067
-5769
8835
3686
-5514
-6858
1488
-969
-5535
-1847
-7812
-6507
-4108
-2813
8282
-3832
-5457
2030
-2042
8511
-3395
9744
-4301
-133
-109
4235
9097
-172
-5971
-91
-3068
7181
-1197
7724
-5071
9221
2712
-1854
2744
5476
-4878
-4046
5991
-2592
7783
-9416
917
172
9050
-761
-478
-8744
5376
-6567
-5270
8114
-5940
1093
9526
8908
9793
4303
9450
-9315
-8503
-1039
-9377
-2070
5998
-6539
8016
-5973
6444
-3730
2850
-5407
9430
3352
9449
-9835
-7291
7335
8767
-4251
9530
-8111
8
-8499
8919
7225
1233
-2825
214
3213
6599
7296
-2529
6253
5292
-9599
-9787
8211
-329
8245
-9322
8353
-8125
4982
4066
8070
-1716
-7670
-1223
4256
-123
-2098
2420
-4165
8053
-9597
-5079
-1783
-356
-9868
-9083
-8427
-2838
7691
1674
-7748
6519
-3208
3197
8061
-5351
-4414
-5010
2262
-7481
-6873
-2823
4664
8603
7213
-8591
-5741
-412
-127
9286
3899
-2869
-9902
1105
1892
-4712
-8679
-6925
-7735
6849
-4545
-3921
-949
548
5208
2483
-2358
6418
-6687
-1866
2625
9501
-4472
2522
-793
-2403
-1834
-2853
2653
-3384
8261
5647
2160
-2629
2095
-9919
-4958
9926
7792
5881
-2987
3475
3578
4460
3472
326
9517
6748
3325
7493
-2304
-7980
7736
-3946
-5829
352
6480
5661
-1006
3930
-7487
1857
9799
-147
7029
9795
-9687
7398
-9328
5039
1844
-6161
9043
-9236
6995
4997
1672
-9504
-5460
2340
1445
-1239
-1615
2292
5598
6661
-2155
3952
4583
4796
5167
8794
-2149
9453
-5680
-3703
-1338
9605
5162
-9189
-736
-455
6941
1656
9088
-6466
5510
7300
-5935
-3478
-1157
-3742
-9292
-1364
8241
5038
-9526
1303
6927
3404
8663
9692
-7655
1317
4645
-5117
9370
-1913
3604
-6936
-9265
8168
-9114
1367
576
-6667
9539
-6754
-8487
5069
895
5058
-4683
-6720
-3195
6947
-8927
5581
-1664
-4839
-764
-1740
6086
-2403
-7495
102
-6376
-4974
1596
8120
2717
1792
8180
7785
-9898
-5294
-4145
-4887
-6389
-8323
-1957
7684
-4085
-7986
9303
5028
-7974
-3869
1901
5352
3744
-6482
9000
4491
8323
-8380
1645
-8934
8615
-6536
-6626
-9836
-2704
6540
4139
6769
2186
8479
6436
4169
-4635
4037
-2054
-4770
-4762
8886
-1431
-7709
-2331
4675
1723
8120
-3789
-8273
-278
1847
4587
6109
444
-9637
-3809
1233
655
-4845
5258
4593
-8428
-7059
-5239
4707
-1261
1388
1636
105
1255
-9164
5312
-3616
-6245
-2753
-5777
-2460
7382
-168
7694
-8211
-8545
-7593
-9378
8119
-7413
6825
-8064
621
-1590
301
-1291
-422
-1074
-6585
-1242
-5283
7121
1679
5489
8668
-7448
-561
-6722
6636
7040
-8075
3782
-1994
8906
-508
1049
-2236
2383
-348
-4697
-3363
8844
2142
6201
-380
893
7764
9546
352
-5489
430
-4242
587
-9833
4424
-9564
-9341
-2873
-7683
-2416
-4427
279
-2093
-4627
-8052
-447
6977
5888
137
7167
-6855
4967
1690
-7309
-1684
-4812
448
-4816
5110
-1406
-4352
-4975
9326
2745
-3567
-8326
-9075
1960
4170
9408
-8543
-2620
-3634
-1163
-5058
1507
5787
-4866
-9543
1923
9249
-2977
-8548
49
8015
-6938
-3221
6277
-6052
-8836
-8929
-7994
4769
58
-9612
-4104
-7201
-4193
5714
-3023
3445
2090
2689
8259
8711
-2698
-3004
-6588
-7928
-405
272
-2052
-9095
-1540
174
7237
-3235
3330
-1799
-793
4377
2543
1788
6865
6901
-5772
7511
1141
-2747
-8496
-327
-3408
4519
-738
-8233
4789
-4758
3118
5150
-3023
-8440
1159
6417
2815
5659
9480
5184
-4157
7338
-8997
2634
9916
601
9277
8117
6073
1802
-7528
932
-360
-656
-5445
3030
-2623
9126
-4942
-8326
-4696
1649
1886
4742
-8271
527
-9380
313
-1641
-9115
527
210
2185
-586
-3681
-9885
-9353
-5147
1888
-6357
988
6426
5764
6684
-8068
-8877
-1468
7095
4244
4234
-305
5111
-2194
-9253
-6935
-1112
6990
3097
-177
9212
-9912
-9824
1731
-8982
-7584
-3426
-9941
-9546
5469
4668
3794
-734
-6126
-1433
-1774
-1221
-973
4608
1862
6416
4725
-6242
618
8527
-8102
-3319
-2407
9872
-4844
7945
3130
6147
6974
-5759
1689
-8839
-2281
-8984
-3334
-5669
-2474
3206
-3116
352
1766
8967
-946
1952
5535
3872
1327
-2130
191
-6204
1869
-7882
9125
-678
-2019
-2252
3349
-9096
-7322
5495
3412
-1635
4149
2155
-4903
-2890
-7941
1862
6203
-935
-1033
5505
-576
-1564
-5882
-3179
9734
-9688
-9980
-258
7774
-164
1906
-8692
4720
-2280
-6707
-7891
7830
-1668
161
2288
-3963
-1403
-6804
-8739
-4598
7369
-3847
3329
8323
-1923
262
2589
7886
-1864
-9049
4345
-1050
4857
8849
-1564
-8920
2297
-4340
8657
4605
9461
-7317
-280
-7411
1950
6827
9893
6453
7744
2480
-6309
7557
6263
-7648
-4411
-5258
-1937
6179
-866
4438
-7768
-1700
-9564
-277
-8108
-2182
-4957
8194
9926
7731
7934
3012
-323
757
-3427
-7456
-8633
3302
-9525
1281
-2130
-8342
1555
1886
9270
-7239
-9631
5665
4094
-8862
-8992
9579
9890
2922
8632
-8642
-9074
-8554
-5664
-5383
6286
-7914
-3846
-1823
5440
-2727
4034
9296
-2486
9824
4070
8291
8274
-2983
7447
-9824
-8194
565
4058
1750
-5143
7543
6597
7276
-2312
-9452
9854
-2132
-644
-2698
-7952
1422
5068
8407
4792
-4243
-3330
-4764
8105
9984
7814
-8513
207
-7491
-5074
-4631
2534
3372
-4128
6260
9012
4304
8466
3586
-5012
17
-6351
-1914
8382
-6872
-7430
1778
-5756
-2230
-2758
839
-4785
2425
6929
-8476
8696
-301
8703
-3368
-8847
-4124
-6145
8767
7283
5582
-2489
-8499
-693
5475
-7498
-1282
-6151
-6427
-4517
-1552
-336
-505
-3042
5983
5769
4445
8919
3810
458
7067
-9625
5753
-6730
-671
-3720
-4778
6441
-341
-6940
-4143
96
-9208
-5287
459
889
1613
-6096
533
6897
-1771
-5504
9623
-8197
-1278
-6451
-2441
-2398
6581
-6603
-1795
-9064
-8007
1378
7367
9161
1375
-3563
414
4866
-8715
7233
1331
-202
-2740
7850
-3290
-5443
7098
-7788
-807
900
3026
-6612
-4626
-207
8508
-6734
9383
-6256
4744
4783
5501
6835
4266
-5306
-918
4737
-8588
5225
-9985
2716
6593
-7167
8729
-9306
-5128
-5284
4556
2672
-3664
-6749
-1753
-3692
6136
992
-8460
-191
4369
-8837
6719
1537
-10000
1780
-7815
4325
310
-8577
8702
-1322
-2927
-1106
2229
7061
1566
-3480
-7573
6903
-396
781
-9008
-92
-9380
2823
3584
8357
7702
-7348
-5990
-550
-433
-1080
2551
2133
-8800
3761
8675
1844
-4209
646
-1001
1223
-9147
6491
625
5438
-2736
2862
8705
3087
8841
9646
-7724
-4461
-7208
8394
6329
-1162
2792
-7878
6279
2196
114
-3112
760
6165
-160
-5204
3751
286
-9140
2420
-6876
-8733
-9818
-3009
-3461
-176
8923
-8664
7702
7802
-9305
3800
2774
-9373
3968
9219
-9244
-76
7371
6095
-627
-6213
-3161
-949
-2742
-6834
1176
9081
6053
-7962
-2861
9144
-8795
4990
-4994
8344
-7340
-5349
100
3905
-9740
-3291
-2412
-9958
-4017
883
-5579
2689
-1914
2003
7370
57
-6362
976
-6091
-3082
-9154
-8745
4773
5452
9491
-5546
864
-6099
1067
-4456
2381
3815
4018
-9036
-7281
-6549
8470
8516
-9901
-8568
-1265
994
8482
8185
-9509
6747
1092
-3409
3934
-8965
-9317
-7428
-6016
5167
-7636
384
3067
3696
-4640
2845
3726
-3227
3335
7805
-612
-9478
-4805
960
1012
4050
1595
-2941
-2760
1265
733
-484
-6378
-3255
8270
8526
2384
-8106
-2714
9657
5512
-9996
-73
-147
-1591
-3562
-1232
2059
-8404
-5870
-9796
7313
6290
-11
-2994
2235
4111
-8659
-7392
-6926
4271
8261
-2057
389
3705
-3852
-4277
4893
-9683
8844
8449
-9879
610
-6103
-7723
7899
4578
-7992
4535
6589
-104
-5247
-1871
-7885
-5368
3459
4115
-2123
-3522
1318
-5240
6087
2553
-7078
1112
4275
5541
7313
-6871
-7440
-3879
2586
2716
-4103
-6115
-9845
4053
-8868
-4849
-9760
467
6346
-6148
9751
-8664
-6430
-442
-4357
-1667
6172
-9160
-6194
7766
3620
404
5700
-416
-542
-7800
2627
7903
-5836
9868
2631
-4130
-1906
4260
7422
4492
7512
2787
-9964
6935
-390
-5837
-9142
2157
-2951
6122
-3153
7720
1858
-1474
-7755
4605
1875
1224
8258
7403
-2814
-1411
-8003
-3528
-1567
-9749
7111
4529
-9314
2223
-214
-7052
-7686
2438
248
3695
3343
3117
1048
-1746
4746
-5747
2486
1441
-5719
-9125
-781
-2912
1963
7265
-4822
4720
-8712
-6705
-5937
-7916
439
2537
-3591
6749
-945
5027
-4938
8961
-9862
9206
1620
-3336
7589
8909
9352
-1075
7024
7180
1516
4990
7625
5459
3838
3125
-6971
4657
6724
-301
2442
5449
-6897
9636
-1090
7375
5905
6471
2539
-6489
-9642
62
-8856
-4156
-5214
-9404
3399
-1246
9623
-7997
6746
3921
7
-4133
-3296
1901
-2121
6885
5883
3096
-9984
8413
4458
-9674
5077
3447
-6228
6448
-7293
6399
8583
-3321
-1024
-6014
3976
414
-9687
-5171
4097
6232
4462
1166
-2962
2470
8756
1614
-278
4537
5617
-4802
-9793
-7317
3329
-5319
-3082
-3774
6110
-8104
-2123
4789
3838
-1622
-7908
-2239
745
-780
3250
1784
-3952
-2056
7293
-4649
7422
-1813
-7564
-8859
1726
9358
-6064
-5697
2063
2892
-5040
-5931
6269
-8605
-4445
8644
575
2661
9832
6733
-7252
8692
7347
-5039
8402
-2221
1174
4744
-7291
-8102
-2063
7225
-8380
1827
448
-2808
5211
8822
3356
3794
-2077
-2288
3977
2710
6519
-1387
4174
8835
-6836
6728
-6941
218
128
7256
6895
-4539
2496
-19
-5653
4220
7577
-9907
2711
8521
2471
2634
8173
27
-6846
-1375
-3532
-3823
-5233
-5604
4
-9083
7108
1515
-4712
-91
-6863
-178
8960
7759
-930
9117
-907
-9399
-1229
3335
7692
6016
5553
-7537
-7353
9031
6879
-3496
-8960
-187
-3792
-4500
-3139
-9522
259
-1813
-4798
-5605
-2368
-8992
-2951
-8412
4929
-3352
-1700
3270
2090
-5864
2495
6689
-862
-1787
9926
-8041
-3795
-5049
-4023
-9076
-354
-7488
-9947
5886
848
-4182
9605
7847
1422
3181
354
-3500
-6982
-634
-6381
9569
5459
-1338
-2059
3016
683
-337
-708
7612
1547
-5946
-4098
5724
764
8837
-6998
7496
-6696
4451
-5185
9818
137
-5456
1295
-2745
-450
-7819
8657
380
5
7304
4257
7442
-2909
4955
-3492
-9361
3697
7821
-9856
1188
-7398
8217
6254
2732
-8542
8458
-7553
3125
-2159
-1756
-8247
846
-6034
2855
9653
-8149
3915
-338
-4239
-6541
9500
-2863
9165
1763
5304
6650
-5104
-7267
3299
7240
8840
3725
9463
-4801
5314
-4800
332
-13
-181
-7686
4113
872
2299
5765
-2892
85
8846
582
-3661
7620
7173
-5267
-5702
-3359
-4431
2029
-57
1019
8375
-9762
9418
7166
8344
9817
9812
-249
-4835
-2044
7881
-893
-5375
-1652
-2405
-2037
-6994
-2598
9426
7918
-5228
-102
-2470
-8568
3224
-9620
2680
-4325
-8065
6173
8680
1438
-7456
6262
8222
-338
-7280
2610
6286
806
-8763
-8284
-9854
-378
4293
9490
1248
-8192
1531
6725
9684
-2165
4027
-6790
622
1758
3783
4094
8827
-7507
2372
9854
-1971
-4058
7502
-1697
-6020
4863
98
8789
6687
-2298
-9055
-3025
-8311
8116
3795
-1167
103
-5271
6208
-907
2506
1434
-6297
-3085
2550
4491
7896
2940
7966
1223
1358
1439
-6840
-2656
-2288
-1549
6907
-9285
-8895
-3798
3878
-8369
-8670
602
-4648
-9851
6252
-3675
9697
-3286
-116
-9614
5886
-717
5613
-367
-76
-5505
-6492
-1562
9387
326
5199
6600
-1595
-2011
3124
6254
-5826
-1671
-2598
7227
-94
-7375
-7155
6224
5223
-2422
1671
760
1018
-9516
-2672
-2435
9542
-710
-9408
-2693
-7343
6324
-2926
-9133
9983
-2944
3748
8230
-7725
-4348
6793
-5057
-528
8647
4524
7219
5456
212
-1023
-9952
6456
-227
-2623
7369
2387
-146
9826
3739
5795
-6834
5025
6481
3660
362
8103
-3454
-726
8742
3677
1689
4984
4501
-9935
-6534
-3096
-3240
5562
-1991
-6229
-4042
4273
-3418
-5495
-2924
1139
-2319
-4487
-2599
-5572
-1285
7453
-8955
4113
-5472
6451
1312
2805
9285
4629
9244
-4445
8201
9992
-5858
3558
1966
-7583
-6500
-8270
-5558
891
-7756
7661
-8091
-6238
-7065
2490
2193
8082
-7481
5878
1782
7100
-1825
1039
6801
-2095
-2151
-4965
4658
3516
6097
4577
-8802
-1356
1080
-8706
1983
-1848
6805
-7754
8590
2798
43
3328
3518
5068
5636
8524
-9037
-347
-7895
-6629
-380
-3812
-7819
3048
7083
-6342
-7365
-5804
-1553
-1503
-3259
7178
3298
-2887
-1120
-7615
-8124
-9464
8384
-8180
5800
2487
6597
-3590
-4097
-1473
-8858
-6030
4764
-2249
6763
-8436
9354
-9602
-3994
363
-979
7826
3316
7372
-9287
-9625
-8043
8814
-72
-2375
3681
2395
-537
-4891
9410
5894
-9519
-7036
320
6246
-6282
-7881
6202
1095
-385
3835
8972
892
-241
-5799
858
-1466
4830
-4830
8136
-9015
7687
-2617
-947
-3361
-3363
-6355
7236
8497
-3118
1270
-6082
2167
1554
-6624
-3951
3022
145
9007
-3571
1244
7346
-8486
2215
-7681
-9547
6059
-2931
5655
-9922
-7367
-8428
3461
4388
-2145
-3876
9450
-9419
-8612
3627
101
142
9666
-5790
2163
-3734
-333
1392
9131
-9917
309
6742
8176
-5130
6660
-8775
-8141
6450
2052
-9672
6662
-3997
5612
7195
-2179
8765
4959
1652
7128
-2366
-5458
8898
55
-6686
5931
-2065
5360
7031
871
1425
4863
-7975
-5112
2471
-7557
-9669
-9314
-4675
-9368
8077
-3322
-959
9067
2733
-1769
308
-8167
6384
-4223
-4473
-2046
-2259
-1649
-9835
-8365
7929
-3306
-4948
-1926
-7836
-9179
525
174
-7833
55
-6037
1201
-132
-2413
-3156
-9861
-8357
9157
-2689
-9769
365
5050
791
7218
-9160
2869
1073
-6652
4598
6273
-4793
2569
6342
-4214
-1891
1374
5588
-4317
-2821
7544
-2393
-3692
-7441
-53
-9185
6015
-2819
8938
8488
1915
-1818
9087
-7334
-5098
-7986
843
2514
9370
-7045
1335
-4229
-2712
-2553
-39
1487
-281
-7443
-6975
120
9699
-2100
-7251
2790
-1117
866
-1239
-8686
9627
-5527
-9787
1913
-8119
5941
2082
-6407
8732
-1667
-8144
1874
9870
-8140
3830
-9684
-6067
-2381
2097
6488
342
-30
-8823
1185
7910
4464
-2095
9177
-8227
748
-3865
6781
2035
841
-8901
-8438
-4794
-34
4821
-7371
1164
7653
-1748
8236
6710
3143
1217
5530
-3803
3662
-3067
8759
802
6477
6922
3377
-6594
-7674
-9861
-2592
1721
-8036
-7624
-5283
5054
-765
-2868
6254
3905
-5844
-9625
-5430
8840
7578
2346
9760
6695
4564
-7365
4358
-5223
-4510
-911
3988
2505
6566
-9457
-990
-5700
-4755
6397
-1404
-124
4211
8140
-1519
9027
8155
-3733
-7518
-6581
-5734
-1724
-6260
-5364
582
-389
6693
-5772
-6222
-1521
-4163
-5096
5775
-9511
-133
-7412
332
6100
-5187
3710
-5541
-8919
2262
-5464
-4752
-3055
5309
-9051
517
-8570
-2911
7269
-9183
-6307
-7139
3983
6233
-8016
-9715
-762
3942
-3431
-7373
1340
-9920
1474
6914
6825
1132
-6195
1889
-1078
-2244
5855
-3994
7463
-4560
-1926
6280
-5746
-7091
-1831
-8058
5621
-5224
5540
-8974
-1053
-7734
-8467
1053
-9232
-9509
7862
-8246
7229
-3743
4983
4282
6956
9361
-4748
7293
-4474
-8042
7695
3964
6135
-3065
-6699
-2974
-8400
-4479
-9936
-6832
4889
9243
-9232
-2027
-6453
4524
-7505
9923
-8149
9067
-6312
2342
8379
8602
4807
1625
-9456
-8593
8693
-7820
3300
-8690
-919
800
-9551
-2571
-195
-3232
453
4152
5684
5187
-3026
5084
2578
8702
9651
8880
1228
7621
-9697
-5877
-5249
8717
-1607
-7075
1451
-9832
-3605
9863
1801
-6426
-108
-1696
6012
-5459
-1118
-7249
3474
588
-4684
9789
-8175
-3651
-3921
-4133
7290
1962
-9506
9775
2385
-7570
8537
-549
-3708
9570
-4080
7804
498
6188
4846
1455
-932
8799
183
8359
-4488
-4911
1487
5734
-2131
6225
-9127
6710
-326
-6143
-6118
8511
8713
9810
8559
-9746
-1552
3440
2139
-4810
-4232
-3563
-5491
5372
-1579
-6314
-7368
-3163
1959
4242
-6925
-9862
9171
1362
-7011
6769
8268
1396
5233
-1767
5290
-9566
6705
5766
8227
181
-9529
2825
4045
-3923
3571
-1481
-6638
-8110
-1229
-4477
-6419
1656
-4113
1214
6732
-338
932
5244
-7368
3513
3550
5328
-5537
-4912
4659
-1981
4939
-96
-2710
1259
3761
-4489
-3120
9047
-2142
-7930
-8701
-8572
9886
5301
1696
-6516
-6670
-63
-6701
-9857
2366
-8405
2356
-4609
5926
8396
4270
6384
-2007
-7360
3855
3640
-8744
-8069
-89
-4857
-3927
4349
7939
-8004
4354
6278
-3244
3299
-1777
7028
-599
-6314
-2151
-6250
968
-7297
537
4211
-4791
598
-516
5713
-6685
-6392
1473
4229
9657
-442
-6216
-6179
-9678
5355
7910
-6523
-7079
4321
-17
-4524
9948
5245
4930
-1553
-8658
-6960
5166
-338
-7726
1498
-2805
-8054
3343
599
446
3107
8001
9843
6440
9188
6176
1805
-8040
7843
4363
-9781
-482
-1434
-7555
2327
-3550
3088
-4678
5229
1533
5814
7444
-5984
-7179
-3235
-1171
4769
8569
-5626
-9886
770
6556
5967
512
-2754
3129
-7080
3336
-132
-3004
7316
170
3429
6512
8659
-3983
6805
2686
-3537
749
56
-1463
-9599
-6310
-5233
-4926
8404
-5196
-8409
4257
4756
-1643
-4753
7764
5600
1897
4814
4499
9000
-421
305
3240
-9693
-9910
7333
-4021
-779
8476
4276
-1212
-5670
260
-5637
-8876
3835
3414
6521
1992
-6744
-5942
-6969
3714
1927
-1380
-5301
9139
-3661
-6131
6253
-8099
-3263
9264
-9396
-1119
9749
6020
7761
592
-8379
-9795
2808
4225
-533
-169
6607
7760
-885
8869
-4336
1349
8456
-8365
-5354
-5974
6220
-5813
3306
8486
-8334
-6843
2547
5541
1557
-7559
2781
572
-2891
9176
-3873
8140
5187
8610
-6482
2514
5579
645
-4562
-7478
8677
-5597
-7605
3955
-4103
1017
917
-5638
6384
3947
6972
1165
-1550
4594
801
12
8499
-6561
6600
7287
-691
7983
-8185
9611
2659
-5128
1332
3465
-384
-9160
-9151
-670
5972
8439
-694
-472
9897
-1615
7223
-3243
-6921
6020
4935
5832
-4538
-5787
-6409
7196
-1699
9918
5303
8301
9569
-8873
9865
-3080
-1840
3131
6195
5876
-6320
-815
-8505
-4975
1623
4921
-6746
3829
-163
3098
265
-1834
-1225
-3450
-3034
7032
-6474
3884
413
-6680
-7633
-5545
6808
-2566
-8546
3753
-1830
7507
1276
-5651
-8627
444
715
6537
2851
-77
-616
1609
-6628
-4876
7569
585
-1896
-9804
7555
-5420
2213
-3797
-949
9302
-8764
-4293
586
-5895
9983
-7243
437
6221
5691
3423
3291
9218
6552
8942
-3209
4179
4479
-9094
-7609
-228
-4077
4105
-7196
7937
-9974
-9358
-9750
7717
-5104
-894
-796
9278
7833
-1411
-9000
-6708
2540
6745
5122
-9317
-423
6321
8379
-3469
-5516
8428
9178
-3458
146
7020
6992
-7178
5812
-3468
-2527
4945
1928
6103
-9802
853
-7347
6918
1076
7910
6718
8303
-7051
-1778
2410
-7160
1214
7656
-1963
4029
-7917
8243
365
5875
3295
756
1338
-8863
-4626
-1629
482
-9099
1644
-6296
-8586
-6100
2389
366
9845
-7019
2590
1464
5098
6010
-171
-3598
-6666
-978
-6786
7353
5246
-1528
-6297
6865
-4549
1786
-6580
-1208
8632
4245
7361
-3071
-4496
2431
-7361
9653
-7453
-6389
4902
-6682
-7030
3153
1259
8874
-5131
6034
1999
1825
2950
-925
1061
-3651
-8787
-1720
-667
6645
-8893
-2386
951
8070
-878
-325
9988
1250
-8527
-1573
8808
-676
-6516
3054
8700
4830
4707
-4157
1270
-208
3374
4626
-3727
784
2432
-5087
-7050
-5583
-4069
959
-8280
-9907
8870
3043
-4596
3306
-778
-7514
2571
2665
-8078
1490
-7526
-2723
-5132
6207
-6810
663
-622
-6710
5626
-63
-3971
704
-5507
1082
8236
-8358
-4874
2226
5716
-1830
-4621
-4189
3040
2825
1775
-3527
-7228
-6544
-838
-6656
-9386
-2867
1459
-7445
-6518
2681
2440
4949
6590
7065
-9728
9397
8830
2288
-6168
-9039
-1673
-8154
9078
-1681
-2416
-8601
9542
-3377
-6430
2645
7523
-9826
-7104
6091
-6939
1184
-9236
-3278
-760
6511
-4639
6840
-1746
6752
-7445
-8413
-3784
-5535
9943
-7015
387
-5034
9979
3970
5299
-2457
1803
9099
5669
9888
1017
-6787
-5728
5761
8593
-2432
-3393
-3380
2940
9831
782
1268
-5945
4051
-6736
3779
-3347
312
-2666
-712
-7004
7239
8834
5258
-1176
9018
-1534
6689
-57
-6011
-5498
-506
9674
7847
-3892
-8423
7445
5755
-7254
-4140
2014
4017
-9458
3324
-3041
-140
612
-9232
-3535
-3256
-837
-3798
9633
2389
-2104
-9291
-6264
-8036
5437
-7167
7309
4435
3182
9039
1439
2358
6803
819
-6523
-6474
-7579
-7311
8873
3815
-5217
-3697
5087
-9712
7288
-358
-185
-1144
-7362
-4365
9308
-9069
-8778
-259
-8611
-1721
9689
298
6093
6406
-3495
-2527
-449
4097
7302
2130
-7520
4595
-9550
4364
1586
-6514
318
4231
6248
3727
-9215
-6481
-7674
-4049
208
-7465
600
-3341
-1696
-627
1723
1624
2552
6311
5484
-6285
7421
-6111
8169
-644
-4835
6453
2499
-8920
-885
7523
8701
6613
-1346
-3576
9590
-3262
4258
-9944
8625
-4628
-512
-7600
-4529
4294
2654
8905
1776
-6601
5762
-3565
-951
5447
-4213
708
-2040
-3507
-3718
3745
7593
-4982
-4596
857
-1272
-278
8042
-7328
4381
-4140
1318
-8997
1051
-5073
-4874
7470
4542
-4721
-5020
-3023
-6304
3912
4915
-9462
-5693
7587
-4858
-7205
7475
9364
8841
-2153
-9149
2970
-9277
-2071
3459
4827
7583
-5816
-324
1220
-5041
1758
-6382
-6185
8281
6220
-8010
-3382
-2452
8220
-7465
1278
-6714
1722
2975
-754
-9253
6776
3870
6396
-9292
3886
-1117
3713
3429
115
-1699
-2270
-9182
-3426
6623
1052
-4545
-3512
-2689
-6066
4034
4207
-5512
2906
-5036
1319
4822
-4127
9978
-6894
4091
9711
-3199
3816
-4938
3887
7003
-2976
4962
-4348
-7236
4759
4364
7402
-6023
-1237
-8319
-7981
-9029
-4802
5614
-4541
2653
-3722
-4636
-1490
8010
-5435
-5159
6451
8291
-3129
3926
6332
8445
-4954
-9751
8420
-1892
-6001
3016
4527
3942
-4506
7016
8851
-3734
2574
-1450
811
2902
1067
9807
-9254
1509
-3160
-522
5777
2158
-2368
9140
698
7966
-605
4090
4826
6173
8798
-3431
663
-6459
-3181
9504
-2707
-111
7567
-169
-4898
-4122
2400
-6569
-9771
9170
-4561
1915
-7063
-2040
804
-8634
1198
-7444
-5465
8475
-5795
-2221
-6506
-6105
1497
8823
3194
3893
-1888
209
7165
3845
5489
8385
259
2673
-6612
8259
2876
1338
434
-2115
-7693
-1109
5895
1256
3064
-8234
4533
-2628
662
1611
4652
9213
-9724
-557
2319
1909
7536
6286
-9169
-3523
6659
243
5344
-3356
5364
-963
-8889
1803
4548
515
-4034
-9977
-2547
-6920
-7747
-7729
-9038
7234
5729
-6804
657
7239
9138
-8414
5819
-8284
-5986
-9999
513
8724
-9364
4960
-8467
6003
1340
-1518
-5627
2999
-3565
8599
-1521
4074
2039
-859
-9794
8521
-4594
-1185
-813
-666
-4476
5012
849
7600
5658
9122
764
4043
4810
-3793
-1964
-656
6613
-5134
-7717
1066
5424
484
2117
-3225
993
-5380
2515
8666
4305
3563
1215
809
1792
5944
-3958
-2929
-6825
4879
231
-3677
9254
620
3955
2971
2996
7512
-5120
6629
-7809
-1672
-2976
8249
4663
-8685
-4397
5795
-9825
5694
-758
-9014
-5577
7199
9738
4119
-1530
-8228
-5537
-6832
-8842
-782
7171
944
6609
4455
7222
-8211
2339
-5747
-4942
6281
-5829
-8987
5808
-8508
2222
6076
-8226
-9399
-3601
-8870
1028
7761
-2741
-6770
-7559
-103
8217
-1614
5738
8876
-4516
-1358
-8121
-8996
9495
-3009
8579
3033
3245
6215
-2735
-2675
-7552
-8498
8390
-9483
5377
-1496
-3160
8513
1253
8377
-1892
-7209
-6243
-3264
3743
2357
-2124
2155
-4336
-3224
5871
8017
-8669
5377
-8201
4727
8120
3583
-9330
5552
-350
-6946
5847
-576
-941
-4348
-7724
5378
-8267
4970
-4696
-2009
1681
-9758
7102
-3819
2296
2536
-4243
-8833
293
-2878
5436
-4725
-9996
-924
-539
8457
9861
6225
9983
-4950
-1437
8097
4551
-927
748
9522
-9375
9850
8810
-7934
-4377
-7314
9178
7212
-8003
-8298
-3777
-892
-7738
-335
-4677
-7984
-8197
-3225
-2095
8141
-3241
-2100
2138
-1904
5843
6279
-9077
-2946
2437
-4018
2690
-7613
-6438
-7739
5549
-7095
3413
283
-6264
7384
8743
6096
8795
-2920
-9919
8738
-5476
1431
7130
-5338
-5143
9105
8479
8376
4780
-8003
-2947
-3147
5670
-2031
-6940
-278
4957
631
-296
-9673
-3262
-6364
4555
3220
-795
-2698
7948
7199
2008
-9576
1077
6773
-1596
9606
-1793
2110
-8698
-1897
6327
5151
-6982
7862
7979
-7134
1210
-433
-9688
-6795
-7019
-3775
6465
-765
-5091
5635
-7734
-2937
334
-5729
-121
3594
-9462
6836
8971
-8712
-8079
1515
8408
9458
-7974
-3504
3956
-3339
-313
-7840
-5092
-9674
371
-9013
-5057
-3063
3989
5061
7682
-6857
440
-140
-6729
-2982
6244
-519
9571
-3731
-6665
950
2143
-8852
7204
7208
-1417
-5382
6441
371
-8810
-200
-2676
1153
-9009
7850
5780
6967
2022
2374
3474
-1766
2588
5226
2362
-1392
8156
9275
3128
-3401
-8428
-2901
3343
-2428
4997
4578
-9182
-2501
5437
-5746
-6653
-7844
-7958
-7731
-4369
-6999
6467
-3114
580
8436
2865
-2273
2039
1259
-586
-7395
3665
7555
-734
-6321
-8992
-9073
3207
-3098
2068
-5483
-6306
5369
-9491
7379
-4919
-934
3617
-3671
-4786
-4460
585
-1779
-4155
7149
-750
2387
8565
7256
1358
712
-9805
-6569
8536
-7345
-4708
-9009
861
7488
5998
5677
-9088
6289
1030
7138
7559
-3611
3785
1337
689
-2798
6936
-4132
-4767
756
1567
-4869
-6914
3892
-1280
2546
-1738
-9916
505
3673
-779
5908
-6437
-49
834
6808
-541
-9432
-7239
-4861
7708
8910
6681
3528
-813
-3763
9376
-7154
8297
-8072
-362
8726
2916
6379
-501
5612
735
4415
-6419
-5810
1672
-6652
-6886
1303
603
-7623
3388
-1950
5866
2362
-9490
3177
-2876
917
-6649
-1295
4058
-3860
-3969
-2123
-1930
8079
-9555
3644
4087
7898
-7517
2517
2185
-4241
4602
-8231
-7062
-709
4657
-6194
-9928
-4762
4815
-1778
112
-9444
-1204
-3406
-4507
-1219
1617
-626
-1781
-5300
5009
-7088
4685
-9173
6424
3692
-4182
-4843
4817
-6871
-4507
556
-3697
-3719
-5123
6027
1479
-613
1207
229
-8317
758
-3573
-8896
3829
-416
-6314
6258
-4165
4133
-7904
-3574
-6691
1170
1486
-5211
8307
7928
7147
-7284
2145
2265
6081
4712
7160
-7003
-9642
-932
9374
6606
8680
-8733
9317
6478
9966
4858
1689
-7859
-3043
-424
7383
7288
4125
-9434
2814
5442
-902
7534
-6148
7333
-3220
6827
-8479
-2609
-3375
-1377
3503
-229
-8927
-9468
-422
-9496
-1912
9509
-6299
7308
4167
4127
8397
-7323
6908
-6955
8574
1334
3160
7152
-7870
9950
5487
6546
-9812
-5956
7464
751
2522
2967
-4007
-5391
7685
-3523
-998
673
7592
9193
950
8457
-3051
-7437
-4676
5078
4950
-2703
5183
7201
6073
5803
-1559
-8445
6297
668
-3898
-1629
2708
-2520
3962
-3989
5917
829
1059
-2278
9321
-6118
4685
-2004
-8649
-2577
1785
-8989
-8007
7773
4797
-868
-4001
7357
-3676
7971
1472
784
-9139
-4401
-658
-2550
-2723
-7081
5200
5248
-7818
-9890
11
1732
-7944
2721
2766
-759
-8484
-3610
-1204
-5804
7121
1305
7220
7688
3412
8822
-3301
-3445
8545
-4361
9882
1275
-3503
-826
-4182
3349
3177
808
-8597
4215
-6052
-7686
1109
-8209
8460
-629
-8409
4586
-5400
-6544
6056
5488
-7989
-6272
6569
-1626
9870
9376
6731
-6897
-8565
420
-8395
-8339
9403
471
-8744
-2003
-2008
-8822
-6871
-7818
5500
1443
-5280
779
6198
5652
272
4991
-4685
3225
-5018
4778
-9972
-5466
-2854
5800
-7720
-4347
2699
8630
-3310
3005
-1737
6321
9910
-6119
-3146
-7152
-6975
8049
-5617
2624
4166
-1791
3777
2012
8298
-8118
-6304
405
-8201
27
1834
-7904
1524
584
1633
-3122
8061
1372
2033
8243
51
7301
6184
3201
3306
6481
-5379
-8888
4312
3869
-2690
3024
4604
-2051
-9385
3697
-5983
8391
612
-3311
-8232
2299
-1729
7009
-9145
8680
6296
1681
2551
5930
-9111
-1064
6576
8353
-4302
8788
2002
6088
-2077
492
2774
-7947
7026
-5697
-2108
-6245
-1958
-5503
-4798
7323
4930
-7986
-6499
-825
5908
-343
-714
9184
5427
-9255
6966
3487
-9884
8175
1986
2535
-6244
-7774
-48
-9359
-5774
1004
7566
-8948
-1197
-6470
-9264
-3822
-3931
5001
1935
-2787
6628
7678
5746
7549
4004
-757
-3432
-8262
-3361
6065
-1405
-2222
-1259
-1461
-1678
-3677
4420
-4714
-5327
1262
-1570
-864
8021
9810
8916
5729
-5746
262
3037
-7163
8041
-338
177
1273
-1402
2975
5799
3667
9207
-2563
-908
6980
3278
-3018
-5048
-5262
-7212
1884
4131
-8176
-9857
-2779
2823
-272
9710
-2277
9778
-2579
5602
-8106
-2763
-521
-7222
-7140
-3484
4961
1063
-1961
3049
2222
4981
-3390
4458
-7849
1543
-5052
-9035
-9209
-8276
8524
-1533
-1760
3731
4321
730
-9638
-969
8320
8009
-9839
7936
-6985
8447
-720
-7522
453
-71
631
7309
-6642
6264
4183
7064
-2977
7046
-7192
4586
8488
755
-9038
33
8264
-7611
-7106
-3630
9162
-5321
-8897
4926
6719
6835
8280
5377
-4908
5795
8897
-7842
-9897
8155
4734
2150
-5503
8216
4010
8563
-2510
-3893
-684
9090
2753
-6156
492
3462
5769
3169
-1622
-4162
8602
-9593
582
8151
-6061
8516
1013
-8858
-6845
-8382
-215
3068
-7549
250
-5144
5087
-6422
-86
-316
471
-4211
-2428
1231
718
2462
-918
9049
-5721
-187
2602
-382
-5770
6698
-7627
9628
4564
9821
-6223
-9001
6514
-2204
8222
7660
2940
8421
9874
-9486
-6929
-3141
4666
-7970
9460
9889
-929
-3387
6593
-6643
-6078
-8352
-7572
8416
-9333
-1517
-1186
-2227
-9030
-3604
778
4697
-8614
-9690
7705
-5496
7713
6528
3547
5302
6370
-8023
-2612
1675
9393
5823
8411
-4028
21
3999
9910
-9518
7742
4370
-6385
7602
-497
-5217
519
-3610
7160
-4691
-452
-5974
4330
2001
3639
-4209
-8674
-3541
8887
-6864
-8491
-6842
-9439
-6875
-6723
-4887
-6273
-4165
7766
9806
3024
-2142
-1880
-8542
7642
-9253
-2445
-9415
7057
8834
272
-6052
4365
-8171
3010
-5860
-7005
-5765
-689
2874
-6938
2040
1181
181
-7186
9119
-6161
20
7011
-9357
-2344
3121
9362
2272
-1978
-6870
9330
3260
9947
-1627
9540
-5085
-5248
6955
-7561
-3877
-6255
-8291
454
-7750
-3708
-7668
2139
-2494
8985
6404
-262
6627
5532
-6932
-718
2190
-9309
3992
-6578
7933
5223
7199
-8259
5217
2808
2376
8996
9674
1096
379
-2354
2876
-1426
6790
-5987
2448
5349
7278
-8023
-9907
2773
2424
-3485
2682
2292
114
-3157
4525
6791
-9075
7832
6367
-6209
561
5533
-5452
4171
1732
-5107
5197
8881
6787
-8008
98
-1215
-7481
5121
-4847
-1994
3045
7726
-2634
-4205
-9259
-5464
5672
3783
-1322
1921
2778
-5146
-8959
3372
8592
4142
3601
-9342
2776
-9097
550
6500
5577
-2299
2851
-8622
8613
8963
5443
-978
-5897
3998
-6231
-971
9666
2878
7491
5742
-2401
6631
5422
6445
-1471
-5649
3970
2780
3084
2029
651
-2428
2498
6049
4076
7270
2575
1795
849
9388
-9151
3778
6452
-7366
8281
-1021
2382
2128
8287
-7607
2795
-2337
-2448
8676
-7613
-1842
2519
7318
8484
-1087
-6461
-3948
4578
-7753
644
-5455
7707
4129
195
8397
-8322
9457
-4974
-4583
7904
6803
-7549
-6885
-6551
9785
-4331
3196
-8051
5554
-4006
-3505
5670
-6578
3847
-4782
-5428
9160
-4671
-8754
-2591
8675
8228
-8810
-5103
5134
-8197
3557
-658
4680
3108
-3705
696
2337
-5346
-8370
-8740
-1992
529
4710
-6791
-5785
-7085
1715
-7755
-5157
8330
-6682
-4853
8252
-1999
4267
7004
-9198
-6116
-1033
-1255
3040
4619
-510
6697
-4437
7283
4376
1476
9167
5330
-3179
4060
7185
-2117
2515
-7611
-1135
-3739
-1933
8538
717
8631
-8295
6440
7040
-9129
3130
401
-8586
6716
9596
2831
7261
-9661
3840
-9106
-9423
999
-422
2207
8295
9635
6077
-8766
8958
6387
2177
-6921
-9063
-1235
-6220
8788
-344
5652
8041
-319
-1293
1853
-6506
-5293
1641
6081
8837
-7146
8754
6317
-9743
-811
3708
-3394
9871
-9774
7828
3492
-9434
8452
8131
-2817
-3293
-9377
2364
5852
338
4085
-3222
-7949
6506
7173
-7868
274
-5207
8652
-715
-3918
9275
348
-792
119
-8387
-6240
6396
2691
9428
452
636
-2959
-5211
-9760
-4193
7365
8300
-4913
-8935
7580
-8359
8570
8510
8191
-1809
6549
8571
-3388
526
3861
7308
-9531
-6426
-766
4436
6225
-3567
7768
-9980
2204
10000
5210
2427
-7808
-6145
3250
72
-6416
-8309
7716
8044
8951
-2501
-6738
3620
-9203
5913
-210
-135
2344
-6876
-2460
-4842
8773
5290
3262
6832
1254
-7222
-4002
-3877
-293
-5609
-9926
205
696
383
-1651
-5996
-7927
4190
1361
2887
-4052
5831
5470
-132
1792
-6222
9355
-2179
-8989
-7386
-2070
-5985
-263
6707
4647
-2123
5176
5457
9153
2985
-2040
4308
-3953
-6233
-7445
-9338
7871
9732
2454
-3182
-581
1529
1863
-2029
524
9221
-4089
5576
-6646
20
6308
9835
-9618
-6824
-2407
-8263
-5655
8846
-3184
-3868
1369
3776
-5414
-6229
5515
-4424
8776
-9042
2733
4357
-376
6701
-1013
5823
5478
2248
-2528
-1260
3102
3340
6402
-2691
2687
-137
8023
-2595
2325
9958
-4996
2349
2153
-1169
-2924
-1176
-4515
-8633
5011
-6525
-9102
8946
-8074
6535
9143
-5533
-7839
-6041
-6783
-1304
-9918
6383
3246
-8140
723
-1522
4069
5722
-2932
7884
-2897
1642
-5126
-5557
3743
-9577
3464
-4070
9865
7294
1247
-5044
785
-4013
2225
-4153
-3009
3879
6924
-590
-1316
-7913
2189
2080
-870
8088
8738
1102
-1396
-8918
6950
-4959
-2475
-7935
-9232
1929
5212
-6960
-2751
7482
6483
-1362
-8654
-8935
816
-11
1781
-7110
4752
4901
-4756
-88
-523
-7114
-1238
4725
-8860
-7246
7816
8622
-92
-3837
-2263
524
-7128
-8386
-722
4519
-1137
5116
5915
2812
-3344
931
1875
8152
-3302
8518
-5001
5504
6601
-89
5110
-8355
8340
3582
-2530
6452
9519
-3112
-9898
7935
-967
1721
2414
3016
767
8985
4927
6444
-3708
-5747
-3008
982
-1667
-5066
3397
-4579
-3206
-7617
7834
5468
1725
2258
-9793
-9926
251
-3206
-5567
8997
-3838
551
1568
-3259
8841
5477
-9684
-8570
9031
-4300
6173
-4591
-3832
-2281
7994
-419
3281
7576
3023
3586
9176
-263
8272
-8719
4801
3517
-1351
-4979
7099
3777
-4623
-5661
8623
-937
3506
8030
-6766
-8889
-9090
-74
6123
5174
3659
230
-8359
-6864
4464
-7990
833
-6025
4723
-9031
-401
5358
3767
3986
6229
-491
3778
3389
6437
1160
3168
-8597
-9750
-4593
7562
-6348
5772
-1717
-6653
3983
6449
-5585
8983
1823
-7601
1443
1079
-1793
-2998
6075
1234
-2282
-3091
-7155
2469
-5871
-8323
-8089
-2386
-8448
-2525
7970
1655
-5424
-5408
8434
-2727
-6949
7442
5600
-7539
-9703
-5428
4929
-6865
-2308
-8734
-5209
5497
-4935
4221
-8719
6976
-8512
-4818
335
-4610
5814
-3082
-3855
2207
9766
1951
1515
-3753
-9255
1005
8593
-187
-4453
-5131
6444
-8431
-6599
496
-6657
1551
889
-2280
-3328
1509
-7568
2533
8038
-6391
7962
-9045
2602
3211
1551
-4709
5897
-8773
-4323
9187
8484
-4560
-1112
-9480
-830
-1862
-9521
4626
9205
8059
4084
8332
-7140
-2235
695
3344
-2824
3561
2173
1888
6075
645
7235
5937
-209
9724
6339
-7508
3499
5997
1254
-4216
9998
-2628
-464
1070
-7384
6213
-6774
-1054
-5083
1572
4330
-7901
8720
8910
6621
1008
-4031
9000
-5914
9970
-2124
-7160
-7108
6500
2343
-6847
7034
3961
7867
3138
7109
3852
-6185
-1774
-3026
2718
-207
-123
1734
-6597
4793
1964
9699
-9791
1680
9918
-4036
6605
-7879
102
9894
-5459
3250
-3653
6461
9679
-2911
-536
-2817
1460
6376
9156
9070
-27
-1505
-3900
2793
-4232
7126
7230
-1073
-7631
7431
9821
-9573
-268
-8947
-6038
8940
5012
-5548
1607
4388
8670
3496
-8786
9652
-7828
-930
5551
-458
1075
-8858
4561
7094
8135
4407
-3076
-60
-2108
-508
6159
-7394
4666
-9567
9241
-3261
7743
1916
8651
-5301
961
7381
3734
9137
1845
-9552
-3585
-3349
-5206
8548
-9544
-4200
-6039
-5491
8008
5300
-4578
-8368
-7470
-3314
8296
3705
4242
6092
-3694
7038
-7829
-2496
6345
4988
-9010
-2537
7270
67
-4754
-8556
153
-2696
-2526
-4593
736
-8180
7301
-5808
-2885
-6359
-4754
-7425
-5724
9130
-9491
5367
-547
-9445
9574
9130
2766
-9640
4758
2625
-2196
-8739
-477
-8992
-6384
4130
-4472
7547
2678
4752
9937
1883
-8230
-235
5975
-6162
-7353
-96
-9317
3798
1358
-2722
-9229
9287
7122
-8569
4861
-6442
-5847
-1791
-3607
2179
7202
-2841
3478
-3276
-5906
5631
9787
-6327
1516
5697
-1858
8762
-4079
2996
-2356
1237
813
-3516
-9726
9708
8696
-756
1784
8931
-386
-4913
-6998
-683
8760
-3422
5615
3638
4397
-6868
-4074
-3471
9296
8502
-7169
-7841
-2448
-7260
-6654
3626
9773
3296
-624
6033
3912
2486
-180
-4588
-9080
3108
4873
-8312
-5999
7531
-3792
-6064
7804
-8340
819
-8196
-9056
7659
3725
6127
8882
764
-6859
-1686
-734
8953
-5192
669
9852
5886
-7712
7014
-1922
2652
-3670
6614
-671
3001
-7738
-6653
8802
-4007
6979
9508
-7867
6927
-5182
6699
508
4653
-753
462
2736
-9065
2315
3164
2591
-4186
-5766
1291
7439
-8676
413
-5967
-8631
8464
3404
-8258
-3932
-6172
870
8560
-8664
9710
-5910
-1234
-5015
-3204
-1469
527
1355
7471
-2461
-1925
-6339
1166
-4808
6027
-466
7756
-4504
6304
-5608
-5481
-5222
-2209
-8136
-6547
5691
-508
-1768
7962
9377
9311
-5751
7204
9434
477
6295
-6086
2000
988
-3915
-9214
4913
6821
4688
-4690
-3891
-3054
2064
6802
-3226
-2155
5784
-3160
7016
-5023
7050
5993
-5004
-9312
3970
3424
-3963
-5925
7289
-1895
-15
-9856
-7028
3832
-3679
4128
1042
3702
-5484
8789
6799
1230
9494
5817
-2234
3970
1868
-2818
8588
5344
4014
-1839
-2823
-5573
2471
-4048
3087
-5604
1708
507
1214
9872
1125
-3276
-1451
-4438
-1833
2474
5414
6861
7189
7099
6440
2478
1065
-100
8698
-6825
-5466
-160
9289
2116
-3328
644
7763
-5302
7915
-9615
-3743
991
-6639
-7142
2952
-8082
441
8929
1968
1460
9688
7924
-1010
4588
-1144
9931
3236
-3558
-2119
2385
4403
9359
3461
5624
-2587
2489
-1103
5059
4602
6518
-8775
-1592
-2205
-3062
-8349
7643
5646
-9088
6449
6112
-4769
-8742
-8046
5794
-3991
9782
5911
-7423
8724
-792
4871
4905
-8413
-6982
768
3841
4376
-2339
-918
-5220
2046
-247
-7357
292
-6518
-8738
-1624
-6671
-4454
-1487
7224
7920
9819
-5859
-6955
5180
3683
-9056
-9910
-7202
-48
-1754
-7733
-6483
-4923
-1620
8980
8876
9655
-888
-6483
-8046
893
-3903
-552
-2974
-3811
7830
4715
1460
9907
-7960
-4747
9631
-7100
2210
2871
3148
5047
8086
252
2275
-935
5595
1076
-2806
-6417
6341
-5044
5958
-1549
-4372
6654
153
7980
6157
9476
-1429
9273
-4963
3649
-6142
6509
-5865
5736
4899
-4351
9149
7133
-327
8155
5484
9671
7848
4631
-6927
-9915
-3878
-189
-3225
-6257
5519
-5184
266
-9806
-2149
-1657
2702
8404
6585
6989
668
-5890
-5069
-1056
7282
4827
-892
2205
-2559
-3350
1510
4960
-2317
-2233
2667
9668
8880
-8235
985
8470
-4362
7037
-2454
4804
6516
-653
-3126
7196
2025
7271
-808
5364
7172
9147
-4566
9828
1237
3126
2178
2285
5534
-6111
-3192
1442
-198
-6973
6026
4709
-6432
5019
9452
-7666
-1882
7155
-8871
-7924
-1118
2899
7601
-3986
8854
-8419
-9783
954
-6399
6922
1849
-4112
5629
-1649
-6576
-1175
-9028
8498
-4453
-2702
9172
7920
-9191
1335
2075
-6803
-1474
5472
3013
-7265
-8211
803
6808
9028
1776
-4376
1173
-8778
7812
7440
843
1234
-5988
-1640
-2665
-5812
-2802
7902
1365
-7566
2889
754
4019
2748
-573
-1324
-1023
-7825
-6543
4051
1273
-1513
8618
-1088
-3751
2366
-3477
7519
-326
-5499
-9230
-6063
155
-4930
776
1084
-985
7757
-4866
-9759
6307
-956
-8992
7488
1451
2349
-7793
-6270
-7240
-6991
-9253
-8941
2058
-2477
7016
-3034
6440
-5043
-4133
-6833
9820
-8381
8745
3696
6370
-9406
-6985
2895
629
5687
-675
-4116
2810
-4701
-6761
-2715
9722
-9167
2586
1020
358
-6905
-3371
-8020
-4118
5073
1468
9047
-2131
-4703
6054
3425
-7811
7584
5090
6603
-2883
-9934
7931
-6397
-5683
-5896
5733
2600
-8454
-3742
6548
4531
8693
-5183
-9512
6809
-9523
-3957
405
-7111
-1623
4003
4573
-7966
-1537
850
7868
-6337
-2121
-7124
7670
6154
-593
-2608
4397
4236
-8476
5636
5595
3770
-3155
7989
-4876
9320
7523
-6263
-6312
-4304
-8928
7170
-5461
-6232
-6021
-2820
-2559
-3872
3401
5660
-9816
330
-5552
-1522
8383
7077
-4140
9279
7919
-7265
3004
-8782
3249
9897
4882
-1438
-5699
8262
587
-802
-6964
-4746
4123
-1164
6250
4807
-1437
6727
-6210
-7775
7519
-685
7692
-5800
9045
6052
8367
-158
6621
-4705
3726
287
-1003
-9686
-1410
-618
7404
917
7590
3171
-5103
9347
-3052
-7697
-2986
736
5089
8569
1424
3374
-9902
-2229
4363
-9859
-6717
-8550
6022
-1113
-6306
-6951
-6455
3543
2265
-8231
5212
9632
3431
9853
-9732
-7684
8565
-8932
4089
2146
250
-7796
1481
9008
-4181
-6551
2197
-1559
-1735
-7834
3646
3293
-4378
1768
-7685
-8602
-2050
-3225
8359
1417
9914
1545
7613
3548
-1236
1516
5532
1052
2477
1819
-6473
-329
-8033
2337
-7856
-8757
-7270
-7310
-8294
-8560
-642
-6968
6943
-1576
9801
515
-1428
4858
-4485
-8367
-1567
-3974
5684
4109
-3144
4683
-6874
-5595
5467
-248
-8830
9368
8079
5509
-7760
-9498
-7580
-1096
2684
-4296
2406
4328
-5413
5483
-2992
-7070
5612
-4310
-8177
-5118
-5654
-9726
-842
3961
3577
3615
1257
-5493
-2773
2302
242
-7681
-4553
-2420
1798
9751
5849
9582
-9619
663
-5924
7282
8124
6570
-8312
-1674
8812
-8087
4692
9247
-6869
-6328
8562
-6858
3134
-1987
2266
8184
3464
7369
467
4159
-2892
6949
-2447
4698
-8257
-7735
-2066
-5313
1301
-2051
-6758
9594
-1114
1049
705
7983
9968
9775
-4278
7868
-7074
-2272
-7247
928
-7448
-6277
-295
-1810
-8282
8488
2317
-8264
7103
5573
-4390
-2057
-5992
-3038
1332
9447
3417
6069
2695
-5120
3808
-5521
-7588
6752
504
-6727
-8991
5518
3128
8134
-5949
-5110
-7696
2972
6040
179
667
5539
-1617
-4344
6648
-3828
6587
3648
-4328
9324
-1847
2182
2664
2200
-8494
-4124
6794
4286
405
-7732
2659
3553
4912
-175
-1778
3858
3993
-492
-6933
8163
7194
3237
6912
-8407
-7704
-593
9082
3365
-7175
-6291
-5064
1072
-7502
-1948
-6602
-1817
4167
79
-1787
2414
9469
-3772
4342
-1946
-4234
-494
3882
-3683
1810
-9738
-9406
-6864
9059
4777
3028
-9757
1600
-7049
-4881
9181
-9445
6959
-7436
7312
-4623
-8289
3481
8916
-3050
-7240
-7678
7886
8998
-3982
-6507
9906
-1458
3849
3036
1
-5576
731
-8047
6204
-7278
122
-5283
-4241
7672
-992
8348
4691
-7252
-268
-6105
-2538
-498
-8946
-7969
286
-2480
-7732
-9109
1337
6167
5209
8106
-588
2798
1487
-8879
5608
-1236
-4844
1462
3000
7923
-2557
629
223
-7318
8429
5988
6898
-2917
6541
-3765
-1162
1769
7953
-6512
6344
-4065
7235
-9020
9549
4828
7228
-9493
967
-5165
2915
-7494
-4270
4778
-6684
8188
4997
-7571
-7748
-7392
8180
-2687
-7648
-3829
4913
-8161
-6807
-3863
7391
-4378
9967
9311
-8124
1877
-131
-8802
6700
-3891
-1981
-5768
1324
-7449
2076
-5586
2947
-5588
5355
-9221
-7151
-5695
-3237
4073
-6684
7617
-1422
-5399
-9711
-8147
4374
2870
-8393
-5823
5180
-4009
-9898
4118
-5563
-7688
-7268
-5815
-2701
-8757
-2555
8755
6044
-5671
4346
-896
-4128
4281
7247
3037
-9616
9063
8703
2377
3393
-4655
-6309
-3170
-3195
9012
-5259
4147
-2731
-7025
-9115
-386
9064
-2192
1927
4270
349
7499
3792
654
3602
-5569
-8326
-309
-9451
-36
-7066
-637
9611
6335
8708
-7101
-1282
2425
9736
778
3805
-1649
1753
6248
-7519
3217
8569
6550
-9842
-7741
-5975
2949
-9162
-4147
6909
1511
4679
-267
1357
-2018
-378
7545
468
-2665
-1394
-1166
8532
-7854
-7189
-4625
-3833
8136
2047
-2964
9072
-5408
4859
698
-1787
9714
-3388
-1659
4581
-694
-3895
8860
8766
-6622
-6433
-1816
-4217
-6148
5131
-5852
8333
3639
-3770
-4538
3432
5746
-7113
-5567
-2315
-6034
2333
388
4340
4137
-8736
1315
-3662
8918
-8438
-4783
-7876
5783
1924
1414
3519
-4140
957
-2841
3974
1744
-2001
-9125
505
-3626
-2577
5448
-2889
-5098
9827
-6702
6867
7719
5079
-8980
9525
2272
3440
8733
-4486
-8587
1567
-8936
2283
-4042
-2779
3359
4002
7714
-7262
-7741
5798
84
-7724
-2917
3041
3606
6414
3779
3005
4300
-8715
-6008
-8421
-3247
-1780
6746
-3088
3181
7830
4207
-6732
-4360
-9313
639
-3075
-274
-2452
4803
-9599
-8106
5803
-9828
5435
-4633
-9350
-9582
3504
-8963
6112
-2778
4970
-1003
9174
-683
3698
7400
-483
3568
-9104
-3843
880
-9069
8125
7480
-1366
-2592
-9447
-6178
-7715
-4153
-101
-9414
-9112
-6936
3572
313
1256
3830
9768
6132
-1195
3662
-5263
6227
3904
5622
1486
-4574
-5244
5865
1840
2015
-1713
5356
-1814
-8402
8814
3290
3396
9310
3030
2132
238
440
6510
8265
-6171
7695
-6639
4747
-2214
995
5001
-1944
1554
-3291
-5355
-9852
-9169
3042
-7714
5991
5108
2081
3762
8774
-5710
-3271
-4989
-3539
-4542
-7774
-7970
-956
8011
8157
-4037
1189
7945
-1817
3578
-2094
6462
4953
-3940
-7460
-2745
-1209
-8915
-4045
-593
-1865
9008
-4781
7010
7274
-6126
6107
9446
-1112
-9773
-2416
-6641
-7899
6400
9140
8122
-6833
-238
1684
5178
1928
-2290
2787
139
-2768
5121
-7260
3480
4533
7379
-9051
3909
5446
-640
674
53
7531
-5899
-3076
-7355
6240
1467
588
1058
3957
6161
7097
-4911
729
-1272
-2619
2409
9913
3138
-4992
1888
6614
5847
3646
-917
-7998
-5104
-6727
-4329
2497
8012
1218
-9401
-9306
7381
1964
-4223
9567
8606
-7371
2382
6738
-6691
3513
1471
-7140
-1730
1170
-6250
-7695
-1787
-6595
-5482
9865
-8928
-2329
5598
786
8474
-7504
8346
8197
-719
5211
1698
7024
-6217
-5543
-6840
-5131
3582
-2669
-4916
5446
7610
-8387
5393
2346
4516
6703
2442
5051
-2017
-2240
-5176
1468
7704
-9747
5078
-3734
-8182
4534
-1923
-3937
-3029
-3763
8710
-8002
1895
-5245
-9294
1239
9292
1913
5635
-3677
8691
9701
-4565
5518
-7843
-6049
8845
-138
7109
2022
-3511
-1418
-1413
3450
-7128
1942
-8250
7361
-2680
333
3635
-8263
-137
3564
-1125
-991
2940
-2967
4372
-7075
-3869
1327
8081
-1684
2199
-6075
4745
-3205
8670
7935
-1552
-9324
-8545
-4760
5677
9918
4320
5323
-7352
-7295
-4165
3808
-3723
-2631
5498
3290
-7981
-1577
8960
96
5485
1407
1525
2956
-5843
6369
5058
-1042
-5801
3798
6799
-6646
6211
3823
1032
2373
4773
657
8273
-9913
8273
-5553
-9938
7331
-300
1317
-296
-3984
1422
-979
-5912
-8552
-428
-1981
5665
7847
-4463
9412
8099
-2290
1873
-9549
-772
-1465
-1132
-21
-5663
86
7089
9459
6280
6907
-4008
-6141
-8329
-3775
4927
3837
-440
260
-298
-3025
8424
1922
-5199
5152
-2554
9859
-5165
-484
-891
2730
-7778
8530
-1779
-1436
9400
5657
5711
1812
7166
-6930
465
9510
-9948
2930
2191
-4272
5740
-3294
8646
-7028
1297
536
-2048
343
4684
-434
-3156
8126
8531
1538
-9841
-9818
-1732
-3550
425
-1300
4031
365
-3896
1812
8558
2634
5947
-3341
9132
9606
5485
-7875
-7592
7510
6991
2894
9101
-6911
-959
4091
-6050
3633
-631
9378
-7138
8649
7467
-6485
4113
9219
-7670
3889
6054
-9698
6213
-6982
1152
-5448
2667
-5497
-8509
-9389
6870
-109
-5404
3584
7936
-142
-1009
-6801
5147
-5045
4923
1416
7859
-4267
-2534
3203
7225
-1852
-814
-7555
-4392
2627
-6615
-1026
-9490
8835
-4958
-8225
9021
-1325
2103
4178
-8654
-6453
3896
-2577
-7
1853
-8056
2257
-1871
8678
-3447
7182
7425
9825
9307
-2997
395
-3889
3104
8852
777
-8744
-3279
-4708
6191
2184
-1327
7442
7894
8155
4272
-2402
-1354
-4
2966
5016
8033
-6293
-4680
-6685
6246
-1391
-2780
-6911
4735
-8858
-3889
-4983
-3322
-6827
7468
-1310
8800
4177
8839
4517
7741
-9551
-1598
-1516
41
-4326
-9792
-174
-9523
-6896
7308
9322
-746
-3801
-2684
-3456
-8314
6216
-4608
6950
6365
8762
3856
7255
9263
3359
-6171
4498
-9240
-6066
-8629
3979
-3982
183
-5443
-335
5713
2822
-6787
6067
7065
919
-9512
6227
3774
1169
9633
3695
1203
-179
8764
-3499
-9108
-2796
5758
-9435
-6553
7772
2695
-269
-4323
-9629
-4566
9837
-7582
-1591
-4224
7481
7175
162
-3490
1203
7298
8356
-2907
4864
-3215
6617
-9025
-2106
4585
5032
-6993
-7133
-3062
867
-324
-743
7986
-6111
9955
-570
9379
1805
-8454
9611
2226
9522
2130
849
122
2252
-7681
2195
9607
-6565
-4742
-2191
7963
6526
612
7257
-8547
-3805
-8717
3799
-4853
-1248
-320
-5375
8357
5169
6367
2088
9968
3263
8133
7498
18
9894
6275
-6659
-9558
4023
5483
-6251
2091
-93
-3985
-8695
-4501
-665
-4918
-193
-2685
-91
-5343
7645
41
2320
-2524
2984
-7106
8735
6466
5768
-2457
4520
-5763
3415
-3431
8894
-5108
2978
-8024
1820
9626
-402
-6427
-6439
-3251
2066
-5032
-8900
9946
5723
1510
-9992
2319
-6676
-3786
9609
8074
-7393
-5707
3519
-5252
-4879
-9153
1296
-1168
-4351
-8569
6057
-8247
2329
5318
4661
3297
3062
-3287
-3030
3500
5935
1611
-7389
5800
9451
-4572
2289
-7466
-6557
5152
-8867
-3613
7950
-3109
6124
9021
-5138
-586
-7645
-5561
8822
1740
-8650
356
3567
2446
-1901
-3268
7161
2995
-273
-1746
7449
5721
-5260
554
-8077
-7768
-5254
5043
6947
-2233
9502
5159
-5888
7698
-2433
-6139
596
5762
4227
-3511
-8132
-8545
-9395
-6151
5255
-1616
3182
3098
9731
-4836
9835
7458
900
-7365
638
-528
-5337
6221
-610
4089
1641
-2258
-9042
78
4578
9608
7805
7960
8626
-7512
-5270
6380
1986
519
-1068
1782
-4361
7415
-745
-8347
-6886
-6843
-6575
-9065
1993
9300
9693
-638
-7129
-5206
-594
-1902
-5022
114
5539
6877
-5299
-5639
3507
7039
-3996
6937
-6821
4247
7122
-6656
5306
-8962
1178
577
5705
5090
5189
-7514
2824
-7669
-8724
-2828
3432
8948
-4660
179
-9920
7815
-8065
-7683
-9353
-5599
-3431
-2972
3726
-1052
675
5471
7372
-4226
6631
1267
-4091
9772
4094
-5656
-1122
-797
-2729
5080
2340
8581
7841
-6832
7282
3399
8700
-3528
-2
-6633
2543
-8923
2452
-1512
1982
-1283
9833
8517
9193
-1507
-1880
7390
-7609
4186
-1616
-510
4294
6908
-1788
67
-2817
940
8931
-3606
2611
-6833
468
-7988
-7698
8274
-7539
-5941
9316
-2744
4366
4575
5094
6101
1877
-9429
-6410
2549
7388
1202
-9602
9397
-976
-7411
6653
3003
-8578
2049
-7038
-6443
-9525
-9731
-3529
348
4807
-6394
-9143
6065
-8314
4257
-2100
4496
3240
-5562
-6755
-2501
4264
1389
-9960
3449
9725
1200
567
-2264
2192
260
-9846
7176
2174
-800
-7592
-3049
9367
-150
1078
-8285
-2619
-448
-8461
5691
-2555
5201
8117
9212
-7417
675
1437
-6207
388
6169
-704
4237
5346
-9118
-9021
9453
-1804
-3943
-3514
3604
-9385
5485
-1777
-5648
-3073
3279
-953
4953
-5997
-4799
-8405
-5134
-2148
1954
-2025
6470
-2868
-2957
-4148
7942
-1779
12
2685
4357
9706
-4659
-451
-6842
1616
-3190
4745
2547
-8604
5990
-8264
3051
1325
1870
-5653
6334
-7078
6365
-156
-6249
6361
-9234
-118
-2322
2931
-7521
-3670
4441
955
5941
5594
4528
-6558
-9243
3353
-5927
8116
3116
5481
8323
8735
-2555
-1080
-80
4507
7154
-3601
-1290
-1704
-3695
-3268
7609
4285
146
2384
-5397
-620
-4721
-9543
-5477
-6621
1504
-919
12
6919
7187
2079
-7804
7764
3380
1174
-6709
7573
-1346
-4986
7477
-2957
8682
1054
-7878
8920
-1719
-4709
917
-8814
-4177
-8850
-8574
8917
4998
3062
-4199
-9823
-2592
26
-1603
7057
6278
-6616
-1534
9211
-4746
7667
238
-4515
7214
-264
-1870
-7985
661
-4984
-1587
7794
8000
-2671
-2737
-5411
180
5469
-3818
513
9393
7722
-1846
7396
-8367
-986
-1283
-3148
-84
-2899
5978
-9232
-7449
-8830
-2713
-5978
-4293
1341
9799
6554
6517
-3410
-527
-1963
-9928
1701
-1504
-1220
-8965
7008
6292
-7052
-1866
8326
-2999
-7253
-1530
-9815
-6942
-4125
6348
3057
-7926
-3667
2354
4666
6152
7655
-9162
8180
2424
6356
-8777
-9235
9157
6989
-1249
-7810
4913
8107
-2480
-5197
-5723
-1573
-9569
3219
2314
-723
-9144
-1207
294
-916
-7043
1627
-1606
-5633
-814
-748
-3130
6773
-2339
9453
1114
8721
-5528
-7816
2806
-9815
-1378
-7406
-6637
1018
448
589
-5284
9134
1759
1740
-7456
-2360
1360
-5146
3695
-3420
4455
5274
1481
-2708
-240
349
1834
9943
-600
7064
1638
-2812
5025
5135
-2997
1086
4291
6353
9247
2342
687
4109
-4229
-5945
8219
-6128
-2431
3430
3571
-4973
-8521
-1449
6239
5447
7676
-3224
4895
5995
-9811
-9925
-5477
4159
-3827
-6055
7913
172
6570
-5773
-8303
-7739
3228
-2307
2426
6029
-2186
-2754
-9477
-5574
7863
-2042
-5470
383
-3528
1849
-3966
-4362
8535
8278
1515
-2624
-7645
-6677
-3427
2641
3106
-867
2259
-5356
2938
777
2565
-9304
7321
4823
4200
9659
-6203
8224
-4106
-8915
8845
-2361
-6235
1657
258
4573
6340
9668
-9121
3834
8304
-4128
276
-6712
-2332
6024
-5008
766
4679
-4868
6932
1556
9472
1720
-7260
9531
9848
-4977
3961
2458
-6166
2714
-3248
-8316
-1433
3676
8165
-1909
-9369
-3086
8734
-8924
4067
5882
-1788
1839
7385
3022
-4913
1858
-2676
9875
6312
9658
-4747
-886
-6311
3427
9216
4768
-4350
1384
-3914
-7924
9678
1927
-580
-759
281
-80
8198
-6238
-265
6715
-3478
9270
8224
2510
-7976
9113
6769
-4710
7767
-1438
-7493
-2168
-8854
-7528
-1705
9624
464
8242
-4678
-6133
2759
940
4971
3812
-5093
-1392
-6102
-3294
-7624
3283
7022
-2201
7876
-2817
5853
3669
6669
6260
6183
1644
8791
-5717
990
-8161
-7199
6065
-8934
-9016
6599
3091
5502
-4186
7299
8793
-8608
-2707
-8889
7982
-5028
-3874
-610
7259
458
5944
3111
8551
-5241
-9172
9406
-5693
4227
5323
9922
8514
-3378
7068
-8568
6184
3562
9945
-1057
-4570
4224
-2069
-8931
2830
-7119
7934
-7074
-4514
8293
-6197
7350
6378
-8744
-4055
8314
-2950
487
2777
5346
4673
5577
1958
5594
-1691
4672
-6878
6147
8102
-3047
-8270
-7688
-3887
5898
6759
-1368
3862
-3388
2408
-2337
6799
9275
1171
7474
-5058
9624
-8062
2463
-3972
-3569
8322
-2147
-7365
-7895
-5655
8622
-9628
8286
-1325
234
-3478
-7591
3450
-7799
1599
-7970
1252
-4118
-211
-3501
-9173
-2054
7149
2161
-6516
2676
-7679
679
-4065
1110
3349
-6747
-3285
7128
-752
1360
5311
688
9497
-7510
-6025
-1115
-1057
-3673
5638
-1851
-604
-5933
-3042
-1735
-6451
-453
3576
-7468
-4248
-8067
-5583
-4176
-2221
4151
-2238
-8516
-2332
4150
5904
5163
2135
9861
4299
-1159
-4577
9377
-8144
-5411
5588
6973
-9210
-1805
8946
5162
7581
-46
-4449
4754
1583
-102
-6534
-1306
-8681
-4498
682
-6141
1625
4881
3396
-1253
-2035
3351
7586
-7276
-3953
4270
578
753
-9274
-6042
-6870
-1042
8775
-9909
-7260
3567
1133
-7623
9342
-9254
-3636
5227
5727
8610
4087
405
-6979
6544
5919
-5715
-2239
-6364
3508
3842
1510
-9202
-7968
-6563
5343
-1665
6435
6826
-3447
-3179
-8762
-7740
744
-3710
-8308
-4040
7951
-1187
-5098
-7157
338
9993
-6357
-7652
8501
-4057
8526
-7631
-3078
5506
-9305
-6609
1325
5800
5659
2303
28
1703
-7258
4803
3318
-9797
-5622
-4780
5550
7959
9988
8176
836
-2591
-3467
8680
-7037
751
-7465
5285
-1794
3149
-5648
-7160
6853
2269
-597
-2334
598
464
6729
-1531
-9774
8546
8269
-1737
1670
8671
-640
-2541
-6236
5349
5742
-1801
5327
6405
-4301
-6067
3787
7243
-1437
-5920
-4583
406
-9237
288
-7554
-8761
-6331
1171
-997
607
4125
-1041
6356
7707
-6460
1815
8091
1258
-2842
-3835
-9159
-257
-9985
4985
-7356
6875
3693
5134
4648
-2824
5452
-3247
4989
1880
-7400
1903
229
1877
-2660
-5639
8723
6047
7220
-1714
120
-9758
-9534
240
1021
7748
-3149
1320
7560
-4766
-1722
9038
-8616
-7885
-4679
-2812
5043
-4962
-1616
-355
-7836
-2841
3342
-7536
6256
5596
-6324
9446
-6971
-9220
-4229
-5238
-9609
969
-677
-9655
7430
1274
-461
-7503
-7087
-4173
4640
825
-9985
-6460
-6022
9455
8393
-5930
2734
-461
1219
-7481
4492
466
-6848
2462
7696
6607
490
2586
8756
-4015
2389
-2761
-1577
6411
-9428
-6031
-2605
-7189
8533
-6771
8602
-6662
5959
-5602
1321
2594
5403
-2405
4945
-5858
5815
-2322
9775
-876
6340
2907
-1941
-5977
8791
-6241
-1507
-125
3696
3301
-2173
1529
-8122
-6803
-6780
3618
7350
9237
1769
-6673
-8005
-1727
7613
1669
-767
3150
-2306
-841
-3530
-3623
6353
1611
3392
17
4017
-976
3470
-6011
-9016
8554
1014
-6848
-8966
-8129
-511
787
-4545
-1731
-8913
5633
6034
-6909
-8152
810
-5069
-5308
-5660
-6214
6289
-6671
8849
5437
7142
5566
912
-4620
-1963
2644
7680
7136
9250
-7995
4254
-2478
3052
954
9145
-9918
7636
-9810
-9739
4146
-1719
-7597
-3610
7910
9986
-9777
6683
9039
8176
-2979
5977
-2907
3156
-3526
9838
9683
2247
9361
-4511
1033
-7891
8589
8600
-2543
8625
-3950
-460
-789
6299
5750
6940
1260
-2399
234
2129
-8307
-4264
6187
-1387
-6223
-613
3837
8096
8279
9332
-8100
-7886
-2465
6776
-2776
370
2109
2291
5663
-9365
-1698
-3272
3463
8339
2236
-727
-9300
2785
3033
-6518
1526
-6525
-834
-4470
815
-3333
-7704
-7682
-1416
-5652
8387
-3028
-1355
9636
-7517
-7622
-6205
-1218
-3260
8782
3181
477
7477
6166
-4749
8915
-8331
8253
4139
1249
-9782
6637
1
5057
4712
-1241
9186
4256
-4450
2642
1995
4968
-4102
53
-5981
7194
-2479
-3098
-5308
9456
9078
110
-8369
-7717
3201
6667
4963
7056
-9848
-7726
-2287
-1927
1862
91
2570
-1974
-1995
-6559
5398
-5992
-4408
3962
4650
-3216
4091
-4607
6905
-2221
-4535
-4871
-464
-398
1190
-3707
915
8390
9712
-6828
-3118
6771
-471
-7869
2305
3102
-9666
9093
-3154
766
-303
4498
-527
656
-959
-6517
4158
952
3921
8988
-659
4443
4524
6816
-4096
-1721
8979
8177
3610
1267
2417
-2366
6513
-2133
-1094
2477
578
-5344
-1016
8747
8450
7998
8489
4876
1273
-7913
7831
9981
4370
-5970
-142
-3927
-3233
4177
-3609
-4038
8946
-9995
-3786
7141
4375
2207
-3563
-5986
-91
-9696
-2553
-8658
-7253
3714
-111
9172
-9292
-4374
-2390
-6797
1653
9730
532
3579
-3927
8532
7337
7597
1704
4
-7620
9972
5145
4093
-5886
3179
1426
-6504
834
8469
-5044
-7797
8750
-750
8036
-6306
5523
-6700
-9311
9124
-507
5462
2012
2319
-7299
-4747
5908
3406
-9080
3801
-9405
-3561
-8095
-2779
8598
9678
7762
6173
3717
2508
6601
-5594
955
-8707
-5767
7637
-893
-1908
4343
5897
-7190
-5383
1969
5468
-5182
-9953
-2629
-9413
9387
-997
-1461
-6823
-917
-4146
9694
6237
-5512
6945
-5116
7813
3209
4430
-9226
2899
-2946
7794
-4094
6255
-8999
-8917
1378
5059
-5303
4073
-5522
-4152
-2397
-5031
7519
2418
8585
-104
-1894
5594
-9057
8132
7629
-9526
4050
-6433
852
1674
-6857
913
184
-3494
-1941
7253
868
-3247
6331
-2375
4832
-3334
5515
-3153
-8046
7318
-4311
7921
8446
742
4255
-4964
3289
-5531
-5702
-6409
8016
-7464
1732
2175
1668
-4598
-2073
3340
-6573
2981
4395
9509
-4887
-6104
8138
185
1177
9951
-5604
869
4673
-7709
-4202
-6827
-1400
5384
-538
-7553
3507
-8075
-6939
2606
3906
-5314
-5373
-3538
-7509
7276
-9223
-7957
-5940
-4535
-299
-6118
-3190
2579
-6857
1352
7550
-6717
2014
-2808
-7726
-8871
-6591
-2920
-2797
-9076
111
-6505
6834
-5170
-1235
-2128
-2794
-8710
1142
-6127
-2071
-8897
3738
4881
-5283
8747
-4630
9867
4893
7005
7905
-2422
8758
