6791
-1121
1662
8968
8899
-6889
-5695
-7016
-3879
-4310
-4919
2746
-8020
3412
3423
4550
5530
-909
6905
2696
-4981
3887
4531
5112
3827
-2316
3951
-5776
-3216
2831
356
1912
5712
5545
4269
-9261
1383
3048
9555
6441
8204
-7149
-5200
-3025
1035
9116
-8859
7141
-9763
5263
7631
-4581
-3020
-428
-2826
9160
5447
-4293
5319
2045
651
3729
6214
2853
7929
-4117
-975
-6473
-322
-4412
-481
1125
-9987
-8443
3887
9883
-9532
5718
4721
-4345
-9866
-8900
-5376
4818
17
3271
-3918
4819
-8134
7037
8849
-6851
-3474
7455
5328
-7780
-8618
9523
-2514
146
-8251
6881
-99
-8918
1242
1207
-8016
-1229
3282
-5110
5805
-251
-4017
-2552
7553
-5756
2263
1930
3563
2117
6474
3384
5518
1534
6835
8624
1225
-957
2681
5696
3815
-3384
4372
-2783
-878
110
-8954
6994
6203
3871
458
-7302
-9355
7754
-4426
-8324
2655
-7523
-5262
-1002
4075
-7353
-9127
-247
8890
4129
-5507
-7629
-3993
-5776
-8439
2691
3296
-8964
1202
-5140
-4165
-9631
-8679
-8217
1830
-3606
7505
5421
-5357
-7123
6168
-4058
6305
-8122
-6972
232
-2234
-4488
7980
8556
-4111
-1081
-2780
5572
8620
-6101
-4593
2084
9072
-7911
-9540
7842
-4455
-5212
4999
-5346
3301
-7107
2243
-6057
3610
-9426
-8280
-8788
6609
9021
-4425
-6152
1494
8735
-1687
-5333
-6285
9141
-349
3132
4113
2691
464
2674
-5303
-8422
1377
-1491
2017
-278
19
-7967
439
-2661
-2079
-8244
6390
3889
5665
627
1160
398
5884
5266
-6513
421
2076
-9593
-4733
-5319
5506
7285
6187
-8051
-2300
-5532
3916
-572
6950
764
200
-8654
-435
4131
-181
7462
8046
2144
-1962
-8002
-7069
5482
267
-6679
3415
-316
-4053
-1894
3607
-7428
8667
-9125
2027
2998
-4915
-4434
5832
-670
2275
-7533
2139
2060
-5020
-5589
-5502
6075
-1630
-2411
-9197
6430
-9069
9109
-5035
-6698
9715
6544
9060
1607
1095
15
9979
6100
6316
4740
-1081
-223
7166
7339
945
8946
6770
8681
1339
-6319
-9442
-2031
-2644
-5465
7244
-1861
6314
-8604
-3744
1593
3571
-1497
8101
3477
780
-9238
3880
-7765
-5964
2215
5941
3550
4746
-9584
3631
-6652
-1797
3840
5929
-8437
-7411
-2684
-1206
2455
9277
7310
-5975
1774
3078
1614
3815
-2260
-4299
4297
5617
1504
55
-6846
5676
5886
6178
4049
4665
-5398
-8363
-2057
7137
5151
6981
-6170
-3449
-6557
-4997
2036
-1068
-5511
-3602
8756
-7289
3893
4065
793
-9083
464
4041
-9193
-7979
8024
8123
3744
-7158
-1736
-6339
-3276
-1165
-4293
4702
5281
-620
-5545
-6356
5041
5209
8488
7552
1420
6351
8940
8922
-1714
2675
6867
7362
6969
-1114
-6288
-887
-5392
-6814
-8516
-3968
2398
6885
4605
3231
6845
-4292
-5316
4712
2235
5322
-7
-9334
9852
1490
-6019
-889
7541
-2071
4258
-7090
5075
7470
1084
-5714
-7377
-3468
9523
8162
2527
4249
-785
8203
6548
-6892
-2078
-9397
-828
7861
-8565
-937
-6623
2068
-1399
-6983
6813
-2553
-6030
-5791
4509
7336
9173
2210
-2731
9290
-9110
-852
-7483
-1956
1328
6554
-6594
-3656
-6562
-9368
3195
-9450
-370
-6839
3631
9114
2393
-9760
-194
3778
-5000
9812
3395
-9278
1937
1149
-8955
-5206
9598
5165
450
6855
3279
-4563
-6883
-7596
6262
-4303
-5608
-2320
-1551
-5541
-667
-1665
-8700
4989
7997
-3717
-970
6115
7552
-2688
-5224
-1385
9394
-7083
4484
5343
-1780
5846
-715
-5677
-4153
6766
1365
-8563
-7038
-7337
5166
1773
-4186
-4589
9285
6761
-4713
2909
8946
6069
-8197
1855
8118
-6540
146
4200
-4470
28
8240
-9196
-7841
6956
1528
7773
-9045
-4181
6102
3689
9394
-9914
2300
965
-785
-2672
1643
-7672
-7724
-7817
-4920
-4027
8039
770
2127
-6252
6341
8227
-9306
-2184
-6945
67
-644
-120
-2145
-1214
9862
7920
2526
-5092
3764
-448
-3348
-9464
7710
-6897
6276
-6651
-5652
-9158
7537
5294
-7939
-8614
1530
7275
-2745
564
386
60
1386
1586
7699
-9592
-4396
-1910
2888
-4204
44
-180
-9892
9214
-5876
-3478
6271
-4708
-125
-1993
3461
6487
-1071
4622
6521
9723
5126
-3847
-9019
-9989
5017
2190
-7629
-5185
76
-2948
-4917
-3302
-3067
-5567
-769
9004
-1068
1653
-3552
531
-1568
-2745
-4363
-2803
1845
1345
703
4508
-1057
6193
4534
1057
756
6145
-9156
2064
5421
9340
9877
-9278
860
6842
-6137
-6270
4356
1532
-2633
4859
-6654
-3006
-6656
-2290
-5324
1828
9318
1960
1704
8083
-2298
1386
2942
-8986
-9850
878
-4772
164
2050
1963
-5100
-6800
7168
-271
-3458
9408
-7969
-4970
-5085
6810
4103
3306
6730
9013
-2221
2338
-2885
-5089
7848
6425
1547
1255
7581
3622
3673
-2473
6579
-1423
8586
4183
-743
8595
-3970
-2659
2876
-3904
3974
3081
9311
-2465
3960
7784
8806
7521
6078
-449
-352
6394
107
1574
1780
-4783
1551
-1571
1724
6947
-8481
6767
3271
7974
1841
6233
9142
-8754
-8650
6629
-6887
-7316
783
-6469
-9423
5610
6876
-9602
-4020
8755
4537
3872
6081
-880
2993
2645
-9990
1232
-5795
5619
1232
-6625
8130
1410
-6834
-1516
3159
-3439
3947
5748
-5344
7966
9025
-5358
5171
-8021
9039
9245
-9676
7608
-2879
2362
-8394
1295
4114
-2276
-6193
-2607
9780
5538
7731
-239
-3015
6149
9907
2693
7000
-8555
9671
-5083
3288
3426
5060
3312
1028
2425
7743
-9439
-4753
-499
-9510
-5778
-8741
-5196
-313
5307
-9964
-1048
2535
9212
8981
-2047
6690
-5372
6602
4464
3734
5872
-7086
4890
-1468
-9154
-6686
-8985
-8583
1097
-9462
783
-4661
4016
-1392
-5826
-2650
615
1854
-7454
-8755
3561
-6671
1813
3228
-6165
-4969
-3269
-5456
4756
-7469
6627
8135
-1783
-5422
1458
-9691
3219
5684
-4038
-2942
2919
-8046
6233
8633
7953
5293
9956
-1421
-8473
542
-5150
-8689
-8114
3687
-6619
-7691
97
-9413
9901
343
911
-4015
-2821
-8446
-1554
4584
6710
-487
9045
728
4179
628
2785
9768
7299
23
1525
-6131
8956
3861
-404
-4579
-1801
2042
3146
7082
-6766
-6779
-8434
1818
-827
7485
-7811
-3457
-7871
-6798
-8584
-2392
6380
3164
-1576
-7096
-4252
521
6805
4852
4913
5483
5364
5596
-6641
8839
1934
9950
-9667
2564
-7120
-2085
6583
-6174
216
-4513
-1986
-1398
6795
-8948
7623
-4639
6607
-3941
1076
-4843
7243
822
-1369
252
-9401
-158
7957
-1777
-3080
-9466
4421
5261
-5358
-1180
5457
-3403
-9832
8899
-6110
-9798
-2490
507
6816
4358
-185
-3383
532
4378
-9986
8792
4454
-3831
3905
-2335
-5526
2702
-8828
2201
4311
4504
9874
-5839
3881
-2338
1668
-6665
1257
4511
-426
3508
-5708
9889
4704
-6382
-4555
4874
9113
-5268
-9222
-2536
-7363
-9461
6675
-230
6915
-466
5176
-224
5468
-4832
-7631
9577
4909
4774
-9292
9499
-2428
-6223
9908
5734
5487
-2804
-5207
5072
-7688
-3384
-8285
1391
-8083
8255
-912
7683
-7422
-9601
-103
5673
2629
2236
-1231
-778
4521
1969
-1611
1361
-4552
7271
4608
7792
562
4279
-463
-1252
8433
109
-3651
-8709
-6611
-6795
6222
-3508
-1486
4680
7248
-5718
-5338
-6032
588
451
-8814
1295
3236
9339
928
-1828
-2444
4496
9995
-777
8828
5640
5484
443
1171
4219
-2964
-9014
3515
5237
2294
-7828
6813
6007
-2097
1042
-24
251
-2637
4600
3037
-4442
-9822
-6639
-6936
2716
3470
2254
1415
3467
4958
9587
-6377
-9859
-3245
6946
-4512
-2181
-9930
878
8498
4303
-829
-3610
-7384
6838
9622
5235
2177
9891
4987
2380
-9867
7053
-5638
9032
-2572
-1517
3854
3433
7469
7664
-2826
3159
5269
-3406
8472
-2963
-5705
5977
-4872
4044
9891
-2861
-4032
-6828
-8820
9246
8608
-7779
-1164
-3713
7186
1244
-1543
534
4995
2700
-9355
152
-3099
6918
-9883
8689
1567
2143
1787
4791
-6554
-6827
1511
4805
2225
8450
-8498
8534
3957
-2366
1805
3983
-8167
-761
1367
8984
-4799
-7115
4060
-7473
5891
31
-447
1583
-6970
-3651
-9082
7609
4392
6883
-6749
8398
-3766
1560
8195
4465
7086
1156
-9457
-7802
7490
245
7171
-2677
872
5526
-6101
649
-5915
1992
9213
-7350
6636
2720
-1277
2441
7936
7768
-3299
647
1669
7896
8089
-7735
7863
-8519
-7743
-689
2559
-8718
408
1856
2311
-6159
8185
4534
7170
-8113
6851
-3997
-1310
-8569
-7021
2588
4092
-241
-1051
1954
-1714
9616
-4262
-8994
2552
-3419
5675
6342
7230
3056
3767
-1546
6997
-1721
5882
7531
-3690
-3664
-7487
-3235
9179
8119
8135
-4826
-246
7994
-7189
305
-3713
2119
-1758
8229
-2323
-3999
8425
8570
5298
-9891
-2262
-6986
-3162
2532
-1046
3893
7945
-6844
-5276
-2366
1001
-9826
-2270
-2829
-5427
6330
-88
-4519
-8176
1435
-2156
6958
-2857
825
-6481
-3780
-4493
9302
-1971
-5360
9041
875
624
-1628
-5211
1490
8250
6798
-8492
4871
-5944
6893
-6649
1174
-5373
-332
-8786
8927
-7117
-4307
-290
-675
-2670
5671
6260
5923
453
-4824
-4055
6074
6955
1966
-6254
-1594
-3271
-4183
2664
-6688
6291
-1326
-8511
5793
4085
6426
-4595
-4450
-9341
3788
3132
-4584
-5033
3921
-2198
4903
9305
-5416
946
7527
5473
1129
-8062
5252
-1296
2187
-215
9823
-949
-7144
5981
-4301
-9803
2001
8772
-5707
-6454
-8573
6586
9933
-956
8311
3573
-1422
1239
-6831
-2685
6198
-9794
-2860
-7370
-5066
-3325
-4166
-2918
-3638
-7249
-259
9589
131
8750
342
-355
1215
2383
3318
3847
4951
-7931
-7226
-3258
-6249
8907
8886
3710
1517
-1260
8372
-9104
-1458
4900
-2495
-4907
1723
-5564
8001
-5265
9470
6656
8442
5119
-7271
7662
1399
-7982
1635
1899
8383
-5666
-4705
-4799
-9462
-354
-879
-9344
5505
-5678
-4237
3568
-6190
-9252
-8612
7033
-6502
353
-9415
905
-3765
9105
9768
7154
7592
2681
7328
-4527
2219
-5032
-8478
2819
5614
-9833
9929
7201
-2075
-284
1750
-6027
-6082
1670
-6192
-1585
8466
9158
-1889
2013
-8062
4870
4494
2724
-9147
874
8658
1557
3210
8389
77
-1586
4684
5820
8216
-4299
8821
-4106
1675
-450
-6284
465
2981
-3409
7459
-9715
2491
-1197
7094
9325
9359
2021
5110
-6722
7964
-9329
5945
9656
9809
-4441
6318
5517
-3322
-9996
435
9090
4198
3382
-4464
-5409
-7358
-8603
3271
9239
9729
4095
1219
5463
8429
3849
-6861
1509
-7083
-5732
-5475
9632
-829
5330
6837
3435
-602
-6246
7756
1433
9240
-3488
-9945
-478
-5553
-454
8291
-2638
9246
-9135
-6643
-6765
-3008
6117
6258
-6134
-1031
-2421
-1338
5333
-704
8188
-3841
7273
3824
-8223
21
-1807
8885
-7734
4325
-5515
7409
-5298
3180
-2280
-7376
-3932
5375
-3522
-4394
-9967
9115
-4450
7383
3367
6700
-5423
4226
9190
-20
3939
2576
1615
-7188
-3922
-8475
-7041
6970
8931
8144
-9496
-5271
9999
-7554
-3651
9728
8672
2538
3337
-8508
-9559
-5167
3183
-8148
-3869
-9423
2277
-3893
-8656
-8280
-3267
-8674
-2781
-1794
7526
-5415
-2899
-1894
8828
9145
-7523
-2113
-9446
-9462
-3582
-7644
-5526
3133
-8560
-8024
-5325
1224
5876
3
7148
5219
-6295
-1143
-6210
3513
6871
5359
3005
-3951
-8029
2687
-2522
2957
3326
-332
499
-239
-6282
-8941
-1627
-708
9378
1893
8195
5841
2410
-6251
-4270
-5489
2866
-9859
7906
-3575
774
-7237
3198
1271
-4334
9784
-3979
9095
-837
2230
3861
-775
4009
3657
-7439
-7079
-1459
-8632
-491
-8765
-5575
3112
-6961
1798
5759
1283
6250
-8213
-7178
2432
4215
6108
1627
-2732
5407
3760
9619
-7529
-7051
-3217
-6993
514
7005
-9845
8396
8989
5198
-6617
4497
-8208
-5461
-1858
-7160
3461
-3633
1999
6558
-1050
-6082
-2505
-4161
-2302
-7183
6755
-691
793
3827
2321
3626
-8314
5398
-2450
-2383
-6477
5555
6083
8679
69
7473
4545
-5957
934
-1051
8446
-4511
3702
-4099
3653
-7832
-1203
-4477
4289
-427
6728
-6415
-7082
-4403
5550
-2139
-5600
-1122
4462
7075
-10
-1601
7725
7217
2857
-3424
-1516
8389
2840
-99
6086
-2351
-8176
-2066
9987
-7966
2894
-7893
-8585
-8212
4036
-1955
-4398
-5855
-6446
4948
9262
-5049
-2424
-6489
-1087
-2245
-9318
6323
1985
159
4896
-1201
8795
9928
3902
1360
74
1693
-7999
-4499
8337
-4953
4880
2539
6683
9862
-3526
938
9845
-1380
-1469
-9984
-8229
-5690
-8628
-9696
7481
-8466
1690
-5405
-7123
-2823
9664
-8306
8931
7965
7038
-7713
6307
-867
4600
-4600
-7664
7294
-5989
2697
6728
-9322
-8855
8566
7541
-2636
7671
254
7578
8096
-4147
9677
-8207
8462
-2634
-7076
4596
-8989
2019
-5809
-6022
642
-4465
-4866
-1827
3735
-4369
2712
5172
3027
-3405
-2634
-7945
-3359
-8515
5748
3101
7590
5469
7741
-6286
-6314
-5265
6106
-1928
-1904
-6822
1456
40
-3197
-1921
-8494
-5985
7229
3058
-4368
-4769
1334
9256
-6570
987
-8922
4919
-2694
5585
-6214
1764
2957
7868
-9916
8588
-9658
-9651
1200
9626
-9101
-9611
-7744
-1918
-4609
8262
-3241
-1829
7370
4025
-7612
36
8685
8132
4095
4896
3828
2138
7956
-5813
-9541
-7473
8384
-4104
-4654
8201
-4168
-5130
-8952
3938
-3008
-2035
-5767
1765
9640
7484
-5761
-8074
5656
5442
6422
-9728
2143
-5747
5
-934
-9305
-3901
-2330
522
7446
6967
4088
4121
-6501
-2970
167
-2430
-71
681
-1364
-8220
2831
-8873
8846
7249
4555
8297
-6760
-1787
-4315
2251
7400
9743
-6053
1019
5655
4597
-9315
8980
38
-1525
-8922
4436
-5512
7977
-3985
8335
-7523
-4378
-2979
7880
-8266
7102
-3685
-3254
7430
3043
4476
-4698
257
9028
-2326
-6919
-2920
4951
4159
-7006
-6283
6360
3219
4251
1709
-9776
-3794
9288
-7322
-5437
9511
-8770
-6826
3795
-2011
716
6599
1402
6488
6311
5333
-1825
8559
6204
-4653
-570
2866
5044
9672
-3530
-4980
-2892
-3934
729
-5640
-2607
-4165
-5496
6154
-9512
5216
-50
5417
-1441
4970
-9437
-2291
-6738
4023
-396
-2098
-2080
8212
4917
-6698
8829
-9501
-4043
-8678
-1041
6098
5860
-2048
1087
-833
-1393
6090
-792
-2393
-6571
7699
6281
-35
-8147
9469
3723
4244
-2959
9143
9349
-156
-9535
3780
-8552
8308
9594
-4796
8818
7802
-7497
-7654
5680
4690
5597
-6014
8131
435
5826
-3267
3488
6167
1972
5542
6108
-7542
4166
-474
8956
-9293
-6950
7613
-758
5669
-4649
-1688
-9669
2974
6360
-9942
-3306
-5839
-2010
-4376
9270
5418
9200
-1243
3410
-9693
7369
-332
2267
-1875
-732
-1773
6159
-8038
5086
9311
-2157
-8489
4652
9824
-7730
4919
2370
7160
9407
-2609
8236
-2546
-9374
-4139
4246
8138
-3287
-9904
-9543
-9518
-7382
35
8381
4102
2907
-8637
-3802
-3282
-7035
6193
196
-6762
5465
807
3617
1588
4819
4089
5481
7102
-7155
1071
149
1445
9882
-6502
-412
-4796
-7090
5856
8722
2922
8054
-3176
6434
-1807
-32
5587
-6991
-631
4367
-5923
4309
-2472
-7738
2005
1042
-744
5643
-3649
-8601
6921
1438
8479
9245
-1106
-211
-8011
5585
7154
-6214
-8973
5892
9320
2863
6977
-5355
4975
-787
-3805
-7385
131
1222
6932
-9322
9076
8358
4850
6487
4501
1390
2430
-8520
4684
5166
137
7691
7928
-1471
347
-4751
-1272
-2187
242
-6803
-3254
7171
2029
7598
-8703
9991
4311
8730
6501
-8645
2657
1344
-2345
7753
-6047
-6300
8904
9748
6407
-7103
2497
-4870
-9544
-3561
5917
6403
9986
3440
-2988
-3783
5408
-8701
3301
8255
-8763
-5565
6499
-438
-5384
-3217
1041
6218
4360
1506
1512
4480
-3060
5888
-1266
-5184
8427
2210
-5429
-9486
7366
-5534
-4806
4780
-6851
-1959
7686
2275
7563
-8442
168
-4478
-7152
2906
7872
-13
-8481
6975
3214
3415
4601
-247
2741
923
9761
-8498
8376
-3396
-2455
-9755
7810
9214
8874
1525
-4909
-926
-4140
1069
-8865
9070
-7109
950
-7656
-3139
2456
-8343
-2015
796
4245
4883
-5565
-9746
-6581
381
6125
9873
-1116
-9537
8318
-8102
-6598
6456
-8543
8592
199
7941
8229
9639
-756
-3960
-2175
-7213
-178
-2646
-7071
8348
7260
953
3478
-8727
-7796
-9020
6985
6593
483
-8053
-4341
-7057
-3217
-638
5815
-411
2086
1494
8484
1778
-6921
-5014
-4850
-9793
4556
-3376
6191
8899
7678
1489
-4515
-2241
-5735
-7888
-4136
8641
422
-6472
-1443
-9582
-787
2006
-7538
-7568
7296
-3901
-8584
-6899
825
-2622
2595
587
4779
-8149
-9793
-6584
1645
-8777
-8424
2781
-6672
-9095
-9307
-8202
-5557
1958
-4991
-3572
-5682
-4441
9321
-8733
3695
-1258
1951
2844
4992
6324
-5227
998
-9621
-3779
285
-7337
2484
-1568
9720
-4807
-9080
-7667
-6322
8973
-2216
-5978
-1986
5526
-5318
6630
-6427
3644
8271
3617
5992
8368
-1535
-8277
6043
-4743
827
7003
-9535
3116
4005
1338
6380
-9328
-389
677
-482
2293
8957
-1959
3001
6463
2975
5296
-4941
-9612
9920
323
-3398
-2137
-6110
303
-9027
-6054
5875
-2552
4081
-7044
8488
3329
6854
-872
-2914
-6449
4675
-6084
-2035
-698
-3300
-4869
-2519
7134
-7127
2017
-400
-2347
611
-6760
6281
4656
385
4465
-8796
-4691
2013
-6151
5591
6718
5761
-4971
2612
2508
-9814
6179
-9939
-7472
1210
-8838
8342
-6232
8375
-949
7319
3615
9153
-7267
-2616
-129
8668
-2865
-5719
6337
-4367
-2524
-4763
1382
-7889
3710
-8547
-9270
-9155
3195
4662
9336
-7902
7342
5802
1928
8504
8353
6153
3594
-6140
1795
4587
-4122
4180
6534
-3562
6612
-4684
-8770
506
4157
-8560
-3277
-8654
-7490
3112
-6688
-9196
2175
1450
9162
8537
4759
3365
8896
-1265
6620
-9343
9798
-2748
-6960
-2267
-5307
-9678
5156
-8749
3060
1316
7661
-6538
-932
6552
-416
-5724
-4208
-1860
-9389
1417
9371
9264
-4297
207
6698
-6963
7682
-3191
3967
3852
3351
-2377
9729
-2066
7604
-7383
-1948
-3939
-1982
-2649
-5781
-869
6306
-5895
-5108
4054
710
1831
122
3364
-9809
6105
8565
-1165
-6086
-4285
-7133
1765
-1339
-9782
-4716
6789
-6178
-6352
4113
-7337
-7157
-8178
5286
996
-6862
-9531
8459
-3644
2044
528
-6171
8623
-2136
-8165
2763
-1756
-725
8479
-3223
-6459
-1727
6225
5078
-7463
-2069
3634
5600
4263
-8410
-1266
-5
8019
-6478
-4133
4940
-233
2202
-1159
3390
-393
-437
7599
-9308
6429
2201
-2653
4324
7684
4669
-6766
-2275
851
6800
-867
9019
-5014
6277
-7762
1208
-9700
-6001
-6542
9012
1064
-8268
3921
2688
-8739
-6357
2646
-4713
1915
3155
5516
3545
6352
2910
214
-458
2891
9855
-7467
8404
-2412
2341
9011
7114
-6000
7327
7348
-1672
-7126
-7864
-461
-3897
-988
288
-1787
9209
4711
-5427
6695
7177
-5679
-3968
-6836
4605
-4464
3408
-7335
1295
-8361
-2128
-4060
5689
-9694
6634
-8025
2584
-1301
1949
7594
-4873
-6501
4095
1675
1403
8132
-1608
7849
4148
2574
-8624
-6934
369
-9924
-9465
8489
-5932
-9392
5662
-559
4712
-993
-5048
-260
589
9468
4145
9529
-8625
2074
9638
-8350
-7729
6499
-4355
4799
2358
-3937
1982
-6322
3781
-1080
5855
371
-2090
4529
8874
-5864
-5589
-9343
338
-6879
5576
-4222
9907
7208
3521
6196
-4946
-5968
3448
9338
566
5384
-956
8118
4718
-2082
-9090
-1475
5587
4269
8403
6535
794
-9697
7323
-6266
4777
-4710
-9361
-536
-8364
-835
-7063
8898
-2068
1969
8131
-5942
-7658
2710
-2136
8413
-359
-4865
5637
-9616
3065
3032
-2346
-3063
7377
2670
-6367
-4044
6638
9164
8785
1432
-3747
-953
4301
-6441
-1683
-4149
-2361
9838
-8177
-5969
-8328
1472
-7378
-9346
-8347
3674
1041
-2455
-9600
1842
-1022
6856
4532
-8539
8636
-4224
4594
-9989
1749
8554
-4078
9930
407
-1665
617
-9613
-1171
1284
5782
3967
-8839
1022
2724
-3485
8912
9208
-2277
6435
5573
-6217
8319
-6594
-1739
7128
4845
754
-9667
5646
-1048
7373
1872
7442
9774
-6854
1195
-4278
-656
6077
-1248
-590
-5200
-9448
5987
1035
-482
6713
6719
4048
7763
-8680
2643
-4169
-6339
2034
9460
8244
8359
-5078
-1035
-9087
-7967
-2826
-3377
5147
8327
-9750
8153
-5745
-4129
6858
-4409
9486
-6242
-1733
-4535
3705
9277
-3963
-8583
-7324
-5039
4921
-2838
-9506
-3408
3905
-8121
-7575
9810
4686
2776
3880
-8640
4520
1913
-9004
7763
-8478
2781
7699
-6062
-9964
-1001
2488
7608
-229
-9906
7168
7299
-1568
-3811
4658
8945
4053
-6922
9682
2328
515
-6081
-4035
-3286
-2481
1647
7995
4279
-3282
6879
-1807
9533
-5743
-4610
-1424
-9262
-2180
2068
-4703
4488
4395
2101
-2948
8165
-8265
-10
-413
8691
-7374
-4362
5492
6646
-9709
2901
-7244
-8791
-9378
6523
-518
3606
-6986
-8090
3326
-9132
-5517
9281
-274
2343
-7168
-2803
7259
-2831
-2521
-3885
-3434
5323
2966
-25
-265
9714
7653
-6517
5370
-5290
6357
-9615
8912
4521
-4873
676
-3791
-7605
9279
-2556
7395
-4486
-2249
-5577
5377
2467
6038
-9369
9754
-4572
8013
4865
-6760
-9817
-8231
-9178
-4688
41
-1155
7987
-4182
-365
-4496
7149
2222
-430
1675
8220
-6029
2703
3449
-2584
-7668
-3580
732
-1395
-4787
-5577
-2748
6445
4108
3789
-2532
2707
8440
4463
1291
7574
3274
-7127
1004
4833
-2070
4076
9786
-4726
6609
2083
684
-2280
5510
3695
6443
-25
-732
-8597
-6826
-894
-1565
9451
-1036
-8586
6435
-9518
-3178
-2134
9003
9571
3431
-8059
-6927
2191
1132
-5123
-1254
-2561
2644
-5969
-7848
-8059
-2075
5374
905
8489
4780
3449
-2083
-9047
-312
-7421
1838
6490
-750
-3399
419
7593
9230
-507
6161
-9894
4203
8138
-6209
-1667
1830
-5916
6221
3193
-311
5186
9744
1598
-9500
-9547
5025
-7162
248
6426
9256
6755
-6156
1059
-8086
-2124
3932
-2102
2043
-8534
-7344
703
-6260
-3295
190
-8079
9228
-6185
5303
-299
-7345
-2788
-8665
7353
7096
5695
-8716
3576
-8781
-901
8243
-2099
6191
6408
-9611
2487
-3903
1960
-1306
-1399
2760
3560
-7078
7011
-1625
4991
5887
5941
-4326
5547
-7441
-1590
8570
-5427
-6360
-8124
-6796
-7579
-1799
9611
5085
-7805
9611
-2839
7327
-4053
-2046
6379
8010
3420
9367
-6836
-3206
-6530
-2375
1917
6016
-8775
4122
294
-6254
-8136
-2023
-456
-5057
5355
8681
-5285
2628
-6328
5981
6433
4825
7691
-8133
-2794
-2376
-6093
8226
-6319
-9424
-9855
9
-4258
-8241
-3595
-9475
-2419
8216
-3388
3755
-7744
-321
5620
2874
6031
5562
-6316
-1447
-8083
-1726
960
-1265
-4874
1841
1757
796
-2779
-8046
4138
-825
-4902
-6140
5646
6976
-5323
-1653
-9504
446
-5016
-7349
-4393
-7432
5300
6448
-7635
5226
6902
4561
922
9170
-6850
-5602
-1165
9331
-5367
-9169
-2366
6711
-90
-8188
-9961
718
-8755
7883
9041
268
-2653
6598
-8841
9972
3541
-7392
-8676
2695
-7137
979
-4952
-3854
-3850
-6923
-346
6208
7770
9757
-4917
8888
5582
3208
5581
16
4903
8666
-7372
-2198
1959
-5415
-6116
7783
-2978
-5145
-9633
2189
-223
-1763
1066
5651
-3530
-9061
-7228
8689
-380
3598
8852
-8123
6348
-1665
1411
8317
-5775
-2465
621
-8711
-8940
3917
-3266
-3505
-2458
-4863
9294
-1334
450
2212
-7175
8978
4393
-3260
-5984
7780
-1863
-8935
-8890
-9235
2804
784
-668
-3416
-5755
7517
-888
-6104
-5488
-4870
-250
-356
1144
-8664
-4826
7315
6040
9923
2979
-2227
3620
2031
589
-1451
9193
-5732
6411
-9547
-3732
8982
-1802
-1988
-4419
-4987
7564
5755
-6265
-282
9192
-6310
3821
-4717
-3246
9146
-9655
3089
-8914
5828
-4555
-1188
-3245
7979
6454
-1559
9480
3796
-4848
-4642
-6881
-4966
-9682
-9332
3323
-350
1238
6189
8421
-3837
-3816
-3465
1439
8667
8772
-2587
5463
8539
1513
-5553
448
8660
-8776
-7369
2564
-73
4954
7715
-2930
8453
-5570
560
8272
8118
-7168
8356
-2445
-9574
-4438
-5165
-2004
-4247
-9556
-4196
9413
6405
-5
-2089
-6856
-4679
9286
-6413
-7029
1624
-5404
2819
7327
-2849
-3261
-6006
-2613
6298
-6397
8632
-3413
-3033
2486
-2427
3769
3574
-4653
-689
4662
-1408
5403
-6637
2278
4106
-3192
6934
9211
-5164
-7176
-4994
4614
2717
-442
-7640
5122
8631
3415
-9781
194
7056
7448
5463
-1286
-7673
5703
9555
-2619
-406
-289
-9030
-1189
-4440
2594
-5400
-3779
-2184
6267
-8778
-280
455
-3817
-1626
4381
-1576
4166
6004
-7556
-6493
39
7235
-4164
-6287
-1543
5920
-1625
8333
-7693
-3074
-4098
524
2033
-1948
9965
-3140
9745
2630
-7191
-7920
7679
-8597
-4611
1804
-8709
-6871
8403
3404
4406
6215
-8992
-365
-5294
-9704
6161
7675
3662
2803
-6138
1872
7066
6676
3712
2853
2611
9565
118
6948
2535
-1434
4372
-2164
-4614
60
-8452
-5377
-7604
-9989
8875
-3384
-1787
3651
7667
9029
8166
-4937
9131
-6813
-9604
-5834
-1979
-8437
-4975
7237
5514
7175
6998
7793
-9144
-7961
-3002
-3403
-6729
3839
3963
9164
-4376
-8503
-6869
6256
5600
-3013
-6154
-656
6407
1472
6559
-3262
-1714
-7178
-9213
2293
5862
-3684
-6099
6469
7373
-3614
-6302
-9957
-86
5444
899
-589
8651
-239
2075
-7696
-4572
-1815
-6998
9663
3502
-256
-8761
8178
-4499
-9107
5178
-3082
619
-530
-7719
-4148
9697
-5239
-928
2796
-5398
9810
-4570
-8457
-310
4281
-6747
-6207
8004
2751
-611
-3539
9456
-2264
-3438
2762
-2596
240
-4671
9773
-2618
-5185
8449
-5176
-8828
9650
2352
-3731
8143
-6869
-2688
9229
5337
-3977
9107
7354
9069
3877
-3738
1025
-3498
6761
8290
5360
-3180
-2783
4920
9240
-2284
-8069
-1352
1339
5861
6828
-6522
6776
749
-2212
-4755
-3350
-6835
-3786
8087
865
2655
-2059
-3262
-2255
-2792
-2913
-2769
4112
474
9711
-542
8859
-4773
-3235
-7
5191
4199
-7620
2889
8802
-9043
603
7061
-5052
7592
-9970
-8890
6467
8747
7848
7706
-3128
3426
1553
-9779
-6626
7987
-3189
4357
3769
-3118
4750
-3938
2838
-7711
-1691
3734
-7717
9639
-6269
-2630
-9573
7918
188
2749
-3312
1265
-5094
-1512
-8249
-1695
934
-3133
-7723
-9335
-1242
-6417
-8701
-2840
4280
-4217
8385
8296
891
2598
612
7626
-6546
9327
2785
7097
-6027
-4418
-3718
5611
-5047
-1170
-7705
7333
-1670
-4710
-8423
-2350
-8136
-8146
34
2882
9521
-618
4549
-1880
-7477
6476
8727
-8079
883
-1848
-835
6688
4498
4084
-7876
6853
-9482
-6122
5647
-6175
-3475
-6849
-3487
-8408
6945
-6314
-7641
2377
-3061
3142
2854
-6019
9868
5116
5132
8795
-7469
-5484
-7532
-3029
563
4230
2511
6544
-5749
8833
5609
196
-1740
2819
-5127
3012
1398
-6765
-7523
4843
-1497
6470
662
-1242
6170
4988
-3313
5568
2740
-2108
-6773
-2474
5650
8177
-2476
9431
8868
-2602
-7283
2722
-7571
6199
3674
-2831
468
-5969
-9207
5582
-128
-2770
5968
-969
-8150
9380
-1478
8657
-1075
417
8702
-6454
4279
5380
5142
7090
1511
6367
8683
-3798
3828
-6999
-7927
245
5656
-5797
8123
3341
-9702
-756
6078
7954
3038
-204
-6250
3607
-8717
-6568
886
-738
277
-897
-6839
-2430
-34
8173
8173
-4395
4588
7788
5732
-4573
3152
765
5266
-6434
9258
-1986
1114
-61
2299
3974
-3492
5734
769
7565
640
-4402
-9941
8719
-7224
-8143
8316
7387
6410
-4230
5833
7903
-6699
-8764
-1381
2243
6944
8779
4157
8811
6680
2715
3235
-7254
5624
-9832
-7389
1692
-1575
6136
-9002
781
3111
-4907
-2341
-1678
-4844
1269
-4949
4754
-5091
-6645
2626
6099
1453
-7104
6738
-1771
2853
-4971
-3838
-2939
2451
8282
-1100
8695
-2452
-2417
-6854
9532
-979
-8792
3029
-861
4069
3902
1239
507
-1199
2561
-1435
347
-9227
2198
6250
-2444
-3665
-1198
3575
8077
6568
1710
1
3024
4005
2135
8864
3052
-1500
4790
-7581
-845
4979
2364
7139
-2182
5948
6186
-6493
-9219
533
-9601
2458
-2781
2329
2190
-2836
3764
938
-9706
7732
9002
-2263
9407
6328
8604
-4461
-6224
5157
4098
-2263
-1651
-2238
-8984
-1075
996
4318
-2516
-3345
2303
4548
-9808
-694
-6177
4339
58
-2345
-5050
8692
-7089
-5657
758
7449
9717
3484
-5733
-5893
-3696
-9719
-6028
3482
7487
4196
-710
7600
8575
1573
-9348
1993
-9165
-7571
-766
6673
2729
8180
8324
-364
-6329
7038
-3905
3365
6525
4774
-5665
-1053
5509
-3931
5291
-7901
-3144
2115
9085
-2056
-4095
-2977
6033
-4892
7960
137
-463
-6238
921
2238
9441
-3162
3118
-5489
-4259
8803
-3175
-2517
-8832
4267
2869
-3055
-3806
3165
-93
8882
9185
-1308
1891
1688
-7420
2474
9445
-8650
7324
-4554
-4319
4453
-4345
3304
-6647
7983
-7035
590
1404
-4253
-6639
5103
6307
340
-9640
3009
-9554
2045
-4801
6446
-3197
-295
-5279
-2412
-4365
3863
3108
-6334
8359
-6931
-4964
7673
8073
6656
-7307
-9563
6222
1303
-9730
5382
-4139
-2027
8408
-1008
-358
1624
-4792
-4668
6703
7115
7496
804
-721
-3303
-38
3644
-7408
-4306
-2798
1733
6875
7870
-3644
7527
-4743
-8773
-2397
-8944
-36
6307
-7960
5251
-3169
9089
9561
-9883
2423
-4697
-267
3019
-6135
5129
4691
3842
-558
6808
2867
-8240
-9845
6109
-9796
-2627
-691
6158
5430
-561
-1216
4408
-8457
-2263
4554
-30
-9487
-5933
6139
-3185
9948
-3330
1189
-9585
1825
4119
6306
-1746
-9120
-5975
-4905
9872
-6366
-9446
-1870
-2967
7681
6424
-2489
-3851
1464
-5430
1593
-4146
5579
-324
211
-2956
-3220
2415
6081
-7684
7882
-448
-2404
-7504
-1870
-9319
-169
1366
-8988
7610
-9666
-3374
-5381
1275
3563
-9998
-6268
8044
-8339
7279
4568
7632
-8242
8233
2773
7123
-4507
1149
5668
3999
-4485
-2100
-4776
6031
3231
-6663
2563
-2045
-311
-958
-9069
-9371
-9033
-5481
-6527
-3558
9525
3967
-3995
2528
-484
9543
-7690
-861
6407
-2940
-7143
-9015
1950
-7745
-5903
-722
-7663
-1710
-9091
4367
2075
4306
1444
5998
-5274
5
-5761
-6550
7863
4199
-8124
2903
1095
-5378
-5307
-9795
-5114
-1325
-2090
-7249
-1943
8120
9805
2268
-3615
-6343
1396
-188
-4362
892
64
-9627
-2119
-714
-8587
-2967
-7882
-1409
4046
6521
-5115
-426
7804
-5003
-6232
-8976
-8699
-1119
8562
6941
5329
8435
-9384
2839
-5024
-3915
-3119
-1913
4768
5668
-5553
-7523
3619
-7185
1917
-5688
-3993
-3170
5996
4297
548
-9659
3367
7660
8556
-145
3082
2819
1635
4781
-7391
-4163
-9893
8780
7607
9491
9390
1489
802
7701
-6751
7716
-8079
-4796
7221
-1680
5195
9123
-9425
5029
5147
-6664
7715
-7816
1959
1907
6798
-9002
-5545
-271
-3824
2865
4938
-2487
8714
-6049
-4089
2386
1541
-7091
-3285
-8559
9576
-4362
1328
-5154
908
-3479
77
-8835
-7433
7757
-7069
-6517
-9508
-7539
7662
8429
671
-9210
-1536
6134
2457
2482
-8702
-8004
-1888
9682
4833
9296
-8605
-3354
-1400
-5320
6751
-8329
-9221
539
5127
-8194
-2159
7169
-9970
-33
2485
5540
-9366
-991
7610
-780
-7495
-6012
-4626
-1893
375
7348
-1193
-1630
-1292
1698
-7203
-2316
-7489
7407
-5310
7075
3722
-7993
-1433
6525
-2615
-5540
7339
4707
1734
-9471
-4112
-8754
-1707
3795
8000
-3491
9759
-3199
9018
-1977
3394
3165
2701
-264
7573
-3037
-4136
4734
-2085
-5639
-218
-7034
4551
-8705
-9823
273
7268
-5053
-5301
2790
-2599
2924
-1345
1264
-8869
-5982
-191
-4733
849
3588
-94
2271
-3519
6947
-8180
-7141
-4912
5992
-4520
-2351
-9069
-4303
3400
-9066
-2410
5079
-3328
-9847
5377
-9977
-2402
3095
-6097
-3172
-7902
