1759
572
9876
-9635
-4693
3965
-3508
-3846
-3295
4160
-231
3947
9252
-5552
4957
8886
1527
7753
-2419
2652
3423
7185
-479
6730
265
9814
-5248
3923
-9155
9063
1617
-5211
6196
847
4052
874
-1540
6634
-9357
-7527
1095
-281
372
1511
-8354
9678
-3063
-4097
-1677
-2438
1062
92
-7987
3094
-6876
-4719
-1297
6679
8144
9697
3423
5720
7770
-536
-5730
2460
1156
-6884
-7134
-9529
-8369
9228
-9416
-9463
-5411
6100
-9182
702
9508
3321
-2554
603
-5933
-2979
-1473
6821
-8851
1594
842
5174
3221
5695
-3659
-296
85
4525
598
-6994
-5533
1303
-3501
-3744
5584
-7148
3269
-7460
-7
929
9506
-3035
551
3266
3957
-8868
-4621
1057
-4347
-2950
6820
2244
8545
-5745
-2238
-6252
7093
8367
2844
4638
-6328
9381
3325
-2117
738
2863
-3549
3604
4132
-7317
-3722
-1596
5201
2166
735
1009
3492
-1408
8039
5187
-3044
1134
-5521
679
2464
-296
7275
-2915
-9229
-312
6745
-3406
5645
-2214
-1566
6348
-5789
-7979
6436
1904
-6454
4084
-4885
7328
6363
1783
6372
-2025
-6482
11
2104
-452
7603
9431
9362
521
3744
-8686
-8932
2433
6524
-6230
-6063
-8253
-1580
-5479
7184
6688
-5528
-79
4690
-9618
-3983
1479
2372
-3640
8283
-7587
-7392
1443
-2533
-8703
-5513
8788
-8393
5154
-2603
-1060
2913
2507
4863
5868
7476
-3561
-2505
-9934
5921
-7512
-3828
-6026
-7336
-6928
-7116
-8004
56
5429
-9448
5120
9411
7098
-4366
537
4691
-72
-5681
-2929
-8857
8593
-5159
-8510
7417
8296
3585
7720
6236
-8604
8853
-892
1523
-4632
1451
6890
5268
3735
4747
5764
9650
7700
3123
1003
2266
8948
-9694
8741
-2458
6805
9469
-6404
-1095
-253
-4386
1255
-8081
-5767
5326
7139
9323
6745
-621
-5364
4550
-5448
-2353
-7238
-8299
-1962
9124
-626
-855
-9285
-6886
-8707
-8483
-8095
-12
6869
5840
-3264
-7567
3389
6834
1504
-542
4717
3624
-3830
993
291
-4267
2452
-1256
-2738
8455
-6071
1313
9847
3766
-9599
3313
7029
3994
6613
-184
-323
3597
4503
-1970
-1200
7890
3203
-9796
-8040
5925
-9028
-9666
6336
7668
4295
1653
-5395
7805
-8097
-4712
5686
-7333
722
4611
-8876
-762
-8666
6150
-3409
-7323
-3615
641
-2125
2762
-146
8682
8432
-5203
1380
-8158
-1099
9227
-8568
6784
740
-5143
-610
-4155
8696
-9002
8764
7506
2896
-2378
7896
3684
-71
-4538
-3456
3833
-9470
-9568
1102
-4688
-1657
-7985
-8485
-9090
-2200
3787
2580
-4366
-4998
9381
-5682
-7314
-6120
5951
9152
7592
-8840
-8796
3755
-5257
5281
2556
1703
-3254
5304
-4862
-2096
-8966
-7644
2471
-2669
-2243
4999
4947
4127
4888
9051
-7100
-3513
-9288
-4257
-1108
-7176
-200
8030
-2136
6623
-2889
6721
-4447
-8239
5069
-580
5687
5091
-4316
8897
1381
-3179
-2973
5186
-3419
-7379
5507
-4553
1756
5743
7510
5316
8067
-972
-9442
-3213
4004
-6944
-1241
-6299
4641
8558
7579
-6822
-8880
-8390
-6966
8096
-5713
7852
-4234
2400
9949
8255
763
-7339
6822
-2208
-6405
7947
-7344
-4397
802
9472
-6627
-7520
1195
5090
-5686
4725
-4029
1201
-7051
8585
6889
-5400
-9725
-6760
-2193
8279
9539
9939
6960
1205
9831
-7898
-4353
1261
6720
9818
7622
8908
4580
3923
496
9063
-7696
-7034
-9685
585
8892
-3919
6960
9768
-8810
1335
294
6455
7233
-7977
7747
-4874
-4909
-3838
8883
-623
-4028
5229
4211
-7427
6729
6521
-4079
-7207
8841
5255
7602
9675
-8207
2944
1371
8748
1523
2211
-2608
-654
9360
7294
-7622
9463
8847
7794
-8632
-4953
-9470
-5994
4390
5366
6738
3011
-9726
-7194
-8916
7823
-8045
6494
-9854
6630
-5576
-8204
2575
-6224
1286
-5668
-3929
4686
8042
-6712
-3002
2612
-1521
-6028
-4462
7064
8829
-8210
-1691
3814
-3765
2867
3891
6658
-614
5396
-9035
2781
9839
8324
-543
3607
-7812
-8580
6880
-5735
4291
-1191
-7754
-4217
-7153
993
5612
177
-7352
-7755
8562
3864
-9855
-4703
7578
2252
7667
-1871
3738
6018
-7122
3917
-6124
842
3787
6336
-4644
433
-8215
7100
5340
8132
-9767
7477
-1069
-7971
1135
9828
-6170
1906
1036
-479
9467
2653
5015
5795
-1112
6891
1660
3378
5114
-7556
-6624
4003
-4705
2583
-8101
-8393
2325
7858
7432
-3904
-6943
-7083
6782
9629
1152
5602
5654
-9391
-3579
-5452
-7484
2937
-6565
-4122
-4340
-7442
-730
4101
-7500
4796
3253
-3962
-5189
-452
2349
5348
6788
-2870
9178
-4945
885
-8849
-6392
-35
-8847
3212
1389
-134
-7963
8830
6978
5685
-6994
851
7098
9680
-2585
8756
-3067
-4468
-9725
9227
-4935
3962
-2955
-4970
-6799
-8516
-6858
2490
847
-2985
91
-4701
9022
-6505
-556
5172
676
-855
-5676
2401
618
-4095
7638
1075
-3392
8714
6153
-1598
-3821
-401
3828
-3911
7661
-5012
2898
-7942
9574
6849
5483
2345
-2402
6562
9648
-3641
6605
7191
-7265
-131
4074
-3516
-8526
-3511
3574
4306
-5558
-3646
141
-7304
4770
6661
9304
125
43
-9713
6263
7208
4295
4435
-7611
-3719
-5395
2391
-8049
6089
-9114
2146
-9422
-6889
3814
5057
1318
9126
-5551
-2507
-5983
-8432
-8866
-27
7984
9617
-464
-2119
3315
6712
1441
8549
4608
1567
-6146
-8813
-7004
-3902
-1481
3843
5014
9272
7482
3533
2589
5175
-4963
3201
-4918
-8531
4899
1330
6683
1229
3923
-289
-946
-1805
831
-9683
-8768
-2420
-631
2911
3613
-915
-9514
3065
4962
-4894
-3760
9392
-4670
-2546
-320
3761
-721
8392
-1060
3429
4680
-7676
5680
-2832
-5895
6104
-7368
-7105
-7322
9793
-7025
-8536
6963
1475
8843
-6192
-8313
-5600
-2546
-5870
-2920
-2712
-8260
1101
-6497
3938
-2342
-1338
-7153
-6340
-3555
1430
-2614
4502
-3630
-5899
-8656
-6679
2452
-8583
-8725
5845
-1973
734
-463
-4833
6579
9576
9216
1373
8667
-9205
8913
-6010
-8169
7722
-6453
8998
-6988
-5510
-5679
9431
-7462
5845
-9435
5151
-9683
-9777
-5948
6783
4420
7052
-646
-2181
2618
1463
-1511
-2083
-5476
4891
6062
6074
-9730
9260
-7916
-1064
5030
-7384
4358
3210
995
-5446
2627
-7964
4390
-9719
6564
5755
-9969
-3302
5281
1370
6699
-8861
-2161
623
-5239
4830
7248
1259
3126
-9260
-2549
443
1496
4040
-3640
-857
2582
-1791
2618
-1819
8578
-3175
-8518
-9213
1336
416
2434
9742
7955
2913
-5516
-448
5305
-6885
1516
-4306
4920
-6978
-256
9362
1873
-9305
-2529
3308
1512
-4946
2701
-916
3841
9463
-6539
3601
9916
-1013
4909
2619
7065
-5073
-9055
9551
-8654
7354
3478
8160
-6977
3189
-2227
4494
-8073
-7307
-4752
9260
7727
-8207
3199
4999
-9431
-6830
974
-6847
-1785
-3160
2517
-2147
5904
-4129
-3745
1269
-8917
7792
-2878
5742
2960
-8839
-7569
-2242
-881
1275
7697
4352
-9784
-3142
4193
5850
9586
-1916
1003
5379
-3962
-3289
-8252
9811
6725
-4837
2777
8814
-5587
-4807
-5700
-7194
4375
3062
1049
-1799
-8981
-7641
-7096
7637
-7840
-7380
-8137
-1790
-7191
-1560
-5132
-9715
-3259
1490
6937
-1991
-5861
4901
-8953
4625
-7847
5621
9656
-2585
1769
1623
-2992
1420
3966
4865
8247
3811
8618
-3712
3469
97
-9160
-7808
-2984
-8190
4692
-9144
8978
-2252
2609
2970
-6059
7343
5839
-3434
4693
896
6936
9793
8403
9590
3993
5907
-3552
-3197
-9753
-3882
-8276
6287
-8690
-2367
3470
3624
-3960
3220
763
3933
-5245
-1704
-3973
540
-716
-8187
-7680
729
319
628
-9081
-7761
9418
-1477
4412
-8746
-6179
-8708
6991
9320
-6012
-9721
7320
-1092
9034
2094
1454
3443
-7025
-9694
4361
-4661
9713
7980
3837
-3342
-5868
970
4087
-3098
-6537
2020
-5837
9258
-1605
-7291
758
9018
3783
-7952
6356
4573
-5198
9484
-6093
-6267
-8219
-8233
-6911
-8073
-2542
4160
6266
3239
-2420
-5086
9583
-8687
-5531
4984
854
-7272
-3638
3467
-9615
1755
3383
4318
-9716
2845
-3417
-5381
7025
-4835
-2858
6311
8433
-8660
-1665
6800
-6323
-1827
4293
-9423
-5354
-4141
-21
-4187
-7572
5087
8747
-2883
-7910
-1520
-6934
7984
7455
-4336
8621
2211
212
9006
8764
-8394
-3168
7954
-8172
6805
-3028
4743
-746
-7566
8985
-8323
4837
3079
-7527
8438
185
-1771
7566
-1518
9982
-458
5793
-7241
8055
4987
3128
4383
-373
2619
-6940
-8209
-678
2607
-3196
2402
6378
-9983
-698
-7497
-4151
3440
-2783
3391
1296
-3806
-1742
5750
-8258
934
-1980
-2293
-4673
-5081
-6611
-6013
-6218
919
-9966
-4975
-3812
-6456
3091
3532
-2372
-8714
9181
8405
-6237
-7511
1439
3035
-9259
-370
-3515
4257
533
-6058
-7046
4518
5021
-5226
-4599
-4552
8789
5393
1175
-7041
8994
-6570
-54
-3952
6738
76
-5077
6843
-3662
-3183
-2461
-4991
-1484
-5158
805
-7727
5224
-6386
-8033
7704
-1675
9206
-6495
-4002
7231
1644
-803
-2396
2609
-776
3135
6764
-4959
-8542
-3886
-9400
1759
-7876
7868
6669
3747
3368
-1604
-3939
-4483
-184
-5566
-3662
4397
-4232
866
-8351
4852
-1459
-7035
-9011
1858
-8321
1600
-8506
-7108
-3919
5969
-9977
8450
-1164
-5552
-4318
-6533
-6015
7616
8159
-6495
-3763
3643
1571
-5225
549
5971
1372
2342
7604
1197
-2198
9236
975
-2221
-7353
-5902
2967
1430
-5365
4964
3667
3244
-199
4909
2212
-3735
-5971
6142
-2
1581
134
-1209
-1667
-6582
1253
3664
-7241
5355
-5741
5131
2752
2609
9964
3242
-7982
-2039
-5302
7085
7698
2073
-5626
-3440
7631
-6468
-2831
-7665
428
6036
-5370
-197
-8915
-1631
-2831
369
-9299
-3763
-5892
2461
5320
-1378
-4796
6164
-1939
-1495
-8129
728
-7192
6572
7587
5167
-1824
-82
9844
-9181
-6633
1987
-8887
-4377
6287
-8451
-2681
-5710
-1620
8678
3729
6105
-4084
-8372
2371
481
-2
7237
-4521
-447
-8850
8981
6236
8226
8763
-6901
7206
2505
-5443
2761
7259
8039
2235
-8388
9072
-8395
-4870
-5920
-7186
6701
6463
4734
-9545
2311
-6726
-7260
-7671
-8571
4206
-3513
2720
-4897
-7133
-2931
-3297
-9299
6368
1957
-2528
4870
-6202
-9527
7213
-8813
4979
1049
2450
9176
-4606
-9402
4633
-878
8477
-9818
-320
4001
-2252
-2937
-3158
-5761
-7639
-8817
4259
9903
-9775
5541
5836
2624
-9076
4306
-6645
5012
-2719
-2777
9186
3392
-8667
2114
-1664
-3883
6912
-7734
-3108
-9775
-1711
-9332
-7175
1818
2068
5982
-8738
-7832
-8934
-87
-4302
-4753
6588
5417
-1895
8223
1056
-951
-7890
6479
2017
-4585
2593
-456
-5521
6962
-7719
1886
9227
-300
-1400
-5147
-8734
9334
-2250
-5371
7753
9912
4429
-7871
-7034
-3450
-5593
-7314
117
9812
7111
179
-1774
2470
8390
-2428
6948
-7500
-5256
603
6961
-3347
9425
-8063
-288
-6670
495
678
6914
-2843
2534
-7768
8079
-2285
6071
7604
-7801
-1444
-4693
-3910
3688
-1110
5126
-7055
3059
1561
2549
9137
-4244
-1504
-7709
6513
1609
3190
531
-3183
-8594
5997
1113
856
6964
162
3840
2205
5015
7512
4305
-3003
-3756
-4340
885
-3061
687
-7630
1807
-5062
-2113
5200
5973
2443
770
-6055
-2242
7174
-3383
9314
1837
3915
1936
-4412
-3444
4392
-8717
-146
-6650
-3129
4398
-4860
-5012
-1176
-5189
5669
-9083
823
-8860
-3679
5747
-7013
-2700
-2555
6917
-7298
3325
6788
-3832
9195
2728
-921
-5556
-7834
-7563
-4026
8440
5372
6565
5253
-4155
7945
-9999
6920
-1590
4926
-471
937
-7592
4767
-6921
-8387
-7965
8490
7709
-9328
-3325
5549
-917
4004
-6872
-6224
707
6682
3934
-561
-8631
-756
-1615
-8355
-1102
6634
2103
5082
499
5977
6419
8243
-4852
-2614
1414
6566
-9598
-3830
1589
2675
-3286
-9442
-7683
787
3505
5860
-1487
-2073
7979
855
-1951
-6206
-9639
-1619
-8386
-5627
-5316
8279
-1577
8605
-3665
-4640
3382
3624
6945
359
-1226
6050
6449
-9550
-2918
-7745
1138
-7063
2581
-3935
36
-6288
6915
847
3705
8458
-3622
-8337
-9146
-5552
5257
7279
-8747
-998
-1048
-3146
-6134
-7189
3591
-1054
7357
2961
8895
9290
-4621
-8698
-8723
3920
-8837
-8930
-7463
-4109
-932
4619
5900
3537
7293
1922
-6191
-5235
93
-6065
-6841
-3428
6384
6476
-3233
6882
9191
-3161
5417
-5359
7153
3522
-3587
-3448
-3702
-3394
5247
-3757
-2213
-3832
7467
7112
729
-7861
-282
1815
29
-2982
8994
9227
-3547
-1183
-561
-1020
-6900
8706
3633
-5800
5334
1749
-6479
-3950
5197
3808
7250
6505
1973
5435
4345
-4931
-1044
7852
5536
4869
-4467
8375
-148
3722
-6742
3762
-3857
-622
-8678
-9985
5010
5280
3500
8313
743
3909
451
5330
3991
-6859
-8237
-9586
1641
5495
8399
-658
-34
-8768
-1287
3273
-3073
-8673
7609
3860
7403
4493
-893
63
-7992
2018
-2357
-276
-966
-6776
-9975
-2564
-6479
-8548
-1387
7305
5034
-3682
-9293
5749
-7202
-9987
-8472
-6754
9926
6808
-5368
-3967
8915
-7335
4678
-9831
-9869
9473
-8244
-8568
-3116
-568
-2785
-564
-2305
-5215
7470
3992
-2217
-3752
8000
5698
-7227
-3951
-2095
7010
7314
3562
3712
-8368
-4543
-1226
9819
-7728
-7493
8569
-5819
-7510
6425
-8000
-6090
-5467
-9941
3129
-9877
1577
-2057
1484
-8964
-5416
8578
6063
5189
3691
-2306
9297
5512
-2653
-3267
8034
-2118
-8183
-92
6573
-6181
-3173
-8944
9855
-1882
1192
5894
-2051
2359
9473
-7142
8887
-8409
-7605
785
5519
8307
-6856
-9626
8763
2064
-9670
6168
-5520
8401
-6861
4022
-6386
4441
5001
907
-943
-3534
-8350
-2178
8222
-8955
-7374
-9795
-1920
6062
3784
1449
5043
-3727
2927
-6291
-5557
6342
-2876
6835
7849
7460
4198
-471
3301
1157
1074
-3732
5950
-7652
-1006
-8472
-5981
2207
6529
8524
-3645
8836
5669
3991
-9449
-9448
6012
-9327
-8545
-8795
7075
-8939
-5794
7819
234
-7092
-6770
-8040
3373
4283
-1147
3830
-1485
-9206
2927
3605
386
-5477
4856
2142
980
7161
5064
9837
-1494
1498
-9450
-7274
-2279
1057
-2763
-6887
4820
-2571
6857
-9149
7606
8068
8667
-3584
-3167
-5285
5337
-1156
3556
-1757
-5440
1564
-9316
385
6274
-7581
-2399
1888
-9755
4923
-1988
6440
9354
-622
1608
-4890
5208
1695
2405
621
-256
-4112
-5271
5425
-7429
-5998
7284
-9318
-9022
-5537
-405
1096
4493
3252
8114
-7555
4260
0
-2261
7566
-4468
-5974
-8205
-1371
-3571
-1537
-6228
2158
614
9311
5748
1419
-5347
7924
7
-175
-1209
-5195
-6451
288
-4422
2786
1217
9321
-2157
-1295
-3252
1834
-8513
8339
-2233
-9660
1351
6856
9530
8719
-9984
5641
-9585
-8186
5566
-949
4879
-1027
359
-1657
-9091
9821
-8272
4162
8816
3361
9717
6400
3747
-7228
7188
-9939
-5257
-9662
1850
2880
3752
-2669
8028
-7279
6512
-4004
-5046
3317
3558
-4877
6825
8010
4260
-3647
3898
-2588
2102
8551
2001
1878
-3793
1136
2595
1179
-6855
-9070
-6675
6443
-3189
7422
5295
1322
-4564
-5327
3731
3915
7707
1138
9756
9220
-3436
-2479
5996
4175
5697
198
3970
7846
3750
6523
3961
1642
2184
5752
-5191
-4802
4004
9734
-783
-3824
5419
-1234
6770
-2199
-7195
-6137
8403
7637
-7745
2407
5078
-2738
-3125
-2388
2363
2398
2417
-4321
1592
-278
2911
-7547
-6224
-2256
6455
5724
-6154
8693
8062
-2286
8399
5338
8918
7848
5913
6321
-9614
578
9388
-8381
7792
5024
4923
-9010
-1210
-979
6645
-3097
8574
783
-7397
7105
-7370
-2184
862
9029
-2680
-3095
-8208
-4459
-2789
-9528
-4179
-6033
-9354
-1008
4148
4753
-5362
4994
5619
7541
-4538
7415
-1762
-7862
-8996
1760
7279
4708
-6250
490
-5434
-4575
3526
6717
5751
4700
-4774
7883
5169
-2170
1997
-6902
4588
-6438
1689
-7981
-3427
4125
-1186
-6966
-1130
-5289
-6957
-7602
-4114
8048
3903
-5890
-693
2223
8222
-403
6337
1194
9899
-2414
4593
-4478
-7870
2531
9220
-3839
-8925
1538
-6939
-3144
7550
1119
-7986
-3239
-204
-4955
7689
9816
2888
6465
-4056
552
7942
298
-4444
2025
-9652
-6595
862
1305
7187
-555
1635
-2821
3674
4206
5735
0
-940
189
-3234
-3596
651
8692
-9177
5186
-55
-9371
1864
6744
2065
-6946
-6476
6387
-4557
-1841
9919
-7267
-5804
2720
-55
-4787
-6387
8906
317
2007
2430
3503
3343
-6463
4097
-7844
-8906
6563
8726
-3351
-2796
-3598
7493
-1867
6918
-1864
4774
3941
-6933
8813
1795
8778
-9092
3356
3089
-2238
-3226
7849
7625
-720
-8019
-9748
5819
-1694
-542
6151
6500
-2277
6714
-7869
3071
-8999
-8867
4258
-5320
-7923
-8765
4101
-430
-8996
9445
-9856
-1188
5548
8172
-7860
8711
-3645
1202
3686
6515
123
-53
8747
-993
8394
-1938
7949
3009
7576
-8215
-9392
4241
2841
-1648
-2271
4630
-3896
-1613
9459
-3940
3030
-5101
-3114
-988
-8769
5467
8811
415
3029
-1239
4275
-8951
-7649
5921
-2350
-3170
-3229
-5797
-5632
-8077
-4490
-6020
2954
-8564
-589
7184
-8489
-6831
-6882
-7554
-9871
-1755
2717
2499
9345
-2801
826
562
8863
5681
-5879
6585
9914
-4285
9425
-4761
-331
5478
580
2752
-9360
1625
-2687
3872
-7683
5372
-5874
1058
2284
9281
3147
7279
6100
-9070
6039
-2229
9145
-9459
2223
9209
4303
178
8306
-8908
-8090
-92
-4944
932
89
855
-3208
7287
-3799
3849
6006
-3130
1820
2644
-2689
4826
-5629
6939
2836
-6348
-1230
-4066
1059
2034
-9484
-2609
-6566
92
-7676
-73
2727
7714
6126
5205
-9613
3348
1122
-8808
5623
3189
-432
-6007
3452
4164
-1470
4164
9324
9135
-866
2935
-4371
-8874
-4422
7620
5577
-9213
-121
-534
6244
-5204
-8677
-1179
-3805
2193
-3749
5202
8986
5450
8635
-8406
-2621
-5068
4599
-5104
-5164
-3023
-7926
-4104
-9467
-2808
4749
8177
-8251
9437
-7690
7519
6211
-9397
-899
7281
-3158
-9071
-4557
1436
-7608
-56
6109
628
8788
-1760
-6644
3379
-5583
5395
-664
-4593
-469
-334
-7363
-8507
1642
1824
7498
-4920
1740
9991
5213
6693
8640
-8918
-9878
560
-2625
-2135
6828
-9054
5309
85
-6688
8685
5269
-2780
2543
423
7973
8870
9269
-5004
-3182
-9121
991
3573
3027
3360
5332
-5340
-2153
-1397
771
-1969
8939
-9888
-6656
-7016
-3857
5368
3100
3827
-818
-6693
-9531
3711
3965
4961
1455
-9218
3343
8788
8622
1963
-4671
-1752
8879
7018
4917
-8078
4644
8874
9577
-6696
1091
5798
8616
-3911
3815
-1119
-5337
-6746
-551
9533
-6286
8083
-8304
-5858
9587
5892
-7130
-9851
-3832
7870
-5482
-9416
-5783
-2906
7532
1893
-9229
-5427
-7799
5666
4300
5391
2821
-2931
1358
-6531
4556
-9510
7543
-4382
8087
5947
-2349
8520
9851
3829
-6887
4178
-2533
3435
-3577
-9701
8186
6877
-47
3957
8116
9148
-7208
17
-9551
2722
-4339
-2084
-7226
-3419
-6507
1575
485
373
9591
-765
7878
7581
-2768
151
-513
823
-8706
-7039
9186
5455
-1636
-8116
2325
-1189
-7056
-6822
3207
-3467
4426
-8421
-4996
7220
6307
7300
-7213
669
-9397
4067
-881
3936
-7308
-1480
4894
-2783
1002
-3450
3601
2572
-3290
4165
-6565
5508
-7077
-5429
-968
763
5038
-7022
-9500
4751
1754
9348
8554
-2008
460
-7079
-8805
1677
1683
6719
-6315
-396
-762
401
3239
-6742
7574
6598
-7505
-8700
-3435
2940
-2582
4803
-6271
6222
2275
-7247
5268
848
-9695
-9476
-9748
-6935
-1773
-6345
6247
-1591
-9820
-6606
7765
4603
9023
-92
5544
5476
-9267
-8706
-846
-2041
-6858
-1583
-4314
6739
9120
-6382
-6445
-3583
-8931
-9202
-6054
-3387
-5122
5779
-3439
9016
4297
-8267
-707
-1743
3071
-9094
-3879
7945
-8813
-8557
-9967
2309
-6690
1108
-4860
-4754
721
-3059
-856
6857
7248
-7198
4267
-9648
2880
9692
5415
-6022
-6740
-8310
3
7210
9810
6601
5502
2607
-1605
2943
-3300
-6608
-4792
3374
9880
-7874
6151
2321
4564
3433
2026
-9030
-8075
-6803
-7404
6995
8725
-4
6274
-283
-8411
3827
-1312
-866
-5422
-3532
-7202
8574
1054
-74
1648
-4211
-2852
1311
-3355
-9007
-1248
4367
-415
7110
3831
6440
-6035
3577
-6351
7128
-4378
2741
-1760
8186
-4799
-9091
4686
8621
1433
9486
-2016
-199
-5518
3801
248
1601
7554
-1766
103
-3310
4438
8390
7981
-834
5000
-3543
5680
7172
-1734
7143
7929
-4785
-7357
8725
4544
6340
-4090
-6615
-1348
-9769
-7118
1721
832
6583
7417
-8944
969
649
5994
-3449
-6965
-5294
-3205
33
-5422
-3367
5768
4697
6354
1420
-5183
-1791
1424
-5769
-7222
7034
3706
-4396
4299
-1417
-489
-928
8246
9515
5649
-6856
4082
-9091
-5443
-8047
-2202
-1324
-2883
8846
-6860
-2622
9062
-711
2554
3023
-4848
-8204
-8248
-4819
3643
5411
-8851
9825
-6644
7042
-5829
691
-9460
-7098
-1428
-9785
7811
-3361
-4346
1115
1186
-1523
5405
1301
1602
2303
1942
-6979
-4427
-6898
436
7279
-2231
9099
-2341
2458
7734
2757
4618
-8567
-8496
3934
651
-3966
7442
-5000
-6044
-4525
-1402
7777
3818
-7686
8771
6201
-5921
-4585
5263
-1329
83
45
-3407
-7572
-308
9293
7896
4598
2226
329
-9675
-7499
5396
-3390
-3414
-2924
5277
6453
1320
-2919
-7272
-9062
1386
2567
8237
-3291
-6964
-2532
-463
9336
-1830
-7629
-639
7323
-7950
867
-8779
1885
1099
-8403
-5057
-5963
-9488
-803
4532
-7637
3901
4091
-2406
-4624
4007
7236
8728
-1283
-5528
-6995
9483
-7087
-7135
8511
-9202
7827
5793
-6797
-6053
3002
668
-8055
-8188
-3570
-5674
7383
9240
6067
2885
1483
-3421
-3446
-6230
8524
-1919
-181
7039
-5262
1878
-4307
5659
3547
-9058
-8001
4683
-5234
2265
-844
-9118
7842
1083
4690
-8228
-5046
-2420
-3942
-2303
-3809
1262
4093
-5948
-2012
803
9457
-6357
1831
3942
-7818
6006
-6514
-208
1748
5211
7709
8105
6957
-3067
8055
1107
447
4523
-1489
5959
-1222
-495
3223
-7413
7532
5125
-8206
-6341
9269
-1657
7211
-1007
-7770
-4386
5018
3311
-9318
1211
-6634
-1382
290
8894
-3582
-782
-3929
-2909
3951
-1927
-7546
948
-6427
2340
1054
-3816
-5523
-110
8866
8462
7757
-8845
9187
-9428
-6370
-9791
8588
-472
-9758
7522
803
1618
5821
-6485
3698
4368
-6596
-685
2353
-694
-6098
-5090
-7319
1217
-2893
8995
6825
-4803
4036
392
-2048
-7499
-7951
-5354
-3739
-2027
1859
-1836
3583
9380
8580
7521
5388
-3365
6015
-7475
7932
-5276
-4258
9686
5356
-4527
-6490
3375
-6499
1853
-6667
-1768
3681
3529
4484
-2120
6597
3608
9523
3608
-8863
4478
8628
-6925
8255
-4321
1337
8501
6858
-6812
-7818
-9815
6479
-9805
-8405
1237
-2861
9796
7077
9813
7017
-8029
4358
-9576
-46
-9209
6845
5422
-5375
4898
9719
-6794
6197
-7029
5502
-4789
-9437
9790
7129
-1105
-1237
9277
-1610
8785
528
2066
-6007
-2865
5450
-6832
-3905
-6421
6842
7029
-9823
4021
-7948
-8369
8301
8898
3157
-5666
7278
2650
-2045
2569
-3549
5787
-8382
3107
6371
4215
-5723
-7064
1824
8158
9378
-6480
2420
4244
5184
-5003
9447
-9737
-9519
-5313
-7283
3333
-5046
-2703
727
-7779
-8710
1870
-7490
2612
-797
-2939
-8891
-2667
-3463
-6181
-5788
-5463
-959
-5536
2344
-9577
-2118
-7259
112
3404
-140
-1495
8149
-524
7597
1344
2972
-4318
991
9298
5936
9808
3797
863
-4438
9962
-7487
-6746
-3859
5047
6860
-9277
-6081
-8936
-1911
4107
1872
-2691
826
-58
4583
9562
6660
3355
2780
-2887
6784
785
-1243
-7117
-4779
-5502
1576
1101
-8340
-2047
-6274
-922
4988
-5259
-451
4560
7071
-7577
7374
-3572
-8818
-6365
-2443
-3710
-7015
9476
-8449
7565
5340
8063
5584
602
-2044
-45
2942
-5925
1263
-6340
2606
1898
5207
-7826
-7577
405
-2837
6267
-7230
7017
5835
6772
-1436
-2327
-9838
5601
-8200
6820
-7036
-4183
370
-9867
-7377
-4875
5355
1865
-5413
8665
-6591
-3554
2964
6297
8114
-3144
9978
-9708
-833
5640
375
-7453
-8396
1024
3218
4717
7688
-2551
6198
-5331
3715
-6306
-5062
-2699
-3299
933
4964
3476
9512
6641
3019
435
2055
875
-9416
9731
-3968
5601
-9139
4731
8607
-2055
-6866
-8854
-3602
-1307
-7706
7785
4467
2196
-4729
-6413
-3818
1299
-5786
-4208
-3801
4671
4093
-3818
981
7819
-6479
1582
-3868
-1629
7394
-5064
-3015
-8820
9989
-2103
-3217
4655
9335
3972
6246
8264
1522
5683
814
5396
6944
8430
-7327
-5023
4616
-9918
-9998
-5209
-6385
-9431
582
-2694
7447
-337
-5962
8887
-975
-4433
-8879
-3815
-9986
-5863
9641
-1361
-237
-3063
6704
-6473
-7684
2772
5077
4939
-4552
9237
6585
1428
-8943
1722
-9096
1262
-2727
2092
-8322
781
-458
9875
8133
-9092
-2878
-8871
-8284
6045
-603
8213
3054
8658
-2698
3070
4520
-1659
-619
5825
2749
-8674
-8752
-73
2988
-1397
-9190
-8443
8174
921
3621
1023
-6142
7115
50
-6604
-3660
2142
-2046
8989
-2199
-9253
-7972
7229
-6604
-4685
-8137
-8076
2568
-4160
8206
-8520
-4581
-3129
3468
3969
7005
2122
8333
8863
4893
-9812
-506
-2748
7369
5286
8934
6485
1201
-8586
4145
6164
1695
-9110
3239
1041
-159
-1251
-5031
-9561
-9337
-4568
6922
-2619
9758
-5977
-973
-3249
5822
1813
5378
-781
-7575
-8187
-2403
7603
-2350
-3555
-428
-443
-7599
3745
-6705
1883
-7625
-4813
847
-8864
-6741
-1204
5199
3086
-6734
-8932
5285
-1372
3452
-3416
774
9360
8869
-5298
-4142
9665
-4504
-7515
-7542
-2927
-2433
2477
7399
-3704
4997
9237
2376
8513
6717
1922
-5993
-4366
-1307
-5257
4043
-998
-4233
1624
-6553
9183
-8295
6510
4549
64
-7237
6936
-3940
-4272
-4109
-145
2795
-8500
-6626
8190
-5078
-9254
-9151
-8401
8955
-3591
-3322
-3782
-4004
-7732
-1275
3814
-1512
-6480
-3701
-2096
-2507
-9953
-3168
5398
-9510
4013
5321
4007
-4498
7122
-7567
3826
9960
-7062
2636
8315
4685
2743
6588
-3584
-1732
-1394
-8671
9639
-9190
6869
-8230
-3054
-2624
8161
-5470
-6048
-339
3123
4012
-6245
8078
-9341
1660
-6471
1679
4761
-7961
-6753
6028
-9521
2595
-1189
-9842
-2576
8075
-2086
3331
130
293
1980
-4545
5827
6092
-9622
-2760
5971
-357
4676
-5761
3989
8582
-6353
-5959
-4694
7031
9145
-6161
-9093
-2033
3192
-246
-4195
-8071
-599
8508
-3997
1664
-6175
9616
9201
-2041
-6271
-9115
-149
-1329
9966
8793
9553
4646
-9359
-563
6349
443
-8733
-2862
-2180
3816
-9257
-9678
9618
-2016
4560
9690
-1011
5882
-3786
4229
3476
-2150
-5519
-3333
-9616
4624
2677
5566
1347
2744
-8931
5120
-1325
-2691
-5820
-3130
-4438
874
8437
761
-4323
5388
572
-5848
-3506
-2067
2440
-4464
5767
6668
4477
3655
-9225
7484
5954
2436
3193
-4307
2335
-4876
-1806
-1730
-811
9252
-1474
9734
6398
-4524
3685
5854
-9723
-4215
3014
-2670
8015
-8434
9194
-8900
-2546
6785
189
-415
-3648
4487
-9845
-4950
3213
-7138
2082
3464
-2721
5379
1628
-7411
-1832
7987
-2932
8843
-3327
2175
4939
-9986
6667
2134
-7080
2584
-8097
121
-5005
4762
4574
-6768
6971
5425
-6550
9490
9066
-5637
-1749
6039
-2235
-8508
-160
-294
-485
-2071
7416
-738
-9589
-8921
-3031
9483
-6200
-5305
2606
-9173
-5290
-5667
3109
-453
-6284
6857
1582
674
1119
3382
9601
2527
-4334
247
559
-3442
-3856
-4519
-132
3110
-3161
-5338
-9785
-9667
449
6397
-8250
9082
4922
8515
-5313
-2233
4346
7752
-2349
-8901
5029
7723
5886
7587
5977
9128
7477
-8085
-6339
-2707
-4858
-1630
4208
-8584
-6096
-8087
-3555
233
-1075
5260
-6440
-2224
-3304
7692
-9481
-8787
441
-6125
9957
1342
4335
9812
8711
3019
661
4064
-3129
2688
7760
9922
5853
8333
-1601
9530
3908
-3891
8867
-4446
5019
-688
7166
8456
-8056
6341
-6846
-8072
-6292
-3289
1392
-867
1397
-6992
4190
-6569
-1140
130
-110
-6427
-9678
3166
7135
7680
2709
-4544
1728
3467
-205
-8103
8616
-5404
-5928
-5636
-3483
-2529
5204
-7237
-6038
-4971
-778
-5781
-4091
-2577
2196
-7978
-3896
-7324
-1288
852
-6962
7519
-2164
5118
-1047
1464
9047
6597
4207
8187
-5401
7683
1489
4451
-6643
1666
487
-7417
9927
-5260
6447
-3580
6803
1203
2756
-2210
1022
-1919
5975
-6188
-3891
-2474
9512
662
-5623
6821
-4971
-6475
2454
6713
-5255
-8838
-1142
6936
232
-491
-3202
413
-1528
-3811
4926
7934
-5143
2928
3506
7255
-6704
-8942
115
-9218
-9831
-5404
619
5034
-7440
-202
-6645
-4581
9529
7051
6158
-965
6064
4242
4651
521
1304
-2707
-6443
5456
7482
-9274
3550
-226
1339
7595
-2087
3546
-8273
8766
-5113
7938
-4588
-250
5263
8172
-8713
8708
9340
-7343
-9334
-7666
2665
-5555
-8724
2854
9397
2706
-3940
-1207
-3073
8143
-956
1588
997
-4684
6713
-8402
6738
-784
2418
-7087
-3116
-3765
-4834
2512
-1199
-5957
-2416
3205
9834
-3501
-3296
2974
8436
523
-7720
-1258
-1392
-3605
5887
-7759
2766
1314
2400
6714
6651
-4701
3067
9212
3206
4474
3755
-9287
-920
3199
729
656
-1701
8952
4390
4810
6067
1404
-9524
4916
-1404
3336
427
-1189
-945
5784
2739
-8622
9957
2151
-7697
-4022
7364
3591
5380
2741
-1118
-8562
9145
5600
-3816
-1151
-5289
2964
2915
9043
-8937
-5886
6017
8953
9716
-9568
4389
-4909
8856
8569
-3509
-6857
-3866
-2859
8922
-2508
250
4049
6024
-2526
-7737
-257
-7544
1531
1589
-1505
2010
9139
7685
9286
-6902
-276
1980
8590
-2345
-2376
348
-1889
2360
1548
-5615
6052
1150
2704
8514
6529
-8366
-8465
390
2863
-8536
-4359
-3516
1226
8948
9567
-2378
-874
6954
-1983
-9524
-5337
-3451
-5824
-9475
-6259
-9868
1300
7396
5240
-6549
3515
5251
4292
3847
3396
-9835
6192
-3306
5222
1460
9048
-3910
9029
2802
6870
3050
-9286
1180
5099
6738
-1614
959
-3870
-6544
74
2974
3957
2453
1023
694
-4907
-9495
-6331
7677
3561
-6438
103
2133
3492
699
-3108
2532
-9044
-9567
-2269
-6652
-6050
7070
-6557
-1469
-2246
8314
4145
572
7444
325
3946
9401
-4636
-7396
5687
9441
-119
-9134
-3387
140
-6841
-9475
-8030
3582
-580
-9874
-8962
-6654
-5529
3525
-2122
-2403
-6930
-4305
9135
4053
-3833
-9012
-1109
-8064
7392
5714
-1420
3649
-2167
-4404
-762
-9933
-5372
-2744
4519
1197
-6436
-7045
-6842
-8795
-3254
-3050
-5164
-8739
8801
-7110
9847
8532
-2586
9502
-7598
-2042
4471
-4398
-3906
7135
8925
-2313
7319
-1154
957
4902
-2989
-129
-8825
-6536
4747
-8555
-5356
-4756
-173
-8051
6331
6239
5866
8489
-4559
-4166
-3715
-1544
7309
2509
-5029
-6070
5910
8743
-9186
-4360
-6481
-2251
-6931
1464
4811
5396
-5698
5567
8960
3165
-7843
8155
9232
9267
-2731
5351
4295
-7816
-5983
493
-5989
9615
-790
-6686
6697
4374
5897
1342
-8818
-2155
-2846
9098
-965
-9087
7664
-7754
-787
2396
3277
9472
-9518
1607
4094
8486
-2817
359
-329
-1230
-6184
-4539
-3707
5554
8546
-6990
2225
-7830
-9810
-7735
2960
3453
4709
-8793
-8062
3000
-7111
-7995
9765
-4170
8743
-9952
4012
8593
9320
-3638
375
650
8987
6300
-3196
-7655
5723
-3846
-8445
3604
-7072
765
-856
8415
-9277
5462
-4137
9811
7813
8393
-5646
-751
5543
9091
-1542
2746
-3049
1800
1645
-5520
-5426
-1668
6572
2345
2645
-7572
5588
6423
-3579
6128
-5075
-9862
9306
-590
-7125
-5486
4887
-6832
-1619
3477
-8848
4163
7875
772
-4061
-3437
-6316
-5966
-6318
-1644
9674
1671
-4467
6129
-9752
8806
-4013
-970
8644
7753
