4475
9608
-3718
-2037
5397
3026
-7006
-4403
-4900
-2196
9125
-4469
-6169
-7657
3728
-5004
6271
-4622
-6975
-2641
-3688
-9329
-4582
-2339
524
2913
1019
7657
6276
5744
-4806
-725
-1623
-5611
-3700
-1839
4562
-7145
9690
2177
-5226
-6366
2265
973
9140
2582
524
5424
663
6418
2224
-3353
3859
-9502
4440
6595
8104
-7225
1655
-9869
-7947
170
-6651
-5299
-9938
8814
-4883
6514
1816
7482
-9019
5207
-1762
1413
1856
1103
2223
711
3851
8615
8893
-5118
3819
-1916
35
-7997
2320
5850
-9585
6237
-3624
6683
-5516
2126
8123
-9883
8278
994
7319
-3419
1044
6765
8308
-6085
-9946
7134
-4245
6015
-9855
1227
-2926
-9835
6912
-9037
-7607
-5126
-215
-5397
1933
-6638
-9200
-3638
-1863
5679
-4033
9029
9044
4656
5996
7183
2428
-685
-3509
9011
-4165
-1571
333
8636
-4176
-6656
-7446
-9445
2426
-69
9498
-6765
-204
4366
-4440
-4481
-6664
-5417
-3167
-5779
21
5808
-5666
9663
2311
-3670
5391
-948
85
4436
6785
-6711
-9855
-3567
4690
8677
-3824
-7395
3846
2729
785
8287
-582
-5183
7122
-9208
4414
8824
6848
4967
7996
-5124
2371
-9080
9514
-7223
-3131
1415
-5223
-5942
5939
9102
-695
5526
-6972
-2835
3069
8133
-2669
-5689
-662
-7109
4182
-2656
2746
-165
-4813
3267
6547
-4184
8986
-2761
-6518
1853
6637
229
7853
682
4182
-1639
-3415
8052
-5925
2032
1281
-905
-9673
42
-6505
1248
-1776
9845
-2888
-1933
-8608
2684
4910
-8058
-6727
-1934
-2257
-7639
-8404
-3743
-4561
9948
2584
1782
942
2736
-1784
-9239
-3100
9858
-313
2896
6025
2891
-2469
5241
-8481
4054
-7809
-5197
1885
-1481
3726
-4728
-8110
3506
6282
-4807
4497
-7338
8806
-7034
-9051
-7319
-1514
-9294
-5777
4333
5852
3254
-5773
-6874
-8096
-5113
215
-6204
9147
949
-4237
-9680
384
-191
9885
1937
-3196
8259
6981
5377
-3402
-8792
4672
-1395
-1677
-7215
-5032
-3813
-7467
4431
1557
-7187
4029
9120
9684
8895
-9094
-6915
6655
-9928
4331
9246
-5359
-3897
2802
109
5834
-8130
1847
-8006
837
595
-8074
-5970
6413
-2732
513
7953
-559
3985
238
-6158
-4538
-9690
-6536
5812
4458
-8315
3841
-1204
-2497
7762
-5438
5026
-8845
-5638
2118
-8474
-2765
657
-3560
-2972
8263
5698
1646
-9638
6314
-733
5826
-6835
-5254
2708
8345
1150
9830
646
-187
-4682
-9697
3092
-7579
7176
-8527
-9074
-655
-9268
-673
3533
-2791
-5400
-3253
4494
-582
-4149
-3163
-9260
350
8746
3839
-5494
2560
-6314
1937
-8521
-4995
-8839
-9866
-3974
-4053
6440
-1804
-4333
2387
1909
7240
-4792
-9366
-7869
7024
2999
-4673
-5660
1746
-5265
-4885
-7135
5901
9887
9195
5083
-4081
-5894
-4225
-1108
-7404
1427
7223
1382
-890
-4696
1693
-9896
3681
-5997
6818
5080
-9439
1842
-7074
7851
-5752
-5078
8188
1703
5795
-4909
4760
-9131
7185
9579
4838
-2219
-4222
7754
-7710
5547
-7546
8746
6321
7605
-7859
7261
869
-1171
5418
-8088
-7777
-2993
-5910
-2277
8293
-8615
9991
-80
5531
2577
8557
-7765
-2609
-7881
-8258
9464
1336
6707
-6594
1002
-2577
-9759
5769
-3896
-6278
6453
-2240
-8748
-4725
-5649
1865
-5824
8863
9890
-1443
-6748
9841
-2945
6573
-2667
3287
-5167
-5581
-2135
-6240
7935
-4704
-9478
-6880
-5312
7638
8154
3276
2404
-1099
-7548
-3884
283
4872
7030
6920
-7693
6967
-5301
-8104
1063
-9395
6322
-574
-98
-9500
-8094
-8473
-3170
4078
-7536
858
-3345
-2666
-2766
-2463
-4238
3496
-8555
8070
-6026
-9056
-2427
9577
7619
-163
-5339
9747
132
-4630
7714
-1283
4245
-82
4986
-8410
-106
1623
-4498
4843
5835
-4115
-6993
-1030
4862
5134
-1176
6475
7664
4924
7760
-7729
4815
6352
-4499
6323
-2529
-8507
-6994
-2796
9849
-9206
806
-7281
2038
4752
-7722
-5689
3299
3160
3987
-6517
-8951
-8271
-6459
1216
-8935
-3582
2624
7351
-194
7792
6793
1509
3998
-8887
-8482
5645
-7077
3616
-6635
8672
-8312
-6547
-6048
-3784
-8036
8293
-5488
7608
197
9026
4963
-2276
-1412
7203
5872
-7091
-6390
9855
-9498
-3613
-354
-4004
6296
-7403
8926
4813
3897
4749
9994
9799
1805
-764
-8466
-544
-2820
-9385
-6648
-9912
-1395
-5877
-2968
8862
4857
4728
3182
195
3549
-9379
-4821
-1340
5459
1542
-6880
7694
6289
-3617
-9431
-1216
-3775
6066
3069
-706
3893
-1969
-9745
1729
-694
3602
-3503
-7172
597
3018
-184
4558
2732
-6628
-6794
-1600
-7
-2810
1483
8888
6129
9919
-88
-7738
6522
-6244
-393
-2745
712
5331
7052
-6918
1310
-2365
-2392
-6326
-6348
-1834
-8643
-1502
-9812
7786
595
6151
-8841
2814
-9804
7964
3694
631
1428
5625
-3827
-2520
-5223
-2016
-1770
-2145
7825
1978
4103
-3977
-1391
-7838
3980
-981
-380
-3783
8903
-4652
-1591
-4511
9181
-7246
2394
1621
5681
-6067
-8282
-3753
1215
783
2752
2334
5539
-2410
-7906
-2405
-8591
7618
3710
-413
-4628
7330
8969
-6530
5038
2374
-9502
-5994
6726
1941
-341
-4751
-3096
1747
-1961
6410
-2866
3239
7766
2515
-4016
-2065
-5634
6688
4939
-628
-1684
5126
9171
1761
-7407
-8310
-7042
-8022
2412
-3197
-8803
-3014
4434
-7315
-9201
-548
4414
5934
7676
3137
3032
-7526
7280
6643
-1669
2415
-9640
3080
3537
7101
7392
7228
7122
5088
-1217
9670
-8112
5578
-8607
-1572
-8200
-4548
-4300
3104
919
-1513
6877
7365
2128
9388
-688
-6036
-4080
892
7045
-5953
-2792
-2625
8562
-3854
-6010
854
-9924
4266
-5615
220
9754
-5025
7674
-6561
3129
9106
-8200
8139
-7330
3670
3786
-4756
-6953
-4282
-1922
-1990
4877
7048
1296
8477
6892
-8536
-9848
-4462
-1054
-3153
6030
8666
3384
2332
-7167
3183
-1395
8856
4208
-6330
9777
9295
6098
-5426
-2296
1881
7081
3415
1302
3822
-9304
-3807
149
6427
3653
-4834
5353
-9600
5738
-7330
4799
2838
-6081
-4784
49
-2979
-1869
9027
-1925
-6354
5374
281
-3851
-4431
-9297
6300
6928
-8406
9852
3441
5680
8995
4026
-6347
-4702
9093
-9226
4353
-818
-9004
-8529
5277
-4850
8790
-2592
6918
4998
7145
3237
-1702
3482
905
7915
7840
2138
4453
9550
-3744
-3781
2941
-8237
-2309
4680
-3696
666
8075
-4952
-4918
-2175
-7978
8312
635
-4888
-6489
-9765
-6838
-5034
-2142
-8061
-7145
-9666
-2984
-9498
-8926
-6776
7073
-1753
-5700
6419
5671
5075
4038
2126
9162
-7799
-634
-6584
-7653
3078
8201
-624
5844
2492
-4651
-9259
-3447
763
-2127
-4579
1253
-6662
3935
-7593
-7742
-6071
5864
-4802
-7734
-6838
-6860
8748
8157
-3130
3558
-9280
2574
-1550
-6038
5393
8824
-7207
-4491
-2639
-5972
-1100
-6459
2500
7413
-6885
885
7177
-9011
3868
-3685
-3624
7394
-5968
3122
1869
-9188
-728
-6247
9109
-6143
-7116
286
8224
-5359
9260
8839
6530
3865
7943
-6792
7773
-9583
-2590
3662
1994
-723
-7793
7088
-8072
-4225
1990
-4608
-9448
-1603
-9033
2856
6576
-6762
8380
9492
-9341
1593
5107
-2101
6838
5443
7587
-3157
9058
-3577
-3287
-4962
-7534
3781
451
-2017
2753
9571
-3889
2524
3915
-7650
-1759
-2706
4242
-571
-9789
1436
9052
1606
-996
-2949
-335
8661
-4114
-7563
-5392
6536
243
6698
3358
5712
-9133
5630
-4369
537
-3407
9443
3050
-5497
-4390
-9702
-4777
4637
9961
-6831
-8987
-8095
8030
-5779
-5440
-3648
-6487
-6481
9122
-4298
-1668
3316
8731
-8522
9963
-4359
8702
9069
7045
-6533
3810
4827
-2278
-4003
35
-9074
-43
3521
8687
3338
-45
1169
-3968
4837
-4728
3941
-2187
398
4629
560
1618
-7795
-1027
-929
6490
-6002
-6782
-3278
292
1889
-7722
-5735
-4896
-1338
-7950
-4723
6559
-1532
-4435
-7201
-3291
9838
9954
-3087
-4518
8119
9510
-1634
3766
-1293
-8307
-7624
-9083
-6791
-6121
1549
7507
9549
-2153
4925
-4912
-1109
2652
8239
-2095
-4407
-2988
3
-5295
122
8104
-5983
-6040
6374
1515
-4091
-2562
-1377
-7635
9769
-5249
9002
7988
-8778
1248
-9511
-7069
-6785
-6217
3629
-7899
3602
-5524
314
6196
-5071
6569
-6303
6207
-3846
-3067
-1146
7589
-5446
772
-2707
9418
-2865
-4354
-2750
-4292
-8456
-8508
-7715
-1194
8970
-1378
-6772
-5199
-8466
-9754
9731
-1428
-4619
-2408
9274
-2368
7128
-6715
8355
-3920
6136
4817
7999
1339
-5589
2495
-7965
-1508
9720
5070
9838
2878
6125
-8266
-9275
-2209
-4664
3211
-6221
-4169
-4006
1334
-5907
6720
-584
4560
-4303
-3201
8143
129
-8590
7076
-2787
-5812
-5530
7465
9844
6210
-9916
4462
6232
-5486
-786
780
8056
1859
-9572
9104
-7687
-2449
7361
-306
-1538
8006
-7003
3691
-3778
-9942
-9715
3871
9901
-6896
2196
-5662
-4211
7232
9112
8250
2093
-6522
-8285
-7848
6051
6334
-4065
1915
-7698
4305
6229
-7787
-2015
9114
3014
22
-321
2567
2588
8355
-1604
8750
7934
-4073
7274
-6977
3852
-2207
6291
-2000
4899
-3281
-5196
3744
705
2315
-8047
-7851
9635
-5696
-788
-7261
5324
1226
3013
8772
8790
1330
2846
7860
1223
-5728
274
-1389
6474
-7268
-9665
4606
7996
-8524
-4383
4600
9305
-558
316
5230
6639
-2293
6121
-4568
7818
728
-1033
-8311
-5278
2343
-5600
1919
-5639
6990
-1877
-3588
535
-9978
335
6120
6946
9213
-6619
-9817
6766
8213
-6797
9975
-479
4941
5598
3767
5042
-6318
6087
2083
-8395
4183
-5473
-5046
-5499
3515
1356
786
-3209
5710
3364
911
-2741
1020
-3933
3747
4743
9629
1955
-1030
2664
-7101
6127
9080
-7398
-8474
-2851
-3450
-2401
-679
2641
-524
-8037
-8026
3618
755
1858
-6734
-7292
-5742
107
-8323
4599
-704
1583
-4550
2123
-7994
-6757
-8046
-3923
-6427
-2710
287
-8720
-4309
-2217
-7775
-6143
-4161
-6883
-1765
-8920
5299
-2858
8318
9393
9928
3105
9259
-9243
1063
2927
7111
-9345
-2476
-9736
-6706
8602
7536
3682
5204
-1393
-2507
-4696
1774
-1376
-60
-5622
-9693
-402
-5119
-7157
-4606
9588
-2785
2236
6190
5055
8345
-6350
-8066
-4859
-1559
9543
2869
-3478
-9431
-8852
-361
5456
8053
-5813
3021
5994
3299
-2054
9067
-4645
3258
-1413
-4093
467
-1151
-8242
-9007
-8806
8810
5281
-1002
9747
-3609
1376
2372
5343
1867
-201
-8367
-6704
-3953
-9000
8861
-6633
-1462
8922
3517
-6646
4668
8623
-9637
-9702
-6120
161
5840
-2965
2306
-8498
3120
-4868
665
3596
-8360
-1655
8197
6159
6596
4175
-5938
-9012
-4909
-2304
8975
2895
-958
8021
-8176
4536
-8569
459
9858
-4312
9483
-3932
7523
2276
6460
-4081
-6559
6631
-7548
-1077
5693
-6915
-8178
8200
-9314
-2431
4190
-6964
-9960
-1626
-6412
9582
7407
9312
7157
6884
-1219
5414
-179
-1406
9560
-4298
-9193
-3309
-9019
6551
5266
-5536
-3300
-6919
-9663
6882
7621
-5541
8767
-8569
-366
-3520
-9534
4584
-5144
5095
1470
-3617
9342
5035
5730
1539
-9048
1179
5652
-5735
5187
-5305
-7078
8776
-4545
4658
8314
-7302
9031
-3627
925
-2489
-7737
4136
4643
-2320
2052
-7917
-3291
4588
-6492
1792
5974
-3618
653
6952
-3335
7743
-17
-853
-8300
7365
-1478
165
-1258
-5957
2030
2928
-4175
4651
-7680
-6162
4223
-3285
-5735
9457
6818
5082
-4054
-7535
-5411
9811
5706
996
5977
-1572
-985
-6685
-5849
7338
6885
-9633
8050
-346
-3691
8305
5720
-8050
-7835
-5731
-4724
7765
-3582
6269
-3547
-6587
173
-6182
-359
-901
2085
-8454
-7264
6475
-6192
-2836
-52
-8025
5676
-3789
-1075
6267
-5535
274
4402
1562
-9597
4301
-4036
-4527
1402
-2935
-7215
-1142
-4885
-3180
-7701
126
2484
5772
4210
4516
9561
7884
2307
471
-7593
-5818
206
-5781
-6130
4212
-5530
-1701
5343
5859
267
-7004
4316
1287
-2747
-9782
-332
610
-8924
3133
7549
-7990
-7445
-5969
1960
-9163
-469
-4336
1288
7792
-4616
6173
9341
4631
5881
8674
2783
-7110
-8642
2947
6347
8155
2995
5598
-6437
4720
4640
-7154
-3685
-8766
3546
-5810
8643
6188
-2054
-1559
6972
-9708
-9621
-3219
851
-4071
-7634
-5502
3348
-331
4781
5300
1961
-7923
6237
841
-1106
-2031
-7656
-99
6077
3273
9826
-3925
-7614
2261
-409
-3502
4507
-3206
3503
9612
-7302
9988
-1973
-1560
1432
-1794
2679
3479
-4885
18
2793
-1419
-3731
966
-6997
2493
1254
-4067
9842
-4308
-5641
4639
-7974
7734
-1822
6541
-1004
6369
3625
5278
3153
-2851
8891
1456
780
2457
3957
663
4847
1371
8016
-7087
-382
-1266
-3631
-3130
-767
6238
5675
-1660
-5959
-4550
-8572
731
9712
-2495
868
-4650
-651
6505
6989
-4282
6403
7501
9613
8437
-9296
9654
9715
-886
-2845
8827
-941
8964
6215
-3247
6202
7116
-5997
-7278
7040
749
-9588
-7000
-9118
-9507
474
-5722
7414
4927
-7660
8819
1464
-189
7513
-3163
-8730
-9043
-7015
-9121
-9899
50
-585
3616
683
6994
5902
6646
8877
-7020
-905
9129
341
7228
-7354
-6158
-2956
5531
907
-5654
-3445
3982
-1471
3256
7888
-96
8074
-6877
-7152
-5379
4138
7778
-6718
9053
993
-38
8278
9751
5646
3522
9133
8517
8460
-5902
2595
-7568
-8405
9865
-807
1064
3987
-4033
-5919
-7688
3274
-3039
4201
-2308
1528
-9999
-5932
9854
2829
-3296
-6311
5015
7898
-8743
-7200
4146
9217
-9738
-7451
2782
1580
3792
-1747
6354
3109
5493
-5864
7072
8023
-6875
3803
-7363
-7497
-7582
5741
6811
4543
4407
2888
6192
7333
-6293
3047
-1005
2983
-8289
8357
-3758
7775
-6644
593
-5045
5990
3694
-7212
6098
-1863
-9919
-5927
3061
7532
2067
3713
4050
7845
-5340
1589
-8088
-7119
3512
2802
7657
-7909
-6284
-6932
3605
4861
9768
7571
4816
-7949
4822
-8550
4959
2829
-4956
7136
4604
7021
-5407
-3384
3383
3457
-3432
2752
-5684
-5301
-2893
5024
9721
-6632
-3423
-481
-3981
-5360
496
2554
908
-1869
-2818
-5486
-2620
3641
9852
-6096
5879
-8369
2907
-808
7324
-3190
2752
-9102
5241
4365
5427
681
-5199
1759
5785
-1025
-10
1076
905
-5038
1755
2143
-2377
-5589
4250
-7363
-1500
2255
-9534
4646
2050
9010
1962
-7938
1210
3905
7734
-4386
-3002
1334
6669
-6086
-7963
471
-6915
8971
9754
2591
-9750
7197
8531
-1250
-218
6589
8044
5471
-9869
7613
-315
-7978
-6536
-7042
-7014
8407
4142
598
-4007
1276
-2552
-9299
-5872
8156
-4030
3137
-690
2512
-1683
8067
169
1550
1373
-1553
-9506
5133
5157
-7754
-4880
9135
-4134
1249
-5461
-5471
-4075
4205
7829
7718
4425
-1623
7404
1569
1883
-482
-2538
8440
-1718
-6126
-2344
6374
-8606
-8174
-9544
-8244
-9519
-9700
5598
9586
9297
-7678
20
-5491
2456
9207
2851
-476
4379
5492
-1419
-5595
-5412
3278
827
-3002
606
-2122
-2516
-8132
7589
3931
-5366
-3684
-5080
-7805
7606
-7823
-5655
9216
-9271
-8916
1656
-8688
9216
4929
4694
-8506
9847
-2249
1465
4797
-4632
3564
-9824
9119
3758
2
637
8446
-5113
5876
1792
-8632
4565
-428
7957
6750
1346
9156
-5736
7638
2971
-3085
5031
9136
9700
8990
9748
-7191
1889
-6196
-694
-2011
-1766
-1063
5515
-6507
1696
-34
8011
-477
-6574
6502
7010
8179
-5813
8505
4259
-6846
-38
-3611
-7058
-8756
-9147
4865
2779
-6859
-9900
-1735
8070
4505
5343
-1630
9678
-5328
-2658
-7707
-4414
-3728
9437
-493
-9746
9728
3221
1373
2776
-8428
-5417
7912
-144
2425
-4029
4529
-8069
-7098
-3475
-6370
-9011
-5667
-7914
-9951
2223
263
6142
-2921
6137
9802
-7231
6046
3394
5009
6591
4776
-6280
27
-3778
-6057
-2267
4141
6376
747
7848
-1747
3230
-8542
-3495
-5388
-7784
-9584
1473
-8860
-1919
-9488
4328
9491
293
-8317
-7860
-4234
-7465
-4911
520
-6353
-992
176
-5569
7945
-4046
-3018
8005
-4449
-2092
6891
1174
-1672
-9851
-3730
-3270
-9518
-1912
3423
-7942
-3599
-1339
-4849
-3932
-9344
2753
-3506
-1115
3219
-2514
9920
-5355
-9236
-2996
4612
-9602
8040
-3698
-9266
1492
-9277
-5847
4857
-2893
2785
9511
-4944
-4524
612
933
6134
1012
471
9408
542
1297
-617
6676
8582
-604
-7756
-5007
9832
-7871
-3888
3750
7411
5369
-2143
2129
5821
1633
4261
492
-4280
-7315
-3743
6026
6378
2145
453
7637
6599
-1613
-5801
-9402
5326
-6374
2749
5941
8118
8408
4449
7666
-9952
9787
-2917
-6137
3689
-4787
-629
-9562
2705
1814
697
-3335
1235
6126
-9471
9184
556
-1958
1670
-3828
-8611
3565
7055
7660
8578
8661
7834
-3150
4618
5625
8807
-8780
-9146
-4974
5228
-6029
-2331
-3805
3603
947
8911
-8204
3939
4986
-4688
7939
547
5655
8035
17
6173
-6847
-4435
-3131
717
9438
-6228
3591
-4749
4220
-1318
3583
4807
2014
-2358
-590
6070
-6880
1091
3030
-3920
2786
1327
-8863
8332
-163
6780
-8728
-7910
9458
2546
-4561
-8355
5322
-2916
5225
6629
-2331
7337
-9621
-3310
32
6326
-8399
6402
7158
-3559
4829
-6202
-5595
4780
-9960
8071
-9797
-5390
1109
5168
7856
-287
-4093
-8828
9865
3143
-7294
-7500
-1436
1115
7481
-7009
-9472
9489
6305
-1998
-3194
-9788
7164
8141
2640
-6308
2411
-1676
-532
577
-2777
6963
-450
5289
8743
6821
9287
3517
-4944
-9850
7188
2361
8623
3308
7914
5464
-3312
4016
-6220
-9229
5020
-7928
4077
8722
-308
8850
-5700
8643
-8317
-154
805
-7649
844
-3082
8602
-143
-7189
-7116
-9324
9668
-7684
-4137
1837
2399
-8403
7619
1957
-2171
-7786
-4561
-1884
-519
-7094
5280
-7636
1301
-6607
-1364
-8678
9740
8663
-7857
-8731
-3152
-8048
-1683
-4384
8100
1284
-9947
-7559
-1995
-6684
2265
1394
4009
7983
3734
-6161
-4244
-561
-4745
3190
2716
-5041
-7335
5392
4016
-4416
5726
3697
-2209
6044
-6962
8340
6852
-2060
3812
-8512
9296
-4251
3765
-6132
-9802
-7600
-5175
9176
-760
7012
2858
7714
8012
9118
2519
-1168
787
-2601
952
1123
-3894
5173
-1403
-2424
-2921
8326
5558
-5701
1727
-585
9468
6903
-5125
-6473
-9421
4992
5754
-7360
7944
-1624
1611
1765
-6057
1226
-3844
8281
-3739
1702
5213
5853
-4409
-375
2019
-6078
-8666
-3238
8242
-6395
-5083
-1547
-8967
-1957
-5628
389
-2944
-1059
8158
5956
-5757
-1169
-7861
6219
-6723
-1895
-9223
3154
-566
-1211
-9457
-8613
7255
6098
-5659
1917
9072
6785
-6559
5951
-9999
-4237
-9567
-8504
5034
-4613
3131
6697
9811
-9835
-7680
-5631
6626
-6627
2795
-2661
5050
9106
-3862
-3931
-9020
-2539
9589
-7325
-4289
-8148
-8390
-5886
-2838
7973
-6913
3786
-935
663
-6716
-9196
-9987
-3141
1786
-6869
-20
-9018
-2000
-2381
1882
3954
6082
-5827
-413
1532
-9963
9083
5811
8280
-7565
6209
-3003
1047
-6733
-9511
-6427
-4664
4757
6377
-2850
-6442
1236
-4325
-2391
-7445
7542
-7270
4027
7331
3779
-5069
-8981
8362
5238
469
-7899
-7121
-9838
7014
1278
-5475
-4818
-3961
3994
-3695
-6408
-6050
7421
-7423
-271
-4720
-5937
-5948
8536
-7048
-6387
-6917
-7473
-7114
-5746
-5812
-7359
-5120
-2336
7997
8569
5310
-840
7061
7774
-6682
-620
6355
-7480
-8079
-223
8762
8953
-9317
-5768
-242
835
9774
5630
-5478
-159
-9074
-8745
-7047
-8191
-5632
-8449
-4728
-5846
-4658
-2151
-1759
1353
7132
-3194
-6879
8556
5385
3186
-9264
8992
-7174
6813
700
9807
-2372
1770
510
-4342
7599
-8459
-4665
8915
7887
9134
-9658
-6395
9821
-9686
-3500
3289
-6484
-7519
5495
9735
-8256
5450
-1329
8195
-6926
-3335
-7922
-4411
-4028
-6897
701
-9623
-8199
-5447
4337
9100
-9031
9727
-8025
1650
-1381
-8194
9153
-3907
5904
-8434
-7887
8501
4655
-5131
3972
3365
-3765
-4519
471
-4755
6322
-6672
-1895
-4285
7105
-7934
3244
7450
9767
6579
7339
8671
1827
-5111
892
8883
3516
9557
-1294
-8297
1129
5004
1280
406
4628
-2192
-8494
1218
4478
-4994
-3008
9270
4549
7446
9689
7040
9339
-3232
8856
-1228
-6262
-3735
3248
-1099
3353
-6378
3471
-9422
1055
9019
-9505
1009
8529
7602
-1064
570
1526
4495
-6093
443
-5435
3510
2079
4880
-9571
-3993
-8740
-7961
-833
419
-1793
-7140
-8147
8392
4690
-9785
-1570
8811
549
1816
8481
2889
6372
5262
-2153
-2346
3069
-4994
6835
1237
654
-53
6058
5185
-4894
-6095
-6955
6146
1933
824
-9809
-9533
4777
9242
-6337
-7080
-8158
-6468
575
-5491
5744
4551
1997
3180
1025
-8360
7384
4103
1995
8691
3522
-5688
9401
-5391
-9146
-1323
-4507
4337
-5575
7883
-9950
5813
8864
7296
9708
-5790
5233
2667
750
8999
-1811
-4519
1278
-3022
-7771
3637
2558
-4474
-2448
-9910
-9876
4091
-4758
3307
2984
3411
5814
196
-1050
-2963
-5256
-5601
2683
-171
6942
9683
-6934
8740
7170
-9042
-7019
-9864
-4013
2954
2087
-812
-8724
-8424
-5710
1139
1182
-9279
224
7774
3623
5384
-4952
4288
-4714
4110
-7469
-5520
224
-9933
3814
-6035
5059
-9177
1896
4300
6037
-7873
2230
6101
5003
-8477
3027
9708
-6864
6532
7394
-9118
947
9760
-2125
747
-2506
-4480
125
396
2261
2567
2737
-4154
9419
-2512
-7903
-7075
367
-6964
3070
-3201
455
1111
8869
7773
-5160
-7585
4624
452
1667
1951
115
-919
7237
6619
1084
6705
-3740
4806
5757
3699
3065
6354
-8856
-9655
-4078
-4511
-5119
270
8217
-9965
6352
-3201
7647
6363
1089
-2640
-1338
6542
-1392
5226
-7542
-6114
-9809
1286
-5959
2622
-7869
-233
8322
3850
4081
6615
4967
-8775
-4118
-7733
440
-6866
-1746
7713
-4531
-1496
6353
6149
5958
-19
-7160
-4261
6517
4661
-4321
-5167
6559
4217
2252
6784
5799
7842
-8923
1659
7479
5850
-4072
1487
3174
689
6972
-5570
9343
1686
7316
-4243
-7298
-8012
456
1856
-1513
3772
9694
-8483
2296
-1700
-1825
6797
-9485
-7455
-7029
9291
4715
-2265
797
-9104
7571
-7733
5370
4017
5070
-1449
7710
4017
-6490
678
-8162
973
7752
2950
299
-4982
6049
240
-7320
-1730
-567
6968
2398
-1699
-8239
-9533
6625
3963
-417
-6105
2690
-7911
-6640
-1393
-7152
6516
8266
7119
-3615
3386
-2111
1845
-6321
-9237
-1305
-9813
1105
-4042
4192
-5091
-2455
1388
-7997
8539
8709
-7284
6576
-3412
-1826
4102
5578
8418
-8110
747
-1431
5317
2144
2755
9198
-743
9914
9807
2093
750
-8401
4012
7332
-9787
-3174
2007
-4900
3129
-4737
3593
-1194
9065
-5027
9799
3041
7127
783
-6325
-1446
-8077
-4709
4789
9366
-1933
6051
-5522
2925
-9630
-4077
-734
-5344
-6159
-4590
-1050
6209
2266
8653
-8351
-3830
5185
-687
-3943
-4018
1531
1500
1214
3743
628
7500
9902
-4517
6526
3887
-7010
-1844
-1229
-4178
-7106
-4312
-2488
-3677
4575
-1440
-4007
1288
-3514
5538
-5558
-330
-9381
845
3805
6662
-1386
2614
6174
2451
-6542
2057
-5666
-2999
1294
-9926
-1838
1516
1539
-3897
-1258
348
593
1609
8673
-5475
6243
-2088
-4737
-8453
4470
8204
-9991
-4213
322
3686
5792
-6819
-5188
-9903
4460
-4214
-9472
1651
-8342
1883
4194
-8899
-9967
-8841
-3630
-5056
-2020
8888
7231
5918
-405
-7605
-2984
4927
7662
-6154
3746
-2193
3319
7780
6979
6880
-7478
-1049
772
-8756
-1152
-4793
-2849
-6297
-5795
4489
-3639
4404
8921
-4563
2672
-4702
-2996
155
-4424
-56
-1036
6555
3281
-877
-6500
5522
9112
2246
268
4494
8810
3110
30
-936
-4826
-9588
3492
6844
4562
-2442
-8349
-4410
2871
2989
-958
-6026
-5754
8038
-606
8756
4733
-2829
6782
-2832
3667
8075
3350
-5856
-1074
6225
-7310
-2661
8262
6861
1651
6678
-1848
-2252
2949
-2440
9552
3497
-5867
-9175
7985
5254
4758
1929
6731
4519
8797
-6296
2086
-4107
2564
-2062
4149
3294
6304
6570
-449
-4329
-1576
7383
3725
6783
-2623
1341
-3388
5672
9502
-9100
3096
8955
-563
-859
-8002
-9894
1464
-7029
-5499
3825
5118
-5739
2702
7514
-860
880
-4096
6434
174
337
-7495
-372
9049
-763
9613
6245
5822
6970
5947
4488
-5600
-9055
-6102
2921
-82
8603
6387
1351
1491
-822
8512
-9141
-8647
1532
-1967
2182
8253
1833
-4859
3688
-329
6523
-3530
-7813
-4476
1812
-3507
5593
-1100
3842
2546
3605
-3840
-7088
1219
-3859
4659
-1401
6040
6825
9674
8812
-9322
-621
7959
5464
-6427
1162
-5605
-2456
4999
8336
-6998
-4878
1891
-1841
-6808
7971
4807
-1519
-2776
-7440
-2561
-9130
-5632
-519
4694
9572
-4573
-2158
8869
247
-4924
9077
-7969
58
-5505
-2331
-9309
-5668
8243
6125
5250
-9033
-8339
-9126
2142
2584
-1631
-3892
-3366
-9269
757
2424
-2634
6456
8427
-7262
-5918
8285
-2009
1371
-4309
6843
-2215
7215
9417
558
9142
-7208
9069
6361
-5167
-6246
1510
-7229
10000
3854
267
-4452
-1349
2268
4916
-3718
2449
-7142
3079
7108
6119
3678
3911
-5129
8273
-5641
-4948
1968
-5378
6326
3241
-7254
3548
8358
-2718
-4332
-4739
2039
-8974
6242
-360
-6600
-8056
-7192
745
-7880
-2890
6655
7544
-2373
-8431
8518
-7106
-5981
8230
-8384
-6848
2571
1344
7046
-9619
7742
-6616
-4434
-2805
3191
5383
2585
7502
-875
-220
9034
9565
-7613
3536
-755
4777
7659
8272
-1070
6100
-3588
4430
-4941
-6388
616
6225
-7492
8839
3117
-4955
4133
4125
1820
8585
6403
1550
-1779
2352
2094
8052
-9492
-416
-1238
6251
1963
8326
-8498
6492
92
3901
9452
2086
-5946
4805
-7183
-1687
-3730
9925
1067
9684
-8968
599
-3527
-3216
6610
-6221
-1184
539
7136
-1803
-8156
2995
6081
5414
-2952
3791
3534
-1393
172
3718
-4026
-9515
9398
-4567
-1543
3450
-7159
-6797
7542
241
4504
3794
-5416
-867
6550
-7901
-4603
7404
-480
3528
-817
1589
-6358
-9200
7170
1178
7699
9104
-6960
9826
7131
2160
-2304
3787
7540
330
9339
-6669
-1213
-4086
2359
6987
2259
7014
7397
-6571
-7178
-7560
-6318
-5144
3685
3673
-7258
-1051
-9891
283
5525
1858
5822
8579
3579
1937
-1727
-6396
-9402
-6335
-8418
3329
1740
6591
4949
8303
5632
9450
8081
-5460
-7122
6417
8479
1535
-7453
-2551
-3925
-5887
-7941
-3184
-1592
-4089
1211
6353
4947
9906
-8390
-7957
-1848
212
-2620
-5239
-9244
8223
4210
7146
6865
2608
6690
4499
-1858
-3109
6227
6414
-2936
8410
8048
-1660
688
3708
-108
420
5012
4287
-7748
5993
-8646
-9816
9570
-3058
5064
9055
5119
-9454
-9333
-3083
9810
6013
5935
-2926
-794
985
-3488
-886
-7897
2108
5267
-4580
-1044
-2658
8170
-8973
6544
8428
3762
-6034
2939
-224
-1238
-9665
1670
-9297
-1698
1313
-6863
-8847
3245
-5924
-7796
-4047
-8362
-337
-2400
2226
-6097
2604
7238
8136
-3509
9262
-9528
7374
-8204
6113
7879
-9543
-1757
-5147
-5775
6558
-301
3578
8359
8720
-9759
-7547
-4261
-733
-6731
5452
-9909
-5662
-1868
-3711
-6102
-9500
-1609
-1597
-5527
-1660
-6065
-1975
6324
-2761
-622
6313
5103
4074
-1918
9196
-2849
-1604
-6906
8890
8245
5964
-6362
-810
8200
-3144
6090
-7414
8666
-1906
-5936
-2205
7936
186
351
9265
-7079
-9939
4861
-9226
4519
8604
1257
4006
-1680
6713
-4728
-1780
6241
-3604
-9400
2663
-5076
8548
7574
-6745
1296
-3039
3824
-9298
4256
8290
758
-502
-2670
-5813
-5071
708
7184
6920
-7213
-7663
9961
6047
6643
-5961
-159
-4768
-6914
9969
597
7432
-180
286
-408
6980
-5135
1490
2773
3044
-3111
-6251
2315
5338
9518
-3174
6666
7073
-8067
8916
-6401
7944
-6701
7615
2710
8618
-2656
-5640
-2152
-4320
-5295
8451
-5729
-9936
682
-3964
1005
-3929
-3468
3854
-6970
8804
-8904
-8903
8365
-2080
-9187
161
5766
-5585
-3475
-2524
9329
739
1903
5829
-1967
-936
-3408
6942
273
-7376
6757
-9517
-5367
-4246
6077
9948
3718
-9828
-676
5673
-992
5928
-4288
8737
-3330
634
-6329
6211
7422
939
9950
-4848
3840
-5369
4411
1808
-6374
-244
-3798
8145
-9843
-6306
6481
-2181
-4690
5711
-9657
3443
-3061
-6362
-3759
-7900
-6691
-502
-9906
782
-432
-1587
5879
900
9974
2189
-9504
1691
-6797
-5045
-8885
1947
5911
8512
5276
7148
9420
-4647
1178
-9015
-1866
-407
60
8967
-2733
-3339
8973
6692
-1877
9905
9733
-5087
-6627
7854
4309
5583
-5531
4294
-7265
6683
-976
-4498
6893
5422
-4919
8759
9640
9525
8380
6593
-2475
-1743
-1868
9228
-1914
3814
9288
-9004
-2159
7073
5296
-6088
-4580
1684
-343
-6654
-9551
340
-4828
8954
-9678
153
4105
-5440
5769
2470
-7231
-8159
8183
312
2033
7203
9028
1660
6610
-5103
9614
4704
-1714
6021
3681
627
5255
5054
-8847
4475
-7988
-7786
-1495
2225
6271
5910
-8506
8608
-4277
9639
3746
8032
1197
9079
6348
-501
-9961
8906
-3851
-1797
1117
-6234
3701
-1386
-9920
-8741
-6137
-8343
-5981
-591
9426
9514
-8816
-2442
2266
8297
1786
-6939
1514
6745
-1704
1270
-3665
1219
-4194
-4123
1259
7883
6325
-8962
2293
9938
5984
-7408
-3387
1866
-7914
7592
1727
-9752
3248
8693
-2311
483
-7377
5232
3233
8969
-8348
-6806
-7658
-3331
8129
635
6791
3988
-4811
6425
-9351
5181
4036
-6068
5729
6302
-3166
8848
-8130
417
-5716
4672
-9184
2088
-4859
5805
-1999
-5120
6971
9512
6629
-6748
4505
1790
3780
-1585
6929
-7223
-1328
6453
-14
4619
5071
6808
7818
-6141
7382
-5818
-9979
4617
-542
-3312
5267
-3412
3885
252
-3338
-398
-3250
-7741
6647
-6964
7908
4950
4011
-8130
9144
-8398
6010
-4879
-6417
147
-2517
-7483
-9809
-1806
-463
-3623
-1981
-2661
-2530
-7925
-2918
8037
5820
-1762
6639
1063
9683
-680
752
-1577
2985
-2186
-2714
-4165
-1553
-2568
-2354
-1640
-9544
2890
3506
-2164
-4871
2246
6887
-5415
1784
3594
2647
6024
5964
4320
8749
-12
3698
-5158
-7485
8717
4731
7629
7410
8866
-7103
2185
-3881
1948
1360
2358
-1016
6054
8264
5486
6440
7080
1062
-6440
7967
-5022
9935
-9943
6903
6796
-6606
-681
5953
-4370
5371
-5760
-563
5227
-3608
5033
2513
6822
1660
1790
-2981
-1899
-5685
-9843
7294
7682
9307
337
-7884
-6956
6521
781
-5975
5831
-4682
3118
9497
8143
-9094
-8824
-1312
895
3684
-61
-9733
553
1704
9524
7744
4078
7070
8839
9451
-5141
7408
8163
-8867
780
9758
3909
-6679
4707
-4946
1564
-9232
-1117
2005
7183
2736
3819
-8521
8764
-4177
-7877
2108
459
-5872
7211
-4420
-1825
-628
-1150
-3235
-8806
2343
9106
-558
7918
-8240
-7001
1165
-2262
2078
-3878
-7597
-715
8563
-1845
4696
-3127
-3756
9571
7995
8279
289
765
-5891
2559
1683
3341
-9247
9208
2227
2273
9909
-7069
1486
-680
-7389
1669
-7749
-9096
-2086
8040
-9145
-4136
2378
7430
-4589
6773
6171
4060
2563
8626
-664
-8321
-4163
1893
-257
-242
5823
9279
-298
-2716
6287
5400
4186
5869
-3852
-7430
-1077
1607
5219
-1738
-7080
-9138
4023
2247
-3969
5133
-7440
-2299
-465
-8424
-1056
-856
949
1888
4903
-5174
-9070
-5048
-9876
3084
-3356
8733
2776
8106
-1173
1049
-3168
545
-6213
-653
2480
-2108
-9562
1643
8436
9077
-8060
-2970
8531
9588
-6906
-6879
-161
2533
-31
9723
-1055
5029
-6855
487
7289
963
5192
-8847
-4659
-4484
-2538
-680
-5837
6732
-2577
-6772
-3799
-8825
-2285
1868
-3996
8872
7482
2332
9014
8772
1300
7843
3501
1828
6956
-3809
-6534
1697
-6770
-8385
-8666
-2789
1599
-1867
-8118
3927
-9854
1216
-5029
-7595
-9175
-9330
8422
-1927
-5587
-398
904
-8624
-1418
7696
9038
-1263
-6772
-2886
2544
503
1626
-5650
3541
431
1712
2434
-5804
662
-3319
-2695
4577
9809
-2779
6634
3779
5669
8326
-5012
-7601
3497
1471
8446
3260
-1483
4622
6134
1424
244
4278
-9342
8454
-2254
8876
5344
-6608
8919
-6285
-4768
9439
1648
-1664
-4814
2205
-5404
2401
-7565
-3220
-5414
-890
4934
-9775
312
2327
7060
8926
8427
4067
-8653
-4614
-6143
-9134
9993
9143
1156
-9158
1947
-4772
8588
3619
8794
-5068
-7747
5114
-3414
-4250
-6003
6174
3339
5911
-668
2343
7093
7082
-9135
8539
-4243
-904
4722
-9826
-4729
-1519
-2681
-2198
-7696
-7859
4998
-7654
5232
-4757
-160
-9591
9354
5017
-859
8514
-9727
-9603
-5717
-5370
-4685
-734
5460
-4003
-6125
3862
72
-1490
4161
-4299
-5604
3900
2162
-6933
1190
5596
6066
668
4828
-5153
-3885
6074
6013
-7202
9700
943
-9145
-7957
4543
-7429
-4035
8559
-8992
1656
3016
4393
135
-93
8571
-2754
-7129
-5316
2301
1046
-1932
3012
-4569
4578
-2473
-932
-6559
9823
-8016
-9270
590
-521
-9653
112
5903
-2944
1400
1748
9295
-2861
9384
-6583
4717
-882
-286
-6506
-6983
3701
8038
9928
-4026
-2391
1766
-8990
-554
-7363
5217
-3680
9919
-7071
-981
-4928
8137
-27
-4585
-633
-6333
7669
9680
-9161
1869
-5943
8824
-9340
-4525
3327
549
3909
-353
-1998
4446
-4164
8091
-4957
6908
4487
-1136
-5948
-5197
-1389
9302
9602
8754
-7528
5706
-2125
-4138
-3104
7293
-5647
7389
4275
-8283
-4529
7971
-2999
-8044
-8496
-8688
-7072
976
-4335
-4876
8277
-9136
5250
3522
-3465
984
-3816
-7773
-9439
1907
-5639
-4297
9120
-2379
1368
-8747
-9931
3324
-9814
-8479
-5457
6072
8011
3320
-9201
-6497
6890
-1879
-869
-9875
-4056
4035
8003
953
9494
-8523
-6935
-5299
-2129
65
2781
-6916
-8543
7429
4894
868
-1394
7941
5311
-758
7559
-3491
8288
-1530
-2152
-9347
-1703
9798
2280
2594
773
-6425
9579
3553
5788
5494
-8807
-9023
-7997
8212
9128
-9247
2
8486
-8786
-1014
-8636
-7787
-4627
4982
-8903
-1714
7055
-2000
55
2739
-2391
3181
6717
9016
-3520
-4208
-6315
-8712
-5705
8515
-5178
8689
3498
6064
5165
846
-6405
4961
-1199
-6852
-32
9309
5187
6565
-9988
-4493
6966
3880
-704
2017
2376
-997
-4938
160
9145
-7855
4915
-2394
1061
2916
-9172
-2509
-4026
4577
6388
-4728
-9332
5304
-1918
5255
9392
5356
8157
-7152
-7261
8490
4426
8841
9480
8548
-7955
-4478
-4281
5745
-8608
1589
3854
4664
472
-7231
8945
6857
-2401
5288
2758
-3676
5560
955
-4784
5552
8240
3217
-7277
8522
-542
-7717
1413
3699
-7818
-7032
9236
108
5323
-7219
6107
-32
-6906
-1766
-6970
-3443
189
5555
6929
-2185
-1020
1275
-9012
-6160
-6081
5892
-9015
-207
-8628
-2107
831
2268
-2683
-7282
-5277
1028
8670
8467
270
-2593
-2182
7268
-5807
4160
4952
-3637
-4332
3064
-6047
-7730
-9284
5786
-3715
-5527
-6309
3601
-3535
4002
5499
-3584
-7585
-7846
-9704
-1541
2641
9688
1067
8989
-9165
-1418
-823
3838
-7070
-7077
2374
-2630
8668
-6367
3556
4675
-7258
-2492
-3624
-8950
1235
630
-9786
9218
-6777
-1204
-9681
-2366
4055
1852
6220
6323
5422
4998
474
2407
-9768
-5463
5258
-5496
6189
5599
9072
621
-9096
-4089
237
-6932
-5410
-860
-2281
-6742
898
-3884
-2384
-2302
-9068
-7
431
-31
7490
6915
-6067
-6491
3401
-6284
-294
9316
8096
8008
-9926
9014
9980
2943
4802
3979
-4474
5849
-6101
1672
4348
-4004
-8283
33
-8181
-2591
2534
-9583
-2390
-997
-2932
-7193
-9868
1953
1092
-6343
9496
-9576
9752
-1755
313
-4032
-9726
-227
7340
-4156
-9486
-1097
-7897
-1838
-2925
5678
-6022
-203
-4045
-4521
2784
-5839
5171
-8200
4995
7139
-2234
3231
-3627
301
6633
6547
-4841
1869
8032
9995
1699
-7049
5685
992
-4299
7272
-7675
-2746
-3603
-2012
-5925
-980
-9217
-4858
-4114
-2572
6623
-7907
3356
-7296
-3220
-7244
1920
6832
-6846
-9988
3214
-6793
-6942
-10000
-3265
-6516
-2935
5838
-4329
-5623
5826
-4520
-1885
2036
9825
7979
9830
-9995
-4676
-2079
-5863
-4941
-3549
8421
-8953
7714
3601
4866
-6218
4393
-1690
-9037
4960
-9257
6886
-8678
7994
4408
-1236
2503
-2284
-9102
7870
201
-1629
-9812
-1192
1161
5023
-3763
2170
-1442
2984
2182
7670
-3743
6219
-4052
-425
-3937
-4861
-6137
2504
-6324
-9746
-2763
-8648
1461
1057
7453
6614
3488
4912
2097
-9851
5371
-9535
-2013
-2217
8449
6245
-1702
-4490
-9222
7258
9116
-1249
-2895
142
7302
8941
4812
2144
-1953
3146
-707
-1901
9934
5838
8326
2887
-9176
-2962
5980
9889
-4924
2219
-2421
5345
-3146
7567
-3930
8404
-7599
1808
-1494
4716
-8735
-3162
-9934
6847
-7192
2049
-1184
7077
-7480
9935
-6233
1997
7175
1252
-3130
-1602
1416
-4740
-4570
-5979
9771
9954
676
3163
-3294
-5326
2285
6387
2931
-2623
2841
2216
-1854
109
6242
5360
2738
1472
3502
-2751
-9484
-878
-545
-6676
8775
-6594
2964
9285
-4275
9031
-6560
7760
-6725
7035
2434
-6799
-8639
-9167
5104
-6876
-933
8420
-7383
3993
-2458
5020
8484
-8577
-4907
-2736
6081
3162
8188
-5421
-18
7543
9928
5968
-7128
911
7025
-440
1362
1211
-4162
4402
-717
3570
-8031
-250
6505
7378
-7753
-1848
1055
9803
-6454
-67
-9973
7031
9406
8863
9605
9365
-9414
-9599
-4265
7872
-9362
-7400
-7380
-9857
1272
1907
-5571
2751
-10000
8565
-7799
-3084
-4588
1443
-1872
4623
-97
5297
-357
9544
-9607
-9387
-7479
-7762
3249
-2772
7069
-1350
-4347
2335
5367
-3090
5128
-2525
-9645
-6314
-7648
9281
8759
-7625
-3015
8287
241
-9918
5263
2735
-7483
-3918
-8723
-3915
-6027
4729
8401
-284
2189
-5456
6875
249
-5325
9978
-843
-2821
1808
-2863
-9396
-5140
-2517
-8392
7732
-926
7666
3111
1006
-7248
468
3114
-74
-3724
-1234
7955
-9880
-2203
-2368
-7118
-4977
-4764
-4848
3294
-2297
-9089
-4544
-7071
-137
2488
-7082
-1183
-2320
-8248
2708
883
-8631
8275
-4229
5146
-2007
1765
6753
-1884
5256
8472
-5182
-9929
6544
6782
7762
4445
-2279
4084
-5828
-9879
-983
-5147
-8155
8054
-4069
-5282
-8090
-9232
4094
-619
-6467
-2804
3552
-7324
-8663
1146
-9220
6640
6155
-9204
-1326
9159
5838
3767
6692
8152
5302
274
8435
-4243
-7937
5005
1074
-8040
-9890
-894
-1736
3104
-2490
-7784
-7443
7930
9580
7837
4749
7235
9898
4730
4158
3615
3830
3525
9967
-8322
-1570
780
4307
-4789
7536
7146
737
-6457
3405
-9391
-8102
2647
-7327
-62
-1021
-6419
7994
8139
896
-3535
643
-6787
-7753
931
-5917
6771
-9630
5349
8988
-8075
-22
986
4778
-4512
279
723
6523
-8699
8842
8385
-7139
-9373
-8194
-2665
2828
-4699
1578
-7687
-937
-2209
-6396
7941
6815
1387
1925
-8391
3901
7048
397
4071
-5100
-4419
9073
1236
-8106
-526
6710
-1617
-3125
-6197
4188
7254
-9389
-2952
5917
9972
-3791
4158
-2011
-6273
-2438
-7918
4041
-6673
-2419
1166
-5133
-346
6730
-8554
-9106
-7528
-2918
-4574
-2581
7361
-3750
-159
-1305
-3653
-3586
-4870
-1821
-3478
-4015
-7821
-6098
-296
-315
-5656
-9396
9043
-3521
-8005
34
-1318
-7991
2409
-4360
-1499
-1625
-1431
-2001
8707
9528
5513
-9371
-3603
-7388
3954
6781
-312
-1290
-508
-3389
-1516
-1065
-425
9979
7922
-6795
2417
6501
5276
-5971
1896
7656
1780
-6789
-906
-1825
3610
1766
-3252
-1820
1541
337
9687
1209
1803
4476
2587
-970
9433
-9305
-8680
6564
791
1843
-5489
7799
1775
1054
6381
6527
8818
7662
-528
9435
4168
7438
2272
-2296
9108
-3475
-9912
8545
-5905
1488
4177
169
-4550
4666
-6474
8965
-7812
-600
-7783
6907
-6679
-9518
-1923
-5131
-880
-3495
-3865
-8625
752
-5384
623
-4224
3851
-717
-9220
2276
2648
5396
2360
8166
4151
-1675
9661
6879
-6254
-7773
-8257
2816
-1971
-7426
7760
-9511
-8308
-2107
-5091
4946
-3033
1322
-744
1211
6642
-9685
-1659
1567
-7414
8397
-1618
-1677
-1539
1274
914
8748
-6815
-9646
3650
-8061
-6411
8450
-3304
2716
5463
7561
9438
-1606
1111
3021
410
981
-9423
9151
-7376
-1792
4915
6816
-3807
-7430
-1474
5708
-9265
-4800
3546
1075
8822
-1332
7939
-5873
4964
1205
6621
-8005
1198
-5678
7347
-1162
5904
7183
8950
8058
8564
-2173
-4008
6524
-4626
-2109
-3759
5311
6736
-5701
4657
-8312
-299
-160
9018
8402
7912
9461
823
-1314
-880
93
-1141
-7102
-7512
-7480
5396
-1243
4512
-557
-8678
2952
-2651
-2858
-4461
-8954
-9803
-2054
-6855
9018
-7855
654
-1103
-8575
-6380
8579
-8173
2110
-1110
569
7640
2158
-4167
-8715
2870
5586
-6981
9838
-5015
5362
2661
-4133
9411
8484
9134
-6933
5863
-8700
-2237
-3872
-6112
4453
-4349
-5270
4971
1260
-3635
5058
9090
2612
327
-6556
2538
7761
2539
-2380
-2952
-9782
4463
6134
2180
-4398
-1434
6417
-5389
-6381
1548
-4955
1846
2048
8431
159
5054
4080
-2135
-7057
-717
5070
-3752
5500
8905
912
3675
-3082
8532
8532
-1765
-5101
-9553
-7551
-5551
-3148
2319
3639
-3320
-8964
-773
-7453
4249
4516
7830
-1744
-6278
-6626
223
-265
6719
5125
-3455
2976
5100
4763
-1408
-3993
2457
-6515
-4198
232
7390
-7371
4245
-9798
1483
4356
4179
4510
3991
-8667
-912
8583
9196
-2177
4793
-3044
2621
-5916
-9898
2092
2701
523
4760
-2597
7730
-9689
5635
-842
7639
-731
4910
-592
-2688
-9894
7164
3108
-6915
-6196
-9695
-9045
-4436
3891
-4508
2828
818
-5621
-6558
-3056
-7782
-4043
-4017
5096
-3568
-5389
2708
-8767
-1453
-9041
-3286
4527
-2110
3962
-6634
2293
-5473
9034
1896
9301
-3411
-4364
4598
7399
-5893
427
-7831
6596
-8713
7471
7411
8079
3302
-6000
-7912
-4082
-9396
-4541
4887
-1034
4241
6055
6708
8781
-8582
-3569
-7251
-3317
-7230
6964
5620
-6095
6163
687
6094
5108
4749
5604
-7296
9569
-6300
9039
4664
3502
-876
912
-1654
5422
-3286
-4857
1842
-3555
8596
3386
-8147
-428
-6440
-41
6978
-5624
3232
-5168
9894
-2807
4484
593
9387
-2620
-1488
-4615
8188
-7663
-1908
3048
-5991
-1078
-525
-3845
-86
-8484
-5036
5033
-6858
6990
9322
-3472
3407
1181
4783
-1053
1636
-2160
5354
-6936
8176
2535
-5894
5963
6690
5083
-790
4818
-800
4117
-1449
-7159
3563
3339
-9826
7439
-270
3572
-9578
-2804
6044
9808
-1010
-3969
-390
5153
8412
6392
5218
8465
8707
6056
-9868
1933
2274
-4351
4845
5009
-407
9919
-2945
-7031
6190
8911
3848
-3347
-1562
1699
-4211
-6556
-5054
9
-219
6277
-5763
2597
6223
7249
-5666
2956
-4663
493
16
5950
2534
5837
-783
82
4554
8895
-5044
-7737
-5430
-4747
-8301
-336
117
6802
-4569
1121
-4084
-9501
6712
-881
3331
-3198
-7224
-3148
-6341
-4160
9745
3016
2616
-4061
-5237
8915
-6441
-4673
7932
3033
-3190
7793
-6054
646
7452
-4380
3876
555
6059
1306
7042
-5002
-5173
-7518
9394
-8942
-7454
4329
-4146
-761
8313
3136
-9102
3364
7310
5660
-2664
-2053
-6780
-9352
-5440
-9959
4755
2109
811
5037
-1997
-4126
-2046
-4790
-3002
-955
5218
-1240
-6916
8386
6097
8733
-8291
505
-9007
-3316
-4790
-5321
-713
-1051
-8957
-2191
-8359
-669
9353
-5052
-1103
-2140
-1705
9874
-4527
371
-666
-926
4330
8261
7838
3282
6247
5083
9598
-2085
1610
-8167
-7161
9499
-5939
7735
-720
8323
-500
3246
-7706
-6178
7697
8711
8678
-1594
-8458
4231
-3865
-6117
729
2803
1238
8459
5518
4349
-7659
-5871
-2224
-9508
2756
-1989
-6744
385
4908
-8982
1321
3184
-955
3167
-6422
4026
-4644
9634
5477
9542
-8706
-6193
-8549
-5795
7897
4401
7863
-5158
8633
342
2348
6198
9943
7886
-3200
-4871
-2125
-3717
-6585
7344
1463
3654
-9385
6927
313
-5628
-5214
-1701
7750
-3594
5127
4586
-787
-7277
-2480
-5318
3999
-8338
-7073
6767
7350
9500
5702
-3942
3932
8172
1034
9613
7654
5645
-3625
8364
-2393
-6431
2902
7526
7233
3954
3468
-3843
-7829
-4232
-5574
-8645
-9537
818
-5904
8131
2528
-9132
-1342
7519
-7191
6951
-411
2234
2062
7264
-1207
-6048
-8519
-3631
8001
3296
4518
2154
246
-2748
4463
2615
6966
6193
4744
-5829
5869
6128
-8022
7396
6911
-4365
-7541
9431
5456
-6644
-1649
-1578
-1356
2124
5794
-6405
6717
2020
-3644
2487
4903
-5848
-2222
-201
5500
-7781
9430
831
-2786
1392
3733
-4068
8203
7974
-2815
1055
7095
-8923
7692
5218
9946
-6486
-7803
-5100
3368
-3304
-1079
1407
459
-6224
5592
-4247
-9626
4501
-7658
6905
-1338
3478
-3502
-7263
-9005
-3551
6628
-2888
6760
8098
5877
-9511
3616
-173
9995
1595
-9034
3785
-9313
-2768
6837
4416
6225
-2683
-8496
-6019
4913
-5441
-2654
5853
-7014
7673
6658
-5017
5849
-2992
-1629
8044
-1577
3307
2850
-5872
-2446
1561
-2850
-7700
7975
5143
-4759
-5253
9415
-8074
3333
-8375
5649
7908
-7601
-2471
7759
-9325
7463
7360
-9428
6928
-7265
-3541
6715
-2541
-2615
-9266
3701
7321
585
-9491
-7513
-7008
-7493
-3014
-7624
5828
-9019
3206
-3765
4700
-5061
1917
-7899
850
-9775
2247
-2633
2425
6896
-8725
4179
8850
7734
-8857
-9255
-1157
8990
2162
3605
7252
-3548
9726
9162
-4270
1615
-2269
-9504
2969
8422
-7305
-366
2111
-3884
-1314
6378
7863
-1797
3049
8811
9668
-6165
-5180
-4126
-3799
-3468
-9266
9876
282
8149
8682
6744
6768
7369
-6301
-8282
3994
97
-929
-6045
-6065
1846
-8901
4066
-170
594
-8019
6610
-6443
9111
506
9814
9822
-1332
-5758
-3280
8233
2623
4868
-1863
-880
-4038
-3074
648
2272
-7903
-8257
-9226
3360
4370
6302
-2761
-8126
-1294
8865
-7492
5521
-2371
-1820
-8036
925
-1707
7167
-3028
-8071
-153
-5112
-637
3950
3916
1687
-363
-885
17
8813
-2056
-3681
7097
-6857
6127
1127
-6219
1462
-8447
-4695
9946
-7389
1733
-746
5250
-768
-5297
2065
-6931
8572
2143
2825
9386
-6088
3630
-6241
-7748
-4753
-4341
-2200
8128
-3846
-9331
3276
3552
-9195
-6110
8407
-2035
9323
9152
-5431
-9325
5031
-3300
9436
-4011
2938
-507
8690
4762
-737
2099
4276
7401
-7362
-7101
-5659
6799
-4167
-6519
-5403
6961
9497
-5751
-3990
169
3394
-9106
-9833
-1779
9024
8049
-6741
-9068
-9809
-1889
-6379
-5571
2105
6203
-5798
-5706
-3841
6237
-5275
5780
-9865
1786
5995
-3579
-2998
-4267
314
3099
-7363
-8416
8231
7157
-9163
-2691
-619
5107
3536
222
-2677
-4299
1426
4561
-4120
-7082
6776
-2292
-7285
279
8285
-6881
-4954
6312
1653
4705
-9391
-9220
2133
3811
-7893
-2667
9469
-9058
1001
8708
-5281
-8997
-8329
-8298
8966
9287
7507
-5324
-2598
8988
6978
-1825
3134
2921
-3811
2554
1543
9382
7661
8610
7890
-4462
5797
-9151
9800
-5923
7027
3327
-2495
751
-8779
6781
2189
-661
-5355
9523
-6449
8874
5295
-1387
-1189
-1287
-7996
-8746
2545
930
-466
-2561
-4998
275
5953
5653
-6458
-4279
-2506
-7438
998
1876
3335
-1785
5880
-7245
-4860
-1671
6228
-4258
-464
-3703
5961
-3569
-5218
1435
5267
-5162
-9262
6493
-5134
8013
3633
8371
3209
1588
-6331
-4835
1237
-720
544
-3987
8060
-9806
-9092
8524
-5718
-4611
-3923
-6664
4990
-4305
-8103
-5188
9365
-896
-5032
1634
3342
-7753
-7019
3952
-1352
-1355
3009
7080
-9117
8370
-1553
4880
1440
-9637
-9461
5073
2576
-2145
-7054
8166
7074
5045
5786
-3750
-351
9199
7920
-3912
-9756
5690
1061
-4446
-3087
-5907
-2796
-9192
-8164
-8107
-416
-9926
-269
-8219
5309
924
1923
4635
-603
-1761
837
-74
2911
-6712
2534
-5493
-2124
8808
-1537
-4777
4814
-7928
1204
4997
-9335
-8157
2815
-7399
-5811
-646
-4176
-3192
4119
3204
-3877
8553
2378
5482
-1071
-1086
8122
-4352
-4118
4031
418
2689
-9446
-2427
-6682
7477
-1079
6060
-1989
-6045
4351
5530
-439
-4366
3043
-2525
5035
5292
6364
-1872
-4823
4852
7819
-5895
-4645
5994
-7644
9743
-2280
2872
-9396
-6236
-9299
-2777
4263
7718
3137
1059
3762
5309
3736
-5536
6996
332
4261
970
2750
1870
-4959
3867
5437
221
-4773
-9968
4652
1494
8678
-1443
2843
-8202
4505
5870
716
-2631
8742
-9853
2439
4132
-9395
-7990
90
1289
-5004
-9982
2353
1748
3723
-9010
-2245
-7977
-447
2846
2186
477
-6797
-3925
5638
4874
6109
-1739
1705
2749
7418
-9260
1911
-6473
-7107
-4923
-7092
9533
3823
9328
7364
2248
-8889
-1883
-8443
4398
-9899
-5983
2569
1533
-5626
-6077
2139
2651
-4817
4795
-7773
2541
-2742
-6882
5934
3863
1162
-4013
6757
2634
-8412
4026
-9786
-7880
5382
-196
-9433
-591
3869
-3908
8164
6650
-7970
-5820
9420
-2213
7266
-670
-4871
9279
-3582
6603
4705
2552
-921
1706
-7779
-7205
4173
3434
1262
3572
-3205
-4767
-325
2180
-1432
7653
-4630
-7156
1823
-9125
-1713
-9480
5221
-8714
4807
5976
-9214
1814
8382
7579
9127
5352
2589
6089
1019
4169
880
-4480
-3648
-5232
446
-2048
-1835
-5806
-6432
6239
-2450
-6454
-6231
7951
-1209
1196
4025
-8177
1703
-7858
-1602
-8827
228
-1338
-810
-7117
1998
-7043
3593
-5281
9977
-4259
4330
-2599
5502
-6142
-8067
5508
5395
-1939
-5958
-8740
-9002
7280
9373
4374
5811
-1603
-4074
-7747
-7013
77
4177
-1843
7383
-8949
-1082
-7804
-139
-3352
-6029
7237
6023
9127
8563
-9736
2867
-462
9756
331
-7444
3705
-4744
7192
-986
4191
-7662
-8001
-4320
-2567
-8134
-8684
351
-4654
-8551
-2601
-2941
-3693
-7612
6735
9337
-34
-3361
3557
-4450
-6588
-251
590
7024
2001
8497
-7748
-2515
1542
-9414
6539
1493
-8195
8251
1177
-222
2253
4001
-9750
8692
3715
-5825
-508
-3733
355
-5068
1393
9811
1436
-1287
-2194
-9972
2192
-5077
-8443
-8825
9172
1384
4631
1511
4017
-4707
-2308
-7223
-7010
6121
-8447
9602
-4238
-749
5656
-4743
4698
8559
9639
3453
8300
-4904
3109
-1683
5381
-1051
-443
-7367
-9357
8250
8503
-7659
-5850
4327
-1978
-6785
9979
-4172
4351
4712
-7876
-5401
4709
3186
5573
-801
-3584
-1696
-2816
-3729
-1346
9174
1581
-5574
-9537
5952
-9490
2576
-8943
-6178
-6754
288
-3923
-1919
-6310
4057
-5612
-5552
5120
9121
1715
4323
7864
-3617
-6572
515
4095
4653
-6266
-9891
58
-5323
-9904
-5204
-4582
6870
8613
-9928
-5063
9935
-9702
8059
-9256
-1845
8593
-4706
-6389
-4839
-4984
-6549
131
7760
-8277
6158
3209
-4180
264
5733
5834
3651
4863
-2696
-5248
-2119
676
-7373
-1701
-1421
5378
8172
-7412
-7976
3706
3240
-8101
9699
-6761
7368
7374
-3648
5756
-6794
-5082
-144
6901
-372
6480
7042
-7006
-1052
5049
9031
2576
3330
1804
-1574
3618
-9551
5915
-6097
-9570
-1536
-2499
4425
8848
-2528
597
-2208
-5650
-6246
-5706
3692
-5294
9084
6720
2879
6023
82
-6519
6614
-8722
-4287
-1067
6877
233
4232
4433
2271
-2134
7626
-9031
-9323
-9073
8600
3764
329
-2788
3580
1669
-6902
9578
8176
-308
-6470
6198
7715
9548
2156
4612
-50
293
8581
-3255
-5487
2024
-1643
-1990
-7438
-4299
-2326
8192
-5075
8849
-2687
-3155
-3367
-3880
6670
-5187
-8503
-1041
-9844
2360
1429
8978
7359
-4097
8642
9421
7082
-4600
7277
2905
-7675
-9040
-4715
-9561
-73
4280
-6858
6552
6453
-2097
-3025
-9351
5007
8023
3601
8989
8544
7001
1864
6324
5766
-9349
2658
2724
8783
9954
-5185
-2977
5873
8217
-748
-8083
1012
3842
-5915
5640
-3866
3646
6984
3735
5080
-7176
1498
-2815
2686
-2085
-2598
6106
-5647
-823
-5434
-1781
-1315
6779
2010
-1429
-9007
-7579
-9765
-6825
943
-1467
-96
-2604
-6772
3257
-5185
-5898
7994
5791
-5029
3909
-8069
5236
5532
-2172
-4251
-8725
9528
1107
-1112
-4406
8048
1895
8629
-585
7676
7959
9368
314
3721
3000
7382
-6749
15
3289
-2163
-9871
-4937
4374
-4941
-9969
3943
6520
2469
3069
5414
-3578
-6902
-7756
-9028
1267
8946
7028
-1243
-9228
-1912
-5684
3813
-1818
-7426
8222
-4075
-390
9012
50
-4778
7919
3193
-944
1568
5267
-7478
4974
9899
-4393
-826
-5103
3524
5761
-9181
-240
-2062
494
7710
9819
-9247
-4495
-2937
9975
-7762
-1477
4801
-8156
-5287
-5485
-8389
8766
9345
-8796
889
2334
4481
-1252
3088
-2052
6722
2628
1009
7254
1001
-7632
-5339
-3550
-2012
7530
-3040
-4966
6945
4254
6623
7043
828
-3565
7996
-1906
-5269
-974
-5455
2302
9450
7794
-594
-179
-3293
3740
-7819
919
4333
6719
1443
9461
-1150
6804
-6985
-6886
-9521
-1116
-1920
4482
7316
5606
-264
-9174
-9321
-3736
-2655
9231
1797
8424
-9194
-7575
9249
160
-5747
307
6771
5317
4134
-3821
-2365
5269
-4955
6211
3783
-4160
-1620
-4985
9459
-2209
-2447
-7058
5468
-9997
6468
-7634
-7010
5181
-1579
-489
-568
-3723
2274
-5111
-8832
-8969
1391
-9407
-2602
-4675
2828
2373
6016
-9425
-491
3259
8883
-7606
3186
6792
-2920
6134
-7983
-603
7730
3973
4411
-1559
3266
-2849
-6134
-4646
3418
-8937
4303
-3763
8353
2777
-5081
2340
2319
-2169
-9862
-8083
-5354
580
-9196
1254
7106
-7946
-1038
9339
-2063
-108
8291
9919
-4776
-6300
-9540
-7941
-7462
-3163
-7412
1301
5977
2533
-8388
-4222
5742
9039
7216
4202
-3682
-400
9787
-6797
-4685
-8099
-4493
-940
-5925
4161
5380
7734
-4853
-372
-6067
-5968
866
7013
5017
1854
7534
-3319
-764
-1580
4390
6949
-8756
-8677
8131
-602
6741
-9013
-8873
530
-4214
5282
-7066
-4338
7000
-1400
-3772
1316
6337
-245
-2823
-2848
-9497
-2455
-7497
447
-7955
-5783
9542
-7986
3427
-3486
2599
1107
-5827
-8350
4599
-5966
-4645
8017
-2426
1250
4802
2960
1879
-4810
-7541
7237
3999
-3746
-4853
-4942
-6611
-7255
-7234
-6858
-8081
-4724
1403
-6664
4255
-262
-5488
4383
-2467
8107
5946
1991
-9374
193
1595
-6295
2260
-8839
7546
2046
-8967
-1480
-227
9170
6452
427
-4829
4751
-6064
9152
7371
9901
-1957
-5118
-786
1800
-4054
-3054
4925
4380
-6987
2123
8271
-8281
8784
-3547
8749
-4380
-926
3160
-2205
4821
-125
363
5065
5013
4115
-2582
-6551
1516
8066
3097
4412
487
-6173
1787
-6566
7213
7010
-4784
7161
5672
-3554
-5303
-4954
-6797
5166
2811
8405
9945
-4298
1354
1437
9023
8153
3468
9292
-6255
4092
3071
-2930
-5688
8124
2014
1989
1665
-8470
-8576
1168
2006
9720
-8542
-6959
4732
761
3366
4978
4731
-4887
-1002
-6102
-6115
-9364
-2956
3592
3280
1868
-4594
3827
-3226
8417
7317
9592
-1172
-9423
8362
-2278
8040
6372
-2170
-3485
2957
5518
9606
-6921
-8232
6929
7938
-8409
281
-7787
-5213
6180
2445
-8913
3656
9574
-2529
2106
-6491
2611
-2270
8065
8416
1762
7946
3762
7449
-3163
4760
-7547
-6613
-8930
60
-1792
7932
-4005
-3329
-6801
-768
2438
3135
-969
9122
3430
-6078
8540
-9249
8727
-9632
-3861
-1917
4864
-2311
638
-1883
6908
1186
-1026
-830
-8913
-4231
3306
-4017
-9837
-9293
-4444
-6523
9790
5801
5869
9563
-4426
-9759
7525
5603
4300
-9263
-6111
5073
-2118
-735
6952
713
-2495
-4916
4344
-2892
1473
-1274
-9151
8992
8932
5145
6727
4832
-6797
-3134
-860
5984
-8494
-6960
-3336
9107
-3978
-6473
2343
-4764
2758
3162
-1909
-4647
1496
-364
3432
7013
-9013
-8193
7182
-4351
3839
-4605
-5140
-4833
9971
4246
-7280
710
7801
4609
-333
-2052
3891
-7179
9724
-1363
5582
-5322
6253
4560
2928
2930
4883
7826
-4628
-6387
-9774
-8129
-6601
7466
2313
2119
3720
2514
-4087
-2084
-9339
7642
7353
9529
478
-5762
-7060
-3712
-408
-6105
-3019
9460
-4594
3555
-3232
-5683
-7520
4717
2365
-5552
1255
-4902
9379
-2201
2282
-3040
-3758
-6580
3371
-1645
4024
6415
5823
-7740
2732
8654
9287
4192
-6655
-9310
8114
-7917
-1909
1208
-816
-211
3956
-209
-9135
2189
3218
9606
2225
740
2558
3443
-2079
-6516
8407
-7519
-7331
-1553
-4824
-1358
8529
9301
8681
-3240
508
-2589
-7109
4449
6789
3495
6731
1278
-7452
-1692
-3862
-287
-2042
-4213
6263
-4849
2347
9458
6235
1882
-4388
-1400
5425
-8853
-4387
-2934
6539
7990
5569
-1324
-7810
3259
6170
1741
-8795
-6488
-8235
8185
8754
4598
-9207
1956
-785
-7084
-7537
5438
-8165
-9736
-1499
8029
7644
-8332
2747
-6539
-7688
5217
4036
8885
-3740
-6716
-6613
9834
9572
503
8212
3139
-9672
-3630
-6546
5111
2544
-5359
-5796
5664
9194
-3655
-8825
-9177
2849
-7880
-7256
-6562
-6269
4577
6299
-6196
8210
3224
8431
5930
9297
-1180
-2140
-4142
2255
365
9146
-6471
3368
-1601
2448
4258
3869
3681
8604
-1312
-7444
-124
-1240
4775
1414
-1830
-3450
5290
-319
8491
232
2215
4338
395
-4437
2665
9128
9748
-4585
8052
7663
-6976
5733
-9590
444
665
-3208
6944
8107
8021
7840
-2804
4135
1919
-1988
7183
1232
6538
790
-2566
8208
4573
7373
-2183
-6018
6639
-2178
-6
1420
1784
1076
-5885
-7542
-3739
7319
2444
3764
-776
8391
-3349
3467
7940
-8180
-3052
5947
4845
-3181
1725
-4594
-8814
-1647
-1726
2684
314
9401
2241
-9526
115
3204
7374
-7818
5938
2318
-9565
5078
388
9105
-2333
-4216
-5020
1408
-8504
-2505
9120
-9270
-8936
-1664
-7353
-2901
-9539
5511
-7043
-8559
-2106
-3792
-686
-7023
-8732
-352
8145
-4718
-6372
-9747
9132
-2787
-7658
-2167
8545
-530
4014
-9403
771
-5340
-416
3937
3945
7251
-9833
7653
1762
178
8507
-9153
7625
4022
-167
-2517
189
2492
426
-9599
-1937
-6203
-2587
-7626
-650
9971
-4393
-328
-6995
933
-1195
4570
8446
6757
-8509
-3850
1621
7319
4434
-3602
-3570
8970
-5440
-2276
-862
9593
6748
7944
975
-6399
8962
9566
-5432
-58
766
8252
7811
-4327
-8848
-9146
-3891
-7024
-383
5974
-329
805
-9737
-349
1557
-6632
-3438
-5402
2365
6667
8896
-205
4187
-2460
-8264
9823
1915
-1905
6554
-9819
2131
1782
-7927
6031
-1421
5040
-4158
1463
-1613
9919
9969
-3995
-7901
906
70
8070
-4045
501
3344
9861
2251
3454
-4551
5978
3975
225
8820
-7054
-1479
5295
5042
673
-6376
4904
6770
-7469
1760
-640
4915
-3663
-9407
9359
-8715
5540
2565
-9385
-2778
9095
9469
-8378
-2657
3780
-5824
-8791
-6242
-9155
1172
-2671
-4973
-7068
-7450
592
-5727
6166
-7107
7711
-7018
358
-3791
3263
-343
-9070
416
458
2566
-9171
4757
163
-9294
-9921
9565
4218
-2810
-8265
3978
3606
3394
3793
1295
5603
-6074
1922
8653
1619
-4383
9900
61
-2999
-4330
-1875
1916
2606
407
119
-3684
4910
274
-963
1418
-2089
2685
8630
7303
5287
5757
8374
706
-2317
1118
-1150
-9897
-2753
-4303
-1390
3535
5749
5119
-2119
618
-5720
9661
4300
6051
-106
260
5348
-610
6463
1995
-7022
2041
2336
6768
2700
-6688
-5117
9655
2516
790
1347
425
7206
6716
-132
-7725
-946
-458
9458
6222
8646
8723
9760
-4422
1195
251
-5958
9206
4552
-160
-543
2567
5502
-4417
-4647
3742
-3296
9734
1862
-8312
-6363
-5534
-5148
3182
6700
5454
2530
-5851
-563
8957
-4274
-3109
7726
-8724
6320
1781
3960
624
7039
-6722
-7520
6666
-5055
6191
7849
9994
6970
-5270
-1270
9370
-7322
5642
3438
6010
2409
2267
-7985
-399
-3359
-3444
5066
-8748
-7760
5398
920
9880
-5544
3916
8259
9805
1909
-4950
-1123
8789
9825
5843
9545
-6023
-9674
1422
-9519
-9141
3713
7191
6163
-4955
3713
4494
-4476
8405
-6729
-7542
-7730
-2158
8854
9493
1480
2910
9361
5921
1148
7235
6184
7086
-9498
-1178
1450
6663
-7873
-9459
-2460
-7730
-9911
8030
197
7865
5988
-4463
9096
-8605
-507
-8425
-5331
5563
9461
8270
-3217
-4546
8705
-7017
-4483
-9526
3111
-183
-1857
-659
8562
4047
8635
5474
-6741
-2535
-6220
5675
-9649
-4504
9998
-7213
-8386
-8166
-1416
-4841
-7720
4717
-8334
-4407
3805
5151
1283
-8423
-359
-4123
-9558
-502
466
-6809
-8196
-8115
9326
-3281
-152
112
3310
5048
-1622
-9263
760
9730
6252
8949
7552
-7116
7218
-386
-9179
7431
-5218
-1907
-5820
-8564
-2745
1345
699
-4871
7584
-778
2603
35
5297
8961
6192
2989
-7424
-8317
-7453
3765
6066
-6597
9652
-3876
-2859
-4457
3671
-9627
2687
4969
3906
-8369
4025
-4339
2420
6653
4371
205
7992
-7482
-4062
4864
7489
4054
-597
-7161
-6083
-3391
-6288
-9077
9737
4294
8074
-6329
9462
-2014
-6183
-641
-5598
-8731
-2089
4876
5749
-9475
5573
4282
2188
7618
-8737
5727
-6418
8433
1047
-9546
9739
-2254
3423
6005
3218
3036
-6581
1016
5456
5554
-5776
-8641
4351
-337
4646
4551
-9497
9875
4582
-1391
-9497
6774
7204
-3587
3162
-3238
-8400
2539
-3419
5637
-9471
4053
2198
7703
2271
-2292
2742
4665
-3519
5621
6462
5900
-6131
-7864
8286
-3212
1865
-1241
-9346
-5653
-4350
2327
1800
-2306
2713
-9089
-7903
-9773
962
-6497
-5224
-1500
5936
6510
9935
9884
-7637
-2960
-6183
-7658
-4352
2322
-4669
6896
968
2390
4840
5292
-2579
-8543
7504
-7222
-3143
7414
-6203
-3827
-8879
5086
-9716
-2737
6521
-9364
3677
4511
-1003
-9757
-3989
7925
941
6506
-5625
-100
-8067
1238
-776
-6256
-731
-7751
7227
174
-3518
6271
-5358
8419
-5701
9256
8529
-6
3346
9802
-8877
-4914
-1331
-2821
2516
-6422
2884
-7937
144
6394
7645
-1352
-2813
5980
7834
7134
5208
-6443
18
-1609
-3054
-8619
339
-989
2408
-9018
6533
-1122
-8350
3257
1679
-2054
-1157
-2355
-3854
4353
-6277
-1422
5813
-6994
1786
2782
2892
-6672
-4852
8550
-7900
-6298
-1021
5888
7225
-519
-7761
2585
8898
-7341
7917
9666
-8143
3756
4902
-10
3026
5086
2601
778
-4400
-7818
-9061
687
1793
-8495
-4584
274
-7255
-2952
-8749
7400
-1956
-4273
-7552
-4350
501
-98
-3252
8912
-7101
6773
6049
9925
-4563
1406
-166
-3780
-6002
-6927
1292
-5548
6433
-3230
6137
-2073
-7921
2898
529
-8555
-7388
543
-572
8038
-1308
3951
-6989
3811
8135
-5751
-9327
-6366
-2463
1309
-2238
1272
-5491
216
2418
9700
-9255
-777
7841
8967
4122
-9696
7125
7405
1150
2478
1636
6598
-5263
-7953
-116
-4939
9952
4956
-739
7879
-750
6248
7784
4724
-3685
6327
-7977
9433
-6161
3069
3978
-3642
8972
504
-6322
-5940
8446
876
9168
3963
3948
-9445
2029
-2479
-676
-798
-7002
2134
8650
892
-6389
7650
-1653
-8982
9629
-976
-5788
-8095
5450
-2369
3524
9798
-8530
-1172
-6308
-7768
-9778
-4233
-2166
-9975
-1374
6248
-7937
-7728
-8595
9090
-9454
-6901
-9438
-4894
-820
2480
6401
-8498
2267
4078
-156
-476
-5203
2735
-736
-7129
2799
-9294
-9894
5481
3609
-8081
-5559
-5805
3284
-4439
210
-7576
-7796
6805
7511
-5823
-8561
6207
-2501
579
3758
2326
-6941
5418
844
-144
-624
7608
-6996
-271
3204
-2284
-4600
-3853
133
4943
-9203
-4648
7778
7631
-8960
1208
7481
-4094
-6693
-4476
-9533
5027
4772
4286
-9636
-9175
-3810
7122
579
-7401
1357
5468
-4364
-8846
-4672
4378
-4181
9216
480
7568
-9485
323
-3732
1398
-5493
7116
-9438
-5608
-7053
8830
-2051
6701
-7097
-2631
-6784
-2305
1350
1893
-9406
8598
6286
8551
7094
7027
-9496
-7179
-5328
2930
-3762
-7927
-3167
2184
-9522
-7357
-4840
-3470
5910
5949
-3408
8916
-6821
6363
-9721
-9476
-10
4951
3707
-8019
-8139
-4321
-3739
5946
1824
7483
5409
829
-3577
3584
4427
4018
5165
4672
9353
9461
-9007
908
1971
-5128
-9663
-8051
-1747
-5274
4078
-7825
6114
-4844
9447
-4477
6187
119
7830
-1884
1459
-962
-796
-898
2737
6237
4717
9659
-2449
8927
-6237
-8189
6121
-1470
-8086
9780
-7391
-8363
9485
-4063
4778
4307
6428
-6052
659
4976
-2599
-2799
8658
3777
4618
6568
1931
571
-5652
675
-1802
3550
9144
-8983
4355
2651
3897
-7687
5580
4258
7853
-3827
-4666
4836
1160
7679
-9787
-1096
-1439
-4227
-391
3518
-1155
-7262
-9959
2789
-2640
-38
2206
-4874
1953
-3083
9346
-3735
-3040
7628
3205
4859
528
1049
-2141
-2139
-5819
467
-9233
-4052
3598
-5529
-2558
2228
3549
-6433
6185
-5807
-3866
-7381
8594
-2919
-7968
-274
3546
5555
6940
-4667
212
2037
-9827
4296
695
-6877
-7036
-1000
-5118
8640
5002
-3839
-5171
-7024
-6337
8295
2651
4896
-3456
-3806
-4638
-1673
7774
29
2868
-9786
8463
-3800
5674
2709
2212
6277
5016
-593
-1467
3505
3856
-8944
-2818
-534
7625
-8212
-2601
297
-8927
5806
5110
-626
-7237
547
-6739
820
6193
8062
9027
6201
8241
9115
-4633
327
7239
-4357
-1339
-2137
3758
7606
-294
-5478
-9759
3041
4963
-5644
-3562
-9198
7715
-8895
8651
-5700
-329
-1604
-7919
-6191
-6993
8193
-4531
-7119
-1315
7035
-9377
-4517
-7088
-5264
6925
-4464
8552
-1125
5837
-8325
-753
4847
-9801
6917
-207
-4171
-1245
2585
-3525
9542
3763
-8369
-1192
-6700
7874
4417
2530
8308
2713
7283
-9881
-953
4261
-8663
-5009
-4973
4409
-3078
380
569
7055
-7908
948
875
3428
-1962
3437
-9123
-6041
6185
3401
-7532
718
-536
1513
3297
-8311
-6640
-3605
6675
-7389
4085
-1426
7688
9607
-1901
-9522
-1604
3948
9795
-3701
-7122
601
-7535
2609
1193
-1628
8752
-7940
-3427
-9694
7966
3489
6508
6370
-6817
8336
-2731
9189
-9984
-9014
-877
-8204
9620
2444
-9023
5070
112
-2597
6879
3727
2165
-3656
5258
4896
4524
-5471
115
7174
2867
8171
-6594
9979
-4873
-8793
-6759
5298
-6742
-2972
7749
411
-3304
-870
3408
-637
8792
5534
-6388
1153
-8432
-7508
-265
4240
-2648
-3515
9381
2544
1447
2105
9808
-8093
6491
-6629
-6962
3641
-3834
-816
4274
1942
-1246
7070
3450
1095
-4679
6391
2167
-5742
5725
-2197
1002
7892
-4315
7306
-7964
9363
-9098
-4024
-4925
-6757
-5849
4520
-8995
8433
5587
-2400
-6060
5201
-9301
5008
-6684
2672
-9530
9171
8715
1833
-6174
-7601
5422
8703
-4174
-5237
-7574
-4642
9126
-8068
3369
-6333
-4227
2761
-4187
-4109
3585
9474
3990
8959
-1797
-9893
-6744
-3765
-7734
1232
4230
6559
-1417
-4867
7144
-7662
4213
-3394
1894
-3450
-8915
-1504
-6758
-9531
-6157
9021
-3249
5257
4972
4432
3000
-2587
8334
84
-9262
4581
4103
1800
-9014
8692
7903
-9475
-9913
2548
5510
-6375
-7340
7809
6744
-347
1670
-7125
-4918
1584
2340
-7967
-462
9143
3
2421
9699
-2772
1106
8888
6301
-3960
-7978
1240
2784
-8167
3241
3634
-7432
6693
3662
-8247
-5900
7952
5351
-3375
-5449
3508
-4339
-1615
-1612
1729
3342
5294
6580
1932
4002
4981
-5585
-6199
5485
3390
8492
-9847
-8264
-7036
3165
-3112
-2127
6313
8489
7022
6990
2023
-3934
4033
-1472
7453
-2796
3005
-4389
3212
-7706
1139
1263
9554
4391
-5025
-2283
4582
-826
-7412
-4288
-9431
2486
-4889
7762
-3071
4251
-350
-1982
6139
8978
-3009
1553
-8363
927
6135
4867
-348
-7545
-8831
-1059
2079
-8780
5271
9571
-8179
3092
1309
-5064
8377
-860
-180
2826
3415
7179
-8444
2743
-3158
5421
9218
-3898
-8353
-530
7725
-6640
1897
-2986
9981
-2541
-4083
6106
3162
4713
3910
-9175
-1458
6646
8413
-2226
-4972
-700
6582
3212
-8205
-1327
3240
6840
-9994
-3049
1218
-2070
82
-493
7818
5380
-3397
4777
6993
9918
6912
6763
4803
4600
3112
2819
-3809
-5854
1687
-618
5695
-2879
-4917
2064
7739
750
820
7715
-9992
-321
-2123
-5068
3880
-2700
-2449
-514
-1424
-573
-6749
-5798
8753
5735
7284
4120
-5327
9125
5796
-5012
-4356
3915
5751
-2662
551
7878
-8982
-7096
-796
-8925
2294
-3197
-1388
-3393
-2582
-5937
2881
1195
-8589
-2627
387
1282
101
5967
-6040
-9500
-3517
-2840
-5438
-8147
4400
1976
-4225
7472
-6564
5291
1402
-579
-651
7000
-7548
9065
1344
4110
7032
6092
-1872
9405
5955
-4031
6985
-9029
-5565
7110
-1313
-1223
3274
6991
-6831
5338
-4159
-6457
4762
2979
-2668
-1859
-7150
1090
-9631
7453
5822
-6847
5583
-8215
1189
-1886
-8811
-7992
7389
9783
3835
-6296
5858
-3689
4602
7268
-6536
500
-8940
-2138
4294
3962
-530
-244
-8101
8992
-7401
-2715
3773
-207
-5547
6160
-4122
2604
-5944
6759
2987
6567
-7609
9133
-4828
-9343
-6031
9559
-6004
-5160
9756
2888
4851
1801
-4222
-7714
5220
-4220
-832
7958
2520
7001
1977
-1412
4966
-5533
-3474
-3045
4027
3261
-5912
-5865
-8555
-1559
7351
563
1470
6452
6923
773
8144
-2025
8070
7082
-7124
4878
7500
1839
-4843
9696
-6132
7783
5374
-3374
3230
730
-7949
6450
9464
1441
5632
-6405
-2027
-7660
-5232
-6717
3232
-3345
-1709
-4115
1003
-2726
-7847
1800
-257
-5677
-6808
-9239
-5976
4149
-4389
-2318
8117
5534
6709
-4912
6087
8120
-4497
-7485
1373
-5740
-3016
-829
-7246
5379
6164
-6072
4325
864
-197
6520
6789
7128
4620
1944
-3650
-6876
297
2927
-4982
-4118
8965
-6875
-5314
3233
-8878
-1255
5546
-2362
6367
-1990
-799
9216
-8392
-9533
7593
3093
-4663
4000
6183
-4095
4531
3576
-7821
-5982
-8134
9902
-4587
2288
8030
5466
-1150
-9286
2347
-6240
8002
7380
6331
-6752
9984
3021
-3591
6211
-5635
-4804
-1334
-3920
8513
-8965
998
7452
-1949
1870
-7411
237
4273
48
7906
-6345
120
-5807
7467
-7445
-6922
5302
-9760
-4178
8925
-4649
-76
-8699
-4328
6903
9236
-2232
-4512
-1600
-8720
-8056
-7733
-1346
-9163
778
-9970
-3989
-4151
1563
-9274
415
-546
903
-5818
6289
5701
-3578
5740
6063
-9165
-9758
-2470
-9036
3362
-8531
-8383
-5038
-9113
-4272
-9286
-5035
909
5751
-62
3001
8873
9574
-3825
-357
-1309
-8210
-9279
5465
-5953
7627
3805
-9147
-9197
7259
-8481
-3046
-8435
7392
6487
983
4962
1184
-9544
2270
-1614
-4396
5784
-9548
-9159
-5116
7933
5162
3747
362
-9391
6474
477
-8165
6738
-9136
-5802
-6504
-702
-1369
-6325
-4856
-4482
1688
8268
1644
-3914
-795
-1865
6785
4461
4772
-1057
-1815
-7799
1799
9525
1096
-2664
2715
7583
-6033
-955
-4847
7655
7795
-261
1797
-4353
270
7739
-2903
-3362
-3875
-7023
3064
-1470
-967
-9896
1914
-1187
7835
2204
-9173
-1335
92
-7726
7131
5882
-5458
2038
-9522
-6303
4974
2745
9616
4682
-9804
1287
-804
-313
1941
9553
-6131
6276
-2913
-5039
-4574
2361
7364
1660
2716
6109
-468
-7629
-7125
1362
4040
6169
6841
-6630
-8894
-3658
-4042
-4367
4191
-1603
2141
-9820
-1291
212
-8191
8955
-4352
5693
2234
-5457
6646
-179
-4368
-9084
-7411
5147
-8442
6927
8259
-5217
5130
-910
-7636
-1663
6045
3407
5018
7228
-6395
1578
2344
5370
-5153
8995
4839
9155
-8720
-5656
9795
1298
9873
8820
7257
-3020
9849
5614
8465
7197
-6068
3091
3872
1730
-415
-829
-496
4771
2784
-4172
2195
5855
7471
-6687
-3176
8777
-1759
6011
-6576
-7923
7234
-2552
7906
-450
-9085
8195
-1919
-8521
7390
1572
8133
-6146
2405
-8018
7060
225
1452
-6996
-8088
5541
2415
-3622
5796
-4006
585
-5754
-9941
3996
2804
-4467
6026
7906
9566
-7710
-8881
-2424
807
5878
-2756
-8648
9764
-1827
590
-2969
2903
8200
-9129
1996
7327
-2680
2475
3445
9901
-5929
-4112
84
-2604
296
2317
-7116
-8208
1380
-8422
40
6978
3932
-6615
655
6679
8632
904
5391
-1636
-3785
4785
5829
-863
2825
671
-1125
1982
-6310
-4806
-1224
-2407
3415
1538
-3433
-4030
-1070
3306
-832
8803
-8130
-4436
-5886
9049
-2563
240
-2526
-1656
2741
-9292
-6545
-7275
-9555
-3424
11
-2415
7632
6333
595
-981
8933
2805
-3989
5069
-2769
-5562
9339
2061
4717
7899
2076
7115
899
-8142
-4723
3444
-136
-4149
4428
8865
-8522
-3924
-8614
-8291
9755
-3948
-3827
-2946
-2531
2688
-4980
-728
4890
-8689
-4006
-1512
-6185
-2448
-5786
-6534
-1027
1657
-7645
-1129
-2316
-9989
-6747
1455
-7630
1582
-1812
7082
-3362
8155
563
398
5453
-2121
-1600
6960
70
-7450
-8528
-7897
2841
-3947
6554
-1069
8154
708
-7563
7283
9360
-7759
4545
6067
-4596
8563
-9084
-4026
8179
-8311
-5798
-4201
-3484
-3394
3528
-8572
6259
5912
1592
-5613
-1518
-3989
-730
3167
-4929
-8540
8622
4637
1951
7355
2396
1211
5477
-216
3024
-284
6989
9456
2146
-6484
4512
7440
5933
5040
-191
7534
-5744
-7194
-8816
5797
4506
-4273
-4939
4770
-3694
8598
-6736
6947
-2308
-127
-3083
-1028
7260
6737
-2609
-9559
-6319
9293
-4820
-1956
3946
-5827
-9417
7919
-5785
-296
-6462
3753
-3322
8663
3636
2784
-7677
8153
3665
5493
5212
-3386
-9635
-2370
2080
-4439
5552
-9818
3429
8100
8857
9685
-6991
-8610
-9311
262
5259
-3829
-8062
8003
-1008
7573
-6478
559
471
7039
-3896
5903
7787
6089
182
-656
6840
4903
8793
-4767
7412
3643
7052
364
5601
-783
7605
-6645
-9041
-5368
274
-2821
-3964
-1527
-2100
7829
-6438
-6319
-7140
-3325
-1492
7194
6564
-6833
-2898
2831
7543
1220
908
4037
6319
7416
32
-8873
6529
5613
-8540
-9612
5229
-2917
-7235
475
8092
-264
-5459
-5469
-3502
-36
-1911
5827
9399
-1663
-7820
3099
7862
-8287
-9505
-3828
7232
-1292
-1636
4283
1163
6160
-7602
-5006
-5367
-1643
-8840
7325
9653
-9923
1683
9464
-9743
-2700
-9445
-5636
-6244
-3662
-6386
-3286
-5967
-5273
4973
-3541
1788
2686
-5569
-2343
9816
328
-9694
-3092
9421
8884
-4543
-4246
8844
-4617
-726
1360
4886
-930
5653
4288
-9456
-2416
7256
8238
-6593
-9022
-8065
-7961
-6700
-8372
4012
4691
4010
-6800
-3859
6665
8413
-172
-2581
314
-7267
2916
9123
-2582
-9914
4274
-8891
-8413
-4966
6232
555
9648
1132
9992
4579
-5061
-1814
-7817
-5860
3604
-756
9842
997
-7755
4064
-269
4542
-4836
372
-9298
-9676
8474
-6029
-5051
-2517
3712
3007
-4266
-8958
-8948
-8719
-277
7782
60
9208
-3222
8286
-2123
-3670
-2823
-2013
-5004
6167
-7201
1313
-6771
-5708
4129
8446
-8831
-954
-9977
-6124
-8167
8410
-3827
-8897
7886
4399
1359
919
3650
-4298
7850
5920
-3656
-5768
403
5509
9245
4486
-2049
4860
8530
1499
5121
2479
7231
3669
950
-8430
9629
4932
4068
-6424
-4677
8260
1093
-8114
-7933
4444
2386
-9203
7394
9551
342
-7808
-7663
-6931
-1526
-1963
2882
1252
5657
-4376
9289
4122
-2873
-2976
3085
2111
3020
9996
-2513
8283
4836
614
9562
-7144
-8380
6015
-4582
1585
1101
288
-8771
3825
8724
-6549
798
-8217
2608
9608
1339
4368
8185
1600
6603
6177
-4242
8989
-5819
3931
4897
-2724
-2897
7570
1389
-7440
7669
-6762
4801
3373
7296
-3778
8313
9642
8602
-7795
-5950
-6600
-2210
2026
-4797
-4782
-2165
-2318
9238
-7604
4430
-1668
-1275
708
8182
-6998
-4375
-8547
5054
2032
9445
-2040
4732
-9836
1474
2827
5201
7431
6005
3927
-2928
-6948
-6434
-5975
-1717
-9349
2418
-2566
7648
-4156
7235
-9109
-9826
1418
-2847
-9461
7793
2825
-6420
-2307
1511
6720
7923
5033
-7594
4477
-4331
2497
8693
3899
-4756
-6544
6158
-5
-2362
6881
-5920
-9602
5525
2358
9906
-5830
-5327
7087
-4112
1171
5499
-488
-6885
1610
-3734
7019
-8983
4273
8206
7417
2515
1773
2276
-8707
-9653
4840
6975
5038
-4830
-8520
-4327
2429
-2388
-3831
2613
7695
-8175
-8595
8231
-27
1240
-894
-2960
2278
7030
3862
-3838
8197
1550
-2675
2040
-1307
3920
8070
1541
-3942
-583
-8356
-5865
8279
2925
-233
-9423
-8873
248
8329
-7512
1153
-3001
2324
-7430
-7060
-2763
5178
-5982
-8025
4800
206
8709
-4789
2408
3089
-7216
3203
-7325
6604
-8450
7148
-2092
6791
425
5151
-7174
-5441
1774
-8832
-458
6915
-9904
9721
-5453
-4684
-2869
6744
473
-1281
8909
1362
-658
4782
-203
-8019
-7030
-3538
912
4483
-4295
-6492
8634
-7612
396
-5216
3640
-2273
-2601
-2573
4497
6523
6419
-7194
-7766
520
-8187
-2386
-8942
-8200
9381
2920
-7816
-4604
-7457
2013
-6462
3450
-8469
-2717
-6671
-8693
2151
8946
7248
-2330
-8646
-8945
7150
5139
5568
-3399
-8821
-5744
2835
2354
-8750
1782
8772
-1336
-1407
-8350
-7174
3896
-8074
-3905
-5981
-2369
-8278
-1664
2926
-1068
873
-7712
-4013
1082
1054
-9116
-4481
8292
-9243
8976
-2524
-3758
-4663
-9581
4404
8400
5552
8514
643
8975
-1082
4421
-20
4210
787
-5927
-3407
7154
-6213
-5956
-6347
-7827
9681
7074
-7175
-9110
6797
1155
-5589
5048
5228
8783
3100
-5918
3889
-5287
-9972
9453
-5360
2858
-3148
-4369
-7949
7062
1665
-1269
-9235
2093
8778
-7459
4749
455
7009
-2014
5045
-590
-8986
9798
6750
9154
-4208
-1212
8318
-5455
-1086
7047
-4991
-540
2239
-3581
-3988
4583
-277
3856
-457
9374
-9014
6578
9542
-8149
5971
-1972
-6994
4399
-3910
-3289
-5593
-8510
9034
-8213
-2977
-4385
875
849
5307
-5068
-5118
3540
-7809
7438
-6124
-8137
3500
7282
1032
2906
2325
-9572
-7351
399
-1549
-6872
507
4107
-2415
-5716
2150
-5455
581
-9439
-6736
9271
3689
-4890
6976
-1960
6673
7470
-7716
-6032
-8599
6960
-4709
862
-5116
-2597
6403
-2070
-9171
-255
8845
-9448
7823
-3791
8853
-2224
-5953
584
-1289
3575
6542
4359
574
1940
-3129
4740
8685
-2575
8048
8633
-5864
2795
-7006
-9882
5548
3515
-8642
1509
646
801
-6410
-6472
-7079
-9307
5345
-7962
7110
-7914
2834
-1718
-7514
4337
2585
-5872
152
-2277
-8871
6664
-6378
-5556
-9336
-8403
-6386
4614
7410
4871
-6461
6630
-8047
2238
-1142
3947
-8314
4389
-1966
-4510
-2489
4087
844
-1030
539
8780
-2474
-8701
4044
-939
-5048
3935
5288
-2752
4528
-882
7990
-2885
-4140
2353
4796
2448
-5905
362
-1561
3290
-8107
-9002
4490
-2877
-1410
3334
5751
-9142
1979
7653
-7856
-4543
9289
-5244
1044
573
9089
1648
9334
-8214
5372
-472
-3277
-4291
2564
-1297
9621
-1489
-2558
8470
-6216
-9992
7135
5036
6897
3272
2828
-9540
4928
5815
-7424
7109
-7333
7317
7881
-4286
8212
6071
-9228
8181
-9158
-998
-7136
3615
9504
-6013
-6070
2985
-5382
-2261
6580
1974
9120
3522
-6253
2199
-3704
-2144
-6514
1352
7662
3863
8918
8744
278
-9023
-5735
-2623
6278
-9814
50
-5409
6908
-9930
-9736
-8995
7255
-1626
-1585
-6759
667
-5366
214
7542
-402
-4037
-8853
7122
-1903
-7398
-1429
6556
-4338
-2843
6899
6348
8546
9821
8677
-6662
-236
3500
760
-6663
6197
3371
3184
-1836
-9791
5660
-4071
-3531
-3359
3017
3392
9415
-1788
7388
3107
2300
-9309
-4038
5698
6276
-3992
-8782
-9655
-359
9487
-8013
1804
-6528
-8821
4354
-1969
7889
153
6462
5989
-7946
962
-413
9671
-2075
8580
-283
-9215
2786
5268
1760
-62
-2806
9443
-241
3992
-5993
2790
5543
4066
-3828
424
-277
895
-3796
808
4401
3225
-2995
-6929
1352
-9570
-2259
7694
7705
4118
-3807
4501
2566
7623
8778
7636
-5013
8727
-1615
-2778
3604
-2437
-5444
9187
9531
-730
-7773
7210
-9391
-8885
4574
1287
5469
-7496
3033
-6583
1330
8111
368
-9217
-2164
-3238
-9042
5769
2315
2941
-7563
1293
-9599
-6587
-1816
5472
7876
-9219
8511
8189
-3677
-7711
816
7132
8855
1701
8263
-3888
5194
7219
9068
-9291
-4727
-1512
-2822
6198
-5760
1838
-9251
1803
4445
7079
-396
4584
7227
5323
8261
2691
-4121
-3923
-955
-7748
748
5728
6974
9844
1940
3014
-1764
7774
-279
3690
3884
-4044
1917
-4959
-8616
4482
-1780
-1984
-198
9267
-1308
9649
6719
2905
-7299
3647
5813
9850
-3445
8222
-5978
3862
7543
-604
-649
3712
9030
1910
-9829
6359
58
-5340
-8244
5507
-173
-5846
3967
5822
7188
-4731
-888
-1000
-1754
729
-1167
5810
-7112
-3440
-6783
-7979
9699
-7951
9259
-3307
8665
2128
-499
-4478
5998
3310
7998
-2103
-5490
5535
8218
2952
732
3395
4141
-8635
4789
-5827
-5786
-9429
-6333
-2004
4529
3691
135
-9106
133
-6804
-4364
-5727
-9490
8705
-80
-6340
-7185
5464
4598
5848
-2723
-3881
-6060
-8232
-5375
5713
-9342
-7792
-9842
6793
8387
-2991
5352
811
-3102
-7939
-23
7864
6205
-6589
-7583
925
8855
-2045
-9477
1041
-9893
-5797
-3532
-3687
5060
-1394
8524
-6691
-9640
-9311
-8151
4798
-6343
2796
6592
4427
1433
-3619
-8124
7578
3507
4491
-4638
-7010
-2635
-6009
7100
1228
-2234
-9150
7967
-7525
7326
-8872
8
-5454
-7506
973
-2976
-5087
-7320
-5991
4693
3243
7011
8901
7591
9746
4359
-910
2747
-4619
4701
9832
-758
-5291
4076
-3681
786
7481
-7516
-746
-8173
-9431
3993
-699
-1408
6294
6917
-6068
2419
-4729
-7285
-2303
1874
-2671
117
-9204
8488
7432
4241
7834
-6726
8529
3416
4350
761
-8820
2745
4481
8296
8337
5973
-6361
3832
5984
-3104
276
4127
1692
7397
-102
-1285
3682
-8800
-7009
-4526
8615
-1699
-1476
-6595
6862
-4086
8128
4401
2194
-4459
-580
-9611
5439
-3006
-1481
2146
-6935
7691
266
-2
-9583
-2099
-6058
3849
2655
5914
1817
-1505
-2574
-9444
4022
6987
-8988
-3425
1330
-1054
-1663
-5022
-5341
-2273
7179
-2053
-9289
-4443
-4848
5852
4593
-6137
6898
4372
-2997
-3481
7882
-2665
1403
-5246
-5124
-8430
5264
21
-562
-8713
-3416
7051
1617
-1157
-6090
-7817
5680
4139
-2249
2742
192
493
7095
8110
-2459
-2723
-1789
-3735
8954
7246
6120
3230
5979
7979
7720
1749
-6136
2969
7950
15
4420
-2608
1495
-8109
4447
268
-766
-9477
4578
-6521
-9345
-605
6710
-1686
-1370
-2946
4300
651
-6700
-6304
-8871
9208
-1010
-7421
6739
-8615
-6314
-6811
8716
4035
-4373
-1098
-8944
3662
1259
-3909
45
-1159
-9192
-9990
-4111
-7228
3143
-5163
5197
-5120
5931
6577
-7589
-8529
-7197
3335
3397
-3507
-12
588
678
-536
-4287
-8652
-3248
8479
5874
-7024
6168
-1900
8993
2086
4957
-9016
-4237
-3140
-7636
-331
-5302
9774
76
-1799
-3194
4599
7095
-4470
4808
-5791
5215
7759
-2686
3474
-3164
-1645
-8658
8162
6143
-3798
-8398
9253
-9864
7065
5252
6184
-5690
-8032
8764
-655
5312
-8098
-7778
1608
-192
-9411
-3955
-2957
-8963
7225
8743
6047
-2907
-5751
8605
-8384
5173
-7252
1404
-7931
1862
-9555
9080
1958
7629
7581
9453
-6200
-1934
4427
8387
1143
-5643
215
-7317
229
-5798
5125
-3065
-4108
-5918
-8401
9598
-4825
9462
4790
2138
-8898
-3008
1475
9994
9271
-7808
9269
9329
-7909
-4637
7459
8572
-2905
-8088
-7271
-7102
2232
5955
6636
5245
2207
1907
-9765
-7634
-7581
1149
-7006
-9307
5427
7241
-9013
1298
-9761
2430
-1563
-7733
-7604
7378
7813
5911
8493
7781
90
-4957
-3858
-7522
8677
6494
-8715
4245
5875
-9964
-6976
-8647
-6013
6028
360
-9353
8432
-9836
-6489
7072
-23
-5838
7938
647
-3059
-6527
-8659
9888
-2963
-9047
-1064
9067
-4507
-6849
8762
-9224
8483
4488
-2464
-7990
8233
6439
-8401
-354
-1012
6729
-3660
165
5191
-2967
-7564
-7857
-3581
4036
-6303
5371
-1062
-4743
-1552
7376
9103
-969
-5885
1832
-8765
9762
-6178
6909
-1792
-6772
5046
-2892
-5957
-9877
422
-7329
-1846
9813
4420
2193
-4177
-8739
5461
-9725
-6423
8485
3675
-668
-9250
6044
-9437
-9731
-2635
2199
-3020
8743
-7449
-8376
3798
6393
-270
4298
-855
8416
-9757
-9304
-8649
-7079
-513
-8840
-7350
-1955
8309
4128
7862
-6841
538
-7295
6322
-3094
-8471
-3970
1945
-9186
9654
-4264
-342
388
-8434
-2885
2043
8891
2816
4011
6798
601
3739
-1521
-2605
6425
-3686
-3989
9878
-941
7637
-8586
3729
-6409
-9215
2091
3032
-6118
-5943
6871
-1407
7170
-905
-4482
-946
-3852
8851
7594
-7946
-5269
-5750
3732
-611
-6593
-135
2087
-566
2698
-4554
3468
-9112
-3392
5552
8882
-1950
3712
3650
6490
-8767
-2370
-6379
1421
-2759
3002
-8219
-671
-8901
5185
-4855
5622
5744
1190
3100
9631
764
3865
9011
1092
5279
-5656
-4481
5179
-3444
9833
-978
-2078
-9573
2891
95
-8865
-1193
-7324
-2896
9307
-9589
6188
1635
-3160
7791
2120
-2933
-2208
-1334
3861
7442
-7987
-8790
6867
5326
-8693
-4672
8441
-8944
917
-7334
3343
-9331
7352
4778
-2814
3970
-5041
719
2116
7093
5943
-6846
181
-3571
-2884
2585
-3611
3059
9495
6430
7015
7559
-848
1600
-8510
-9810
2331
-57
-514
-8771
-4678
5268
8961
3757
-334
8627
6712
4725
-1361
1350
-8788
6612
7810
-7666
5506
5057
8230
4431
-5825
7671
4992
-5077
-7259
8297
540
-6016
1526
-9657
-5106
6164
8131
-91
9256
-4745
-1079
1082
-6541
5737
2404
-5683
-624
7936
7639
9711
-1538
7522
-7775
8842
2038
6977
1469
1564
4851
-3853
-6965
7044
-509
2025
3900
-7376
-1063
-1962
9268
5779
-1041
1269
-5901
-8894
-1009
-6090
1255
2359
-8404
5526
-3815
1443
8603
1259
671
753
-5652
6391
997
4673
5701
-5675
4980
-9293
3775
3798
234
1641
-1391
-5160
-3189
4786
3414
-5816
-8763
442
9632
7288
4253
-2433
7739
-3762
2921
5529
2816
-6119
2845
9960
-1157
6480
-6233
2922
4098
4675
-3389
-6064
3352
9070
-5488
-4190
-9802
7434
-7266
-5206
9034
-4229
7133
-4618
-6705
-5664
-7591
-9634
-1242
-880
-4981
-9730
8431
-4831
6217
-723
-1714
-1501
2548
-1987
4744
2069
1156
-1941
1712
8310
-9379
9839
-3789
3775
607
-8116
4645
3895
9137
-7692
6020
-3666
-9937
-5633
3663
-9567
9390
-4210
-8789
-3590
-4232
9603
-1836
-959
-1341
2970
6340
3782
-4104
-3451
-5609
2255
-10000
-8316
9356
8546
-5493
1511
3133
380
5981
269
6410
4281
9135
-9843
7492
8158
-8954
9373
-1242
9048
6126
-361
-6984
-6329
8758
9920
6584
937
9977
-9800
7735
-8558
8786
4323
-6361
-8074
-2552
-2814
3731
-7692
7932
-3578
-6026
3245
-519
-2408
-609
-5309
8088
2172
2875
1691
-4594
2727
-4963
-6390
-9567
-1070
9975
7094
9599
-5678
4616
4983
-4544
4217
-2341
-4667
1200
2702
-6966
7546
-4629
403
6462
4143
8422
-6573
-400
2095
3304
-5045
-3772
2132
1117
7172
-3607
-9034
-6820
8377
-2935
6423
-6462
-925
1637
2666
9565
2360
-7025
1387
3310
-6491
6514
6144
5084
-9317
-1019
4678
-3155
-1340
-2297
1790
1318
4629
-9757
-2024
-8579
-2556
-1226
-3948
-9764
1527
2945
953
2924
-4117
-2538
7060
-7195
-113
4248
-1066
-218
5744
662
-1207
-8473
8236
-4770
-7588
6033
524
4769
-2455
9839
1716
4740
4326
765
9984
3807
634
4292
678
-4218
8132
-1448
9441
-461
-3743
-7363
-8268
921
2494
-6807
-1528
-6633
4895
4061
-9121
-6877
3997
-7272
5525
304
-2113
3325
8839
5232
-9798
-4361
9199
-8239
-9378
2397
-8540
1725
7330
-2300
5420
4508
9890
9328
-6374
734
-4868
-3740
7428
-8960
4461
-1559
-1100
9504
-1876
-543
5640
-4274
2787
-8371
-1058
4012
4082
-4907
9249
4317
8100
1547
8892
-3148
1781
-6737
9650
3794
4731
6737
8884
-6104
-3276
-9704
6944
9627
-2174
4066
9440
5638
3258
3170
8934
-6924
7598
-6801
122
-5395
-4451
-3830
-4408
3813
-9809
-9280
-2853
6304
1662
5223
5261
-6673
9975
-3083
-6882
8637
9303
8219
-9008
-1025
9477
-1514
4599
-4556
-7069
3796
-7818
6423
1182
-6391
-5330
-5970
-1652
-2287
-5396
-6496
6266
3916
-3909
-3145
7180
-2686
307
4979
24
672
-1971
9223
-9956
-2385
-5821
5036
2237
5414
8226
5261
-6477
-3862
-6244
-6043
-7772
9046
-2118
4262
-5967
9128
6766
-7477
5863
401
4716
-4366
-1777
-7792
-2449
885
-4356
-9677
7468
662
2429
2480
-7225
3738
-6587
6310
5677
5463
6126
2090
-502
-2337
3793
7643
-4458
4204
7371
3461
7126
-3781
8144
5503
2795
-3786
-4787
6058
-7043
5773
-3564
3733
-2021
4716
7520
1238
-9470
-9811
-3320
-9569
7252
7190
7152
-7481
2706
212
-6906
-3966
4201
-7813
5955
-8203
3406
-1397
504
-8970
-2938
8061
-7313
-3527
-4572
-5465
7454
5743
9626
2696
6274
3663
2667
3989
-3390
7442
-1353
6081
6677
9985
9085
2917
4657
-3336
-2921
-4617
8617
2551
9596
9428
7959
5655
9279
-4088
-5239
9047
-902
-5731
152
1310
2715
-9459
9720
7576
2351
5848
-8865
5426
-5071
7037
-2445
5196
-9074
6224
-9574
2041
7840
-202
-5877
-8686
-1732
-2547
5339
1961
6954
-4387
3373
7670
5907
8063
-873
-5020
9297
-2621
-394
4325
3225
-2119
-5854
-5233
-8034
2600
5923
8082
367
4235
-4421
3675
5516
-4744
6150
9440
-1185
2426
7166
-8251
-479
6070
9772
-5381
-9219
18
-88
-989
2122
-9043
-5384
8273
4983
-1626
-6615
6561
2823
-4592
3564
9025
2311
-889
-3400
5453
4082
-6301
-5122
7383
8690
9800
5843
5860
-4200
9018
-2842
1390
5734
-4394
227
1083
3068
7736
2346
-8954
7397
4805
-4333
-9380
6807
-2189
-1158
-3215
-5288
-1722
-7003
-3012
6543
8271
2382
5969
-4052
-5978
497
5475
-6474
-6689
-4435
-9344
7014
6679
-358
-61
-2921
-3264
-2462
873
1737
7655
9028
-1230
-405
-5236
-2657
7851
-5045
-5673
4173
-8644
-1336
2284
2759
498
1171
866
-8678
-2634
-6727
-4363
-5414
-930
-3482
-1595
766
6284
-5240
-247
94
-312
183
-9069
-4975
-4128
2994
7772
-1599
3345
-184
3365
-5043
-255
-628
-3085
-972
3249
9595
9589
-271
-3156
-309
-7904
-5195
-3524
1333
7074
-9598
-1569
359
9009
-5900
-7928
-5095
-7694
-7340
5317
5935
-3334
-8332
9732
1466
-2751
-4671
-6790
-6287
-4642
-908
-2323
-1780
9758
8106
-5240
-4263
-8043
1998
9008
8274
524
5509
3099
6503
8453
-2589
-3639
8318
-3071
2338
9508
-6792
1825
-5190
4293
-1847
-5466
-5734
3855
-8518
-8074
2834
-8314
-3626
-4780
-5432
-7225
8530
-3473
-8629
1142
-6211
3602
-7010
7934
-380
-4110
8475
-2101
3228
-3065
8578
1490
5267
6712
5717
6311
-8204
7187
-2208
-7415
-1105
-1198
-6297
8173
-7250
6012
-6580
-9910
-9213
-2386
-2578
6455
-3130
-1625
-6655
-2163
-6304
2764
8656
9518
9426
9747
6567
1536
-7584
9539
6306
2870
-1212
4810
5253
-6497
8630
4043
-7976
3248
1137
-6333
-157
4766
1222
3279
-4587
523
1117
-85
2726
6148
-83
-4475
-6290
-7795
-4609
9277
-8800
2870
801
1890
7137
2761
5195
-1360
7548
4863
-2046
-2778
9420
-9304
-9425
7098
3949
-7240
2554
-1075
-5569
2092
4397
-6489
5557
983
86
-1796
-2079
-7254
4066
2223
7617
-6265
-2311
1714
8659
-9339
-3710
-8584
1390
-3398
880
-5239
696
-2143
1630
-2601
8664
5541
-7388
5184
-3924
-8721
1449
584
5796
-6794
5169
-3372
9126
6679
6701
-7299
5107
-5140
-7413
-6614
-9926
-9524
8857
4385
4174
-6282
-2652
-808
4647
978
21
6522
4674
4771
8062
-2709
-7151
9913
-2776
5197
7621
2157
5579
-1930
-7560
-5572
-6879
7801
7980
-6859
-5469
2144
-5827
1048
2622
-2209
4222
-3525
-1197
9335
-6987
7709
9186
6870
3823
-321
8966
5905
-2013
-2488
-3252
-5243
-1872
-8342
-2359
-9603
8859
3614
267
-7749
8642
-2650
-9039
9306
4643
-1550
790
-6103
-598
6943
-8617
9328
-4381
3854
-5855
-6447
3250
6570
-2782
1314
8511
2009
-7157
7959
7178
-8384
2151
4702
-2004
5899
7697
89
6869
9419
4486
-8376
5948
5374
-8636
-8847
-1764
-5099
9304
5397
-1112
-6880
-6832
4187
-7414
-9307
-2303
4973
1943
-4270
-2196
2047
-3470
-2503
2571
2456
-8491
-4227
-6323
-7580
5111
9818
-2258
-9527
3864
4363
5065
-4144
57
-5436
5055
8447
-1697
-7390
-5161
3879
3926
-6492
-3319
-6721
-7231
-4968
-7087
-858
-5932
1829
-245
-3732
1746
4256
9580
-179
0
8322
-1740
1557
7010
-351
3311
-8183
3694
7141
5548
-8248
2980
1184
5979
9844
5477
2067
2261
3924
2797
2785
-6737
-8928
2756
5805
-3353
6892
7783
5252
2721
-5804
-9595
-8444
8990
-943
348
6956
-7475
7142
4955
-4815
8939
2208
5815
-8762
5428
7568
8185
-972
7759
-5917
1011
4017
-1362
9916
7908
1746
6528
9978
5434
-9412
4538
-8458
-6324
3407
7523
7092
7856
-8060
144
-3565
4436
9273
7896
-1073
-9140
-5197
4195
-8377
-1255
-1655
7470
-3192
-5508
-4907
-640
2595
-318
9987
709
2713
4319
1993
6616
-2913
-3427
2731
-9184
-6392
-5356
-5985
-2520
-8956
2885
3042
-8965
5087
2
-3891
-3299
-9766
-2866
6389
2818
1928
-5822
232
2098
-6510
-863
-6537
5147
-8063
-2174
7963
3199
-4244
-4009
-2152
-3792
5198
-1776
2101
7499
-5162
5543
-3090
1162
8403
-4581
687
3796
-8491
3846
5907
5424
3211
-6656
-9470
6408
-9849
1274
9691
-9985
-1422
-6100
4226
6623
9167
2298
3649
-3432
-6075
7592
-455
-4373
-2404
7154
7760
-2802
-3920
-4059
2220
1424
4120
-5846
-6788
-7402
-3970
-585
3877
-3002
7941
4249
2942
-2448
2190
-3994
-7888
8295
3808
4772
8409
-5575
172
4980
8831
-2531
3795
-6987
3963
3174
-7109
-5345
-9838
7705
-4374
-4507
-4480
6092
6291
8868
-14
3364
309
6832
-1703
8987
8496
277
-5558
-8379
-5809
-5726
3182
-8854
9704
7837
-8564
-2812
-5351
-9294
6317
-5701
-78
-8238
2260
196
4427
9420
279
238
5068
-4792
-3242
9945
5445
-3494
2367
-8972
3837
3508
-6039
2151
-292
667
-8243
3346
-937
8692
-2013
-1231
194
7331
9132
8801
6408
-942
-1845
-7646
-1539
-7530
-2017
-3142
9253
6453
942
4038
4085
-1340
-6181
-9223
86
-5946
8669
-6574
9149
-4278
-1845
-1030
-6272
-3561
-6906
1388
578
7543
4043
4988
-9787
3593
-1680
-6815
5044
-8087
-8850
-3151
-3259
6321
1631
8804
5002
6979
-3096
-7007
-1374
6525
-8093
7059
-793
-6583
1688
-8225
2824
5100
4688
9148
-6917
-7667
5512
5508
-6844
-9612
5785
1687
-3209
-4534
3670
-2251
-8373
-3018
65
-3742
2909
2481
-6736
-7092
-7747
286
-799
-9086
-7403
-4959
8315
5320
-7960
9691
2218
1831
5612
-9202
1086
9079
-8055
-7688
-5102
-7727
3731
-3099
8012
-2039
9909
-2331
3761
-6135
-4989
9447
9608
-1154
6841
-9798
623
9372
-7377
6077
-4145
9667
-7725
-2986
-2586
5759
8067
-5383
4249
1475
-9502
2614
170
2054
8482
-4466
5196
-2896
742
-8333
-5638
9926
4355
2484
9665
2102
-5274
2569
-7206
-5700
7137
-2889
-9049
-9485
9150
-4133
288
-4992
-7487
1267
-1844
-3320
1824
-8463
8665
-1626
1959
686
-3229
5846
-7654
3074
6677
-7476
-5840
-2322
-4452
3392
4483
-2878
-5437
1682
-7733
-8593
-9783
3081
-5149
315
-8453
5361
-7893
164
-2895
4677
-5585
3631
-9763
2525
-5584
-5421
5789
-3192
924
-9828
-2822
-4600
5135
-6153
-1726
-3142
6468
7064
8727
2838
6251
6428
7861
1159
