-3958
5152
-5081
6881
-7121
4846
-7110
3504
23
-1465
-8398
-6376
6846
4243
36
-6380
3405
-6079
-6133
9757
9521
8927
9004
866
-8700
67
2964
-2026
4796
-5620
-3062
-1351
9796
6541
8854
2271
7772
2475
4083
-1876
3259
2022
3301
-2956
-8457
-9984
8561
8582
9873
8363
9745
5507
6745
-5082
-9986
-373
-7875
273
-6848
4995
7810
-371
-2001
5089
6816
330
4203
6180
-7947
1096
-731
1758
-2956
-3266
-9669
-2507
1991
9726
117
-3289
567
8745
-5464
3164
-7558
9765
2953
-3685
-6289
6241
-9197
-279
9700
4800
-8009
-3270
-1925
-1043
6804
-4220
2545
9431
8047
-2158
5072
9797
-4119
1740
-3917
-5414
-2527
9941
978
1876
2733
-7834
-9524
-5356
8459
6920
-99
582
-2238
250
-2495
-8381
-337
6534
-2725
215
-8854
-5789
-6580
2736
3222
674
-4439
-5876
1746
-2403
-8391
774
71
-4575
-1857
2055
3307
-4719
-5230
414
7677
651
-3812
-6369
-6336
-7121
-8837
-1853
-2049
6276
-6697
840
-5132
5249
9696
9474
4015
-3935
4357
-7344
-148
-2483
5240
527
-1231
-2287
-5019
-6102
-2082
9235
-1803
-6973
-6493
7448
-6377
-2346
4521
7858
4507
-3242
9244
-3850
8100
-849
4281
-8072
-8789
-4237
1679
-6365
6364
450
4060
1802
-2477
-5861
-2155
-7975
-7236
-3009
2327
7233
6718
5572
-7114
7286
4792
-5815
2283
4610
-2398
7711
2063
5457
9960
1194
8069
-7345
-1202
1356
2960
8975
9057
4844
-6240
228
-5135
199
-1987
-6160
5534
-6556
4734
8703
-4238
2011
-5723
7317
3125
6537
-7399
6036
8717
5857
-888
-953
2912
-7529
6235
-1920
-6947
-2103
-5188
-1518
-3390
-3165
-4748
-112
-8807
-6166
6476
-2805
9997
-8873
-6593
9178
4923
4023
-5442
-849
-4445
-5631
5895
-2478
-9363
-6502
6939
4110
-6500
7164
-9773
2313
-1475
7686
9633
7132
451
-8825
4613
-1395
-8217
-7174
-7792
4730
-316
-1908
-547
8974
-4615
-8735
9239
5258
-5110
2923
5489
5383
-1236
-9041
6799
-2435
9946
7237
-9090
-9324
-2390
-710
-680
2050
-1157
5018
-7754
-5732
-8230
9044
9120
5343
7375
5588
-9989
55
7983
6765
-4083
3786
-492
-2518
380
-4093
-1377
-2266
1746
2574
491
-6942
-2485
5560
-4619
1210
5508
9496
244
4040
-733
-1995
-410
-2979
-6051
-8454
-7477
-3126
-8637
1050
5419
8272
2021
7833
6170
9442
5681
4807
857
-4792
-8859
-35
-3885
95
-5220
2972
-1526
6146
5606
-374
-92
6913
5535
8625
-7435
-2496
4132
-1256
-8176
9949
3472
-1306
-7598
-5064
-8289
-9549
-9200
3993
-3142
7679
3551
-5994
5847
84
4548
7082
-2410
8281
-5065
-4870
-2574
7212
-8341
3089
7663
-7387
645
-8701
-1115
6247
-6756
-4963
7699
-3872
-4398
6276
-7724
-737
1858
-2291
-7859
-9376
-1388
-2975
-33
-7077
-593
4907
-7761
-7634
-361
1270
-355
5124
5437
9622
1962
7679
-5901
5008
-445
1681
-557
1225
99
8822
-3132
4108
-8318
8737
3722
9460
2876
-3955
7506
-8947
6064
-8477
8155
-4143
-5269
-5960
-2362
498
8867
-4165
3784
-8737
5940
3447
-6077
3729
-3290
-5344
-1130
-7675
-4973
6320
-7600
-8299
7890
-6905
-5715
6955
-3154
-1553
208
8354
-7825
385
9658
-7668
9689
3204
455
-7973
-6799
737
-5696
9861
-7412
8829
-9877
-6284
-5211
2785
1820
-1553
7354
-1280
-4691
4644
4010
-263
-598
-4003
-215
7431
793
-4078
-3708
-7116
8616
8819
-5687
-7935
-6485
9743
5726
-5758
-3747
1480
822
4255
-2586
-2464
3119
3404
-8615
8978
-6494
-3244
-9846
5328
1589
673
5810
724
-9830
345
-8235
-2451
-5431
7593
6767
-168
4420
8158
1415
2334
-5823
-4472
9271
-7310
4953
4024
6968
-7162
-3806
1452
3530
-7496
-2541
5932
-43
-1324
8401
-9809
4576
6492
7864
-1578
-2823
6870
-2501
-9684
-8172
2991
346
9829
2483
8887
-5518
-2429
8889
5428
8384
4172
-5387
-1764
8598
728
9325
8238
-2800
5387
-9145
-8332
6312
9917
-3129
5109
-3750
-2317
-657
3213
-1561
3196
-312
-9848
-8765
-9583
2394
1005
8330
-8982
3356
4374
-7136
-1142
-3501
-8814
9060
53
7797
9107
5885
-9312
-2970
-7266
653
7490
-3256
-5378
1156
7819
9096
-5997
7269
-5571
1001
-1443
-9920
459
-8988
-6937
-6150
3405
-3311
6177
4212
1194
6168
-1340
-9719
5034
-3713
-55
2100
-7414
2683
3154
522
8120
-7391
-8277
3172
5052
8511
-5123
5221
-3288
9466
-3399
-4735
-2390
-8537
9698
-3656
-2104
-7317
3296
938
8859
-5000
9435
1030
-8921
6591
3716
-3814
-3462
-1688
-5996
7358
-325
7234
-743
-8909
-9232
-9988
7414
-3261
2712
-7960
8110
-272
7567
-8394
4764
748
-8939
3589
2982
9355
-9227
2416
323
-266
8994
947
4066
7359
7747
-1116
4098
9700
8112
-2690
-3260
9927
5154
-5236
9372
4132
-8906
7029
7769
2882
2000
1308
-5586
698
948
3011
5572
4986
-6426
-8157
-6957
-2432
-5672
-3114
986
-9788
-4586
2031
8632
-1120
7650
9234
5732
4239
5652
-4781
-6083
149
-297
-6187
4229
-1610
-2163
-2638
-3987
-1565
8544
-9139
4181
-9171
-2776
-291
-6422
-6546
-1641
4328
-3204
2767
-4201
-1729
5918
1648
-1895
4220
-4179
-9689
-6418
4696
452
5244
-2315
8217
-1236
-8998
9877
280
933
-3757
-916
-6340
-7569
296
511
-5304
-9548
-7771
8607
-8821
1170
1567
8806
1738
9438
-486
6798
3987
-7466
4687
9593
2525
-7767
-5461
-369
2184
1688
-7401
-2229
-2707
8470
-896
-9199
3189
5987
9253
5189
-8507
-6230
-9483
-962
552
2633
-7430
9191
-8930
1151
-8351
-2359
3396
-9338
-5411
-5582
-6145
-4689
-3976
-6985
2227
-1778
-3862
-8682
5198
7694
6417
-280
-4077
3526
-7749
5017
5766
-2322
-2002
-4896
-4877
-8979
435
-3057
-2642
-7681
-208
830
-7221
-1467
-9069
-7709
8923
6411
-5183
404
-365
-5011
8144
-7138
3310
-6009
761
5336
-3176
-5270
-1506
-8560
-3623
-3192
-323
7334
-403
3460
4933
-4790
-5057
-8971
-3367
-5185
-1081
-4331
2523
-8816
-3999
9768
1920
-5814
-7224
4859
-1047
-6336
2939
-8409
-9426
-4809
-1479
6239
3843
381
5622
-1377
-4002
-5899
9952
-4463
-7367
-9964
3361
1924
108
-233
-6734
-9971
-7257
4197
532
1328
-5150
3370
7260
3193
8258
-5527
9849
-9064
736
-4339
3123
-5379
-9957
-3870
-404
2474
-1458
6503
-3992
4174
9440
9645
-6857
9257
-550
8544
-1576
7622
1239
1978
-8946
3674
-2973
3158
-7022
9932
-5693
-9597
-2930
2058
-1726
-6049
667
4038
-3434
-6793
9059
-4778
-6438
-1411
-6317
3112
6627
842
6893
-8629
-202
-3072
-6641
-4553
6709
5008
6048
6517
4754
-9309
5151
2833
-4792
1862
3755
-7666
6302
8853
3587
5573
897
699
-9298
-4278
-1638
-8084
2390
3029
-1185
-7333
5303
2090
8354
6286
-8574
4375
-137
-8375
-6144
3998
-5086
9877
-4709
6243
-4450
9832
2144
440
5289
864
6679
-1017
-6070
5659
-1684
-8058
2157
9860
-8985
3187
1099
-7549
9481
-455
-4448
9131
1767
6609
-9536
-6099
-7489
6272
1510
-979
-6150
9674
-2143
-6431
7196
7419
-90
-7919
786
9434
2064
-766
6074
1062
9051
3824
769
-5899
8011
3069
-3102
-4085
-7923
-3724
-9256
4602
-4706
-929
4044
-9774
5625
-8601
3957
-6117
7748
-3424
-6611
-4597
1052
9075
-3445
-8439
-4042
1651
9241
2256
2148
-4668
7828
713
-4223
-8947
-3017
-5277
2881
8591
-7933
-3564
-5768
6971
8689
5822
503
8434
-6308
-6891
-8698
-2104
2998
-1171
-9114
-1340
-7205
6245
-7346
-8827
3799
-4155
8416
9710
-4520
7731
-9884
-7417
2622
974
-78
9935
-503
-9913
5997
-1676
1083
-517
2652
-8908
5473
-6455
-510
5080
2982
5122
-9692
9598
7
-2264
6122
-5906
-6834
673
-6617
2751
4146
3119
40
6688
-1799
7778
-2278
9610
-2335
-7914
9393
9636
4966
5928
3063
-4558
4702
-3494
910
6104
903
-7307
-6479
2345
271
8183
5567
-192
8687
-3627
-992
8130
-4364
-3786
-7590
-4958
-8302
3337
4929
-5881
4166
-8568
4033
3269
-6163
8495
-2044
9858
8514
7686
397
7282
-257
-460
3730
6220
3607
-4101
-6795
-3950
-6437
9925
2802
-5725
3276
-2243
5810
-8227
9556
2933
-2716
8811
8924
7550
8329
-6839
-3632
6051
-6933
187
-9819
-6964
-8903
-1484
9219
4555
7735
4380
-6545
-468
5589
2030
6169
-5725
-2
-5541
8076
-3468
9257
2967
3048
-6876
-5552
-1298
9056
-7328
6143
8866
4748
-6961
9090
-8380
-7116
6785
-9391
-8630
9373
-4929
-1888
8789
-3831
2330
-6760
-9879
-1644
-2341
-3751
-951
2103
-2694
-8568
-8704
-7231
2936
-2862
-4801
-1219
2487
-5052
-5091
6737
-4135
-7574
2379
854
-5254
1851
-1163
1379
2896
-6672
-4993
3002
-6520
-1912
2577
-7720
-2089
-5385
3342
5447
-6836
9400
-2085
-4041
-1831
5042
-1810
-1536
-166
-1954
5809
6055
-6000
-2238
-1368
1038
5773
8855
-5110
-9541
4444
-408
-1454
-4802
-2935
-8675
-5143
-6273
9675
-7161
-4805
4247
-632
4707
-1232
-90
-1582
-634
8504
-6362
-3554
-779
-2552
-6514
-6562
-1891
-4089
-3852
-8207
1901
2486
-8279
4605
-8876
-4951
-7927
-6937
2905
1194
3041
1548
-5789
-2588
7989
-6100
-5848
-9112
2967
8073
-9044
5273
2573
-8529
-3906
-789
8525
9727
4419
-7422
-9216
-7519
-316
2024
-7926
-7234
-6271
2473
-5113
-4668
9875
5750
-6101
570
-4283
8545
2403
-7421
1307
2769
-3877
-2961
1033
-9808
-1072
-1559
-9416
-5031
8230
9263
8713
-8402
-7251
-2786
2857
-7684
7606
9923
3028
2242
560
483
5943
-3788
131
-3556
4297
-5293
3066
3044
-850
-9536
2478
6368
6369
-9748
5941
-2888
-4314
-3921
-3026
-2350
8103
-880
-1682
-8454
-6959
-3314
-5032
-8886
-4041
-8480
-5978
-7515
-5346
8245
2285
6120
-9006
-5220
-8392
-1351
-1082
-5767
3311
-6361
-7110
-4656
-4600
5803
5321
8458
-7880
-6742
-2088
5204
4545
5930
-2889
-9603
3832
-3913
745
8751
9945
6272
3367
-8785
9946
8656
6604
5141
2386
8084
3345
2681
4079
5209
-3759
-2387
5797
-7921
7369
-6647
-9647
5510
-4856
6518
4205
-1164
-1869
2698
-5909
-515
-3309
5670
-3324
7956
-6724
-7930
-4747
9036
4552
-9819
-6367
6138
7410
-2021
1466
-8826
8991
1118
-5159
-2968
-6794
-8649
-3229
-7483
-8533
-3131
5747
2046
3983
1767
-9334
-6640
-4114
-1585
-2496
1417
-2279
-6289
-4874
7578
-248
-3267
-7226
6810
2645
2290
5469
-8816
4576
-571
-6755
1641
4564
-912
4147
9516
-5454
-194
-3483
-403
6845
-3953
3594
-6772
9881
-741
2395
-7976
4686
6981
395
4015
-158
-6172
659
3040
9254
5021
1153
3562
4933
244
333
-3234
-8063
4288
-3397
-8189
9979
-5536
2372
5342
-7999
331
-3513
-5187
-4080
-2516
-1578
-9687
-5936
-1885
-417
-2958
-1731
-8911
2803
-4883
7774
-6508
-7029
-5129
3011
5022
5045
-3349
-9655
7660
-32
-3971
9645
5518
-1700
-4485
-1401
2647
8812
-9033
5085
4135
-9829
-5459
-4062
-8470
265
2465
9627
-5410
-6098
728
8042
-3312
-7836
7285
7312
6209
1313
6092
6834
7945
7589
4655
33
3643
-3715
9041
9241
-6633
-332
8338
-6051
-5659
-1819
2464
4505
-431
-7779
2903
5914
-4453
8698
-5737
-6321
5159
5998
1345
-7429
-1568
7720
-6744
1712
-734
2475
1102
8964
7570
1979
2357
-217
-764
-2368
-4009
3554
-8733
-6557
-3618
7519
4052
-1227
9608
-167
-4292
7695
8531
-5633
3119
-5669
-8066
-1045
-967
-6007
5186
-7782
3660
7442
-1008
-219
-3768
-3766
6087
-9555
-7458
7256
-3890
5836
1555
4956
-2312
6284
7232
9960
9435
-2819
644
6584
-1338
-4504
7536
-7290
-8400
-8718
-1233
8794
-7674
757
-4232
-5898
-8793
2115
-4757
6465
8838
-251
7301
-3977
6017
-2313
-6696
8940
-2423
-9860
-346
965
-8137
5903
9865
-6609
649
5787
-2047
6367
2688
-7181
5542
-7542
-963
5882
4182
9335
4374
-9780
-4687
8221
914
-7318
-4346
1374
6863
9416
4784
-4601
6336
1003
-6312
6158
8662
2263
9300
2294
-2919
-9412
1471
6643
8961
6662
4621
-9403
2314
-888
-414
3320
5315
7728
4190
4082
9776
-5161
-9513
-3730
9196
5942
6510
6669
3875
-9991
5745
-2688
-2886
-949
4179
-2779
-9475
185
-6738
-1540
5082
-8133
9480
-5345
-3443
-2541
-387
650
1049
611
3925
-8205
-2693
4368
-1689
6521
6300
-7275
8354
-578
4231
-6965
-5693
6704
2154
1546
5282
424
-2270
1076
2048
6370
7116
2268
642
-7559
-9088
4957
9173
4384
-2902
7112
-8069
9580
5609
-3606
-7636
-3884
-7906
7656
9053
5821
3702
3619
-7298
-3465
-8871
640
5781
-6680
7242
-8151
408
4363
-2299
-9614
3620
-6636
5374
-1820
5783
8629
-2284
-3236
3109
-1972
-2762
-7349
6648
6170
-5418
-8360
8412
-3810
6721
-2942
-5255
-5333
9503
-9906
-5179
-7457
-4797
5592
6665
4419
1676
-984
-1276
-2359
9597
-3636
4913
5291
-6044
1089
3775
6223
-5916
569
-9038
-158
1234
-2587
-9764
5869
768
-1758
-4628
-1687
106
-5395
-205
3480
8918
8525
8251
6796
5895
9152
-317
-7648
6519
-2753
1297
-5506
5344
3275
2236
1928
-5515
-9508
-7042
1460
-4866
5700
5938
4847
-7948
-4823
-1163
3551
7644
-5040
-7292
5340
-768
8568
-9411
5250
-1722
7870
9343
-4310
-9420
-4062
-3954
3758
2956
-4542
-7001
472
1457
-655
-451
-884
3147
-2198
-6913
1130
5939
7919
3885
4921
-1956
-3073
3009
9475
4248
9498
-7541
7940
8095
-304
-1062
4820
-9179
1942
7708
1405
9811
-4027
9289
-3043
4677
-3581
7604
-5081
-6041
7882
-7850
-9996
3951
296
-1598
-3658
7871
7587
-1923
-3801
-6983
4660
350
1335
-9812
9177
9227
-6587
4872
-6737
3086
-1715
-8182
8119
7536
185
4408
1316
8151
3404
-7675
-6969
-8424
-9209
7963
1270
-9729
2311
1189
-1870
-9252
-4498
86
765
-3935
1247
689
7086
-1321
4371
7328
-364
7635
1487
1153
-143
350
4658
-4586
-6215
770
-5530
-9201
8997
-9373
-1117
138
8847
3981
-8330
-5271
-2081
5595
-8750
8229
-8969
6230
4174
-3845
7169
1097
-4049
5399
4078
1724
9642
2437
6616
3810
-3854
2657
-8021
6418
-2123
-6427
4048
-2707
2362
-2516
7650
6759
-4946
-4228
-7126
2520
8251
-4841
-9198
6030
389
9590
7068
4363
6142
4920
-610
4883
-1346
914
4145
-3151
3320
-1575
-3082
-991
2744
-3789
-7742
-6250
-2212
-4885
-3461
-2530
3705
-7974
-3531
-5744
1515
-1434
2498
-3983
9063
-7815
-7868
-7849
9836
8364
-9621
-3461
4169
6386
1810
-2796
-6297
6122
-4584
-459
-9665
-3511
5181
-8943
-7452
1281
-6791
6153
3786
-7899
-2066
3504
484
2378
-8781
5075
-5141
8159
-2345
-2728
-4467
-3986
8152
3518
-1778
-7763
2242
49
-1852
2308
-5194
-3223
901
-2373
-6340
5938
3493
-4362
2100
-677
-1114
-8529
-5495
-147
-3241
7735
6059
1453
-4998
-6725
-3042
9993
2813
2552
5184
-3137
-2671
6535
6045
-9313
-525
7122
2331
8581
-9986
3022
-9848
-5677
7497
8069
3669
3026
974
-4193
-9380
634
-2784
6012
-8522
3102
-7043
-6442
-4682
209
-5388
473
-7817
-8181
2745
-5994
5624
1595
658
2936
2810
-6890
8508
5040
-9839
2247
8301
-4571
-1418
2806
-2659
-626
-2267
8061
4769
-1122
-4163
-8913
8568
5170
381
3816
-4087
491
-1581
9590
-4865
-7557
7561
-769
-6942
524
5655
2142
-9864
5806
-4612
-1534
-9569
-6966
8260
-9864
8408
-9278
4933
5739
-3888
3793
3459
-5118
889
-2090
-2526
1961
-7008
9479
-38
7234
7011
-8447
8902
-7509
4893
8148
2425
1811
-7278
-6040
992
-4567
-8676
2128
2663
1560
4623
9791
-8243
27
5304
3870
-4247
-1218
-4155
-6145
4306
5311
-3328
6375
8830
2585
9042
4000
349
7331
-3854
6484
9316
7977
-9431
-1471
2927
-845
3022
-3409
3053
-8637
-3658
7013
-8291
8543
-836
2232
-1314
6849
6202
-9230
8169
8424
4387
-272
-1299
4525
4177
6114
-1413
5230
-697
-2900
3250
5201
-1750
-7873
8377
-3352
-5016
9014
8254
4765
-6716
8466
-2796
7892
-6801
-8354
116
-1582
-2324
9012
8172
6214
3425
3695
9991
-1197
620
941
-532
-4750
3972
43
3801
4232
5372
-1233
5028
6245
-1288
6763
134
3301
5986
-3438
2752
4467
-1782
-4232
-7742
-1220
3116
-3477
6821
4083
6340
-1846
-8864
-5229
-5621
9648
-8614
-8529
-2737
3493
7402
3407
5909
-4611
-7221
-3202
1059
-8858
4483
8218
294
343
-711
3983
4431
5774
2956
9801
-4963
2176
524
6947
-6730
-5122
4848
8748
7752
-7518
-9674
2528
399
8043
-9033
-9728
-4255
8788
-3987
-3710
3414
2435
-1883
2135
-7998
1832
-1327
7150
4545
-1014
-7748
-4700
-3541
-7839
-913
4037
-1169
9776
-5635
-6105
2829
-6773
9907
-3227
-7722
2226
-5375
869
-8349
5364
4772
-8277
3139
6235
1192
-8004
8758
2976
-1128
3452
7611
-7177
-8104
9472
-4025
4873
-2880
917
-380
-110
-4398
-7469
-5619
-4473
-6328
9771
3827
8744
4914
5793
3317
7125
6835
2492
-8625
8909
9969
982
4541
-5670
4545
-2021
6924
-2283
4567
-8535
-8839
2369
7444
-3997
6805
9588
1263
-8263
2130
-8208
2563
150
4353
4086
2645
-8341
-398
-7342
8777
-9531
5433
9325
-5673
-7874
4847
4651
-9875
-4222
-6774
-7627
-3518
-4503
-924
8121
-2584
3731
5138
2982
891
-9828
4077
6997
-7166
-3992
-7019
5351
-6448
5531
3351
2590
2576
7982
-1511
5681
2244
-4960
3247
-2658
9638
3546
3127
-4376
-746
-310
6953
-4795
-7557
-9816
-3415
7286
-9045
1457
-8002
8228
2788
-5610
4011
2063
-4923
-6559
70
-7660
4941
2378
4687
-9822
9789
-4752
-9076
-1389
3821
-9694
-6195
9998
6013
2343
-8231
1015
-1230
-7700
-9456
-7953
5014
3658
-8481
-1185
6413
-1112
533
-1480
-1787
7265
-802
-1142
-6218
-6987
9718
-4102
5996
47
4287
-9128
-2541
1472
-8035
-589
7565
-5013
-1182
-7740
8848
-7570
-1446
946
2385
-7466
3627
-6743
392
9001
8306
-4660
5894
5056
3470
3668
-2557
3307
6081
2636
2575
814
-6900
-9071
8207
-8197
-5857
-6444
8042
-4711
3708
-757
5003
-9451
1646
959
-2055
7327
-9339
4837
-1436
-5414
-6723
-9686
-7466
-217
8560
506
3156
8838
-44
9065
-5469
7745
2353
-7505
7364
-9000
-2024
7102
9508
200
2515
-3430
-3138
4988
6438
-1107
6442
3492
-4289
2750
-3621
-5212
-2317
7477
-1787
7328
5993
-9299
-3865
9644
6517
-2126
-7134
-7710
-7073
-2565
-1423
-1155
1171
8411
-6017
-9975
4460
4936
-3889
-6359
5545
-8566
3750
-4139
6012
-3287
-558
9493
5810
-889
-2212
-6470
-7704
4861
-3320
5103
-619
1217
6465
5563
-9252
8363
6879
7406
4074
-5542
1038
-1635
3314
9499
-5699
7843
-8683
6806
3760
-4598
-5164
8843
-8013
2131
5203
6989
-1310
-1484
4708
74
4244
-8038
9587
-775
304
993
250
-3662
8213
-5743
-1652
-1436
8951
-9864
-1858
-7846
3009
7918
-4650
350
5318
4802
-8929
7400
4045
-3218
3541
-2790
-331
7086
536
1210
4056
70
-234
756
7262
7158
9091
-523
-7232
-8224
6489
9665
-130
-7584
5692
-4596
8510
1183
-4409
-9865
5568
2473
-1406
-9932
8848
-7248
-6719
3026
4557
1901
4360
-4107
6601
9096
-8646
-8217
1070
6025
-6792
2136
-3359
4439
-5579
-353
-154
2837
9747
7550
-4848
-2996
-3025
-8914
-5478
3145
137
-105
-3999
9508
5215
-351
7033
4176
-9951
6843
8917
2601
1175
-2567
-160
-8446
-4433
-4452
-1012
-5137
1448
-3597
607
-5172
-5028
4634
79
6440
-4683
389
5688
5960
2831
8109
2687
403
-686
2829
7476
6935
2187
9240
9106
8824
-2401
86
6249
6762
-9774
2023
-680
-1213
2442
2456
-7808
-9442
-2325
5143
-9773
-2881
-4263
2190
-9730
5303
-1473
8889
-9881
61
-6331
-7380
-9331
-8692
-9480
-7934
3285
-2517
-7860
9292
2814
2139
-7585
-4814
-8497
-5196
-2320
-2570
8783
2693
-9680
-5341
2627
-4015
6026
-7315
5755
-5433
-401
-9932
7727
-2712
8350
4721
9110
-6864
-5128
6711
-1813
7586
5292
1221
2840
7359
-2660
-1115
2749
4829
8737
-9944
-7571
-6375
-9602
-2811
9674
9139
-5516
-1514
-9784
9718
9973
-5507
759
3583
8426
-4713
-5139
-3015
3197
-1199
-436
8930
-537
-8575
515
3599
5328
-6528
2752
3062
-7018
6615
9374
-5315
-1437
526
-6539
4082
8593
-4813
-7227
-7186
4641
5322
-1927
-6215
3456
-1881
-3562
533
-185
5989
-6987
-3327
-7371
-6884
4132
993
-4430
7987
8537
-7639
3023
4317
7367
4630
2865
-9069
7786
-8821
-3538
-6361
1559
-9121
-6275
4829
8707
-6545
-6630
2184
-4818
-1091
8018
2966
7209
342
-7554
2507
-2589
-4985
3080
6248
-9422
6390
-2725
-2199
3090
-1944
5716
1120
-3078
-9612
8647
-4913
-812
-5641
-8051
-6001
7223
8214
-1764
4994
-9469
-6381
-4350
64
3431
83
-7390
65
1866
8503
3328
-4160
1174
1236
5188
3746
-5867
1568
-8367
52
-8593
-465
-6093
-370
7207
-5170
6716
7621
8945
294
8875
3956
215
1649
-342
-528
-1492
15
8588
960
-9904
8612
3161
-7311
-8997
-7878
-9163
-5608
-8812
5899
3397
-4006
-4263
1376
5298
-1446
-4267
-4939
-7645
-1734
1438
3075
-1350
1620
2356
2578
-5496
7488
-2908
7158
9879
-6012
-5439
-2783
8204
4657
-6028
-2798
-1631
-5618
8487
5062
6129
-2755
9630
-5484
-1873
2836
1799
-6400
9744
-9536
-8092
-7069
4404
-9026
1128
-6422
-1334
5292
-1702
1109
-8044
5113
3344
1049
-8287
-401
3891
-4180
9183
8360
-615
-4640
2520
-1281
-8643
4974
-6431
-6214
5503
2541
2517
-3703
5078
7379
8281
-967
-3028
8200
-3114
-7945
3487
4887
6419
-1728
9274
-9079
4143
2402
-2746
8498
5481
3639
8112
-3238
-6072
-6456
3584
-9270
-633
-1039
-6564
8541
-4836
7230
-3270
763
3810
-5713
-3597
-8658
4295
-1860
-3608
4322
6924
-7159
1758
-9826
6823
-569
7016
452
-5121
8417
768
9769
-2236
5795
2505
3493
1540
918
5184
5926
-7309
-6330
3478
3057
-9518
1086
-1218
-9616
-2516
4062
6595
-6030
9709
897
-9453
1581
-7448
-1156
5927
-8559
9793
-3671
4328
-9376
9395
-322
-6437
8874
-4092
8391
-6692
-9795
-2834
3984
-4452
7738
-8585
-7216
8382
6963
-6011
-35
-1999
5381
-6233
9709
814
-7238
-6496
1647
-8224
-2883
6333
-8457
-8743
3407
-7885
-7291
-2055
5531
9055
-6185
-767
394
3652
-3189
-348
-7613
-1580
-424
3807
-9046
-1818
1768
-5947
-2182
5381
-9728
-8874
92
733
-3553
5540
6405
7158
-9339
48
8829
-4779
5814
-339
-2632
1409
3627
5869
6134
2440
-2986
-5286
1422
374
2396
9953
3906
8887
914
-7143
-9421
-5683
-98
523
4706
-5944
9122
-3675
9887
-8080
1482
8003
3127
7799
7237
-1908
7871
9251
-8198
-9326
-8363
7296
7080
395
-3126
1461
18
9686
9980
5547
-957
1688
9104
-1380
1198
-7719
4606
2868
-583
-5636
-3598
-280
-7152
-7956
-7667
8555
678
981
-1375
4348
9218
-3622
-7147
4793
-7295
4701
7849
9427
-7449
5858
-5668
3858
-2329
-7771
4567
-8018
-5199
-2819
-1193
-6161
4376
-7020
-9008
-1738
-2500
-3494
3385
-7665
8809
1713
867
7796
-8676
5560
-5466
-4181
-4015
1244
-3445
-8646
7216
1852
-8204
-1354
9351
7165
8587
9546
-6591
1023
318
-2041
1971
-1428
-7395
-2101
-5077
-651
-5721
-7676
660
-4736
-5795
9035
7525
740
6767
-4877
1662
7776
-3204
-4624
9621
-8015
3272
1537
-1021
893
-5284
2601
-7628
-8701
-5620
-4926
-1865
-5582
-9558
6427
-1321
-672
3195
-8006
-8135
2457
2624
9592
-9442
-3473
4555
-4096
3410
4198
-5563
-2856
4021
9057
8591
1699
9989
8143
9343
5077
3609
-5699
5145
-3481
-7136
-3491
-4916
-9653
9434
643
-5950
-6921
-7880
-2577
1705
-2536
5248
-9585
2778
9295
-3833
5205
-7190
2138
-7745
-59
1573
6294
6171
-5286
3409
-1462
9056
6376
636
1973
-9877
2962
-8235
-6412
-6464
-4954
3383
-4117
-1738
2663
114
8666
-2632
-4814
-70
2560
4091
7051
1051
-120
5910
-4379
8091
3630
-7772
-7539
-8226
-1337
-5676
-8430
7816
-160
-9051
1582
-5423
1964
3591
-2085
2844
-5674
6829
-6208
-3430
1808
-7054
517
9730
-3470
-9925
6126
8175
-9259
-4361
-5062
7210
-4452
3888
7796
-354
945
3359
-8972
-5968
7841
8731
3233
5834
4132
6893
3785
-5033
5435
-6775
-2416
-7581
-9966
2333
124
-8271
-9847
-6652
1800
-4616
362
-6391
2995
6799
4129
2252
8566
-7269
-2546
4155
1327
3450
-2564
-5438
-5971
-9803
5774
-4388
7050
7352
8305
-1663
-4565
-7394
-6488
9768
-9505
-5932
-5246
-7647
9967
-8419
-3352
-1606
-4053
5903
8265
64
-2700
-6792
8836
9328
4695
4448
-435
-8930
-5027
-8455
-8824
362
7888
-4922
-1767
-9200
-6658
-1298
-254
-9204
8625
-2985
-7946
-9651
-1831
8164
-9860
-8097
-7738
-6891
-2724
-2824
9502
1388
-8519
7361
-7971
837
-2462
549
-2682
-4468
5476
-1834
-4478
-7799
-5867
-8894
-8505
9893
4155
2201
6080
-7927
-399
7124
-4760
9531
-7414
-953
-7977
-9153
7238
-285
-8932
-8704
-7854
-9583
2191
3463
150
8905
7146
-6069
-4780
-4266
-7161
-3872
-2239
6057
-3404
-8796
1016
-5355
4738
7833
6251
2629
5833
-8325
5891
-9717
-3816
-1413
-2206
190
1743
-2411
7711
-4451
3461
-4229
823
-3642
9278
-2841
-132
-6610
7110
6119
-5619
1009
-9997
-2905
2481
170
-3228
5609
-6322
5909
7141
-861
8272
5012
-7651
-7290
1225
5495
-7082
6758
-5264
-4857
1873
5301
3415
-6564
9886
2472
5291
-9822
-1437
-8170
-3029
5743
-615
2906
-7256
3619
4982
-2167
-8461
8194
9086
-915
-1495
6067
-8965
-1135
1383
1846
6702
-3491
-4677
-8771
-3490
-3038
7238
2118
-5738
-1144
-717
-9129
-4320
-4759
7833
6707
-9930
-805
-523
-3844
6383
-6391
-5725
-2487
7446
-9532
-3813
-375
-1279
8583
2103
1499
7297
-6395
292
-1356
2319
-2050
-2251
1378
-5317
3353
6953
-9494
3402
-5937
-6970
-7524
7627
-4184
3914
-758
-9877
-4012
2119
-603
4817
-1851
143
-3910
7753
8047
8179
-6591
-9590
-3814
6593
5033
4770
8840
6506
-5723
-7331
-5775
-1039
6484
1286
-8740
-9170
1781
-9935
-3803
-138
-5842
9691
4426
-8554
8691
-9680
-5127
44
-899
2556
7874
-6091
8250
-7416
9910
-8009
-8891
5281
2582
2728
5978
-4706
8498
-6336
5974
-9241
-88
-9160
1995
2895
-6914
-8981
1551
-5574
2117
8626
5769
-1243
-9907
327
7193
219
670
8538
1443
-8731
-7085
-7028
-7524
5035
-4108
-1132
-684
-3720
4678
-6132
3784
4967
7871
-5159
1497
1026
2496
4710
-1114
2299
-8630
-3296
4099
3295
5403
-5877
-1793
-189
674
4908
1924
2221
-6366
-3811
-9301
7661
-7647
-6008
-5362
9055
-8788
-4034
-2831
-5712
1958
6523
5797
3380
-5175
-319
-1160
6785
-5390
-2058
4176
-3957
4490
-1392
8552
-9761
-4536
7294
9881
2566
-7507
-5882
8071
-2830
8032
4609
9592
1844
-4638
8869
1920
-6012
-9445
-8240
-1228
-9758
7796
538
7513
-7807
2959
4130
-3108
4984
-8398
-663
-5330
2060
-1541
-8284
8437
-8770
4708
-3897
-9364
8302
8573
9685
1640
-8991
6600
2369
7047
9967
5317
7469
6206
4706
5452
-10000
37
-740
-9019
1234
-1234
6397
-7007
-6608
-2063
5545
5599
-7396
2482
-4460
9714
-1339
-2533
1037
-8278
7797
-3717
4010
9774
-1392
-3280
-4945
-9853
-7297
1197
214
-7945
472
1810
4970
-9090
-4290
5418
-9444
-6762
-9334
4770
-2903
-9098
-3225
9646
-1252
-2234
2445
3421
-9595
7614
-1499
-1601
2045
9773
-5690
8875
7656
3891
7306
1389
-7623
92
3797
4000
-2275
3695
4407
5971
5132
1453
-2643
677
3598
9858
-9907
1226
-1932
3272
6493
9637
-3507
-904
7380
9913
6583
327
-5675
6242
6676
-3578
-3434
-3008
6871
5404
4997
7100
3286
-8111
-5136
-1317
8517
4910
-9952
7905
3190
-6833
9175
-7063
-5466
-6219
-2709
5298
6177
-1915
6733
7974
6726
-1126
786
249
-5246
-5843
-6539
7301
-2441
-1352
-6924
-506
-9329
1293
8220
1856
3748
8782
-8107
-5187
9615
-1995
-4287
4200
6720
-3648
7474
7687
-7496
-3244
-9682
1050
-1188
-6281
-100
6026
-3868
9083
5013
-8261
4845
1619
-849
5328
1928
-8638
-8275
-1763
-1340
4090
6038
6913
-5695
-1097
976
5242
7132
1127
7151
7455
-437
5171
4619
3394
-5978
-2707
-2153
-4453
6968
3271
5819
-4525
5311
782
-6044
6681
-9573
5560
-7519
-2970
-541
-8633
-5665
1279
7117
-2538
3180
7680
9893
-7778
-7963
909
-1251
-7470
9470
-2123
-4453
4535
1952
-6501
-222
-1159
-431
1234
-1791
-2565
5705
-4714
-937
1960
-1368
9194
3192
9358
-4533
9276
-367
-3357
-4586
-8735
9581
449
9907
-3605
109
7119
8124
7032
-1211
8887
7037
4471
4498
267
-5797
-7971
6009
-266
-763
-2910
3506
8157
3861
1219
5589
-9228
-1463
-1482
-1005
-925
-2710
7133
-9348
6323
-1578
-9356
6852
-5451
-5943
4925
-7766
8194
-7315
-1178
8970
-9446
6982
-6115
-9178
6001
7790
-50
-9230
1483
494
6416
2546
-4702
9166
3811
-340
-1112
8086
-4916
4938
6249
-5421
-1190
6
6797
-2429
1789
-8896
6815
-571
-7661
4693
8451
-3807
-7477
8790
4580
5245
-9583
-3771
-2828
-2744
-9001
3144
-1186
-2712
2122
9665
8629
-4413
-1580
3136
-9678
7742
-4133
6727
-4142
9337
3215
2005
-3508
8780
-547
-4041
-8182
1554
-3740
-3363
4750
-1191
-9282
2665
-5976
6167
7457
3628
2660
-8594
6666
5185
-7120
993
4031
8457
-728
2376
-5125
-8796
7704
7694
-7237
599
-7075
2654
10000
6518
6445
2752
-9818
-3063
275
-6223
-7086
-2908
5801
-9690
-5971
-7264
3608
-4060
7179
-7064
3377
285
-4454
-9316
1155
-720
-5792
-6810
-3354
-9632
-9013
6858
9071
-4454
1154
8787
2772
-6694
4631
-4037
-1103
-571
4234
7515
-2422
-6274
-5645
3753
-1742
1174
-4461
-3932
-4826
-5646
-8664
2900
-9473
9761
-8129
-5255
-9305
2522
-814
4515
8342
-8698
-3542
-6006
8514
8602
4035
9733
6432
-3624
-3446
-6596
-1072
7866
-7598
-148
4764
-9268
-4538
-5964
4297
-1681
-1222
-3096
5238
-8945
5342
-4075
4208
7429
-2970
-3150
1710
1814
9504
6653
9709
-1321
-3966
-5415
1336
5587
-2203
2667
-1198
1072
-3488
2364
7967
-9573
-182
-2279
-1324
8930
-5312
-832
9031
9337
-9673
5270
-8699
-2156
3230
6707
486
-2433
-381
8611
5369
-5847
-7551
-5673
2009
-2818
-1486
9711
-5691
-8434
-5512
-2043
-7016
-9566
-7284
6902
-3007
9473
3449
5898
-6933
-8177
-6741
9115
-1774
-3907
-2118
5648
-9774
3809
4195
1376
-3354
-2025
7162
-7708
-1927
-6483
-7081
9551
8817
7861
8368
-187
-8582
-4854
-5567
7035
9310
-7595
1974
-5976
7392
4899
4442
-7170
-2241
4006
-6989
-1519
6874
-5930
7555
615
-3110
-9477
-168
-7164
7531
-5043
7383
3661
8915
1696
-6007
2816
9889
5297
8696
-5785
4495
-2380
2635
4414
-5146
-1737
5719
4228
7083
-9425
-374
6981
-8340
-1999
6665
9169
6644
2223
-6902
-3312
5675
-3783
-7364
-1418
-8251
-7423
9944
-5119
-8034
-8392
137
-9240
1781
5955
-2087
5828
-9063
2150
535
9573
3634
-1791
985
6201
9792
-9451
6886
8621
-2210
-1698
-2751
-1740
7153
4477
-2412
3553
-8471
7090
4497
9083
-8902
4513
-5656
8559
5212
-5740
8093
-5700
8037
-9327
-2167
8909
3993
-5893
-2185
5856
-2972
-7296
7277
5867
4936
-3011
3949
5902
3364
-4514
1205
-5414
4366
-8713
5044
-1435
9907
-3875
6
6101
-1086
-9371
-7251
-4485
-9107
-3047
7352
-8134
7217
-1164
-3087
-4630
6271
-2480
-8715
6456
6494
3178
9872
-5610
-7352
8755
-7006
-9856
-5405
-6445
-4966
7662
3224
1224
-1402
3603
-5101
8450
-112
-6621
2177
-7785
2637
-8512
-4415
6182
3153
8396
4019
-4397
3664
-8425
-5915
4944
-5435
-2490
7135
3188
-4151
-3695
1772
-3487
7935
-9870
-2399
2060
-2185
5101
-9747
-357
-1927
-6712
1501
-7277
3204
-4891
9376
1123
6020
3889
-7762
739
-3010
-1046
-1220
-9812
-2607
-3985
9555
596
-3679
3584
8120
-1495
-5994
6064
-9854
1020
-7545
49
8395
1334
5316
-4564
7628
2952
-3035
-9876
2213
-4161
-9321
-8533
9527
-9006
2939
-634
-294
787
-9984
8688
5951
-9196
-8652
9509
2812
-6511
-8676
-3399
-1572
-3781
8268
4695
9136
8731
5438
-3410
-5690
5290
8833
1800
265
9012
914
9177
3197
-4729
9398
5160
2725
7698
1720
3290
-6620
-3726
-3541
-6593
5194
5382
-1584
-3904
-7536
4622
-3190
-1798
-1066
-1782
-7449
-8560
9540
6808
29
8657
5172
5858
-5360
-5307
6056
2102
-6601
-8277
813
4397
-835
-8506
2508
8562
-5920
-2411
-6491
-1784
5862
-4958
-3360
9098
1750
6218
3014
4293
-2973
-7141
-8475
2085
7998
-1586
5959
6787
5183
-3672
9181
-3385
-8716
-6539
8035
7326
4569
-9806
-3222
-1020
8772
8932
-3659
7265
-1101
8359
-2035
-1526
8495
-5413
-8601
6923
5176
3666
-2696
8851
1724
3838
-1740
1360
-155
6356
419
-8627
-5232
-5958
-1633
-1818
2932
94
-7129
-4906
-8277
-5567
7473
-1949
-795
-1035
-5651
2601
7124
3807
814
4168
6272
4558
9032
-9949
174
1439
9709
5177
-4224
4109
9998
-958
-7117
-2355
7276
5202
6628
-5429
-5956
6840
2947
9352
2551
-3160
-2896
-3183
-208
-1539
3664
-1652
-9440
1683
-5665
2864
-4028
3454
-7881
-7810
-6320
6937
-3513
-1413
-2974
8149
9982
2895
2953
5040
7163
-8805
1450
-8191
-8289
5517
-6849
5782
2893
8573
-5479
-819
3209
1337
-4939
-8958
-869
3239
-8553
6027
-3783
7715
7208
7092
6696
9620
-8901
-9137
-6051
-4680
1849
7453
1759
-2784
1424
4662
6873
-973
-5821
6210
-6960
7461
-9770
-9073
-8415
8759
-2905
8543
5466
-5023
-5004
-4848
5031
-5716
-8916
-3647
3525
9108
7940
-9928
7373
-9782
8228
3666
7477
1873
-4994
9641
7912
3258
611
6274
-3829
-790
-2820
6879
-909
-1321
-3630
-4668
3703
-7809
8216
281
-7288
1208
2064
7319
-6681
501
-8149
4552
-6896
-2000
268
-6858
-7322
-5291
-4027
454
-5905
7474
-1894
6072
-1971
-2888
-2886
6393
-3621
-5811
3570
-1327
-1391
249
4082
-4130
-7321
8557
-678
-7304
2979
-6396
4746
-8738
5549
5165
-4746
2664
-7507
-1592
-6680
-4512
-9070
-6377
-9773
-9899
-4632
-3062
-2695
-6858
-322
-3830
374
-9944
-2135
-9191
-3003
-7523
8037
6034
9065
5756
-8026
-8129
-396
-1803
2566
-1913
-683
9669
-7522
-9751
-1379
3135
3104
9416
2364
-2475
7628
-6235
3812
-8386
5713
1015
-7876
-3296
-5875
-2074
9718
-7423
8068
9822
3458
-3174
6587
-9422
-6158
8149
8006
-8055
6284
8373
-4700
-1360
8599
2571
9708
8898
-8415
4539
-2239
789
9071
-5362
7501
-7516
-7666
3556
7609
1182
844
-5551
-1673
2729
8464
709
7566
-3762
-83
-377
5635
6772
4055
-4735
-1280
9183
-3579
-8429
5279
9336
9680
1865
-1601
9907
9236
4933
-9333
-314
2750
-2217
-9715
86
4001
-4138
-153
7504
-6179
-4428
-8736
-2011
3149
1230
4331
9471
7332
6956
6828
-1109
-9332
-6357
-265
-1567
-8042
8882
5522
-7011
-4768
-3160
7114
1769
-5971
-8850
-6651
3458
810
-3222
-6391
-287
263
-8300
-1223
9106
9331
-3938
-5297
6274
7817
-6067
-9857
2505
-417
-8284
-7644
1751
-6839
-1061
5421
2532
8500
-8794
7345
1951
-1957
-1682
4053
-9662
1658
-6012
-1752
-9294
-4265
-2076
9014
8264
-5739
-2512
9141
-6884
-7889
4096
5544
-9348
-4646
1802
-5042
5502
-4927
-1369
3510
-284
-9805
8604
2057
-4023
-3400
-3695
-9009
-1955
3064
-9056
-4028
1553
4806
-377
294
3890
-1878
-4131
-6245
-3509
-6334
8457
6959
-7695
7454
-14
1244
4346
-2890
8220
3234
-5553
824
810
4418
-6886
4660
2526
-9104
-7755
1912
9172
-2120
-1961
-6464
-9137
7358
-9185
4993
6699
-4915
-6524
-8825
5663
-6827
-8632
-8039
2179
8582
7484
-284
-2020
-3625
-6364
5743
-2093
7857
-6893
5385
-130
-7716
9469
169
-9902
98
4418
2514
-8064
-781
3155
7994
1594
617
3830
1826
3414
588
-2154
-9879
-6696
-5731
-2985
-7795
6331
8005
6881
5822
-5383
9534
8348
7161
3678
-8670
8286
6925
5290
7050
-5065
-7372
5621
2865
-6047
6212
-9118
4718
-7574
-1891
8123
903
-4233
-7081
4987
-6320
179
7674
-2167
9403
7219
758
3350
-3739
-5209
-9322
-872
2721
-4841
4172
3792
-5686
7395
-9640
-8710
-2818
-9555
9186
-8511
4704
966
8
-689
8097
7192
-4102
-771
6722
295
-7586
-5626
-2912
8373
7582
3657
234
-1090
-5982
205
-9965
207
3346
2858
-8924
8796
-5811
4747
-3184
4936
9380
-7039
-5244
7432
6361
7959
6520
6865
-9341
-6162
627
-2068
836
6843
1405
-5642
-7483
3942
6574
-4695
4289
4453
1266
5372
-5009
-2983
-1774
919
6074
-1128
8336
-2303
-4908
3786
-6696
-5987
-850
-2578
-5259
-7739
-956
4340
8660
-6062
-877
2621
-2876
8210
-2704
-9473
-7802
3094
5176
620
6707
6075
-2916
4117
-8917
6921
7824
9750
9257
7430
-4423
9618
-3780
-7846
646
-3534
-7453
8986
9116
7162
8258
-4139
5562
-9181
51
-2547
6206
-4793
3026
9531
-1508
-1940
-1384
-5911
3160
20
-8708
-5069
5698
-2303
1396
7005
702
-9869
7661
2161
2003
-8130
3600
-2667
-3683
3963
4504
8197
-769
-4381
-5173
473
-9364
-688
3457
733
-931
7392
-3114
-837
-368
-9340
8950
4793
4069
-1480
-9163
-8611
2558
6536
7792
-2658
9424
-1655
7559
1152
-3793
7415
-2311
5448
-4231
4924
-6619
-927
3885
2475
1383
-6217
7792
-7480
-2433
-3812
-8148
-382
5428
7686
-1690
5410
3603
-4308
-7271
2287
-6938
8124
718
-7658
-925
-856
-7755
6668
4751
-7506
3448
2139
-2913
-4555
-6872
9197
2344
9309
-5195
2078
-9102
-5190
4178
9526
-2013
-8558
8767
-9811
-6616
-3755
1775
9779
3962
-2467
-9737
426
-8982
845
820
8845
3207
-1577
-2496
7896
2119
7674
-6526
-3451
6503
3577
-107
-7275
-7082
-59
4140
-8832
-6903
-5247
4115
6287
4347
-9871
-1718
-3869
-7736
-9708
-4672
-5543
6770
-9015
3125
-3189
9306
8665
-6471
4187
7866
-7211
6904
7150
6463
-2896
-7623
5152
6970
4128
-4042
-5692
5152
5960
5318
-9466
-3713
-7153
-3411
-1158
4030
-4819
8806
7745
-4443
8240
-2129
-2006
-7146
353
-4007
-4575
2851
9285
7754
6912
9919
7258
-4908
4576
894
-4139
6764
6837
-2816
-3156
-1803
3469
-3373
1224
4819
1392
1548
-5509
5392
6459
-1534
-7616
-2321
1546
-7631
8265
-5049
-7127
-9496
-235
-304
-2409
-1573
-7252
-3712
4959
-7626
-9342
-1869
-6565
-2659
7427
-4692
-8499
100
4593
-8038
-9636
-1876
9660
-8010
3896
-1397
-7382
350
9714
-3648
4044
1067
-2576
-6175
8083
3321
-9141
5658
-9739
-5607
-4587
-4586
-4706
-2766
3618
9112
786
5095
4005
620
-3175
972
-5886
4863
-4150
-3450
2192
-1195
-1001
-5726
4905
-6236
4611
9456
-5103
8298
1844
-7736
725
-5393
5905
-3650
-8067
823
7593
-1192
4780
207
-3342
9882
9127
-3367
8676
-9557
2954
3798
9369
-1998
-2952
2397
342
-8465
-1680
8495
-7945
-6542
5707
3015
-2337
785
-8817
8253
-3265
7898
-9392
-7052
-4156
8955
745
9629
9971
8563
-3752
-642
-5137
9361
-8092
-1458
5927
908
-1049
-6604
-4431
9222
-5835
8592
2449
6594
-2058
5785
7420
-1351
-4551
550
8139
-6814
5262
-9976
4974
-2336
-9695
-810
9105
8585
5119
8269
-8534
-2012
8768
-5833
1882
7804
-8272
1882
-3207
7728
6890
-322
-8192
-184
-8219
8438
3148
2746
-8924
-7055
8327
-6846
290
142
4002
192
2922
6575
-2466
-9967
9352
-9889
-3512
-6811
3023
-5211
8338
-7549
9409
7677
200
4621
-3452
5744
846
1891
-2459
-9167
-337
4405
-1139
-8720
2288
-7344
-5134
6050
9427
-7477
901
1909
-4094
1597
5253
4343
7839
5738
2731
4049
3136
-8157
88
4485
-9930
9588
7012
4898
7517
7331
787
-6624
4554
-7620
-3194
9528
2514
5481
9690
7116
1765
-9631
6436
-1109
2524
-7036
-8743
7505
-5947
7623
2210
5956
-8297
-213
-3116
5889
-1828
2764
2709
4193
-6479
4960
3486
-5683
-595
-5276
-9213
-5775
-3883
-183
570
8238
9944
-2374
-6956
-1375
1935
6154
-7536
-5905
3851
3517
1274
-4035
-7828
2697
1905
-8090
-8193
-9702
-4307
-9299
5501
-3731
-3473
-3182
3296
-303
-1662
-407
5642
6261
-3801
2450
-7054
9180
-6908
-2832
5296
-1111
-298
-5309
8179
3374
-478
431
197
-4159
6840
5019
9423
-5041
-7843
-9962
153
-186
6302
9541
-1978
-6832
3106
-9580
-3059
-8662
-617
2374
-4257
9735
2538
5930
-334
7231
7009
-2077
-1088
5626
-3311
-5042
-8989
2536
-7377
-1327
-2580
-937
-3227
4643
9177
470
-233
-573
-8110
-7746
243
-8718
-2761
3506
-3909
-6012
-8238
4477
8977
2266
7500
7408
-61
-6531
-2748
47
9039
2517
8088
-8816
6062
-4734
-7488
-7177
6360
6812
-1856
-1937
-2508
5511
-8668
-8256
4725
-7987
-5839
-9687
2798
58
-4082
4932
-6089
-7817
4943
-6940
-3830
-2738
-2809
1616
-3590
-2015
-8777
-851
-102
-7265
8011
-3642
-471
-3592
-3969
4595
5663
-836
-8485
-2248
-7485
6675
-5300
-9743
-5689
-5755
6568
7085
9140
9698
-3736
5550
-9272
9542
6109
4748
1904
1
9864
3537
3587
1698
8550
8008
1440
-9689
-8833
-9014
-5521
-9975
-4914
-2471
-3217
9444
6255
5499
-6109
-9832
6750
6811
-8735
-4317
-8388
-8954
3387
-1440
9152
-9681
492
9048
-2518
4863
-3076
-189
-3904
-5841
5731
6946
-7394
-6984
-8221
-2977
1178
5896
-3519
-4109
2411
-6677
1210
9869
5610
-7295
7438
8211
3660
648
-2987
3266
-7695
-3662
2827
288
-4689
2166
6163
-9914
-2867
9563
-1496
-1343
9751
-4722
5205
-5746
-3243
-7256
8448
-7525
4790
574
-3836
-5794
-5649
417
3012
-1252
-8446
1237
3858
5488
2380
-1946
7700
-6148
1623
4109
-7786
226
2352
5042
-6321
1747
2864
5956
-9312
8494
-5739
7177
-5264
3688
-1167
-2619
-8390
7476
1993
-2592
5519
6740
602
1189
-8503
-8252
4217
1991
2369
-3008
-734
1152
7591
7164
-5369
-4480
-1657
6062
3216
9957
-5375
-1700
9688
-9702
-7842
1401
-343
-5236
-9654
9161
5673
832
-8745
-1652
-3656
-8297
-4620
-2388
-980
-9672
5085
-1932
-707
-9967
-6246
8997
4443
6348
-5900
9253
8675
3767
-1161
-389
7125
-5931
-8793
3253
502
-1661
-1978
1636
6596
7954
-4991
7528
1966
-5045
7055
-1340
-1384
3115
8154
9366
-1350
4987
-9789
-4780
3879
-8572
-5124
2475
-6291
4013
225
7099
-9242
6130
-5003
2477
6306
1312
6818
4837
4307
1076
4122
-1313
744
3554
4954
-9304
6401
-1875
3494
-4715
-8500
8486
3058
3791
9976
-8354
-3110
-3472
-4102
7515
1373
-7900
-7796
1732
3278
7682
-1704
-925
-2900
9864
5864
2279
-9316
6265
185
14
6890
-1005
-1138
1522
-4091
-7626
-9574
3837
-4825
-3390
-239
2584
4690
7567
8575
7629
5882
9792
-7304
2252
6168
9847
-4794
-4436
-7982
7145
9044
8288
-33
4563
6041
-5007
-1900
9123
5872
-5219
-9267
-9272
-7352
5326
745
-473
5393
6409
-5577
1655
8946
3239
9080
532
-736
-1799
2438
6170
5892
997
6025
-1292
3845
6252
-8784
-8860
-7248
-9209
4551
6739
6499
-3928
5464
-4541
8892
7645
-8772
9658
-1405
-1257
-5651
6946
-3137
-589
-6223
8839
-2091
2298
220
-4112
-3553
2380
-9187
6099
1832
5443
9270
9719
-409
4167
-9616
8932
7713
5121
-2291
9899
5862
-559
-6699
-9963
6402
4330
-5999
-1435
-5820
2784
6166
177
4953
1732
7087
5756
4862
5763
6005
-8395
8842
980
5420
-5603
-1015
-5760
-2553
-3763
-748
-9753
6718
8378
-9801
-6024
-3057
1242
1386
5839
-5493
-3800
-3057
8161
4583
-1857
7762
32
1851
952
3640
660
2526
9517
-4841
3111
3104
201
-6111
-6247
5464
-303
2261
-7274
-6191
8174
7013
-673
827
2915
-9417
5188
4140
-4522
-1978
9178
-887
-1615
3814
-9751
7508
5050
625
3117
-202
-4120
-5841
-8888
-7785
-7250
-2934
4122
3051
1675
-1748
3437
-5738
9098
-8264
-1006
-2153
9997
-910
1105
8034
443
6470
8543
5340
429
9345
9611
8187
-5706
-350
2747
6589
-1720
-4665
-3133
559
1390
-4029
-866
8700
-6154
3734
-3110
9538
-5991
2345
8034
3329
-5645
9984
-9276
7055
-9083
-441
-9502
-2911
-9588
-2052
-9839
-6109
-5788
-2047
-2249
-4165
-9651
641
-6029
8529
6448
-4805
-430
1836
8426
-4856
-261
8388
7432
800
-3604
-3213
5957
7315
7885
8949
-2146
-1956
-8559
-4814
-3221
-3885
-4505
-4303
-2489
-7420
-9917
-4759
-4720
-3109
2670
9906
-4302
1606
9231
-9430
6861
1937
-1297
-2906
6984
6912
1024
7225
-8089
-6298
5951
-2414
1771
8866
-5137
234
2667
-9452
-3115
-3539
-781
-9164
4231
-770
8947
4835
73
1168
-1529
-4143
-9326
4257
-827
8276
-9056
9265
-2324
-4987
4572
7777
-2280
8670
1375
8925
-7501
6002
9063
-7305
-9849
3076
9768
-2148
3479
6657
-3509
496
9619
8326
-538
-8657
8610
8497
-5985
-6361
-3175
-8432
-9236
3725
5080
6667
1205
-7149
498
9958
-3125
3446
-9798
-9646
5352
3773
-3730
-2108
9284
8646
-2842
6867
-6765
-7704
-8110
5473
7609
7054
-6824
-6646
3741
-11
-1580
1767
-6101
8685
4723
6050
-7423
7453
-3062
7892
727
305
-4638
8921
-9864
9146
-4060
4816
-8381
-9215
3748
-7878
-6897
-9977
-226
4916
-1810
-5797
182
-1714
7669
-697
-5268
6229
2182
-9103
-8849
7860
-9027
-6863
-4334
-1992
-4591
5646
4897
-2057
2060
222
4160
-7278
-8753
9650
3159
7201
-2277
-5910
4905
9041
8928
1802
2452
6173
758
-8507
-5823
-1
-1837
7205
-7410
-1428
-117
-808
8314
3648
4861
3443
5846
-1148
-506
7022
3071
3333
1175
-8956
-1889
-1963
-5047
-3114
-8303
-6507
-6160
6308
-411
-4578
4031
-1593
-6328
-6498
-2336
4480
-2141
2180
1264
3305
-8004
-2464
3264
-8373
6806
9340
-5648
4021
-1080
1692
9428
-2283
8863
-2034
-4057
9629
-6171
2575
-1900
7074
8410
9460
-5693
4453
5651
1649
7456
-6397
-6586
3578
-3058
6721
1503
4910
3826
8583
-9022
-5285
-8165
-2360
3689
9164
9567
7219
9577
-7048
-1139
-7910
8731
5221
8040
-4113
8596
-7480
9550
8556
-8188
-101
-4652
3359
-9052
-9987
996
5773
-5647
-8671
2007
-5100
-4234
-1545
7625
9869
-6977
9812
6634
2976
8280
-3729
9473
-6337
-4108
-359
1114
-8522
9807
4803
9385
7289
1640
5521
44
2925
-4300
9129
-7365
388
-9968
826
-5493
7693
618
-8475
2687
-9713
-6905
-6301
1198
-3403
-7538
-7415
-1508
-2653
8463
-4392
-7070
-2775
2417
9221
-5260
-6818
-6919
-4017
-6171
-2522
-501
7126
1295
-5404
-7335
9380
7367
-7155
-8245
9525
6680
1175
-1713
-5668
7560
3232
-3016
-576
-391
-2214
4814
-720
4134
-6618
-1067
-7059
-5911
8999
692
-2241
4810
8994
-3655
8059
8189
1709
4813
6687
-760
1521
-9714
9466
4662
-2710
-7948
4100
7485
6848
6977
8157
5
840
8752
-8625
9359
1002
-1353
-1296
-4068
2316
8844
-7351
1572
-2169
-6138
-3064
-3841
-2364
1086
5290
-8550
8946
-1670
-7335
-5037
3441
1329
-7538
9863
-3517
-1482
-9629
-2589
-3174
-4222
-4969
5026
-3586
-6198
5663
8860
5274
-499
-1555
7042
-5603
-6983
4562
-5943
4766
-1884
6969
5791
847
-9676
-4602
-9591
5808
-9839
-5402
-5445
-6892
7252
-6923
6209
7873
301
4762
8494
-7091
-8693
7999
-5507
3603
-823
-439
-3535
5417
6219
-5525
4785
-8984
5972
4943
-2889
-7834
-2119
-361
9498
462
7077
-1420
7128
-8478
5056
9723
9754
7268
-661
7034
561
-8326
6180
-7216
-2584
-3435
-528
-7201
-383
-1431
5235
6915
4101
2947
-6569
8053
-9111
-7832
1295
6992
-5770
3136
9869
96
9974
4285
9222
4065
6603
7296
625
-8436
-1836
1633
1052
2744
-6944
5747
9747
-9711
4410
-9515
9622
6045
-3594
-7116
5158
-4951
-5534
-217
-4348
5228
481
-1413
-7067
-8079
-8230
-6910
8534
-3057
6260
7414
-2729
8910
58
-8640
6717
-5495
1676
6967
2988
6234
-6834
-3795
5168
7373
8443
-7384
-4135
-7483
-6456
-7902
-6852
-447
319
1327
-7438
8500
-1755
6711
9161
-9876
7102
7726
8979
-9077
5317
-8340
4481
8093
-6542
2717
-8745
6185
4788
-9162
-5062
3186
-7845
-5938
9103
511
5945
-9285
8168
-5123
-8039
9186
-196
9203
-9691
-4742
-7989
-5797
-6150
5791
-4009
-7126
-5930
8008
4660
-5037
1446
-5278
1152
-9069
-8003
6040
-446
-1913
9328
-8900
3459
4733
2016
-2005
4773
4933
7969
-8261
-8415
-6417
8182
-8289
4911
5815
9573
7356
-6091
-6088
-890
2138
1008
-3415
-4697
3879
-5298
5632
-3076
1087
2112
-7382
-26
-2880
-7638
-7853
-2585
6556
-298
3625
-5369
263
-1242
-3408
4673
-7956
-3063
5538
-7294
1148
8736
-3847
-2214
-4559
2070
3318
6207
1088
3516
6877
4842
-2391
-2230
-5477
623
5538
2799
8762
-4537
-2617
8796
-9182
2844
-7669
-276
-6116
6599
-4516
-5536
-2054
3636
1890
-2522
8820
4927
52
9617
143
8762
-8703
-9187
-3435
6836
3176
9778
-5994
1954
585
-6439
-3116
-8389
-3987
-8555
-644
6345
3241
6876
3764
2197
3891
5863
-1917
-9296
8049
-2447
-3094
8525
7542
9104
-7333
8900
-3316
6373
-7989
7281
1198
-5436
1874
5264
-363
4131
-7686
-5131
9278
-9056
-456
-3996
-4357
-4919
-2605
975
-7097
-734
-7826
-5022
-7285
-5948
9604
4366
7264
-3799
5319
-3816
-471
3612
902
5157
-52
-9060
8218
9198
-6180
-2267
-6259
532
-7881
-6135
7901
8143
-9364
-6922
4255
1898
-6420
7130
-7407
4101
3582
-1839
-358
-294
-5109
-8141
2998
-580
-5149
9651
284
-2118
-6469
-6722
3711
-4654
4257
-303
9752
-7210
-1305
-3771
7241
2347
-7459
1537
5512
-9474
7369
-9857
-8445
-4669
9138
-6173
-7932
-8325
-9010
9460
665
-4349
-352
2700
-1358
9749
-4850
547
-6101
-3256
9002
3420
-672
-5552
-7187
6776
9347
8782
8575
3748
-668
1815
381
-7429
5049
9761
-6231
-8890
1094
-8737
2031
6274
1603
1294
2463
7355
8731
7527
1019
5632
9651
9844
-8025
-5260
217
4461
-4165
-9639
-7747
-9219
-4920
2249
2617
8714
-7169
-4280
-7919
2878
7108
7339
7398
1814
-5288
4516
1003
-2292
9353
-5998
-1672
4115
4624
7050
9677
-7266
-5456
5364
720
-7816
-3581
7435
7249
-7688
-5734
-4236
-7182
5020
7091
4220
3269
1276
1441
-2784
-796
5559
-2185
4438
-6912
-307
1441
-4522
-6108
4384
-7904
-2925
-2395
3865
-1429
9557
1007
-6267
-7945
2498
-3883
2354
1117
-8402
-11
2843
6265
-340
-9334
6930
6078
3540
-6906
-6933
-7369
-1487
-8351
1557
-9121
-9017
7108
-8131
-3606
-1168
4070
4000
1361
-5676
8358
1407
-9487
-7699
-7029
9377
1688
-26
-5149
-7762
-3872
196
533
31
4283
-2928
-3847
3438
-1252
3251
1003
9799
9212
-3748
3057
-4663
-9250
8568
-3026
266
-1628
9512
-6487
-5363
-9673
3068
9282
-9488
-2193
-6668
-7813
-5146
-4246
7578
5623
-6698
4182
-2554
8669
-7164
-8220
-3507
6756
-4288
3464
-7429
-1010
8590
-4609
6713
2117
-2048
-9067
-2551
-1753
-5208
8215
-7404
-7154
6203
-5635
6682
5234
8413
6279
-4658
4090
1217
2670
-612
6766
6753
-9284
9043
2308
4517
9137
6473
-9875
7747
-3286
-638
-2260
4213
8421
2452
800
-6168
5329
-1337
-5265
4052
6558
8638
-4117
2187
-8793
-9193
-62
9473
3804
8172
5336
-7948
4860
9009
1104
-9490
-976
7354
2118
7856
-1073
-6167
-3738
6340
-1004
2307
965
-9974
9424
-9297
-1890
-6993
-7199
9503
-8435
-1294
5729
-6975
-3505
8755
9281
7902
3718
533
-2170
2395
-1430
7539
9788
-2683
-1269
21
-3746
-8896
8536
9750
2799
1370
8498
7812
-9529
-3867
4021
-5992
-714
-324
5363
8634
-6132
9454
4846
-8210
944
-2472
-5990
7571
8392
-6577
-3604
1377
6853
7505
2319
350
5084
-8136
5208
-1759
6578
-1214
-4230
-5166
-4498
-1041
9514
3622
-5417
2960
-5428
-1394
7646
-4538
-7914
-820
672
7128
-6089
-1114
8412
-3135
4378
2093
-9093
6023
-5457
-9345
5859
-7345
-6213
-7292
9091
6119
-1100
-6099
-2912
9056
9143
-8844
-2648
-7333
-9701
-9855
237
-5525
-682
-5820
-9062
-2158
-467
7996
-2511
8827
3279
1390
-6325
-9581
-9798
7511
-4788
-715
1348
8532
3799
-6432
4533
7893
2296
-7043
-2304
949
9670
-1785
-3667
5663
3363
-5762
-1201
-5492
5704
946
7133
-757
572
-8455
6161
7865
-6432
-2536
588
2999
4640
2392
2312
-9108
-3725
5838
4465
8260
7296
-9594
6214
2790
7470
2433
2316
-2693
-6225
-4802
6957
-4639
-4728
8016
3091
1978
1379
-9497
-521
5642
-4886
-9416
6140
-9426
3769
7123
-3558
9277
573
-5007
7169
-9721
521
-925
5461
9747
-1020
7327
9895
-8753
-8395
6507
-5295
4542
-4299
5966
7746
-5494
259
-1752
7418
-1161
445
3679
6472
-7691
2281
-8488
-5702
5086
9629
-2996
-3502
-8564
242
3676
-9625
6640
-4302
5773
7445
-45
-748
982
-2079
-10
-6557
730
5290
-6298
-3495
8081
-7091
-3834
3110
-8077
-2849
2234
8395
-901
-2723
4906
-9395
-9483
6803
-4891
498
9457
-9008
-3708
6177
4327
5218
-4393
7821
7140
1794
-6187
4853
7446
-3852
2755
-3113
6622
1419
-4248
-8011
-1237
8688
7722
4456
1168
561
-6689
-5256
7747
-1933
1617
-6989
674
-1208
697
-5865
9943
-8476
-5468
-4345
-7187
-6932
-4142
-6373
-8616
-9187
-6744
1067
-471
-5930
7234
5030
6432
-9783
6095
5453
3703
-5865
-4838
-4246
7870
4488
-4820
-3728
-5490
8385
-4492
-1463
3678
543
7464
4542
-6932
-1699
7986
2133
-6281
2017
-6984
4858
136
6230
2156
6714
-548
-4973
7900
-2923
-5066
6794
-672
-6304
112
-8415
7432
2460
-4314
-5296
-9941
3553
-5950
-1941
-4043
-7123
-6567
8558
2136
2810
-1990
5764
4522
-2088
-8071
2684
3904
6251
-2768
-3333
5616
-9849
7148
4616
8791
3423
-1617
-929
5412
862
1527
8733
-7860
-460
4454
6306
-2107
4877
8368
-6582
9886
-2055
6594
5922
5930
8386
-2584
-5008
-349
-7187
1665
-374
-3627
-1343
-7857
-7989
1836
-9741
3230
8171
-2802
2807
4788
9171
5307
-426
23
5333
-4860
-9930
-1042
-6546
9895
-2647
-1111
-530
9484
-1356
-8656
-9098
-9459
5510
801
-8743
7893
-3852
-3187
9200
-3284
5620
-3487
-4326
-5614
3700
9866
6255
9598
-3293
4238
-8670
1770
1727
-5005
-8360
2866
4949
-450
8408
-4072
-5832
-8423
9068
-3303
-1131
-2881
8569
1
-7708
-8848
-9141
-3525
1920
110
3734
-747
-5441
8991
-5805
9904
2086
-489
240
-5239
8941
4806
-5137
6057
-4257
-9174
165
-1515
5003
5273
3826
7691
3052
3866
8841
3599
-9871
-9235
6258
-4659
5648
1991
-9495
7937
6551
-1481
-1908
7692
3255
9227
2983
-1819
2353
-5561
-3886
9372
-981
8190
2494
-6098
9683
6645
-8564
-6338
2374
-3085
-433
-2484
7121
-125
9322
-7911
300
8106
-4399
3659
-2499
9248
4085
8649
-8604
701
-246
-4386
8862
-8826
-6061
-4712
1890
-3645
4625
-2439
7667
5263
5635
5344
7668
4955
2335
2264
6214
5211
-9706
856
5224
3357
-4536
-408
-7119
-324
629
-1794
-5680
5893
-3910
1955
9030
-3034
957
2741
-5412
-7367
4839
-8764
4883
4864
9135
6376
-3163
5379
-1048
-6101
2015
54
3125
5026
6617
-5558
5361
-4273
3657
-7825
-8875
7029
2592
4978
-1689
6166
-2612
4209
-4745
9676
4786
-5488
4167
-9576
2479
4525
8507
-8773
-2665
4737
5713
1805
-6905
-8520
3771
-7001
2692
6699
7414
3253
-2587
-1999
1168
4249
-6143
-1890
8126
4285
-9127
-3066
6059
-4562
5931
-2013
7631
-3012
6854
7242
858
-29
779
-7350
-1170
-8306
9268
6731
8720
4528
3372
-399
3460
-4080
-1167
-4936
-1617
2400
3701
8211
9734
-7630
6884
-3932
-3807
3935
-2129
1646
9889
-1923
7792
-2210
4048
8873
-2967
-8737
512
6811
-8335
-6401
4602
-9252
1750
3873
-8651
3493
-6241
5625
-6434
-9898
-8300
-8706
2604
6004
1703
-6576
576
4824
6208
4370
-9777
-5137
5443
-745
-4739
1434
-4123
-3702
4376
-4574
-5261
-122
-7790
-9089
1119
9417
-9877
2917
-3440
-86
-7238
-6364
-27
628
1838
6499
-5261
2197
4918
-5766
1118
-8211
4703
-7483
-5048
1300
6441
1600
-8332
7191
5553
5018
662
9437
-9872
2846
-1137
3693
-3981
-5034
3508
-894
4110
-7014
-6127
8430
4243
7968
-9705
-1483
3884
-524
6810
-7757
727
-217
-2548
-7405
7580
4314
-509
6967
4080
-3617
-5774
5418
7125
-1553
-1394
4477
976
-559
6401
4089
969
-1974
-1439
-1467
4753
-6813
-2544
7547
-4133
-3117
-6082
8201
-9602
-5703
-4546
-3593
-4333
1567
2733
-6757
5679
677
-5333
-4672
-730
-7890
-4143
-8919
-3599
-163
3870
-6853
2609
-3535
-147
-599
5656
-5007
5189
6772
4028
6968
-9231
4039
-7456
1590
-4108
-8700
-2655
885
3714
4751
-3046
1978
2759
-6492
6563
-9625
-5985
-3027
1852
3257
2095
-3851
8700
-8300
-5241
5948
-3896
5233
-9652
-23
-5229
-2832
7690
3826
-4474
1297
-2084
-1603
4725
3377
-7815
8586
4127
7667
2888
-5975
-8380
4616
7693
-6520
1471
-368
-1008
3394
-3573
-9690
-1473
-1687
-1338
9356
2126
5655
547
-9048
-9855
-8084
5841
7266
475
-6162
-3731
-6530
7293
-7289
-4655
5785
-5
-2274
-445
-8343
8967
-2206
5827
-5034
-5864
-1016
-3619
-611
6586
-7005
-4178
-5783
-7677
4320
6927
-997
-7138
45
-66
-7397
-6948
-8669
-2292
-4097
9380
7986
919
-5673
-7116
-4544
2075
4566
5144
15
3084
-3953
8964
5075
3456
-6131
2606
7897
-594
300
-6500
9886
7984
-9844
364
8956
6980
-6588
-8322
7595
-6290
703
98
-2225
9710
8465
-4294
-1967
7057
2048
6154
9432
-3812
-8715
9182
4418
-9077
643
-8997
5799
9607
-308
1294
-1744
7584
327
237
-871
4676
3684
-6055
2688
-6510
1075
-892
5638
5180
-5853
2262
-142
2903
-1250
-3824
8254
-1079
5874
3561
-6913
5259
-3736
-6881
-7510
-9575
-9569
-7567
-444
2157
7218
3088
8637
4053
6656
2427
-6381
5390
682
-7376
-8470
-3565
-3536
-4331
-4403
4437
7566
-5951
1595
-9680
-4111
-2607
-1258
-6210
-8871
7931
1756
4652
-1098
3770
-4411
3573
9656
5092
7286
-1494
5592
-3527
-3636
5300
-5792
-5210
-428
3823
9374
6123
-4306
1536
4619
1834
-7620
9851
7318
10000
2184
-1984
-3112
7667
-4626
-2831
2869
4209
-315
407
-4398
-5847
-1061
-3628
-5199
4345
-318
6611
9186
-3456
2619
-9721
7849
2945
-7401
-3671
-5536
3685
2435
7008
-6702
5961
-4019
-6688
-2378
3396
-1842
9153
1793
-8105
6930
-1107
-2863
9697
-9148
-2868
-326
-5626
7186
-2545
1088
6222
-5542
8468
-1671
3870
-2732
-9392
-1803
3984
-2919
-5408
-9651
9145
-2353
8185
-6884
-411
-381
1858
-3784
-1491
7796
4552
-2476
9753
1473
-8917
-2008
-3395
-4895
3315
-9884
492
-9543
-5702
-1974
-1582
3862
-2061
-3568
-6479
-3358
1245
1655
5599
-910
-253
1384
-3402
3132
1698
-1784
-4521
921
4115
9540
-1800
1224
4344
1591
7599
-8397
5966
-8999
-7992
-7031
4945
-3517
6376
-3192
923
1853
3015
8317
1130
-2315
-9304
28
3854
-926
-5624
-4900
-8175
-3521
9357
9714
-6583
-5857
-9879
8903
-9072
-3838
4283
-1205
2404
8183
4167
6276
8347
5235
731
-5006
-9622
-1832
6289
-9061
-4605
-5640
4002
8695
8553
1901
7325
-7605
-1912
-5432
8216
-6734
-9186
-6412
-115
-4334
-2877
-8577
-2724
-7005
5293
8281
1495
8318
-69
-305
6830
-4308
530
-910
-6642
-3416
5809
6338
144
3329
8112
-5998
4557
1283
2229
6923
2810
-758
-6914
3177
9746
-6398
1512
4108
-8740
5763
-7194
-945
7693
-8450
8656
6837
-4295
3555
-5614
-7010
-7518
2298
-8688
9676
3480
-1590
-6394
-6011
8088
-3579
6935
2031
5846
6677
4041
-7770
6418
-8561
33
-6090
3421
-5020
1177
656
-2911
8725
-4514
-628
8469
-465
2258
-7056
1978
-932
-4042
-3893
2620
-7011
3633
-4597
3693
-7446
-2142
5090
9127
-5121
-1028
7048
-9320
-4838
-741
-5956
2636
-8841
-6470
2704
-7336
-7702
2394
5094
7220
2709
-3479
9519
1344
7429
4580
-1609
1809
8501
1336
4254
5777
953
-4082
-6933
-7358
3620
-4517
-205
2483
-2552
5567
6446
-7240
345
-4496
-5831
-8647
-2264
-9664
1693
-9625
-9573
-5696
1548
1847
-5593
4259
-3892
-5212
-2910
-135
-5726
4219
-8343
8456
-6030
7579
5305
3063
9774
8011
-2985
-3364
-1196
7939
-1151
62
6093
5470
-8256
-1489
-4131
-3689
-9202
-7216
-575
3508
-8957
6241
346
6643
-2606
-9075
9570
6030
5921
-5770
6473
6155
3886
-9687
189
2537
-687
9774
1161
-7209
-3809
-5694
2135
6004
-564
3308
6397
-2135
-9186
-8878
8043
-7895
-4571
4813
-7603
5570
8629
3824
-5417
-2517
-906
6396
8385
1710
4818
-7988
4811
-5059
-6570
-1016
-7034
9806
1114
341
-184
6311
-1635
5528
-9375
9497
-292
4100
4362
-6376
9875
940
-7605
3990
-9257
-1608
4622
-9361
-8235
6997
1214
-8513
340
1523
-4984
2576
-3649
6475
-5692
9510
2196
-9034
7590
8591
-4116
-1959
8963
4264
-9162
9621
-4492
-8352
1503
-2731
7122
3017
757
8623
-7132
4422
887
-5355
-106
-1130
-3086
-5615
-1361
-4304
2105
4038
-9208
-3939
-9363
5005
-7158
8872
8239
6441
7984
4966
8394
1167
2507
7795
3165
-4228
9156
-5668
5312
-3958
8823
-4951
-9989
-4281
-8748
2943
-4817
11
7981
9960
2098
9795
511
-6935
-4076
-3630
2854
4917
7691
-1735
-7453
9484
-1723
-1322
6496
-9014
-4980
-8454
5103
4614
5299
-2324
6633
-7835
5504
-8971
-2714
-2303
-8516
-1049
-3433
6143
7238
-4113
-9349
-9970
-7195
3231
-7859
8986
-3612
-6133
5347
8360
522
3243
4038
1287
-8922
-1774
7135
8352
5240
-5603
-4747
-1102
2238
-4809
6063
-2233
5432
132
7715
-9346
-5293
-2043
7443
-5018
8448
-7065
7831
9299
-2935
-2702
-9114
-2817
1969
-2058
9844
9073
9962
-616
-1986
-1608
-7061
1157
-9725
-1044
2419
-6578
7589
-8002
-6295
-7485
743
-547
8065
-5611
-3310
-5559
-4508
-6703
-2367
6679
-678
5972
3065
-904
836
-7928
-3789
-5040
8924
7169
3861
-4984
-2281
-8016
7808
-1902
-8550
-4453
-4618
5992
-7022
3184
6477
-3825
-599
1809
1829
7796
3865
2834
8935
-9861
3733
-2427
870
2646
9713
-51
-6438
574
3462
5991
4352
-2879
-3101
3999
504
4152
6585
102
-4776
-3582
-8092
7468
-653
4848
8128
-3034
-2205
-2888
-683
2860
-6482
3427
4862
-6519
-5184
-2687
-6799
7044
-3294
2315
2857
592
-3317
-5382
-8744
8475
9667
-6590
1650
7545
3000
4428
7945
4514
4095
-338
2948
4398
-4580
6669
7273
8523
-6271
-8624
3364
-2799
1641
2454
3389
-7754
-8059
9506
-4814
8980
-8820
3822
-7096
-7127
2305
1651
-455
-3499
7945
-1811
9774
-1855
-4179
3319
-312
-5551
5434
4728
-5090
8539
-3859
3794
-9431
6089
6103
