7152
-7707
6907
9344
9536
-4390
-3513
2354
-7945
-1595
-8807
-1894
-7780
3342
9136
-8719
-9248
-6734
-8362
-9825
-2996
8331
-4385
-9279
8852
6076
1024
1445
1546
5773
-7646
-1185
2266
3764
7198
6084
-5160
120
-8204
9031
-3278
-2964
5693
1885
416
6875
-8749
-8736
-7784
-184
3266
5274
1345
1226
9025
6261
4683
4195
3041
7345
1294
-4662
-3956
1118
-2835
-4837
-1525
2293
-8045
-8623
6888
-493
-9394
7609
1440
-7001
-4483
1042
-1533
-7085
-7954
3181
7014
6620
-5374
-163
8464
-5301
8727
7984
3422
801
-5449
768
-8482
1886
-7126
6410
-3044
9330
-6343
-833
4903
2488
-4672
-1609
-9307
-5475
6750
-948
-6946
2546
-3125
7206
6605
-9786
-9651
-7412
-3286
2033
-2810
-3303
8417
-3877
-8967
4595
6345
1339
2003
-8870
-7248
-2800
6974
-559
-4494
-5559
1794
6801
-3436
-9610
4970
4940
-6289
-9720
8357
-5672
4548
-467
2568
-3523
-9791
5269
5758
-7903
-1523
7805
1736
-7781
-4965
-2430
-1707
8525
-2299
6841
-2459
8480
6134
-3290
-3744
3160
3254
4286
1937
8334
6320
7918
-1142
7568
1642
9630
8982
7704
9866
-3531
-5073
-7437
3192
1825
5232
-7788
6432
9297
-7549
-2606
-3360
-226
3045
8513
-7749
-6400
-2852
-6296
860
-8934
5984
-1112
-5332
-656
-4657
-8211
-9910
-7785
6017
-7775
2648
7346
-4354
-6607
611
3601
-4481
-8599
-5176
-822
7572
788
7349
-9751
-4713
7329
-6372
-3900
-6536
4665
9484
9763
-8619
599
-6922
1027
3372
62
4582
-7806
7806
7218
-8606
-5080
-1970
-3544
-9054
7675
9263
864
8061
-3704
3626
5602
-1248
-1198
-8987
-6550
5456
474
-4007
6225
9804
-8250
-9836
2611
-562
-7783
4428
3219
-6875
9182
433
5480
-2721
6595
5368
-4071
-8545
7590
-8907
7264
-1237
-8867
-8320
1962
-9559
-9539
-1159
9686
-7045
3106
3511
817
5453
2464
1626
-9710
2650
4016
5937
9791
-5881
4576
-6614
-9883
8552
-7092
-9943
-9592
-5172
4631
3797
-5449
-4768
7837
640
-1659
4689
-9436
4153
-249
-8775
-6123
-4876
-8254
-5589
7910
-5566
106
-3175
5928
-7065
3670
1300
4594
6941
802
-8973
-5535
9479
3241
8726
-3098
2517
5066
5502
-9175
7709
-5199
1671
-6942
8629
8192
-5323
-2147
-7944
-2782
-886
-1538
-4820
-1150
7601
6706
345
-3618
2686
-8587
2899
7829
-8412
-2827
6583
-1052
-5211
-7767
-2636
-7861
-7532
-963
8733
3093
-8467
853
-2541
2291
1122
3341
-5986
3140
-9953
-6054
-384
-6010
-941
1597
386
-2456
-4208
7970
7985
3504
1984
-4865
-2939
1687
-7209
-7257
98
9771
4267
6041
2698
-4743
9213
6673
-3734
7536
-2831
6594
3653
4825
2054
-5379
5084
-6020
8881
1763
-4736
8734
-9252
7828
3589
3850
-9993
-3035
5768
-4163
-2305
-9818
2292
-3004
9671
8471
-7874
-9100
-6589
-7667
4030
-5261
-2858
7304
3096
1865
4882
3127
8700
2059
8480
-8745
-2601
-6732
2304
-1231
-7393
-4155
9082
4149
-182
5167
-6668
9816
-2691
9222
7785
-9072
-811
1662
9602
-1607
-4356
1398
452
-9038
3155
-450
4998
2883
4269
-7679
3256
4417
-1994
-5660
3539
5378
1368
9217
4455
4759
-5693
-7110
-4227
-6690
-2228
3023
8661
6697
9975
3514
5326
7413
-3236
-4819
-8759
4665
-5094
-8953
-104
821
6533
5986
-4240
-8422
-5664
8467
-4473
-4724
-6860
5593
-3265
-5735
-6090
-9040
-1827
9020
187
5235
-864
9568
1458
1711
-3615
-3776
-4294
-1153
7694
-5951
3832
-7908
-6595
-708
-8847
2408
662
1031
515
1875
-3542
-6501
6213
-8292
6638
4429
1632
6168
6245
-4790
-893
-5754
6878
-7439
8831
-9806
-9802
2255
-9658
-1407
-563
-6861
2175
8827
5684
4798
7305
-8045
9185
191
3106
5843
-228
-7634
2927
3076
1586
3738
8914
6622
-8711
4704
9430
3149
5704
-7018
-319
-6085
3944
9281
-6894
7730
-3101
814
-7713
4002
8665
7396
-8905
-7949
-9627
-8638
-7106
-8384
4191
9444
6952
-3977
-6689
5181
5896
-3403
1778
3242
1461
8187
6349
4183
-7458
2478
9238
-6856
-7658
8268
-7237
6682
5265
-863
-6943
4146
1328
-8058
5330
6676
-2327
-3409
2435
-8701
7953
640
1467
-9202
-9912
4117
-8270
4161
-2365
-6092
-5198
-1907
-9644
-4607
3485
956
3393
-1318
-1359
847
-3535
-4762
-6992
-5348
2440
-179
-9454
-1119
7736
5110
-5229
4346
-2375
6179
-7130
-1148
-1540
-5449
6940
-5857
-591
9104
1665
771
2570
-6790
-5297
-5445
-8053
7944
-1266
4730
8139
-8855
-7861
-8187
2448
-4369
904
-724
4590
6422
1137
-1173
6822
-7768
2694
5395
2783
-3839
-7169
-2070
7183
-1323
-1692
1604
-1432
-1480
-4957
-764
6239
-1364
-1098
-6235
-5050
-229
-5685
8678
-7469
8727
4174
-4563
1627
1738
6355
8027
-8519
-67
-8480
6939
-8150
-414
743
-6291
-4596
-6717
3536
4688
3332
-4467
-8581
-3928
-4591
3122
-3728
-9843
-5694
-4253
1651
-942
-2231
1300
9625
258
-606
-754
-4023
5729
-6005
-3753
-2080
-1288
-5199
8708
-763
-2837
-8651
-8902
-4164
9946
-3668
785
-4030
7966
5199
-9220
-8641
-2251
7237
3649
6652
452
-4430
-4754
-2381
6666
2577
9319
478
3747
1696
-1908
-5417
-5189
-3773
-4643
-2089
-1277
1814
3729
7011
3625
-5905
-3972
-8483
3073
-8706
-5982
5169
-3755
9184
-9899
6071
-6688
6450
107
-7996
-3709
2783
2041
-3182
-9197
9459
9908
2042
-5826
-6856
3562
8953
-1554
6982
-9833
-3814
-4867
-4941
8442
-6091
-2061
6313
9372
5014
-7832
-522
-6687
-2931
-2017
-1190
8128
-4066
9597
-3674
-2655
-2323
-5024
6144
8751
7926
-1833
7351
-7474
7554
-1103
-5166
-5297
2310
-1817
-5454
1171
-4814
-7586
2791
5565
-3612
735
6652
5633
-7027
-5277
-7648
1738
8376
-6574
2091
-7529
2280
-2515
3572
8364
-5010
3675
-7668
-2386
3746
3130
-7879
-8669
-6394
6291
2847
-2260
7499
-6914
9501
1017
9253
9162
8174
-3047
-5476
3906
-8267
-4107
5710
-6996
-1048
-6253
-2118
-5629
-2058
-3304
-9890
7471
9690
-3577
9543
-4350
3607
2119
-942
-6767
744
3012
-3865
-568
9926
3203
332
7200
6304
6848
-9661
-9912
-3706
2900
-4452
5701
2456
5710
-3533
-5273
5706
-5144
-8106
-7544
-9473
-5532
6067
6095
-6272
-3380
884
-1789
-8592
7762
9508
-8630
117
-7036
9822
-4884
-3403
-1819
6700
-7745
3877
-4362
-4112
-8697
3105
-1407
-7562
-7160
-681
2128
1077
8349
-5787
-3120
2911
-7584
7162
9084
9069
8601
3816
-6022
-1885
4185
-3346
6327
-7883
-3039
685
-90
-1486
704
216
-9171
-8387
-1169
-5136
5022
-3339
-1036
-7359
4266
-6026
-5348
4508
-5719
-2837
10000
-7573
-1482
6417
7903
-6722
-4290
-9594
-8406
9277
4720
4509
-9465
-5599
-3742
3459
-509
-8657
2324
2793
-1398
869
4898
-4573
-6250
-6352
-4979
-2086
9123
9237
4258
2525
8296
7589
-153
6935
-8481
5494
5166
8613
-6006
-1834
-7290
3275
2602
3535
2649
1226
-6689
-7636
8357
-3830
-2010
8532
3479
-4600
1840
-8777
906
28
792
5088
-1667
9801
6243
-6146
4266
-5776
-9323
-7956
-7591
-9651
8063
-1629
-425
6685
6367
-658
-7657
-8925
6303
8361
-6500
-8374
6151
-8796
2328
3742
-3248
291
4350
7765
-6246
4563
9596
6007
541
6589
-1723
-3861
-5372
-7561
4304
-9951
-805
3502
9977
573
59
-6165
-2775
197
-7653
-3061
-5994
3879
4592
-4889
9273
3589
-4692
-1150
594
-3838
843
-1298
627
-7477
-5053
55
487
-3819
7077
1013
3816
4098
-6929
-687
8684
5649
8446
508
6392
-8031
-7800
-4652
-6161
931
-8223
5704
303
3869
-8016
-3286
7894
-3735
7761
9789
743
1469
6774
-1097
5102
-940
-6532
-9971
-3843
-1550
-7062
-1023
9769
6946
-1256
-7855
3263
-6615
7101
-1020
-3146
9197
-8636
-2321
8019
-6238
-6462
-7774
-1453
-9187
6441
-846
-439
-7582
-4766
9724
4294
-5187
-2541
7358
-3298
3252
-113
-5561
-7495
-2591
7447
7624
-5606
7915
-3037
2695
-6954
9895
6994
-3387
-9722
3599
3311
8814
1862
-7854
-257
26
-5788
2202
8374
-1017
6454
-3681
9764
-1112
8993
9452
9006
-1998
-8534
-8582
-7425
510
4974
-5331
-1664
3831
4908
-6751
-7906
-5076
2986
8534
-5449
-4616
-1272
7543
-4619
582
6258
1847
-8373
-5507
5288
-8412
-6671
-5799
3096
7953
-7204
7714
-4015
8408
-2020
5345
8868
-838
3033
5142
7341
-3763
-8909
-6566
-470
-1861
8642
-6658
3053
-3080
7078
7624
1881
-6749
6633
-8217
3725
-3158
6146
1062
8935
361
-2162
-3178
-2048
4883
-3104
8620
-8089
8487
7836
2818
-6508
4694
4813
-7313
-1263
1713
-8247
-5591
461
998
-6307
3496
-6213
9165
5151
9026
2986
-3327
-4484
-212
-9402
1935
-3808
841
-523
-2662
-2471
8474
5558
-1997
-6685
5707
-3949
4436
1529
-9261
-5710
-9697
4987
-6140
1166
3235
-9025
2974
2216
-2272
-1918
-1129
-1253
-1820
-1605
4241
7524
-8398
7606
7604
3704
-2209
-624
-8190
7277
-1618
-5882
-2453
-9844
5136
4341
-4867
3391
2313
-8957
-9306
7765
8296
-5592
8478
1106
-6524
8025
3703
5360
-7430
88
2257
3689
-281
197
-2642
-4504
6489
-5617
-9833
1750
-2550
-7768
9662
-518
6163
-4288
1585
7697
-3626
-3633
-7471
-5625
2909
5094
7963
-9047
9498
6604
264
7290
1286
-3447
9075
-2090
-4543
5650
-1912
4492
9996
-1461
-1320
7805
-7285
8526
2276
4888
1778
-5503
9505
-7133
7956
7017
-4480
-7289
-1625
-7281
-2449
-1883
-4246
-8845
-7755
-48
-6234
8929
-4356
-7818
5229
-1655
3530
376
2271
-1684
-2369
4439
9808
-3050
2219
-5318
2838
-6254
-7631
919
311
-7154
7611
12
-7138
-7275
-5205
-1793
-7930
-3711
-116
7282
-5815
-9457
7052
-4758
-3569
-4171
1237
4568
9339
1348
3791
-8559
8126
-8177
4507
4399
-8611
815
-6147
-5342
6998
-462
2315
4544
9086
8139
-8625
-8491
-1699
717
-6412
3200
4922
3240
1824
6205
-6642
-5579
-4058
-7080
9691
2470
-8493
8572
-4056
2325
-5078
-3867
-3289
9720
-4663
-5840
3005
4994
5764
-7587
3030
-4421
1901
7195
8661
9717
2941
3898
-549
-7665
7447
-2664
-5522
-8186
-4225
-9088
-6557
7130
5743
2419
-3097
6875
6800
-738
1471
-4203
-1224
-1008
3715
-7466
-4242
-9592
8958
-4417
7679
-8197
-9668
-1234
6589
-6544
3298
7944
-265
-9184
-5185
8567
-8193
3808
-9789
-7222
-5242
349
3552
-3592
1289
1161
8320
-5954
-7689
3552
2390
-2288
9827
6476
-6600
4821
-2385
5741
7405
-919
2407
-9120
8860
5713
-4159
-429
-9506
-8804
-9790
-8935
-5426
-6359
6441
-7659
2677
2280
-7952
6503
4203
8790
8801
9940
5879
1681
9581
3892
1594
1123
4757
369
7410
-1747
-1081
-3473
-2351
-4023
8285
2695
-9378
-5069
6131
1191
2521
-3059
2224
-9077
5882
6058
-5312
3209
-3044
8569
3201
7498
-6198
7237
-7177
-7226
-4068
6761
-2230
4360
6891
7315
7141
-9883
4309
-6703
6353
5611
8301
224
-471
6961
9643
-5818
-86
-8274
4325
-5196
-7426
2447
-7841
6750
293
189
-2981
19
-1871
3251
-3287
-4055
8879
-5634
-6047
2356
-9040
-2268
-6045
-4510
-5827
-6511
-7665
-7833
-5416
282
-1335
6226
8137
-1595
-9767
-3523
-450
7818
-1454
-7842
2853
-426
-9421
-9890
-579
2173
-1728
5643
-3141
-9973
3236
-2906
-4603
4041
5883
8979
4073
3772
5630
-8061
9656
-6369
6729
-2446
-790
3909
-2897
8466
-3231
7548
-8804
-4773
6666
4004
-221
-4135
2050
-8547
-2197
1856
7079
8604
3460
3960
705
8650
-1607
6156
518
3771
9843
-6002
-4865
-2513
3489
8934
-4545
-2787
2857
-3576
-8988
1106
1834
2774
-1250
-3250
-9957
9234
-125
9370
-7287
-9959
-1692
-6225
8844
209
2666
-1689
8502
-6414
6452
7321
-1474
-467
4938
-7755
2883
-3478
6223
2384
3480
-94
-7386
8452
2525
-763
2804
4492
-19
8252
6281
4865
-6192
-9137
-5187
-9088
2509
-505
3664
-7931
-1371
-9819
-3988
-5501
-4858
7541
4149
7766
952
7085
-6673
-6231
-357
2211
1320
1321
-6305
-2728
7661
4500
1339
-2480
-9476
1264
2243
7702
9334
1013
-1162
-8000
5600
-9430
7244
-8418
-3558
2523
-6569
8057
8355
5790
5994
-9720
-3563
-2967
1563
-4108
-1990
-2873
675
-8966
7261
-2667
-6101
-9144
-6975
804
5148
-897
7407
-9170
9306
8290
2964
-8872
9553
-4108
4222
7904
759
6209
512
7180
8909
-8675
1440
4063
2531
-6398
2719
-3035
1474
-4393
1174
-3557
8664
7200
411
-5128
1224
-8015
2981
-734
3687
-7919
-4070
-7992
2282
5081
8658
513
-8866
534
-4489
5532
2795
305
-1850
-9248
4709
-114
864
6867
532
-5418
4234
-9321
2964
7765
8485
9355
9389
3913
-6959
-5251
5114
1110
-3974
-3416
926
3370
1283
-9307
932
-7326
-8703
-4288
2668
-9069
-366
-9246
-691
-4096
6576
-7342
794
-3818
-5798
7394
5198
-4398
-7405
1790
-718
8602
-4508
6143
3921
-7645
3239
-7949
-855
9288
-2088
7751
671
-3229
7468
-974
-1163
3290
6476
4854
-7955
-9730
96
1336
-9597
-4325
8298
2882
8269
7114
6209
-3656
-794
-666
-6313
-9144
8689
-7814
-8752
-4815
-1134
2036
9125
1593
9463
7052
5470
-6663
2956
6868
9701
5089
-850
8883
3302
-5946
-9036
-497
-1811
4017
125
704
5394
-8742
-7163
7588
8479
-8376
8228
-2195
1767
-1730
75
4033
1645
-4180
8804
-2758
9489
-5825
-7340
-1290
5067
5394
8011
4298
-9258
5203
-361
-7601
704
4237
-7863
-3709
4923
-5586
-3212
-4387
-3557
4237
-6506
-5020
-7467
1717
-9383
3428
3522
-9417
-4562
1739
-721
1753
-646
3644
-6989
-6687
8463
-8802
6193
6157
-3823
-964
-2861
-5303
-5619
8704
-7392
-374
-6255
1965
-57
4813
9349
-5761
-5316
7128
-6015
6480
-5561
5659
-6332
7570
7395
1876
9487
2214
-6720
-9106
3348
5003
-7555
-8617
-9200
-4460
-1544
3431
-481
5129
86
-6187
-1133
-1694
4516
8136
1528
-8611
-7066
18
-189
-8854
-4313
-3260
6469
9341
7738
-4677
4859
1796
5968
-7774
-6203
-6025
1580
6130
4457
-421
-3383
438
-1148
-8469
-7152
5488
7244
-2086
-6064
-1217
-9983
455
6804
-5419
5750
8088
-8996
5176
8146
-8174
-9163
-4145
3761
-6269
9092
-3230
3276
9734
-8618
8150
-7102
-2358
-9022
-6944
6343
7248
-2651
6888
6263
9682
1837
3532
-5694
-551
-6734
-1965
-4372
-3831
1449
-8355
1057
-1772
1699
-2134
1199
-6055
1607
-1477
-7604
-1868
-8228
218
1081
-1739
9266
7175
-6513
2156
5570
1135
-2348
-4933
-7710
9560
5330
2034
-3945
-222
2544
7927
-8092
-1685
-1113
6438
3724
-8605
5227
-6408
6752
6123
-6566
-4829
-2210
6217
844
5963
-9741
-3357
-3107
-687
-6319
-7640
2576
-1328
238
-8776
-2307
-4298
-864
4325
1487
-2318
-9068
9480
-1924
-7890
-7966
3672
-8983
-8499
7750
-289
-487
269
-3806
-1496
7163
4329
-2426
5526
-511
858
-2188
-9381
5049
6279
-7636
9413
4259
2220
6559
495
7734
-5316
3870
9225
6803
-38
5101
-3823
-3020
7206
755
6779
-6558
-6144
-254
6214
7728
3655
6647
7347
3515
940
6228
-8471
-7891
-592
3307
767
-4038
-5884
1799
3035
2829
-8259
-407
9297
-4630
-6774
25
2566
-7725
3649
-887
-7691
-3505
9841
4591
-432
586
-1434
254
-6459
-9817
-8214
-814
-2813
2611
-6511
-6724
-1121
7864
461
1451
2896
-8978
7275
695
-5819
-258
-455
-3183
-9468
1884
9117
1492
5513
-4637
1028
-9567
-5433
-3852
1814
3791
1335
5938
-5783
2001
-3300
3427
160
8726
-7924
-7016
-85
-8435
9618
-266
6295
-3203
7576
-8009
2482
-6197
-9802
-5069
-8417
3369
-3461
-9383
-2360
-5506
-9555
-9219
7167
-5143
-7424
1798
3716
-8093
-6423
-2879
-7639
-2079
-2556
-7642
-233
-7908
2450
-664
-6202
-5132
7827
6202
7090
-8463
2629
7181
5256
-764
-7610
-4776
-17
1477
6389
-1283
-6076
6798
4646
4432
3284
1653
-8633
4990
-8906
2458
3180
5677
-5348
2483
4626
2113
4255
-756
78
-3844
2746
1442
-2835
-570
-155
8762
5421
-5687
2567
3949
-4918
-1013
7977
-9503
5121
9575
-3016
-2327
5909
-9635
-4046
-3113
-1069
-1987
-6279
-7547
-5937
3522
-8695
1913
-8789
-7873
8950
807
3397
3299
-4702
7260
-5892
-6858
8663
7563
-6310
1631
477
854
6877
-2806
-6429
-3705
9694
-7450
4178
-6966
2486
2260
-2842
-2532
-3955
-1985
-1387
-5712
-6405
-4931
-3701
-2367
-6679
310
-8217
-2836
-7636
-2743
-4950
297
401
-1173
-9123
-7796
-3709
-3493
686
-651
3314
-5541
-1362
2694
6037
3636
6377
-1625
-8716
6761
-7642
8260
-7758
1387
4128
6132
4704
-8140
-981
-850
3247
-834
9681
1368
-6739
-3582
-7800
3365
-2976
-4338
7938
-3282
-3010
9477
-4214
7510
-3686
-9346
2015
7148
5436
-363
7600
-4250
5854
3629
-5148
8865
5424
4633
-3782
1543
-6976
3972
-9657
3720
2361
5458
474
9418
963
-8237
4534
-1951
6233
4085
-1337
-533
-3179
8397
-6443
3626
-6273
-198
-8963
-1372
5214
-3638
2482
-3326
-2995
-3495
2869
1627
4980
5232
2328
3553
104
-281
-5094
-1871
-9018
-9430
-6035
278
2644
-1555
1658
6622
5931
-9883
2693
-9259
3265
-7445
-4835
-4762
-5799
-9861
-2495
-3790
-202
9888
-8788
8850
7538
-1822
-699
1789
1031
4823
7576
-2766
-2232
4169
-2354
-1756
5485
4539
126
-8440
-7580
-148
6309
4673
4337
-9561
8434
-7584
-8995
5855
-8915
-2588
-7204
-5421
-3951
-9388
-8957
3112
-661
9323
3538
-9501
-8239
9301
-6735
-8772
6129
9968
-9700
7551
6667
-5878
367
-5292
-6129
-2031
1328
5599
3440
-5574
-2719
-1204
-8495
7907
5576
9418
838
-5576
-7229
4302
4545
7578
6278
-6645
6700
-9108
-5956
-4273
3467
4047
-8256
9932
6833
-2394
-1692
-9931
-4865
2899
-994
9336
-578
1480
-4180
-6260
-4900
1161
8891
-2738
4902
-5426
4456
3247
6778
5868
-5734
-1232
-8713
5393
8299
4480
7886
-9364
-8292
-273
7793
-3993
-6428
4903
5551
657
1532
8336
3751
6227
-9722
-7739
3517
-9587
8505
4669
-3990
-4858
-3586
-5330
9154
9157
1690
-3795
9682
7407
2568
204
5199
-2829
-2798
5411
-8407
-5240
5790
4503
8637
-4160
6953
6697
-4560
-7751
-8103
58
2640
-7690
-6766
9421
-6684
1501
1315
1484
-6134
-1775
-2803
6222
3052
-9635
-5866
7607
-5884
457
9472
-2974
6995
5695
6035
4929
423
6383
1319
-92
-6985
-5860
-9088
4025
6429
-1096
-14
3316
8148
-6309
7377
-89
4077
2172
-3490
-5459
-8228
-9459
-2541
1450
-3830
3538
9272
-7060
5997
-8879
7932
-1557
1085
5760
-4990
8095
-9600
8899
7077
-3915
3160
-2957
8420
-4911
-5830
-9102
8680
-7656
349
3084
8218
2332
5964
6022
-1470
-1245
7577
9863
-7355
6686
-506
-2049
-7508
7186
-6771
-6203
-8152
4145
-2658
-8068
8626
-906
-5818
-6031
-7892
-1837
9552
1130
2900
-127
3486
-7559
9494
178
1922
-784
4355
-1445
6793
3023
-9011
-147
9542
-6149
9747
-4522
-9577
4516
7215
-2807
4912
9010
-8981
-7798
6265
-9313
-5884
7433
8709
-3746
-3823
-7681
1530
9021
835
5490
-3623
-8472
9386
-4768
6250
-5212
-5735
-8062
-6354
-6195
-1932
1889
-4305
771
7501
-7119
4208
-6267
-5918
8400
6262
902
8866
-3286
-4018
-9617
-2527
-9555
-8782
-1581
9139
7323
-5034
-8023
-1032
-7176
-5199
1963
-5908
-6781
-6394
3836
-1680
5977
-5189
1512
-904
-6268
-8145
5608
7125
-711
-8207
-456
-1177
-6860
7197
7055
844
-5847
-8870
-7879
-3761
-3067
-7663
3509
-2940
9344
9487
-9303
6165
2750
8191
4069
8615
-4870
-2908
8142
6280
-4594
-2329
1376
-8131
-8723
5823
-3084
-5610
-6643
5972
-399
6815
-3096
-1984
-1102
-3942
-8042
-642
3494
8147
4598
-8973
-1838
-9874
7089
-5180
5690
6092
-9983
-2527
6985
2977
-455
1581
4340
9384
1052
6442
-2540
1864
5359
2176
6421
7397
-9440
8856
-7771
-783
8301
1353
1376
8679
5518
7956
7723
-4658
-6119
1331
-7820
-7825
1553
-5585
7168
-9952
-1904
-4430
2899
-118
-1967
2645
4303
-6521
-7028
5288
-2164
-836
7345
-2781
958
1765
2875
-659
7637
9370
9485
-7678
7765
-6902
3804
5451
5760
4282
-2383
-8226
-6107
-2936
-1902
2325
-7716
4312
-908
8979
543
-5568
-2316
-6725
4602
-2263
4252
-6730
-1262
6117
7005
-5138
7301
-3502
8946
-3318
570
3610
-5449
5073
-1038
5539
-4851
-2574
-7031
3546
6146
-5665
7133
6388
-662
-3834
-9818
-3526
-8493
1220
-2845
-456
-9925
-9039
3578
4276
4212
-7525
-6243
-6661
5111
-5306
-7043
8057
-2096
9237
1306
657
-3789
-7202
5419
3368
9581
-9183
-8150
-7077
4788
2089
3930
2115
-6537
-1381
79
9104
-867
9140
4804
7057
-1358
-5861
2976
3800
-3135
-4166
9696
-430
-5616
-8998
9620
6452
4086
9545
-452
2470
-4967
5455
8975
-323
-8175
-7343
-9985
435
3473
5096
5759
-25
-2520
-7523
4601
5743
-2620
-8511
8021
-3572
686
-6206
-6171
777
-9872
-5584
5297
4527
3766
7259
3892
4627
-4317
-8048
9005
-919
3217
77
1988
-479
7553
999
963
7443
-1144
6005
-3728
-7918
-2797
-4105
7837
-4107
7348
5442
7659
-6834
1846
-2766
-6851
-8342
-3263
9680
9437
3860
7062
8079
-1668
-6273
9250
6968
-2526
-7679
-5429
4620
-399
-2239
-8227
-6605
-223
-9731
-9110
-112
-596
-1270
-3898
8513
-8273
-1182
7008
-1765
3733
542
-4860
-4870
-498
-3609
-6638
9921
7962
-6493
-7838
9222
-9500
-3685
-8343
-5900
-9745
-6860
-9427
-6581
-3619
376
3856
5183
8475
-2764
7979
-1951
-5359
-888
656
-1940
4587
4440
6926
8441
-5762
8884
-4965
-1136
-9438
9082
-1205
-9422
-970
-9755
-7347
-1875
2103
567
3387
-9785
-5858
795
-3574
-8120
9584
7488
-3117
9113
8954
-3991
-3989
-63
7355
9856
-7280
-6116
-504
-7257
2621
488
-5215
-9759
711
-1381
-4768
492
9653
6928
-6601
-3245
1618
-466
7608
-978
2589
-363
3593
-5862
-3978
8294
9761
6853
-6432
4430
4040
3838
3227
-5894
4352
4921
8713
-4360
9547
7613
-7964
1251
9835
-7449
-5469
2295
-1332
-2642
-3776
3669
8563
-4602
-3278
2991
-4906
4297
-2956
-9485
-642
7208
-9369
1793
5279
-2443
-3091
-5735
5209
2887
-7141
-411
7803
-3836
6512
7169
4945
-4800
493
4167
2911
-3291
-623
4561
7480
-582
-6340
5009
9864
109
4516
-4400
-7482
-3015
4845
-4438
9795
-6414
3818
-9569
2579
-1156
1431
7360
4660
4688
-5438
-2863
-2675
6902
-9513
4753
-1904
-2509
9093
4830
-7729
74
4167
949
-6309
-9480
416
3361
-813
7585
8308
7995
4709
-8924
-2394
-6181
7798
6915
839
-2507
-9239
1887
3932
-768
5359
-8035
-4692
-8165
-9525
-6308
8010
-8660
4614
-1285
-9806
4692
-6492
3955
6821
8066
6893
4504
1425
4466
9039
-5853
-4972
-8900
-4023
-5155
-9133
9374
-265
-1595
-2448
8353
1729
-4938
-6128
-3154
-4102
-9786
-8260
-7180
6872
8394
-5432
6292
5414
-5536
4109
-2103
3670
1252
5734
-973
6278
8292
-3839
-5283
6193
-7872
1834
-8767
-59
9125
-605
4093
4134
-8473
-1792
-2657
-9439
8410
768
-3703
-8579
-1063
-8472
-3827
6645
4615
-8197
7526
-4251
7022
3311
-5542
7749
5760
-1198
7851
4127
-7736
231
-9924
-5601
7963
-2217
-688
-1610
-5178
6724
2960
3887
5715
9759
-274
3385
-4950
4464
-7398
4465
-2224
4295
-6356
782
-2075
7262
3258
-3875
-6116
-4493
-4441
9012
902
3644
140
-6381
4091
-9024
1574
-3649
-9411
-6775
3987
-1010
9109
2219
2058
-8860
2048
-4254
5824
-6251
3632
2333
3053
2804
-7161
-2913
3751
3102
4171
7409
-4512
-9757
-1541
2369
-7167
-4184
-6826
5570
4003
-8337
9751
2572
-2999
-4575
8165
9409
-4206
-2329
-3443
-1603
-858
-6967
-4305
-3135
4982
7160
-3001
-5187
3546
-6685
-6334
6187
-8265
-3720
-4105
-2356
-721
-1117
-6902
-2508
3378
-8954
163
7948
-3981
6477
-4921
-1104
-127
6805
-6498
5915
4267
-3039
1789
5573
-9671
3642
9697
-7471
9853
1420
1783
-1603
9840
6504
-8474
-8680
-3656
-3432
470
8788
-8768
432
-3213
8657
3017
-4750
-187
-5119
7455
-2986
-4322
4188
-5417
2613
2036
-2890
7117
-7009
4542
5074
6672
-4912
-4336
2377
-6613
-3865
-2164
-5503
9327
-3612
-6653
8615
7741
6949
-4252
-3318
9285
-621
161
-9152
-1640
-5469
-5164
9280
-512
-6406
-144
2858
9646
-5415
-596
1562
-4350
-7131
-6149
6187
4735
-3442
-2659
6670
1191
-8744
-6930
6465
-249
8847
6528
-7361
-7882
7884
-192
3450
-9464
-6512
4485
5044
-5855
8512
-9683
5034
2868
5758
-6722
8086
-5365
-1054
2758
6822
1133
5622
-1763
-3786
8826
9356
1584
6169
-1618
-5147
103
1899
-3222
8103
9547
-410
3379
4216
5705
2254
-2525
-9848
-3130
2296
3914
5853
-5932
-7123
4936
3735
5722
9895
5093
8642
1980
-1031
-2512
-87
-7932
-6040
-6446
-603
9591
-2798
616
-721
-7992
-6860
-3059
-4091
-2368
4032
-2673
7526
7424
-2283
3318
602
-6448
-1412
-7707
6523
-5227
6159
2754
-4827
8449
4718
5718
-9397
742
-8050
6989
4822
6392
5086
-8691
-8109
2836
4108
8383
6899
4083
-9204
-7378
6005
186
-892
-7209
-3293
4334
-9522
-3000
-8446
2438
-8058
8297
7880
-7582
-3311
2868
-6334
-4057
-6080
-7061
-1732
964
9663
8616
1151
-3321
-2930
-6136
-4040
6236
9737
2427
-2688
-8239
2041
-6137
8821
-5241
2760
807
2952
-8387
-4164
-9477
6159
-9268
7700
-1724
-7951
-9034
4993
4247
-5420
4681
-1714
4432
8330
1492
1239
-1934
-9928
2683
-7385
-4889
2078
-1572
4183
7385
-1180
2656
1802
-3162
-8553
2818
-2682
-5430
-3728
9726
-2139
-6679
9851
-9339
-8538
616
-1792
-12
4690
-6619
-5764
7821
-3689
2676
5131
4971
-7550
-7347
1314
3018
5999
8263
-2731
1019
5816
7561
9889
1510
7233
-3153
698
-8726
-967
1928
4889
2468
4332
5960
4219
8834
-6168
3561
-186
-2247
6356
-1130
-3945
1678
4132
-8748
-4783
4886
-8567
1294
929
-2625
1696
3485
3395
8977
-956
-1757
8578
4867
-3593
-4872
9441
2747
5449
-4884
-473
9289
-9108
9132
4093
-9367
-9726
520
7052
-5831
-8802
9723
6819
7535
1428
-908
-2385
-686
1755
-6273
7807
1983
-4711
601
-1464
-7586
4093
4388
1584
7070
-8140
60
-3329
6670
-1806
-4049
674
279
-5758
-8311
5063
879
-251
1514
-6816
9580
-4981
9523
3927
213
-8746
-4991
-4147
9395
4509
6995
6737
-9872
1614
-5159
4430
-8177
-8460
-7981
-4028
-1412
-859
-2292
-6330
-9532
7452
4765
-3456
5372
4700
-7657
3709
-3754
-1971
3438
3583
-6049
5490
5595
6118
3485
-1701
-9558
-3577
-1007
8714
-1792
-997
-1379
2025
8871
2273
-8825
-4817
7162
3261
9335
9131
180
-9374
2085
-2603
3334
-8355
7046
-1890
3589
4387
8495
9815
3084
2091
9485
2250
4136
5294
5243
-6444
6677
6033
-3802
8898
-657
-5600
-8721
-3547
7798
-1424
-7625
3036
1349
-5163
-4456
-6203
-55
4330
-7772
-5926
-3739
4534
-5974
-4242
-5654
-5250
8738
-2776
2970
-9014
-3501
2613
6344
-7511
1563
-5410
2085
-268
3279
-1131
-1426
4788
901
8958
8817
-4881
-5886
-3128
7024
-6513
2031
-8418
-6045
9
-7712
459
-7921
6907
4020
-4153
1344
8543
-532
-8384
1284
-3410
9794
9892
1601
9291
-1674
4013
3612
3759
9239
6335
7155
-9394
-2894
-1118
6973
-4648
7109
-1805
19
5156
685
3313
-7602
8561
9141
-145
-4997
897
-8657
-5810
-3447
-4711
-8633
-7772
-5061
2737
-6126
-8095
-3719
-6982
-9261
5490
5045
1724
3676
-9539
3595
-6278
-2679
-8793
-5329
7886
-5278
5851
8080
7180
-4235
7947
3623
8051
-7526
7285
8606
-1668
2400
1090
-7697
5127
1041
-4416
-9726
-2672
1288
-9555
1722
-1607
4880
502
280
6779
9809
3609
5624
-4214
7055
-782
-2190
1869
9128
-6153
-4368
-2796
316
-4358
8064
8893
5968
4004
-1749
7590
8280
1411
3247
-710
-4328
-635
8872
3976
-5737
-5270
7258
-2569
-6734
8000
3627
4244
-4496
-7571
-7604
-9990
2153
7031
4788
8297
6417
-7341
-8566
-2839
-7947
6257
-3274
8068
-5402
2632
-5115
8055
-7017
9218
8032
-5585
-1574
-3949
7555
7111
5738
1317
-9787
-9647
-483
-4875
-5288
8655
-6065
8479
-8221
-6355
1995
3367
4338
1677
2910
8771
-7379
9253
5115
-5577
4100
-4963
2820
7709
-9430
3535
-3668
-407
632
-4889
-2460
-5371
3543
62
-8828
-6731
-831
509
916
-9961
-1672
-3540
4423
-5385
7816
3384
-7245
-968
-2739
7592
2856
-1606
7802
-8701
329
-4458
-8892
9152
-8221
7217
-5295
-4940
4896
-8696
5891
3450
290
8269
6860
-4665
-6003
2865
-8186
2402
8940
-7465
-5473
6352
9216
1535
-2711
1602
-5399
8562
-5870
6069
192
-7140
3744
9201
9402
2134
-301
1215
214
-4684
-4864
-8181
4117
9443
-5760
-3110
1486
-6239
-8101
-1434
7340
1029
-4907
-9836
7616
-3224
-2311
8166
-6372
6250
-5927
-278
3186
-3746
-7097
-9396
-9472
2899
-4004
-8428
-7066
5663
9443
-3220
-3171
-8778
9739
-9093
7108
-1248
-8977
-8922
-2588
-9258
1819
-6553
-1406
4855
-2287
5997
-6381
3902
-9818
7677
3973
-4136
4276
-7889
-3193
-4318
4785
-5149
-7307
6614
-7090
-7122
-9115
-7185
8999
-8413
7916
-3984
-8199
-8113
-4122
4606
6081
819
-2127
4799
9492
-2925
5056
-2530
-1645
-823
-1405
4356
5348
-7348
1361
1695
5426
-4249
686
-1815
-7556
-3076
7654
-3586
-9004
-1090
395
3125
4173
8861
-7768
-8826
3736
2084
-4911
-3482
3853
-4939
9507
-7881
8170
2854
-7817
-360
-7860
620
-5970
-8311
-4497
-4396
-572
-4938
2546
1328
-6171
-2608
9845
5626
-6424
-6941
8923
-1802
-5242
-1931
1678
-4374
7455
-9153
-9562
-6121
754
5358
2176
3106
-3512
1076
8470
3661
1697
-8366
-9268
-9740
2733
-5078
-6854
-1713
-3858
6957
-934
8706
152
9794
-5054
-4159
3927
6828
9729
-1596
-5337
243
-6942
-9812
-477
4108
9094
5468
5499
8922
7440
-9693
1010
5115
-877
-2098
-4573
-9031
856
-5116
3237
-9326
1727
-2147
-889
8537
-3424
9507
1067
-5490
8481
6352
-2259
9324
-3209
8769
-4170
8463
5577
4100
3069
3592
-2462
5226
-8708
-2954
1040
1900
6623
2791
8649
4843
9168
2229
-1529
1064
1686
-6217
-6980
-2889
-1691
-7916
1526
-295
-7602
3087
3372
6730
-222
-6606
-2308
1139
8084
9627
17
-9273
4685
8616
-3997
-6207
3447
-5879
-1191
-1422
2392
-2563
964
-5952
2901
9611
-7571
5669
-3660
8654
-6383
-9889
-3033
9745
-3945
2856
-7987
8779
9150
-7578
4429
6016
6886
-9513
-8401
1869
-996
5077
-1853
4757
4955
1189
6150
1937
2815
4891
-4180
5908
6044
2996
-3680
8598
-3358
-8223
1096
-8455
3679
-3203
-7171
4943
2474
-6743
-6288
-6470
-938
-4389
8351
-4393
-7465
6865
3312
5407
9926
55
7533
3737
-10000
189
1255
-9632
2378
9678
-657
-8744
-7844
504
-2018
1444
9204
-8282
5318
-456
7087
-7565
-8168
3753
1696
-1343
-881
-3597
-8633
-8004
4081
-9266
9646
-4294
4269
-642
-388
-4330
770
3569
-2599
-1216
4638
-3368
-1797
-294
-3363
7265
-1829
-610
-1385
-5887
9972
-2841
4186
1075
-6001
-6945
3384
-2105
-3772
8906
1128
718
3332
1659
-3095
8028
-5497
-7297
1437
-4238
-1287
4515
9082
6203
1650
-2351
-2272
-1393
7736
624
-507
-7927
5396
-8896
1664
-1653
-8002
9402
-6066
-1977
9597
-9029
3696
4296
-7867
-6099
9759
-2762
1839
9971
-5204
6232
1168
-7855
4437
8610
714
-2119
-7823
-3032
4351
-6989
3975
-278
-1662
3103
7979
-8991
5980
-6995
354
6904
-504
-4000
5538
-1980
7649
-6556
1614
-1573
816
9106
-5058
-1903
-6104
-172
-2490
-1948
-8982
5749
5543
5592
503
-2824
7443
1392
-7949
1507
-2752
-2702
-4798
-2864
8766
9480
-1630
-8033
1035
-5836
7248
-2539
-4119
-7332
7331
-5505
2181
-865
4538
-8247
4875
9460
-2272
-6243
-6819
4456
-2092
-8029
-1225
2342
2727
-8212
-7142
-6589
5722
4625
2925
-3341
1201
-6560
-195
-7430
705
9423
6292
-7242
-5250
-294
-8320
911
-1886
745
-6926
1855
4097
9587
480
2423
9077
-3213
-6629
-7965
-2941
-6610
3537
-292
-2205
-871
-9722
-69
1867
-3208
-8389
-7561
-5870
-2773
-9885
-1777
5761
-3274
6930
328
-2947
1117
1105
-7245
-8245
9884
-6626
-2665
4823
-8677
-7603
-158
-2685
4536
1646
-465
875
-2171
2386
-5301
9854
7625
1465
2544
-8356
-1930
6962
721
-3533
7619
5329
-2378
-5978
-6004
-6281
5651
4800
-1109
-8888
5552
-9601
-1304
9673
-4085
-9590
-7217
1836
-6519
-7696
7516
-6091
-9853
-7846
4623
8746
3
-1857
-3458
3529
-2725
-7594
-9100
3234
-4562
6161
7581
-4501
-4272
6166
-7852
8773
8465
-4866
6860
8716
7712
-8651
2855
132
-8534
-1567
-2590
-2982
-2982
-2881
-9172
4372
-1732
-527
4557
-4570
2709
1478
9087
1889
7869
7088
-4507
5486
-8600
-1335
-821
5571
-6388
5755
-2844
9014
5610
-4987
-1119
-3478
-426
6759
-5209
4088
-7526
-6527
7585
-577
-6625
-3638
-5151
8811
3079
2157
-4334
8095
-3224
9296
-7445
4696
-3035
-1383
-4029
300
5023
-7476
4395
-3024
6236
7903
-1301
4830
5402
6541
2221
622
4072
-5488
3601
8669
-16
4975
8891
-6807
9524
34
-2795
187
-6306
-9645
-3726
-9353
-3904
-4005
2758
-6726
-9736
5415
-216
1818
8984
7832
3135
-1867
1083
-9161
2066
3993
-7190
-3498
-3435
-4976
-8280
-8000
-2523
9281
-4304
-2628
8431
-4383
-8773
3305
-7726
952
4476
-4325
5816
7590
7854
5085
-7935
6543
-2365
1015
4811
-574
-9445
-2522
7529
-7195
4501
5382
-5010
-616
4659
6727
-8947
-2252
9337
8103
-1173
-4435
5095
4270
-7325
7591
4467
6858
1397
-5331
-3518
7017
-6673
-2779
-7106
-6223
5458
-9297
5125
6363
-7513
1634
6540
8660
-1890
2169
3532
-4217
-9415
-4953
-5607
-9793
111
-6109
-4918
-4158
5972
-2406
-7188
-9770
-9741
8427
3467
9780
-7119
-8531
4621
-123
-2915
-1635
1691
-9135
6675
-7393
4894
3852
-1716
5996
4938
9624
885
-3025
836
5409
-5791
-9374
-5748
-329
9352
9888
7192
-2553
-3627
3951
-3215
3073
3495
-3459
-3985
-7360
6575
-9210
3459
-4994
1546
-5518
3090
9582
-6469
-2325
-3224
1501
2180
-1208
-8263
-8727
-7146
2860
-567
4514
6888
-7208
-6289
-8326
9335
9135
-433
-633
1243
4647
-6009
5404
-3611
-1892
9628
-2183
6402
3230
8475
4595
-8871
-1577
119
9925
2817
-2168
4788
25
3686
2845
7981
-1334
7750
5300
-3902
4947
-9126
6220
4130
-4415
-387
-6917
-3903
6200
-3297
-3639
-8013
9838
8981
693
-9831
-5318
-4540
-1602
-2683
6900
-5861
2913
-5050
-3363
2864
5489
3738
5716
-4396
4132
3361
-78
1889
-5350
3628
1570
616
4375
7115
-8022
7235
6277
-5439
5020
-7211
-7869
4551
-1697
227
-9212
-1087
-7594
6896
3761
5598
3316
-885
-2942
4765
-5081
-743
-6078
6466
-4499
-5924
-5537
4124
-3898
-5879
-649
-648
-858
-5013
370
-2080
7293
8767
1200
6701
-6481
-5969
6844
1785
8865
411
-8388
-1386
-959
9347
-2121
-431
-1761
-2879
6150
-685
2799
1438
3056
-1998
7963
5065
5151
5983
-4443
-753
-7561
-5089
-1037
-5923
3989
-8481
2191
325
422
2015
-6224
-4037
-8097
8131
4827
3153
3059
-9697
-1940
-3169
4259
1190
-8157
1854
2252
-1203
-4129
7531
-5341
-971
6963
4524
-4614
-924
-856
-953
-8399
-2263
7991
2635
-8503
-5492
486
8340
-1196
-3234
-6323
2228
-9661
9999
-5757
2930
4625
2657
-7636
2190
-4508
8671
4191
-4978
-861
4236
-4547
-2139
-5582
-9788
248
6755
7756
2223
-7918
2838
3300
3248
-3310
-8757
1335
-7952
-8306
6976
1913
4026
5209
-5386
2364
-4794
3305
2096
-7237
-8992
3077
5014
-6670
-2764
-9762
-8934
1303
-5755
-9941
6406
640
9420
-2031
1594
-4265
-54
6816
2056
-3213
6128
-500
-137
-3368
-1432
3811
-9905
-3135
-601
-9650
1225
4199
-9317
969
7136
7401
2514
1450
-612
9956
-3794
3107
-1408
-7613
3841
6418
41
-4847
3323
-5869
3879
-7766
8015
1994
4637
254
-9553
7148
-4321
8227
-751
-241
-728
3714
-4664
537
-8852
9352
9793
-3949
-3217
2811
6259
-4978
5528
3981
-798
-9844
9973
-5271
3299
-5892
-6883
4569
8947
220
158
4378
-4114
7597
34
4059
-4813
3704
-7818
6677
163
3542
5131
4665
414
9844
5499
-6195
2897
-8964
-9739
409
8486
4911
1793
5158
-3633
9200
5320
-2187
5925
-8184
5180
-5942
1694
-6611
890
1043
-5733
7372
781
-9472
-7247
8848
-1712
3075
6188
5438
-7254
2171
-3501
9250
51
-3037
-87
-2386
-2315
-6511
-9844
-1914
9321
7987
1576
-7576
1620
7966
6566
5592
-4636
7167
7117
3077
-8277
-4706
1599
8611
4483
7106
-5523
-4844
8069
-617
6050
-1755
-4259
-9728
7243
9237
-6082
-57
2894
4093
8643
-2674
-1000
-1847
-5573
-4293
-7011
-6405
-2002
4867
-6335
-2950
8685
-3465
-9712
6020
-179
9115
9452
-1021
743
-8591
-5102
142
-7719
9013
-6988
4505
244
-4204
7376
-8733
-533
1169
1440
9717
-3468
3568
2315
589
2784
5188
-9559
2834
-7063
6953
8935
8124
6188
-9873
7660
862
7925
-8504
-6526
7216
4010
-6882
-7941
1694
-204
9586
-6337
2338
-6211
-3104
-7887
2255
-5046
-6122
3273
6787
-5242
2011
-9205
1652
5962
-6759
-8255
500
703
-2169
-9108
-421
100
2740
4294
8564
-6317
-9260
-5581
1785
-6045
6661
400
-484
9824
-8474
2224
2016
-6605
-8226
1387
-1562
-2664
-7442
1779
-3823
-549
-4805
5149
8771
7627
-2081
-277
8233
-3919
2195
3489
-8673
-5000
9527
-5471
-8201
-2116
4153
-3144
-1571
28
-1781
-7733
-8173
-3212
-4814
9778
-368
3418
1116
1116
6997
177
4662
5977
2310
2897
-2939
7894
1385
2800
470
-9340
-2317
5517
-3704
-4561
2237
-3959
-9566
8688
-4876
749
-4857
-5848
177
-3117
-2792
-94
-3173
-7892
9184
7410
-4938
-8695
7254
-8289
-8811
-9349
-8306
-6637
-4471
8138
-3264
3257
8384
6963
285
-2130
-3936
7803
5054
1982
-3398
9944
-897
3641
946
-2934
3790
-9539
6298
6931
9277
4642
-4948
-6995
3072
458
9022
504
-7553
5968
7006
5450
4079
-7862
6635
-3277
3789
758
-4891
9496
-2129
9621
6392
-6313
-7320
9529
-2769
-4049
-621
-6293
9398
-7896
1405
4943
-6109
-4352
-9885
-4236
4184
4875
9282
7741
-4788
2448
-2128
6152
5863
-5469
-9326
-7619
8534
-2697
3529
3431
-5421
670
-6538
4008
1457
8691
7018
-3747
-2975
6745
4947
3606
-3387
-9968
-7073
-1210
5413
1736
-7557
7574
-3820
-2432
-514
6248
9312
-4439
-9565
-7684
4681
-4672
-5253
6433
-8122
-436
2352
-8959
8714
7297
-290
-2884
-892
164
3728
-5112
6010
-4284
-2666
-1374
5964
4577
-998
-1637
-3488
6521
-8644
-4543
-9573
-5459
6801
-9709
-6479
2761
2656
4889
-3710
1598
-879
-6281
-1245
-8164
6979
7955
-4275
-3015
-7923
-9582
-6364
737
7247
-5639
-4606
4866
-8794
-9638
2273
9153
176
-456
3511
-4937
-2079
3949
497
1463
2241
-2175
-7368
-3024
1133
-9251
7240
1361
869
-7899
9245
-2047
-688
9600
-1771
116
-597
-434
5394
-2902
4304
7967
-8362
-2747
567
7240
2227
7938
-6669
-6692
-3514
-3830
9437
4318
-2002
-2457
-5532
-3897
5874
-4067
8958
-4059
-7643
-3419
-249
7483
-7464
5432
-9958
9754
1956
9240
3177
5382
-1697
-2259
-9865
-7456
-3705
5444
-4530
5470
-4563
-9075
-5134
9294
5050
6358
-7529
-8842
7902
-2201
-5421
-5646
-8908
734
8637
-7565
-6346
3790
4380
7590
6800
7226
7989
3700
6002
193
-9358
9166
-4632
-948
-5936
-1663
4482
-7222
-1699
-4221
-3264
2703
-3943
-9981
154
446
8835
-2152
2457
4192
-6197
-6496
-4292
-8745
-9638
9222
4356
-694
5290
-3817
-4610
808
5814
-8614
5855
9173
-9521
9703
-5371
5506
-5429
-9906
-2228
7697
-2833
1025
-3581
6147
6389
-77
4942
-5827
5909
-6073
-6841
6491
-1974
9706
-2491
2108
1440
-5014
-3074
-9223
1671
7567
-5003
-666
-6069
4711
-7883
402
6984
7260
-9831
-8420
-8230
7810
5111
5251
5095
-2943
-1936
8774
7970
-2941
6027
-9149
5120
2210
3842
4391
9863
6367
-4764
5654
-4658
-2991
-2072
1798
76
-5970
-3826
3870
-6361
7591
2115
-402
-8687
-6589
-1390
-897
-7350
-1442
6954
-540
-9288
615
7867
3229
-9536
5001
5895
-2708
-4123
1619
-9776
5136
2040
3060
-5561
9034
-7046
1843
-6147
9786
2719
7816
-6746
1971
9873
-887
6047
3601
-958
1536
-3280
-4868
-5012
1042
7578
-7419
6066
-109
5631
8492
233
4362
-1232
-782
3364
-1937
9039
4518
1568
-9051
8024
-1915
-6380
-4359
2124
4171
-9662
1919
-6515
4228
1144
-642
504
-7912
-2396
5572
8340
4269
423
-632
2036
2050
2019
2795
-6973
6669
-6312
-1511
-6536
-5636
2015
9368
-1782
-4360
-9501
5234
921
-5461
-2894
-5494
1123
-1340
-7819
2960
-9399
157
-5941
-405
8348
-1959
1902
9878
7584
-5370
-9137
-8648
5710
-4079
-9661
7105
1556
4299
1340
2644
8747
-7339
6008
9683
-5514
7761
-189
-6519
9954
7002
9884
-1054
-1181
-4629
6106
1819
3632
7944
-3576
-7976
-5795
3613
5249
7145
-9625
-2366
-9802
5535
9375
4512
5448
-2441
-2620
4517
27
-2367
-6759
1760
-6254
9304
-9168
-8333
-3952
9190
-7020
-8323
-6460
9785
4903
-2655
554
-2339
2097
-3659
3108
-8460
5004
3277
2885
7804
7381
-8721
6455
5328
-3631
5389
-6279
-2921
9665
858
640
-5276
3083
-8894
7411
-1197
-1953
95
2335
-6540
9038
1612
3065
8407
788
2387
-4853
2722
8521
-9659
-8938
3000
-9632
-1294
-8070
-6148
-8257
-4860
-5331
-2058
4278
-9063
1988
-7978
-8020
-3936
1941
1202
-5286
8214
-7426
-9214
-8478
8898
-8958
-3242
-1980
-5393
3240
-2812
4092
-2074
-7716
1088
-7613
8785
-9904
-8292
2177
-9037
5909
-370
-2678
8210
7033
2342
-3883
-5526
-7707
3116
4445
-2787
5135
9569
-331
-6416
-3288
9867
2955
1753
-485
-7715
-4559
6029
8653
6634
7610
671
587
6639
8667
3647
-7713
-9306
-394
-4686
-385
3511
-9569
-6455
4296
-6074
103
5961
2529
533
9649
8823
924
9839
-7534
-1072
3129
6253
-841
9769
-4123
-3192
-1882
7759
-7776
9294
-5275
18
-5384
5202
7547
-2676
-9926
-7160
-5787
-4635
8044
-639
-7693
651
9700
-5222
2638
-6054
2235
-8258
7292
3536
-1530
-6489
-8462
-6818
-7270
-5556
-8028
375
4893
2506
-96
1571
5628
-6837
9101
4905
-8367
8929
-8159
-872
115
-5873
-7295
-3572
-5373
4886
4183
-8691
9931
-2610
2273
9143
-1143
3865
3871
-5214
6721
-2342
-2124
-9483
-3789
-3573
764
-79
-9079
5528
4873
8642
9310
4576
-3696
6982
7362
-2123
-8276
4677
4508
7944
249
994
7564
812
-6207
-9721
9249
5589
-8237
-8247
3508
-3875
5043
8241
6555
585
-4084
-7790
-2627
-6256
2762
-7381
3218
4601
-2086
-5866
-4354
9474
3142
6911
-7329
7703
-1254
-5804
7522
-6043
4459
-6556
2033
2591
-2232
3457
-3196
2425
-677
7672
-8130
1427
4871
-9281
-7903
7611
4160
-2911
9957
6304
9373
6798
3990
59
7432
5064
3967
4743
-8610
865
-3188
1233
4453
-825
-4196
7
6175
-9564
-622
7770
1123
1959
4959
-1380
-5443
999
8078
5300
7640
-2722
-3936
3489
1031
-5602
1082
3470
1855
348
-7115
-6199
-3863
-281
5893
9678
7822
9314
3105
-1520
2686
-2437
-8299
8021
-9706
-7617
9081
1140
-5992
9104
1318
-8957
7032
6163
5249
-3136
-7233
-8877
9737
37
-3664
-9374
-7998
7218
2798
-791
8289
-4912
4459
8726
7710
9184
8357
-2574
1056
-9135
-2904
-8894
-9611
1494
8550
-9330
4279
282
-8294
4190
3647
-6540
-4889
334
-7579
9795
9685
-4103
-3884
-1547
-1602
5701
-5015
-2194
-1967
4333
3117
1679
951
-2772
-2854
199
4796
-7230
-1941
880
-863
1110
8848
958
-6566
-2736
-5210
6171
-8835
3847
-1548
-7751
-7623
4979
2284
7386
-8289
-4627
-7764
5759
7351
-3638
3946
91
-6331
3596
1451
-1411
7730
-8217
3918
9615
9294
-6902
-1988
240
-6827
4966
1
-985
3671
-5640
-4963
3801
1774
-9504
7865
-666
-478
8298
7286
224
-6845
8659
-9802
498
1709
-2787
4950
-498
-7119
8515
4729
634
9687
9559
-6925
-4357
-4623
-3226
1419
6055
-758
6169
173
-8649
-9507
8807
-5717
-1030
1651
1444
-9909
-4453
9557
-4196
-4823
-4080
-8361
-8080
-9780
349
-2503
885
2593
-1429
-8438
1230
-9597
7590
-8479
-2019
3980
3173
4695
-8571
-8754
5422
-1080
-5733
-7093
-4241
4722
-488
-1278
4596
6126
-3033
-8186
-9294
8994
-2486
4068
3320
2450
-5455
2495
-3748
-475
809
5945
7284
-1258
-9997
3904
4660
6348
6690
-3139
-253
-5599
-8015
-7868
-8524
4579
3485
-7101
-6746
-663
-64
8542
-4604
-3985
4850
1445
-6095
-2027
-5531
7860
2026
7943
452
1840
-5232
5634
-4575
-3329
-1365
5926
-1154
-9251
-3481
-1693
390
-7998
6362
4749
1404
2964
-6954
8093
6469
7471
3932
-8986
-3061
3841
-997
7008
-670
-358
2904
8975
5330
-7677
-5287
9014
5979
-2510
2710
-377
5567
-3113
-3180
2527
1617
-9269
-8326
4461
7694
-3615
-1429
-6592
696
-7466
-5964
2598
1734
2636
6710
1676
-1222
3439
1746
1834
2160
7170
-4493
6184
3195
9495
9629
2111
7057
187
-5377
3064
-4451
6529
9910
-261
3384
5622
-4040
-1215
4478
-8092
5043
1720
-3865
-9605
6224
4991
7313
-7400
-3346
-260
4132
6587
5257
5585
6604
-8894
4433
5872
-8401
3690
-3933
322
7600
-756
-2222
-8568
-3936
7072
-9493
-2039
1967
-5240
9845
6461
-9663
-3276
5279
-9410
5916
-8017
1036
-1107
-3358
-7719
-1093
-4115
9743
-4951
-7643
4737
-4794
-279
-6980
-1543
-3158
7145
-6430
146
-5892
-6171
-4668
-949
1131
-2912
7774
-4340
6977
-2471
-6585
-923
7004
8782
-3468
-7408
-3046
-1007
2135
-6424
9444
1362
9289
-191
-8339
-1938
9434
-814
-7599
8935
3296
-5511
-8900
-4669
3266
8998
8201
5472
5433
2158
3824
-104
-8691
8611
-478
5488
-4853
856
-9617
-7534
-2475
-7714
-7299
7321
-3244
-4146
-3456
-674
-7288
-6564
9805
2349
2230
-3365
5105
-1694
-3161
148
9565
-9926
1610
8319
-1296
-4689
-953
8824
-3991
-5734
-2085
7111
-1886
7763
3529
-1426
-5715
3890
-5675
-5824
-6742
-2751
-3244
-7487
-2716
8387
-9244
-983
4460
-447
7218
-4712
3998
8661
668
7307
-3860
4682
9688
-6174
-4626
-487
4749
6323
22
2056
5836
6765
-7025
743
3859
-7365
-8478
9094
-8531
4843
8071
-9804
-8213
-9309
8779
-3335
6660
1170
-5253
-845
4840
5078
-7125
4768
1741
2816
-95
-1159
-5578
-3146
7536
1157
3579
477
4625
2969
-8457
-9816
-6779
-7521
7669
-8862
3369
-9608
-7022
-5029
1959
-6174
8614
4713
-5212
-3437
-5455
-9725
9767
-8391
-8588
-2966
-5488
1837
5007
-2998
-3216
4635
7024
1427
570
6494
3242
-248
3961
-6206
-5012
-7850
-8914
-8768
8460
-9443
4263
-7006
8302
5757
7999
5475
6606
2354
-6373
-4583
3952
327
5209
-9889
-914
-3702
-2939
-1792
-8016
-2941
8532
-1371
8486
-5956
3160
5764
5997
-1008
7026
-5861
-5721
-7398
1009
-1099
-5937
2118
-6030
2112
-54
-9009
6718
4781
6582
-4615
-5576
6325
-9289
6121
-3252
-1129
-4339
-1651
-7864
-6555
7286
-4088
1481
-2015
-3444
9782
9697
-8360
-9615
-6909
1256
-7099
6504
-7069
7753
1188
-8854
5841
6589
-3675
-886
-2650
-1420
-6457
1048
-7522
-3551
-8960
9357
7288
7853
3607
1536
5329
-1784
627
-1562
6221
-8301
8166
4468
1719
-71
-2928
3338
-1066
5577
3652
-284
4137
6777
-1702
2559
7875
3339
7228
7254
2738
7554
8292
6483
-5152
-9275
-1720
3110
8356
-6704
435
4772
1148
7632
4700
9302
3017
9647
-2200
8819
-782
-5830
-7789
2493
8238
9106
-7737
5016
3405
-7008
-651
-128
-5904
9875
-8310
-9309
2957
1502
-4848
9109
-3280
5001
-1154
-7352
5861
141
3778
-1694
2251
-520
3870
4393
-4225
-1200
-4391
-3756
1725
334
9387
9373
8767
-5624
8828
4262
-4745
-222
-2122
3753
7753
-2775
-1230
-8892
-9918
9686
-4332
8042
4760
-9250
5664
-2190
-7342
-1326
9985
-7401
-9534
1399
-2064
-7056
-7475
5424
-1740
7444
-8639
983
2750
71
-3370
-1495
-8050
8049
-7093
-9624
707
6872
1185
9528
-9189
6440
937
8455
5207
-2017
-6682
5770
6430
667
1452
9425
2167
5973
-4349
-780
-5504
-5618
4296
6905
2226
1595
1604
-3168
945
1135
3845
911
-7632
744
-4508
4325
3859
-5520
126
3065
-7794
-8043
-9614
-3104
7369
8566
4392
-6480
-6700
-4887
-488
8509
-9988
4602
-1791
-8129
3487
9867
-5547
9153
-19
-5385
8908
-4863
-6774
-4687
1938
3526
-3334
-3429
-4087
-136
6923
3873
3565
-406
-8522
-7596
-5733
-3114
2726
8418
5145
697
-9005
484
-1429
4407
-4100
-9609
1259
6234
416
5179
1839
7808
97
-5080
-5707
-6359
-3976
1117
1359
5045
1439
3815
9971
7122
-8565
-754
9313
-6216
-5908
8181
-246
-8200
-1454
4142
6060
9628
597
-5129
2711
-5205
-3927
-9585
-5092
-9613
4011
-5097
3605
597
-3076
-6336
-6463
-9685
6209
5886
3990
-5710
1359
-7609
506
-2505
9891
3624
-5866
2078
7436
3320
4450
6192
7604
7982
5875
-1984
5826
6605
-3262
4173
4727
362
-5875
-1649
-5994
-7406
7061
8263
-8050
6757
2160
2211
33
-7794
9443
959
4246
3607
-6720
3464
-9596
-7768
4736
4049
-6879
-8386
-471
-5584
8175
9613
7177
-3583
3608
7163
5928
3886
4164
8102
593
5032
3056
288
-5119
7186
7415
3093
9428
-4264
-8741
-3974
-6354
5747
-817
-943
-6859
2505
-2884
-1095
-5552
6788
-2750
-2401
-935
7705
6392
-4576
-876
-6752
-4464
6801
1639
-7891
-3875
4793
-5184
-4739
9182
-6027
217
-6116
7512
7900
7391
-1925
-5274
7225
3400
-8565
-4370
6142
-7781
-2848
-2086
-9765
1222
-614
4955
-2973
-8794
-7901
6091
2272
5616
-3310
-7636
-318
998
-2866
-8706
5522
-9765
7060
-1991
-8590
-810
2225
6540
2502
2732
3207
-6124
4204
1589
8905
-5884
7879
703
3906
4428
4627
-1898
-3056
7059
6902
6816
-9204
-4414
-709
5075
6979
3728
-9877
-7639
4771
8169
6573
8991
973
9411
1773
6453
-9532
266
-2878
-5795
8873
1123
1423
1593
7331
492
-3932
-3840
7407
747
1292
-1573
4314
-3937
5724
-5689
-5094
8031
-6463
7973
-7316
-7902
4002
7120
-8086
4824
2805
8793
9657
-8056
-7138
-3089
6351
-9050
-6183
-307
9079
6254
-9303
4216
-3397
-2054
2551
-113
-8828
6567
-265
-1199
9320
7566
-5928
7679
6318
7100
-7591
-6430
4826
2508
5660
-3004
4099
-1771
-1446
-6429
9202
-3084
-3227
1186
1729
-8827
-2972
8011
8458
-5190
9829
-3367
9815
-6984
-9287
-4645
-5125
-9666
1646
3393
3344
4038
3778
7057
-2570
-9580
6224
-9048
6173
-8937
3589
8296
-2291
8573
9129
-7332
4318
68
5834
7827
1661
-6985
-5768
6929
-6666
-6371
-9173
-1435
6893
1625
9865
2847
7850
-4801
-8585
7049
-2364
5921
-7263
-491
4958
-3995
-2836
7072
2712
-6147
5846
-358
-5037
-1570
5922
8930
-3932
6618
3518
6379
-4270
3722
-6058
5920
-5714
-1668
-5961
5467
-4515
-8507
-695
1808
-6100
1871
-1685
-7134
-6025
-6396
526
-8433
-285
9120
-2221
-43
9713
595
-3628
-6503
-4040
7485
4405
-3398
6275
9244
-3456
1205
1554
5054
9844
-6559
-8327
-6731
7082
168
8546
-669
-8993
5450
688
-6838
-9458
2338
4709
3534
9017
9231
4638
-6825
608
9167
7256
-776
-8399
4364
979
9785
9777
2794
-277
-5799
-8222
-7508
7800
3244
3263
-9596
133
7727
-8033
-3380
-9366
8682
241
-6104
-155
4692
-5459
-6390
4229
8916
8783
-7748
-5975
7148
-8385
-2557
5519
1405
-7291
8535
-4080
-60
3548
5379
9208
-9948
2825
-9932
432
3620
7433
-766
-5456
5786
1964
-9949
3220
1006
3886
4676
-8149
3423
-9182
9763
-8749
-9434
9236
2488
5040
-23
1549
2456
-7426
2460
-7053
9647
-3385
2508
1310
3883
9858
3386
-2332
-1348
-515
-2568
6706
3397
4350
5661
-1338
-4263
9233
7643
4139
8663
-2451
1095
-5639
2359
7693
944
5978
4356
-4796
3110
-4835
5790
-6725
-1316
9886
6841
9508
2411
4448
2118
23
6626
6692
6750
7643
7531
-7612
3967
-142
-2896
-5456
-7266
-3092
2445
7357
-4307
-3885
2080
-6543
4418
9432
7140
-245
-2121
4524
-4634
-3644
3749
-9115
-7212
-4155
6331
-4524
-7787
-8776
4272
-5723
-6455
2715
4933
7420
3283
-6428
-2055
-684
840
2090
-8178
7197
535
-6324
-3900
-3756
7726
-1128
-2468
640
-271
-2725
-5414
9792
3373
-3501
-3741
-8296
1386
4365
6739
-9767
-2849
-7677
9311
7013
-8313
-884
-6979
9549
-2866
6916
77
-8600
803
5876
-1601
-1454
6962
2905
-823
316
5114
3336
-521
7368
2894
-1107
1538
4905
3874
-8048
-8594
-7927
1827
4585
-8735
-9368
-4182
388
-6069
8703
6691
-4476
-154
5973
956
-6080
-2864
-4610
5021
3260
-1509
-1373
-4489
2057
-9526
4789
2504
4933
-3288
599
202
-954
8374
1474
-2250
815
4865
4133
-2278
262
8265
1181
9176
-3916
-8395
-1626
3381
-5762
4598
-1448
7240
2765
789
203
9967
-5497
8753
250
4942
-123
-5211
-2084
-7569
-7573
-6635
7805
-9930
4510
-3807
-5704
9520
9349
4842
3705
-5762
9608
1324
-9318
5163
1352
-7193
4805
7523
4767
1454
3037
2904
-4677
-7378
9774
4987
5971
9572
-8601
-9363
5546
-4818
9757
-7538
8493
9646
-1694
2665
9509
-5560
-5256
5758
-1345
-8932
5027
-7234
-7090
3519
-8716
-8442
-6643
4365
7057
-5102
-534
9378
413
-1614
626
1705
-6363
-960
8773
2939
-3972
-494
801
2301
8225
8203
7961
1086
4233
4917
-8339
-5560
2544
-8409
7058
-3112
-4305
216
1791
-9369
855
-6896
2841
-4237
5637
7655
-3219
3811
-4759
-1563
3024
-8471
9398
4058
7978
1418
293
-2251
6561
-728
4364
5867
-7402
2025
-1836
-3485
3703
-6208
-3636
2866
-8025
-9333
-5341
8504
1643
7365
-4941
-99
5273
-6574
-5820
6634
5338
34
-8052
1999
9195
-7421
-7449
-2600
6304
1764
785
2052
4136
-1448
-380
7837
-4764
5670
2473
7657
9723
-8669
7477
-1765
4821
4029
-3166
-2895
-6240
-2348
2187
8833
-5378
-149
9351
-7272
-5051
-7477
5662
122
2617
999
-2021
-3942
3165
5371
4658
4585
-7788
-6463
-3108
-4494
6536
3373
-9441
-3669
1295
1728
1436
-4074
9260
5373
-1387
-7894
-9019
7222
-7335
-1699
5604
4620
4237
-4248
5470
2642
3761
-9358
5203
3686
-429
5793
4222
-5629
-6561
-8737
-5979
-3765
7565
-7698
9734
-1419
-7404
4493
-4339
264
-8832
6915
7611
2344
-2694
-4131
-5556
-6257
-934
8344
-8218
-9876
-2057
-4967
7587
-7236
7526
-129
-1842
9306
-2185
-7037
-977
-3501
3042
-646
-8396
-3032
9290
-402
9893
8895
-5164
1324
-3913
-5497
4015
-5777
6534
8938
-5690
9087
997
-7667
-1470
-3780
4468
209
-9077
-9127
7778
-5001
9360
-9076
-9527
5355
1553
9531
3015
-9505
2712
322
-2640
-3960
-8873
-218
6380
-7869
2615
-3867
1526
2416
-7039
-7126
-4353
-8973
-4626
-3105
809
3994
-9555
8604
-9188
1011
4437
-494
-1181
-1022
-2213
9780
1961
-7153
6996
-6767
-4442
-2669
-8695
4744
-3475
-8674
9786
6998
-444
-5765
-5959
6961
6079
-1077
-858
5035
-2086
-3553
-4973
9747
-8580
-5309
3574
1700
-1370
551
-1140
-9405
-7072
-4721
-2365
4014
-5785
-7763
-6683
9407
-9225
-3879
9404
-6391
-3934
4331
8189
3624
-6255
7152
-3157
-353
4125
-1271
-1977
8866
-7762
3644
-3878
5772
-7121
-7909
721
-5014
7943
4368
-8927
6457
2702
2795
-9334
1058
-40
6152
-4583
9151
6778
1835
3722
95
4447
4524
-7543
-2799
393
-1843
7038
2870
9346
-5562
-8801
-2877
9227
8947
-5816
5673
-8026
8177
-5990
9385
-7823
3322
-3517
-9972
5790
-5585
-4745
605
-5032
-7512
-9997
8039
2659
-3893
-5904
-2470
-5366
-4371
-4212
5925
-2977
6808
-3817
6837
-1113
-1819
-4856
-6117
4142
6566
1635
-5434
6212
-733
-4604
-72
644
764
2398
-3269
9108
5228
6575
8251
-6777
-7195
-4204
7300
2097
-9116
-9932
8361
-9226
-7323
-8926
6491
-6647
8953
9645
-5115
5639
-3441
-9432
2273
5095
-4980
6535
7240
-7217
-8552
5871
-4258
-7282
1016
-3005
-2432
-8622
5111
-4371
6152
-7181
-8865
928
5779
-2029
-1885
6867
3417
-1504
-4207
5433
-8330
5790
1706
4265
-3434
9989
-5939
6664
1169
3127
-7249
-8476
-7106
-5468
3999
3749
8990
-6378
-8469
-9046
-4038
8669
6021
-7695
-6605
4835
-2141
2540
9335
9103
1622
-5192
-2919
3488
218
-8170
2397
8047
-5852
-8826
-4098
-279
-1483
-1475
6902
8131
-4735
4550
3689
-985
-278
6435
334
-9878
8954
-3019
-3206
7494
-1033
3742
8453
-8022
1986
-3190
3262
4741
-7463
167
-1851
-2372
-1113
-6530
-4229
5767
-5101
3609
1285
-1093
2217
-5264
-3924
-5600
-5247
-1121
-5313
2853
-531
6875
-3610
257
-7279
-7758
7902
-6602
-3147
-9759
-1441
1734
-3525
-6657
-7417
-2512
6120
-5948
371
-2076
5742
-7775
666
3178
-416
-7761
9759
-818
-2200
6385
-3746
8128
5945
8787
-6541
8555
5329
-2820
-9155
44
-2214
-1434
1758
5795
4622
-2894
-3068
9447
-1599
4717
-2391
7358
1542
-911
-8012
1723
4448
-5733
-8852
4744
-6548
6508
4215
58
-6714
-9126
7969
-1312
7523
7544
8600
-5495
-8941
-6230
6534
9467
7672
2215
6890
-5032
4635
-8536
4749
6512
9544
-4493
-7565
-6319
2103
5669
-7717
-9999
301
9885
-4505
-9900
8076
9073
8621
-5689
1630
2196
-2418
-7611
7482
4046
8556
655
3074
-9839
9147
-9332
-9614
6840
-3502
-5042
8655
-5645
1404
-937
-364
-3167
4180
-6838
-9974
9181
-7640
-422
-9992
-4657
9390
4748
-9046
6094
-9492
3051
-9183
-196
6066
-2323
2274
3538
9128
3625
3130
-9123
-7024
1674
9701
3422
-7170
-4567
2871
231
-5944
-8647
-4503
-2807
-8064
-6859
-2514
3748
-8093
-6409
8710
5177
8105
4951
2828
6793
8440
7800
3298
6831
4663
305
7710
953
-8651
-4646
1403
-1488
2970
-9156
-5336
-4358
8273
7744
-8110
-3772
-6218
-9239
-1821
8685
9560
1185
-6161
3314
2328
-1780
4749
-9876
7151
4870
3735
6918
7821
-8188
-1382
3780
9130
5565
-7260
-7706
-599
5312
-8684
-3685
4594
8000
-7832
2671
3439
9019
9109
-4728
-9383
-3810
338
-3194
-9101
5054
-426
-6204
7671
-4640
-9836
-9806
3606
9964
2927
1345
1308
8015
-1711
-8056
-1239
3778
4642
6430
-2732
-3494
1317
1632
1040
-4152
-8989
-2887
-7615
4720
-4591
-7766
9394
-2287
8840
-601
-7996
3950
-4555
9778
8444
-1131
9414
6772
681
-905
-3372
3413
-9873
7480
-9536
1110
541
4203
-1868
1550
557
8856
-8114
-6459
1505
-6840
7817
-7851
-3150
726
-8521
-7508
-5345
-1468
2835
-3712
874
-7999
-5537
-9017
-5288
-1040
2131
-2647
-1515
2706
-7566
-4346
-4441
-3492
-5150
7380
-5344
-1743
3282
-5709
-8280
-4522
1081
-6048
-3008
8442
-1695
789
5450
-9944
9954
3287
8648
-68
8358
-2633
-7654
6928
3625
-1265
3663
4849
9963
2323
-4973
-2984
4707
-1619
-6539
1523
-6495
1752
7767
1214
-5937
7806
-9608
-9468
6997
709
5588
3082
-8519
-8133
273
-1693
-6888
1837
7296
4733
-4721
4354
7301
5337
494
-2985
8434
-6958
7811
2741
-9924
-4452
9480
8233
-8141
300
4365
5577
1112
-9162
-1986
-6596
4574
-3348
-3252
2360
1254
-210
4793
-5792
7676
-3149
5178
-5307
-8279
8309
8311
3232
1582
7632
-5866
-1377
-4067
3940
-8679
-5251
-6156
-4010
9377
-9378
8922
9371
-8228
-4298
6139
5503
8159
800
-9046
656
-7986
3638
-950
-3838
-162
-4864
2445
2055
-8411
9543
6650
6716
-6725
6588
939
-2707
-5984
2796
-8203
-9486
-9275
4457
9678
-7444
-5892
-547
-7243
-3373
8657
-2963
2362
3842
-2860
-5068
-8624
6465
-5328
-7948
-209
-247
-2070
-4582
3085
9915
7655
7408
4416
4472
-7064
5895
3716
-747
7577
272
8387
-3709
1564
-6205
6118
2048
7827
7404
6988
-8334
8669
4571
-4809
-5318
-4082
3616
-4860
-3688
-9201
-2489
-7010
6905
1719
599
9718
-7087
-1189
467
1864
-3332
-6104
5561
8508
939
-1466
4657
1581
-8660
-6570
-2182
6560
9872
-9793
2006
-7321
-5202
-6275
5381
5534
4868
-837
-3891
-3799
1033
-8027
-106
-2378
-2038
-2254
-7908
8980
3451
-4727
990
354
-9026
7674
8938
-2950
-4305
-7027
-7303
-4623
-4988
-8103
5391
-4905
-3758
7266
-2142
-6499
760
-8747
4771
8689
-764
764
8524
-9921
1813
3382
-2352
6749
9709
-8842
-2179
8309
-8320
303
6371
-5873
1554
-5678
8125
7563
-4766
-8466
6002
-7865
6976
-726
6768
5765
7262
-3935
-2845
2658
5306
3283
1390
353
-4285
9656
-3210
-3257
8813
8344
5514
-7987
-6202
5763
-2835
-70
-9799
-8329
-2328
-6936
-5583
4982
1762
7890
7601
-9634
-5840
-2235
1756
3335
-7332
-3032
4231
-802
-9787
297
1451
5914
-3701
1833
2120
4941
6177
130
2084
8579
7795
7023
-6155
5914
-4090
7912
4920
-5175
2690
3142
-7737
3246
-3831
-4913
-7493
-2875
-1743
-6159
2821
2190
1052
-6524
-941
-1600
8405
276
8587
-5722
4534
4126
-8067
-5911
-313
-6553
8239
-4558
5133
-2561
5223
-7580
4140
3933
-586
-1108
-654
-53
-9873
5460
1788
1735
7826
-9240
597
-6173
8249
-9391
1124
-7253
-5112
5604
2042
7329
7492
-5974
6867
-1271
4240
-6570
-5646
5324
4036
-4184
1629
-9842
5300
-8332
-3162
-3183
-3283
4984
-6678
5977
5209
3419
3612
-8001
-2917
-4420
9471
-6092
-3756
-480
3236
9748
-7061
4456
165
7254
7063
1520
-8147
8758
3076
3422
-2519
-6228
-4902
6654
-4463
950
4441
-4361
-3292
7786
-2709
3764
9395
-880
-2278
1870
-5281
-5604
-6694
1927
-1438
8876
8114
-822
9741
-7844
5786
8246
8654
5945
447
7021
8776
2675
-1553
-5041
-5983
8557
6733
3682
-5035
-9671
-3356
-7051
-9191
6189
-9475
7021
-9428
3437
-5223
-7207
-6370
5879
4921
-9050
-2891
-4476
1781
-4518
-8140
-6664
-5509
-9266
4921
7698
-1906
6254
7974
-2716
1586
-6964
4435
-3410
-4292
-7571
-1161
-6075
9615
6844
-1547
-5285
-9808
476
2400
-1392
-6880
-6883
-3799
-2453
-8580
1858
-8877
3980
-566
6600
-9932
-2795
-6234
3430
8934
-7325
4539
9835
-165
2703
-8198
-225
5012
-2012
-6861
136
6943
1393
2081
5926
2052
-4702
9627
7603
-62
-7389
4775
7658
-8185
-8724
731
9027
4260
-4276
-9577
4968
-1179
1416
2787
413
4370
6366
1953
-8103
8203
-5179
4921
-9298
-3782
-952
-5258
-3259
95
6218
6862
-786
5840
1531
-4958
-4547
3159
-4764
1153
7380
-2917
-3414
9523
3596
-6477
1850
8707
-8552
-1691
-6906
9422
-411
1822
9338
-4864
-9407
5491
-5791
5026
6728
405
5507
6062
-9761
-2470
-4690
-4488
8680
-1642
-8404
-5655
7648
2108
-5713
9677
-20
