4563
1989
-9679
3941
-2295
-7165
-5911
-1028
5512
-1811
-2838
1546
-2204
8767
-8288
9625
-4671
7704
-884
-3041
2097
-3747
3761
1361
-3742
4935
6172
4783
6427
-7533
2905
7471
-296
-1368
-6199
-15
-6389
6733
7220
-1888
3405
8584
-7150
8710
727
-8548
4252
4700
-3968
8040
1359
-9357
-9803
6220
-3798
4024
-452
-4558
-4669
-4236
4038
-5213
-4430
-4267
-1397
5278
-9105
-7609
4268
-433
-8269
-4184
-3669
-6804
-8317
-8397
6781
8455
-8851
6393
1437
3860
4104
4430
5031
-1826
-8504
7222
-8275
3621
-3582
9080
-5732
3950
2174
1274
-9843
9735
4685
7712
2672
-163
7790
-1700
-2165
2447
9542
872
-6477
-4358
-7921
6975
-2418
7145
-9228
-477
-9051
-5389
-4826
1794
7681
4361
6044
-3371
-101
-7131
-590
-580
3707
-1170
-4972
5078
4670
4959
2753
6149
-5285
8197
-8344
-9348
-3687
-1054
2925
5500
-8830
-9120
-5023
8745
-5020
4995
-5594
9866
-8706
-8906
-8477
33
3250
-3978
2226
-1737
-604
-1137
-7796
5924
-8538
-9167
47
8492
8234
-74
-3684
6635
4586
9447
358
366
544
-370
8630
7912
9911
9579
5740
-5532
6728
5823
1679
-6523
-7091
2452
8808
1276
-9097
1096
1945
6808
8514
-1047
-8998
5302
3801
-6054
-3712
2825
731
-9951
-7160
4331
1876
-1129
-7521
9270
4619
-479
-5424
8149
7406
-770
-2820
-8724
7018
-575
-1971
9695
9329
-6700
-3112
587
4506
-1509
9958
-6370
7983
-6611
-3929
-8596
366
-7958
-4531
4642
-9237
8792
943
2558
4428
-2305
9468
-6025
3020
892
6611
-9306
3941
-5980
-3370
2184
5343
7072
-2952
-9879
-5201
-8449
-6970
3735
374
-3730
352
9166
8639
-2262
-8359
3936
9759
5708
-7721
8125
-7081
-5643
5120
-1129
-3155
8697
-3374
9255
-980
6839
2215
6940
-9614
-5286
388
-119
-5220
3823
7587
162
3200
696
-5077
4665
4417
9476
1716
8751
-7413
-796
-533
1789
7140
1130
561
-4625
935
-9611
2173
-7287
6149
-9443
8060
6618
-8443
1496
-676
-3765
-1206
1905
-5792
3106
-1100
9703
-9501
9180
2557
-212
-590
6115
-5166
-8411
5340
-3842
2595
-1513
3081
-9554
-569
-7617
-8178
-3560
-4579
-2093
-3029
7785
-6064
-1789
1323
-8260
-541
-4448
5397
8508
1344
-8133
-4941
1411
4971
-4993
669
-9222
-9623
-1492
4150
-4980
2250
2745
5021
8775
-6423
6388
-2196
6513
5202
9831
116
-2925
-1212
3666
4838
-6227
2344
-114
-966
4669
-2957
-9351
4628
-1475
6166
417
6269
-2233
-3637
-8085
6196
-3239
7060
3293
-8622
-1505
-6220
-5192
-3509
-6998
4847
7894
1337
-3445
-7520
-1911
503
-1487
-9213
-8881
74
5133
-2022
-5720
9284
8573
-1608
1437
-9318
6757
-7722
-7816
-7337
1421
-663
-8440
4479
-3743
1176
-6622
-707
-2667
9759
5469
5811
9939
-8782
719
9421
-9429
2478
8384
-7631
8467
-3033
3537
-3638
-524
9749
-7140
8041
-9655
-3049
2580
-3901
-4820
-5219
4497
-8840
-4296
4405
7059
-7987
-9224
7454
2829
8897
6146
3004
1202
-8777
-5014
2379
8329
-2576
6786
9082
1763
-96
2809
-3876
-2839
5995
8010
4113
3589
-7471
-9208
-6512
-7078
3425
1340
5788
8636
-2843
6866
5625
3075
872
-5698
4754
-7526
5605
2281
3218
5545
6271
1463
-602
3883
-1545
-1647
-8032
5763
2999
5251
2506
-1511
731
-1738
-3410
-4807
6186
-9474
-74
-6868
-8780
7299
-9620
991
82
-7324
-2866
8765
-4466
9805
-4498
801
985
6409
7074
-8085
-1535
9394
898
135
8969
4120
-7852
1944
-2971
6372
4709
-3506
2934
-1445
-3832
-3994
-8483
7912
-9034
-6013
-4576
-4719
-6837
6916
-9275
-9416
-5578
4059
4361
-4552
-8529
8256
9303
5098
-3363
3369
-2684
6426
9394
-2646
-3135
-4227
-5405
1740
6514
7227
-8647
6291
-1792
2538
-5590
-5682
7806
-1222
9913
1631
797
9406
-9800
-8146
8182
71
8624
9453
-1092
5288
2202
9785
-2978
3665
2688
-5004
3619
7496
-5567
-8399
-530
-2298
-6515
9481
-4541
-9891
3939
-152
901
3394
2409
-8501
-8704
1921
-2028
-2492
4801
-9109
-2615
524
5389
8526
-3536
-7106
4926
6145
-8764
-766
8688
-9042
4636
-3613
7374
8023
1600
6419
1167
-5736
3136
-9534
-523
4332
6023
478
-7709
-894
3732
-8214
-9167
9763
-4252
-4638
3692
-6092
3827
5568
4873
5661
-8452
5453
4130
-7241
-3825
-7933
9091
2307
-9758
2402
7982
-5098
6260
1409
4754
164
-4004
4897
6136
-3891
4693
1835
-7164
-5107
4891
-4529
9649
9921
-4955
4368
4652
3518
3082
-4382
-6894
-3492
-4276
-4884
-1321
-4602
-2704
9489
5454
3220
4082
-8194
8278
6851
-759
3047
-4663
5821
-9444
5406
8097
-1331
-4402
4395
5073
-6640
808
-3342
3843
4264
-3118
-9930
9673
3117
-2546
-1979
-9706
4828
-4790
-6666
256
-6847
5314
-2784
-678
-1081
-2047
4191
-9911
9931
-8840
-6205
7286
-4562
1971
-3302
-6629
-4714
8046
8612
4350
-2558
-5583
5924
-4583
1129
-6088
3709
7162
5378
-9416
3626
-9078
-7893
43
-1197
-5338
3387
7281
-3338
-2363
-3296
-453
-4918
5227
4250
6557
-3632
231
7193
-2924
5595
9363
5328
-7225
4831
-3048
1752
8410
-2455
-297
-510
-1382
-7160
4205
1320
-8874
9484
-1885
1366
-5424
-8546
3183
-8860
826
-9390
-1527
-3665
395
9497
-4172
6569
-4362
-3732
3480
3434
-4313
4401
1156
9288
-4435
32
748
4551
-6264
-6429
8957
-8792
-1902
3876
5646
6666
4090
7716
-63
-4329
-4149
-6070
-5609
-6808
-6352
8031
611
-3145
7894
-3691
-3669
7662
-7767
-4174
5882
2511
-8923
-8535
-8566
3498
4756
-2402
-1055
6986
401
-7161
-8347
-8386
-4396
6638
-6441
-7636
7164
-7779
-1841
-4389
7756
2204
-6161
742
8989
-943
4642
-5823
2312
-3752
9056
-7633
-1837
-1779
7735
1131
8716
-8975
-8061
9394
-124
-4240
-3909
-2880
-4362
8157
3963
-7114
-1011
8025
-4713
-3306
8302
8553
-5324
-8820
-9578
-6670
-9482
8451
6491
-8259
-1581
-3375
-2439
9651
4988
-6411
7343
-9527
5912
-9567
-2802
-7348
-4214
-1688
5420
-4985
8987
-4942
7928
2211
-3445
5712
-7490
-1848
-4109
-137
9183
4436
-5389
-3515
-7498
9600
4144
7271
4362
-7719
-2235
-2596
7884
6159
-9118
-1780
-5376
2726
5163
-7272
-91
-380
-8550
1242
-9339
2464
9533
-1366
1355
-7716
-7487
7558
3965
-1793
4462
-3290
8191
-8075
5131
9748
-2197
8529
-5574
-8291
2676
-869
-6480
-6803
3841
9233
474
-4465
-5410
-2649
791
7107
-4309
5777
-7780
9358
5894
-3129
-6486
-2095
-8511
-3231
-9118
5072
-9395
-1261
-7403
165
-1153
2760
-2031
-9092
2149
-9366
-4089
1685
-3022
-4694
-1025
-6498
-2917
2899
-7637
7243
-8196
8865
9836
-6598
-7491
-4077
9024
-5016
-9897
-6679
670
-2003
-6922
-9362
-6388
-3906
3302
-390
4329
-3948
5985
9052
53
-977
2139
-6586
2157
6140
-5011
8546
-9693
-8244
-7275
5470
1517
-7128
-6462
-5842
5253
-8138
-5223
-6708
1375
3182
9766
8873
512
4559
-5876
6579
-818
7279
-3666
5024
-5534
-8145
-248
-957
-4227
-8092
3757
5796
-6204
4349
-1788
5359
2895
-3985
-79
-3201
5708
8445
1403
-1252
-1909
-9749
-1795
7253
-119
-3507
1772
-6558
9343
2601
3897
-611
-8344
-6676
-1130
1856
-8206
2802
-1250
-9981
-9268
9189
526
467
3472
2054
5913
-6647
239
-4559
-5471
2579
2319
6763
-8007
-2746
9893
2525
4108
-2048
3934
-832
-8895
6806
-9562
6296
5433
9851
-585
-8083
8048
5419
3022
6121
2278
8443
-5596
-2589
-9869
-4675
-8169
-8176
904
5686
8194
-3289
-1545
4571
-5012
-3545
-8501
-8033
-5957
-5035
2543
6584
1755
3762
7077
-7232
2871
-6861
-2252
5717
-6351
6880
-2977
-2894
-8455
2543
-6035
-7323
-5843
-7015
-5981
1326
-3250
-3503
8343
2214
5525
-8281
-8227
-3692
-1876
-1664
5114
8431
-5467
3667
8093
7012
-6612
4817
-2073
4756
-1915
-3112
-7686
4033
-3977
-3556
-6586
899
36
2347
-1081
-350
-6478
5410
-1563
3007
7542
1258
7960
2280
6311
-1608
-2440
1167
-3477
8814
3548
-6489
-7183
-9327
-3153
2378
7923
2789
3165
8144
-2288
2253
-1985
-1036
-9619
8527
-6065
3309
-91
-5335
2570
7110
5280
-7977
-7416
416
-9359
-4889
-3481
-1216
-9539
4536
2252
9130
-4776
-356
8297
-3406
7248
-7450
5310
-1597
-4770
-9789
-7185
-7836
3854
-2857
-6230
-749
-5571
-214
5888
-4073
-6300
4266
7531
-1474
4922
-1521
6288
-5025
4192
-2347
1964
-9729
1053
115
-8240
-2187
3325
-52
7840
3884
-5414
1029
-9683
-1611
-8026
-5627
-2984
6203
8536
2090
-2747
-8767
1255
4148
5261
-7455
-8596
-5602
8878
7750
-4865
-8498
-4089
8478
-6526
4454
1476
8849
5298
-6144
2171
6591
3408
-366
4196
-696
-1175
8003
9286
-938
9458
-8747
4205
4692
-8413
-1217
8287
-1063
506
-1311
-5311
3180
155
-8111
-1713
-2871
8322
1299
9436
8753
1688
-9031
-7079
1652
3091
-3495
-5631
6383
778
-8810
-6201
-1831
-2321
-4314
5513
-2357
6580
9102
9739
-7888
-1428
-2696
9664
-2162
-9073
6516
-9710
-7336
-2047
-8199
6955
2245
5772
-2278
8695
9980
-1617
8850
8149
7964
9548
4434
3189
5779
-4218
4048
-4229
-2245
-926
-3358
-9378
4389
-8782
-7265
4308
-2956
-8095
2402
1682
-9117
46
-103
2285
1413
794
-7889
-1011
9744
7963
4951
8749
-1411
-8150
-1284
7711
-1266
-2372
6237
9637
-9065
-3391
-2276
-9737
-5735
3081
-3564
-6435
-4630
-1594
-8029
4745
3045
4980
-4557
7558
-6098
-7516
-142
-7131
-8845
-2613
-5154
1039
-8963
-6712
-3389
-514
690
-9644
-1398
-6477
7706
-6121
-7010
5567
9957
-9656
5024
5275
-4326
-5551
1308
-5401
4151
-7719
-6672
2630
6313
-3098
8092
3757
-4480
-3033
-76
1434
5249
-7945
-5273
9537
-5310
-886
7116
-2913
437
-5005
-8458
6145
-6261
9579
9689
512
8072
-8484
950
5055
-6385
-3847
2796
4706
497
8379
768
4103
-4921
3669
8365
-4296
-272
5592
-1884
-1708
8456
-9003
8728
-6292
5651
7047
850
-4859
9972
7941
-7501
4657
2967
8909
-6737
811
-8076
-3429
-3003
9680
4992
-5340
9440
1328
-4321
4871
-9041
8429
-1909
-1911
-5468
1968
-5242
-7433
-7364
5410
-2383
-1359
-5822
-6089
-6026
4222
-6671
6359
-579
1706
-948
3439
-2792
-1534
-4369
-8020
-2658
-4152
5436
8831
-8368
-1158
-815
3843
6648
-7435
-1693
-4274
-949
4521
-7379
-8759
3490
4616
-8311
3615
4275
-6116
4839
-9658
8908
-6090
9697
-6701
-7182
2285
-6494
3126
4456
-3203
4601
-1774
9925
-1861
6417
7472
-4908
-3623
5558
-2380
7628
-6762
-4327
-8454
-8285
9559
-7229
8814
7028
-7828
4946
-424
-1458
7972
-704
-2339
3805
-5535
-9836
9250
-8577
-7112
143
6197
-2651
-9448
9958
1443
5994
2842
6159
7022
8647
-3812
-8366
-8795
5378
-2042
-7146
-3975
-2288
-8863
4708
-3346
1983
5977
-8801
-784
675
-8024
6775
-5834
2656
4304
8275
-3031
8899
4004
-5290
1918
-8995
7939
6055
2917
-5116
-3731
-9988
-8627
-6065
4161
9927
-6826
3662
-9892
3589
7586
-5555
8136
-2513
4299
6356
876
-8144
-3116
-2546
1698
8083
-6531
4746
5328
3776
-7380
-3214
-9129
5533
-2225
-6865
-7344
1308
-4829
23
7430
-8599
7497
6046
-8644
-929
6973
4497
-6103
7027
907
-9291
7066
2736
-9776
303
-4388
-2259
-6370
6277
-5011
-5926
-3967
-1550
-978
6185
3129
-6828
-7601
1347
2093
744
-8031
-1715
9879
-7910
8349
-1348
-8891
-366
-4137
-7234
-8393
-1707
2742
2354
-4562
-7537
2323
3852
9729
2023
2390
4605
7575
1298
3217
-7262
4211
471
2177
5181
5387
7747
363
6029
4535
1488
-6619
-5437
6189
6709
-9370
4439
-4528
-4933
-9183
4714
5222
6626
508
-2928
3640
920
9462
-4681
-20
-416
-6339
7317
9181
-1725
6698
-9483
1621
2167
950
1332
8922
-4340
1354
-6004
-4146
7885
-8793
2912
7718
9495
-111
185
-9512
6555
7051
-6476
6898
3405
-2978
8164
6928
-4765
-4590
-744
4522
6837
-8853
-2566
1755
5087
-9216
-887
7208
1272
6992
-7553
-1546
-3341
-4559
-801
7219
-2908
-4182
1357
-2396
-5772
9964
526
-7033
4572
2425
5554
1450
-7007
-2848
-829
-6862
-8479
-6566
6750
2740
-8886
37
5038
-3462
-6361
1247
-6440
-5209
1951
-2017
2299
8275
6309
9373
-278
-6981
2457
1946
5647
7724
-2507
7262
-6543
7369
9130
-9314
-6151
4615
-7146
-6681
1076
2732
-2686
3263
-24
9491
618
3514
-2483
2369
3624
-8104
986
-1483
2618
-5968
4387
-6281
-8576
2273
6624
-2799
-75
-3748
8035
-886
7591
-5143
-3513
3599
-8272
-7405
5936
-3397
2580
4162
-32
2467
-4553
-127
-7095
-1947
-8930
5310
6942
4458
4470
-4160
-4814
-8290
-2863
-1126
7580
386
-8853
5670
4777
-4350
2758
-5251
1915
-5910
7834
-7099
-4148
5967
1299
-3907
1599
-9247
-1922
4626
-8225
-9281
-9227
4243
6762
3779
6588
-8239
6306
-3815
8096
8514
-2279
8638
7278
8390
1451
-9749
7709
919
9232
4917
-9147
2788
-1759
-5509
-7886
3674
-5752
-6778
409
-827
-5536
4098
602
5328
6509
-9374
9765
4829
3456
-9194
9955
5813
-8084
-4887
1884
-9491
-8126
9291
3074
5631
3437
6357
-5375
9623
-7144
7860
-889
-1433
1076
-7661
-3500
4822
-8307
4294
-2737
-8672
-7244
6075
797
1214
1333
7346
5081
-3891
-8436
-636
8141
2758
-7805
1850
9207
-7680
-2753
4286
6406
-1640
-3281
461
-2257
7478
-2768
-160
5949
1270
9450
-9246
-7811
2760
2066
-426
-8195
-9153
-5450
9354
2734
5212
2705
8813
3549
-2754
5144
1586
212
-3795
-380
-5644
359
4012
-5443
-7400
8947
-3277
-2981
-853
-5384
6675
9766
6916
-6097
7493
-9924
-220
-542
6035
3985
7210
623
6218
-6662
-8547
-5841
2737
-9266
119
5096
-579
-5066
-8818
7912
-5116
-8098
-324
-3358
-5078
9507
9504
-677
794
-6040
-3249
-54
-5426
-4196
2882
-734
4505
1444
-248
3277
-1028
9081
-8522
2500
-3125
-1748
8634
3493
7030
-2595
2690
5615
-9778
8980
-9762
3970
-8255
493
9075
1657
6827
-6026
6177
-1784
4215
3589
-5842
9636
4575
8726
1596
-6315
-8117
-3730
449
-9061
-6239
1159
-2487
-5888
6392
6149
-4185
8238
2897
-8431
-5164
6249
-7901
6354
3458
-409
5630
-8532
-6411
-6369
2779
-4967
-9103
-1088
-3176
-7067
409
-1220
-5773
-3034
-4624
-5974
8606
7526
2586
-8449
7518
-7772
5955
-8045
2285
-3521
4073
1495
-8354
4731
7443
7526
2615
-8077
-6283
1541
5714
6962
-6485
2099
-3640
2758
8612
4257
8812
2952
3322
6503
2766
-8134
-3295
1021
-4548
-6252
-9832
-5532
1851
1843
6165
223
3125
5314
-385
-7739
-7415
-7134
-3882
6077
706
4267
-436
-1360
-5149
-525
-2088
-4888
86
-8777
4402
-2658
6473
-675
-5866
1371
560
-6678
4815
4043
-5040
-7336
5695
9927
8037
4341
866
3981
-7781
9467
2341
-6671
2699
-8399
5760
6162
-3855
2691
-6402
3132
4269
-9386
5621
5165
-8347
6696
-6308
-1467
163
9880
7600
-3184
2721
-3262
304
-992
4157
-3632
-4117
4323
-1741
-2158
8835
9813
3189
-6616
923
1175
-8867
-4066
-3106
-6593
717
-325
4988
-6261
1323
-3204
-6183
930
-7856
-2489
-1799
3695
3740
-4571
2185
-4877
7455
-2979
5536
7835
5280
9655
805
5483
-7785
-455
-3696
1324
-4973
-5096
-8080
3753
-8433
4092
5246
7063
7285
5039
2194
7590
6709
4943
-3113
1877
-144
6542
8909
7350
-2601
1044
-5054
-1986
-1746
-9664
-9539
-4933
635
-1524
1807
7102
1004
-2631
-7560
-6342
-3213
-3326
8635
-3877
-2559
7802
5148
-321
-9754
-5473
-3022
5025
-125
-7915
5427
1114
-7287
-6809
-6871
-1051
-8906
8692
-7104
-2884
4085
-820
3227
-2638
-438
-6111
6393
2679
9602
1761
-8562
-4341
-3552
-4555
6252
-6444
322
-8151
9882
7368
-52
-6543
-5586
6950
-5249
-6020
353
8787
-9031
4059
-8952
909
-468
-7922
2269
8393
8867
-6039
-8977
6916
-246
-6814
7275
-5918
3776
-5798
-3353
7031
3398
-3138
-1267
-8272
-2525
-1137
9192
8986
-1188
-4745
6308
-3070
-5205
-5590
-3285
4499
6023
7738
-6583
-6366
-4883
8613
-682
8091
2454
-4993
-390
-8645
-1130
-7911
3756
7669
424
488
-621
-4769
-9766
3527
2711
-4048
2400
-3454
8975
-1958
-1003
-8048
-5831
-1993
3058
5782
5107
597
1975
-2853
4792
-2503
-2332
-4626
534
-7380
-1797
4683
-6245
3986
-4736
2509
9308
9361
-9154
-9614
-2691
-7952
-7340
4241
-7565
-7569
107
143
4772
5848
-5240
-1568
3204
-2076
5603
-1379
5812
-6923
4324
8197
3892
7269
-654
-4968
8332
7221
-206
-9949
-3197
8215
1365
7573
-3902
-8613
9616
3886
9355
8332
6744
-2907
742
-1271
6207
3045
5071
-9915
1814
2533
6842
-1098
9169
-4265
-6792
8075
6797
-7970
9467
-1106
-428
-5612
-6903
-8475
-535
-7713
8791
9518
4955
1481
-1692
-5381
5161
5101
-5487
-220
-5770
1303
-745
-3406
-6487
-4295
-4447
-9160
6602
6136
-9677
-2042
2780
-1070
2897
-2120
-667
3472
9350
7525
3366
-6898
3574
8142
-5727
-5843
6744
-936
6469
-4725
897
-8065
988
6504
1800
-3715
-5361
-4833
9788
-4161
-2267
-2236
-500
-3556
-3318
2704
-2435
-4705
1043
-1938
-3241
349
9734
8843
-4265
-558
-2236
-245
-7795
-8061
-5029
-6312
750
-6356
2845
5597
-5197
-3533
1490
4609
-7889
2432
-7565
-7331
-8220
28
7442
-1336
-3559
-433
1082
-2527
-3437
7416
6651
-2247
-4235
5688
4676
-9972
-2221
-5864
9816
-347
-3462
4791
4680
-3091
2519
-9434
6577
2988
-5300
-630
9290
-4781
1466
-8889
158
-8279
4848
-9658
7878
743
986
-9624
7080
7272
-8866
-8409
3428
6800
2574
-9351
-7956
1559
-3043
4607
285
-2324
7704
-9368
1055
9606
9610
338
-3614
-4200
8465
-433
4276
-1917
2504
6850
7748
-8679
-2067
-6409
-215
453
16
1216
-3717
-2902
9451
1099
-7545
-8778
-2361
-7211
9374
-1343
239
9124
-7785
-4691
9226
-5415
-50
2072
-558
8229
5611
174
5189
-7202
-5307
6939
4496
1188
3383
1073
1175
-5883
9796
8299
-8796
-5884
-923
480
-6888
-9724
-690
118
2495
9762
-5981
3833
2282
7347
-1390
-4689
-7778
867
3206
-4883
-4451
7530
7429
-3977
-3353
-5946
22
4303
-4998
8178
5274
-5259
140
-481
1118
9474
-6077
3895
-4643
9674
-4922
9633
-4849
2108
-5559
-2092
-5296
9350
-3588
7706
-1380
2669
5546
-421
-4882
-4784
1883
-5418
-8911
-1147
-7151
-5554
-7978
1579
-9079
5016
6331
751
-2215
282
-5245
8390
3988
-3487
973
-8650
-4399
-2428
-8626
-8861
585
-7840
6223
-314
391
-8135
9761
-2981
7486
8008
2892
6578
2617
-5302
-2410
3910
8726
-5121
-692
5576
-3928
6017
-508
2849
-4032
622
7011
-6903
-2254
9092
-8916
7489
-9195
-1527
-641
-6872
2416
-9692
-495
-8863
8714
-3898
-8906
5942
1345
-6448
8345
-5213
5270
3868
7584
-2809
1896
3316
2461
6208
-4109
3960
-8674
-8775
1141
-3756
-9611
3761
9499
7741
9030
-1637
6143
-494
-4035
-7187
-5873
-7707
-8235
-6449
6603
-1509
-6996
6918
9742
-6160
8461
-3984
-2692
5264
9803
7672
-6426
1650
-9767
3663
-6528
692
-4529
-7746
226
-7492
-8465
4981
-290
4451
8259
-547
-3174
-7294
9904
-5440
865
1083
-6728
-8370
-6580
-6035
-5391
-9698
7689
5889
4642
-1479
4685
1267
-679
5022
-2482
2048
9541
-1251
9128
6269
4511
8021
4527
5963
-6904
1333
-4489
-7895
2152
246
-41
9143
-9055
3412
2725
-1725
-2824
2598
2157
9648
-2384
-6832
-5716
-6672
-2807
-9509
6713
4857
1852
9581
-1858
5248
8250
3783
-1090
6212
-184
-5693
-6147
4824
-6483
5234
-8422
-3517
9790
2963
-1794
-1575
-2205
6114
-4199
-1440
86
9660
9861
-6798
5407
-5990
4902
-6774
7492
6393
4706
-3630
-3094
7617
4075
643
6569
1425
-5735
-3097
-1287
2974
5513
-4077
2215
811
8752
-3148
5678
9133
1183
-6643
-8462
9450
-9871
-8793
6367
-8763
-4340
-9800
-3682
7343
-1976
2066
-1182
-1563
-6196
2132
-6736
-7200
783
-6862
-4716
-7213
-7381
-204
2098
7982
5780
4279
906
-1236
-9089
5021
300
-1002
-3240
-4091
-5137
1735
-4125
-8000
3206
-7300
-9916
8467
-5745
-9423
3063
-4718
-833
5946
-4043
9671
1270
1427
-1367
1486
-409
-5114
8355
1518
-1233
-4802
1749
1384
9655
-8898
-7982
5277
55
1320
201
5594
-1888
6421
5181
6114
-1692
8769
-5340
4598
-7725
2903
-1975
-3858
-3953
-1154
4321
9918
4357
-222
-1484
7092
-2904
6715
-3371
-268
-5692
-7732
5574
8646
-4283
-9273
8756
-2988
-5435
-2119
-8085
-4585
-6069
-8059
-5237
8986
-1138
7221
-5246
586
-2499
3691
3542
-200
-5393
-564
8360
6645
-1560
7531
-7616
-8727
-5205
2470
6374
3169
9261
-2767
7788
-2028
5478
-3960
7988
-4807
-4682
-9853
9773
7520
-2355
8872
-8823
499
7626
-2625
1177
2804
1200
-141
-5943
8233
6293
1539
4777
8911
-971
6757
-1647
2161
-7948
-5767
3908
6338
-1614
9210
4536
-440
-5834
-9675
-5689
7784
836
-7111
-6753
-5665
9063
-3145
4236
-6081
-8844
7136
-8724
-9993
8293
-5015
4850
4933
-217
3592
-5995
6875
5085
5881
-4355
4912
-4607
672
7717
-3850
-1652
5354
7099
-7696
4898
4161
2376
-4124
-6500
-6916
-7661
8967
-9246
4896
7787
-110
-8845
8866
-7370
9198
1573
-1095
-2409
5883
-3459
-9076
-8438
160
5952
3097
-8134
7197
-7733
-2796
-9137
4058
-3475
7734
2184
-4009
3508
-864
9144
1613
-7299
5160
-5022
-1477
-4022
6829
1220
-8456
5309
-309
-4310
7801
-1988
1814
6492
-8921
9830
-5051
-4610
-40
-9556
-3725
8307
-2831
-5741
-8461
7607
9060
-8601
6278
-9005
-8474
2009
-8607
-4741
-4317
-3459
5978
-9894
-4503
2225
-1756
8563
-1318
5294
-9352
603
8924
-6785
-7981
9503
3556
7714
6714
-2645
5112
-4069
1266
4314
6310
-5429
4308
-982
5511
8041
-2981
7415
-8207
-8802
8533
-2048
-991
-3589
7201
-1121
6771
-3847
8138
679
-6620
9036
9825
-4135
6757
5202
-161
5701
5759
-6397
1052
-1364
3293
-364
-2778
9675
-2042
-9986
9119
782
7479
1025
-64
-2155
4660
4614
-8873
290
-101
-7363
-2128
2469
-4349
-2178
-5021
-526
4995
9008
-6665
6680
-6849
25
5831
-5160
-4704
-6551
1779
2126
-5346
-296
8137
2570
-4577
-4446
-9823
-1230
126
2997
5890
5652
9189
-2471
-658
-7671
9349
-2951
-531
4038
-1533
-5431
312
-3312
4557
2807
3914
1933
8898
317
-3807
-2409
-6573
2361
9647
5189
-266
-3274
-1087
-8981
-4484
2295
-6245
9943
-3199
187
7824
-1714
942
1646
-6509
-2249
5750
-5254
-8528
-524
827
6030
8462
4142
3494
4350
-516
-3823
-4746
2799
-1539
8218
6701
8102
9698
-9964
-7976
4538
5497
-4688
-9474
8446
5122
-2862
3869
-5914
-3414
6815
9930
3294
-9391
4284
9757
7709
598
-6486
523
-962
6780
-6528
270
-1194
-3958
2465
7674
8263
3843
-9487
-6452
4095
-1881
-1924
3783
5972
-3696
5948
-2528
-6512
8927
8686
5156
-7809
7583
9041
1851
-7353
-7187
-1070
-1507
2383
-4434
-1346
2224
9953
-2910
-760
4071
-8158
6791
-1184
6859
3214
-9045
2413
-381
1741
-4881
8975
-9033
1447
6330
-6324
-4608
-3314
7601
-1076
1291
4958
9784
-2276
1996
6290
-6741
-9953
6821
-4439
-7385
-1003
-2507
-6614
1856
-8678
-673
449
4285
-9470
-7219
7674
-3052
8871
-5705
3629
-1144
-6774
563
-6776
-1790
-8756
-3598
-2627
-4149
3271
6921
2175
-962
-4309
-3297
-9936
6913
-6254
7695
-9585
9853
-1195
-5633
-7913
-7710
-5609
8972
6784
2139
1940
3037
9748
-4572
2323
7532
4360
-1928
-7249
4634
-8650
-9376
-6672
8014
-8430
888
974
-6852
1099
-4875
1640
-6778
2671
5641
5498
7883
4841
-6220
4701
6762
8993
-293
-5493
-1941
-4483
-2619
-9979
8457
-3661
1294
-614
-8081
2009
-5878
-7750
4991
6075
-387
-1967
438
9647
-7271
-9164
9529
9971
-6115
3943
5223
-9113
-9647
-9766
-1274
2889
3143
-3485
433
8787
-77
9518
9434
-1939
9236
4268
-2881
5686
-5954
4537
-5008
-4042
6673
-288
1207
6951
2199
9171
-4975
6680
-614
-2107
1530
1710
-8164
-4417
6955
704
8423
5777
1325
6220
4393
9596
-3664
7753
4445
5272
4092
-7596
-8712
-2130
1162
1000
9010
1441
9017
-9743
-4885
3063
-5515
-5517
-8191
610
5554
-2730
5862
-556
1944
1749
-5981
6467
-5326
-8508
-3243
-96
-2456
2145
-689
-9308
7530
-9131
8188
5760
-619
7195
5854
-6143
9960
1809
6370
-6159
-6983
-4626
2306
-5826
8435
754
-430
6324
-9471
-8235
9249
-6490
6499
8693
4102
6761
-8846
7174
2583
-9340
1394
-4849
7732
5004
-4123
6419
7848
-4258
-776
-798
-5637
-7376
8267
-611
-8914
-7744
1856
9462
9238
9169
6528
-1200
4736
6888
4681
3513
951
-9959
895
-8951
4664
8073
-8320
-9523
8270
-8069
3977
9327
676
7763
5717
3147
1576
-5246
4511
-1838
9498
-5072
6549
-1877
-8191
9754
1579
-940
5547
-4328
6563
8501
511
9638
8796
5948
-1524
9686
-8836
7535
1957
5756
-7938
8824
8971
-9431
1321
-7489
5820
-9367
-9854
1182
-5494
-3526
-9768
4671
-343
9983
-537
-4717
4362
-5921
-4520
-6830
-5765
2082
7520
-2253
9157
-8956
-8081
6876
-7304
-3358
-6566
-2840
5906
-8037
-2413
-7317
9895
1017
8477
-1680
-8656
5716
-1731
6095
8719
-9878
-33
5024
5856
-1444
8178
5045
-4522
-7214
4706
-2511
-8433
-3771
-3099
-4875
7243
-9800
-3127
4021
-7981
7756
-1374
6195
-2641
-702
3399
-7503
397
-6797
491
-3897
8978
-9612
-4635
6271
4602
7185
-7692
7708
6060
-5498
4429
-8169
-3751
-1728
5752
-3532
9778
2619
2823
-1846
6203
1980
7748
-9476
1375
2887
6420
6325
5432
8524
174
6039
259
1394
-8819
-2049
-6671
-1324
8291
-2860
-8994
7666
184
5695
-6388
5828
-1313
-7725
8044
2399
-6819
-7945
787
6636
-8166
-3709
-8585
3821
-7712
3688
9898
-7579
894
1799
-8931
2401
-7481
1394
3427
8290
8212
-9019
9069
-8024
-8153
-6753
720
-1070
-2311
3295
-1747
1774
7328
-9553
8618
8813
6225
3786
4262
-4401
-1967
-4977
-8983
-7835
-9695
-421
-8337
-7155
-1694
-4952
2946
9440
3108
-8859
4638
1692
3367
-4222
2340
7175
-601
-3005
3978
-2564
-6396
-6476
-5110
-7161
-7386
-7156
-620
-3888
1867
8596
8466
-4990
8264
1434
-2809
-9072
9696
8046
3092
-1459
2283
-7670
5668
1318
-2419
-8931
6971
-1200
7383
1459
9111
-8129
602
3118
-7013
-15
-7058
3402
-1013
-3590
-9192
-2679
-476
1697
5752
-8498
-7785
9397
-7425
6633
-6124
2795
-9370
-9196
2151
7087
6936
-2215
3089
-3937
1971
-1928
6341
-3936
-5032
-4011
-8695
-565
-3944
-1787
-6604
1466
5794
6522
-6292
6132
-7230
3629
1364
4373
1826
-1822
-2869
2262
8516
-2175
-2405
8503
2181
-1440
9682
8075
-4742
-2456
3410
6310
2989
-6390
4922
6820
-6654
5678
3408
61
-2467
-2303
5651
3472
5531
9352
-6757
4341
542
1256
3644
1797
-6992
4169
6398
9757
209
-6255
8348
-7220
-8844
1109
6749
2066
-7242
6406
-562
531
656
-6883
-4594
-1818
-7995
3387
-7049
-1806
-4634
-8698
5822
-3658
8239
-3146
3657
-9282
4194
4609
7163
1136
6819
-746
6517
-8947
2074
5358
9475
-6025
-1227
-2859
-5745
2565
9329
115
-8745
-7668
-158
-2217
-3123
8277
-8974
-8519
8388
-4599
-3933
9538
1365
1842
-2298
-8368
353
1808
-658
-1044
-5892
3232
6134
6767
-3593
2257
-8117
2865
-8545
4513
-9733
7279
-5475
-8638
-6668
1274
7678
4161
-5859
-2028
-2861
7918
-830
-1959
-5194
1255
9372
8661
-5158
-3404
5686
-2768
3379
-9783
5565
-2988
9512
-3583
2976
-4363
-268
1192
-7343
7889
6228
-4552
-3740
3838
-519
-2231
6734
-4272
228
7382
4039
-4174
8734
1688
-8532
-3775
9109
5559
-6931
3196
6904
-3915
-2092
7727
2098
8122
1804
-4730
2776
-406
-3416
5484
9259
-6455
-8087
5059
3355
-5672
1327
5568
656
9700
-2393
-1570
-5465
8417
8391
25
-1644
-9303
1055
8594
-7844
-5537
-1484
5087
6658
-632
6754
-3991
-3119
-2225
879
5085
-512
-6517
3609
74
1194
2788
-9612
-2377
-6710
1624
-2367
8045
-5798
-7843
7128
-2170
-5237
7722
723
2233
7069
-1855
7367
2210
-8434
207
-608
3244
-9789
-4831
-4992
9880
1812
4828
-9430
5761
-1929
-1489
-6100
4402
-2842
-5073
-5299
5
945
7608
-6186
8
1942
-3401
7211
8835
7681
4915
69
1772
-1388
-3989
-6842
-8721
-6919
201
9842
-5515
-3749
-581
4531
8330
-698
208
2405
-3035
5833
-345
-4
-8695
-1850
5869
-4627
3300
-1179
-31
-5355
3583
535
-9036
-5848
-4408
-9709
7490
2173
2450
8705
6693
8860
-7045
1166
5666
2893
8892
4359
-6579
8452
7407
-5298
1312
-174
-1967
-7758
7326
1520
-4702
849
1858
-12
-8827
-5855
6484
-493
-461
8322
7655
6603
-3303
-5765
-853
1542
8673
7635
6943
3801
1611
4327
-3318
2397
4407
-7598
411
-134
5413
-3952
9502
4605
6580
6040
-4634
-6445
-5003
-1255
-1450
-2655
3623
-362
1626
-4068
-3485
1721
-5320
8027
-1468
-661
-6870
-370
-2019
239
9054
488
-9129
89
2956
8337
-3086
7662
-4109
-3659
-4237
-4103
8912
436
-7186
-6315
8152
8260
122
2119
574
-1177
-1558
8121
-9915
4187
-4996
3328
3272
-4446
-9887
-5690
-1746
-2606
4960
-1826
2258
3330
-969
7106
-4222
614
4444
-1254
-2243
-3653
-9809
8738
-9329
7607
-929
-1603
5054
-5463
-2621
-6566
376
-6469
-1506
-5992
9536
-2407
-4807
9651
-2568
2160
-8136
7794
979
-4860
-1567
9046
3569
4937
-4714
4648
7826
-7771
6198
5017
-3494
-2179
-5825
-1067
-8007
9815
5284
3328
2749
-5088
8415
8564
6838
-4626
-6986
6657
310
8230
1581
-5729
818
-5125
-8884
8696
-9527
7911
-2259
-5780
7114
6911
2146
-8736
6026
9007
6339
7887
8625
8387
4190
598
5956
6994
-7629
-7823
9128
-5433
244
-3068
-7366
-2231
1752
3396
6297
5775
-6277
-8511
1356
-3406
-2868
8149
-3831
8661
1389
-8511
7961
-425
-5158
2540
927
-9046
6254
6504
-9801
-3258
-990
-9520
8353
-4650
2866
-266
3406
1298
-3790
1116
-1931
1031
-1048
3870
1841
-8538
-1305
-9321
-4673
6726
-7277
8415
-6366
-9737
4900
2273
8504
3499
-7604
-5335
8559
270
-864
-8636
-9370
-3750
2526
-9268
-4593
-858
-6062
-5195
-1417
4254
-8809
-985
-8967
2727
-4550
-3930
4876
524
-8867
8284
7677
7188
7064
-1002
-2575
9880
3997
6144
-9883
9904
-8742
-7259
-1187
2750
-8628
-9831
5347
5434
-7978
8408
9152
7304
-3084
1567
8665
-6329
5838
-2659
7395
-2335
8917
3292
-1545
-3904
-1905
-9979
9509
7579
7603
4856
-7413
-9077
-9711
4067
-1253
-9466
-6049
-4963
9742
-3362
2341
-9503
-1489
-7610
846
7161
-2860
-3151
1942
7802
7867
334
9080
-1775
5967
-9789
-6798
5642
-2295
6180
-1003
2742
-4676
1277
9728
-8623
2111
-1982
8295
-4149
4310
9250
6358
3266
-6038
-8399
9944
5602
5665
7311
-2268
486
6875
-871
3303
-2630
7648
376
-5898
1182
6615
6414
1314
2801
-2004
3226
1562
7757
7457
2085
1563
-4134
-160
7775
2404
1474
-3113
-7164
-1888
7433
-5106
-2417
-6366
5882
-8006
9435
1708
6758
-1530
4957
-679
813
5645
8635
-1562
6848
493
5189
-4345
-9161
-1408
4520
-1418
9379
-4427
6041
583
9478
-474
-2039
-7274
6004
431
-5192
2310
-6715
-8231
-7094
4722
-3217
926
6546
2200
-9965
3001
1855
-7001
6231
4874
6997
3747
-9907
8954
-7122
-1148
-4708
-3639
-128
5215
3396
-5270
9158
3152
-1190
-4564
29
8639
8861
969
-9510
-8120
2387
-706
-281
4940
-6767
-6550
-6140
5257
-9102
1878
-1450
-67
-1268
2329
4273
-7854
-6995
5367
864
-108
6765
9391
8096
986
-6202
-691
4114
-4806
3172
2869
5967
-4295
-4655
-2354
1637
7588
2667
-4220
-5663
7167
-5104
1261
7951
4210
5786
2590
-2230
110
-6872
-3780
918
-875
-5713
-770
-3724
-9253
5892
4362
-8113
-3738
2408
-5371
9132
-2374
4342
-9837
2497
-5690
-1815
3474
-4015
-5699
565
3101
9667
-6505
-8091
7107
-6520
-4624
5186
323
-6557
-6875
-68
-3982
-3489
-1826
3918
-4697
9623
8888
-6607
-5391
-8005
-5598
3280
7733
4315
4901
1920
-4777
3789
-7227
7333
8046
5791
-5415
-919
-8170
4202
598
1908
-8862
-4131
2685
-4946
-5367
-1216
-4909
-9365
-9772
5243
-7123
1848
8727
9195
7548
7007
1371
-4395
-7028
-6916
1849
-9550
1518
7049
6720
4423
-5581
2071
-8568
-937
-8366
552
-4659
6144
3566
-9155
9383
-1509
-1354
-7073
4126
-5962
5255
2162
8963
-5570
-7384
689
5458
-8547
-1214
-8663
-3294
-531
-3804
8154
-7975
-4746
-2667
-8335
735
-870
-3798
8867
3874
-8929
-4685
8297
-9910
-9961
8723
-9050
2510
-2478
-7962
5914
-6147
-5056
1477
2
5876
-3519
7747
9736
8413
-9911
3899
-8225
-822
-2341
7777
-1426
-3229
-9226
986
-4103
1064
192
7807
-9959
-8466
3440
-106
3411
-8384
-5294
9193
-4464
1851
-339
-6590
9435
-6900
5498
-8064
8688
5242
-4586
-4322
-4860
-6267
-3904
-2914
6506
8492
-9608
251
-2186
144
-4015
1682
-9024
5191
-4823
-8000
-9294
1903
4985
8906
8330
9727
-9939
-2047
11
-5691
-6264
6843
-1257
9676
-9216
-9846
-9958
1658
3241
4430
2143
-6761
5202
-9634
5380
9711
664
-2450
-7956
6244
-2945
-7524
7126
-1565
-607
8837
1163
8767
-3678
-3709
9322
-5758
113
5590
-5690
-1039
-1823
-8960
-1980
-4427
6392
-1627
-3553
8108
8076
-3192
9144
6833
9774
-4290
-9631
3140
-9619
3734
1031
-6645
4543
-813
-8061
731
-1197
-7538
5737
1034
-8277
-243
-1317
8955
3188
7715
9916
110
8803
-320
-6960
-4555
-8068
-5683
5517
-7161
6830
8371
-1965
6001
8002
4332
7094
-3718
-9646
1588
6531
8298
2683
1672
5076
6255
-5080
-785
7646
-4719
3005
-7171
-4847
-4355
2274
1642
8515
-2022
9409
-214
3043
-9357
-1110
5475
4803
-7233
8175
-4982
-5864
6927
2862
-1569
667
951
-7956
-7093
-9291
-4730
2807
-232
-102
-5568
8946
-8388
5381
-7357
6142
1094
704
9252
8627
-8802
-9379
466
1148
9959
4416
-3168
-6949
-9871
-8358
1562
-7
3929
9051
-8672
-5489
-5636
1618
8937
-5552
-4520
-1956
3507
6789
-5726
4364
-5266
-7245
8783
232
1129
-40
6055
-115
-2718
-6734
5619
-1101
-8050
3610
9604
-4290
-2441
1642
8431
-3384
-9688
6138
-543
-7642
5772
7030
1994
-65
-5761
9649
-8573
6432
592
-8877
-1029
6614
-1563
-3441
-7454
-5204
8682
9524
8666
-5827
-8413
8780
-3440
-8956
6843
6930
9091
-4004
1955
-9792
3779
-867
-7989
300
9091
3656
-5159
8096
-2290
-5663
1098
-2347
9142
3252
2848
6580
5734
-9724
-3487
1694
-3766
4849
-9732
6850
-681
696
1755
-6278
-56
507
2220
757
-4280
8006
3966
-6360
-7607
-8470
7720
-472
-6472
-7817
-6338
6806
674
-660
-5271
-1525
-2638
-4442
3475
-1749
5965
7449
-5949
8584
6781
-8960
-5671
1386
4379
-3418
-8271
9618
-3956
-7093
1034
-8826
5366
-3978
-3969
9062
179
5411
-8891
6612
1036
7518
8642
2891
5770
-4531
-1464
9181
5140
-3172
-4808
2860
7469
9521
8360
7879
-4235
4709
-6886
4569
-743
-1016
-3636
3602
8484
4854
-6061
-1036
-5494
5244
6362
7331
-926
-7578
-9987
-4120
6669
-231
-6069
-2483
3603
-861
-8598
-2292
5753
-1556
2659
-5508
-1721
-1527
-7413
-2729
-9697
-1387
3088
-4173
3207
2939
-6747
2701
-7995
2021
-9047
-4098
-4594
3192
9268
-6275
8484
-871
-2700
7423
-7072
7164
-5230
-4131
4817
7885
-6892
3283
-3071
870
1198
-6697
-5854
9546
-7385
1902
7224
8866
8367
5077
1298
9864
-9289
-2221
385
-2261
1594
4145
9232
5303
-6961
6468
290
5461
5815
-9454
-7830
3058
711
9004
8242
1707
7553
-65
608
-5705
6381
-5221
-105
7539
6413
-2386
1528
4720
-9040
4799
6479
-9894
-9995
4269
9311
-8372
-4574
-9553
-6498
-2472
-8533
-9375
-1000
3270
5347
739
-838
-9391
-3213
-2357
-2285
-8567
-2442
700
-5418
2762
409
-652
-8822
-1869
-9212
-7141
-6387
-5706
8498
-230
-3534
8684
4080
9061
7181
-6902
9748
-6214
-3190
1117
2678
3778
-7526
6098
-3354
-9906
-4631
9596
-200
662
2946
-3459
2020
114
-1563
3310
8139
-7207
7719
8590
-8579
7684
-3865
7449
-1876
7037
-2188
-2029
392
9572
1670
-5333
1559
1426
-3370
-3451
3170
-8852
4341
-8291
-8125
2469
-131
7049
4699
7561
-2274
9080
7177
703
5951
7049
8705
-1949
-572
-7821
7271
-1402
-5664
981
4427
7395
2666
-6220
-2474
-2507
-8195
-3768
5303
1060
-2001
8420
4007
-3019
-3054
-2414
2571
6358
3430
925
-4947
-6902
6357
-7778
476
-8591
2780
3030
-4601
1651
-4346
1112
1143
1413
-9758
6324
-4207
-3048
9105
4615
-2167
2980
6959
-8799
-1690
3790
7773
8066
5162
6292
-7921
-2526
-7389
-4109
3797
8025
7101
5153
-7107
2331
-2841
-467
495
-9249
-9909
-9733
-3972
1217
-3300
204
-4629
7857
-3980
4780
-1089
4239
6827
-2211
7553
5676
4174
2690
5599
2559
4310
-4253
6711
-2598
-8922
7847
4464
-8032
3743
5443
-4203
-8037
-7254
-419
-2981
-2061
-5923
6754
5039
1827
-3614
-7792
441
-1687
-5749
-9725
-4416
5552
-5564
-7048
-9218
-5204
9958
-1882
8636
8928
9517
2903
9962
7960
-2956
-2256
-7271
-5628
7796
-1228
-9013
-6969
4622
2338
2320
-5163
9903
-1054
386
-582
1663
-9037
-4680
6432
5525
-3784
2556
-1603
-2251
992
-3564
4836
4281
3689
-6817
-9637
7226
6626
-3767
-4239
3921
-1907
9634
-5931
1574
1129
-3849
-3698
-2
-8275
-1494
-8058
-4936
1281
578
5369
-801
-3479
2223
-7225
-250
-4059
1828
-2536
-7475
-8813
-7726
177
-2022
-5970
5496
3977
-5844
2609
692
-1239
-6031
9945
-6019
-2509
4664
-7417
-668
-7388
-2834
-7785
-9802
6496
7021
3128
-9811
8274
2061
8728
4012
5135
-6347
-2988
3362
-8003
3674
-5582
3137
6447
6144
438
3461
5352
-814
-4812
4649
-863
-7249
6480
8823
4780
7707
-4806
-1699
5783
-8595
4772
-3050
-5654
7367
-7269
-9151
-7869
-3170
-5211
-7383
-9009
-1395
5631
-6540
-5119
9953
-3911
2633
2910
2061
-2888
9870
-3781
1067
5036
-2364
-8176
-8078
9730
8789
2061
8015
2757
225
-7154
1066
-8347
6408
8833
7828
3573
6626
-9583
407
-7516
-977
1464
-1602
6406
-6984
8022
-6367
88
5626
1414
-3260
-8104
-1455
1914
-3694
-301
2793
-2660
-9832
-5669
-6924
6450
-9142
9420
-7906
7110
-9928
-8767
2396
3540
-5070
8486
4737
6712
-2154
-7499
-4105
2913
-980
-6462
669
8245
-3375
-8624
-1495
1802
9374
-8027
2898
3235
-1006
5393
2398
-4663
6014
7179
9808
-6829
7424
7258
-1467
6498
954
1959
3641
1132
4594
8556
-6471
4118
-3547
-3704
-2157
7650
7096
1313
8909
8223
7974
-1682
-6091
-2407
1590
-5459
-1148
-5068
-8121
-7421
6709
-4566
2620
8832
-4963
-2167
1260
2482
6956
-5778
4052
8818
-3698
-7323
-1797
4918
-9081
-1998
5034
-8083
7673
9714
-7825
1116
3351
-180
1380
-8201
7585
1329
-6879
-8370
-2483
8898
-5949
9672
-9226
-9520
5226
7741
-9742
6254
-1074
4224
6832
9234
942
427
3662
-1950
8029
8544
-1620
721
3013
-6509
4474
-1914
-2909
3639
4201
-9616
8148
4096
3524
-1386
7780
-6114
-5257
-8679
6096
-1174
3541
9543
-8534
-8563
-8594
-3873
4394
-1693
-3560
-4323
-5048
-1450
9144
4470
-7148
8980
-8709
-4699
-2226
-5094
4339
3217
-7515
8860
6411
1435
8046
-8744
3475
-3308
8357
5761
3012
9137
708
-2199
-1449
-6986
-5485
1000
5561
2900
8332
3123
7784
8554
-5475
-8235
-4290
-7103
-9880
4062
-2449
-2900
1409
-7064
-305
8624
2641
6885
-1837
1637
-6891
-5877
6439
-114
6091
1352
-7156
7150
3146
6340
-8797
4493
2971
2296
2521
8807
-15
9118
6465
-7025
7701
-1729
-7780
5433
-3169
7073
8218
-4839
-4683
-9335
-2786
546
-7100
-4534
-6699
7747
-5404
-2732
-4082
-4188
3935
8821
-1068
8273
-3442
9861
829
5258
732
4470
9670
-2188
-454
5623
3360
5701
3652
1444
883
4417
5067
-9553
-9766
8773
375
-3909
-6365
1193
-39
6547
4751
-263
7455
-6864
-7161
4081
-8444
709
-7466
4846
-5602
738
2150
2115
-584
137
6343
9266
701
7860
-9526
-547
504
-8881
9472
1273
5969
-7290
-9631
-756
-9470
7773
3146
-4363
6668
-305
4539
9782
5112
-4398
-2972
-4676
-8805
-295
-5644
9695
-4914
1185
-7799
4980
8232
-3784
-6805
7716
1762
-4398
-8249
-2898
9106
9587
1167
-2832
824
-976
-1016
-4872
-1600
6632
-8375
4189
4337
-1760
-1701
3111
-9385
-1910
4534
154
-5170
-5633
-726
-3518
-4673
1947
6024
-3228
-3397
9556
9583
1284
-3279
-9405
811
-8465
-9290
-2625
-8599
7648
-6189
6247
9418
-7330
-5748
6094
2311
7371
-5465
8010
-5400
1600
7602
-8075
-3653
-7063
-6860
2635
3387
-9804
-6952
3075
-504
-9013
-2174
-2249
-4988
8304
-2437
-5181
4864
7316
-2582
-3208
5541
1731
7796
-1850
-9887
9929
4501
-3716
7794
1944
-17
-5802
-1596
5634
-8727
8489
-2009
4027
1681
5564
-1605
7420
-7713
-3396
-2791
-4458
-580
-1687
-4086
5503
-4223
-8195
6589
-2034
4503
-6853
-2467
-2330
2249
-1892
-171
-5050
6344
-8761
6136
873
-7534
1826
123
6125
-2698
1186
-9637
2328
2357
-9304
-4563
8178
7438
7710
8883
8023
7980
1808
9978
-2159
4450
-1701
-417
5564
-8216
4212
2491
-4004
-5803
7876
6276
2641
-2511
-2001
-4897
-6701
-5792
4632
-1356
-2269
6283
7820
-7682
-4976
-3006
-741
-120
-7592
-3319
-2437
9665
-1999
7693
2189
263
5611
103
-3085
2775
-7346
6966
5354
-5891
-9492
6750
-5673
5856
4964
6964
-7885
5279
135
4935
2443
7091
8315
2917
6234
-8380
-985
2381
-6778
-7851
-2635
8122
4076
-3878
8382
7323
-2711
-5339
6953
-9010
7619
5292
9238
8826
-354
-8644
3255
-7549
9103
-7744
9760
8542
-6746
-9396
-5119
-6660
5542
5752
296
-3886
-881
8581
1639
-8028
5301
1563
7866
4102
-7266
5477
-5491
-8892
-1450
6152
-5132
-118
6416
6444
4072
-7066
2772
5834
-1946
-7204
459
-8826
-7206
4228
9414
3356
5047
-4873
-3623
-6314
6959
-1528
-3104
-9527
5877
-1423
-4184
5014
9023
-8174
-9870
-6720
-9008
3155
-7987
-3509
3148
-1403
9517
4378
-5068
3331
-836
5736
-8170
-4471
-5392
5568
6437
9090
5093
-3322
7140
-677
-7668
-5088
1718
-5115
-7261
-4026
-2631
-5361
-7976
-2627
9301
-5125
-2905
7153
-6640
847
626
-7029
605
9968
2678
7100
1788
-2567
9738
-139
9923
3302
-5604
6720
7412
-1665
5197
6129
-6631
-6384
-1898
4945
2944
6244
8799
-6447
4610
8998
-1912
-8249
4447
-3951
6227
1103
8869
1644
3655
-9110
6527
-4123
-1786
1111
4138
5188
-7282
7294
-6870
7654
9587
-1402
294
7986
6898
6187
-5006
982
-3348
-3771
382
-4565
7170
-7755
-8641
-6166
-8830
9757
5197
-3055
-5785
-2149
-6535
6692
8536
-5831
8569
-1224
-8821
607
3431
-386
-6732
7267
-9698
-9025
-7612
6735
-7032
6593
-87
6020
5681
8889
8614
-2139
-4797
-9200
8572
-3256
2803
5692
2287
5230
-6541
2429
1631
3328
-3212
-2155
3619
2445
3586
-7556
-199
-1421
-859
-547
8206
-5630
866
6322
8842
7064
-7450
4791
4160
-4598
5130
-827
-601
-3908
1746
159
2372
-1737
6492
4169
-2570
-7016
9186
-7955
-4016
6115
2159
7346
-4312
-5681
-4102
5589
73
-7549
5266
4310
-9241
-6180
8867
1267
4007
-4644
2241
9530
-754
-5682
1088
-3376
3693
2522
-6245
-6289
-2328
7253
2729
7826
7628
-4388
-4694
-6452
5910
-1283
-612
2334
-2995
-9889
-4329
5993
9041
7005
-8449
-8003
-8167
5768
5304
2754
-4975
-2339
4218
-6464
-6610
7686
319
9794
-8012
5218
7073
4884
-1918
1856
-1518
-1563
9326
-9277
-67
-7966
5019
-3762
8847
-1600
-5695
7283
-3404
-1718
137
-7109
7469
9576
645
4992
-6309
8249
2645
-1444
992
4609
2351
-4347
-26
-5706
-2599
-1263
8867
5285
-4678
1726
1814
-4598
-1665
-3114
-125
-3743
-4434
7098
-5124
8011
-322
-7210
-3905
8628
-6288
-5103
-6941
-796
2177
-571
-1831
1811
-2105
3304
-2385
-6086
-5427
-6610
-4051
9832
939
4280
1152
2576
3742
1325
4405
1982
1663
6863
491
-9972
8531
-9194
-649
-8144
2554
9950
-1899
-6488
2490
5276
-5291
1064
4037
7789
4428
-6754
-3048
2241
-7080
1592
5232
1738
-3100
-7213
-3004
-9785
4043
2097
699
-8744
-4800
-2449
562
3315
5362
-9382
-667
587
5022
-7168
-6443
-6976
-4948
2969
2996
-4973
-9975
9726
-4024
5490
7227
-7673
5887
1007
-7633
-5721
-8279
-5941
-8078
2224
1638
9031
841
-9805
-5467
4234
-4231
-7197
-5514
-811
8797
3274
9364
-3857
8394
-468
8146
-1360
-1465
7231
-5232
6435
5743
-2607
5094
-3864
-4800
-194
-8371
9409
9821
5197
4179
-4551
436
-592
-4489
2503
-7631
5449
423
-8589
7001
9277
-3757
-9991
9694
-7181
2863
-9575
-7954
9886
-1093
-7365
954
-4143
-8230
-1829
-2526
-7302
-4782
-562
-4133
-4463
9681
509
-7051
5379
-89
-2279
6993
3294
3055
-9806
-927
-8774
8484
-6972
-124
2702
-4966
5285
4734
-7799
-8130
-2289
-3990
-4861
1753
3692
-4956
6805
4926
1501
560
-4451
3466
7196
-2137
9986
-8468
-7246
2242
-8299
4469
6175
-9142
-339
3194
-7615
7246
9225
-7580
-1178
-5540
-61
5730
1849
8344
1243
626
1156
3624
-5219
-4214
7528
2361
5412
-7696
-8183
-7907
-3391
4270
-8746
573
-297
-8265
4807
-9660
7552
-7805
7438
6038
-6742
9972
6559
904
8048
-5996
-9293
-3359
1646
6921
8583
-5955
-2993
3444
-706
8295
1327
7996
-1755
6636
-3326
7790
-8716
6779
-9876
141
-7815
5760
-1402
2854
-9643
-7846
2759
7553
-6524
-9985
-2163
4515
893
7822
-7486
4791
9095
5248
8044
765
-2115
-9389
2482
5782
-1901
4396
-1753
9189
-2400
5918
-8069
-1750
-4118
-3848
-4502
-2764
7228
-2992
589
-7567
-3792
-4956
-8862
4131
1505
7151
-8933
777
-5530
-3139
2252
4683
-1236
-2005
5829
3807
-8497
8372
6919
-6551
2172
688
-5546
6149
265
5881
-6843
7282
-2132
487
4952
608
7842
8869
-1879
5882
-9467
-2852
3395
582
-1345
-3845
-7438
-6898
-624
4281
5824
5130
3919
9633
4916
9550
-1479
-9970
8960
-5499
9889
8105
9379
-2005
-7839
4261
7583
2951
-4585
8503
2827
-4833
3037
-7536
-9177
-9391
-2547
-3946
6840
-5940
2272
-5006
5062
8787
2477
-7907
-2731
-4944
1769
1746
-228
1204
-1617
2900
-3420
-9654
-3785
2973
6934
-1071
5332
9729
-6714
-1362
-7972
-827
1087
304
1970
-5228
-9110
1343
-7756
9571
-3784
6023
-5960
569
-1778
6542
-9104
2398
3502
-8026
-9545
-699
9587
-3024
-1579
8842
-2219
9572
6346
4194
4523
4110
-8717
-8929
-2925
4519
2374
1330
-2637
-6378
9076
8579
-2980
7287
4534
8218
-4253
-7185
-3938
-3648
-4268
4927
7950
7009
890
3149
-3909
6538
-272
4975
6990
6122
1529
4641
-6513
7897
-2165
636
8899
4892
-1082
7010
4609
9840
-9374
-4291
1132
-4220
-2501
-3652
4575
-5320
-6742
5384
-5636
3489
6503
9649
-8849
6187
-5169
6628
4011
-5260
315
-3984
1533
8712
6053
7226
-7892
3487
-6994
2126
-3365
-8822
-2116
-2604
-4648
9502
-7301
-7770
-3588
402
4083
-9174
-1373
-8588
-6119
8980
9175
-1592
7576
-9398
5812
-7918
-5487
-5173
2764
3192
-8687
9382
-6588
1261
-2725
398
645
-87
7467
-9244
-6111
-146
5053
-5604
-8866
1213
6992
6183
3518
-8629
-9014
7210
-7689
-6609
7747
-9505
-983
8322
-2948
-931
-8985
4235
6993
3989
3241
-6044
-6309
4278
2620
2618
2917
-799
-1531
7937
-7541
5230
-7775
6464
-7663
-1295
-9551
-2982
9030
4108
7125
-4212
6185
1675
2669
3709
1410
-4526
9
7937
-980
9411
-6298
-5677
-8936
2338
666
-480
-4650
3566
8548
186
5205
436
2342
-5204
-3444
-2177
6193
9384
2008
5341
-6645
6266
1675
9591
-9637
3085
-3075
-2410
2103
-6645
-5202
1797
-128
6376
-4178
-8786
-4131
8325
-6385
-4482
-8188
-7824
-2507
-7317
5849
8918
-6020
7903
2412
-1691
-3965
-5083
-1506
554
-6960
-5616
-4807
2746
528
-8743
4504
-8908
-8409
-3730
9241
-1087
6806
-8416
-7744
1897
8599
-567
-8
-3329
-905
-4836
-266
-6991
-1654
4111
3979
-2752
2785
-611
3258
-1168
-9126
221
5602
4589
2845
-5898
6356
-4733
-5285
-3536
-3708
-4216
2813
-5995
4
6397
-4972
6282
2718
800
-2556
7045
5694
7125
6837
7785
-8531
8585
-9033
-9589
-2250
8525
-3523
6385
5431
-758
-6054
-3511
-5574
947
3405
3420
-786
-9057
-3002
-5774
-6944
7497
-8311
755
5393
-7203
5291
-2329
-4241
7205
-5727
136
-8602
8291
-5432
2692
6232
2007
-4850
-3347
2550
8457
2633
-3271
8963
-8408
-9308
9696
9622
1049
-564
-3197
-3524
7928
9484
1269
1533
1577
2337
5674
-3680
-9867
-5571
-9798
7811
7309
350
-5705
1929
-2830
2041
6968
-5910
2784
-1718
644
5789
2812
-7001
6385
7763
-382
-6073
5046
2323
2463
-6266
-4111
-2592
6794
9575
-4007
3263
5750
8281
5576
2134
7931
-8475
6938
1547
6176
7338
-2301
7184
2172
4742
-4110
4819
5537
-1913
-3070
710
-3243
-1027
3952
7854
-2557
4283
-6879
-1515
304
3038
2234
-8439
4608
-5802
-3251
-8351
-5947
2914
2509
5600
8761
-2825
-9117
-1104
-9247
198
-1589
6211
3097
6075
-3412
-9110
9636
5507
5035
-6356
-5284
-7188
7437
466
-8160
6132
-3834
7804
8550
5428
6189
-311
7606
7818
7743
-8540
7566
9516
623
4440
-8132
-517
-8763
8319
5817
4759
-2181
-3047
-4934
9738
3648
263
-812
-9109
3714
9443
-2750
-5995
-5598
-2167
-2470
1629
6486
-1288
3034
-424
-6394
-7812
5254
5702
7126
-2111
7609
8027
-4921
-8647
5638
-3289
7102
-810
-4567
7427
8140
8486
-1073
2765
7042
2336
-7217
6702
-9966
-9743
-3158
-2648
-5825
-3400
5030
3675
9462
-7705
-4003
-8397
-2141
695
-9938
9001
-1684
-1265
-1434
-5273
-1157
1203
46
-3635
-7418
-5363
1399
5823
-9504
2934
-7194
-6828
9326
7724
2129
594
7414
8024
3762
-3576
-3747
6378
4982
4397
-9474
-1937
-6835
9412
-5083
189
9708
2834
-9284
3281
8682
-481
7126
-7979
-9183
987
8789
300
5623
7606
9645
-8948
4776
-7604
853
1621
-2468
2081
9275
1858
-6042
-5118
7908
-9279
1913
-4459
-668
6502
4965
3749
-3916
-8184
1514
-7325
-7824
-6375
6718
-4424
143
7658
9157
7086
-6353
-7183
-3890
487
6978
8979
2278
-581
-8865
-429
-2591
9449
-794
-3053
-1291
-2951
1543
-6606
2336
-5674
-8672
7847
8578
-7297
6518
7339
6024
1425
-998
-3753
-1954
-646
-6587
-3002
7890
3057
3554
-4564
6312
-4913
2776
-6663
8380
5857
8743
4150
-7325
4686
-8804
-7414
-9056
5936
-7782
-7248
8463
4611
-3330
-5045
-2467
-4879
1747
8619
1397
-7540
-3765
-410
-2357
-1010
7152
-4426
9033
4550
-9004
-194
-9370
-8578
-7185
-6116
-8813
-5286
-6178
7893
2494
8118
4068
-308
9951
3277
6596
-8268
9215
5225
7311
7855
2406
1757
4040
8281
-1269
6048
-7835
2659
-9788
5723
-2138
2344
-5763
-5526
-2232
-9820
-2714
-5463
-2599
8832
3596
5670
-4556
2912
-7007
6484
6487
1334
-9613
4207
-6524
-4124
5300
3699
4612
2658
-1806
-1862
3457
3175
-4529
807
7474
9603
2555
-3969
-2979
-838
9876
-1344
-1015
-8419
-9904
165
594
-5207
-8778
6895
-5111
7544
-739
-3129
1528
9045
-4620
-7222
3541
-585
8847
7407
-4623
-5588
4162
-2858
-9705
7544
-8323
9055
-3467
-8712
-2979
7183
31
-6708
-1164
6399
-361
-3814
7076
-9419
-2490
-3105
9063
1404
-9864
-7569
7268
7310
426
2795
-8353
2808
-1116
-5908
-7257
-6075
3769
1802
4228
9296
8338
-2320
-6007
4642
4960
608
3459
2384
7591
1503
8516
9153
7778
3609
8677
9374
8363
-7733
-5120
-5409
467
20
9550
-8692
-4607
-1587
-2441
8230
-8732
4937
4231
-6408
5234
-2616
-1236
6285
3674
7273
3153
3194
3479
-5855
-917
-6832
-8359
-865
8872
6333
8371
832
-898
-5375
-9329
-3785
2679
-388
-9218
-4379
3486
-6928
5201
-5105
6977
6171
8344
8922
-5496
-3946
-6846
-5268
-832
8096
4981
-2519
6426
-89
-833
5871
-3656
2803
-9658
4872
8034
1121
-3718
9119
3645
-2052
-5237
3412
8182
-6304
1752
-4134
-7995
1816
-3302
1706
-6627
-1392
5685
-301
5337
-4537
4222
-1595
-189
-9981
-4872
-9546
8828
-2154
5302
-8589
9825
-7056
8105
246
1249
-6374
4164
-5319
-3438
5043
8053
4569
-4176
-5769
2863
7915
-7913
-7397
-5811
6892
2806
-6896
9308
5200
-9252
7739
7438
3852
-7087
6607
6073
-4441
4648
-9702
-5375
-4410
-774
-9119
1574
-5949
3380
-430
2716
-6896
-4892
-270
672
957
1745
9195
-4837
-2214
-8828
4814
5112
-3698
-3581
-7963
6076
7897
3090
6889
4221
-3126
-2598
3341
9073
-2758
4501
4654
-6512
8203
-7833
216
-6019
-6053
-6036
-3540
-1738
3934
-4292
-9545
-7257
-3111
-8452
-4339
-7585
7137
5830
-1953
6206
7855
-7884
9106
5861
9176
-2835
-1361
-9521
2208
-3938
46
7878
-2915
280
9684
-6136
2592
8769
-6730
-7151
6866
4533
-6971
-5583
-5480
-813
-3379
-4905
1503
-4397
-4961
-2432
-6798
-2293
-5226
-8141
4303
2810
7559
6465
-1042
-624
6666
-4926
7538
9129
-5114
6081
-1487
3973
-767
-5951
-8354
-3750
8169
-6090
-3938
9610
-7340
3400
5473
-6187
3065
5600
624
-4643
-6910
-3450
-9325
-8588
4389
2628
-4283
6029
6129
17
4529
-5635
9841
-9622
1056
-278
8250
7541
9648
-1244
2873
9309
-8382
6253
-1070
-116
6306
-2990
2
680
8820
-5057
6922
-7506
6313
8090
1573
-9460
-2476
2363
-5401
1595
9529
8361
1833
9740
-7035
-5136
8735
6234
5897
-9648
-1737
6171
8769
897
-1709
5040
5259
-9305
-913
-2964
-1505
-209
9838
-6345
7980
-8565
-3078
-6718
-210
-6809
-325
2996
3525
-4583
2485
-4275
-4240
-8843
6875
1084
-7264
-4076
-7286
3517
-8967
-4688
5010
-638
-9464
-5844
8796
866
-3851
-8173
-6028
7505
6710
625
4746
-2995
-8070
-9362
-4828
-3736
9945
2661
-2523
1691
1922
-9837
5242
8403
-4061
-9189
-4783
-8922
-150
-3594
4968
-2596
1581
3498
-7626
-9270
7433
-4804
-4381
2818
-715
-1358
9909
-6003
6644
5415
-7988
-7097
-5697
5325
-1244
-8670
-9768
-7883
6922
-9709
-2844
6009
-9754
8142
4458
-4180
-850
-9325
-3208
3367
-1124
-6553
-1042
-5386
-170
-3699
907
-8733
3149
-5851
-5531
2948
5580
-3247
-4678
8703
6756
7826
1882
7769
7843
-9610
8729
4460
-2851
7072
3595
5723
1544
-2297
-7508
-172
7466
5324
9062
-7735
-6817
-1291
5558
-2779
385
-824
-9147
-6613
7371
-1828
1126
-1633
-2206
-7079
-7214
9022
2363
-2408
-6868
9616
49
-2603
-2328
7422
3299
4293
-3161
3864
-1879
2890
-8460
1824
-1285
-1738
4216
3699
2792
910
-7310
8277
-1710
-8323
-4743
-2928
1531
-8466
-2717
2906
4814
-9371
5655
9226
-4227
-3435
-8957
2247
8664
-3154
-9837
7179
-2002
4798
7570
-5408
7762
-8143
7848
-4039
-6433
-2494
-597
-8998
7906
2442
4352
-882
-7244
6988
7825
-9674
396
-237
-5353
-7328
-526
-5049
6589
6524
-9034
6231
8665
7257
-9175
-4725
6387
52
-7987
8364
-8923
-1225
-5496
-5565
1924
8677
5692
-8606
-6565
-181
8190
-5448
-5324
3841
4348
-9311
887
-5934
8882
3717
6644
4304
8
-5970
4489
2720
-9265
-6927
7657
624
7162
-3215
-14
3010
9853
-6074
-827
4719
-6381
3762
-453
-2935
5303
-2404
3480
-9570
-9762
-5661
-9666
1034
-2307
-6490
-9742
-156
1793
-801
3609
3275
2184
1467
1418
-6422
9170
-7560
1022
-8468
-125
5367
-68
-1909
-5655
-2522
-7104
-3879
-3449
7321
6379
2706
5228
-7595
-7476
-9561
285
5845
-6857
2290
6504
739
-2889
-1089
-9185
-8241
-8733
-2968
-1730
7329
6903
-8021
-5519
308
-3420
-5701
5686
-9379
8996
6533
2884
-6313
5925
6333
-1284
2727
9328
-5624
-9397
-715
-3376
7712
-5572
1032
8573
6844
-5809
7288
-4089
-5188
-7401
-6493
516
-850
9779
8149
-2355
-3725
-6963
-4099
709
3080
9777
2418
-2987
6147
4091
9693
-2108
-4217
-5810
8655
66
3767
-9343
528
1352
-8303
3407
6259
652
-3447
2916
4402
-3777
-3133
-979
-1461
-3727
8388
-928
2009
6107
8425
-8425
-2275
3038
1267
-9892
-3919
1079
-9198
4251
9010
3628
9019
8150
-4110
601
8597
6797
-4470
7421
6807
4332
-2433
2912
3834
-2184
1354
1520
743
2108
9254
-8284
-6193
2421
-1309
4220
491
-3345
2205
4359
-8846
8630
4993
1844
-5946
-9759
227
-5265
-2999
1785
8635
-9651
5256
9480
9097
-9
5122
-8171
8023
-89
-1175
2287
9448
578
-2412
8432
2999
-1299
-8808
8683
7709
6507
4935
-1378
4089
-767
-2154
-8549
3016
1005
-7798
-3842
2905
-9686
-1146
-6977
-2396
-9320
6694
505
7119
-5444
-2636
-4163
8161
-1612
-6965
4655
8663
-4257
-9388
-9205
-4987
-9722
-2639
8695
-5534
1131
-4698
3647
9458
8195
8132
-5922
8802
5059
6024
-3897
-685
-2178
303
4029
9032
6225
5785
3517
-2110
-9436
-3576
-1
-2645
5484
-3437
6043
-7660
981
-8026
-1513
6402
-8134
-5880
2892
-8535
1982
-662
-2045
-4078
-9727
3845
-1670
2109
-6078
-6841
-2613
9299
3842
4170
4955
8762
-7883
-4920
-559
-5644
5289
4194
-2831
-6876
4440
7432
-9438
-7748
-4009
-5785
5090
-5732
8230
-6016
-8765
3890
-7088
1160
-3289
-8372
-9212
860
-4249
-4001
5098
-6841
-6983
-9171
-1738
-5620
1872
8183
-6479
6700
-9821
5281
6233
-7708
-6593
-9001
7039
4606
3625
6489
-2790
3988
4716
-7856
-8321
2507
-1882
-6369
6983
1954
-6296
2042
8198
7288
5841
-877
-983
-1799
-4149
516
9918
9615
-5219
6314
-5653
3044
-2935
-1429
2585
1053
7386
-201
4080
-5814
-8391
-6288
-6889
6290
304
-6506
-7791
7583
-5622
-9225
-35
-2588
5108
-5541
2643
1445
7105
-3360
-9615
-9336
2963
-9330
-3334
-5962
-52
1357
-5827
-8231
6265
-6293
4538
-652
8382
4791
-9774
1023
-4375
7996
-7980
-742
-9850
-1679
-9169
-6455
8645
1100
7309
-3348
6701
-1968
144
6870
-750
-2406
-5295
-6292
-3090
-4247
9858
8152
-5130
-4252
-4838
-6644
2505
-7740
6327
-2742
-2910
3157
2149
-4917
9377
-3716
-4257
-5437
3488
-1981
-7988
-9442
-5554
6510
-6591
6934
-5712
-7992
-9872
388
3590
-5256
-4455
-2658
-2315
-6520
3192
-9962
7274
6304
-3896
-64
2905
-6972
-8510
-4353
-5493
1005
8571
8361
3583
6707
-1765
-2079
4411
9411
1006
-3540
-917
5696
-8222
-599
-8625
3048
-6082
-3015
7289
2732
-6887
6260
7471
-2070
-2020
-7086
-4301
7626
-1522
6104
741
6791
-3560
-338
-1218
-9146
657
-9388
3281
-9831
-3904
-1625
814
-7237
622
9274
-9682
8926
-8935
-6704
-8468
-3464
-8889
279
5866
-297
-9692
3070
-795
7366
9440
-325
5225
4484
6988
3923
7165
8655
2141
8365
-7191
5651
-117
768
5004
-7709
-3679
937
6351
6950
6571
-6691
-4244
3910
1283
-3686
-7211
-3716
-5826
-6384
3171
1474
-8796
2611
-1764
-9537
-1341
-4398
-6486
8209
-3537
7394
5919
-2299
5142
-2400
7300
5704
-6363
-1618
-2392
7134
-5471
-4637
-2689
113
2581
-3870
7650
-4927
-6688
-8468
6608
-581
-6582
5117
-1157
7591
3576
-543
-5387
-1110
-5994
-4712
490
-6994
7365
3382
4062
6365
-3619
7360
-3084
-9985
1347
-8865
578
-8174
-2272
-6469
-8767
-9447
3835
1811
-1055
-3839
-8857
-7063
-1218
-1417
-564
-9804
-9665
-555
-6578
-2724
-8151
3599
-7563
-3851
5386
-3146
-8270
1542
7688
-7392
-4444
5543
4851
1229
3589
1992
8875
-2723
7331
-1555
3530
1761
-1242
-5729
-5444
-3278
-3864
86
105
-5536
9191
-1860
2545
6972
2140
4725
7964
-9637
5161
-2882
1241
-7339
9370
3837
-4678
3655
-7418
6068
6666
7942
-6685
-6261
8722
8637
-2628
-8882
7823
4653
8567
3526
6567
-3016
-9628
-9167
5216
3530
2685
-4891
-7099
-5964
-1882
-877
-3822
9662
6287
7329
853
-456
-6380
-2601
-8162
-3027
-2357
5840
-3026
2435
5242
4643
-2772
-4498
5790
5870
2312
6599
3940
-7874
-8946
4097
-5417
149
-347
3733
-155
-5051
5644
-7274
-5435
760
-5057
6842
6987
-9104
-5027
-1622
-674
-1218
3573
-7506
-3810
-1133
-4537
-5781
-3526
5483
9437
-6668
9018
2498
4215
-2030
1525
-3441
8966
-2521
-5452
1395
6466
-7395
3765
8377
-6708
7041
-6861
-6461
-7829
-2324
-5049
6400
-9495
1854
7669
-4238
9887
1759
-7872
-7980
7746
7758
-413
-3871
-2057
-2200
-1054
-4716
3436
5935
-898
-8083
-5017
-2561
-3666
1374
8811
-844
5831
-7618
-7905
5260
-5341
-6273
244
-241
9155
7719
-5175
2800
-2054
-6948
3691
-6343
-8509
7542
-9871
269
-5898
3448
-9609
-291
-412
3160
-5444
-1886
-609
7478
114
8527
3625
-3305
4011
845
-3503
1005
5378
5908
-6436
5070
1807
-5356
-1637
2902
-189
2840
-1441
-8890
-798
-5662
2561
-9049
-2403
7975
-533
-2871
3740
3549
-7242
-7711
-2748
-7246
-23
6240
-9938
-8004
9079
7047
-4181
8686
6576
6184
8289
-9400
-3321
3213
-7487
6125
-1206
-4672
3329
-8809
5522
8570
-6579
-9103
7891
-99
3342
-3377
8157
1784
3444
2476
-3187
-2735
7260
9183
7932
9478
5032
-2652
2162
2808
-5612
5019
7950
-4579
9452
1810
-6167
-7486
-4480
-9008
4946
-5913
5208
-1765
-153
6047
-6471
4857
8234
4058
-670
-6109
1364
-6694
7338
-682
-5469
-3667
-638
8332
7405
-1990
2347
1494
2929
9926
6437
6397
2420
242
5229
3378
3704
-6057
3457
9219
-3017
1534
-4931
2050
1791
9285
7968
9972
6084
-8699
9491
6596
6031
1855
3410
-5969
5275
-1617
-1749
951
-810
-2895
8127
9153
-8067
6542
7245
5659
-1922
-9355
6692
-3946
2795
4130
-4857
7629
-3700
-4876
-9775
-8567
-2731
-461
1018
-5441
-8492
8526
-9586
-4466
-8946
-250
6121
4786
1892
3703
5127
2713
-7359
3079
-8967
8501
-304
-9670
3663
9604
7139
-3082
-6781
-6448
1765
4875
-4267
3599
-4192
-9051
3172
7402
9997
-2562
6842
-312
2072
4088
-6745
9323
-4336
3467
7609
260
-7324
-8132
4582
-5478
7733
6798
-9068
8506
1891
9538
-680
-5638
8752
-9709
-277
3245
5710
-807
1237
9347
-5971
-1718
70
-5147
2884
5641
7609
725
3020
-8669
-5088
5190
9392
-9013
-4352
-8875
-3432
9739
-9174
-9951
5247
3181
6757
-6249
-9011
-7330
8687
8145
-4571
-1206
-3444
6570
-5900
1647
9051
-6933
-7930
5905
7911
-5310
-9648
-6724
-2625
7046
-9914
-19
8811
9998
-3696
6535
9857
-4195
3292
5730
2786
5581
3236
-7012
9441
-7485
9842
1000
-283
2159
6986
-9430
-1296
4801
-8544
7098
