1935
-5020
-6520
8232
8382
1126
-2812
7739
8543
-4031
-5471
5469
2508
9789
1823
1139
-4512
7816
7807
-3924
-8176
2300
-4955
-6882
-1947
-1034
-7383
-7702
-8041
-617
-4732
9214
3853
-7384
862
-6092
-8312
-9757
8806
412
4325
6379
-9808
-5469
-6641
-6083
-3681
-5018
6960
-8631
266
4615
2504
-867
7102
-2536
-7022
-7351
8102
8634
-69
-5813
5801
-4675
-1906
-5591
434
1447
-6931
3007
6073
-6718
-252
6905
7790
9869
1160
-4890
-9926
-7814
5049
-3701
7838
-1885
8598
-1201
1286
-2301
6797
-7917
4805
5592
-7931
5740
-4733
9183
-4436
1007
6854
-4636
4955
-1153
-4011
-4676
5718
-7471
2812
-2179
-3502
5183
-3430
-7212
2118
-2635
-1271
-7703
-5587
7050
8434
5345
6519
-9367
-6523
9788
-698
-4695
-4766
-8481
9997
5653
8495
4031
1148
-3275
-7119
-2721
-272
-7492
-7982
-3478
-2219
-4801
-5179
-2420
-9397
5596
-7453
-9118
-3141
-9011
431
-9529
-3470
7990
-2907
8610
-7105
3586
-9632
2076
-2958
-7268
960
1705
296
-7852
-9097
-6725
3789
7181
4179
296
-8974
-6166
6627
5349
6740
-868
2772
6082
1657
-2754
1134
-4072
7329
2658
8673
711
-1790
3750
7730
-1232
3674
8293
716
-6357
-9044
4451
4518
-1424
-254
9802
2511
9277
404
-1902
961
3722
-2233
-4947
-2799
4715
-9513
8669
3661
-970
-7007
-924
-7473
9968
-2259
-6975
8362
-1292
5401
7018
-2879
6817
-4111
-2377
8148
3114
8496
-3635
9170
8562
-1421
-86
-7383
907
6690
-1997
-8115
1791
3249
-2567
4162
-7226
2279
2511
-919
3767
7028
3811
-3075
-5224
8510
9976
4902
5908
-9232
-7282
-6595
4164
-9140
-8356
7960
-3199
-6005
-2778
9737
-4878
747
-9293
3144
4439
2267
-4681
-6918
-7988
932
2267
-9439
-9950
-4119
8531
8879
-642
2704
5302
58
6224
-793
3695
-6831
-5602
-7946
8365
-6769
7430
1185
3965
-8679
1172
-9611
9987
-5065
-5886
-2952
9506
-2011
-3301
-2373
6640
-7464
-4894
-6296
-1504
8390
5709
-4092
-4544
-4402
6823
-5185
3959
-2845
1667
-2293
1580
-2925
-3021
6995
-8403
5383
8321
3993
-2758
-8320
-821
7840
-9652
5608
3764
-1969
8734
566
6678
-5687
2706
-1217
22
2071
4375
3504
9264
-9334
-9613
1505
2580
3392
-607
-1623
3639
-4054
486
-8330
-4731
-9238
5167
-2753
-9195
-9760
2881
-5473
-8827
-678
8033
1652
-6451
-5458
-1225
-7722
-5180
-2915
-848
5761
5626
-9034
7865
1755
-6304
9133
309
8286
3395
1412
-8095
-2569
8193
-8685
7132
-1781
7329
3003
7144
-5402
3714
8334
3150
-9570
-8965
-769
4443
-7734
-6946
-5829
-4775
-4387
-2406
-782
245
-8426
6762
-7433
3658
7096
7518
263
-1704
2846
4105
5211
-4046
730
-3984
-6665
-3230
8185
-3450
750
-2021
-8141
9173
-4369
165
7695
-2994
842
2234
-1539
3803
9776
9560
-1902
-1953
-8193
1935
7106
253
5529
-9520
-5297
912
8892
5108
-6506
-5610
-4827
457
4151
2871
-4294
-775
-7198
-4
5813
8945
-1048
8498
4240
1271
-515
-9645
4067
-1599
-1025
-6119
-6852
4965
3903
6732
1258
-4587
7689
3480
-5878
375
2450
2407
-687
9386
9383
-4742
7919
-3703
-9471
5047
5058
-70
-3743
7759
581
4121
1803
4943
4908
5161
-971
-2020
-4222
1788
1619
2023
7071
5143
1276
9107
2859
-9469
-8188
8592
3900
-2527
8496
333
-3040
-7498
8909
7749
-1017
3177
-6714
-9315
3595
5997
4756
-7675
-7848
-5946
6057
5014
-509
6171
-1936
1441
3087
-3340
-253
6449
-5834
5588
2069
-8146
-9319
-788
7337
-1294
5197
1130
-4297
-8692
-9430
7688
4877
573
-3393
-4359
5970
-3333
-8943
-7292
9575
-2003
7192
2987
6603
5536
1128
-3995
-2500
29
-3542
7344
8885
9338
3402
-8435
1035
7577
-147
7235
-2742
8783
-6570
-3375
-8893
-5411
1123
-9947
-4148
-3125
6704
6512
2219
4061
-9217
3979
3827
3593
-8602
3458
3807
2004
7941
-4387
-518
-5451
8931
-4788
6480
-1095
-4731
7475
9617
5062
-1137
-554
-3952
9847
8705
-1731
-503
240
-6070
3832
-5325
8970
-8891
-3260
-2690
-7984
-1611
227
-6394
4169
-734
-9443
3978
4521
2811
-5505
5247
-5799
-2912
-5261
-9791
5505
7029
484
4272
9141
9248
-4270
4866
4465
809
3509
-6650
383
-6732
-7007
-7523
5327
1353
4610
-1620
-6262
-8622
179
-3576
-5858
4935
-9400
-2337
8658
1241
-5621
7242
-9322
3488
6097
-8583
-7135
-5430
9457
6495
-4344
396
9688
3466
4110
-5530
9292
1104
9344
3231
7412
5475
6564
-2532
1573
-6799
-995
-743
-1899
2222
-1503
-4546
-601
-5541
3029
-3161
8676
-7035
5334
-5597
8900
-8078
7196
-122
-1733
5299
-5152
4858
6307
2363
110
4363
7793
-4022
2602
9338
1406
8505
1935
-6122
4293
4229
5763
-9115
3792
656
6824
1077
3937
-1325
-8187
8812
-4364
8441
-5928
8704
5579
4784
2179
-2215
5239
1042
2714
-8415
7711
944
-1349
-1301
6324
9013
5198
-9764
-2838
8526
-7009
-4722
-7157
-9358
2598
1372
5426
762
-1991
-6882
7871
-9449
-5200
1180
-9121
6882
4968
-3464
5308
-7528
9047
-6551
9341
-7787
-9803
-7443
-3283
-1538
2958
5546
9568
-3236
9543
-7972
-3308
-1064
1012
-9505
1177
918
-8408
-1878
-8670
-9163
-8494
1994
9433
9174
8753
-3889
-1802
-2318
-9186
-777
-6981
7032
6003
8218
-7175
5717
-9671
-7685
-9162
4647
-4838
2808
-4650
1569
-4753
1474
-8607
4931
2988
-3525
8813
5367
8946
4329
8309
2293
7481
4325
3734
8603
-4563
8249
337
-6232
-8838
-8328
9313
863
-8122
2828
2625
-7402
-3107
1173
8652
-7533
1440
6687
6674
-260
-8971
2302
-2154
2803
-6045
2156
8415
6420
-9351
-2290
8185
-9610
1863
4577
208
-3028
7161
7432
-8822
7220
-8908
3062
336
-6252
-5419
-303
-7652
-8129
6281
7248
1973
-3072
-653
6590
-1851
-8625
947
-5491
-4621
6247
-1745
-5977
8021
2588
-8352
-1453
-9301
-8415
-6572
5212
-9004
-3014
-3209
4158
-9835
-7787
-4178
-2111
832
2522
8549
62
1741
1364
-5935
-3243
7402
-4103
9210
9039
8760
1449
-637
-4337
-6612
-3876
-2970
-6018
-7849
9472
-3946
-8320
-7144
-8981
6992
1967
-3311
-6974
-5630
3982
8799
-5006
-4343
-6044
2257
-8447
-4079
3173
-9932
-5207
6810
6913
2767
-9705
8029
-2378
-4227
-9627
-3307
6567
-3460
6928
-4581
16
6786
179
-7978
9613
4856
678
-5641
-2169
-9667
6877
9862
-6976
9769
-8435
-8631
5798
-4780
9243
-1072
9558
-7696
6400
5016
-1686
-7674
8057
-9330
-3411
-2400
-3839
9018
-3262
-3451
5564
-8968
1949
-284
7730
473
-2569
-5992
105
-4676
-6762
-3375
6343
9047
6308
9434
-7926
8955
-9854
-9844
2915
2728
-1108
5528
-7224
-7969
-112
3394
-3864
-9723
3781
-4732
-8218
7635
2865
-8736
5208
6007
-5737
-4823
6232
-5375
2542
-3927
-7785
4963
3554
-3305
9431
-3128
7598
-2354
-427
4386
4263
2898
3564
-1771
-5831
-358
-3856
9958
5554
8188
-317
158
6114
-575
1489
-25
3706
-7468
402
3324
9584
6905
-4500
-6526
8313
1894
-666
-581
-9720
-4415
1267
8
-9177
8963
-4400
-2005
-5585
2316
-9709
-3855
3927
8353
5919
-2839
-9175
-4626
-9274
5011
-2620
7375
-1047
8779
727
-2049
-5160
9878
6892
-3811
2588
-5029
-7914
5777
-7054
-7036
-9895
2299
6302
-1191
2835
5412
2948
5560
9747
-7101
190
-2809
8208
-388
-1678
6800
-7796
5866
-4388
9686
7170
9139
-7059
7484
2360
2918
9066
-6050
-649
5055
1634
7258
-9226
-7644
7323
5954
7105
-5691
2028
544
2997
3422
4775
-1120
3060
9464
2194
-5560
8328
3405
-6630
-9913
7204
-4346
-9671
5603
-2818
3487
3548
7075
6292
-5268
1479
-703
-3133
5198
-8145
7734
486
-8771
-8172
8927
1119
-5595
-2387
-5767
6930
2856
-7221
-1655
1260
-5060
1535
-2413
1734
-3742
-9048
-3666
-9846
2989
9824
-6907
-704
-8732
6906
-8458
-3844
643
8883
-8010
-4587
2559
8316
-7416
-5255
1330
-2906
2040
-6721
2257
-7020
-3473
6807
997
-1919
-7724
-2584
7552
-9315
1127
9509
4397
-8777
-8958
8169
4832
-7440
4929
2144
8076
-7148
1402
8524
467
-512
-2514
6295
-1284
3537
4641
-3653
2952
-9843
-5676
4008
8336
2866
-766
5059
6415
-6320
1050
-5604
8823
5713
-4433
-8679
4200
-2722
6643
7834
-8859
4053
9929
-6507
-546
-2879
155
-4020
7628
-969
-3423
-9415
-6162
6856
-8293
4919
8159
-6727
6279
-4462
6899
-9556
946
8404
9746
4321
-8711
2083
-6726
-3793
-281
9254
-9485
-9841
8841
-5964
-8039
-1762
-4364
-8224
-7297
-2492
-2313
-3294
7386
1028
4320
-8327
-214
1201
-4531
-5750
-9247
-6243
2851
-7874
-2645
-6908
-5932
7430
4490
-4165
4804
-3237
-1351
9868
4418
-2394
-6197
-9348
-5799
440
3529
630
7184
2767
9466
-3757
-9381
8935
9505
2265
3601
-9241
1695
-330
-7671
1169
3371
1199
-2187
-242
-9693
1514
-1378
3913
-5731
-8884
-7658
-6043
-1115
7320
-4237
1054
-1400
-6929
8285
3580
-3751
-1198
-2604
-1042
2755
1981
-8623
-3328
279
-7422
-5598
4425
-2187
2891
-1391
4012
7099
1846
-265
-7654
-2838
-6198
2830
-1517
-2277
-5790
-3877
-4047
5814
3078
7671
-3425
7021
1731
-245
-4613
-9951
1670
6563
-2872
-2191
9837
8069
-8371
-2573
1318
9194
-8673
2161
3893
-1814
4875
1927
3227
-16
-5614
9444
-8423
2971
-3123
-4831
1593
40
5095
-5635
5899
-3368
-5186
-7316
1870
-2684
-1921
-25
9315
5891
4038
-8948
-9578
-6147
7003
5823
9962
1439
-9512
-4399
-4628
2367
3534
2783
-7210
-9530
821
8850
-7622
3456
-7275
7637
-3249
8543
-9238
-1599
8747
-2772
7492
-1478
-2610
-6459
-4717
-7373
-669
-3334
-66
-993
4211
-7827
-3499
214
-3361
-3898
-4583
-143
26
-5916
565
-9196
-9536
-1417
8986
1902
-5003
-6493
7100
8131
-2131
4181
-3457
-5668
7065
-2041
-7784
-6196
-5729
-8697
-6470
9568
5082
-4122
4474
-2984
9552
-319
7859
-6302
127
8130
1779
-4795
-3623
-7181
-2986
3877
3955
-6742
7653
-5223
-2101
8943
7589
-8521
-2520
-7108
-9813
-992
7267
512
6694
2490
4058
928
1507
947
-9733
7125
5183
-7613
8234
8489
-3580
-2621
3453
-4729
5431
689
-6253
5699
-6642
-2411
2862
-471
-2899
-6533
1387
-5523
9415
-6632
-163
2106
-2923
8968
-4613
-9738
1445
-3181
-5556
-1375
-8554
7360
-3372
-9905
4493
-9016
-1572
-5200
-7425
-1245
9279
-7097
-6178
-8376
-3129
-8250
-277
-9965
-5478
5258
-7781
9587
6562
-8683
-8756
-9884
2381
-8405
8432
-9174
-8921
1473
-4738
3692
-3229
7037
9942
-1685
8800
-1372
-9992
-2437
-9190
5382
9630
6698
8299
2748
-8890
8646
-4330
4520
2212
122
7099
-1564
-9297
6458
5980
-5393
8021
8276
-9467
-4935
-7481
7819
-6024
6273
2470
4946
-9390
-1972
7635
5643
-3888
-5621
5819
-1717
7166
5616
3186
2358
-4398
6009
-3868
2967
-4695
-4243
-7921
-8839
-8768
4348
-3662
-4794
6480
-1371
9030
-674
-9758
-84
2784
-4944
5833
-6282
6212
-41
-4939
547
9991
7674
-1396
9102
3248
5425
3447
5716
315
-1969
-8776
-2347
-5009
-4426
-7338
-8260
-4941
118
-3888
405
-8804
8770
-4532
-3927
9618
-1719
-330
9709
-9580
-2210
-4786
-6115
-7767
6361
-5742
1783
-9078
2998
3922
397
2807
1917
4423
-3794
9660
-2497
5901
-9812
9205
-1511
-3160
8624
5585
-4266
8356
3015
-1791
-2039
3849
3179
9095
-2826
-3914
-7959
-5389
8051
4876
3231
1084
-5079
4938
-8412
-7749
-2352
-7758
6361
9765
8747
-4596
9461
-8636
5555
-5169
4626
243
9451
5391
4421
5079
-2351
-5393
9112
567
1354
-4437
349
815
754
1737
9555
647
-3971
-9825
7900
9626
4356
-8327
-3499
-3798
1815
-9879
-2078
-7261
-3594
-9984
4162
-5017
-4654
597
-1495
8059
-8834
-2763
8497
9046
-3996
-5840
4882
6771
6601
-8594
-9556
-520
-6742
2237
7220
7507
6089
7472
7381
8238
-4070
-7131
-3728
-7511
6675
-2941
-8425
-4311
1482
8119
7879
9166
-816
1333
8899
-7501
-6792
6035
6838
4988
1694
-7147
-433
3614
-7248
-9498
-5159
-649
7830
651
866
-5355
7603
5010
3674
-4895
-5709
-2606
8754
8698
3930
-9189
7676
-4267
2205
-9103
5933
7273
-4660
8695
-8025
-6860
-2824
4665
-8912
-576
-4380
1357
5780
-9481
-2575
-6922
4431
-1790
-4772
3867
2032
-6398
5868
-5937
1660
-2093
7503
7129
513
-656
4539
3064
-1097
-1717
4760
240
4284
7442
1058
-810
-9119
4207
-6138
3311
-7901
-9674
8448
-1980
7575
5053
-7112
1582
-3416
-2782
4315
4833
3760
7718
-5555
7875
-5016
6467
7668
6495
1517
-2419
2048
-8955
3109
-2643
8690
8749
-4556
-4678
-3756
2727
-1111
9920
5078
4766
1328
4842
-8454
3460
7025
7449
-7791
-2874
3722
4520
1854
9706
-4474
-6102
-1125
-6917
-7106
646
7991
4753
9283
-9890
6772
-2510
1189
-4837
-7111
-7324
-3603
5457
-8119
-5434
2943
8079
-8588
-9638
-3270
-9506
3178
-2153
-8952
-7916
1415
3713
-4531
-7142
-8054
1835
6400
5736
-5869
1263
540
5688
-774
-6149
3454
-1537
-1397
8992
6988
-1358
8658
-6591
-41
-8419
2203
-9397
1734
-5149
8611
3027
-9610
9952
2535
7125
-9718
4653
-2445
679
-1484
9249
3292
4831
-2155
-2792
1592
-5734
3424
-7597
2110
2499
-8735
4709
-909
6423
6858
3896
8495
-5462
-5844
8551
3276
335
-4711
6569
-6478
6364
5371
-3348
5349
4930
-8764
7054
-7440
-9310
-2027
9537
-2282
-1675
-6301
4273
-4607
908
-9224
-6736
9652
-401
-8281
-5571
-9717
927
9962
9054
-5914
-7807
1894
8768
-6949
9330
-3874
4838
7976
6298
6766
705
1967
-8628
-7636
-3466
2612
1494
-140
-9607
-8504
-6070
888
2020
-2108
7522
448
5932
-6495
2297
3688
-6404
1067
1974
-1840
3794
4975
541
9932
3254
4566
-2667
8095
-4315
-5269
-3537
-8322
-4066
-4956
833
-771
6389
2219
9721
2025
4678
-1072
-8654
-8264
6643
2924
3171
1676
-419
-7014
3170
-5142
2632
-5166
9357
-9719
7660
-108
8499
-1214
-9567
-1233
6816
-297
-8868
-8606
-3943
-9513
1483
-4595
-620
6139
2946
-3461
6865
7106
-6628
-8956
8677
977
2690
-3229
-2026
8289
270
-3032
2555
-9974
1263
5195
5122
2096
-8698
-8133
-922
-4558
-7283
7360
-5006
7517
7006
9533
429
-8485
-7952
-193
4858
1294
-3189
-8035
9942
-5257
3971
4697
9019
-488
6100
1146
6696
8488
-1351
-7629
2565
9197
4114
-9162
1031
-8245
-7824
1458
-2968
-2849
5348
6884
-249
-7532
1611
-2382
8606
-9267
7903
9391
9475
6051
-9913
-8527
4951
8009
7935
-9941
9860
-5231
-9254
4178
-8291
-1260
-7149
7408
4523
-8858
-3785
-5054
-4215
3189
7304
6296
5261
8854
-6680
814
5755
1493
-6931
2570
5587
8902
-9005
-1275
8153
-4451
-7987
-8136
-3427
-3703
9730
5879
-1178
7339
-7813
8213
6771
-9488
-5892
2653
8412
2486
8367
-5727
-8767
-6547
410
-9336
9225
-9002
-1962
3240
-249
-5986
9126
7112
-9363
-3208
2469
7752
8031
-9552
-7377
8753
9492
-7590
4981
-3312
8588
6246
-2442
-327
-1838
-6566
-7514
4390
-7146
9929
4817
-8651
5718
6215
6624
-4463
-6857
504
3174
5184
-3156
3040
502
5566
8693
-9975
8300
3884
444
-2771
-4277
-8696
4553
-3610
454
1817
-1305
-5316
5934
-1877
8037
6401
-6956
-1524
-9723
-7522
-9449
-2707
1839
-6425
215
-2056
3600
-4381
-5878
32
-1831
7933
-2042
-4920
-8643
198
-4860
9804
7538
-1540
6087
3687
597
-2165
-7516
-5355
2967
-7851
-4089
-6934
6974
-323
8200
1766
3599
1144
-1161
2051
9559
-2639
-785
451
5807
-9891
-6907
6507
-6554
7060
8371
4442
305
-6388
-7231
899
-6727
-4890
-9599
9849
1797
-4062
-7580
-3712
4853
1744
-3829
-8281
-2898
5188
-9767
5295
1273
1632
2160
-5312
8553
6889
-5006
-5163
-8871
-358
-2497
-4501
5686
-8073
6081
5130
9591
-6258
-4431
-2428
6970
1139
8861
-1418
-8294
-6973
8087
-1880
-4959
7299
2881
-8233
-6013
5161
4173
3421
-9957
-3481
8222
-7255
4573
-4941
8986
8250
5118
-8541
8104
-5572
-7007
8520
-4865
-1133
421
3827
-6202
-7813
-5094
-7934
-4957
5407
-2292
8127
2264
6286
7136
7955
1505
-9
-7678
4674
-2568
4953
-4168
-2752
-899
5338
2615
6041
4378
-7227
-6855
-8525
1902
-3058
-5436
8095
-2009
-1100
9886
2298
5389
5066
-9852
435
-3890
4138
-7182
6358
-6087
6715
-3542
-5220
3354
726
-9946
-1281
-2236
-2087
5968
-567
1387
279
-1139
-1424
-8937
732
-4239
1323
-4037
-2916
-2710
9839
-62
-5903
7893
5513
892
-6074
1369
5891
-3786
-6707
-1708
6401
3381
-3219
-5188
-8211
-8535
4144
7932
-6001
295
4488
2276
3994
-3357
-2734
-8638
-6508
1852
5437
133
-3714
-717
-7513
-8774
-5921
-4536
-3516
8054
9267
2562
3063
9375
-6846
8273
382
2277
-5644
-191
8091
-3165
686
-18
3965
1486
-5233
4181
-9228
1835
-1167
-6158
2000
1525
2149
-1696
1304
-9371
9574
2520
-4335
-9349
-3744
1729
6337
-1624
-3388
2051
3187
-4785
1865
3304
-651
-3298
-8175
9859
-1596
-1091
-1212
5383
-2423
848
3535
-4975
-8179
-9788
-301
1180
7556
4167
8035
4329
-6242
6976
-5907
2270
-5250
4554
-8601
-1606
-6966
-7738
-9123
3264
1736
9218
-1334
5919
6444
-2337
1336
-9584
3686
3990
1301
-635
-5217
-7529
8773
-2451
1929
-5626
5317
-84
-3501
-4426
9679
-502
2639
-9445
2175
-6902
507
9639
-7269
711
-9480
-3569
-9861
-2575
6252
9164
7548
4285
3562
-4407
1049
1651
8061
-3556
976
9029
-7945
-5728
-7337
-8864
-4952
-7050
6737
2736
-2930
6671
8656
3543
8005
4869
-8149
4796
4468
5113
4466
6155
8334
-4918
-7113
-1769
-9442
-5921
-8822
-1360
-4598
9356
4152
-7014
-8848
197
3894
1280
9578
-4285
-5242
9982
-2280
-9180
-4983
8637
-2811
-1904
-3889
7936
9329
9301
-3265
2336
-3785
3697
9838
8835
-4058
5912
1872
-581
-5973
-8793
-858
9542
-5551
-8736
-4911
-7462
8127
885
-5743
-8273
1903
5470
756
642
-1771
5091
-1974
-412
627
-38
-5444
-2567
-4308
6735
917
-2831
5055
-3368
4405
-683
4171
-1399
-4340
9334
-7651
-8373
9882
9327
1531
-8438
-818
9289
9001
-7318
2898
794
9176
-4389
-6473
5341
-2124
-6859
-4411
-3177
-1217
6530
6191
2885
-4208
696
-6267
1704
1780
-5065
3070
2368
-2239
-8079
-1939
8196
-109
2676
-7720
6792
-8867
2461
2114
-5176
-5096
-5038
-7268
8862
7934
-93
9862
6069
-2752
-6175
-2436
9736
7053
-9662
-8282
1268
-5825
4509
-3188
1982
-9911
-4157
-6829
8641
6579
-2123
9458
-2371
-5886
8798
-899
3524
-783
1732
2065
-5269
6761
4993
-6537
9754
5951
2662
946
-9536
-7426
3239
-4808
-9553
-6668
5936
-5895
9151
1878
5719
-6780
3722
-6545
5262
-5353
-8106
1342
6767
-4114
-9321
2074
-294
-7099
-1063
107
-706
1551
-5946
8345
202
4112
-9680
6152
-7810
-2012
-5810
6761
-9948
1769
5685
5408
-3306
3959
4101
4037
-6869
-4082
6178
-8614
2230
7498
-5124
4598
4451
-4656
-9635
-5408
9082
-8865
-1555
4995
6343
8117
8803
-8859
-7282
-3424
-672
8377
-1030
-9721
4924
-6244
6394
2192
-9612
817
-8768
-2782
-1600
7892
-5584
9251
8823
-1373
2058
8096
2156
-7820
1495
-5431
-4733
5312
-7099
-7558
2232
-6208
1347
-1110
2886
-9458
-5958
-801
-9548
980
8620
7189
-8177
6023
5887
-730
-8533
8819
-4689
-4807
-5420
-7037
-242
-8904
2849
6536
-8902
8378
-7856
1977
2992
-454
7431
8900
5274
7636
-5210
250
4492
8047
5265
-8846
-3221
6646
9650
-9971
-5568
-1654
-720
294
2203
-1108
-8696
5751
1206
2082
-4241
5155
-2548
6392
6559
2961
-7408
-63
3565
-5087
-790
-367
6497
-7506
-3314
-1639
8077
-1675
-3531
-6083
5324
8990
93
698
-6673
7895
8158
-5381
7599
-1683
-5568
7469
9559
8794
-5046
-918
8790
-321
-8917
688
-9439
-4411
8188
-1766
-5731
5746
9467
-6924
-4340
-7365
9643
-8315
1509
4131
-793
-945
3138
-817
2718
-4624
-9031
4340
5724
438
4025
-5597
5064
-6289
-4389
1923
3930
-1958
9100
-2178
-1629
-4454
4443
4732
-2777
7720
1369
2514
-304
2579
-91
-1128
4905
1533
-3838
-236
-8173
-2496
8603
-1780
-8125
8075
5603
4285
-3829
-6592
-2273
-8722
-5182
-2692
5227
4482
-2307
3984
2880
304
-9014
-2929
8403
-9786
5444
-7802
4561
1213
4594
9470
2453
9443
-174
-4171
8823
-105
6676
-5692
9357
235
5866
-2698
213
-6560
-7407
-1358
-6022
577
-8887
8420
-3536
-3786
8364
-3789
1091
-879
-3359
2447
-592
5726
4220
-9863
5009
9649
2975
6316
-3969
4005
-8207
6207
1638
8048
1841
341
-5808
7079
-8855
-9876
3734
5845
-6845
755
388
9566
9482
5340
5773
6503
4481
-3276
-9740
-7254
6443
-2963
-4556
7441
6839
7753
-5051
3656
9927
-6708
5790
-2357
-8976
-1825
5066
-2972
-9148
4949
4508
-8297
-9068
-1735
-8998
1504
-5902
4503
4478
8166
6737
3176
-843
-2175
-1149
6232
7404
-335
5395
4880
-2039
2789
-7604
6760
1535
7970
-2150
1714
-7109
5324
-4864
3943
8727
2657
2892
3294
833
6227
9029
-6466
-7999
2245
622
7053
-8990
-276
-2475
-9918
-6130
-572
8933
-8435
5744
-779
-7885
4763
-1698
-9920
1616
1152
3720
7905
8616
9765
9077
2038
2194
4754
-343
3556
-9750
-9767
-7219
4704
3445
-22
-1465
2218
-6037
-1499
-758
-6370
605
731
-554
2201
-7563
1555
-5656
3598
-3503
1139
8661
-1731
4221
1575
6101
9638
-5955
9328
3279
6304
-6552
-4695
-8810
8356
-9360
-4186
-2362
3725
-3253
8701
-1101
2191
-1674
4146
2319
-7062
2852
-5821
-9178
3445
9761
5833
5711
-6510
-1997
-8224
3496
-192
-7995
-1771
4983
-3020
7082
1826
-7369
-1498
2092
-5971
-7889
1046
-2716
-9646
7797
-3988
-72
-4965
5611
853
1439
-2679
9702
4476
-7830
-9833
-9471
5100
-1073
-7337
7862
4847
640
5009
-8788
4404
9527
1836
6455
1709
-3066
-298
6712
2028
77
-8353
3164
-3806
-3225
-1421
-4274
-2026
4150
-4989
7640
6771
-5611
4216
200
-7000
810
414
-6592
-4337
-9910
-606
-3065
-230
-5835
7808
403
3004
-2043
3098
-3989
7371
1565
-5891
5450
9055
-4782
-6543
-536
-5636
-9235
-4815
4670
-2227
6974
2521
9078
-4913
4994
5287
-4307
8842
3456
235
-2219
9658
9376
-9013
7768
5232
-6213
4021
-6493
-9441
-9429
5893
2516
-1217
-8401
4033
8417
-5439
2635
6633
-4436
4208
154
9630
9264
-9629
92
6475
-686
-7436
8908
-9657
-5443
-9019
7660
6031
5034
945
5102
-3730
5208
6187
-4229
6309
-9431
2144
8156
-1607
4840
-9206
70
3944
-6699
-8839
-6908
872
9868
3680
-3595
9396
-3734
5653
-8661
6167
707
-5380
-9652
3825
2321
-7679
-8267
9566
259
4714
1753
9989
-208
-5949
-8970
2334
-8209
2460
-4411
-9241
2577
970
-5090
2635
-8911
-4094
1273
-5517
-4773
2766
-7244
6694
2497
223
4456
-2790
9854
6896
9934
8869
-1458
4596
-403
5297
5506
9261
-495
2485
165
3401
8733
7090
9129
5975
3754
-4253
-652
-5875
-6706
6941
3332
1385
7978
-5225
9533
8712
-9440
-343
1619
-1606
-3742
201
3681
-5843
-8021
-1059
6501
9095
-7898
4455
2473
-7432
4922
1735
-1499
-2250
1789
5101
-1096
1589
-366
-3854
4434
3956
-733
1139
-4942
488
-8944
-7193
1224
2847
8762
-1472
-5171
6219
-328
-4706
-4461
1724
245
-714
-7163
-4881
-6283
-3000
-3354
8435
-543
1574
3081
6536
17
-1037
-6853
-475
-3543
9744
1998
8893
-6213
5515
8373
2405
-4708
-5974
-2970
-5625
-2762
-2243
-4790
6133
-3003
4429
-1309
4468
4091
5936
-8426
515
7943
2201
-6839
-9093
-3515
3649
-1485
-5390
-7204
-2839
9690
7860
1763
1363
5548
1520
1355
2111
-1140
7424
747
4243
-2597
5606
2843
2221
-4652
-1665
226
104
-644
3
-8245
3088
-7138
146
6547
-4593
-9464
4814
706
-8862
-6005
4923
521
-5131
2749
-5681
-1375
-4222
3814
-1804
-934
-1289
1278
-7100
3322
9208
7393
1635
-6776
-8827
3180
2659
1111
-4699
-2783
-589
1676
4743
-677
-3637
-7725
-7270
9938
-9400
-5052
4382
6239
5690
-4732
5052
-845
-6736
7823
9812
7315
-7258
-6905
-7692
-3716
-9529
-6529
-9728
-1345
-655
-4208
-1298
1956
7042
3383
-9354
6762
-5820
-1498
702
-7451
-1878
9532
7346
2198
9084
-6901
-8075
7829
3435
-550
-417
1898
-5409
-8816
4117
-2331
-532
3433
1914
9158
2275
1097
6497
-6362
225
5614
-7856
6752
7882
-4528
-6543
2825
-2800
-6804
-3559
6668
-8354
3734
1141
2352
-718
-360
-8470
-8909
-1387
1238
2615
5392
-5059
2210
2101
-1255
3953
9667
1730
2256
-2763
819
-1587
476
8770
4760
179
-1528
-6307
6706
4147
-9718
-4752
826
-8417
-2171
-6281
5991
-7747
6358
9529
-7618
-5273
-37
7160
-764
7291
55
8321
3020
1479
1177
-7929
9034
8237
-4691
8028
8983
-4986
9508
8734
-7449
-5786
4040
2171
6150
6411
-3445
-5106
1519
729
2134
4645
6879
1834
5169
5389
7812
-7215
-1260
6115
5674
-7538
-9901
7009
7367
-3020
6743
-1489
-6141
8534
4888
7666
7327
9142
4464
-3551
4548
-839
717
2521
-5627
-7457
6307
-185
1829
9793
3020
-2863
5495
4231
-5368
-8265
-4976
7839
-3249
4819
-7177
-5908
5211
-5027
-3334
-8942
229
-6493
7698
5921
-6766
-45
7805
-4331
-4624
3504
-919
9282
8424
853
7613
7364
-7289
9695
-6048
8433
-2838
-7031
-5405
-2303
6050
4586
7942
-6586
-7563
3945
-5530
-7070
4782
-7490
9391
-8020
-6200
-2863
-2968
-6252
9995
-6840
7384
-7907
8798
8036
5483
7330
6295
-3494
-3266
9328
-3616
-8788
4658
-5528
-3932
-288
-170
-3854
8143
-116
3293
-6774
-8414
9528
-8559
7683
-4734
-3475
3363
9369
8568
1922
-6250
1737
-7772
1788
-5869
2326
8051
929
6467
-2135
1545
3907
2094
7289
-1106
-8620
-629
-7068
-7000
-2558
4295
-7407
539
-6692
-8406
8175
-6036
978
-9519
8645
-6848
-4236
-3029
-213
-5520
-2592
-9048
-9619
2166
-303
7315
-7072
-8144
-6267
1996
2829
-1628
6550
-8438
-3017
-856
6728
1966
1888
8508
2930
3302
-4000
1944
4362
1004
-9402
-2283
-1567
7792
-1154
8192
2607
-4691
-9758
3584
-1785
-9722
2064
-2597
8774
9962
3706
2013
8449
6190
5955
7436
-4510
2138
-182
-1170
2396
-1204
9652
1429
-5007
-84
156
-6143
-6644
-9657
-29
-4222
-3438
7367
7777
6552
3116
4340
-6676
5076
1622
-8812
8844
-2796
-4104
-9782
-9726
715
2209
-4697
2259
6799
7967
-3075
-6660
-8752
8050
3328
5702
-1852
8154
-4882
-8683
-3758
5212
-354
86
9598
3186
-2835
-7625
-7415
7270
6349
-2311
4461
-522
-7477
-4224
1842
-9914
-8798
-1326
8203
-6068
7598
6633
-9198
-146
3854
-3772
-8847
-2700
4400
7176
-5932
-9850
9223
-4339
-9408
-1462
615
6754
1310
7325
-3000
-3595
5861
7226
-7464
2480
78
2208
391
626
6700
-474
-7449
1079
-5163
7465
1475
-4252
-4234
499
8595
-19
-9552
-869
-5468
7612
2882
485
219
3529
4400
8750
1899
6274
7610
-2779
-6996
121
6125
6577
8109
242
-9451
-1505
-8601
-3929
-7605
-7836
8428
8214
6243
-5917
253
8716
8467
-5448
-7581
-6402
3866
8912
-7400
1579
8818
9115
-2349
7244
6354
3567
-1242
-8082
-8411
9336
5076
3513
-9105
5476
-1053
-8291
865
-8981
3115
-4378
3631
-59
-1990
-6607
9098
-2720
-6072
-9942
-9073
-5606
-5002
757
-6856
-1956
-6149
8079
-324
9714
6796
-7991
-4111
439
-2677
-7526
-6260
7589
1348
2813
15
2840
6596
4240
3508
-3126
4852
5931
3353
9475
-4578
-9238
-2070
-2129
-8410
-4377
6888
7223
-9561
-9948
2306
4124
7763
9393
-9486
-4553
9719
5181
-7516
8651
8196
-8353
-5159
-1890
-9510
-2621
-2984
-3260
-2177
-8277
2646
-9146
-6217
-276
-926
-5102
6832
4887
-6146
5908
-540
-2694
335
3674
9038
7148
-3467
-6279
2831
-2473
-8027
-4316
1860
-4457
1620
-9237
-2409
9724
3753
-4773
9258
6523
8290
5843
4133
-9866
-7241
7199
-2605
1054
3474
-5627
-9353
3287
-7214
3101
-5615
607
-8518
7689
8548
-7268
-9707
8278
8377
6019
-5562
-5812
6707
-941
466
808
8075
-1250
-3991
3717
3621
7003
9721
2404
8156
8332
-8556
-7449
136
9810
-5080
8212
5712
5140
1319
-1294
8003
5345
-1204
1123
4639
4194
1131
5392
-3226
9035
5458
826
-7924
7202
-8690
-5344
7652
-1965
3704
-6977
726
-218
-8560
2176
1292
-7449
2465
-9380
7496
6774
2760
-4431
-4915
-6052
-1205
5271
1758
3853
-265
-3507
6280
3284
-6223
-3304
4005
-6584
-6521
4444
-8784
6888
6286
-1612
2930
-6336
-3395
-8554
-4271
7574
-3716
-8244
1154
6932
1307
8736
-3146
1005
-2109
9895
-6871
3193
514
1839
6114
9495
5872
-8055
4000
-8755
-3987
-7876
5290
-1342
6447
6804
-3957
3194
-7938
-8297
1137
9606
5201
-8700
-3614
-491
-2224
2641
-6087
1763
-1768
1515
-7056
7484
5694
-3094
-6666
-1211
-8192
-9263
-1563
6003
-2287
-9230
894
8796
7662
-9539
5360
2006
-7318
4389
8277
195
3927
111
7504
-3287
5757
-881
1998
-7204
-6654
2067
-9540
9001
-7577
-8287
-1873
2436
-9892
5888
-8082
-8763
-1726
7348
-7841
7521
9742
-9843
-7377
382
1357
-8067
3379
9808
801
9108
8798
-6423
6852
5691
-8766
2351
3914
-9278
-7150
6429
-1624
4895
-1935
-3822
-309
7776
8489
-150
-9732
-8043
1872
-9398
4709
-4035
-8683
8939
-658
9416
4329
-6625
3696
-5929
9461
-6349
-395
5006
-2725
5304
-2174
4327
6692
-5828
2258
6702
-7419
8511
949
4932
4384
9974
-7718
-7391
-8146
-2990
6792
5866
-8020
-1845
2951
-4880
5396
6483
7942
1006
7711
9948
9462
-912
-8035
4632
9025
2292
-8993
1434
-2514
1894
9402
2363
1988
9674
3948
5658
0
494
2677
7091
-8040
-8760
3669
9632
2647
-5144
-335
-561
-5041
4148
-3740
6119
4078
-6353
-7601
-5918
-1662
7665
2564
-4020
4527
-4909
2622
-8183
5411
-2771
5357
5252
-8238
-6799
-1680
6431
9466
-351
-8488
3763
3969
-217
-7086
-8723
-9237
-9159
-3382
1494
-5997
-2343
-7477
8930
-8231
-8324
-937
4043
5012
7510
6
-5349
-3584
-8298
9003
-8663
-9355
5345
-585
-7300
2967
-9000
-5902
-5316
-3359
2684
4599
5261
-1359
2569
8207
-9210
6244
-5080
1492
5531
-8486
-8170
-6747
-3092
4500
-7848
-4356
-8753
-4520
-8389
5715
-2491
2643
4457
7419
-8628
-3929
-3291
-2105
-6835
3565
-6598
-1010
989
8856
7118
-4827
1282
8601
-721
-5417
-3265
-8983
-4012
-9208
-3175
-5137
5111
8615
1128
5919
4511
4858
8400
-1179
-9057
1098
2758
4404
-9106
9393
6439
-7986
9661
-5463
6518
6696
-1584
-555
-87
8274
3062
3418
3003
-5253
-4746
9063
-351
8582
-975
8485
-6441
-8597
-476
9817
9725
-1308
-9451
3316
9004
6941
58
-7201
1581
-8018
2655
-304
-7159
4411
4202
-3964
7456
9685
-7741
484
-2317
-1356
-8626
8827
972
-7202
-7741
-7227
7930
-8602
3030
-2229
5081
-4876
8629
-7772
-3705
8150
-7553
-6274
-9818
2874
-6338
4232
9454
4253
-8084
-512
2442
-8495
-697
-1293
-7959
-9928
-212
-4627
5768
-9591
2250
6239
7569
645
3170
992
6130
4575
3530
-1032
1555
3653
-2309
-7304
-191
7632
5221
6081
-9119
-6879
-1598
7200
-5339
-9252
6522
-6039
8380
6601
8526
-7540
1760
-2032
-1896
-5446
6663
