-6808
-9509
-5866
-7048
-9634
-4789
-5761
-7489
7192
-9269
-1375
9858
7796
-7560
-9206
-2640
8369
8876
7181
-2841
5738
-3476
8496
-5378
6475
-3903
-8664
-1777
-1726
1246
6922
6380
-9364
8658
-6434
-1469
-6725
1826
-29
-9485
2047
7506
5153
3296
-5205
10
-5025
903
6324
4164
-9082
-1540
-9214
-9106
9742
-5383
2774
2982
9218
87
-1052
-1233
4455
-6436
3225
7580
8579
5951
-5231
2163
8261
-6308
5751
-9645
966
1954
-814
-871
-1126
-2524
557
-1037
6203
-5499
-4867
-8814
5069
6178
-2783
-9208
658
-6477
-410
-7922
-1290
4437
5879
6000
-6735
-9429
-4065
294
-2089
-7761
-3809
-164
8562
-161
-124
8442
-3989
119
3824
-9680
-5015
-6245
-1473
-2287
-6302
1337
7392
-1697
7309
-5318
2766
5344
2021
-6449
-8679
1079
9529
8420
1490
4970
9724
8720
-5821
-6143
-2229
453
2277
-6780
-2248
-8095
8847
82
-4101
-2333
1045
6481
-4221
-9491
8045
-5788
495
-8296
4444
6169
5648
4351
6369
5506
1644
-5189
7610
3532
4492
-7758
-4158
6760
8103
-7885
-9907
-7045
-492
7858
-6843
-6156
9844
-5219
-7533
-3483
-979
9517
7953
-7954
2887
5892
-9187
-9595
-7924
-3145
5359
-4817
5359
9147
-1984
2532
-1736
-4647
543
-7339
-8032
3010
-4574
3510
-4818
-1040
-1725
-7674
-8310
-5173
-5309
-6539
-1865
6943
2913
-3510
-5030
-3416
6404
565
-1692
9429
4711
-6125
-9228
4689
-4688
7597
1328
1272
686
2508
-1615
-7914
-6101
-1572
1229
1067
-9938
1525
-391
7964
-9490
2305
3485
7122
-9559
-4639
-7497
-5996
-4694
2276
-404
-4473
4757
-3026
5247
-6537
7540
3409
-6550
-7648
9446
8361
3799
5236
-5405
16
1241
2211
9981
-6867
-5736
2461
-1540
2081
5250
-2012
9614
-7844
-2022
-1832
-6729
6626
5598
-4246
2850
-139
8296
3345
-5385
-7302
-8643
4297
4309
7657
-3897
-5593
4835
9642
-4936
-4962
5337
1178
6237
-7181
563
3123
-2133
5580
-350
-6321
-9721
6192
8977
-4698
8553
5679
-3198
4620
-3412
499
-1808
-7571
-6738
1340
-3731
5891
-5053
5142
1550
-4980
-7624
8101
2785
-488
6364
-64
-22
1437
4181
-9567
2030
7119
3091
-9092
-8112
-3410
-3940
1449
9298
-4401
5109
-4603
-9032
-992
-6778
-7697
8209
6610
3367
255
-6129
-7208
-7219
-2140
-5995
3219
-3861
-5840
-1193
4184
-1352
3538
2742
-6687
-8937
3432
-8499
4333
-5382
-5742
-9953
-2670
6364
9445
-2745
-2938
-9198
-9778
-2251
-3990
-4513
-8947
-3006
7793
3748
5919
2564
-3112
-597
-1818
-6126
1350
-4512
-1315
7005
6405
1017
-621
2681
-4765
-5859
9948
6505
-3952
-6787
-5303
1687
5570
6643
-8989
3968
793
77
7753
-3227
5024
8354
3332
-6244
8133
5871
-9667
-8475
3868
9594
-7410
735
9783
432
-9434
1728
27
-9602
4491
1062
-54
9606
1409
5071
317
2568
-2230
-148
-1677
3935
-1334
2916
5915
6485
2645
1354
1565
9145
3249
5858
1486
-3772
972
5243
1603
-131
-9473
7887
-8413
-4754
462
4536
2537
-266
6698
91
-9583
2499
8054
2782
5517
2991
-4069
-7811
1089
-792
1559
1467
-1066
1179
4747
2221
-7049
5453
-2705
6464
-7966
-8688
1490
-3962
4356
6575
-5599
-8632
-2010
-8322
-8906
2568
-6878
3847
-4230
1672
639
-9930
5117
1434
9228
872
-785
-5400
3474
-538
8765
-8984
-8411
-9923
9299
8326
8236
1495
-9329
5761
-7904
8534
603
-5882
4667
-6089
8554
1247
-9099
-5618
2770
9064
7355
-3188
-7013
8509
-2188
5106
-7711
1591
9892
1094
6486
-6860
-4448
2512
1638
-9262
-7835
8988
-7505
834
-4367
-3215
-3959
-8005
7289
-3185
-3051
-7185
-5754
79
-1460
3422
-2475
-2473
-8845
3865
3995
-4264
-4538
-6321
-5137
4839
-2292
397
-8955
-7007
2311
1175
-9274
-5868
7687
-8199
-3633
9235
6436
-5869
-720
-9956
9446
-245
-9109
5846
-9062
9908
-4724
5620
-8190
7395
-5081
-6605
-5326
-9431
-2963
-2241
-3614
5322
3925
-3130
-3240
-8854
3053
-4936
516
1241
6888
3674
7154
8405
2540
7273
2029
-9533
5740
-8242
-9045
9139
6197
-2937
-465
-611
-2843
-2741
-8399
8166
7880
-5736
-8930
7484
-5696
-9259
9253
629
4107
2870
-232
8710
5070
4780
8426
8115
4072
6848
1727
-5169
-6176
-7958
1353
9784
6675
-2868
6729
4286
831
-2556
-2675
-7692
6811
8408
-6611
7315
-8794
6170
-4239
3245
3473
-1000
1965
-224
7344
1682
7793
7237
2579
-168
9501
-443
-6912
4790
-4010
8426
-5369
-3734
3861
-2511
-3039
-4649
6408
446
9236
4290
5592
-5857
458
-1297
1390
-8191
-9400
-1642
-2185
1877
-1188
-3765
-6889
-9237
-505
8937
-8865
4477
-216
-6610
1823
-5415
-2153
-2357
9277
-9350
-2473
-9411
-1667
-1003
5273
1261
-6714
2100
9322
-4259
6931
1833
-8840
-3790
-7019
5588
5567
-6968
-9772
7515
5160
-6018
8233
-2817
8927
-4251
3448
-2720
7507
6305
5490
-9042
-6224
7048
-7869
2856
2391
-8661
1794
1350
-795
2350
9752
2795
1520
-1043
3340
-3399
-1237
198
441
5138
9760
-8571
-6823
8211
794
-1941
-7549
-5483
-854
1792
6968
-7278
7324
2891
8057
-2993
-7381
-8659
8425
9462
6393
-5191
2285
7122
-7386
-2180
-8630
-624
-3675
5624
-3348
-5682
8269
2668
-5247
5750
-2715
1176
4641
3796
5182
2782
4571
-2157
-4093
8230
-1872
-9791
-2888
-8144
6599
5221
-434
-1101
-9944
-759
-7757
1432
-1894
7226
-9604
-7476
-5879
-112
7935
-2418
-8002
9943
627
9068
-218
-3196
-1439
-206
6816
-8000
-5332
6539
-4472
-4002
856
-1233
-5045
-3279
-5431
-7120
7203
-2849
3243
5873
-3490
-3814
-5341
-8963
-3238
-6594
-3366
9833
880
4489
7509
2391
7736
8603
-8472
-6331
7907
-5088
-2956
9507
1984
9574
-5596
2934
-5024
6084
-1597
-8404
-2731
-1739
-4975
-8903
-822
-3462
425
3713
7387
-3406
3863
1689
-137
-107
7094
-3693
5517
2235
2530
3608
-1499
9377
-4107
6656
8509
2932
5658
-1387
-8735
-4072
-4848
9914
5969
-6183
1768
-6582
3569
4170
-6211
5217
8201
8355
2088
5985
5342
-2539
-7156
-7329
-6523
-4263
4642
6950
2598
-8637
7667
-6446
-4141
-1186
5862
-9274
-439
6549
-3578
6644
-4242
7226
7979
1194
7622
-8175
-3895
7538
-8192
-695
-7705
-3742
-131
2321
9527
3345
-5564
3683
-1882
4734
-4942
-797
-9578
-3313
-2599
7721
1078
4935
1070
-2702
1897
-1491
5859
-8702
-5378
-3214
-431
2034
4727
-1204
5525
9794
-6685
373
-382
6556
2999
9239
3801
7710
588
-9028
2334
3828
2974
6334
-4840
-3628
-6934
9278
5245
-7917
792
982
-435
-7190
-6877
-5012
-9987
2722
4779
-3510
9185
-2686
-6774
1763
-4640
-3484
5300
9800
5939
-8235
9493
6100
5921
-3420
-1532
8390
-6201
-7011
5159
5604
6186
4544
-4464
5190
-1135
5248
4255
9426
8084
8638
9870
992
2943
-2073
3683
-255
6295
-9530
-9717
-3878
-5226
-4195
323
5774
-4138
9181
-23
-260
5281
5957
4838
6872
-1443
9330
173
-4999
-1351
8277
66
-2103
-9749
-5389
-5213
8712
2334
-4370
-9033
-139
-6126
5623
-8656
2528
8065
849
-3789
-9543
5474
6134
7035
-8925
-963
-8414
6452
-1479
-7135
7639
4969
4410
2389
9441
1104
-7915
9265
-5232
-369
5568
-8818
-1609
-4702
9152
-4020
-6338
-7931
3883
478
1913
8047
-4753
-949
9874
-4832
6764
-8022
-8983
5083
1886
-4210
9241
-1425
-4916
5844
-731
6894
-3315
-6778
-6430
-7513
-864
649
4853
1131
6182
-2501
4018
-8734
-5254
-7396
-9348
-7427
-5535
-6638
2194
6490
-7375
540
6803
7625
8516
-7198
8206
-5990
7088
-5803
-1667
2706
-7275
-4940
3755
-3634
-8948
-135
8336
5866
1552
937
-5506
8107
9549
9932
-3487
1582
7889
71
-4109
-8442
8620
4994
355
5387
5701
1563
-1041
533
6368
-6358
6853
-7939
-6295
-6780
8806
-5509
-9325
-3265
1204
-5095
-9487
6495
-3654
5622
-4067
5844
-6503
3754
-4373
2348
3701
-5042
-6697
1371
-5383
7238
9914
-9413
2296
3824
1588
-659
-5198
-5447
-4867
7104
4836
5304
-3876
5590
-8790
1587
-8335
-5416
767
1420
-1583
3785
-1379
1235
-1561
-7058
-6372
6259
3702
-6830
8196
-3927
9609
3239
-9255
120
1667
8151
-3147
-7367
-4528
7810
-9002
8719
5172
6897
-6934
9550
-4129
-801
-6969
6242
-2920
-7760
3554
-2401
9223
-4697
3429
-5440
9010
-417
-6645
-5887
-3163
5185
9019
4095
-3805
-1515
3233
-3029
9503
-3008
-4782
8855
-1689
7959
956
-6618
6357
-6897
1596
7471
-6187
-5154
-901
2079
6543
6191
3917
2070
-4961
4424
2130
3612
-8721
8841
-7333
-1484
-6395
-506
6653
195
-5622
-7848
4361
-3878
-1227
5263
2232
2658
-8798
1316
3242
5138
-2829
-4347
-5531
3762
6531
-5014
-661
161
-8234
4694
5135
4778
-971
1257
7016
4052
3733
-6005
-5580
-4361
-4938
-8127
-3843
-1615
2664
-7458
-496
1892
4780
-5805
9219
-8709
-4061
6255
3207
818
9092
-6416
-9165
6160
4008
-8678
3469
-9079
5026
-8277
-3811
6402
7641
-7365
7690
7445
3384
3218
1762
-2041
-7491
-9248
-5349
1948
-8494
-7205
-6499
3700
-224
5936
-6165
-4436
-2178
-9787
-5617
1407
-8718
1554
-662
8689
-8904
-2211
-2018
6237
-6606
4387
-1162
-4684
3692
-4906
-3267
3595
-2863
5634
1803
4787
6794
4336
8458
-2416
-4231
7746
6996
6023
2306
7170
-9151
-43
4655
3203
-9485
-9852
-823
-3171
-2552
9705
-474
3853
-3071
4379
-8370
308
-6006
-1454
2746
-7858
6021
-2517
6538
2901
1958
3698
6053
-8819
-741
-9591
7462
-5458
9514
-5250
-1477
-5161
-5622
-5981
-245
5593
-5629
2714
1886
-6291
-4541
6332
1583
-3895
8728
-3655
-25
-8051
-4557
-4413
3255
6533
-5587
8635
6284
-3120
-8031
4859
3242
-9397
6221
8131
-4576
-5607
7454
-7647
7177
8277
-2118
-6116
-4090
1189
-2613
-8914
9662
-8439
-5309
8737
-7062
8780
-5524
8257
-3150
1279
-9823
-5443
7041
5417
-743
5824
-3567
9781
-7182
5111
-513
2659
2219
-1965
-2999
-6067
6189
4617
4704
-497
7171
-6547
-5229
4307
-8524
7670
348
3618
-8989
3104
-9776
8416
1626
-1105
-8270
-4816
4267
4621
-3970
-3905
-1554
-3811
-5555
911
-7698
-1263
6943
1757
-206
-3684
-6025
-9444
9641
3599
-6429
4500
-6171
-9502
6780
-7136
2732
-8927
-4657
-2136
2174
-9324
4011
-8395
1947
2363
5002
-2177
-5992
8412
464
7177
1081
-1961
3428
1085
3255
4721
-763
1404
9178
6546
5120
-624
-4293
-640
-5036
-352
3536
5513
-918
1784
6360
-3742
5057
-855
9631
-7
970
-8329
1531
4661
3842
-7915
-9730
-1073
-9876
9716
-6276
3996
-9161
1572
-549
6198
-354
-7466
122
-7418
2231
1554
9048
-8907
4534
-1778
2460
8130
-8720
5876
352
9709
8071
-756
9977
4340
-5155
-372
-4736
9958
1487
5982
-3135
-226
9268
4071
-4823
-2855
4560
-5088
4719
-819
1222
31
-904
-9448
9
-8620
-5622
-7919
-8324
-9023
-9288
7052
-7872
6817
1906
2594
7350
489
9719
-533
286
9278
6267
2835
7636
-5925
9337
3336
7307
3577
3488
5251
2329
-1881
6712
-221
-4261
4353
-237
-1899
8268
4814
-2968
3322
-8173
89
201
1312
-3804
-792
-9810
-4632
-9352
8610
8187
-9899
-495
-2821
-8457
9771
3945
8940
-5157
-3810
5869
-8093
7236
-9790
9221
-803
-4626
908
8351
6482
5321
6719
-6707
-5756
7514
-1548
-1735
-4070
7044
-976
-3055
6119
-376
-7837
9844
2166
-4026
-198
-307
1204
-4925
-7643
5305
2103
-3638
6591
-4629
2317
-1942
3242
-2101
949
-4517
-8667
-7259
9406
-1006
-4432
2257
-5627
3218
7666
9499
979
-4883
2284
5707
-3657
7941
4575
4815
-1176
-542
-255
-6668
-5798
952
2866
-8740
2369
4418
7291
-5215
4384
-813
-525
-6844
1724
-4123
-2695
77
-5983
-8516
-564
9608
-7162
5492
4781
894
-6920
9936
4929
-4311
626
-8511
5378
-3393
5699
-3276
2771
-3110
-5060
7503
3992
-4644
-9426
9801
-3390
-2812
-3340
4787
-2795
5771
3492
-5193
-3027
5141
8439
-2612
5970
9442
908
-7922
7592
-2319
-2401
5398
-7669
-6708
6176
-7536
1464
-8085
2620
-6280
-8267
-633
5688
9875
2251
6801
-9131
3560
-2232
-9406
7969
9579
5157
-8191
-1341
-8995
3240
-4064
9053
-3525
8762
7231
-6123
7662
4419
5779
6109
-7487
-7457
-3039
1162
6256
-602
-5137
2844
7242
-7326
8100
-2107
3221
-6387
-7227
3019
-2068
-814
9357
-1608
862
9280
6956
-416
-8225
-63
9361
8049
-8705
5231
3790
-9878
-9741
-6187
-8093
2490
-483
8782
696
-3695
3633
8920
-828
3995
-6575
223
-675
5826
9238
7960
3309
-2471
-2313
-5433
4591
-6034
-2203
-4932
7058
-9062
5778
3532
-3242
-2887
-5256
209
7979
3074
7909
2731
3246
681
-5935
6571
1799
8797
-2999
-8606
2456
3627
6124
1287
-448
-854
7161
-4760
-8591
-1462
-1935
5550
7737
-6784
5325
-4692
-6906
-1306
2058
475
-5340
8318
3160
6445
7839
-9666
-7308
3251
-431
-3399
-5646
-4054
-6146
-6389
595
1162
8215
5200
5473
5991
748
-1405
7849
-6705
-1231
-764
-2903
3883
-2244
-2825
5359
-2406
-1064
2803
1302
5057
-7677
-4064
1257
7227
-2519
-4525
-3709
5981
-8128
4550
6486
3221
-5445
1849
5855
7126
6784
-1379
-6442
-5284
7279
595
-7591
-5915
392
-627
-2015
7232
2369
-2028
-5699
6501
-7665
-1584
-5944
-1705
4356
-7882
3441
-6210
-2578
-4427
6320
-7325
-9118
-1488
775
-2915
-852
-7665
3062
3008
2535
-7672
-5519
-4674
6223
-3338
-5015
4137
-3468
-9895
5390
-4225
3905
6477
-1556
-1275
-7595
-9318
-5601
-8170
-9789
4521
-2937
9469
-4308
5115
-9169
-2373
9505
916
4801
-4729
8655
216
9906
4372
-6123
6843
-1447
-2000
2388
5099
8325
4135
5442
-8564
9498
-4542
1489
2375
6127
-5433
8730
-1803
-4303
-3820
3324
6203
5152
-7137
5305
135
-4935
1335
-6724
-9376
5378
2327
6127
2891
-5430
-2966
-9810
-6732
-9162
-9477
-2608
1248
-6734
-9616
441
-8652
5792
-7980
-3310
6541
8486
-213
-9255
-2332
-3824
7760
-3344
9361
6490
-322
-8127
-160
6254
5397
-5339
3361
-1926
282
9815
-1500
-4867
-6021
-4224
6419
-1494
-2967
-2190
8899
3093
-478
-3978
4588
7963
145
-6460
969
6409
-7443
6665
7027
-9011
-1424
-6238
-7149
5464
-9440
-5105
5066
-5945
8377
-8585
6849
-6009
1867
1759
7269
-5249
6967
-6928
-9375
2633
1794
1139
5424
-3040
-8458
-5962
-5719
981
-9302
9981
5180
-4398
-6306
-5233
8594
5377
-8268
-8670
-7465
6521
9147
-197
5645
-8020
-8171
-2155
4031
4755
7503
-5260
6436
-3540
-9110
6238
2665
-5388
3733
6907
-8138
6124
-3390
1683
-4391
-3675
7630
5087
-7535
5667
-9267
-4261
3470
1736
-5494
4844
3662
3984
-9766
-5172
-4535
8711
6226
-1298
-8106
6105
-289
-8203
-5265
4866
-5163
-7893
2184
9319
9278
9075
-7898
2433
-2594
318
-700
-8993
8124
-2501
-578
-9871
-6483
-123
2715
-5157
-1675
-419
4591
9419
5023
-2029
-9870
-2912
-5993
-6345
-8539
9418
1152
4971
-6549
-826
-3051
4877
-2915
-3336
-9787
1804
-6581
-9175
7793
4516
-738
2788
6849
-6900
-2146
1727
2126
1761
5262
-2272
9031
-1830
-8093
5390
7972
3031
1611
2658
6031
4247
-2266
-5953
944
8489
-2828
9328
-917
-571
-5432
1220
4118
1723
-3621
5242
5859
9433
-6040
-4671
7979
-6133
9665
7295
-3745
1664
-903
7833
7012
-4775
7506
9484
-7239
9127
3201
-9003
-4364
-2960
8149
-2868
6718
1541
5304
-4653
3568
-6416
-4824
-8307
-2615
-7998
-536
5077
1881
-5393
1652
1782
-6863
657
-8915
-3376
1679
-8060
573
-1573
2005
9982
8237
1161
-7459
7848
-6906
-2787
-3319
1546
5762
3745
-7693
5025
-1416
-1911
-3595
4654
6086
3528
-5636
-9050
8721
704
9889
7083
1817
-3059
7488
2657
3239
881
-713
2286
7986
-1367
-6088
2419
-9572
7309
-7942
45
-5035
1604
6964
8904
2604
8866
-1791
-9035
-1007
-9845
-3935
-4253
9750
-5202
-3188
8490
9217
-9759
9314
6382
2192
-856
7630
9733
-9739
-9378
5695
1240
-8076
-6132
-273
-6782
9362
6754
4297
6348
-4730
2636
-6504
6678
4960
3680
5899
-7961
8101
7173
7963
4126
-9814
6476
5851
4277
-441
5090
-1012
4693
3442
1425
6169
8082
5017
4607
-8986
-4689
5591
9007
4617
-4612
85
8301
8386
1662
699
-2342
7578
2514
9068
8759
3276
-2571
-7249
-9127
7026
-9014
-1536
2250
4497
4291
3546
-5759
-5585
-9345
9619
-1875
8139
760
-2865
9811
-8771
6120
6381
-5554
1034
-1839
871
-2533
-2347
8742
-9810
5934
-464
-2602
-5208
-6140
705
6671
-4834
-4324
8587
-1038
743
-6965
344
-9522
-7080
-367
-2375
4604
-941
6184
-2952
-7550
-3401
3703
-4693
5481
-1887
4475
9402
-5473
5485
857
8585
-6112
-1235
-1727
-7314
1863
-7381
-8506
3189
-3925
-4713
-7208
-61
2317
3517
5855
-2171
-3635
4900
-8591
-395
8437
-1347
-7287
9942
-1203
-6470
7661
4039
3926
-3865
-8501
4582
6992
-3309
-610
-4938
4394
-9890
-8548
4341
-7993
-4287
3547
-4689
6964
-7456
2336
-1754
5503
-9586
6124
-7482
-4373
7010
2832
-4626
1145
8185
8686
-2393
3181
2775
-5997
-4512
-3064
478
-4670
-8680
9067
6803
8408
-7927
515
-985
-5763
-8844
2891
1381
4049
-2940
-7305
8886
-7903
-4599
8034
6657
2227
8414
-2023
-4458
-1761
7006
-858
5909
9279
5378
-8519
-8666
1964
9869
-6415
3283
8179
3205
-5599
6809
4047
780
-2004
3491
2318
-8912
6401
6454
-1373
3793
-5832
-3564
5160
-3164
8690
-7658
7041
9916
1377
8672
-7118
3352
3615
-1900
5603
-7185
8271
-4694
-1937
5125
-2817
-3660
-1498
935
-5864
-7937
2851
519
1288
7570
-1650
1022
-2668
9540
-2655
-6216
6136
-680
6558
4834
-7586
2781
3633
6232
-6162
9745
2156
5973
8498
-7296
-7037
-7258
31
-8799
-186
-9937
-6205
-4555
1801
-5966
-3561
6334
-8528
-5406
-790
4018
-8527
-3192
-8109
6488
6776
1929
9011
494
-761
9210
-2747
3542
9304
-9032
-4027
-6782
-4026
6196
1450
-8620
2189
-2201
7072
-971
3348
-5159
4914
1623
1915
-7875
172
-7855
-1
1947
-2285
-368
-2151
4320
-7248
-8937
7116
-9243
1369
9400
844
5452
8049
6548
-7760
-1054
1126
3099
-9020
919
-4753
9352
9865
7849
2509
-5372
-6887
-5642
-3169
445
-4716
6760
4935
-4031
-8136
9787
-7809
9578
-3136
1878
449
-6568
1879
5198
1880
-7569
507
-2943
-5614
-8309
4367
-8275
-6915
-1532
8522
-5839
-9410
-2546
-2241
-7095
7783
-4321
4476
-7871
4015
-9919
8855
9809
-69
9252
-532
-5313
-8765
5159
-4644
694
2577
7072
-2297
1563
7119
2605
-5586
-123
-7446
-2170
-3701
-9270
7697
-8299
-2893
-8244
-518
-355
-1747
2026
-1029
-7664
-4138
6412
-6956
2962
-9617
3413
-7246
3345
2422
-4604
1526
-5118
4776
3397
-1216
-8474
-2915
-2432
552
-173
-7021
9743
-9765
-8302
-219
-830
8888
3791
9019
-4909
-2853
2616
4739
-7688
4283
2316
-1736
9932
4123
-1494
1101
3207
-7495
9391
6234
2287
2085
16
-598
9249
7047
-4660
-4680
9882
2193
-1468
-6394
-6474
6133
-5275
-5751
-3183
5987
-3911
-6923
2830
3873
7964
3537
9632
5222
-9329
2190
6206
573
-2745
6310
1077
-9570
8149
1548
8882
-3837
-644
-9207
-7558
-3350
-1744
-4389
-5441
-8188
6608
-8219
-5540
2033
-8696
-4110
-4492
2376
5719
-9099
3503
8696
-9992
-8055
5401
1513
-2845
6334
-5964
-9674
-5312
-8880
-2148
-1652
1830
-2213
-129
3561
1824
-1611
-786
4739
-5720
-7378
7074
-7738
-1714
2811
8752
9270
-2251
3847
6854
-2071
2989
-2737
8648
-8199
996
-3136
-1828
-6337
5241
3149
-1728
4789
4737
4887
-1488
3548
1387
-9379
7792
-4673
3116
-8481
-8819
7013
8254
-6496
-2763
-5138
-4305
8527
8475
-2394
1754
-8425
-2580
6247
-3362
-2502
5564
735
-4253
1212
9421
6026
9726
-4087
-2590
-2642
4693
-9249
-154
322
-1279
5748
233
-6249
-8825
-5742
-5608
-7261
807
7546
-6570
9423
4729
8407
-4555
-3467
4696
-4176
-8897
-5792
-1552
392
2915
4627
8800
8797
2956
-8504
-9102
7542
-5928
8570
-9730
6524
-2198
198
-9566
9123
9746
7237
-1718
-3639
4045
-4332
5227
-6658
-9232
-6058
599
-197
4024
9573
5046
-301
4132
5392
-5220
1285
-4264
-9615
-6988
8415
-5488
-2587
-5994
-4537
3765
-2979
-9061
5369
-5423
-4322
1859
2354
4631
-350
9800
-5907
-2892
3683
8823
-2478
4276
-3172
9012
-960
5057
-7282
-416
-9998
4578
9649
-4342
-7578
-7251
3918
8191
7480
-4021
-9450
-6444
-2604
631
1351
-9027
-5233
-2985
9959
8701
-1442
-7589
-7617
1609
-9752
1162
6962
1300
9660
-4947
-4543
-57
468
-2236
-412
-6282
3801
9065
1762
-3280
-8702
-1866
-4096
-3218
6066
5170
-5384
3247
8057
6014
-5191
3998
9191
-7590
-4500
1681
-6039
-2745
-231
-3713
-1820
-8955
8122
8574
-1365
4768
3352
-7070
5130
-184
-6121
3587
1051
-7842
-1491
6713
-2406
-6293
2882
-6502
6564
-3769
1728
-2272
1029
9446
2796
-4033
1017
9141
5058
-4882
9414
2529
7990
3286
-1806
807
6432
-4909
5317
-3727
778
6441
6056
-4245
-8809
4771
-1819
1247
1976
-8262
-3426
3399
9815
1071
9108
3447
-7102
935
7937
6731
4670
-2080
-4653
2124
1943
5293
237
-2893
-9237
9406
-8991
233
9399
745
7816
625
1484
-5987
-8414
2824
-7421
-588
-4609
6034
2080
912
-5838
475
6385
-6876
-6133
3213
9517
2993
-4401
4284
-5906
-2138
5602
4976
4221
-6119
-1653
4119
4955
-1570
5798
9490
1278
1274
-5453
8947
-6372
7771
9963
6425
1257
-8249
-5481
-7122
-73
-7396
5839
-5944
-7323
-1801
600
8755
-6454
-5430
4213
-9941
1415
-6662
-2384
-7992
8922
1528
-2292
7155
8948
2824
7351
2749
1086
3190
5532
-143
7595
7627
-7937
8788
-5405
-1402
-7999
1418
7047
700
7829
2889
3334
-9978
-6203
-8406
-4929
-8911
183
-1524
-5285
8780
717
-293
-7675
3763
1148
4888
8432
-3730
-623
-9543
7998
8309
-6815
3054
-5336
5871
-4674
-8299
-8741
8821
3462
5898
2183
-976
-5594
206
675
2837
7823
9586
-7837
-3406
-7291
2517
-3445
9540
-2734
6373
9268
-137
5966
-1462
8930
-4627
2637
-2992
-3777
-9707
-2707
-580
-5172
-9024
6022
1072
744
-2464
-7555
4537
3908
9598
5770
9535
3720
-5330
339
-3185
-6223
-2016
-7373
9800
5964
904
2821
8455
7675
7598
-6369
3336
1770
4440
3063
-1762
9341
2077
3279
2134
-833
-7613
-9934
7822
7475
6629
-4139
9608
-6412
6425
-1099
-9108
7490
-5912
-9673
-9432
9231
3024
2047
2539
-363
-8842
-3881
-7166
-4891
6036
1854
648
5646
-5127
-9138
-4198
4170
6216
-1734
-7790
-9799
648
-8565
1156
-764
-8458
1073
8407
3409
1300
5879
-1024
-231
339
-2453
-8893
1475
6414
3601
4842
5532
-1686
4264
-375
-9561
9868
-4060
-3531
-9650
-2158
-517
-3709
-3830
1316
622
-6727
1712
-3130
-1268
7180
-3079
2241
-1160
-2436
5213
8348
-6423
-7586
1573
8092
-1025
-9266
9139
2805
-1023
3145
1311
-876
-9977
2105
-2472
9914
5423
7000
4285
-2724
-7068
7060
679
4807
-4524
-3478
-2457
8184
-8309
4189
4233
4729
-5147
6920
-3317
-4774
9129
-4536
8240
3927
3573
-1459
-6358
7874
8565
8410
-1912
4532
-9784
5076
-3896
9213
-5746
6289
-1199
4096
-4626
-2710
2042
-9689
-4943
-4782
6369
2127
1141
-8342
-5657
5080
6496
3309
-619
-3653
-7464
6326
-2920
5880
-5709
-6751
-9570
-7743
-9804
-5875
7223
-5131
1114
-2914
1348
-9927
9661
1990
7527
-1627
2715
-3257
8430
-9216
-1664
-3914
2615
1545
3944
2324
-1118
-3390
4509
1755
-1107
2277
-8917
3097
-5458
-2498
-4946
7854
-6515
-851
-3050
-7033
8307
2601
3205
-665
3870
-7763
4321
6005
-8145
-8421
-2196
1737
-8874
-7221
4202
-7536
3043
-9203
8749
-5344
9660
3757
-3959
-8225
4162
3761
-5179
-4247
4655
3297
-3107
-4883
8339
-8471
4952
4575
-2790
2489
5217
-2292
1597
2998
7114
1161
-1428
9299
2233
4180
7677
-5167
1887
9228
-6424
9617
845
-5993
-2540
-2235
5534
5451
-7941
2290
-6792
-5979
-1665
9720
8177
-5107
-9754
1310
-6419
9360
8311
1350
7120
3220
8193
1911
4902
-202
779
9041
-764
-8584
-4878
-4452
5900
-8770
-3304
-4876
-7855
-2430
-2584
7888
540
1272
4490
-873
-6337
-3959
-3320
7699
-3039
2455
2502
-4487
-4924
8187
5842
-8511
869
-7539
8838
9999
-3445
9566
-6027
4855
-8515
-2011
7161
104
-5486
6481
-393
9683
566
-2639
-4052
-6142
-6766
753
7391
-6387
7935
5738
-9229
-9653
-1841
-4790
9761
9284
-8994
-1549
-7554
9981
-2081
5894
4921
1808
-6409
8483
-5168
-6504
9481
-4283
-1880
-672
8190
1286
-130
9082
-5338
9180
2176
9138
-8961
-4559
-1115
6870
7092
-9302
7084
-5294
-6749
8110
6260
6160
3653
8823
-9775
1725
7197
8583
5652
-104
-8799
-7215
-3755
-2930
-8774
9124
7167
-7687
-8528
3145
5163
-4545
2465
-5637
3530
4494
9201
-3395
-5252
735
-2488
5210
7837
1441
2263
5137
-6635
-9473
-5479
3248
804
2514
-2272
-4573
2944
119
-2235
-8335
-2928
8557
8353
4222
-5078
-4362
-5095
-9767
-2914
5871
2683
-7901
-9919
8928
6578
2799
1999
4029
3239
9360
5193
711
-5638
-9729
-1279
-354
-7738
-2020
1490
-987
749
5398
3027
-7799
3810
-2773
7838
-2539
4416
2765
-6907
9531
-2368
-179
2518
-2432
-3332
-2557
-3845
-6058
2738
3801
6639
-6933
-2061
-2474
4272
2605
-8558
9413
9814
7201
3909
-5631
2546
1034
-2545
-1606
-1393
2282
-4846
7896
6316
325
-1753
3824
-4772
9859
-3995
8145
-6830
-4550
-5237
8599
9849
7489
821
-7545
8744
-6598
-6758
-635
-2831
-4419
-5166
7219
-4809
7669
-5916
-3556
-9110
8770
-9808
-5656
-1939
-284
-5150
3886
-288
2374
-2100
2130
8380
9040
5206
-6244
4412
-2866
-9533
282
8788
-82
1020
-2214
-3956
237
9975
9727
-9876
2588
2447
7738
-241
-7517
3505
8756
-8509
3419
3764
5572
-9340
-6795
3674
3971
8956
5381
-1778
-2286
320
-6973
71
9874
-7297
6984
-1967
8877
4625
-6674
-7894
-4875
8621
-4720
7512
769
-6853
-5091
-2392
-3896
-8153
-1264
1532
2040
2072
1053
1240
-5277
8190
-8766
-6998
1457
8645
1867
2491
-3869
9200
-5651
2915
-5097
7928
4535
7701
-2585
782
-9488
-1678
3623
-9850
-4661
-9188
1500
-9628
-504
-2527
-5698
-7500
-8579
520
6373
8933
-2857
-5684
-1619
9370
2143
-4192
1230
5742
-8028
6782
-7425
-3809
1923
-3068
8175
-7874
5691
-5241
9768
-3522
7358
2926
-1639
-2812
-5499
6065
-8771
-1419
1584
-5901
9143
5734
-7450
-1172
5545
6998
9064
-2017
-2209
8160
6078
9009
5358
3874
8750
-2907
1137
6907
624
-5955
-9396
3380
5593
-5861
744
7895
-955
-2197
-5727
-9126
2636
-1082
-5319
4325
-4132
-1236
3690
503
-1156
4918
8791
3052
-5510
3409
3765
7297
7927
-5127
842
-1190
4144
-7272
5195
-675
8475
3582
-4736
2408
-5294
2843
-2351
3589
-8620
-465
1693
-7832
-3719
-5373
1718
7598
3763
-3719
-5618
-5358
7766
137
-3876
-9632
8321
6825
7134
6303
-5488
-5459
6787
-6372
1149
-5325
3176
-6521
852
-3943
-5196
1673
-8616
-5579
1529
-950
-1485
-1372
5328
-6568
-2421
6616
3142
6607
6877
-4997
-2270
85
9885
356
-4735
7138
-7172
5699
7606
-973
6316
-9929
-8294
7253
7967
6561
1563
-9421
-3576
2705
-9082
7594
-3219
-7410
9059
886
3426
-3732
-2159
-8792
4253
-595
6547
3346
9445
7497
957
7649
1724
-7945
3757
6245
4933
-8769
-9484
-5539
-4793
-564
4614
-1020
-7138
-3439
1330
-6845
3571
3704
-1960
-4814
-7940
105
4612
-7656
-3223
8781
953
-372
6934
-8523
-965
8625
-5817
-3560
-3942
8004
-2839
-7180
6208
-4706
1129
-2089
2388
2969
9543
5260
431
8784
3355
2263
-118
-6494
-7832
3340
9203
-6298
7002
7777
-2963
1947
1166
1860
4997
-2147
9350
-6143
-7069
-8510
-975
7367
9753
-7703
2354
3685
-5282
3301
-9827
-9611
-7772
-3977
6236
-4583
-3291
-6459
-8698
4823
-3968
-6289
-8830
-6617
4523
-9519
-3793
-9971
9507
-6299
-252
-8953
3391
-2989
-7205
-7066
-6813
7088
188
6081
9224
-936
-3159
4951
7741
-3118
-1918
-2635
-4290
8120
6955
5683
-8524
-3975
-4503
-2698
-7843
4805
-4329
7539
8021
175
-7745
-7699
2641
-3259
-6450
2055
8133
-7076
-2018
5886
-6344
-3464
2698
-5458
3504
6449
-7073
188
7640
8156
-2300
-8320
-3873
-6148
1148
4420
-1127
-1516
326
-2798
3588
9168
-7608
-4515
-3509
4814
-3399
-3823
-2325
6256
7413
-1179
-5327
3318
-3724
464
-1691
-8363
1183
-2114
4108
-3542
-1796
3840
-6417
-9563
-3378
3103
-5969
-2482
3523
-777
-134
3723
-8947
-9516
-9319
-3921
1170
-4063
-8663
-7843
-7892
-2114
9850
8433
7343
-8408
-310
8356
7431
6868
8074
-5180
8670
-794
4812
517
-9847
-8216
-6852
3920
-4296
-5576
-2315
-7810
-1957
-9005
-9149
4198
3964
-5876
-300
-8360
-6116
5453
2951
-1473
6525
2208
3860
664
-1790
-6999
-2161
-3320
-3502
2457
622
-8819
6760
4493
3675
-7839
1612
-9197
-4442
-451
3837
6367
-1189
802
9095
856
-8403
8470
8258
1274
7180
-1456
8952
4782
-1025
-5631
-1262
8284
-8937
7391
-1021
-1368
6772
2257
6368
3364
8346
-5628
4315
6936
-5412
-6960
3848
9637
-8386
6668
7794
-4923
-8324
-1827
6986
9578
9660
-1613
-1654
-6838
9042
7472
-7132
-8432
8914
-8806
-3422
1240
-5527
3062
-9908
7514
-6275
-1781
-695
-7029
-4306
6671
-9257
-7324
-552
5563
4947
-1058
8801
-9271
-6035
3213
845
2644
8201
6197
1137
-2915
-8371
1680
-6046
9497
9782
2798
-5720
-1875
3310
-5533
3735
-956
8864
-510
2507
-4195
866
4727
-9164
6457
6752
-398
-6506
-3932
-9749
-2214
6916
-5535
-5698
7654
-7648
4971
-9990
-3850
1548
5752
-5424
5241
1106
-9177
-2055
-8212
-8844
-8187
5911
8607
-5004
-679
-4124
7013
1391
4952
8887
8906
-3385
-625
6012
-613
-9125
-6266
-5127
-1531
2308
6928
-1267
-7395
8635
-5925
-387
-1298
-9790
-6757
1752
7485
-1234
6112
4128
-2777
2164
-8271
-2442
4076
7077
3847
9884
-4811
-7664
5582
-8763
1143
4863
4541
-2951
-235
9143
4472
-1404
3702
-6532
-4039
5389
-7989
-8000
198
-6962
7876
3028
3905
-8621
-564
342
-5491
6142
1923
8494
9392
-2618
3217
-6330
-2505
-102
-6015
57
6492
2392
7572
-6821
9933
7403
-6337
-960
-6501
7051
9095
1810
3532
-6158
-8049
-5367
494
1000
-2631
9463
-8503
-370
-7613
9425
2846
-3063
9421
-975
3769
6875
-6363
-9128
7671
1434
3780
3057
1530
2308
-9442
4548
1639
-2914
8061
58
-6205
917
9675
5068
-9942
-6166
6434
6489
-3497
7203
-5716
9098
6872
-2494
6044
-1392
-4995
-2825
9506
4277
-5869
5868
1999
777
-2561
-9231
4403
3516
744
8587
-7425
4620
8345
4752
-5163
3052
1357
9173
1870
-56
1374
1994
-3035
5223
3982
-5344
2829
5708
-5619
-9284
-7846
-3641
-4560
-185
-65
1084
3499
-3214
4524
9761
2387
8909
-8469
2901
-715
-7106
-8717
9390
-1087
5876
4565
7282
5885
5953
435
2699
7935
-7846
5408
-2107
4519
-8201
2594
-1168
7546
-8218
1018
-2589
-6550
-9728
9685
-5986
1762
6862
-6593
9767
-5414
6670
-4081
2141
-9645
-4062
2438
5012
-9663
-5566
-64
-3157
3050
1677
3545
5719
6323
-2955
5241
6875
6134
2976
4957
-4613
-4554
-490
7334
-3128
-1122
-3685
-21
-9557
6023
4341
-2927
-8445
-1228
-6296
1052
-9760
-6932
-974
-8281
-6625
-5212
-145
-2819
7313
-7184
2486
8534
-2120
-6718
-3074
8263
-7873
-7002
-9346
2682
-2153
-885
9659
-8814
3266
9974
93
7036
4935
-6521
8482
-5868
-3520
7513
-1683
3820
3685
-8014
-7146
-6862
-9761
-9870
-2374
-6665
2775
-878
-9064
1806
3242
7225
-6773
7457
1348
-9108
9158
1891
4963
-8088
-9837
-9037
-1417
-8034
2530
3915
7325
8701
8360
-4904
442
-9291
-2900
3246
-5438
-6787
5115
1762
-6829
9552
-2264
-7073
-8353
8519
-2771
-2942
5379
-2379
-9941
-1663
-3377
6163
2327
1792
-8616
3048
326
-333
-1232
953
710
-5349
1919
3983
6991
-5164
8397
-2814
-6167
381
4726
3663
126
2221
-3201
660
1838
-3383
1689
7293
7686
-7714
7309
4703
-7346
9067
5080
-552
-5762
-7752
7124
5183
6685
-1418
9077
396
-6621
7119
4219
-6864
-4389
-6333
9943
7493
3218
-6672
5162
3893
6099
2001
-1992
-8020
3910
9455
6841
932
-9807
712
-2270
8096
-2002
-1431
-3331
7894
-6240
9282
2805
7391
-2120
6438
-3030
7074
-5652
-703
-4917
7291
2906
4159
-5369
9742
3629
-1785
-5173
1804
2653
1943
1056
7417
6389
2038
1274
1097
9192
1805
-9407
-2421
-5689
-7802
133
-8352
-6974
4770
-4187
-9596
-2619
1380
-7761
-1856
6665
-2756
3928
-1757
-6694
-5633
-7723
-414
3130
211
5101
-8997
-7465
2762
-67
-8181
152
-3360
-6366
600
8425
-8056
6926
-1539
1440
9298
-4572
5201
-7657
8596
-117
8600
6505
2364
-657
-2786
1269
2308
3316
1445
-1738
3596
2972
-4061
238
2673
-6330
8831
5769
4100
-6487
3322
827
7727
3356
5168
-8049
-8498
-4089
911
5813
2821
-8875
-5687
-1023
921
-2289
7325
8120
-8695
2839
-4634
4730
-8619
-1381
3335
3098
530
-6528
3052
-4245
5006
1557
6427
-2000
-8455
1175
8223
2839
6498
-4798
-8949
-6237
-9901
1015
2895
6192
7216
-5254
-898
1742
2987
-9972
9221
6277
2804
1655
-814
6465
-725
92
4927
563
6285
1204
3673
-3594
-9518
3761
3971
7919
-9657
-4796
-3505
-3041
-1586
-1841
-3262
-6794
5012
8104
3262
1782
4208
8229
-3110
-4299
-9043
6242
-3949
9483
-6148
-4601
6399
6458
1135
263
-2416
113
9823
6960
8323
2409
-1175
9281
-7601
7701
7348
-9474
3594
-2347
2406
3518
5715
-534
8222
5483
-9199
9744
7021
6976
-5778
9125
4134
646
-4907
-9463
-3143
31
-1434
-4152
-7572
2317
6603
-8960
-7135
-4897
1177
-9706
-7081
9919
-4680
-4070
8796
1847
9470
-3929
-8356
-466
-5458
3230
9221
-6168
-9185
-2535
8005
-8763
707
-1195
3720
-861
4240
-788
-59
7172
-3701
-3996
1648
5856
-2102
-1229
54
8926
1962
6351
-3954
-1432
5680
3475
-5071
3835
7324
5321
-7681
376
6375
-9027
8570
-8864
7826
2734
1216
4619
-9756
-7403
7648
3769
5263
3134
-7579
9583
6923
-3388
-8690
-7813
6457
5328
-2845
-1461
1984
8597
5506
-3133
5460
-4030
-2578
-5390
-9872
8335
9389
-710
-1307
485
9354
-4388
-431
-3431
-5247
-4697
-6384
-7123
-173
5339
1747
-709
4592
-5782
8134
-9158
-7634
-1580
-1872
5027
4629
1224
5345
-9507
-2150
8979
5667
-4989
-1373
-3405
-7803
-155
3035
-2747
-1897
-5265
-9151
-8559
130
-8808
-4045
184
-2068
-1017
-6412
7682
5121
-9621
5901
-289
5262
-9481
-5131
-5007
-5184
6408
-4449
-176
-23
-1298
-1553
-6973
-32
3938
6865
9093
9371
3520
9216
-3698
-2858
7797
-4458
-4113
-366
5456
9722
-8120
2283
-2700
1697
99
9252
3242
4842
-9337
-5300
123
5660
2524
3423
-750
6714
3925
-2566
-7574
9460
7669
421
1918
-8835
194
-9730
3453
3256
-1913
-8120
-7637
1366
-5899
7434
-7947
5441
4138
-1591
4223
-5378
2379
-578
8928
-2761
6562
1814
-1311
2515
1481
-6738
8930
1684
8618
-3737
-780
-8865
874
-2047
6363
854
8936
4286
2537
-9041
917
-8881
-9831
7884
-115
-8828
-2612
4527
-6956
3635
2823
5253
9269
2447
-6017
-6254
-850
-7419
5372
-5359
7131
1595
-8277
-3708
8599
4184
7133
5444
-1693
9539
-1877
3770
5219
2191
308
-4147
5595
-2502
5531
1871
4008
-8065
-6431
-8415
8232
1268
1453
-3020
-2167
-8825
5880
7770
6827
7542
-1063
-3268
5326
1482
6612
-3365
-2381
1031
-6692
-5963
383
6963
-4789
4428
-6613
342
5501
8157
-6263
7944
-7637
-9032
-5398
7661
485
7848
-2661
-6415
6115
-4531
3314
2386
397
838
9166
-521
9925
4254
-3346
-4173
9274
8568
-7990
8131
-502
4276
-3737
4078
-1136
-6664
-4034
-4630
6087
-9448
-2137
-1265
1502
6158
7820
4496
4712
-7869
8862
-8801
-6315
-7289
5820
4169
-3863
6578
977
-3251
-2019
9133
6642
3914
171
122
2988
-9132
-733
-48
6801
-9889
-8157
9681
3181
-8189
7038
-3335
-7939
9480
9088
1358
7348
-8431
53
778
9679
-1386
1831
4060
7267
8074
2908
-2372
3796
4831
-6427
9746
-9394
-4620
-5258
-977
5567
-9720
1410
7879
-7194
4890
8499
-154
-3972
-9420
8580
-250
8292
4796
-3815
-8592
-5748
4982
-5949
-6706
3992
-1822
-8677
-9190
-4180
498
4235
-1335
-2110
537
-748
-913
9074
9794
3610
-1953
6656
-7579
-3982
6732
-275
892
-4453
-4292
-9815
9271
-3595
3241
-6610
5459
1315
-3237
-2415
-954
-7778
4397
-7808
9171
652
8982
8004
3996
-5224
8994
-5666
-5436
-7019
9501
147
-6685
1070
-6435
3938
964
8737
5120
-9908
8480
-1887
-6599
-3037
4338
-3657
-1765
-1826
9263
-9721
-4169
2403
-3009
4761
9154
-4604
-6545
2655
5500
6166
5364
-8175
530
1161
-6444
7855
-7967
1148
-6523
9254
9948
5474
1463
-3101
4327
-3515
5641
2718
211
-3296
2328
-7214
-8831
-5648
488
-2736
-2429
-5174
-5974
-4890
2294
-3155
9549
-7953
3289
3516
-3564
-8452
5057
6141
-9221
5341
-5450
-8340
-7865
-4728
-3461
522
5845
7291
7534
7184
-5332
-8613
5800
3408
-4273
-7693
4140
-6054
1835
5500
-2482
-6420
4349
-5293
-7502
6772
2160
6149
-7916
-492
9766
8539
6805
-6575
-5817
9569
-922
6845
8793
-1268
-4632
4693
-280
-7092
-6104
606
-4661
772
3189
1512
6846
-2144
5482
-9048
1305
4994
-7945
-7643
2553
-1745
-593
5402
-7465
-3121
3207
6147
9537
2471
5310
-3305
1632
5732
4675
5969
1119
-500
-9872
-5763
-9113
8649
-930
2853
5511
2762
-9458
-6364
-1730
-1280
-2481
7651
9331
6611
7133
6930
7051
-7087
-5322
-6193
3205
6786
1158
3898
-560
-7167
-521
-8759
-7200
-2610
7706
9272
9270
3468
8815
-153
-1034
6893
2159
5554
-5807
115
-8274
-7791
-855
6786
-968
-6477
-72
-1029
7533
-7049
8848
5539
8772
7778
9671
9742
9628
3208
5216
-5312
2943
-3866
5531
9691
-5137
5269
-7361
-1888
-5156
3985
-1317
8490
-3748
9379
6304
-7593
134
308
-852
1697
3355
-984
2468
-3211
6765
8823
-6564
3522
-9973
3907
-9078
661
-7
-5572
-5047
-7742
8900
880
7255
-4235
-2848
-2636
-2875
5766
-9227
-208
6378
-3652
-4543
4154
-1565
-5121
-2249
-6541
-8215
4080
1007
-9320
-3686
1444
-6780
7156
-2188
-622
7765
-1840
7116
4401
5013
1912
1193
-5144
8087
-1138
5499
4992
-9339
-8128
8387
2446
-2408
662
9227
-9888
-2648
-1213
8954
-3563
8408
-7599
3834
-3122
40
370
-2638
-9885
9519
-1043
-5462
-4017
-3344
3704
8169
-8675
1261
9925
1994
9273
-4812
-5415
2440
-1503
6170
8716
-491
9794
6124
-7375
-7264
3880
-5024
2948
-1522
-4118
-6562
-997
-4742
6559
-295
-803
-7474
-9295
5380
-5779
-9110
1756
-5115
-3078
6
-6310
-980
-3468
8254
-1563
9813
-3638
9533
-8977
228
-1842
-3740
-2792
-677
8895
3460
-6396
2536
6093
-8418
6660
7394
6126
4460
8136
9497
-2599
4834
-2161
-4378
-8939
582
3830
-6599
4868
-1880
-7409
4115
-4884
7003
-5607
2101
5186
-9768
8145
6844
2676
-3715
5675
4432
1204
-645
8734
8998
-3769
5120
5624
6323
-4160
4590
-2101
2823
-945
8963
14
7323
-405
-8198
-611
-3122
-8123
-848
-4906
-3742
6032
3731
-405
-5136
8177
-4081
-8155
2520
8465
-4660
1524
1302
-6384
1886
2569
4785
3991
-1154
-7303
2186
-6520
1147
-6253
-4645
6115
2296
295
-3731
7594
-5133
4298
2342
-8805
3864
8899
-1810
8613
8626
-9545
131
-9494
-8865
7948
-7337
4318
-120
-7085
1212
5783
-8156
6994
971
3104
2839
1116
-3239
-9024
-1323
6214
-269
-214
3595
-3091
7783
-4511
-8891
8989
9105
7545
-7248
6041
3324
-5945
-2087
2208
1269
5923
-5882
-5696
6098
-1624
-596
-8035
-773
7120
-673
-5046
-4620
3579
-7703
-4503
4828
-9623
-3908
-9523
3937
-7173
-7272
-45
-8832
3938
8949
-6479
6337
7821
-2477
2404
-2699
-2192
-5612
7359
-4704
3929
-2853
5601
-9620
7135
2814
8437
8146
-9871
6807
-6877
-2084
-5347
-7743
1962
-8200
-2064
-8144
8598
8829
1704
622
-5259
1208
9023
-5297
-899
-3404
8144
-8009
9160
7573
-5343
-1389
-4561
-1935
-2913
4031
9602
-7071
5427
5758
9538
4934
5631
2483
4363
6259
-7262
7800
4113
-1421
-4694
-3898
-4973
-2589
466
6077
1588
7394
-7679
9038
-5634
-786
-7142
-5064
9829
4079
-56
9819
3810
-9064
7588
6254
3687
-3977
-8297
106
-2123
4979
-4036
-8469
316
-864
-9755
2039
7937
9426
2178
-9032
8410
2528
5405
1227
1690
4826
2924
8622
-2100
-6239
-3930
-5304
-43
6731
-6763
7562
-3600
-1077
-9602
9529
-8135
-8186
5950
-2925
3756
3278
2858
-7785
6082
47
-1080
-3452
836
-7128
4864
-1883
-6881
9530
3630
-3181
8248
8640
2048
-4743
7564
2160
9811
-2072
5399
3830
-1689
-3659
-4333
-742
-1059
1094
4299
9222
7213
-2787
-112
4359
8702
8072
-7236
5695
129
-4266
-4156
6741
9862
-7912
7454
-3623
-6085
6396
6144
4303
2093
-9667
2900
4455
-8529
-8127
-7107
707
4200
5638
918
4323
7143
-1757
-5241
-2927
8538
-450
-7072
3883
-5601
5608
-5124
-1152
-5991
-4466
-2821
9135
-1112
4939
936
1640
1582
-5667
2883
3793
-4691
3555
-659
5695
-7695
-9353
-1534
-2305
2669
8915
-7660
3237
-9542
-838
5548
-1664
9280
-471
6261
-7186
-6850
-445
-7479
-1321
1899
-6075
4769
6056
-5954
-9887
-9175
-5367
-6317
4174
-6100
1649
6927
8957
3916
-8602
-4765
-1361
5007
-9588
9253
5068
-5132
-2084
6356
3496
-8236
1886
-998
-4470
-2381
7923
6283
2873
3528
-2276
7239
2543
8385
-9844
3980
-7076
-1081
-8013
8315
-8186
775
2368
3899
8443
834
-6925
-9967
-4747
7853
5350
3275
7848
1618
-9219
4422
-1923
7817
-2640
-115
-5259
-2412
7223
9534
-4201
-9891
5295
5615
-772
-3416
7754
5586
2701
690
7162
7554
-195
4336
-3886
2381
-2406
-5459
-9010
-6647
-5286
3937
4789
-7709
6084
4746
-186
-2968
1408
-502
6387
3079
-5332
4029
-8140
8830
9317
9212
-2418
-1687
-5004
-3451
-2210
-6172
-8728
7176
-3185
5720
3288
-8667
4666
-8789
6585
-3354
-6249
5335
-4167
7345
2326
-8870
-6481
-4134
2900
-8457
793
-605
8006
-6795
7005
-3432
7905
7575
2634
-6550
-562
-306
5771
-8074
-6265
6213
2484
7909
901
-9235
-8061
-9393
-5814
3758
-3582
8112
7384
-2024
5455
5364
-7100
731
3000
976
4764
-5030
-6982
-4784
9936
4519
1694
-6441
-6212
9361
4581
1772
2143
-70
8315
1474
-6597
4948
4225
1690
5370
5482
-9772
-8755
4321
822
-4525
8244
-5231
-7019
-5203
-680
-1181
-9186
-9840
-6732
5942
-601
-5772
1611
7658
7777
5253
4093
5693
774
-1263
8215
6073
1971
-6552
6645
4129
591
-5505
-8370
3404
527
-4390
-6209
5079
6894
703
-5709
1744
-666
-2886
-5804
-9855
3872
-8795
9817
-1723
4618
-4223
-5994
3902
964
-5013
6683
-7161
-1332
-9197
-4654
-3106
-2394
-6327
437
8006
3701
9831
883
2931
6333
6339
-582
2552
9574
-6428
-5684
5364
1390
-1127
3999
1419
-5439
1343
-9363
-5040
8916
-5413
8535
5937
-4992
4451
-5223
9293
-2248
-7722
5745
-8591
7238
-4277
7876
-5456
-7964
-289
1515
-4416
1063
841
9055
-2025
-220
4510
-491
9906
9158
9508
-504
2188
-4199
-7068
-9610
-1545
9098
-2489
-5023
-3517
4098
6616
-3092
-3343
-720
7555
-9702
1871
5911
3104
8783
1186
1572
6360
3902
-8143
-3502
-2456
8729
-3604
1618
-8493
8887
-8930
3619
-7132
-9136
-435
-8942
8377
-4628
6220
-3324
9419
-987
-4433
4646
-9312
-3400
-2416
2989
3514
7454
727
-9682
-1826
-3194
-8863
-6681
-4070
-1832
-6223
9438
-641
3904
-3403
-4631
6966
-81
-5215
-3579
5492
6191
-2752
6736
6488
-7999
1027
8682
-4169
-9731
9434
-9533
228
-3351
-3117
-2085
781
-368
-9990
4324
-3147
2934
3937
874
2049
-3212
-8415
-4831
8793
-8269
6188
-2430
-7991
7432
681
-109
5324
-2982
9959
5214
5774
7542
6378
-1044
-8138
-3581
-7533
595
5856
6670
-6351
-2079
4472
7048
-124
4412
-5219
780
-5258
-2728
9824
-9430
697
-9552
-1207
-2963
3359
6472
1580
9052
6484
4651
4477
-8446
-6647
4122
138
9667
-6833
-6514
6842
-2738
-1477
9897
1950
-8001
-8223
5491
133
-5962
2455
8796
3027
8880
7510
-9896
5971
56
9579
7427
-2813
8269
-9217
-2778
-3763
7907
9304
9668
-4806
3692
-1320
2837
-7356
1787
3608
-9373
-4143
-3102
-4419
6980
3883
4191
1545
-3419
-3497
4508
-541
-1857
-6005
-7012
-5588
-1956
863
6222
-2013
-4078
2823
8453
6695
-9256
-6960
-1363
6062
4188
4757
563
2768
-680
3712
1046
8431
-5426
-6039
-2199
-113
-4388
-7916
-7196
-7026
-8146
8969
5407
4619
7444
-8140
3383
3293
-7756
-1595
9602
-1903
-9866
2930
-2753
-130
1313
-3172
3534
6164
5997
-8040
4596
-574
3966
7375
8757
1794
-6648
2838
-1462
-6655
90
4723
547
-1651
-1732
-5852
-4595
-2771
-5122
-6227
-236
9610
-7024
1675
-8798
-5540
-2770
-1973
-4128
1594
-8814
-5650
-46
157
-3110
8640
7569
-5947
-7866
1973
5098
2369
514
-5308
2742
-4396
4472
2988
4747
7264
-6405
3102
1068
1435
-9434
-8858
8033
7039
-7021
-291
7865
-7672
-3211
936
-2389
3444
-295
9753
-9854
-6739
-2097
2907
-2897
7643
-4150
3290
1588
7192
3349
3993
1182
8397
6471
6594
-2672
2878
-4501
5559
9837
-6108
-6418
-7252
-4377
-6642
-8680
1713
-7669
-745
-7300
1216
-3933
521
4786
7625
3372
3203
-6431
-318
-845
4446
-5184
-8250
-5402
-8387
-2667
-2605
7174
-7922
-3644
-3075
6596
6631
-8867
4002
8588
-3713
-3154
5723
-915
-9181
-2291
6710
7339
-4137
8907
3598
-4268
6769
9887
-8573
-6034
3633
-7711
1226
1686
8552
3124
3395
3869
9485
1088
2315
2678
3980
-8469
-3825
4425
-482
-9913
-2457
9705
-8440
4440
4440
3834
7017
2492
7307
-4212
-5024
6561
8391
416
3780
4271
3477
952
-9145
8195
4952
6160
-2909
94
-993
-9492
5767
8507
8853
1901
625
-7032
6582
9212
2104
1807
976
6832
-3065
-429
9784
-6509
7970
-453
755
-9304
-3051
7217
-6946
1733
7689
-9051
-3343
-221
3674
-3696
-5846
-9929
9242
-1719
7939
3784
451
51
1024
7814
3214
516
-7235
-8901
1010
-5597
-6387
6420
-485
1657
9931
-5542
-9570
358
-922
-8426
-3404
-2260
3878
-3888
-3372
-8338
5268
-6085
-3124
3823
-387
-6037
105
6200
3000
-3446
-9161
979
-7019
1738
-2202
-3054
7670
6901
2518
7336
4072
-4213
-9700
3897
101
-5828
-6368
-1581
-5336
-9816
5163
3008
-1606
6040
-6119
-5230
728
8552
4499
8510
3105
-3410
838
199
-2180
6764
9417
2823
-3140
-9716
-1984
-425
-1443
7865
-1875
-7526
-9481
-2544
7748
5840
-6572
-4021
1668
-3527
-7446
2101
-1694
4326
8966
420
-9884
3471
-4569
439
3049
-5970
8673
6322
9374
3614
1329
9873
236
-1623
5781
-9450
3657
4611
-4873
-9919
5088
434
8346
2705
3816
-4027
-5890
-6089
-6348
-5522
-1194
2467
892
9514
2158
1338
5194
5581
-318
-6778
5531
-2235
9590
3556
7005
-6153
-7813
6772
-2098
-2907
6864
-7796
7945
8958
1389
2349
-3397
5393
-3768
4564
192
-4134
1464
-2970
-866
3492
5667
-4818
-9419
715
5476
3559
5489
-606
9008
8295
2349
5154
7920
-2701
1385
5246
3792
957
3391
-1430
-6371
-2957
7058
1000
363
9899
-162
-98
-3610
-37
7680
6900
4806
-10000
-286
1793
-3994
3121
32
8235
-2395
5742
-5363
3154
-5950
5354
8110
6536
4073
-7141
-8945
1420
-5453
-298
-3864
-5096
2904
7553
1112
7879
7151
914
5657
6497
-8151
-9728
-6415
9846
474
876
9235
681
6947
2802
-4744
9595
7759
5003
-5133
283
5868
7271
-2336
2372
3665
-5701
-3577
8638
-7720
-5603
-7827
-5797
-2181
3097
-3295
-9773
-6040
-2734
6452
3316
640
-2482
1996
-1596
-3270
-4897
-9872
-8787
-7405
-6792
-5882
-9243
-8228
6706
-608
-7970
2687
-41
-2003
70
-1578
1945
-7692
700
-6030
3705
4011
-9211
9894
-3771
-8234
5266
-467
7400
-6992
8405
-2824
-1714
-4049
9789
-7820
3177
4393
-6200
7991
-7990
-4312
8902
-3526
1802
-2529
1447
-7097
-8092
6507
-335
8830
-1495
-1140
6677
2360
3783
-1410
1033
8608
5672
9422
-715
2621
-9561
-364
-9014
3311
9075
6219
-1999
7656
-6334
-2893
7393
-5153
6622
-4826
2490
-1908
-597
-2108
7612
-8570
-899
-8677
7279
-1304
-5699
9907
-9264
6213
3674
5030
4459
1145
-7949
-4828
-1808
-530
-7752
5736
-6337
-7662
459
5051
-7762
6324
-8280
-7121
-3993
-9661
-7836
-3107
6449
-6752
7351
2416
203
7245
8837
-8350
-1322
6669
-4300
-1463
-397
6646
4695
7912
-6327
-9641
3503
-9719
6190
1301
-3120
708
-9276
135
-6421
2057
4518
1494
854
-3304
-813
-959
2559
8524
-5616
5782
1245
7061
-6471
8275
6110
-9821
3595
1054
17
6981
-274
-4849
1778
5540
-5081
2596
-8500
3310
9014
4693
8606
-8770
-8214
9313
-7443
-2313
-6063
6854
-3575
-7827
-2928
116
4320
730
-934
2092
5268
4592
600
-3069
2885
8713
3193
4468
-4197
-3255
-8742
2175
-8275
7178
5561
4843
4587
9856
-8650
7988
3718
3226
708
-1600
1592
-3196
3985
2916
-8692
-7601
7593
8292
3666
2059
-3371
6461
6708
7780
-5458
-8198
-7689
-6538
4796
-109
388
-9498
5776
-3697
1303
-3351
4630
4112
7000
725
8726
6748
4968
-1613
-2492
-8349
-8968
-9896
-5121
505
-5057
8429
531
-295
3507
8727
-5657
9672
4807
-3556
7906
-4244
6448
-3192
-626
4699
-5491
-8979
8068
5904
-5600
9869
3806
9073
6079
-4201
2492
-9728
1380
6579
45
-8883
-7578
-1265
9885
7972
-3310
7833
7201
118
-1676
411
-6147
-6957
-3453
3639
942
2266
-2427
6463
-4235
-8028
-8422
-3334
-7358
944
3324
9970
-2888
3255
5941
-6880
8071
6706
-1579
-3540
-2476
-4028
6210
8770
9881
4982
945
8737
-2172
-1718
-3402
6669
-6218
9050
8439
-5821
4692
-7627
-4448
255
8167
6137
-7337
7894
5481
-168
8713
4583
5101
-7998
-8414
7782
-5914
4432
-3682
8169
-9854
7920
5881
8258
-6817
-1527
334
-944
-6386
-7105
6467
3364
5386
-9328
2720
-4523
8074
-1909
3414
-7012
-9759
-659
-1861
-8625
8149
-1847
-941
1083
1548
-7160
-2371
2856
-594
4134
1636
7528
154
5338
-503
-9102
5743
-5615
-6270
376
-4997
2468
-7735
6991
2491
-1137
519
-2742
-9783
1404
-2205
3733
4140
-3855
-3998
-5675
-5532
1873
1785
-4423
2795
-1210
2747
8707
6795
7257
9660
-85
-4864
-6826
-4671
8749
-5142
-3509
-2034
8578
1825
-9416
4470
-5654
955
-9168
-4473
250
1541
-541
2253
4063
3323
5392
-8044
-8424
-3344
-2474
-648
1899
-7519
9326
4310
8228
-8197
3748
-9958
-4001
1293
7081
4457
-8973
9245
-6877
-2727
-747
-9744
-4613
-554
-7506
-9896
845
-5803
2000
-5726
-4750
879
1188
-5282
-1725
-1243
-4999
7758
1845
9417
-8506
-8022
8884
-1939
4661
-6274
8635
-9746
-6065
-8181
3455
5125
1865
4341
6099
-7506
9602
-6192
4540
1929
-5288
1371
7237
-5281
-8032
-2770
2671
-4271
-5796
-3037
5356
6371
4044
7009
-2847
3268
2532
1053
4686
4389
-6666
614
2867
-3426
-5630
7140
-6682
-1439
-2891
-4383
9535
-9576
8526
-313
-3408
3577
-817
3644
1381
-4394
-9480
-3476
3705
-9952
-168
1530
-8736
-8309
-4899
-1221
4871
4757
-5166
-8477
-1929
2500
-4409
166
-628
459
-48
9670
9168
5086
-2865
2833
-1171
-6750
-2847
2836
-9180
-7956
2584
9025
-2680
-385
4374
3937
2245
1420
2533
8919
5796
-8931
9468
2518
-2920
5776
9865
3118
-6731
426
259
3396
1467
-4862
-1528
2327
-8265
-9775
-734
-9726
5848
-2866
3709
-3982
3272
-682
8059
476
2468
3703
-576
-918
4492
5783
-5072
5950
2849
-956
-2242
1994
-9266
-5755
6849
-6106
563
4708
-6211
7488
-7678
-519
-7313
3976
3765
5577
2530
3965
4157
396
8007
5602
-8271
8613
5415
9064
-4833
-9130
6654
-6440
5923
4895
-4858
-2886
891
-6855
-6631
-3223
3017
-5562
4220
6383
-6563
-8176
-1738
5533
2171
-2574
-398
3783
288
-8393
6483
2626
8165
2177
-5829
-5177
-5057
-6191
-4207
-2886
8574
-4215
6603
-3959
3980
395
-5129
9739
7990
6286
3940
507
-2254
-2695
-8436
287
5228
3644
2931
3125
9247
-3993
9715
7343
-6048
-8566
4713
-8402
5072
6547
-8882
-4312
7939
1224
-9612
-1789
3082
4402
6404
-810
862
9660
-9306
-475
-3761
920
5001
3487
985
-7547
-1509
668
-5576
-5038
3075
-5296
-9828
-4293
6053
3582
-5176
1006
4209
-6065
6297
2289
-1304
-7098
-5810
-8790
-9664
2207
-7243
558
-538
-472
2479
-3966
3173
902
7372
-6597
5592
-4192
1628
-7508
-2602
3175
6114
-9803
3216
545
7489
5908
-6112
-2153
8342
-9690
-6948
2835
-6013
3835
7884
-1868
-9206
-4530
1270
-2535
5776
1564
132
-9379
-6774
-8246
-2557
8907
1935
5562
-701
-4613
-9229
-3950
-6161
1017
-8348
-1349
9659
-2044
-5910
5622
30
-1391
7089
-7291
-3911
-2262
1898
7768
-6985
1472
-4665
932
-8275
6364
4784
-4099
-1399
-1603
-2547
-784
8433
6114
-2390
526
6444
-5114
8998
-4036
1322
7937
4164
6959
1507
7700
586
-1645
8539
499
-5260
-475
-7029
686
4696
3503
8002
-5455
6733
-2520
-476
-7399
6961
6004
-8708
2842
1131
6650
-9673
6639
-9080
6306
-6913
-5899
-4004
-5273
-8343
-7115
-2851
-9616
1974
1343
-4860
-3887
7234
-6757
-7495
-7925
-2905
3990
-7782
-340
-9104
-7228
6048
1850
-6099
-9695
-826
5775
-6356
7405
4197
-410
7166
-1774
4683
-9263
-7834
-2677
-6907
-9350
-2513
2714
992
-4830
2397
-5396
2028
7006
-6778
997
2881
-7188
-7765
-6090
-9528
-711
-9698
2985
-1262
-444
-5720
6754
3704
5095
-5137
1759
8195
7694
-349
2759
-1412
-8737
2794
8654
-4187
8380
721
-7912
6682
-9977
-1759
-8137
-9602
-1052
1972
-3786
-454
4092
-6197
-7403
486
-417
-8458
8731
-8983
-213
-7171
-5782
-4686
5984
7245
540
7185
5302
-8542
9280
-4763
-6538
-1646
-8358
-4886
6902
-8870
-3598
-487
-3310
-4904
-3705
-8593
1860
-9652
1323
8453
8060
-9080
-6090
8496
4988
250
-1396
-4706
-8798
-3311
-8703
5127
7488
-9210
-569
7513
-8744
9830
-3017
-865
9907
-9230
-5783
-9685
-3399
6731
8276
8135
3794
1294
5706
5457
6259
-9517
-4781
-9656
1872
-6653
775
891
6656
-6486
7914
7491
9426
-9633
6688
8172
4611
5839
8381
-8920
5068
-7559
161
-6108
-8540
-3556
-345
-5731
7719
6776
4470
9312
378
598
9727
-5419
-3164
-3498
-6956
-9651
9154
3947
1216
-9946
-5413
786
4996
7606
-4763
-6795
-1254
-1458
-3447
9324
8085
-4867
367
-30
-6644
5091
-8040
2495
5574
-4552
-1473
-9233
8719
-1860
7311
854
-8898
551
4374
-1216
9129
4263
3652
7811
-3773
2179
8125
-8330
-898
4778
-5180
2595
6455
-6728
1115
-5387
-1861
-7242
-9512
191
-269
2474
-9491
6887
-8357
3567
-1225
5622
-7552
4448
-833
2456
8416
-3027
7716
4697
-4409
-8029
-3315
1239
427
-6663
1357
-6155
-1804
-6178
-3945
-1707
183
-8994
-7837
3076
9448
-8436
3361
2916
8544
-9062
-3742
6298
-2638
-9493
-7365
-4512
1032
2317
-4402
-8776
8153
7483
-9678
9800
5376
-5356
-4467
-607
-5724
-9968
-3617
322
8843
6771
-7977
8894
9500
-8601
8985
-6148
-7521
-328
-3342
2335
-428
2156
-7363
-6568
8481
3931
-7061
-3685
-5312
-7154
197
-7708
6744
3888
1432
-9195
-1885
-9828
-1723
-8317
-3687
-2329
-4068
7218
5616
252
-1627
5435
5680
4393
-6092
9734
3471
7442
1136
-1098
-1684
5947
5217
5805
5750
-5637
-5883
-798
8155
-8736
3555
5953
5899
6793
3644
909
-9724
-1502
4091
-5265
6790
4404
557
9941
8467
4843
8094
-8016
6816
-4425
407
-7159
-3120
-6767
-7654
-3070
9427
5496
1413
-2088
-9167
4135
-2094
-1117
4355
-5002
-8425
-9493
7517
9013
7729
-7214
-9661
-3386
-102
-4094
1076
-710
-3437
-5340
-8222
-7223
2456
2166
-1173
-4043
6107
6172
-8698
3156
-1766
-2303
-7787
-9252
-5837
-3579
-7478
7777
-5200
-850
-1995
6219
2858
4277
3498
4244
-6322
1078
5833
3874
-3177
-689
3039
-8400
5933
-3719
9889
9708
4859
295
-7253
3293
5478
4849
8089
7277
-3576
2081
-9150
2660
8359
-7466
2251
-9961
-7857
-376
5755
8984
8121
-2555
1930
4500
6528
-2554
8685
4807
9654
3536
-2439
60
4233
-1867
4181
-6764
-1432
2597
9857
-8383
-3240
4034
-4708
-6
-9738
2795
7354
989
-910
3617
6948
-2027
-2887
2056
9606
5839
-6690
3962
-525
2481
9469
3188
-5933
7774
-2936
8878
-7475
4738
9832
8462
-7738
5352
-1690
-627
-8016
6209
-2604
-3779
6983
7753
3414
-9589
6125
8141
-612
-3395
-2578
-1425
-7087
2280
4556
9515
-4028
2869
8170
-6875
-5206
-2835
-403
3886
700
5218
-8091
6376
-4428
5737
-423
3409
-2330
9700
-511
-5983
3636
-976
-3277
-1554
-2426
4690
-1876
643
2243
7880
4793
-9354
-9750
6222
33
-132
2213
2445
5450
-1164
56
8484
7224
5465
2925
3101
-723
-7733
9725
-4973
-4208
8141
5604
-128
-1696
709
7813
-9316
9711
9038
1781
-1203
-3010
2227
2384
3287
8569
-7950
8553
1880
1302
-137
-7050
-9433
-6702
4357
5898
4584
3753
4921
-5541
-6583
387
5524
-1488
7512
7963
2900
-6231
7069
3992
228
-7821
-2481
-7568
2787
7285
4316
5461
-3815
3744
7044
8071
-773
-4791
8335
-5730
1403
-7698
-863
-7740
-6164
9465
8015
-8309
-1073
1746
3945
-6488
2961
8398
8183
4625
-2384
-1981
-2867
-3909
-6813
3160
9621
-9269
3782
-7152
6479
7687
-2639
3397
3133
-1538
-9569
-625
-7301
124
-9496
-2270
-8880
1538
-9506
8726
-3908
8300
-2521
8658
1477
-1674
-3633
2148
-2663
6298
-7769
-1809
-2126
-6003
6262
1113
1650
-3964
5336
9287
-6961
4037
-2179
-1349
5016
4126
7646
-4250
-557
6897
5363
-1682
-6125
1773
1604
5931
1269
7923
-5142
-9085
-2238
5325
3494
3070
-4676
5014
-1107
-3905
6642
-6187
-6355
-2608
-2285
4584
-3220
-7624
-2379
4039
-3384
-4893
-7096
-3747
2990
4439
-2857
-8475
-459
-7460
7911
775
-4914
3192
1315
9349
6577
1564
4445
711
-4920
9801
-2551
8406
6817
-5355
-3406
-5352
1823
-4792
-1001
8741
-3733
-6327
5423
8555
8077
-6710
-9901
7784
-9614
-7633
4187
6246
935
1281
-7556
9391
2010
578
3250
3269
-9317
1826
2495
7378
-4232
3789
-9223
865
4534
-304
-6644
-8091
-9171
7547
-6550
5250
5497
8054
-480
-5487
3104
7116
7838
-8464
-6161
-4819
-5309
6859
1976
8457
2040
4888
1471
-5134
-4438
-4320
3177
-7556
8257
8015
8203
5652
-8327
3774
-6685
-6827
5571
3454
-6648
-1068
-9740
-9504
-701
-3212
8142
-8774
7594
-4494
-7723
-3318
8783
3201
-1838
-5082
-955
6826
407
-378
2925
-105
2163
6033
5019
-2687
5374
-7299
1047
-1322
-8415
-5150
6424
-9951
-6255
-665
9318
-1298
-4405
-8672
-8946
9043
6663
-3852
-5964
-4109
-9646
791
-462
5246
-643
2435
-2455
-9167
-3825
-552
-7896
-7071
-2494
9000
7907
6760
1032
3489
8772
38
3189
-7728
3647
-3157
-328
-1371
5091
3922
3592
2082
7821
-4647
4631
7953
-2592
-3221
138
8402
-1382
7625
-1404
9217
-6829
-9893
-7881
-9660
3348
-772
-4092
-3217
-3614
-78
4136
-9467
-1353
6751
2445
-2751
6769
-2570
-5102
-6785
-142
-3186
1670
7806
-9355
-6181
5747
-4469
1808
-2075
3790
-8714
-5933
3228
-2083
-7323
8300
2036
-5657
-4388
9609
9274
8118
5721
-247
-6697
3456
-653
-5172
-1392
991
-2866
-5133
7070
7930
3101
4700
-5781
9827
6256
5440
976
8149
5842
-2672
-4305
6583
-1131
-5271
2700
-8682
7101
6675
2668
-3275
-4982
117
-9708
6041
1896
-7262
-760
8800
265
-280
-9942
-8511
-1412
-7245
-877
2402
3612
-1691
6827
405
1507
-3832
-7030
-154
6539
940
-1046
9464
2829
-2486
3335
-5741
-2601
-8561
-3029
-9712
-5789
-8772
-5254
-3874
5740
7850
-3538
5920
4871
-3423
3769
3311
-8420
-4416
6597
435
-3213
-1706
8960
8658
5165
5389
-3818
-4995
-6109
3860
4025
9957
-139
911
74
-3913
-1439
-2806
-8761
-1052
-429
-401
-5512
-9258
5691
427
4084
-209
-4326
-627
4906
-2016
-2247
3634
3970
9197
-5168
-8806
-835
7225
-5114
966
8747
-5988
-9195
-3341
2662
5863
-6861
8154
2100
-3445
8781
-637
-2406
-8690
1311
-7955
8209
-9521
-3289
6251
-1202
7736
8597
5486
-5393
3320
-6916
-7954
-472
-7420
-4710
-6673
-1329
4176
-4923
-9731
5031
-9925
-8192
-3401
2685
-9612
1379
3735
-2123
-2216
1036
4272
-7514
-3560
-4252
-2107
9124
5642
1969
2801
-5535
-6559
9040
1161
948
7919
285
-1635
5612
9428
1229
-4054
8706
228
9408
4931
2827
-4642
4436
7849
9052
-7568
-4425
-1344
9556
2603
-4825
5400
7234
-5425
-5398
8110
-2178
-9480
6681
-3999
3800
-8067
5904
191
8903
-9064
9440
963
2734
-7613
2896
4555
1540
-8061
-7293
-8050
-2649
-957
4121
-6982
2815
4146
5736
-5500
5972
7140
5272
-8704
7624
-2901
8850
-909
3430
-6049
8775
-1454
2128
4894
-3344
-5680
6762
4705
1391
2720
5832
2645
-4055
-1611
-7417
8427
-3067
-8005
108
-8473
6912
-5160
-3846
1656
-5999
2864
-9346
692
-6564
354
9365
-3237
2167
-595
571
7605
-6862
-8851
-9777
-1860
5140
-3780
-7363
-4822
-3911
-9915
-5258
-8179
288
-903
-5290
3704
8870
-1554
-5328
-913
4679
7737
3823
-5285
3780
-7485
-1448
-4478
-7908
-7816
-5456
-8818
-4063
-8399
-2041
-4551
-7485
5324
5533
5870
3635
5351
-6136
1763
8577
2943
-9244
2381
-9915
-4360
9006
8689
-3625
9229
1735
4707
-576
-7732
2187
7768
-6480
5389
-3571
-7969
-4140
-8378
-1377
-2850
-4119
-4613
-4394
-9549
-7799
5584
-6713
7883
5214
-6626
6222
-7619
4635
-4610
1546
5741
-7313
-2096
-2201
2971
-9634
2261
-8459
-8846
843
1842
-6202
-9723
-6375
6671
-1516
-8916
8408
-8278
9555
-893
8702
-1471
9608
8437
-9581
-9538
3039
443
4272
9214
-4521
-2721
-495
-1865
-9587
688
-9003
8429
-2106
5871
6733
-8724
1986
-5522
-7497
6796
1337
9228
-5209
-9204
-7538
-4448
-3959
8397
-9922
-2904
-1996
-6790
-7356
-3415
-6274
-830
3501
5185
-2089
5289
-3622
7754
5992
8968
992
-8357
2823
6105
-961
2566
6847
-2791
1180
7230
623
-1128
-7780
9736
-7217
-6785
8671
3284
1635
-2043
-484
-8620
-3109
2156
-6197
-8144
5923
9411
-5581
5532
4350
-7206
2332
6861
1890
-1380
9726
46
-8145
-7196
576
1767
974
5591
-7565
4893
9567
8073
-5691
-7394
-8157
1871
-5682
-879
-8551
6111
-9579
417
3478
-6176
6636
4702
-7069
1196
-5283
-2278
8423
9396
6553
-1039
7211
6899
3744
4818
-252
-1330
-6437
-5948
-5202
-5322
-3138
4249
8308
3090
-927
-6766
3391
-1396
-7039
3371
-1944
-1281
-3679
3677
-9984
-4151
6370
-7995
-6663
-3707
-8681
1386
1245
9073
7045
1962
3385
3103
4693
2198
6320
-9266
9908
-6807
8061
-934
-3720
3271
-4173
-3089
-1682
5770
6963
-6017
4714
-2280
-7849
7427
1753
8633
-9050
-7925
9168
5726
5861
-4099
-494
-1887
747
6975
3515
-8964
1866
-8081
3475
9477
-2915
4890
-1553
9852
-6551
935
1342
1847
4521
-894
3786
-8738
6593
3882
-2536
3318
6940
-9833
-3973
8541
3479
2389
-9653
-5137
5725
-297
-3087
-5400
8408
-2845
-476
-5066
3382
6520
-9143
1455
8534
-4175
-5424
-6498
6308
-8730
-4938
-797
-4323
7815
-3462
3052
7263
1721
-2454
8449
-4760
6817
-6548
5194
-2970
-2597
6749
-4683
-9180
8037
6777
8566
8041
2151
8089
4825
4934
-6080
3925
-9134
4598
6697
-1554
3395
-869
1056
769
1395
-2957
8953
511
6338
6494
-8134
9588
-7512
8777
-261
5848
3778
1568
6353
6951
-8354
-8540
6992
4892
-8402
5133
-2001
2926
-1682
-5766
1134
-9500
-7614
6531
122
8437
-4691
-6359
1431
2103
5120
-779
-6372
-1080
-5218
5946
-936
9736
-9568
-9976
-4461
-5074
9112
1011
3944
-802
6858
-8430
1734
-9244
2483
-7146
-4390
-9969
-455
-2755
-3152
9417
-9560
-3897
1157
3751
-264
-8012
-3341
-3457
-3523
6808
-3073
2864
-8932
-8737
9975
861
-750
397
-8951
-9139
-7755
1649
197
2979
-4178
-1232
2059
1312
-4994
2596
9441
-658
-7668
-3179
-3208
-3250
-1101
-9251
4840
6759
-3032
6012
-2076
-4763
3499
-2906
-3797
3049
-6660
-5543
-4618
1120
-4722
7165
-194
6895
6779
-6982
-1510
2780
-6586
-913
-284
5309
9974
-6663
-8846
2193
-6602
-312
-8849
6996
-2960
-9385
291
-826
4313
-7998
-7373
8437
-13
-3578
-9833
-5983
530
-295
-141
-6414
-9233
-3702
6139
7240
3425
-2063
1935
-2851
5037
-4995
3766
-449
-9745
-9960
2716
6272
133
-7309
-9278
9327
9531
-7119
-5035
5308
-7290
-8508
-893
-4915
-8623
-6372
-2266
4148
7795
36
-9953
-4865
-5908
5666
-9829
7054
-5737
-5869
529
6239
9659
2986
-3102
-8409
-5363
9475
7355
-6587
7396
6117
4832
4476
3011
-4066
-5045
-9734
1974
-3139
-7942
-9338
4244
-7354
-3125
7452
3098
2807
-2853
3218
-7424
-4377
7707
-5810
7056
2152
-8404
-6492
-7348
2527
-7572
43
5547
-894
-8839
6114
-9288
-8141
7262
-2085
4441
689
6931
9196
-9225
6777
3459
-5994
8175
-6268
9147
-4568
-8721
-2359
-407
3093
-134
-8656
8376
3183
-6135
2830
8323
8600
7260
-8835
8131
-7677
-597
-4755
4185
526
-6889
2179
-8298
8793
-9671
-1452
-7187
3476
7124
-2877
-9953
675
-9326
1812
6242
911
-9244
2086
8932
-398
2493
-1484
112
-9779
-3234
3211
-5385
-7450
-9902
7038
-2724
-4668
1185
7905
-7124
-162
8303
-2988
3723
4548
6860
-1093
9442
2139
7399
2375
288
8422
-3240
-31
8766
-9506
8577
2165
-4560
4824
-5359
3425
3680
8339
-7352
5473
6163
-3664
-1614
3662
-3159
-7820
-2194
-5021
-9768
1853
73
1543
-8175
9394
4519
6030
2375
-3596
-5983
-9553
-2599
4640
-906
2720
-8530
-3879
1222
3252
-3570
-2920
7003
-573
9295
-4295
1309
-7740
2919
-8024
-1797
-4010
-4090
6065
-5333
6176
9113
5426
-3470
-6739
-2021
-1000
-4871
5416
-68
-1272
2087
5322
5461
9322
-8330
-6266
8571
-3955
8310
7738
3215
-9006
-7144
-9115
3874
2492
-691
-9465
-833
3979
-1973
7230
5007
8429
5820
-1676
-776
-7866
6235
-1749
9373
6495
-7425
9769
-749
-3370
-8396
-5995
4912
448
4751
3607
7203
-8734
-209
-1085
6486
2876
6273
6652
9068
-1567
-1957
-9393
-4103
-6705
2706
-6680
-8890
9251
-9606
-5382
6253
-2003
-5304
-4113
7607
9176
4436
7005
9582
-8378
-4989
-1419
2462
-5010
6741
-1078
-7782
2791
-5440
2460
8227
-1219
3300
-1071
-5003
5424
-8675
-5700
-6271
9382
-6127
-9346
-8412
1605
407
-7028
-6652
6023
5254
550
-943
2056
-3392
-117
-2546
1536
-2034
2994
711
-9913
1028
-8219
5921
-9473
-2431
6985
7210
8834
-3159
9597
4517
-3079
1176
9807
-3254
-5126
1462
5211
-7913
6961
-9557
1149
-7220
3951
-704
-4327
3126
9228
-7582
5499
-9523
-4615
2852
6532
4064
2556
4295
-1288
7113
-4621
-791
-8363
8775
841
6925
2803
-9773
-5757
1055
3099
3076
-6697
1825
1281
-7449
7071
-8057
9053
-7310
-6337
-1523
-1288
-187
-8095
-7002
4601
-4682
-8274
4997
2869
8374
3080
-962
3287
-4746
-8051
3848
993
7028
1213
-9586
-9168
-728
4669
-9721
-410
2528
1856
8097
-1413
2844
-6027
-4064
1187
-4109
3139
4559
9726
4696
7656
3006
6892
-9841
-7159
4491
2059
-7512
6392
-1687
-6609
1258
8434
-8708
5917
-2780
7292
-9468
-294
-6057
6339
-8261
2636
-846
1807
7865
-1353
-3713
1512
891
-7911
-6065
-2313
-4405
2853
-9436
7591
7499
-2002
6909
-6483
8723
-2179
665
-2956
-8299
3245
8257
-4515
3189
-4546
-1780
806
959
-4188
-3986
7596
170
4953
1322
-8819
4989
-5476
2136
696
-9706
4599
1698
-8418
9250
5460
-9344
1097
7195
-9348
942
-5249
-5898
7294
7291
6368
4761
4073
-6877
-5028
-8071
-5572
5517
6615
-6650
8228
-1337
-1608
7936
8603
-4682
1113
-1971
8700
8556
7468
7426
-9952
-4637
8625
9683
-5931
-8894
-1336
-3483
1435
8824
-1798
4983
3303
1792
3462
4914
-593
2152
-1474
-2921
4552
9933
2297
9786
3946
2503
-8593
-9261
-3149
-2902
3333
-8712
9623
2976
-7464
-3043
7337
-9082
-417
-4555
5381
8478
-6379
-3709
3231
-8753
-7217
7649
1704
8847
8287
-1718
-7781
9076
-9461
3809
5653
-7925
-9293
1204
-4263
955
5388
8388
6575
-3755
186
5118
6505
-3511
1543
-8348
-274
-4724
-3449
1593
6741
-9827
-5770
9199
-6235
9771
3368
6255
2027
2442
4731
6711
-9339
2964
-5859
-7799
-8533
9350
8308
-3467
-4491
-8309
6173
-1402
-1345
9211
-8780
-7660
7472
5925
5395
-8781
-3286
-8528
-3233
4713
5273
5731
-8006
2104
8069
4913
7268
8083
-6789
1831
2002
6197
-3426
-205
413
7942
-7758
-2163
7230
7549
7713
9340
9528
-7483
-3105
2750
9062
6399
-1824
-2375
9333
-7314
1999
7856
9893
6532
1061
-5277
-9620
-4144
-8131
2718
3379
8797
-8251
8506
-6225
-9411
1537
2099
-2700
6944
-4662
-2557
-5272
-3985
-2773
4728
401
2702
6106
3184
-958
-5845
-7223
8441
-4710
8213
-2107
-3223
4723
3981
-5089
-6659
9746
5
5210
8071
3152
2006
-7995
-9934
9755
4821
-9736
-4190
-8060
3213
-9309
2342
7046
-5680
-826
5538
7407
-8108
-8766
-9427
7623
5715
-775
-3247
2067
-1032
-4967
5884
7350
871
8381
-4717
-162
-6455
839
-6991
-3171
-4997
8420
7474
-8183
287
-5712
-1864
-3045
-796
6784
2505
-5596
6993
9958
-5421
2346
1054
-8523
-9974
-2652
-7582
-8607
-9765
3412
9027
4728
-3215
-4607
5638
-5155
8707
-9684
754
-549
8741
-5439
541
9334
-9794
1800
541
2002
-8202
5515
1304
5135
6960
-6973
8752
8568
6815
1843
8709
-4663
-6857
1158
7671
-1503
-2658
-9378
2411
75
3783
1121
6954
-7073
5419
3966
-5373
-1356
3322
-4476
5537
3169
-8712
2792
4492
549
5544
-7228
-6026
2872
1709
-2798
9738
-3732
3997
2366
-4857
8497
1106
-6274
5938
13
9806
2091
7625
-2795
5207
7498
521
1654
-8290
8025
4563
3106
-241
8187
-8303
-6683
3972
-4436
4458
8065
-9152
-2792
-7662
6674
9115
6425
-947
2879
-7795
-4297
508
4773
4049
-654
7565
-9856
3161
-720
3415
-5176
4300
-2243
7813
6397
2258
811
7094
-8253
-9871
142
7780
4009
-2661
4766
-801
1610
-1225
-8028
-4199
1477
-2971
-7337
483
-3349
8521
5129
-4353
-1831
-4923
3599
5549
5709
1410
8602
-1859
5166
2080
7144
-3288
1932
-6030
1171
9267
-3788
-9360
7193
2527
3921
-5204
-5312
9921
8570
-9463
-3134
9928
-58
-6681
2214
1574
-9668
-8563
1347
-7467
-3813
7952
-5709
2074
1560
-533
8589
-1233
7522
-2895
2962
-611
2641
-6112
7575
-8291
3073
-3640
8310
9981
-3293
-8810
-2420
-4082
1487
738
-2008
1983
2519
-9804
4973
8628
140
1463
4661
3963
-5480
3064
2179
6430
35
-4578
-3355
-5507
-5009
4876
6034
1361
8965
2408
-1095
-1290
-9991
1446
-3080
425
-933
9846
-4047
9548
-9884
-421
1560
-8184
-1607
6798
-7542
-2143
-8087
-210
-8074
-9428
8367
-7962
-8169
2039
8126
-4147
-9267
-4552
-1245
-558
-7998
-6007
-5138
5656
-2533
-2285
-8200
9141
-4730
7314
-1613
-857
-8079
5379
-267
6391
5364
-5371
-2432
-5705
-7985
-9249
2314
-6976
9100
1032
5155
5380
-1497
9114
-8936
6897
-8179
1424
-9427
1575
-7040
-1145
8764
-3847
6978
-9902
-1646
-6183
-6077
5871
7662
-4065
-9545
8135
-3832
-761
7966
9843
56
975
-3604
858
-8502
4284
-6388
5284
9692
5348
5082
-348
-9844
-6629
6186
1573
-6882
-9230
-1434
8765
3423
5565
-2953
-6616
3100
1423
3188
-6870
3789
9291
5446
3956
4977
-1681
-3480
-4020
1453
6860
6444
-9273
-4856
-7458
-8613
-569
-4488
-8659
5335
363
-6311
-9938
7166
2486
6076
9734
-8780
7050
4884
-4234
7229
2440
-5369
2419
-7930
3284
-7980
-6174
-1889
-6453
-9422
823
9649
3429
-5134
-5473
-4630
2939
6214
-639
9853
3826
3145
6487
3000
-2722
-7437
8286
-4170
49
-6358
-7435
1604
-1011
1174
2744
8815
1654
6907
-817
-9250
8702
3273
-7431
8533
-3791
-5654
-6072
-6932
-8170
769
7752
-105
1813
-2749
-4393
5268
3267
-1973
6441
-8898
-1674
5065
-3410
-7547
9350
-3016
3246
6302
6996
-4220
-1915
-1313
-3267
2065
-7684
-2479
-2835
-4304
-224
4845
4019
5755
3949
2695
-1764
5277
-2641
5514
1449
-7323
4167
-712
-5781
8478
-3340
1065
8454
254
9092
1001
-2851
6883
-7215
-1783
-8981
953
-3866
85
-7098
5430
406
4780
-5310
-5322
-2965
-6112
2736
2224
-3857
-8135
6024
-7476
-9052
1547
-6446
-1833
-4769
-4042
5070
-4514
-1114
3043
-1849
-6852
-9642
4247
-5026
-2527
2033
-7483
-2475
-7899
-4510
-8325
5441
4642
4922
-8325
-2110
-906
5077
-292
-853
-6115
-845
-1744
6864
5757
-1473
-4438
2688
9909
-8272
-3180
-9615
1197
3831
-5973
3636
422
-2163
9212
5267
3600
9676
236
4563
1878
-5174
-4799
7140
751
-5104
-5299
-1126
4372
-2845
-9029
-2798
3017
-8245
-6736
-6815
5547
-4730
-844
7653
-7521
2762
3826
-6260
-7760
3461
-362
7485
9208
-2908
-161
-4706
-4811
-9731
2453
3035
-5378
622
8782
9671
-7901
-1931
-6286
-7872
-8221
-7974
-4321
-2294
7449
6702
-6733
6113
-4144
4605
4210
-483
-9786
-4354
333
-6274
176
-8902
5470
4091
-3737
-7259
-2278
-9543
-5229
-9122
5969
-6308
-2990
5678
8244
-1683
9914
4884
-622
-8159
-6910
2015
-216
1742
-3978
-2668
-7903
7587
2180
-9184
-2808
258
5415
-18
-7757
8719
31
3692
5214
-4647
-7803
-2647
5496
-5568
-4255
-7300
-8206
1229
6272
-7750
-6565
-5607
7956
3890
214
-7349
9474
-1844
-7012
8111
1472
5626
5802
2177
3600
-6042
-5486
673
6817
7155
1627
3704
-2106
-6139
-9043
6205
8429
-8879
4259
9303
-7974
-9432
-8622
-2456
-8140
8786
3748
-2685
797
-4321
-1615
-5921
2072
-9851
-381
6967
-2951
-1976
-4504
6509
8019
9092
5873
2645
7034
-6512
8122
1062
9145
8244
7055
-1017
627
5673
-5962
-6889
-40
6065
-5622
1990
-6694
-6625
-5203
8644
-1292
-3978
-4688
3620
9567
4895
-3252
-3586
-1278
-7045
-8300
2773
8141
5604
-3908
8321
-2347
-8531
7629
-8433
3401
-713
5086
1409
6056
-8412
-5512
-9890
2619
5948
6124
6401
3474
1046
-2268
4896
6012
6213
1738
3668
-4004
2080
8038
7037
3926
5323
-4394
9178
-2822
2816
3768
2567
-4914
2018
-7082
6554
1505
9635
6766
595
3577
-4933
4253
-6585
3283
-550
-1023
7350
-833
-5151
601
2697
4288
1003
6450
259
-4950
-904
1835
-5317
871
2710
5471
-2719
-4616
4231
6425
9346
-8324
-9332
3450
9451
-5004
8030
6670
6951
-9110
2630
-2255
-3140
-4131
-7764
-3276
5796
-7267
4870
-1895
126
-9305
4234
1606
-487
8410
-3380
1307
9757
-2151
-9603
-6208
1675
-2495
-3612
-2251
-3173
-9505
-7780
6837
-6230
467
825
-7273
5141
-3299
5278
6929
8529
-2358
-5899
1803
-489
-2466
5932
-5926
-1826
1947
-6069
2392
3818
1521
-5793
-5700
8098
1555
5745
-3161
3730
-3311
2553
5339
-3981
1147
6605
2239
-5739
-1797
-1044
-5805
4010
871
-9121
-7188
7643
5436
7960
-3698
-8079
633
9865
-434
200
2394
9499
6601
-4587
-7174
8069
4055
-1335
-5806
-123
8997
-4507
-320
-9953
7266
1669
588
3422
5417
-6224
3270
2549
-9587
-2555
-1382
-9784
-1526
-960
3755
6808
3246
-4163
-4618
9956
-6107
8348
4489
-8483
4408
-5576
-2036
-5384
-1303
3696
2695
-5930
-53
-301
5802
-3177
-1868
-3295
2779
6882
8912
-2037
9995
-3199
-5398
-7263
1253
4638
7136
467
6328
-2582
-8513
6000
3940
5420
806
-214
-8324
55
5338
-9875
-2802
-7150
309
-3800
-5886
-1409
8413
3154
-5652
1061
-1891
-4222
-4993
3078
-9801
669
-7197
5664
8589
4733
1867
306
6313
-2863
-4961
-2258
1054
-6825
-8692
1735
8741
-2310
-6393
1841
-5831
-8561
7231
2829
-8224
-9895
-4187
1432
-8701
-5917
-8343
-4308
-5817
-8644
7047
8293
9807
-1216
-7193
-1365
-8025
-7914
3936
9121
9094
-4677
5015
4770
-9811
-880
8134
-9546
-1885
-6132
8761
-5608
-9455
-7692
6642
-4942
-7859
7930
9016
-6792
-8271
-7637
4601
8683
-6455
8434
7751
7305
-9571
3896
3258
-8723
-6544
-9424
-5664
-2151
3142
4254
7683
7999
-4958
7957
6562
-4244
-5322
-8007
472
-7973
898
9117
-3755
-3478
5853
-6310
-4475
-2331
5052
-1476
-8074
1284
5776
-3631
2626
-2742
6419
-3393
-9723
405
580
5506
-4585
-5155
-509
-5426
-9685
-3947
4621
6281
703
-3225
-6711
3758
5796
379
-5055
4603
-3485
-5791
-3513
1689
-5518
-6875
3880
1581
-2443
-5642
-498
-7878
-5009
1983
4731
-7660
1904
4613
3229
-7691
-6297
6459
1601
3676
7297
2996
3230
5475
3933
-5881
-2894
263
-7817
7308
9445
-651
9886
-862
-4947
-521
-7254
-5118
8729
-2366
-986
-7392
-486
-9654
-3505
3390
-7997
-270
6911
4543
-3417
7394
-7731
-9852
-7895
-126
4668
-3018
6076
-8686
7893
1014
5337
4836
-298
-2335
-2136
731
-710
9370
-7809
9030
-3058
8545
7865
-844
-3658
-2957
-819
-5032
3360
-8580
-3085
-4176
-1769
6982
-809
701
9532
5180
-3665
-5847
2982
-414
7041
4109
3002
-9173
1784
-7625
-5540
-7752
4126
-1552
-6405
-580
2591
-6228
-9836
-2948
1696
-3526
6803
-3235
-112
-4184
6941
-4862
3938
-5078
-7529
3801
3855
2016
3481
5350
8537
-6132
-1135
2292
3916
6450
5511
-8250
-6932
-354
-6545
6004
-9713
8208
6977
2211
9232
4573
-3234
-2053
-4433
-4035
7930
-8173
9646
-5348
9868
-1841
-953
-8251
7805
-9832
-334
567
3172
7731
-6436
-2405
1083
-3269
-5143
6905
8520
7131
-6465
6064
1297
-3616
8334
-9122
-3456
-4393
6055
-3082
2366
8278
-8339
747
-4705
4618
18
2258
3178
4026
3533
8442
-949
178
-5401
1931
2279
-1213
-3977
-3327
9597
-9189
-4010
605
7284
9755
5601
8776
-8323
-8986
-2359
2176
6395
-8631
7598
-8178
-3299
-9086
-694
7640
-1662
9282
7441
-5555
4836
-9767
4744
-3704
108
6714
6068
4549
-1453
1315
1215
6526
2385
-1508
-2433
4706
-6159
1668
-1285
-3547
-1794
-7937
797
7340
6307
1887
-3035
3475
-990
2558
-3210
9785
3934
-9341
-374
2127
-3441
-1371
2439
-1752
-4551
7869
-4291
-1942
2385
-9016
410
-3438
6135
-3504
3997
-3767
6587
-4941
2350
-1740
3397
4994
-6686
6073
7415
-5998
8053
-2162
7903
-1729
9359
4397
-6244
-3839
-9278
-5557
2645
-5561
2289
-6577
-9779
6974
-6636
5320
-3202
6465
-2604
8635
-2961
9501
-3347
-3038
3956
218
7616
-2749
8235
-9448
8084
-9348
9737
2647
-142
-7520
-915
-8071
-4589
3502
-3602
-5264
-9708
2253
-1952
-2210
2105
1735
7768
-5126
5737
430
4344
-7332
-8436
-7079
6502
-6466
-8548
-4596
-4210
-5382
5830
1311
4432
1700
4449
-858
9426
3109
-3621
-6985
-8237
711
9654
-3915
4393
-4606
-1226
9249
-3170
6430
-5889
-5254
2431
4761
-9841
-2722
3026
-6879
6444
-9470
-1213
5733
1134
-5893
-6349
2601
-9833
-129
5231
346
-716
-8544
-3855
2868
-2290
-4554
507
1337
3601
-9906
7236
-1816
-3115
-8134
6957
1211
7079
5565
-2308
-9228
2946
-9351
1286
-5593
-2539
4678
-6474
-5496
-9178
-5622
-5204
2759
-1086
-2865
-136
4063
3902
4774
9741
2110
-7299
-1769
-9154
-7681
-4640
-1665
5691
-8187
-9168
-5927
9211
-3797
3232
-8530
6062
-3582
1582
1695
1247
2969
-8501
3836
-7165
8995
-7974
-3858
1652
6068
-223
-7981
6193
3576
-3448
1781
5757
8951
-6035
-7652
5907
-2124
2933
-994
5162
-6215
7791
-3679
-1839
5556
-9403
-1117
983
-7646
9758
-1212
-1233
-4838
-5535
6662
4712
7163
-3700
2369
-2575
934
-5463
-7492
-6463
-6376
-8623
-9548
-8611
-4224
-1297
7247
9690
6242
-6151
-8529
9921
6106
1646
6492
-5684
-5558
-9381
-3460
812
-3052
8091
-4350
8241
-1610
763
6136
-876
-9672
2297
-4603
2636
6679
5188
-2076
2702
1139
601
-866
-8382
-5847
-5573
-6062
-4625
-2616
4127
-5294
-3666
-1116
-2428
3253
5356
2860
4092
-6842
5130
-7554
-9693
5595
3517
-3569
2908
9052
-7446
5191
3273
9863
6372
4616
4593
-9254
-5856
-5482
525
-7120
3721
-1509
5531
-3793
-174
3701
-6434
6694
4303
6924
341
-1038
413
1533
-5208
-3764
-5237
6098
-9548
5571
-997
-2246
-336
-369
1845
-1013
-6725
8432
-4537
8753
-9405
-9609
-3385
1052
1742
-8111
2904
20
6289
-27
4532
-5684
67
1480
-6659
2513
5855
-8492
4481
-9520
3509
1620
8457
4302
4174
924
5990
2946
-7415
-2679
8846
3193
-1338
4790
-8723
-1269
-957
-2279
4749
-1245
-7216
-7775
-2303
3923
2042
-2491
874
-7517
7666
8405
4378
7031
-5929
-4519
8005
-6161
5238
7114
-88
546
1650
7998
7705
9157
-6683
5521
4891
2526
2597
2943
6368
-969
-1991
5442
7830
3532
-2355
-1446
-8548
277
1720
-6735
8330
-2421
-6829
-4218
-3270
-3012
6984
-6517
2396
3597
1639
1843
-9519
2389
-45
10
-5801
6730
9644
8
-6773
5802
-1453
-7247
8189
-9452
-2682
6500
9884
3814
7920
8414
-8651
2209
-5114
7587
2922
6718
8608
-4061
-3593
4737
-689
6080
-6546
9145
-7727
-2343
-1308
1996
-6926
-9461
4531
294
-6892
7525
-1290
6068
9114
6848
4302
-8229
-7179
2718
-7438
-6489
3520
-7507
-6641
4051
7268
-8939
-8774
-3654
7047
1370
-6461
-3842
218
4377
-2419
1419
-7640
3317
-7391
3129
-3881
-1673
-4409
-6906
4384
-3508
179
-172
-2216
-9675
7602
6349
-5291
-8801
5189
-2069
-4383
-9964
9224
4142
-8796
-8389
-2656
-3562
8181
-8394
4207
-9324
-5272
9951
-854
1588
21
-1833
7987
-2390
-5180
101
4799
1095
8411
9420
-478
-9828
3905
-5253
9770
-4196
5793
-5205
8754
4199
-7321
-4688
8574
6354
6204
8098
-6301
4481
-2071
-9235
2301
-6193
8476
4458
-8336
-7557
1115
3925
-7309
-8371
-8901
1210
-7483
-9552
-7439
-345
6332
9513
4821
9063
-1988
5491
-8487
-1598
-1638
8685
-4922
1074
2473
-3130
-7194
3830
-3448
9917
-4691
-1763
8611
2152
-6392
-1947
-8971
-9207
-974
-125
-7056
4692
9265
-6770
4632
3883
-8243
-9276
1169
7651
6628
3980
9140
-2661
2681
-9420
9843
-8352
-7108
8075
4315
3972
-5620
3023
9200
6956
-5794
7253
-1891
3521
9517
-657
-4792
5425
4185
5157
7976
-3693
-2009
-5650
1382
-8852
-8205
-5567
7283
9762
-7657
6675
5561
9086
-5795
-3584
3500
9003
7709
-9741
2695
7420
-7790
-5141
3419
-7642
-1493
-1015
-5189
-6426
1983
5566
-6082
-4820
-905
-8353
-2189
4275
-5477
-2793
9600
7976
2811
-709
6966
6923
-7990
-3809
-4295
-3895
9991
9219
-1050
5716
-4917
-4704
176
3329
-3194
8672
3624
8989
-8764
4689
-5086
1102
-8527
-6868
-5775
-4949
-4053
-6421
8797
-3185
4247
-582
5919
7286
-803
-3053
-856
7721
3739
6298
9351
-763
-4809
-3068
4970
-9681
-3347
5299
-444
-1301
-3588
6605
4914
-9403
4683
-9454
6768
-4941
3390
3689
-9389
3348
-1665
-5272
4869
1222
-6321
3391
1578
7645
-4597
-6046
3778
9425
-5111
-4352
-8660
-8384
-641
2371
-3683
-4248
4261
-193
-8947
4168
3520
1360
-1495
807
4162
3267
-9487
4833
7950
-4066
7429
5398
-8071
5175
7521
-165
-7957
1004
-3814
-5955
-1117
-7120
-83
7884
6015
752
4018
2118
7044
-2036
-6669
-4242
-5831
2745
3670
5838
-5842
-4291
-1670
-6001
-9672
-6749
114
2193
-1794
4745
8131
5903
1439
7656
-3771
-3970
-8845
62
4492
2678
6201
-1034
-744
6648
7096
2559
-8350
-6223
6114
-1169
-3290
6505
1591
8123
-2011
-2703
9819
9825
-2476
-8336
9913
-8177
894
8980
-4135
6749
9857
4297
-8831
-6167
1212
2465
-6469
5002
-139
3444
-2593
146
-9893
7377
-8434
-2457
-5002
-9814
356
5471
5151
-4918
-7358
-7598
210
-2233
2566
7652
3236
4928
2756
-9749
6642
-6539
-6897
7226
3008
-3191
-7983
597
-4781
-6449
-190
-5044
-9827
-5110
2204
2395
-4001
788
4436
3030
3741
-3867
-919
9114
-1580
3159
8224
-5634
-8623
3379
5790
5272
-1283
4628
-5176
-2576
5604
-2184
2724
1042
9085
2348
-2503
-6931
8599
-6919
-6616
-7068
586
7524
3990
-1018
8205
-329
-6651
3969
-7265
9296
-2220
-1206
2419
-8733
5017
-2884
8173
-8880
3454
4709
3792
-5491
-4965
-9044
5726
6293
8681
-3665
8608
2854
-6851
8097
-8050
6835
4357
5092
-4312
4229
-4800
4663
-1687
-4431
-5010
-4493
-2023
8194
-7842
-1044
5772
-4822
1527
-1899
-3588
7
2635
6794
-5398
5820
-5855
-4245
5990
3006
5084
-2457
-8133
-1579
6339
2640
5328
2636
4272
-4692
-2510
-9034
3824
-7991
3351
8418
8588
5215
-7942
9580
-3369
-3228
515
-6523
7060
820
-8741
1979
4826
-4095
3601
258
5077
1182
-5994
-1098
-5331
-1572
-8899
790
2809
-4453
-3797
-7350
-2777
8764
-3374
-4460
7323
6391
-3307
-5113
8696
962
907
5836
-7252
6394
5756
-6378
1302
-3334
7353
5401
2374
-7909
-4278
2784
-2167
-9681
2093
8653
3734
-1001
4146
-5845
-6418
5477
6371
729
961
7394
2633
-1428
7362
-3691
3301
2591
-558
-4374
-4353
8483
-5092
-9045
-6565
-6451
-1292
7608
-1080
9013
-4779
-4161
-8865
-9935
674
5128
-9948
-6906
8537
-8506
8243
-9192
-7342
1282
7600
6069
-5472
7731
-3908
-9161
-5437
5160
-9431
3931
9466
2399
-2548
-7609
-1588
-1782
6284
-6586
8236
2929
7557
717
5728
-6348
6516
-9781
-8217
-9831
6710
-8325
7861
6378
-9678
-2751
-9618
-9709
7846
-8177
-4443
4868
1440
375
-9590
3749
-2055
2811
922
5368
-1439
-7939
-8676
8381
7288
-9184
9607
3664
6804
4656
140
125
6044
4274
-4409
-8397
-8655
-8779
3884
1045
7824
3596
4829
-1040
-8126
-5962
1348
-3262
-4128
7386
-5288
4735
4966
5395
-5636
-7652
8659
286
3400
9747
970
-1413
9822
-7874
-5293
-3558
119
-1308
-839
-7479
9453
-1648
7835
1473
-7482
-2837
-9819
-5634
6561
-479
-4494
-3938
-9783
-922
-5363
-4554
-9330
-8155
1416
1983
6639
-2760
8405
4225
7139
6460
3732
-4105
-3161
463
-3829
-1231
7380
5443
-1996
3905
-1317
7795
-5871
7732
-3138
462
7530
8424
1858
-3531
-5085
409
4107
5792
4453
4047
-5568
3925
-1090
-7861
4311
7331
393
-9206
2417
-2954
4653
1637
-6833
-4685
-1831
4499
2688
5806
-9960
8927
-8773
5168
2524
-1986
-7948
1197
-1730
4278
-6986
1107
4865
-391
6915
8394
-1507
-930
8226
4125
2441
205
-9641
-9508
556
1292
1322
7565
-6516
-502
2885
4941
-2599
-1295
-8562
-5712
-344
4892
-9196
4405
5386
8297
7399
-3408
-5052
-6495
8061
6916
-3948
-9775
8605
5304
-1054
-74
9923
-5310
-734
3563
-8638
5985
428
-2368
-9207
6927
2727
-3204
-4542
-1850
-4526
-7367
9958
7124
-7439
6152
1533
4312
-2524
7988
3591
3708
-3197
-7368
-9492
-3748
-1094
7594
-4936
8653
-1253
4337
-5520
3453
-1304
339
2572
-1779
-9421
9515
-8577
1324
4946
4007
-1882
-3253
3049
-304
5370
2368
-3814
-9253
-3886
8057
-4757
5170
3570
4490
5644
-5290
7368
-3475
9676
-480
7771
9744
-6850
-8834
-8085
-3160
4235
62
-21
-4597
8579
-1426
6871
9152
-4307
-3248
2638
-8966
-811
5976
-9981
2684
8494
7009
1796
8857
-6568
-208
8679
2475
-4715
7368
-4149
9212
-1628
-2489
7739
-3233
-1641
-9353
-5918
6740
-2314
4952
6404
-2652
6260
-3366
-3627
5177
-6859
7804
3084
1107
-1380
-7153
-7929
1404
8944
-661
3070
3728
1378
2477
7458
9611
-2820
1705
2873
-235
-3739
-7472
5278
5767
3668
-3728
-4563
-4824
2954
6891
5312
3830
-4240
9466
-1666
-281
-8393
369
-8286
-6851
8422
711
-694
-1704
193
-3967
8633
-7329
1891
3613
-5646
2374
3246
-3947
-3934
1187
-7067
3919
-9203
5780
-4606
-3929
-4472
6417
1427
9212
-8957
8979
-2288
-2438
9493
5547
2368
-643
7887
-1495
5582
8209
2670
-1485
-2475
-4485
-4350
-9932
-8186
-594
4174
1742
-1185
-7283
-4059
1027
-7507
7225
1832
-5983
6723
9425
2045
2718
-7595
4
-8980
1353
2442
3849
-3853
-8983
-4785
6541
-3187
5277
-2977
-2222
-7799
-3902
-3812
-8410
-6105
-1773
7370
7180
3780
-8830
-1190
-4817
-7180
1176
2710
4300
1817
-257
-7221
-4887
9639
-7507
9723
-1742
9080
-5823
-5350
-1959
-7634
1866
-6618
2310
9268
-659
-5299
-4140
3873
-9350
6363
-7325
6220
-3115
-3053
7498
5032
3251
-7563
-2796
-8552
9094
4104
-9775
-3386
1697
-4945
3234
3241
-2042
23
3641
5729
172
-3781
-2394
-895
7250
7825
8924
3902
5669
-4954
-8249
-4253
1523
-2164
-8803
9221
2690
-2189
3425
8402
9964
-2853
1276
-8428
-4170
4626
7241
-4413
-6930
3101
-5527
-4838
6195
9830
3887
7
-183
8472
-6056
712
211
-8547
5409
2584
-8334
3805
-7031
-5253
-3192
-3895
1057
6403
-1077
3401
-525
129
-961
-8050
2116
-5222
-467
3763
-8058
6712
-5514
-6492
-7218
-618
-2942
-5792
-4966
-266
-409
1733
-6702
-6235
6181
9636
-6370
7223
4437
-5356
3905
2251
8206
7577
-1522
-2675
8200
1214
-7953
-5872
-764
-5674
-5722
-7142
7063
-8732
-8628
-9114
4996
-1535
-208
7920
3624
-2964
-2008
8279
-9370
8711
-120
2713
-3834
802
-7633
232
3621
-7415
-7056
9761
-6055
7979
-1213
8791
-2725
9420
-9359
-9745
-353
-3574
-1544
1893
1489
3634
3443
3378
-2084
3407
5519
6076
6704
8908
-9327
9899
3716
-7834
1716
8110
7461
-6504
-2871
3565
6428
8604
-8427
-8789
-2675
-641
-4793
3138
6501
7562
-4860
8849
5965
-6829
1786
-8144
4437
-468
3960
1089
189
826
8584
8858
4721
-3868
1406
-4069
-5537
8991
-233
1207
4967
-1947
4042
1489
9151
-4368
448
-5945
-1186
6599
-3113
7898
-2974
-4129
-6549
3706
5062
-2692
-7111
-3626
-2192
5310
2961
1989
-5201
-1544
6126
119
-5374
-430
9455
9630
-7860
6491
9889
-7176
-6031
7946
6845
-5846
4169
3001
795
3923
5592
324
-1057
8607
2479
-7886
2252
8007
-4147
6950
-2587
-5063
-5183
-689
5816
-7179
5315
-5378
2462
43
4058
-1143
-6043
-2733
7322
-8707
2181
3823
3853
-1049
3241
7941
8422
-4823
-4522
187
3240
638
2717
1623
-9624
6481
3175
5265
-634
5564
-547
-3286
-1735
-9578
-6809
-7607
-6206
-246
-5823
-2461
5981
-2810
7689
8889
7932
9157
4914
-884
-7507
-9890
-3606
284
-5812
94
4637
2387
1673
-9406
-2979
-4048
-1007
4172
7472
8171
4036
8807
-1329
7076
-8469
-5235
9182
720
-3726
-7475
8943
-7287
6898
-1785
4139
-9213
1697
501
376
1108
4065
-5625
-9977
-4037
-1238
-8685
3683
-1876
-8307
4669
9418
-3433
-3842
1016
1850
1756
3226
-9760
8484
-9321
677
-5038
-792
-5801
5866
1832
-4369
2411
9682
2390
-5925
-8907
-4903
-2588
-2137
-5459
124
-6679
-3292
-261
6277
-712
2690
4471
-6711
-767
9819
-2582
-5217
7368
-3647
1603
8567
-4935
7874
5515
-3281
-8749
-7287
-4766
9856
-3347
-7840
-1482
3990
-8571
-6822
4629
-8837
7815
-965
-6645
-9122
-3166
-8521
-4609
8223
-8314
-3625
9948
4336
-6655
8051
-8246
962
5698
1958
-2732
7733
-8471
9387
3980
6851
-7529
1327
6565
4273
-4033
1401
-680
-8895
-1161
-5022
1119
-4083
-4024
4392
-3379
4801
-1464
-8085
-9799
-9498
-7678
6176
1142
-4996
6771
8595
371
-1566
3397
4331
8559
5481
-4279
-5664
7580
617
2745
3998
-2786
6558
5725
-5991
-9272
4508
-3236
904
8540
6129
-8945
4850
-1794
-5045
-8491
7208
-7966
-4587
-5110
-2863
-4546
8441
-2516
3387
2776
-2520
-5727
406
-1391
-9173
3557
-1850
-1684
6896
-4736
2209
-2634
7189
5168
-7132
-386
1058
-101
-2494
-7146
-1416
5345
5182
-7849
-1713
-8284
3076
-3340
9413
-146
4827
-3059
-6364
8076
8020
-3399
1856
1733
3151
103
5417
-9029
-7128
8205
6044
8563
5075
-1020
2093
2199
2216
-5739
3879
-7293
7909
3628
-2934
-7381
-2194
-2998
-1285
8162
-2616
-5916
-3648
-1986
9369
-5759
-4734
5903
-6543
6820
-2180
-9263
5955
7750
3157
2918
-1695
-4062
-339
4812
-7622
1530
-8275
6058
33
2864
5710
2899
4694
5521
-9607
-6370
6236
3929
-1273
515
3682
-3923
4178
8198
-4102
3510
4663
5565
-1531
3080
8702
426
-8093
-3276
-8711
-8895
-6733
4660
-8407
-9637
8311
2365
417
9563
3702
-8109
1654
3998
-572
6475
4714
7667
-1166
-7193
901
4636
-1864
-7300
-7716
-4812
-2292
5185
-5389
5187
1960
5994
-480
-4953
3578
309
264
-5845
-3065
-1395
7619
-1438
-9259
-6343
-20
5084
5912
6459
-5035
-2033
-6241
2157
6698
-8692
-8209
-355
4969
-6070
-7774
4904
-4837
-247
-3555
-6029
-6976
-5787
-8378
-3985
-4866
-9122
-3830
2020
2914
1003
4493
7221
-4
9884
4094
-2907
-9028
-2040
8064
-1894
8595
-4022
-6669
9259
4430
-3375
-8131
5253
6957
-8832
-875
-1646
-6381
1327
-2665
-3271
4027
-8024
-1323
-7333
-1309
-1991
1510
63
4467
-4171
1427
2225
1594
-9159
-429
9761
-696
-8693
-9922
-1862
8628
-9429
-1322
-6324
-6208
-9658
-524
-4515
-7264
5891
-5277
965
-980
-384
-3334
-5764
6526
2600
-8833
5655
3179
-3700
-7955
1934
-815
-3558
-1004
-4387
7231
1553
-6291
-8643
-2291
7644
-3641
-6719
-7324
-1659
4313
1908
-2373
4256
-9634
-2648
6708
6530
3985
3330
-1438
836
-1552
-3695
-8061
-3651
-42
-2220
2054
-1863
2037
80
-6262
5423
7959
2298
9927
-6206
-6461
8244
-5415
4809
-5019
-2810
-3641
1117
2116
-7656
1612
336
6848
8664
