848
5279
-6368
2257
-4845
-8191
8099
6505
-9912
-3668
8005
-3608
-8593
-3654
-1253
-5684
-3565
7505
-5177
6001
-4302
7498
-9525
-550
-3998
7855
-2026
2582
-3926
-114
258
-9990
-4050
1383
2963
-4402
-6274
9045
-5684
7161
-967
-7483
-2258
-591
-5262
-2746
1347
1732
-2302
-9879
1480
-2745
-566
9327
7251
-1510
-3733
5631
-111
6687
1614
-5150
-3206
3404
3154
-9337
2155
9715
3297
-6262
-1855
-3934
-8351
1507
6797
2053
-9816
9258
1242
6354
1901
-4240
3016
6903
-1302
6940
-4910
-4190
-2896
-8839
3171
-1821
3698
7071
691
3957
9039
-5562
-5203
9067
-4266
-716
-5229
-1905
3454
9527
7842
-7962
9133
-4548
-7655
5038
-555
2725
-6864
-808
1420
-8958
6053
1318
6652
8040
-8791
-3505
-1700
-1715
-6312
4035
-3891
-8154
-8693
-9742
-9520
8745
8243
-6517
-4539
3903
5147
-762
1771
82
-5551
1127
9971
6510
6516
6250
-9273
6450
7851
9107
1472
2911
1141
6442
-1787
-7168
-9858
-4906
69
-2345
8151
-4569
675
-816
7728
3516
4966
-5188
5973
-492
9788
-2935
-2499
-1525
153
6418
-1098
-9670
-5045
-5965
4231
9133
6263
-2424
4607
4013
-5530
1257
-3064
1517
-8814
2143
-7240
3449
-697
-4738
2329
8271
2395
-7687
7159
-9817
7602
-5686
160
2520
5475
-9075
9585
-4362
4663
-302
-6337
-1847
-4705
9964
2716
-3690
655
-6761
8019
7608
-534
-6246
5326
-2868
4927
-2933
9710
-9402
7638
-7256
6272
4337
5945
8505
6444
-4914
4753
6813
-8633
6199
-10
-4786
6721
615
1074
-9994
9536
-4039
6959
679
-4180
-6089
-9681
7968
6191
-7368
7156
2161
3716
7881
-2617
-22
-3729
8462
684
3987
-8030
-1082
4252
7865
4749
5498
-8908
8370
8121
-4566
-467
-462
3377
8357
5078
1098
229
5434
1584
-3972
-6130
-202
-5781
-8395
7599
90
270
2062
9973
-1651
-9547
1318
4219
-5481
-4292
84
3872
-3087
-4547
2420
8
-4400
-8578
7957
-5089
-7396
-8280
8309
-2302
-62
1637
1401
-7616
-8949
-9995
4747
4999
-3378
4754
-6399
3870
-5484
3206
7805
8782
-3698
-1164
-2006
-5754
-1042
1851
2923
4996
2765
-5987
5129
1413
6846
7401
6276
-7344
1618
5278
-6231
-8554
-2079
-9878
9049
268
2309
8667
3393
6415
-2879
5765
2944
-9009
7308
-6042
-6095
5719
-7557
5631
4630
-3979
-9414
-3081
-5581
5388
-2489
8001
9368
-6497
-2359
-3845
1743
-5334
-5561
5652
-4269
-417
-3713
-1498
5423
8208
-1345
-3332
1924
-176
9169
-4767
8108
2196
1107
-7854
-1711
2390
3900
-1932
903
843
9968
-6910
-6948
6134
8516
3099
-6740
-5302
4873
251
5034
-318
-6037
1907
4700
-7966
3327
-5387
-1770
-6524
-6212
3751
-316
5390
2469
-1545
-6847
6398
-7438
-1460
7844
4599
3943
-9414
-2599
-8727
-8951
-8879
-2995
5361
-4094
5160
-5537
9590
-5025
7771
2830
-7247
7249
-4360
4244
2670
-3360
-6242
-9141
3997
-7373
9272
2056
-7492
-5956
-1428
-3521
-4000
-405
-634
-9125
284
9683
-9592
1914
3341
-2615
4872
6639
3831
946
-9196
-3263
9605
-6286
-999
-7112
452
-5963
-6188
4366
-2481
-6977
4250
-8590
2992
-4606
-6797
-8704
6544
5827
-5957
9226
8957
-4184
-9769
2970
5514
484
4906
4736
5413
1132
462
-5107
-9687
3149
7399
-7023
-9440
-2320
5671
-452
2090
8436
5230
2324
7983
-8134
8896
-8680
-2694
-7272
-7937
8252
-2729
3048
-8973
-6447
7547
8860
5508
-6718
7526
3744
4620
7563
-1979
424
119
-3207
-6837
-6561
-143
-6373
-6347
8828
-605
4326
9018
7857
4917
953
7551
306
-7194
-5038
9501
-3785
-4086
6711
7613
-5837
-6237
207
-5683
6855
-9584
2963
-5367
-4373
-1220
2051
3428
8540
-9380
4711
-8299
7934
6569
-4443
1091
4107
3857
8106
-4898
825
-3027
-9824
1472
2249
-9193
8409
9737
6043
6221
5268
9773
3581
-8862
6327
-4716
-4402
-8059
4959
3486
-3132
-9042
1439
5390
5010
7726
3680
411
4952
-5001
-9509
-9523
5088
5753
-5054
-7506
-4270
-9825
-2282
-6659
-7667
6140
6525
-5888
-5856
2933
5523
-331
-8868
4850
-7363
1734
7096
-2066
1784
334
-5486
9613
-6286
7580
-3189
-5057
-3098
7466
880
42
-1924
3129
-7534
5617
-5495
-2709
-1975
2655
9720
-7602
-5686
-8815
-1033
1665
7665
-6752
-3475
-9833
-5972
5528
290
6818
-2302
691
-2221
5719
7011
-1635
3017
-2673
259
-9376
5228
1643
-5090
-3835
8351
-5134
-289
-3366
9547
4432
3776
-4884
5728
-159
2952
-7641
6399
7381
-6926
1191
8770
6413
8624
2595
-7458
-617
-5695
-4666
-8547
-4758
-5498
-4706
-3567
6285
6006
7000
-8020
1788
2787
-5610
870
8530
4934
8582
3148
8920
-6141
-7815
6982
5710
4626
-1609
2088
-3085
8838
-6626
-5284
-1731
2775
-1603
8569
-865
1612
-650
-7997
1330
3445
-4964
8455
8064
-7980
-1424
3610
3445
4112
7241
-5204
8679
-4186
936
-5799
2764
8693
7987
2341
5944
5134
-8110
-608
501
7798
-350
2900
2861
8164
7467
-8644
3231
6470
8166
6645
-8203
3700
-9196
-9454
-4967
8161
8078
-4669
-2063
-3202
-7821
6256
-7876
8753
-4906
8281
3448
6874
-5098
-6828
-9761
-9309
-1030
-4160
-3988
-4235
-3669
395
-8230
8423
6123
4494
-6761
1599
-3903
4424
7640
-3075
1909
-8698
-2420
2117
-2440
-5618
8492
8927
1053
3728
-7628
-3178
9640
-7566
-457
3852
7902
-5511
-4991
-9851
887
-7607
-6167
3166
-878
4599
-4583
8606
6323
-7013
-8404
-1409
3591
-8487
-2266
-1607
3354
-3947
-9085
4570
-7610
1020
9718
-8060
7760
4353
-6415
-6391
-6432
-775
1270
-5591
-4469
4229
9741
8672
-9960
-4359
6169
-9519
-9119
5760
-6507
-8095
2309
-9670
-9696
4289
1581
-9617
7674
287
-7110
8238
-1216
8576
-7202
796
-5348
-657
-7160
-3492
-8728
-2867
5872
2460
5447
-3768
3644
3566
6879
3127
534
-8987
3663
2503
5883
-4959
1516
-1001
-5422
8977
6396
-8495
-5100
2124
-3543
-3321
-2424
-3841
-7574
-8879
-6193
7223
-6571
-8803
-9632
-9025
-120
-5575
-6478
-9047
-5708
5857
-7674
-11
6745
-282
-5929
249
-9265
-9582
8835
-6572
267
-4708
4177
-5115
-4743
1346
5640
8273
8171
9589
5961
2486
-9148
1336
9476
9962
-752
378
5174
-5172
8732
6591
-9872
4169
5261
-2825
-7906
6335
70
-1133
-4593
-2181
2581
7801
-8847
-7613
2437
-6514
4853
3382
-5740
5482
3668
-2870
-8059
-9474
-490
-1602
-6845
-5120
1663
-5718
4613
3420
7136
-1539
-5707
2045
-6675
9276
-3316
7910
3014
-5971
6732
-1496
-3047
5187
7356
8408
3666
-3364
174
-4578
2671
92
-1105
4997
4087
2350
-660
-1585
816
-1810
-807
-5510
2119
6745
-3125
-2575
-3959
-4469
3921
1416
6509
1012
-3366
7430
-4821
476
-6937
-2571
3385
-3239
4727
-2860
-9658
2323
-5996
-8076
4048
-4250
7255
-5140
-7100
-1962
-8611
-871
1082
-7603
-1470
-9980
7378
3400
1735
1896
4813
3314
-5136
8317
8269
-836
-7820
-9364
-4365
7593
3881
-3314
8168
-3777
-5389
-3207
9947
5208
2521
1318
-7648
2443
8402
8361
-3810
-9303
-8144
-2011
-544
67
-281
8140
7161
-1035
3821
6837
-2622
-5049
-9062
-6078
7949
7581
-5984
-9758
-9658
7347
-5639
2433
-4788
-7532
-6555
-4000
5395
-6276
-5774
-9652
4333
-2139
-9239
6718
8909
-7214
-1802
93
8870
8982
-4979
9688
797
1905
-4077
-7951
3847
7566
8247
5143
9870
241
-8894
-5784
-5049
-4148
-4582
-1127
4335
-1134
-4389
-7454
2160
-4779
5570
8307
4379
3088
-1782
8115
-4659
-2700
9680
-9864
-6814
-8716
6124
4404
326
-5804
-6442
2684
-6345
-5369
-501
-1530
-6405
-9672
889
2007
9013
-4800
-5796
3928
9877
4554
-6007
711
2229
8008
-4251
-5286
3342
-8786
2902
9126
-7646
-3692
-8929
-4357
5902
8633
7468
5573
9539
-9648
-8685
8640
6843
-2802
-8721
-3392
2256
2882
2312
-1833
-8635
5051
1337
-3792
-4915
2622
-6243
-3254
-9614
-4671
-3690
159
3727
-3338
4953
-4375
-1466
-7908
4314
1787
344
-5335
-1279
78
1925
1429
7744
-7082
834
-7616
-254
-5447
9323
-4649
5075
2964
6315
-2572
-7233
306
208
-4551
4634
-7776
5062
2865
908
-3283
3861
5328
3976
729
25
-8914
-1416
3396
533
8980
5698
-5964
-136
-2491
-9505
3790
4194
7398
-6566
2803
-5494
-628
-1704
-5366
-3098
1280
5424
1404
-6362
5623
-6633
-3427
1230
4162
-4184
-7546
-4970
-6796
385
-1532
1267
7909
-4319
-5616
1159
111
-9113
1754
8467
-3275
-3983
162
-8777
8750
-6309
4820
-3309
-1666
1583
3154
-7207
3942
1993
-5571
-3276
-8790
1600
1297
-7780
379
-3907
8747
-3949
8697
-1588
8289
-6293
3449
3313
-7604
-8476
-5216
-5299
8164
9995
-6645
4335
4646
3357
-3551
8356
1188
-5644
7354
3050
4281
7419
-842
-848
-3149
-7768
1268
907
1354
-2025
719
-6392
-3606
-1953
2797
3566
6994
9465
-1131
695
-57
-3825
-9447
2808
580
8998
-7167
9364
-9327
6219
5852
-9463
62
6393
7767
-5958
-5356
5595
-6022
4166
-8177
-894
3957
-5824
-5346
739
1025
-4489
5952
2732
-4065
-8597
-5046
-1048
5677
5301
3718
9068
-2222
-9217
1231
-5077
-8834
2441
3581
5675
-8258
4905
6343
7337
2827
-61
-395
4973
-6231
-9448
-6970
4270
1947
-5078
4384
2814
285
-3223
2805
-7006
-7353
-4889
1633
-613
6445
2209
-919
-8133
2525
-5268
9493
-5489
6953
822
-6478
-4221
6792
7472
6535
7722
525
4201
2681
-4650
-2975
-6339
9747
-6668
8213
-6704
6037
-9242
-2354
588
-7412
8362
4103
-4483
2433
-3039
1352
6916
-2305
-7909
5503
8176
8405
-4309
8916
7001
-2874
-728
-573
6857
780
-339
3310
-8285
-3988
-6878
-5925
3237
-3049
-3616
2638
7533
-9729
-2534
-1164
-627
-9896
-7010
-7734
6002
1066
5155
3690
-7571
4215
-5577
2715
9602
-6539
417
450
-1871
5892
3794
-9464
1084
-1937
9060
543
-2375
-7060
-7609
-5738
725
549
8412
-6768
8968
-5129
7283
-4450
3205
-6261
-1373
291
9727
2995
5486
8834
2151
-6262
1667
726
8358
9645
-8724
-470
8046
-7984
-5160
9689
-77
-4883
-5253
-8467
-6944
-9423
6646
-2604
8273
3585
1129
-326
-4383
8209
4269
-488
2450
-4616
5512
4681
5964
-3356
-3658
9996
6090
1695
-3999
2391
-3694
-5016
820
4681
-297
-724
7320
-2313
8993
-1610
3104
2133
456
4897
-6449
-4651
-5260
6735
-9266
6586
-5306
2548
-1805
-1096
-9149
-8376
3123
4290
-6564
-3868
-3313
-4850
-3702
1968
5742
5065
4668
5109
-8768
3198
-1043
-453
6158
-4378
-2242
-9401
7070
9220
-7361
5532
353
9416
9990
7334
-2546
-7518
4020
6686
5837
-7456
-9891
-5917
2386
4714
3412
4015
-4610
-3505
733
4444
8666
601
-3216
-7878
1208
-4463
-8599
-7764
6339
7383
9746
860
1814
6640
5269
6655
9362
-7460
-7598
6807
-4001
-2511
-6594
-2571
-3446
-8136
-7439
-7226
-24
4011
-5029
803
-7785
-2717
-8534
-219
-9100
2516
-632
-6143
-9953
7476
1786
-8206
1492
1170
-7547
-1015
3527
-5767
-4682
2344
-883
-8870
4111
7168
-6909
9370
-6970
-5482
-4397
4626
4390
8600
-1193
-6463
9511
7865
7621
-6735
5674
-5219
7487
-2528
-8938
-3018
-4307
-4984
4824
-1165
5810
-3789
2534
8147
-5206
-8889
8091
-4054
3046
3248
7170
5984
-400
-1531
-2406
-7424
-9434
-6336
6759
-2387
-9559
5712
1603
3103
-8199
3578
6020
-2214
-3644
8806
-9421
3283
-7193
-1840
-7520
-438
2148
-7666
-9632
5942
1928
-9374
-7437
8727
1379
8028
-7206
-4350
1663
9991
9932
-8088
2925
1786
1094
7761
-4698
6105
-5110
-9880
3524
-329
-999
9082
-2302
4920
2667
2168
7569
-9602
-3377
-7437
-1678
9621
7995
8882
-3287
3316
6264
2815
920
-142
9156
-3007
234
-35
5923
3965
-7107
6248
9819
-3548
1204
-4090
4167
3795
8613
-9859
-3015
9796
4342
-8920
6087
8549
1904
68
-6429
-8897
-5700
-6453
7627
-5128
6543
-8500
-8160
1183
-5261
-7198
3889
-9915
-6154
9324
-7497
-160
9405
9583
3474
5775
6264
5693
959
3569
-6388
-4501
-400
-1494
-6392
-4621
-2353
-5944
-8758
-9571
500
-5412
1637
176
289
4580
1124
688
-3638
-7109
-5246
-8487
8037
4812
733
5782
2605
8781
8298
-7064
4695
1771
4926
6245
-8434
-2771
-9173
-4378
-8667
-1748
-8786
586
9820
-2180
5903
2149
-2112
6464
-72
8610
6311
-2950
1340
7257
9055
752
5011
-6282
-4312
8233
321
-7049
-2432
-4220
-870
4628
-5139
9051
3677
-1549
8480
-2948
-1697
-3847
8632
7298
-5148
-54
9797
-9036
3092
-8214
-6962
9647
944
-2283
-2035
-3967
-2827
-8534
-5379
-2827
-9896
5794
-1883
-1631
4231
1830
-1439
9817
9154
5872
-4840
4653
5138
9327
-7734
-8678
415
516
-114
1830
-9707
8847
987
9210
8065
-2759
7927
4150
-9279
3606
8857
464
-8118
-2869
-224
-7574
-606
9533
-1849
3276
8257
-3556
556
-9467
-691
-9565
6487
4346
6407
-6115
-1409
1938
7308
4160
68
807
6080
-9726
9228
52
-5057
-4342
-4533
-9172
5122
6228
2031
5016
4844
1619
-4762
558
-8760
2184
8521
-6708
-8565
-9984
-89
-6723
8291
8053
-3903
9143
-1164
-820
4105
5419
-5526
9020
-1911
3653
-6544
6929
-8460
4174
-4197
2730
6462
3622
-7548
-1914
-4844
-9430
-1519
8124
1421
1756
-539
6184
4912
-2745
-9889
6359
195
8595
-3137
2083
2299
-1955
-2131
578
-9553
5020
2248
2587
1412
-3759
-1830
5585
-3078
-1704
-4806
-2800
-3675
-9768
6656
8617
3641
8734
-6315
-3623
8293
-5771
-7908
6433
-2302
-7652
-8153
3499
8781
8106
-8594
6710
6676
4154
-2239
5920
9854
-5977
-1498
1598
-2188
9503
-7910
8939
-7419
-755
2056
2056
6077
4017
4904
5379
1226
1221
-5729
-9239
-3166
8830
4198
1548
3315
3861
2137
8717
540
-9582
-9626
5536
-8347
-2986
-2738
4167
5822
-5760
9618
7318
-2235
6387
-849
1683
-6640
7374
-3598
2821
-5308
-3202
-423
5364
1199
795
4602
-1508
8241
4771
-2301
4898
-6565
-5607
-480
-2209
-1809
-7633
-190
-6072
8727
-6981
2756
-5507
-7100
4579
-6325
8797
-3950
4042
9329
-6664
7191
-7399
-4623
3044
9225
-4977
305
2173
-6098
5666
-4987
9815
-3033
318
6085
-2900
-1749
9691
-3057
-9142
8869
1161
9033
7894
-3543
7919
8075
-6378
-1391
-1992
5598
-9973
-6516
-7883
4003
-9943
6844
-7742
-6168
-7733
924
9466
-3518
9031
8091
2237
-5214
-1620
-9469
8490
5772
-2547
-1851
9701
898
4404
1083
-1928
-9943
-7681
-2314
4246
-3650
4733
9195
-260
7924
-2147
-1310
7271
-8356
-8473
-648
-8343
-473
-6666
9837
-6079
3135
7299
4617
-7290
-7962
3301
6140
4343
1540
4664
-3825
-8796
-1406
4990
5870
-6247
5315
-4718
-6535
6122
-8763
9143
-718
-4420
-5169
134
6990
-5492
4761
-1259
-6719
7090
1610
3431
5042
-2889
9536
-3107
-2113
7753
-3807
9855
-1023
8729
5415
946
7610
-6071
2731
4996
-1223
-2908
1224
-1748
7969
4164
-4972
8708
-2188
8220
-938
-1521
5247
-7205
9252
-159
9263
8885
3051
-5286
1934
-6793
5964
-9811
-8271
-3473
-2232
-3583
-7964
-6301
-7757
7987
-9186
-8242
4654
3100
-7573
-7646
9428
7457
-2315
-3245
-7686
4399
-9244
-4397
-7258
-3109
-2692
583
-8424
2980
1520
-7320
5690
-6608
2756
-6126
-5166
1647
-4874
-5034
-131
5381
5212
4714
-4341
-7117
4110
2976
-9254
1489
4248
7193
-6927
1641
7485
-1004
-3565
7152
9504
-5260
-9893
-8507
2841
-4851
3530
-767
-768
-3724
8381
1521
-9639
6802
6815
4800
9498
-9224
-1840
-2310
-233
-4608
-1929
5162
8767
8944
2239
-2021
3271
-9909
-4072
6227
-3288
-434
-456
8356
8012
-9168
-6451
-3067
-7363
-825
-6029
4753
8869
2653
1812
7997
1335
1791
-6544
4364
9174
-9457
-6271
5528
2259
2482
-4683
804
-1284
6826
-2912
-596
540
646
-8831
2115
-6530
9689
5529
-2730
789
3681
8017
-3613
2357
8884
-7886
-3332
4593
936
-8056
-8500
-6086
-2954
1006
1330
1292
5877
-3500
2156
3201
5529
7910
1176
-2781
-1782
3363
8771
7245
-6356
-5913
5991
5654
7749
1336
2258
-8995
-2470
-3965
-2701
178
786
-1789
4114
9528
-5231
3223
8473
8452
-3930
982
-2917
5893
-6583
-193
8994
-1552
-2705
-477
-6299
5282
-944
-1017
-5529
-4697
7171
6969
-5809
-8261
-8925
-1832
1026
2850
-1651
-6540
-9440
-8645
6856
2977
-9197
-798
2498
-3811
-1776
9329
-5527
-9489
2725
8643
2293
1055
9009
5184
-5501
-2028
3273
-8384
5741
7531
-2811
-4826
3834
172
-2469
-2295
4445
-5375
8351
-8708
-2025
-2075
5834
-6306
1648
5002
5192
4267
5521
2059
108
-660
440
-869
8735
-4235
2453
9505
-605
-8549
2469
-6904
4782
3805
-7167
3929
-1477
9054
-6722
-9781
-792
-8541
8630
-351
5587
-3579
7990
2514
6336
-8267
347
1343
7207
-8192
270
-6396
9794
-5744
2640
-3400
-6123
6459
1681
616
-8967
2365
-8344
6103
6608
2883
628
-3051
4132
-3136
-5045
7810
1062
680
-7625
1414
7395
-3132
4173
-6486
-7180
-673
-9157
3730
-8356
-9782
-1809
-4028
-7460
-1201
-5719
-523
1258
-9054
-2449
1991
-9240
-5847
4325
3141
108
-2753
-8076
9939
-5968
-3578
-2579
-549
5539
4809
-6442
-1731
4290
1629
1155
5351
-5623
-6496
-8470
9496
-180
2151
7613
-2019
-6208
5950
2249
-6717
8539
-9416
-7022
-188
-5548
-6718
8865
5523
2269
-7690
9510
-7223
-3382
-4892
-7991
7164
-1035
720
-3931
-2596
575
-5883
9126
-674
-3720
-4266
-2185
-7824
-1383
680
-8744
5849
-9566
3185
7082
729
5219
-6849
2178
773
642
3254
6274
8158
-8444
-9400
-200
5199
2761
1106
-6460
-9567
3757
8587
8777
-1445
-4216
5986
7225
-339
6090
-9162
-3994
-4178
645
5103
321
-5411
499
4873
-2385
7510
-3719
-8224
-874
3748
-1135
-1331
5633
1576
-7673
2397
4969
-673
9972
-8662
7600
-7749
1400
-3841
2839
3511
-1058
4875
7565
7978
4901
-4852
631
-4643
-9415
-6381
-969
719
-7910
-1206
4779
-6999
8699
7342
66
2344
-5793
-4964
3780
4216
9876
7258
-5612
-582
-7994
2098
1397
5240
4467
5748
6149
-172
-1543
-4894
6740
5366
-6879
-3955
-7165
9023
-7154
7384
6378
-8210
-9148
4897
772
-6998
5473
401
8928
4333
9017
6625
9559
9694
-8354
4384
-842
950
-5414
8471
9093
2998
-6127
9476
-8483
7117
-905
3383
4985
4711
-3978
3870
-6551
2193
5512
-3669
-633
3076
7131
-9632
7844
-574
2991
9236
2395
7688
-6876
2427
1196
1607
-7135
-1182
2906
2008
4205
1151
-7427
6662
-3686
3407
-2740
3274
5239
-1397
-8441
-5448
8223
5442
7679
6279
8706
-2017
-5249
3601
5202
-718
1410
3065
-5882
732
-5749
8600
-9831
3469
3202
-9866
-7903
8756
-6894
7887
9970
3699
9981
-1446
3634
-2442
-3741
-4098
1936
5095
-4697
-2242
-3767
1456
-929
-3899
-373
-7019
7715
8852
-5224
3601
-1356
-9671
1151
7173
-2862
-9197
-7867
1281
-3907
-9650
-5743
689
2107
-4121
1394
7361
3437
-549
-3294
-6229
-896
6593
8112
-6178
-5901
-71
-8509
1642
-7355
3773
-8657
8512
5255
-8933
-6133
-9677
1725
3817
3927
9627
-5008
9084
-6632
-2529
-262
8696
7062
-3373
-8157
3274
4131
2595
5063
4839
9397
9033
-1320
346
7379
4356
1216
3978
-6281
-5677
-3565
7932
7326
-9606
4338
9007
-6238
2125
-3651
3117
-5582
4057
-5022
-8202
-7796
2421
-8836
361
3092
-5741
2251
9571
-7417
-7770
-6254
9931
4561
-5724
4511
4439
-8468
5467
-5023
2990
-8688
-822
-9557
1876
-8450
5781
-7869
-5303
-6959
-209
-9429
1418
-8663
-8085
2984
2393
-9440
5766
-3189
1337
-2259
-6725
-9728
-9312
-6770
567
9011
6178
-8852
-9536
-9588
-2668
6091
3231
3735
-4993
-4416
3145
-3220
7267
-4467
-772
2559
-3676
7124
6872
1813
3531
6702
-6692
-5322
5911
9739
2181
2052
-5209
-2133
8430
8322
7819
5111
-5801
4310
-546
-8266
-7954
4608
9571
2386
-6845
-2041
-8590
9885
7719
-934
-953
2106
8168
5482
3277
-5453
9181
8817
8940
-6685
3826
4973
-42
-8384
2525
6567
-1296
6776
-7238
-8676
-1723
5826
2062
3891
-1990
-7156
8553
9684
7524
4895
5082
-1340
991
-6406
-3240
3783
-42
5581
8148
2205
-2795
-7761
-2427
-1750
-3960
6625
2986
-3606
9102
2811
4452
8318
-6819
-3821
2481
-4938
-2060
-5440
1030
7808
-1716
77
8264
-7645
7388
-3681
7283
-7878
-9150
-1594
928
-9115
-9135
-3099
7092
-1341
2818
980
-1050
-7328
-5053
-1963
-9739
-1347
-4110
-7866
6338
5
-3051
3193
-9503
-4471
8204
7849
7692
6822
-9390
-481
-6887
-7642
4180
9499
-3277
-4669
-9194
586
6818
-1795
621
-1969
-1520
-3580
5060
-3875
-6611
7916
-3061
7282
7735
-3020
-8003
7932
5171
-8097
-2303
-6231
-7306
-6028
-8482
2523
-621
-8376
2493
-3702
1977
-1383
7589
2586
265
5836
-7953
6669
-4548
9524
3961
-4665
2356
-4487
4461
6612
-6631
9108
8082
-2150
9439
-1900
9270
-8311
-8061
-7947
-3648
1209
8775
3908
9834
4149
4252
1936
6647
7015
-8160
-6498
-16
8258
-9824
744
-7196
-3879
-6103
3246
6197
3800
3312
-3846
7229
-4032
-8743
-6093
-3903
-6776
8295
6287
9620
-2368
2928
5051
5575
-2377
-9386
-8500
-4469
8254
-3777
1262
-3443
2339
-9411
5504
-1519
-102
-7848
4727
-7544
-6497
2545
-4234
-5206
-1801
-5649
-2725
-5090
-6118
8279
5826
-2956
3382
1246
765
6866
-1768
8996
6437
-8111
9704
-2128
4738
3725
-657
8734
-9619
-6235
-2800
-2400
5449
-7786
-3203
6739
7153
-631
3544
-820
9393
-5212
-6824
-2391
-7430
-5362
341
-7994
-6874
4979
8862
5770
9379
8155
1569
-4680
-4791
9826
4099
6938
9592
564
136
9953
-2193
-6205
6630
-62
9492
3883
9227
3078
4744
-6861
-6170
5807
5751
-7061
-2162
1290
9281
6938
4068
9039
4684
3343
3193
-1925
-6634
-361
1698
7850
43
-666
-7550
-7674
-4392
4404
-2746
-4068
-4745
8521
-9593
2062
3266
-142
-4945
8666
-8533
4303
-5873
9421
-4856
1157
-6638
-723
5566
4664
-6189
1568
-6218
-7815
-5681
-5938
-9262
6611
-3575
-1405
523
-5046
-6326
-245
3590
-9814
2318
-3509
775
-6516
5895
-4936
7243
741
4507
2915
9311
-3331
137
-7277
724
-6751
-8738
-3916
-9297
-5338
584
1930
271
6787
6491
7542
-8259
9822
-3827
2573
-6583
-5157
-5459
-2654
4255
-6788
-5059
2218
-593
-7510
-5352
-9118
2790
142
-1931
-7633
-3439
-4830
-9411
-8420
6629
-6533
-5912
3165
740
1601
-9984
-1012
-9195
-4831
5808
-4181
2002
-9705
-5373
4249
-3974
1376
-507
-703
1896
7458
-8837
7895
9928
2502
-8111
2495
-9153
2133
-8419
3216
9823
-125
4617
-9584
9970
9331
5333
3170
-7251
5062
1428
1341
9710
7689
-5591
-2623
215
-3796
-2761
2459
-8455
391
7571
-1392
9822
4908
-7809
-5999
-7056
-6567
-6135
6423
-4682
-7690
2261
2095
5143
-9228
5706
930
3586
-7170
951
-4702
2069
3815
3130
9751
-9458
-7102
7490
-2558
-2806
1629
9311
2803
-7205
-366
8308
-9174
-8520
-1839
6283
-8041
7934
8826
-6
3505
5469
4503
9533
6567
-9986
-1649
2135
8960
-122
2660
-2947
-6099
2171
3008
-9708
-9595
-3357
5520
6498
-6724
-4699
6117
-9717
6881
-9889
4283
9473
-635
98
-6930
-6189
1618
1221
6292
5729
-8755
-2162
-3155
5961
-7678
2018
7993
-3991
4509
1835
-7950
-9832
3323
-6369
-9812
-7517
-9079
-652
9539
-374
-4529
826
-2182
-8768
3385
-3175
-6163
-1365
9806
-6244
-7653
4569
-5363
-4386
9461
5524
-8503
-3790
9786
-9245
3787
1957
-9138
-489
2162
-9005
4221
1031
1140
2646
2755
9886
4498
7202
7645
-1939
1976
-4835
7078
4881
-4598
5835
-1992
7682
5426
3964
395
-7304
1630
-3336
6313
7702
-9549
8908
741
921
-4395
-5348
-9961
3199
6229
4130
-1658
-7906
4147
-7573
-3578
-2988
5726
8612
-4717
-8749
-8495
-1234
-6199
7782
-713
1333
-5652
-2622
9479
8562
9262
6568
7377
-7199
5866
-1700
-2690
8652
-6120
9987
2564
-6424
-6844
-6807
6557
-8571
-8526
-255
7096
5597
1834
-130
436
-5
1224
-942
-4191
9714
1682
6266
-7216
-3268
5652
9411
-8381
8416
920
-3597
4779
4075
1428
-7500
6812
-2392
-2452
-3135
-3519
-4702
-4856
-2326
559
-9503
-3540
-1223
955
2617
101
-4942
510
4215
-8091
2181
-3302
-4184
8857
-2650
-7849
5760
963
1545
3114
2470
1799
-1604
7636
-3076
-5221
1809
-4861
9082
6719
-3017
773
5564
-4331
-9563
-235
-8061
-4023
1810
3258
4753
5790
9605
-9280
-8979
8368
-6068
3159
2689
-2767
-6086
5779
4575
-2688
-6441
7737
6655
-3930
7429
-9071
9815
-9480
-3563
-4291
-7420
9764
5115
250
6726
4167
7370
5259
7476
9836
-7477
-4888
-7610
4978
-8357
-4598
-3818
-8076
9682
6394
-6194
1491
-7548
242
6876
-6864
-6877
-4460
7186
-8567
-3033
-3728
7337
4796
-6763
-62
-6862
-8927
-7013
-1804
-8049
-2158
-6803
-1425
6719
7205
9568
-3052
9849
-2983
-1201
2654
7805
-3500
-261
2576
7206
-6189
8767
-7889
-1477
-876
-5660
1315
2929
6142
3682
6686
-6335
6804
1379
-8891
2246
1681
7433
8089
8436
-6575
2339
-5554
1883
2142
-5533
-9291
-7396
1270
-7127
912
6758
-5890
-361
8247
-4968
-5825
-615
-1519
3720
-227
-7223
998
2881
-2754
3337
2978
-5797
-7656
-5392
-1509
-3896
1155
3973
-2334
1226
-8936
140
3028
739
-5920
-7957
4162
5696
1828
-8061
-2070
-9231
-6525
9409
-5276
6066
-2822
-5254
-8698
5923
997
-3367
6080
6749
-2918
-6369
-61
6762
2530
359
-9923
-4488
7180
-1352
-9362
-6122
-3578
-1403
-3762
-5171
8401
8980
1160
-8477
2354
-6897
-7247
4617
8557
-6981
1255
4375
3083
2813
5786
7114
7695
6839
-7631
-5489
-1976
-676
6412
8824
6284
-9790
5193
9390
-1808
-2437
-4595
6366
5145
-9754
4787
-6755
9615
-668
3121
370
1980
-1497
-4087
-671
7960
9929
-3925
-3144
6612
-9805
757
-8131
8679
5808
-4492
-3912
-353
4755
-9896
-9852
-6778
-8478
8740
-231
-1233
2845
-2927
-8729
9589
6701
98
7810
-470
4148
4674
-8366
-3316
-5746
6198
-4188
-7992
-1351
4150
-2957
-2841
-6689
-8758
-9814
733
1852
-3490
-7159
-35
-7157
6719
-7412
-7014
7731
4390
3490
8653
-3033
705
7191
3025
3662
3890
-8737
5091
-9099
-8864
-3572
1103
1702
1432
-3370
-8337
-3699
-473
-1234
58
1867
-4471
9456
8746
-8809
-1924
-8785
6956
-2182
-4941
-6728
-2435
2117
-7870
-3419
3055
-3025
1465
1135
-5068
-5276
-5655
-923
-7443
-967
3871
9196
2001
-2921
1314
6787
9430
-4702
-7791
-5034
686
1123
771
911
2025
3122
-8448
-3182
-4233
13
-795
2621
-8790
-9864
-1533
-9469
-5288
2258
-4261
-1089
4794
-396
2012
-2354
-1451
9329
2265
6542
-6567
5434
-3486
-1927
-7152
-1632
-9238
-3151
1704
-5181
2727
9068
6311
-2608
-2002
1544
-3404
-2526
-581
8611
-5952
9402
621
-7724
-2144
7608
-6801
-6307
-9972
-3759
-4886
6370
8601
-9131
5592
4458
6957
6339
2411
-9715
5768
6351
-203
-6079
8970
-3036
-3093
4263
7950
404
-8533
-276
279
-4982
2397
-5933
4404
6014
8499
-2971
-317
-3158
9648
3629
-3966
5516
-2929
6221
-7754
4164
9576
-9620
-1239
7224
-5763
-4573
8795
3349
6901
8776
2830
-5532
-9924
1039
106
5926
361
8703
-4661
-471
-6598
7186
7098
4889
-3063
-2277
-938
4878
176
9819
8550
3177
8240
-2782
-9162
7625
-7573
167
-2780
1989
7108
-1182
-4622
5740
-3552
-4843
-4498
-2402
4561
-8488
5443
-6310
8140
-413
9978
2832
7635
-9214
7479
-1480
-3851
9077
5004
-1269
-8473
2625
8252
908
-2585
2563
1325
-8372
-3679
7272
-695
-6278
5633
-3004
-3589
4143
4921
-2895
-2178
-345
5485
-2042
7119
2743
-3743
2137
3259
-7564
1698
-6209
2811
-3915
3072
-9120
-9695
3215
-5943
-7430
-3989
-4467
-5646
-9991
7834
-7109
-7948
5836
7105
-5716
-1501
-7656
2022
8810
9861
-468
7890
8645
253
1651
-8765
-7926
6950
-8346
-9275
-4486
-926
-5387
2032
-7702
-7773
-1664
4133
6356
-9952
3128
2688
-1310
1961
6271
4617
9032
-5552
6538
-2997
-3002
9424
4780
-2104
-8985
5502
-874
-1361
604
-4042
3065
3454
-5875
-3351
4944
-6942
-9210
-5716
-5583
-9687
-5993
8577
4126
-4244
-2045
8159
9737
-1161
5618
-9289
-203
8545
1374
-3016
3961
8900
-6969
-3163
-8756
7189
-5268
-6577
6071
7301
6671
-6972
3962
733
-6525
-1533
2632
-3717
6807
2144
2101
5553
1713
4334
-2968
-3772
-2809
3234
-131
-44
6335
2336
-3644
-6085
8731
-8727
4906
-3253
3867
9373
-4282
8090
-890
-2352
6337
1725
689
9817
-8567
6082
8902
-7587
5258
6037
-4404
4848
5254
-5686
3165
8777
-886
4095
8176
6066
-7613
-216
4956
9523
4472
2875
-4300
5313
3803
-3200
-608
4313
7279
521
-2700
9234
-7819
-2351
-6934
1079
-76
3062
-4784
-8598
-2320
8598
-316
3746
6652
-1792
-1770
-6022
3872
-839
8762
3996
-9506
-6093
-5010
-6197
6043
644
9382
-2780
-4801
4097
-9864
-1346
-5821
9142
7876
9436
4465
-7586
5647
5541
-3463
-697
-7166
-8178
-8461
8121
-7853
8413
2970
946
3583
-6337
-4953
9194
-6010
-6358
-7316
7284
-6344
-7530
-7329
-3392
-4236
-2000
-198
-1501
-681
-9430
-1932
4750
1432
6139
-9026
-6207
-9466
-1048
3227
-3299
8954
-4281
-2938
2960
2518
2503
8594
-4954
-2264
6212
-9242
7685
-5287
2869
3457
-7326
5096
2059
2846
6229
-320
-5148
7896
-1065
6944
-8629
-7147
6931
-9363
-6337
7975
8587
-2415
-1777
4016
-7997
-7740
-2515
-1633
4173
-9835
7409
-6355
522
-8910
-4183
6115
-6864
6953
2803
-9238
7079
-2760
3345
1686
-7764
5533
-7633
-9122
3907
-3930
-9865
-3139
-3945
2448
6734
7478
-743
-5518
-874
5798
-4013
3215
4327
-2611
-7253
-6210
-1988
-2894
-1465
-6192
-40
330
5043
7325
2651
1493
188
-9545
5224
9776
1970
4474
1268
6568
6648
7394
-7308
-2082
-5575
3682
4454
-1080
-5755
-9745
7173
-4281
9455
1639
-4136
2348
7096
1683
3384
-1782
-9241
1232
-6008
2970
2191
5249
7625
3794
-2808
7395
-8927
-9850
219
-3300
8821
-1117
-9661
8861
-9232
8806
-2683
-242
897
-7140
3536
364
1717
2535
-7501
-7035
-4651
6825
5482
4984
-3275
7402
8814
-1614
-5605
-1575
-5825
5639
3165
7393
6248
6703
1534
-776
174
8314
-3603
2220
-3031
-7441
8349
1650
443
-5763
-2878
7791
-5324
-3861
6389
2354
-2054
8281
5362
-8363
-8458
-3984
2224
6338
-3371
-2101
-8931
2900
2962
-8219
-9987
8256
-8668
-7497
3179
7246
-6675
7014
8640
-8822
-1962
-4719
-5656
-10
5132
6955
-100
2213
-7248
9059
-392
1128
6625
1791
-3151
9535
-932
3329
1899
-4508
-8052
8193
-5172
-4195
3210
-3807
-8231
8630
4742
4574
911
1003
2787
-7035
-360
323
-3220
8746
-6586
6966
-2118
3700
-2340
4927
-1738
4096
-5076
5779
9982
9406
-9565
-5460
8468
-6758
-8599
1569
-7921
8141
-6840
-9462
6702
2251
2731
-2858
2026
6750
-972
-4816
-9886
7159
8648
5575
7285
7473
-1215
-1470
5931
253
-9131
-1143
3520
-6404
795
9903
9131
-1132
5429
-3658
-6010
-6125
2497
3713
-1884
-2891
8678
4360
-4810
1429
1807
6929
4390
8949
-5155
-7610
5543
-1974
275
-831
-5394
-7293
-3698
6110
4531
-5201
7688
-8143
4507
-2958
-2191
-3332
-8417
-5562
9030
-3956
