-3798
-2710
-6005
-3690
6655
-4365
5282
3396
-4762
-1088
-9855
2689
5467
-540
6521
8682
6148
4539
1289
9727
6116
-8745
8638
-6
-7394
-3264
-2536
-5460
-7467
-5065
-4288
-1166
148
5886
-2087
-51
-1326
-8143
7719
5669
-4580
-9762
-3262
6205
7221
2159
-9133
-3332
538
-3332
9888
5505
-3102
-6197
3866
2322
-7830
7541
5661
865
4265
4399
1350
-1047
-1438
-1763
-8368
-3535
5330
-770
8610
5292
4656
-8384
1660
-2829
2336
-6315
-6450
-1909
-9553
-3885
-3605
-1572
5549
-7779
3563
-1713
-1629
9554
3721
6939
-737
9662
-5398
2159
2446
3692
-9080
2177
-2392
-3376
-8387
567
4345
-2303
4766
-4480
-3773
-7532
6192
7223
2264
-474
5228
-8280
4119
8932
-3701
-9420
6132
-5090
-5358
-444
-9155
-8401
-1070
5265
-1953
-1318
-7891
-8212
-8245
3912
-4032
-8750
-7978
2971
-8665
4380
3881
-1749
2947
8388
-5400
7577
-644
-9561
7344
6413
-4428
-3868
6968
-7892
-5522
9921
-6254
-9951
-2102
-1422
-7303
-9029
-1850
-3357
3529
1206
-8169
825
-5094
6249
-2103
-8439
-4996
5277
-812
-3603
-2201
3077
-288
1804
-1242
-5878
3979
4293
-9251
-5469
3788
1249
9216
5229
3031
477
2653
3058
9422
-168
925
6651
-3786
-4814
9276
7718
-9560
-8535
-7073
881
-766
4510
-8872
7291
-1067
5681
-687
8726
7205
3250
1074
-3477
-8515
-7318
6122
1019
6902
8648
-9098
9649
-5853
1625
-4533
672
3017
6976
9100
7555
-6065
3497
8859
-4289
4803
1433
-5415
1033
6006
8168
2259
-6536
-8947
-9751
6162
-4850
5879
3936
7155
9905
-9532
-8791
-2208
8032
-8082
4625
7355
-2755
-537
-2177
-7921
4341
-890
-4113
-7822
2914
3023
5308
-4799
-8884
-9846
107
9477
6941
5579
4374
-1692
-9075
1747
667
-8932
-8351
7182
5545
-1992
8596
1028
2219
7359
4013
705
-655
-1696
4374
-8134
5373
8770
-8490
-6263
-8693
8811
2959
-2583
7152
7330
6952
4904
-1428
-7474
5441
-7165
-6159
-444
5800
-9681
583
8267
-916
-4061
947
5986
-581
-6563
-9198
-6138
-1627
-1324
2587
-1579
7522
9919
-1286
3966
4501
-4400
6760
-2231
3037
-9089
8272
-8924
-2749
-8148
-9864
-6773
-5870
-7622
-2194
-4275
-4663
-110
-3004
5176
-1502
6529
4859
-7638
-8661
-7996
-4531
9257
-2341
-3820
47
777
-2489
-7046
5877
7028
7925
7681
4030
-8005
3902
-2747
-8699
7689
-147
-6262
-8740
6813
8802
-2703
7536
-3412
-9347
6514
4990
6881
5791
-2107
-5062
9318
-5751
6018
7605
6572
9639
7121
1713
-5990
9669
-1904
-667
21
-831
-3856
1585
2277
1178
1653
5611
2073
2127
-9589
-7747
6295
-5408
-8120
8250
-6713
-2689
4202
9994
3786
2884
-2598
8031
-5074
1704
1514
2353
1491
-5819
9173
-2875
9956
-5064
444
9772
3622
-9866
-2282
-9482
-7902
9746
-7918
-2959
-5478
4637
-6074
9093
-3338
-9032
710
8718
7376
3410
-7448
8770
9022
-3809
478
-256
2788
-9158
9930
5051
-4433
5409
2106
-5856
7447
-3196
-9192
7546
-3142
-8509
-8831
6946
331
4315
1916
7409
2047
7030
4873
6380
-6620
7933
-5295
8018
-3398
7944
-3679
-7962
-6239
-8779
4306
-3823
-2720
1646
7259
-5041
9551
-1345
-9281
9117
-138
8457
-4838
2434
-3290
362
-2963
3714
8287
-4615
-9081
-3025
8977
-7226
715
-3038
3969
-4643
-8770
725
-963
-6137
3995
5856
-8681
-3168
-63
-3682
7706
1666
-1898
6886
4276
-2825
1133
-6102
3753
9589
-4825
-8809
7964
-858
5901
8093
4730
-3125
3761
-2257
-606
4810
-9701
-2750
92
-3614
9843
4811
-2246
-9911
3639
7054
-3468
8275
-4317
-7105
-3700
-4252
1816
-1452
2904
-728
8535
-5684
8638
2570
-4690
6350
-5253
7921
8704
6408
-8409
-6364
-7165
-4045
-7241
-514
2258
-1225
3030
5796
897
246
3827
-9956
-9529
-6332
2783
-985
2292
8334
-8148
-9856
8442
6628
-3233
-8819
-4593
8654
-4434
-4511
-7210
2759
-7391
2336
7131
4414
-371
-7418
7941
3784
6678
-4345
-7408
7396
9393
-4541
-6612
-9090
-1052
2200
-1706
6635
-4828
-6607
2940
-2363
-911
5416
-430
-6677
1118
-5536
-1691
7177
-500
7420
6618
8114
2937
4387
-5819
9209
6936
6994
-9156
968
-70
-7897
6566
6025
-5529
8831
-8624
3776
5624
2426
-8416
8204
-1824
-8397
-1589
7892
-1392
-163
7281
3157
-947
4493
-9498
3220
-6760
-1138
9594
714
-6368
-6531
3451
-4872
1679
7226
-8624
6375
-7108
-1922
6620
-4211
-9674
2274
4749
-4880
707
-617
-2818
-2300
415
8725
-4135
-4487
-6022
1759
-3444
597
9524
7788
4489
8303
-474
-6057
4118
-8428
8546
7854
857
-5324
-8471
-5717
7424
9483
1427
-2795
5537
-7582
712
-2492
759
-1927
7215
-275
3388
-2561
-4883
-3778
-6701
9040
-9380
-7723
3941
5327
3904
3328
-6402
7632
9179
-3496
-8772
7448
-6504
7398
-5175
4521
7322
-6976
8530
9095
2625
-9312
2730
7737
-4177
-8724
6668
8131
7594
-6793
-1278
5601
711
1566
1514
-5849
1422
-8907
-7119
-2766
3222
-2725
4068
6410
5534
-1191
-9092
9900
3718
-5976
2693
-4338
8369
-4982
9097
-460
-8847
-3448
9898
-8112
9376
-8680
9749
7210
-750
-1958
9368
3534
-4321
5838
-5588
4263
2833
6789
6284
-7058
9401
-5797
1429
3419
-285
-1375
-1873
-3479
9396
-5083
1162
-9241
-6330
-6728
-892
-6160
-694
-549
5113
5191
8708
3293
3035
-471
-5188
-7813
2504
2638
-2382
4989
5355
8341
-7776
4843
-1093
556
3433
8999
-588
4118
7048
-8627
-2923
4568
-6241
-5456
1087
-171
-7003
-6737
7488
-3862
-7380
8065
-3387
7010
-8693
1849
334
-8509
-9628
-1001
-2656
-3448
728
8914
-7625
-2952
-3686
7754
-2241
5303
-7355
-9674
-111
-1995
8221
3644
-8245
-4491
-2371
6510
9461
-9682
9967
9336
-4680
6077
-4524
92
-1604
-5791
-5164
9384
-1480
8299
6499
4921
-1659
-6868
-3605
-9389
6781
951
-6240
499
-6961
7888
5615
6104
-4626
3455
8216
-8429
9544
-9966
786
4847
8594
4847
-4204
1106
-2470
-2299
-1877
2507
1720
1651
8357
-5081
-4386
-6375
-889
8693
-8347
-1881
4772
8165
-3422
-5110
9523
2228
-8218
-9999
357
6234
989
372
-2830
-812
5975
-8623
-4799
-3515
-5634
2488
-4101
7123
-5779
6425
2337
-6287
6391
5622
5277
-9245
9457
2657
1329
9294
-8293
3671
-4383
-6183
6507
-1792
-5341
-1527
8087
2417
-3901
5587
8024
6192
4724
-1731
-529
9269
-9349
4185
8053
5989
1244
-49
3770
-5344
8289
3389
5005
-5380
9140
-2642
5152
2664
4755
7305
-1799
5795
6813
3825
-7079
2351
6751
-1048
4675
-3106
7638
-4885
8149
2338
5375
6300
-5364
-1183
-111
-7800
5365
-2942
7674
-5187
3294
9564
3711
6676
-4757
8997
-6895
-9667
-4317
6358
-4631
-4861
-191
9786
6961
-8054
-2184
3646
-7918
6527
7642
7315
-2693
-2363
-7137
-8486
-373
5536
-7197
-5538
4718
-5031
2806
7421
-354
3535
442
2836
-3560
-170
841
910
-582
-6422
-1933
-3964
7416
-537
2258
-4419
-1442
-3715
6444
-4345
8775
5351
-6886
3420
3648
9933
5292
-6197
2803
-4551
6251
-179
-6920
6060
-7870
2313
-7625
8855
9815
-8710
-5165
6710
8982
-3318
-7580
-3318
-6070
1381
-1776
5656
8609
7610
8964
7961
6811
8505
4751
-5779
-9020
-731
-6623
-5530
-6992
-2733
9162
-8181
-7472
-3285
-5524
-5811
-4783
-5787
4520
2147
-8380
-663
4048
-935
8691
4504
-8457
-7583
9191
-1512
-4545
-8082
5443
-8273
-900
-7842
8425
-5896
6799
9934
6271
2723
4687
7733
-5192
9231
3875
-6544
3419
5870
-2844
5009
-4448
-9810
-8594
-3145
-338
-2271
2779
-5422
-5658
9277
-6835
-1791
-3220
-6449
9105
-274
-1813
-5110
-7817
1301
624
-9192
-3327
-9078
4155
2501
-8417
-4223
-2106
-3204
9295
176
-3870
-7317
-9797
510
-297
2316
-3463
-6556
615
1904
7004
5594
-7984
4478
-5418
781
-2163
-8173
-527
3262
4680
-240
523
-7840
-6034
4688
7588
3675
-1624
1866
-4631
-765
6745
7267
1825
-8551
7747
9615
-3742
-3096
6275
-452
8833
2613
-9037
7706
9229
3735
-455
1399
5526
6840
2795
-9349
-6251
6899
-8339
593
3227
863
8654
2395
-7253
1817
-9008
-1420
-2264
859
-5743
1754
232
7684
-2465
1563
-6774
5861
-1504
-4358
8108
2019
-1149
9867
625
-5360
-262
-8220
-8280
627
6960
-6047
1796
78
-5088
4296
7412
4302
5035
-7423
-984
9505
5082
1436
-1007
-8389
9742
-5229
6887
137
5008
-744
6236
-2327
-4396
-4828
-3371
7374
-9873
5520
1427
-7392
-6995
407
6214
-1849
-6367
-6364
-2262
-4218
-1445
3396
3575
4491
1920
8029
5813
-188
9608
8735
-7138
-9729
-2824
132
3465
-490
-1985
-7608
7248
826
-7410
6125
-8725
-4068
3110
-2185
-7278
-8427
-5717
-7703
6719
-3796
9004
1152
-1922
-5451
449
-37
8861
-5721
7011
-7025
-6057
-8941
-2329
-1885
-4217
-1726
-4745
-1334
-4045
915
4322
3425
8970
7130
-2744
3915
9092
2479
-146
-5567
9172
-5432
-2807
8716
-9783
-8169
5726
-8580
-4860
-4871
2447
-5825
6374
-7498
4439
-8225
-3374
7965
6317
-1628
9571
9189
-9411
-3995
2011
5572
2090
8933
-9882
-8159
-4370
-2890
-5886
3258
3244
-3417
-8038
6030
4052
-5617
4655
-2402
50
4419
-3509
-3333
-2176
8286
6802
-7236
-6112
6183
-1614
-3023
-7901
4108
2327
-4312
-9266
2231
-7395
582
-933
9721
-8992
-1693
140
-8072
1358
-9867
-2868
-9346
9970
-9445
-2641
-459
-6603
2845
-339
5119
-4584
-4213
-4432
1033
8411
3474
482
2804
-3617
587
-6947
5426
7206
-9543
7218
-9118
-4386
-4034
-8014
-2894
7331
2565
-5395
3657
8449
-576
5767
-2594
-190
697
5141
-4866
-4589
2669
-745
-1503
-277
-9661
3806
6207
-4223
7602
-9414
5099
873
6623
-8364
1385
-8936
2225
1555
-7352
-7823
7469
-2001
-5524
-2910
-4851
6883
2131
-4078
-5550
925
3752
2565
7772
-2797
-9511
-8299
-3459
5662
2236
8476
1452
-8346
-8807
-221
5445
-2525
5352
9603
-778
-6362
7590
-2657
8148
5107
2293
-9515
-1101
-8324
9012
5227
9639
1992
-4397
6233
5122
-6049
337
-9785
3608
-1068
-1506
9603
6042
-8894
386
-2562
8362
-5052
2475
-5674
-8442
9127
-3261
6764
-3615
-2067
-7615
-9255
6819
-4729
6037
-9924
-1667
9095
376
3719
-9498
8390
-2605
8969
-1161
9991
-9101
8975
-3787
-1182
8052
8582
-4746
-352
6680
-6046
1476
-866
-8756
-1021
5681
22
-7002
6522
2532
-6485
-4678
17
2281
-6385
5218
293
-4334
-4388
7182
8650
-4002
8293
6248
-209
8567
-1511
-476
-6258
-4672
-447
-8894
2827
-2175
-9773
7681
714
8985
1791
4110
-7533
7066
-6526
-3281
7386
162
-6713
5067
-6356
-5030
353
-2931
-9608
-9810
2337
9219
1565
724
-737
4727
-9755
-8467
2581
1473
-6991
5039
-4392
6225
-2433
-5749
2120
-4160
1806
740
7781
5769
8068
-6345
-6107
-7255
1774
-3407
-4892
-8947
4103
-7784
-4131
-2626
-8641
-7622
1035
-6676
-4856
7644
-3287
9674
-9939
-6766
1398
677
8379
-2298
3860
-2135
-4134
68
-9140
1267
-806
-7291
-9058
9909
-1775
6891
-2994
-6608
-1908
3896
-825
-8463
-228
3136
-8718
-9045
4583
346
-9032
-7316
3980
1049
-2186
-1724
4835
5415
3679
1287
-4164
-8646
5537
9380
9284
2402
8378
9634
4325
379
581
1278
-2465
-6659
4922
1544
-8065
-337
-7138
4091
-5116
-1559
4150
-5977
9934
-2900
9828
-1759
6369
-1052
-5815
-221
7194
-4560
7720
9760
-8221
7664
181
5539
-2360
4968
6387
112
-9468
8445
2240
9043
-6144
2800
9646
9317
-9680
3777
3874
-8801
8295
6456
-6665
-2022
-3980
761
2011
1288
8796
-1920
-2925
7496
-8197
-7203
8351
-7974
-6361
3336
4858
3651
6363
-2094
-2054
15
7583
-7572
-8370
-5199
-1250
-7212
4078
-1925
397
2816
-8707
-8198
6250
-9660
-4093
-8879
8677
-9331
9343
-8216
3938
898
-9875
4077
714
-6183
9345
-5940
-2043
5453
956
-2100
-3406
-5820
5759
-1548
-3197
4044
555
-4254
-2995
580
-7598
9940
-2607
-8081
9547
-8319
-639
2271
-7774
-2538
-7819
-6439
-8981
7442
-1544
5648
-5545
-863
4745
9940
4812
-4212
-3122
404
254
7011
-9469
-1219
3099
-9656
4954
994
-2924
10000
6089
6774
-6992
6670
-4965
-4226
-1230
1222
2744
-2133
9256
-9587
7207
-9192
-1602
8494
8320
-8397
230
-1805
-352
-968
2002
5566
4849
2000
-4240
-166
-2083
-3043
-6521
-3368
-8311
-3531
1031
-5813
-5071
528
-2432
8753
-7875
7770
-1967
-2088
-7099
5934
5062
4235
-1168
3911
8040
575
-6431
771
-2561
6575
-1729
-9879
-2253
9823
2300
-5841
-2565
945
5012
-9364
-9634
-182
4130
4747
9072
-2824
3267
58
4773
600
6452
-1064
7181
-3777
844
6776
3525
-5507
-1814
2384
9656
5603
-2165
4089
6813
2124
-5746
-6996
6454
-9905
909
3054
-4631
-4518
3111
8851
5123
-6094
4103
9183
-4777
-8303
-8786
-296
-872
7261
-5285
7326
4034
6846
-8355
8977
-674
5686
5503
-2766
-4161
-285
-2099
6235
7819
-8541
-9710
9449
364
-273
-9182
8127
2409
2256
9782
7086
-8988
3226
-1078
-8309
2216
7432
5639
5143
-1588
-586
3185
6343
-8817
-1267
840
6477
-6248
-8638
6813
8445
-7406
2614
3587
-5533
4291
-2109
-9913
2671
-3291
-5378
4772
4199
4389
7261
7862
9895
6499
3113
8299
8102
-4071
4612
4642
2323
-6685
5296
9141
5715
9322
-6031
-3459
-638
6740
-5651
9039
7335
6544
6566
-7700
4390
1668
275
-6133
-8342
-9096
626
2281
6849
-5475
-5148
-1354
-9060
-1217
9380
175
-1049
3073
7807
-1737
-2078
-7644
3656
6032
7524
-623
-5075
9191
-8136
1555
1988
2347
9918
7581
7783
-5325
5284
-5059
8510
3810
-7788
-6330
-4925
7289
3541
3738
8900
6326
-1707
-5421
3067
-3313
5730
1115
-9685
3421
-3243
-7684
-9979
-782
-9081
-6211
-7027
5854
2049
-8892
-6392
-1574
-2419
-6876
1161
-3519
-6074
8252
1482
3141
9268
-9007
2267
-6036
-3397
-4529
1445
-3683
-8831
-3395
5805
7438
-1594
-1216
-7454
2151
-3006
-8001
6854
-8487
6775
6976
8597
-5949
-2415
5710
7661
-8073
9169
6637
1485
-1747
9641
-2152
-9715
-661
-9870
-1804
2658
-9719
-142
8917
-8226
9207
9313
9689
4352
9684
-6232
-7409
1680
-2291
-3588
-2592
4709
-9961
-3175
569
-1804
-8281
-8701
-9356
1207
-3577
6157
-2711
-8937
-5271
-7491
4182
4656
8427
5269
6657
4224
-6591
-546
2544
-2512
2381
-1
1062
-1380
7471
-2666
-6648
-415
6347
-6102
-2766
5334
2227
-4537
6506
-3440
-8928
4908
-6986
-1564
-1976
4669
-4714
2247
-3726
54
7561
1761
6609
498
-9432
-4263
5587
-7513
-2633
-8632
-93
-4553
-9259
5758
625
973
-5933
4547
3328
8729
6851
-8433
3821
1991
-4910
-925
3962
-7487
-5371
7878
4605
-3139
-3177
-7132
6354
5530
7685
-5902
2506
-6221
-5557
8022
8855
5210
5121
7911
7642
2545
-9223
3353
-684
6197
-3502
8346
-5765
2943
6127
-4700
-8412
1020
4713
-2547
-7808
3668
-2980
-2283
-2447
-9520
3773
4479
6944
-1720
-8602
4007
9373
920
837
344
-8660
5769
9301
-7264
-5385
-3483
2678
9674
8081
6160
-6193
-4668
3807
-9322
9417
-9343
-7735
-8957
-3508
9688
-5288
5022
2305
5949
-7494
-4306
9692
9798
9046
-8216
-8535
-3087
9092
-1639
-3303
569
-9763
-9515
3443
7883
6265
-7366
-999
2597
7025
3424
-9962
-305
-3945
6385
5361
6722
1800
1941
8181
9105
-4399
5637
-1818
586
3348
6708
2491
5265
-3916
-2051
-9911
3505
5818
1640
1293
-5942
470
-6162
-4185
-3473
8843
9422
-8302
4603
-6501
-3402
1397
-1155
7050
-4359
-9132
-7593
-7310
5751
-1938
3356
1076
-9438
-6797
6993
7201
-9435
4126
-7824
-8279
-1432
-1096
-2453
8910
541
8371
-9473
-7601
-9630
-8223
-6902
-5477
4063
8950
5458
8956
8093
5751
8623
-9322
-6060
-4212
-8092
4465
3393
-4144
6746
4056
-1207
3663
-4977
4563
-1889
4570
4598
-8744
7471
-680
-9421
2499
-7432
-934
6995
3891
-3085
4978
3302
7066
6428
-1308
7048
-1590
-9200
9603
-4896
-7513
6533
-6959
6267
8962
-9251
-8260
-3573
4328
-5247
6882
8638
2027
-3745
-1334
4138
-3936
1584
7590
-8884
-8444
-5916
-8095
6668
-537
8014
-1033
6254
5438
2825
-8099
46
-6164
575
-368
7968
-3355
-3933
6685
-9820
-2344
6555
-1179
6695
4519
-8284
-4044
-2485
9122
-1439
-289
-5141
1482
1686
1900
-9759
3690
-7831
-4667
-8634
-1471
5287
7418
4887
7671
-7658
7241
-4463
-2992
-3506
490
3537
-3442
-3530
-2409
2602
-6131
1906
-3719
7761
-9137
-5403
9093
3100
2974
-7069
-5464
4945
-8955
-1320
-6924
9798
6226
-3383
-2727
9441
308
9234
-9811
4121
-3546
4792
1619
-4702
646
9386
-284
3424
-4889
-9189
-5618
-561
-6524
297
172
-5477
7764
3701
4301
2426
6778
7252
2112
-275
-5042
-755
-2951
-9126
-3528
-3748
7417
-4501
-1832
-7091
-3412
2503
8945
2650
6478
2471
-5956
2301
-4962
-6155
6550
5497
-1154
2938
8207
-9172
-8712
9936
1537
-8454
2507
-9445
5058
4696
-5836
8800
2959
-6713
8790
8083
7918
6728
1439
-4134
-784
-9660
-3537
1176
6615
6331
4299
-914
9275
7989
-3271
3855
-7847
7277
3776
-7431
1303
3463
5227
-468
-4324
-4919
-5581
3836
-757
3126
-2325
8767
8487
-7177
-1823
4362
-288
9145
-8141
2798
6939
6325
7100
-4646
-5067
7317
-5740
-1515
2023
6534
4377
-2299
-4589
4196
-9927
-1950
2063
-7626
-995
6554
-9980
2808
-4621
-9094
7783
4824
4497
-372
6716
-1729
3748
-2641
8438
7342
-2501
7861
8609
8244
-6654
4403
-4151
-8782
-7258
7827
-2396
6799
-3889
-9916
6558
9625
5978
-5513
-1965
6729
-9177
-3151
-3670
-1834
6537
-5782
-4752
-2303
-2557
2635
-7137
-5939
-1574
1044
7754
-3097
9753
-6226
9790
832
-8061
5023
-9118
3048
7647
4236
9163
4044
50
8350
8181
-9585
724
-1164
-4861
4278
-5777
-224
-9934
9312
-7670
-3218
3004
1305
-4740
1477
6799
7096
9921
-4641
385
-3162
9703
-6061
-1962
7635
-7266
5560
-4773
-9199
9581
3048
5526
-8235
-6834
3338
-4048
8903
-6539
8372
8818
7989
3646
-4152
1694
9301
-5594
6947
5006
1414
5356
-688
7768
-6222
-6487
-6603
7242
-729
2242
5622
1744
5162
-6169
922
7463
2011
-9633
377
-26
1781
6972
3294
6864
-5914
3359
5392
835
9559
6308
7651
-273
3580
5552
-7489
7058
8967
-4351
-8246
-9621
-2989
773
-5444
-4037
8058
4658
-6592
-3734
1512
-7070
-9870
6407
158
-2521
-1152
-8432
5991
5252
2995
4922
-6027
-9833
3733
-3996
7640
-3287
-2657
-6929
-3688
-2781
-4379
-9698
6427
-9243
8648
2440
-4623
-8404
6690
-903
7281
-9976
6283
9819
1190
3925
-2841
-9289
-4671
-6099
8238
5823
8692
2288
-4245
6704
6019
1177
-6399
-8794
-5427
9280
1065
-8019
1608
6297
-1476
-7546
-4290
-8074
2234
7316
-1704
-7915
-6519
-4475
6199
-571
6551
9451
-159
-1420
-2890
9060
-5392
-3530
678
4843
1178
-1363
-3694
-8196
2468
6017
-3967
2296
6160
3363
2429
7010
546
-2828
-3205
748
-7841
-3872
-858
1338
-1360
-3755
6996
2179
7695
8777
3887
-4294
177
-3074
-1560
-3205
2650
2073
5411
8962
4044
8566
2894
6119
-6305
6948
-1817
6471
3850
-8310
9633
2910
5471
2387
-8886
9576
-6257
-775
-4731
-3824
-1986
5974
-3686
-3299
-5633
5062
-5482
-3235
8874
461
7018
-4010
-84
2541
-5859
6465
2652
1036
-5480
9406
-9535
-7658
-5977
4687
5123
-9966
3926
-969
-5118
4036
-1253
1337
2401
-786
4050
3356
-134
-3728
7869
1919
2675
3186
-8308
-4304
9867
2619
-9710
-6472
9109
-939
-9067
7090
-4857
2308
6171
-8209
3368
4166
6334
-1035
9189
-5018
-2577
-3706
-8886
-3107
78
-3529
1842
-2317
7692
1169
360
2341
-9257
9711
-2938
5940
-4208
6017
2609
-2443
-1181
-356
8023
9621
7029
2375
-8468
-9954
7394
2430
7999
-3325
-8985
3409
1254
3525
-9804
291
-1083
6601
-4798
-2889
3227
-9990
-1550
-3468
33
-1138
315
-3582
-1121
-806
8460
-4537
3376
2235
-6518
-1743
3507
-8378
8085
-5942
-745
-1026
-68
8950
1652
-8882
-1197
5782
-7658
-8259
5103
8251
-591
-6843
-3824
-4543
7153
-98
114
4040
-317
-523
-5316
-3826
-6631
7704
3779
-9649
7017
-8148
8345
-260
-8452
-6744
-1609
-7061
6689
-5598
-54
7639
-1940
9135
-1581
721
-5080
-4550
-2117
8713
-9242
3884
4627
1524
-3823
334
-6273
-1367
-1795
7601
5282
-8085
-3410
-5445
-4028
-7808
-2609
647
-9401
-4855
-9576
9192
9585
1993
-2845
6259
-3640
-4028
6403
-270
7460
-4106
1273
805
-2810
-8467
9087
8124
2437
13
3899
-6641
-5184
-4286
7314
-7190
-6844
1980
-1845
-6790
5700
-718
-9408
-2662
5492
4600
6639
6727
2959
1338
9933
997
-3175
5399
1307
-6363
-6692
-2586
-5786
6999
6095
-4064
9571
-4015
-8730
9886
2302
-929
8122
8095
-991
-5719
-7357
-8743
-5199
-3008
3556
8604
8404
-5179
9538
-2564
8392
-4685
5274
-3457
400
7044
-8937
5621
4330
-2368
-7402
814
7494
8790
-4942
-305
7729
6544
3057
7152
-9237
5816
-338
5882
4116
-878
3577
-1131
-631
-2657
-1055
6994
1322
-607
-2388
799
-2043
834
5688
-2987
-5018
8529
1054
-9514
1909
-8103
9661
9690
6352
-2732
-3968
6487
6596
-1244
4474
667
-4390
4021
-170
3895
7150
-3438
-633
2349
-6121
9049
-509
2981
-7984
7603
2248
1541
-9031
-3626
-9557
3537
2888
-2809
-929
4542
767
-1156
-582
7022
-3164
-3249
-1437
-5534
1341
3027
1873
5680
9616
4094
5293
333
-8805
64
1043
4946
-6735
4265
-9506
-3547
7070
4099
-9473
-1620
-2632
3619
7414
-9167
-75
9309
-4639
5471
-3680
-6560
-8576
8421
-9032
9521
7404
-5342
7764
-7143
-6567
-8191
-764
-3188
-3301
6533
182
7331
9428
7677
6953
-3120
-6441
300
8681
-9749
-7372
7791
8234
-8798
-2137
5583
8802
-8753
-9521
-9949
-8899
-2686
8315
-8549
-1824
4527
437
-8833
-9751
834
9389
-93
-2887
-4203
-7300
1798
-1501
8327
-1793
4950
2441
-1482
-4690
-734
-3847
456
-5836
5992
5973
-755
9628
9729
939
3521
-6597
873
-862
8018
1332
-2955
-5118
-3459
-5924
7126
-2838
-2383
-5917
-6135
9597
8390
-8496
9459
9565
2221
6462
3977
8074
-3468
1100
294
5767
-5043
6164
9128
786
8005
-5891
2847
7919
-3880
-3043
2289
4593
-9240
9886
4776
-4807
-296
-5687
-5279
7498
-7536
1423
-6914
-7173
2650
4048
-1115
2747
5809
-7364
9930
-7538
7396
-565
8008
5331
3607
6020
-9885
-7612
4238
-8476
-6204
-913
-6349
5016
-8703
-6438
-4469
5293
-6775
3879
4530
2725
-3621
-4211
4678
2095
8364
-9942
9385
1869
-3158
-8332
-2313
-7290
762
-8740
1067
-2415
2069
-935
3227
-8407
-5054
6940
-6831
-9187
7643
4005
246
-9011
-380
-5050
-1501
-9505
-7962
7129
4700
-2047
6810
-1815
6247
8404
4032
6289
-1349
4691
-8994
3183
-4566
-4751
-4005
-6651
-3274
761
-1974
3708
903
-3947
-3040
1584
-5084
-5310
-7605
-1499
6768
1627
-77
9200
4203
-1613
-6327
1486
5808
-9235
7586
-7577
-5907
6040
-6585
-9659
8234
-609
-2021
-1294
-1464
9224
-4498
-5327
-8986
-8110
-9890
5803
4832
-5886
-2764
4323
1572
-1274
1478
-4802
2181
6280
8388
6882
-1956
-3203
1133
7549
-7704
4622
-7075
1773
-6123
899
706
6262
-8504
7394
7901
-9667
-7049
1674
676
9788
-2638
6186
9926
-8443
-4371
4298
953
-7390
1807
2321
6034
-6421
-5779
4849
-9876
5715
233
9875
-6051
8336
-9217
-7516
-1240
5972
9142
-3894
7251
6308
2584
-5118
-8699
-6213
-8947
6013
4031
-265
4004
-7999
-1630
-2826
-1545
-3154
-3061
-1864
-2239
-1152
-4639
205
-3610
-7228
-5935
3455
4315
-8617
6825
184
-6030
3608
8675
-6897
9523
-8668
8023
707
-6727
8480
9867
3145
2632
8568
6359
-8347
-4662
9469
-8633
-8368
-2920
-7298
974
1289
-8617
-8530
5530
1588
-3422
-4323
2149
138
-695
3688
3055
4342
-4161
6104
-1831
-4102
-6847
-1076
-9798
-4998
-6752
3416
-3056
-8586
2981
-3556
9183
-3497
-3836
1307
2860
-3981
-7735
5042
-1761
8212
-5921
8996
6212
4346
5521
8831
-1838
3769
-4196
7508
1964
4489
-3507
8632
1944
3290
2073
-2291
4694
9173
-7458
2121
-7045
3582
-4023
-3391
-7217
-1545
1639
2580
683
-3435
6914
6398
-7370
-1494
3393
-7808
3019
-5925
7111
-3322
-1146
2848
-7746
6140
-9143
-1474
-4600
5554
9216
6249
7395
9954
-3389
-6644
5409
7023
-8336
7752
3195
2478
9915
3098
9615
-3060
-8408
3466
-4046
3324
-3376
-40
-1226
3211
-7480
4271
-7816
-8393
-8798
-5292
6968
8384
2592
-5301
6583
4753
-5932
-1710
-5641
3636
5465
-7417
-993
-4568
2909
-9348
-4958
7866
5888
-3294
2648
-3032
-8448
-5412
2156
6029
8612
-9454
6319
970
8300
-7172
837
-8784
-3084
-918
3234
-4369
4966
7563
1443
-8210
2557
9409
1574
8169
4389
2391
8671
-268
6566
-4571
-7041
2677
2658
-6479
-5889
6367
-474
-1137
-85
628
5990
-2374
3453
-4584
6844
1499
-9163
9167
-3019
9053
-1995
-9429
6535
5395
6649
757
-1532
-1204
-8689
6844
-8472
-3990
-2769
7855
-7322
-4831
-9205
2838
2987
768
-1688
7019
8000
-6341
-3896
-7558
9867
5037
2760
-8127
4205
8491
5622
801
2577
-2402
184
289
5792
-5603
-5142
5133
-2773
-9596
-4054
-1572
-3369
1006
4515
-6883
4551
-1754
-9746
1959
7127
-163
-273
-1928
-3899
3870
-3020
4647
6675
-5147
-682
-1532
-914
4758
-6343
-7106
6203
7672
-7932
7930
-146
1846
-789
7981
2787
-6827
-9437
8003
3588
8406
9710
-7681
-5817
3980
8131
-8421
7069
8091
-7747
372
8624
3492
8050
7135
-6902
7202
4557
-5858
6885
2148
-8881
-46
-3415
-949
8769
8492
8933
2574
2843
5269
7543
6346
-4879
-574
-7513
-4654
-3029
6743
4290
-2168
-2555
-5312
-6431
-2030
6153
7046
-2693
-6578
1150
4826
-2974
6483
1875
4262
9238
1945
4064
-9454
-309
-8776
-6413
-970
-9327
-2344
1468
-9806
-6379
-6199
-3543
7417
-8874
3985
-514
-1115
1483
5552
-1079
-157
6305
-222
-5443
-4176
8278
3320
-6341
-845
-3217
7886
2256
-5986
-4734
-6002
3024
8479
6781
-697
-4773
-5150
-6923
5575
5981
5549
-2646
-5700
-8766
3661
3819
-3524
-6584
4175
7447
-9669
-6015
2451
-8553
811
5157
5285
-8558
-7194
8677
-9322
339
-871
-9893
-1466
8270
3732
-7277
5854
6698
8123
-7982
-5596
-1388
-9587
590
7934
-9013
-8940
4814
3494
-2783
2125
-8232
5988
5392
8902
-8227
1194
-469
-7022
3038
3463
3285
483
3615
-2272
9586
-7404
-3105
-8265
-8972
-5104
9926
-1010
-6465
2567
8450
-7308
-9140
-1131
-3061
5963
7960
5393
-4650
-3460
5448
-1581
8245
7304
-1375
5076
8439
-2908
1426
-5655
-7555
4165
2423
-9249
438
9323
-7769
7435
-6881
3822
-4969
-448
4224
-2677
-8521
584
890
-1330
-6518
8442
6323
9134
1723
4909
5467
-1993
-6052
-3035
-5684
-7537
656
-7294
8792
-7073
-582
-5987
-3042
-7304
1908
1381
5543
-5853
9516
890
-943
88
-97
-9017
-6205
8126
8015
-8635
3194
-6455
5525
1115
-9043
-813
-9484
242
-8279
9552
-156
5567
-7642
8650
-1123
8088
-5632
8808
-8452
-6557
-1014
6195
3668
1773
2473
4825
-3548
-9753
2320
-861
-9871
1970
-970
5839
588
2853
-6570
4045
5094
193
-4737
3853
2160
-6730
-6437
-3255
-6974
656
-1656
-9504
-8393
3763
-8042
-4645
-8820
-2662
3974
918
3062
2706
-3507
-9105
-9121
-1536
-6879
199
-670
-4858
-3264
9205
5181
1550
-4838
7244
6661
-3328
8685
-8826
-4075
-8039
-2082
-8322
-2416
-9980
-3422
-4466
2279
-5408
-3700
-4438
6792
6246
6233
9011
1483
6080
-1131
3701
2824
-6929
-1357
-5898
-1554
-5254
3643
291
5073
5420
-607
2616
-5962
4666
-3377
-1687
699
6272
-9324
4636
-1463
644
-7501
3630
-3060
-4647
-4492
5671
-1608
-9203
2926
9446
-535
9099
1566
-2135
-2897
9047
-4949
-9261
4372
-8276
3523
5948
1345
-3718
468
4205
-6861
7612
-3487
-7957
-9937
3272
8738
-4232
8266
-1321
1555
-3113
2932
-2243
-1837
6422
-1809
-7916
-4291
1656
-2708
-1082
-8196
3320
-475
3099
-8210
-8338
8083
-1531
7963
-3160
-1753
-5262
9536
2352
7491
3379
5777
2634
-5955
8423
-5944
-9667
-6960
-1062
-2012
-9608
-1206
3193
6959
-9827
-1431
9771
1876
708
-8206
-8493
-1424
-1048
5403
-699
-6187
-2424
-3028
-589
-4176
-1166
9814
-2941
7632
-9792
-5733
1790
-43
103
5677
1969
-2164
7028
-4192
3850
-271
-516
-4155
9633
-2563
8401
-8434
4285
6238
-8247
7168
-4297
-1973
4880
7951
-9428
-780
-237
-5110
-4206
6668
-356
9255
8226
-2938
83
-908
-7421
-5724
-9177
415
1292
9715
1044
-7642
5633
903
-8720
8902
8067
-4010
-3575
-3747
7888
9277
-7884
-3414
-6573
1161
-3787
-4619
-2812
-2064
5485
-2470
1130
-2575
750
-1738
3985
6845
6649
-4979
8302
9625
2058
-9077
471
-8041
-2067
-105
420
5793
2417
9570
-6704
-295
3724
-5580
-3853
-1351
4670
7854
-8944
9592
1117
-2188
3170
6016
887
-2272
-7276
-9776
3365
4051
-6550
-8896
1560
2688
-2032
-2523
-2342
7095
-4255
9104
-1060
2597
-117
-686
4894
3041
4095
8074
-1487
-2546
-5012
-9967
-9313
-3374
3890
6485
-59
-4047
7800
-541
5422
6455
-8212
-9156
1909
-5408
-5018
9288
7356
1232
-5684
-552
8120
-9712
-7531
3683
2719
1466
-3013
-9702
-3576
4358
-3892
-7198
7197
8852
4264
4187
-8374
-4717
4059
-3581
-4547
-10
-2499
1984
-3130
-7745
8240
-9013
-1417
-2613
7371
6855
1421
-1669
-7098
-9787
4205
-7871
-909
4995
648
5981
9684
5030
9578
-6615
-2024
-9126
9472
-8197
-5654
7971
-8857
-338
-1333
-3031
7894
892
-9980
-268
-9223
3409
-5818
1038
6764
6247
-9568
8903
-2091
2306
452
4697
-8599
3904
-2500
-8141
-5673
-7278
355
-9265
-2762
-6817
-2180
5826
5276
-3523
9782
-2344
90
6090
1432
-4041
-9491
2404
-4647
8946
6697
4984
-4648
-6133
-9669
7325
381
2237
9071
-7430
4130
6544
534
3901
-6258
6913
-7228
-7942
-4176
-92
-5030
-6490
-9882
1708
6934
328
-7913
-6653
-981
7053
-4514
41
-2143
8231
6556
-1693
-552
-5540
4995
-4538
4441
-3180
540
-6021
2596
9281
9991
1968
9913
-861
-6948
-3632
-4330
8762
7197
-6806
5748
4404
-7343
-3528
6566
4773
7558
-7653
820
182
-5914
-182
3645
-6664
-5730
-3192
9743
5100
-5185
7901
6361
-5227
-4325
-8301
-611
6666
878
9775
-1352
-5880
-7989
164
9088
585
1060
5241
-5090
-3968
4531
-753
-5471
2356
-4316
-7686
-1199
-3186
883
4692
-2924
-5399
-6850
9726
4994
-5215
-8806
-7816
-8523
7565
-9699
384
-309
-5885
-5819
3023
6384
-9000
-7230
8668
-8860
-751
1465
-8174
-9830
-2772
8052
-6835
1740
-2521
-4546
-4095
-3033
-5631
-9518
-9120
7340
7917
7257
-1744
9070
2841
-3554
-2630
-2324
-9305
-1421
-8694
8826
-9837
-8793
-560
7136
-528
-455
-1856
-1921
9716
-7425
233
-4662
9094
1539
1833
2357
-3425
8649
-411
-7574
-1177
1497
-4079
3683
257
-9279
8303
-5449
-2326
6290
3298
-1914
-3689
-4037
-4105
-8850
-8400
-5438
-1463
-2384
2462
2616
2040
1121
6925
-1217
2973
-9839
8996
2830
3307
3823
5264
2126
3811
6538
640
4662
-6239
-4447
5258
6163
-5918
6499
6764
-4919
-7373
-1495
