5280
-4695
-3659
-3604
4195
975
5440
-7880
-8933
-9167
7114
-7016
3534
-120
-6857
9966
5079
2177
9604
883
-9610
-2061
9095
-2315
-2559
-3408
3175
6134
-4283
525
-153
-4353
-3236
-3949
4550
-8949
-6868
-9949
-2044
-8009
5890
-3330
4733
5102
7410
-3991
-2753
2985
-2931
4230
5967
-5668
-133
-1488
6774
-4491
3771
4610
-9720
1051
-5398
8124
-6537
3845
5831
8047
-1067
-8023
-4116
9270
27
2379
-731
-5641
1714
3879
4151
-562
9395
519
8637
-7137
-1521
-8481
4613
4972
-850
-1289
-5631
-6212
-325
-5335
-2523
-2020
8751
-7655
-8987
6289
6070
-7906
-3832
2728
-796
5470
-9321
-9952
-1892
172
-7252
-4241
-5344
1069
5190
1623
8216
-8804
-1110
2100
9309
538
-5706
-2061
-6499
9821
-3206
-6735
-1472
-4730
8995
-8427
-8081
-7604
-8624
-8684
5646
-6081
-4672
-9707
5069
9794
8256
-7098
5609
2537
-8055
-8081
-5496
5946
-9585
-3377
-3857
7420
8062
-4784
7790
-4280
7815
2335
-7709
-9920
9531
-6600
-1501
2361
3322
7782
1019
-7637
2284
3829
5693
6232
691
9165
-897
-2450
5694
1503
3229
-6243
-6373
986
-1641
4223
-7064
775
-190
-6255
5033
-2193
5601
3041
8917
-8055
-1367
6952
-8435
66
8863
4863
-4188
458
-3905
-9969
-7718
-2012
-7049
6214
4237
-8046
-2482
6505
-6427
-6090
-26
-6261
-7232
6727
-9170
-4663
2727
5902
1794
-5054
-9421
3449
-3027
-691
-2538
-1810
5096
-9780
-2120
-4762
7989
21
-2717
-5783
-3616
6337
-6272
3670
1664
6553
-9044
-7368
-421
-2176
7542
-3583
-8486
7485
5269
-6533
-1407
-2306
2688
3808
-8634
5669
-7082
-9970
3479
-9510
-4341
6463
-7924
-1255
-9752
8565
-4387
-9853
4502
-1529
8937
4139
3558
3847
2019
8397
-8261
-9807
2154
9627
-9582
-8085
5068
-1590
-5782
8686
7999
831
-5047
5418
-4591
-1661
5866
8069
-8528
-3371
-5652
7808
-8473
9637
285
5555
7687
-8661
5944
-3101
7115
5124
6382
-547
-5200
-9309
5484
-4743
1507
-6004
-3793
260
-3707
6074
2907
4649
-3327
2785
9274
-2188
9155
3038
-8142
-7923
7467
1789
-7392
2097
6755
5325
-7766
-4668
1255
9125
4595
4830
2593
1751
-9262
3687
2757
-4383
4642
-1573
-9821
-1872
8087
2968
9050
-7727
-2935
9454
-5786
-5616
-3547
-1813
4620
-5379
1418
-7703
-2041
-7546
-665
-628
6330
-3693
-4970
7312
5229
-4697
3333
-1387
1257
5130
-8541
-7614
-6702
1609
-5026
2709
-1295
-7322
331
-758
-9877
-3907
-5793
9647
-3187
-6980
4376
7357
7802
8800
-9779
2582
-8737
-2244
6141
-4471
1534
5629
6191
-990
2611
-6180
-6182
7158
6741
-5945
3033
-1104
-5574
-7921
-7271
9176
-1413
-4429
5715
-3937
-3906
-2212
2992
2218
7700
7145
-5308
3426
-1809
3221
-9349
1763
6462
9015
-9569
-7028
3277
2391
-4562
5101
9693
735
5659
-763
-4435
-3229
7023
6848
-6383
-4240
-2379
376
-519
6990
9586
2122
-3663
-4715
2551
-7914
5569
9339
3293
-7546
1000
3332
264
-2467
2196
-4890
-4015
8755
-5598
9239
-5111
-5790
-1297
-1185
-4898
828
2770
-1056
-4470
2185
-1693
-521
8767
9472
681
-8913
864
7692
3995
587
-9570
5129
-6455
-7972
-1249
-6822
3062
-8549
-2167
-49
-95
4716
-1607
8417
1334
4904
-6472
676
-7957
3236
-1497
-7427
3436
-4734
1805
-9780
-8083
-2265
-5620
-1640
-7628
9133
-3081
3401
-9700
271
8008
3184
5275
610
-6327
1804
-1685
-5889
8302
-188
-6070
9230
5910
3260
-8543
8297
-2972
7132
-4300
1581
4380
3109
2564
-4145
-7010
7566
-5348
-7048
5360
82
3746
-9365
-9676
9988
-1231
8260
-8048
-6916
-8032
743
-407
3388
-8232
3100
-6320
-1325
-9601
-8946
-6921
366
-6756
9439
-3054
9833
-6004
4473
-3335
7135
3106
-8728
1363
1379
8284
9429
-5224
538
4183
2357
4963
-7719
1634
-6941
-975
-6738
7909
995
2088
-8276
-5906
-5387
-8739
-5293
6234
2552
-271
-555
-8640
4359
-3757
-8075
7730
-5010
-5606
8732
-8410
100
-2485
4034
208
-6585
-192
-1776
-9644
7848
-8867
8355
9689
-4026
7133
-3097
9696
-959
-1602
-7353
4878
9427
-8831
4999
5610
-493
9046
6027
-9648
6335
6886
8484
4069
9886
3256
-476
8445
7058
1016
-3116
-3219
2681
8207
-2705
430
5965
-4016
-8297
8521
5112
1586
-2361
-9894
-2788
1459
-1652
6451
9009
9726
-183
8058
200
3428
-2290
-951
8591
-9934
3192
-2495
2620
4571
9637
3780
-125
6936
8372
8473
3599
-1184
-1563
-136
8839
-3412
-2529
5438
1214
-2491
-5983
-2024
-478
2454
5835
-4158
8565
-7022
-1311
-9249
3709
-2821
-9521
3717
-1763
-3037
2387
-6297
-6444
310
-2465
-4462
-278
-274
-9927
-19
-4974
-624
-7248
5423
6866
5491
131
-7278
-7565
-5467
-9137
-6544
-7019
-4804
-6891
-489
8639
3352
-7634
-7115
8457
-3880
9006
1466
8461
95
5440
6815
9421
1495
5534
-2495
-6696
-1408
-7990
-5791
3070
-4638
3329
-9198
3629
-4456
1045
-4822
37
-76
-6871
-4294
2946
-3294
3671
8093
-183
5192
-4033
6337
5287
9029
-2665
-7507
-3070
9503
-3116
-4866
-8859
3211
-684
-3874
6709
2608
7160
-5819
3644
-3768
6312
9436
4214
-9866
341
-1628
-5411
-3813
-3054
6900
-1434
-3076
5170
-6652
8957
-3122
281
8648
-2745
4525
-9483
-3564
2846
471
3652
-7476
-9826
918
-6907
6419
-9903
1153
7792
2234
-3928
6984
3460
4267
407
9562
9753
1268
-7175
-9082
2647
-8008
8029
3819
750
-9302
-1194
4332
-4989
-7627
-2630
3478
6132
-1175
5396
8093
-3862
7398
5113
-6023
609
-2039
-7925
3877
9530
5811
-2332
-608
4722
4144
-8718
2042
-5395
-8431
-2313
-1503
-7972
5183
4628
3421
6081
-2514
-4531
-5366
6614
5874
8561
-1560
-7523
-4916
-7188
-2160
-7321
-5716
5363
1907
-7854
-6885
-7709
-8726
1969
7650
6873
6375
6033
-1063
-4890
-5775
-6006
-9735
974
-9822
3379
565
-807
852
-2471
2711
-1197
5238
8704
-1316
-6648
6329
7536
-8491
1846
6830
8313
-6490
3126
7094
-9526
6260
-3182
2409
9087
8473
-7560
-6263
4375
-6679
-725
6771
6514
7487
1950
8836
-7853
-171
-5780
4080
-9123
9021
-6993
6182
-2149
-4199
-6696
1024
-1314
6896
2821
-323
444
2311
-7680
1249
8431
-5949
151
3046
7544
7779
13
-9033
-163
-4931
-9383
446
9346
-9918
-2705
-5052
2246
6849
2331
-8912
965
-5437
917
4286
4435
313
-9424
7499
6568
5877
-9500
-8106
5080
527
-8458
-2259
-629
-4997
2751
5044
-7744
-2511
-6021
-6410
3346
6459
-2045
-5851
-2359
-2659
5179
-9003
4378
4946
-8329
-2921
-9625
-7622
-2392
7951
-8557
2116
6880
247
-2378
8542
-7118
-8845
6492
9258
-1940
4365
9215
-6248
4614
6472
2725
2965
-2802
1851
1040
3941
4553
6959
6106
9687
-556
9141
-8106
-4696
8004
-8169
2129
2511
1735
2843
2069
8910
1617
-5167
-5391
5323
2663
5733
-3412
-103
7174
-5162
-4134
1755
-3068
-3944
-4349
-5241
6911
4803
4584
-4726
2036
6601
9855
7509
5228
3081
-3902
-1204
5262
5025
7529
5864
7652
7516
1038
-2321
-2209
3206
958
7626
5944
-8813
9532
-8754
-3833
4825
6898
4091
-9490
1690
-4166
2512
8285
5435
-4840
4573
3074
2976
6566
7546
-3964
3599
6058
4169
9995
-9220
-2894
8492
-4105
-9054
5633
-5479
-1683
-1601
7449
-4210
-8040
-2710
495
-9241
3850
9080
4284
4418
-1416
-4022
-4652
-6721
-6762
-3236
-8697
-6795
-4981
8837
-7898
4835
6594
-6005
2185
-9510
-5838
5709
4530
-9760
6338
-6218
7234
203
-1551
-1177
-2519
3167
2498
-4128
-7117
956
-7978
-2648
2326
770
6312
9931
314
-8681
165
7524
1785
1217
7357
-191
9358
4416
3062
-3554
5155
4429
7182
-6164
9110
-3219
3676
4109
5009
-5435
2510
-7124
-298
281
8913
2
-7201
5049
2167
-6922
-2092
6385
-1530
6007
7287
-5632
-5122
863
3159
7877
5223
-9485
716
5765
-3938
2813
3147
-7408
4221
-8425
5131
-4830
6420
3414
-7186
-762
1104
6194
-9149
-3806
-5908
-5500
-1468
8428
105
9241
-8859
7901
-7984
1816
-2172
3637
9192
-882
9556
-1875
-2918
-3503
7375
4855
8209
480
940
2731
-9398
9754
-5507
-3162
-2312
-8089
5213
8631
9889
-2266
5477
-6020
-3522
-2865
-9876
-4185
-9680
-2606
-6990
8345
8507
5903
3421
-7538
4848
5774
-3874
-1884
7916
7788
-1053
-199
3721
-6388
2843
-5445
-8596
-4594
-6311
2137
-116
-9718
-3962
9143
-5719
-9022
-848
2843
-7242
-2830
-6209
5416
-7824
-8107
-532
-945
7679
-4783
7334
2957
-6923
-2606
6372
-6793
2844
9633
2893
6082
-707
-3800
-1063
-5891
-6232
9461
-7001
1714
-561
185
365
-3186
-493
-7466
-9752
6268
9044
6781
7484
8503
-9486
-7765
-3450
-3347
318
-7282
441
3198
-7005
-2423
4298
1919
4465
-6962
9324
8895
4314
5084
-5069
-938
-6230
6544
-5880
9056
-7080
-3632
-6149
-7816
9110
8872
3761
-8228
5459
6563
5276
-2775
6679
-2114
-4305
5836
-8989
-4683
-1234
8502
-1893
4942
-1094
-5704
8583
-3006
4142
4738
1764
5255
-2713
5874
112
359
-3705
-5101
5065
-3779
9667
723
6183
-4255
6378
-2222
-4097
-6748
-119
908
-4162
300
7441
-2481
-6697
1700
-8553
8862
2280
8174
-4426
-8965
4510
-1498
-2514
-2283
-8977
3747
3032
9221
5267
1432
-3637
4438
-894
-8670
-8072
-1381
-8765
-6597
-5301
-577
-1879
3657
9490
-1719
3179
641
-6170
-1638
9288
-6033
5270
7433
-8185
7963
-6894
-3818
5794
-9246
-4448
-9608
-4994
3560
6706
-9346
-6941
7697
-139
4141
-5444
-8283
-8134
-6251
-3233
-3567
-7402
8352
-1073
-8095
-3180
21
2779
-5918
2148
8846
-3489
-2595
-1675
3660
-736
-7050
-7274
5130
-6270
-5258
7674
1366
-1694
-8473
4910
-7143
-1057
-7960
7551
-8530
-2834
6909
-1391
-96
-7890
5752
8119
7787
3091
1830
-6216
-8588
-9379
752
3799
-520
2658
-6619
599
453
-1322
7709
-2252
-6889
6572
8879
-5136
-3622
6116
3883
2368
-2745
-6561
8288
-4741
-2419
-424
-3337
8078
-7844
-7612
-9102
1984
-5358
5338
-367
4629
1681
-8615
-3968
8204
145
8810
-9812
8727
-2786
9363
6895
-6376
749
-8522
-8291
7951
4989
-9108
9281
-561
-9628
-1873
-1487
7479
5111
2599
9757
-3073
2170
-9874
507
1331
9381
-6875
-1041
-9686
-1915
3590
-4352
1426
-1889
3606
132
-6853
-5822
-4350
-1398
-2268
-7533
-2782
6049
-5549
-7424
6909
-4808
8032
5292
-2161
9345
2618
9120
-6540
-4530
-9284
2061
1744
8867
8305
3054
2402
9945
-8025
-6955
5542
-8448
-9586
-3646
4395
1199
-9380
-7904
4976
9258
-3000
388
-9789
-8543
6018
9731
-4984
7310
5330
9298
9170
-6253
-7145
-3153
-5014
-7474
-4817
4718
8521
-2879
-1770
3793
-6058
4383
1066
7449
8006
-5880
-8968
6899
-68
7537
7626
-9601
4686
1476
6776
1644
-3814
1692
-3046
4574
-6469
-3386
6366
-9409
-9954
-159
-849
4203
-5728
-7156
-5021
-7713
474
-8940
3884
3622
6267
8693
3208
-761
6740
7117
4261
-9912
-8295
4578
5319
4669
-5769
-1963
4528
-8187
-3659
2869
-8006
-8433
-8078
2002
-6257
2782
2594
-5615
1857
9937
-8714
1461
-8886
-6328
-4146
1937
9694
386
8109
-3183
-597
5108
-8460
-3090
6268
6698
3471
-2610
-3399
-9368
-7505
8834
9674
2301
-401
-3596
6287
9398
-1934
-1722
-9129
-3886
3100
8742
-3189
1914
6906
7316
3747
-9435
-7702
-1721
-5028
1746
-3956
-2002
-7134
-410
1490
4692
2488
7281
-6956
-3785
-2547
-2358
7115
2459
2539
-5306
-4427
474
-9618
-5289
7029
7244
-4197
-1912
-1575
7789
-1371
-7342
-7627
-7093
-222
5168
6753
-5838
809
-2748
-1703
-7389
-5172
9389
-4225
9612
-5539
346
3428
-6762
-757
1882
-9031
-4504
8188
499
-2734
-6900
4570
4468
2714
5876
9276
9282
-4930
-5553
829
1387
-2174
-9153
-6228
1520
2504
-6421
-3816
-8974
-351
-1075
-5636
8431
-8186
6528
-812
6420
8145
-2704
-8916
2349
-8476
-7181
-5699
9944
-5367
5465
8701
-7973
-1740
-5845
-5649
-9956
2198
-6832
5685
-4024
6958
9714
-1231
-8029
-2676
3930
5137
197
3864
3313
-876
4005
9822
7472
-2768
6546
-8825
-7513
-1330
4098
7581
7315
-3577
-2584
7745
-3156
-6486
-3237
-511
1755
876
-8825
-3128
-123
-5007
-3606
-2471
-3193
4532
-3958
-8110
9240
-9664
-2906
4361
3289
-4580
4303
-8654
-7504
6994
585
-7314
-3505
-3770
5119
-6931
-2808
4962
4084
-7949
3830
-3534
-7413
9068
210
28
-2783
-4598
-7712
6506
9479
2870
-1688
-412
-6538
-6105
-8352
-8686
-1277
7655
-8755
7319
9861
-7743
3415
5492
-3361
2418
43
5151
-2215
-1162
6248
-9285
-9996
4480
4328
1340
-7768
-6511
1042
-4605
-6408
5540
-1204
7638
-6127
1939
-6366
4805
7185
287
-2075
3797
5751
-3046
-5182
-7380
7244
8714
4929
-655
-7235
-1627
4105
1218
-2264
5729
-5498
5350
-6283
9366
5098
-3832
-9529
-2053
-6316
6744
7501
4941
-4489
-9639
-133
-8042
6529
709
3392
-6537
1305
-8969
-1746
1695
18
4198
8718
2980
-1327
1952
6517
-5364
-2865
-7504
8366
-9998
-4187
-5135
126
9373
8280
1166
7883
7942
4174
6428
1791
-5478
-1459
-5538
7607
9397
-8411
-1621
5158
-712
5127
5452
386
-6641
-6483
3595
-131
-8974
-1365
4358
-153
-203
7978
-6940
6672
394
-7403
5092
438
-8273
-918
9769
-1673
8703
-8182
4941
1817
8585
-9419
-7602
6064
2274
2440
6394
-1650
-2479
5972
7693
-6230
-9342
-6293
-4981
-4979
-5607
5843
-3967
7280
8452
-404
-6191
-9244
-5149
1892
-9598
718
8557
7753
3638
751
2885
4472
-4347
-9533
-8803
-2114
-2218
-882
6119
-7650
-114
-5536
8306
3581
7360
1273
-8510
2537
75
-7986
5924
-737
-9454
1322
7216
-5289
1429
-4102
5241
-261
677
9775
-7828
-4950
-1809
2488
9608
5818
860
-2257
285
7508
-9225
-6662
-2866
-257
-6392
9249
-579
-2894
-5633
-6641
-1147
-8387
5195
-476
1186
200
-3721
-6171
9815
-9291
-1692
-8888
-2982
-8981
7193
5475
-8781
8735
-5539
5457
-7822
2570
-5381
-6337
-8067
-9430
-7949
-8287
5976
9800
-2759
9410
-5129
-7484
-4576
1715
-3539
7422
944
6445
-8792
-7997
7876
8566
-496
-4620
-7893
-7367
342
-5190
-7485
3613
4365
5554
-215
-6836
-7094
-1813
4420
-453
-5021
6136
9963
-5839
9731
-7738
7067
1040
-4758
2258
-5090
7820
-5996
-9037
6763
7628
-4925
1492
3189
-4890
6827
4398
4830
-2052
6368
7514
9361
-189
-8314
9212
-9931
1304
8043
-9477
-8148
3398
-5686
-9990
9557
748
714
1569
-2478
6582
-3743
-9464
-1887
4594
-4283
9945
6012
4714
4851
-9356
856
8324
-1318
-9988
9770
1244
2512
5774
-7530
-2819
-1614
1760
-9005
9304
6613
9727
633
1017
-7509
1565
563
7384
8663
-9754
-5812
715
-4709
-8856
7077
-3829
83
5113
4573
6826
-1146
-1823
-9628
8815
7791
-8454
270
2868
4368
6762
-3002
-7975
-2896
-4756
4177
2870
-8805
8277
9760
8194
841
-392
-530
1362
7866
-2899
-5465
4754
1942
-9978
339
-8185
-406
-1781
4767
3592
3948
-7540
-9688
2559
6142
2479
7099
9709
-6620
9762
-3255
7729
-1275
-5754
9409
9913
6507
977
-8827
6294
420
-3944
-3709
-5547
-1238
-4919
6777
8281
-831
3371
-7753
5247
4333
6785
6
-3105
-4329
1421
2776
-7696
-9389
2300
572
-4226
-1222
5031
-4353
-3193
8395
-2715
-559
9232
-6855
9909
9503
2383
-1249
3436
-68
4017
-3773
3932
-7943
6763
-8561
-5539
4040
8116
-697
4557
1622
-1924
6709
-2072
1220
-6959
9685
1184
-7846
2129
-3207
9611
-9827
-7816
-5999
-8529
-3634
-2639
2974
2255
7530
-6257
-4314
4628
-8579
6727
500
3881
5965
2552
6713
-5793
8883
1202
-3010
-3692
3220
-8613
1652
4618
5766
-7087
-5849
-6347
9681
-4694
-8896
8276
-1188
9105
-7424
1280
-2798
-8314
-2523
8257
7293
-2078
-4753
5535
3087
-208
-3329
3556
3029
1379
4454
-4642
744
2844
431
3396
7433
-5702
496
-841
-358
-3610
8750
-6948
543
1657
-7198
2585
-4990
-5221
9935
-7298
-7317
-8699
-315
7734
5356
-9446
-9699
-4546
-1842
938
1806
-3831
7560
-862
-8536
6438
9150
-4545
4629
-1398
-6685
-9359
1092
4305
-7314
5715
7123
3816
-7675
4189
8868
-190
3213
5887
-7848
-5722
9365
4762
5382
-3664
5110
-4113
-7099
-1159
-7993
6069
-6385
-5787
3910
4968
7098
-9224
3105
1672
3047
-3391
-4920
-4841
6552
-102
-6259
-1339
-1509
-3109
-3637
-588
8803
6955
6146
8001
-6561
-2432
4579
-4575
3629
-9912
-3107
-7012
-1650
-7331
5905
123
-2000
9899
8957
2619
-7401
-2507
-9421
-9384
-362
-9006
6979
-9429
3264
1275
624
6507
5888
-277
-9363
-4437
1092
9564
-1734
-7592
6960
6575
6386
1993
-9777
7593
-4768
-4459
6871
1385
6590
5845
-2932
3144
5724
-2649
-9846
6491
-9069
-4370
-4740
-4666
-7396
7627
4525
8748
172
7951
5357
3741
-6362
-354
-2483
-332
-1565
5011
1420
7074
528
-5057
-70
-5275
6539
8175
-9032
-7782
-120
-4185
1753
5169
4870
-5126
-3042
-7961
-5102
-8635
9287
7351
1439
1762
-6279
5058
-4199
-4665
3834
-7535
-1801
6076
-4088
7463
-7571
1150
1752
5721
2412
8739
-5116
-3679
97
-7849
-6336
-5271
-442
-6548
4992
-2861
-3027
6101
9695
4955
1190
-2978
-679
5711
3121
-7680
6586
4429
-6019
2874
2367
5590
9194
-9207
-175
3480
6238
-1756
7323
2898
-7917
9052
6732
3717
3987
-9336
8142
9499
831
9613
-3396
-2835
5640
7677
-4746
-4298
-9937
-5740
7987
7230
-3145
3400
8743
5533
9050
6196
-9284
4084
-3784
-4782
1207
-4126
5320
2569
6304
9174
5913
-1162
5019
526
-4568
-9581
-7540
-2081
-9208
-7594
6287
1902
-521
-1835
-3884
-1627
-5647
-1831
-7538
-5082
8461
985
-5442
-4375
-6621
4667
485
-6637
-4281
-2906
8880
4506
903
7104
2982
-995
6477
-8678
1599
-8966
-7760
-6755
-8782
-7401
4528
5966
-134
-7777
1394
-1149
-6747
-648
7274
3097
-245
8218
2189
4475
3977
2794
6358
8088
-2235
4597
3057
-2571
-640
5684
7647
-8272
-3585
4752
2376
-1699
-3789
7337
5670
490
9351
5606
-3714
-1780
9781
4979
-5995
-6824
-730
-1867
9058
-2347
-9239
44
1429
-8172
8686
9090
-4770
9732
6882
-4429
9496
2287
-6449
6718
7656
-4613
1518
8014
-2629
9082
7668
1391
-3115
3147
-2784
780
-5378
1143
-1830
2223
-1897
-6600
-2174
1338
-7813
-6025
1909
-5365
-6549
-2190
27
7240
7582
4812
8946
2457
-660
9176
8407
-9848
-3626
7356
-1489
7169
-6017
-97
7592
3242
7005
-3346
-2600
3737
-4935
-3294
3490
-1932
7074
9299
4367
-2619
-4637
-2189
9531
8708
-8254
461
-7255
-609
-834
6640
-4530
6751
3060
6221
-4175
7227
-262
1178
-3188
-9586
-7199
-467
-7618
-2975
-6742
5997
8358
2518
-9670
9294
-6547
730
5149
-3349
5851
9402
-1142
-1592
-6745
4157
-5555
8783
4039
225
7589
-9345
7771
-3120
-293
-4160
2692
6409
-1728
-6438
8317
5608
4914
-2833
-9951
-3233
-5850
3960
-4376
6536
-947
-3893
9297
5507
-2429
1568
9653
-7906
9386
-4257
-4928
1129
-9922
5188
-2507
1915
8677
617
-6321
2292
3993
-724
1207
3489
6896
-2429
6492
-6064
-6014
7210
-8231
9440
7895
768
-6125
-8808
-4827
-6965
-4341
-119
-5689
9811
-7996
8122
9035
212
-6890
2529
6879
-4170
6094
-7469
5597
6060
5885
2011
-5752
-546
-4634
-1022
5305
8334
9033
-7686
-439
343
6681
-9792
2336
-9196
-2413
7833
2228
-2187
-9813
5542
-2636
8944
-7353
8037
1369
-894
-6731
-4939
6083
7250
2017
6819
-3002
856
-2283
7830
9917
-9498
9791
7427
-8245
-1575
-4391
-5884
-6644
3739
2298
9260
-2048
-7288
7458
1760
-6040
1761
-6071
21
4357
8527
3330
-5699
-367
2333
-8176
1412
8569
8399
1445
8837
8214
7334
-2498
-3372
-7969
4028
431
-5242
3756
-4405
2897
-1266
-7119
1656
-5479
-4613
8761
3731
-9255
-832
8532
5687
7781
-9163
-2959
-1706
9953
9384
8770
-8648
-8152
-4382
-8044
8809
4724
7432
-4094
-4791
9828
-6443
-6298
4587
-7831
-484
3098
4466
2048
9589
8220
9869
4367
5784
7158
-5290
-8382
3587
-7187
2875
-2266
6761
-538
1264
-4870
-5697
-6713
9575
-7558
-660
2785
-9271
9397
-2391
-4285
5712
8660
-3055
6300
-20
-9846
-590
-3499
-9396
8800
-9727
9376
-9085
-5010
1108
217
3816
6627
9075
-5584
-2767
8167
-2595
123
-5818
7758
-3176
3789
6784
8468
-2388
-7828
-232
8148
-6275
-6350
-9503
382
-2756
4481
9899
5268
-7184
-9522
7384
-4117
-7633
-8458
-5927
-8270
-7945
5890
-2526
354
3203
-3992
6655
9518
6259
-7504
5342
-2573
-7628
6859
847
-8145
4800
9507
4596
7650
6310
-3802
833
-3411
-296
5337
4677
-5284
9353
-9285
5522
-7860
1464
6090
-1287
2183
9373
2440
1379
-6181
-692
-5581
-3215
-1933
-2378
-1630
7051
-9248
1726
1665
7042
3132
5921
-1841
-2517
8897
-6228
7544
1733
-1932
-1064
-3336
38
-3522
-8227
-9740
-5402
1482
-605
-9138
-1943
-2675
-4444
-4408
2812
6539
-2005
8723
5356
-7477
-5416
-5018
8198
-1323
-2557
-2225
-9746
-262
8409
8978
7499
-6843
-5700
5776
-4241
-7343
9294
565
-4912
1316
8431
3800
7661
66
1342
3804
2234
-5929
7848
7652
3981
-6373
9876
-7807
-2662
-2954
-6912
4738
-9128
-2802
-4878
5688
-6843
3086
1344
-5360
9154
-9482
-8785
6915
5448
-9041
-2322
8929
4525
2353
4666
6629
-8868
-2134
1599
-4325
6405
8406
-6167
-2767
2239
7800
-6340
4618
-1176
-5329
281
-6963
5458
7099
-1446
27
-3446
-2587
-6028
-1039
-4937
-2147
9927
-1985
3429
8672
-9832
-5820
-1614
3655
-3811
4939
8314
-3865
-3646
-1950
-6113
-5476
-2210
7717
5572
18
-2849
2453
-7816
-4412
6961
-3077
1420
-6030
-3126
9004
-6941
-8284
-5334
2431
942
3003
156
-1799
-2822
-6819
8185
-3084
8900
-7331
-8136
460
-5443
5652
4605
-3609
-5799
142
6552
4696
-3376
-1652
4122
-9507
-195
1514
-8127
-7967
4822
-3194
-4606
6044
8268
-5167
-1327
9194
4381
592
-3078
2347
-8413
-2251
-1993
-3414
-2604
-9638
7729
4870
-1799
-4746
2214
-9306
-3115
-1334
7450
-9836
7327
1463
-3532
-9684
-1138
3933
-7954
7738
2483
3480
-7371
3715
9857
8139
3089
-725
-4835
-4625
-7833
-6792
-8320
9565
-9459
-2330
3445
-6348
6468
1980
-2500
-6427
-7120
1246
931
-2556
4908
3222
-4427
9210
-9589
-9386
779
7302
6900
-1725
-7426
5619
1283
6933
-8991
-2260
-473
-4110
-7432
3268
8477
-7474
-9807
-8801
9581
4820
995
3379
6880
-3035
5653
-4437
-7939
-8680
3852
8064
-5680
4844
5272
-1199
-9995
-5538
-247
2711
4978
688
-980
1503
7287
-9796
1268
2519
2306
-1365
7916
4277
1958
-4443
7088
7327
-9745
-4228
1340
7239
8637
-8810
-9132
168
2569
-5350
-3308
1536
-5075
-9504
9995
4123
6775
6425
3415
-7601
9102
3460
-1241
-357
-1184
2709
8640
-4143
1
1414
5456
-113
8780
479
-6423
7618
4722
9396
-9612
-1713
-3972
-1263
7197
-8447
-8342
9741
-4771
-7331
9187
8494
1389
9450
-5690
7151
3524
5178
-4006
-8690
8896
-1416
-5581
-8699
-4270
-3704
-8431
6608
-2495
5670
-4905
-3918
5053
-4643
1619
6380
-7230
599
6807
-3923
-8163
-697
1565
2768
2933
-859
2069
9193
8083
-783
-2245
-6938
9987
4155
1436
8302
-2382
-2137
-62
-7979
-9698
-5009
-6804
-6714
1503
-1795
8339
-2740
6356
-1191
-1953
-7564
2947
533
-7510
2291
9977
6370
-8082
2883
-6695
-8767
7640
3149
4383
-3098
-148
-4440
4906
7777
-3753
5530
4710
-7440
-5799
4540
-3996
2544
-332
6091
5881
-3541
436
8088
-246
-9367
5428
-4411
1382
2342
-7486
9996
-7345
1071
-6604
1014
8155
9161
5780
777
7720
-8651
3698
9484
-4717
1037
-8171
614
34
6779
-8165
4992
8242
-3547
-8877
207
2085
-8467
-6261
2660
7864
1343
-2643
1887
-6424
-1613
2177
-1652
-9896
-1704
-3199
5661
961
7144
-9131
4461
5189
-2054
-4889
3510
-2464
3301
-3660
-4668
8398
-5302
-3322
-5296
-6102
-8779
7349
-3538
-2297
-2588
4156
-1114
-6315
3488
348
-4321
9619
6838
5513
-1802
6184
885
2438
-5929
-3168
5451
-864
-9890
8148
7170
-6271
-3859
-9006
-3682
4892
229
4861
-5771
3564
9983
-1498
4417
4903
3797
6847
-6198
-6928
-1675
2691
8032
-4346
2544
-544
8453
3450
8365
739
-4070
-5532
-8517
-8268
-9632
-8099
7246
2810
-9487
5600
989
3587
-756
-3185
1547
-9069
-2671
-3764
-4180
5870
-7546
6297
4234
-195
-1152
9540
-1434
5849
2600
7724
-4504
9277
-8428
-9272
2114
7100
1157
-7904
-5950
3742
-1728
7076
8273
1449
-6698
1868
5103
6541
-2690
8450
7550
6437
4656
3913
4544
-2679
-8588
5464
-4191
8338
-2285
1675
-6859
-4723
-3987
-173
5986
-5305
-5277
6154
-8268
-1863
-9852
-8815
9747
-8687
-8824
2314
2063
8469
-6603
-3697
-1378
-4232
6154
-2724
6848
-429
-6403
3431
-9404
-2273
3581
4097
-4918
-4259
9652
9298
6477
-2520
3984
9175
4482
2054
-437
6088
-9863
-2430
4775
4778
-618
5736
-3236
8665
-33
-5965
-5276
7425
-914
-1905
-5710
7493
2133
-4531
9080
-236
-6906
3498
-1053
6766
-3947
-5218
-4301
-4753
-4819
-9614
-93
-7949
5565
7662
4389
-9758
-3475
1444
4971
8631
-1807
5895
-8170
-9132
-6885
-1961
-7604
-6225
-407
-8490
7156
-7674
1118
-3822
-8729
-9717
-260
-4391
2169
-8263
-4593
-1563
-141
-2453
6143
1162
-4332
4585
7678
4232
4105
9095
-4198
-5042
-1557
-7571
3093
-460
-364
-8047
8390
-5590
-9492
6957
-4453
3436
1186
-2424
-210
4456
341
-433
-2500
8882
-4627
-2764
-3625
-3694
-418
8346
-3727
9878
525
7137
-256
5807
9383
6061
1115
-6392
-1204
1662
-1556
-1051
-9290
-3845
-5792
2616
3409
-2468
3368
6350
-6970
857
-3863
4540
908
-7251
-8137
6026
-6267
-7332
-5063
-5489
-1079
8243
-9898
-5242
2971
-5531
5379
2350
3796
-202
-8923
-1543
5554
936
5756
7849
-8923
6213
-9563
6726
-5175
2916
-7654
7362
-1270
9474
5881
-8103
4283
4253
-1680
4438
9648
7983
8952
7435
9357
2192
-3685
-984
-4810
-5996
-2711
-2138
431
8619
-2121
722
-6558
-7869
-271
9359
8309
6742
-1304
-6953
-5713
-9918
-8575
-2422
1681
-8230
3389
4862
-4316
-3580
2689
5889
8680
-7659
8896
5726
-5273
481
8603
-8625
-2248
-6643
3135
-4021
3762
9857
-932
-467
-608
-809
7443
-7951
4707
-3149
6067
9726
-7836
-6640
370
5482
5185
-1494
-1730
-1214
-3262
-7085
-4537
693
7977
-4343
-4422
424
824
4830
9311
-1071
678
6103
9995
-4322
-8353
-5720
-3729
2853
9728
9456
-4977
6499
-599
-9364
-1565
71
-4883
743
-3857
7797
37
7891
-9356
-3093
-7410
3864
-2375
-2960
6367
6792
-4197
-8841
-5755
-7926
-5834
9863
113
5358
-2704
1074
1779
988
75
-4508
195
-6391
9873
-1639
-7022
-4162
-7626
4989
-7988
-4965
-2389
-8364
5690
8735
2553
4829
2859
2072
-4413
4765
9972
8698
4063
-725
6885
-9681
3842
-759
2711
-6513
-4471
9762
-5760
-6259
-7903
3645
9060
2848
641
5126
-7902
-1400
-2067
9657
-4874
-6381
8773
7408
5939
-3913
-9744
9349
-1519
-5053
9605
-2115
3259
-8335
8290
-2468
-6220
9695
2906
-9713
9087
4019
-9192
-5389
-3663
-1054
572
-4285
7340
5161
8912
-4914
9983
-2340
-4618
7258
-6540
7445
1227
9929
6413
9135
6845
-4580
-3977
-7939
-3755
4990
197
7341
5918
1029
-4173
-3941
-7792
-2464
-3201
9022
-3471
3599
512
-7890
-1363
-9117
-5049
-6444
5635
3544
-3582
6671
-4364
4192
5145
-8325
-9742
-4461
9346
1426
-665
-8343
-9073
-3597
-2097
-4162
4378
4981
-241
-8182
2478
9469
-3058
-1923
8948
3416
-6299
7653
-9375
1837
3792
9051
-8534
-9736
-306
8039
-7426
117
-2520
7697
-6380
4466
4558
-1743
5267
3271
6673
-8764
-7228
-352
-8238
-1730
-5269
5784
-4763
-3880
7152
-3940
4341
-4710
9567
4574
3050
-3630
-289
3088
6569
-8808
4339
9310
-8963
3207
4086
5082
6342
-8438
-6816
-7619
-1705
-853
9809
-3057
-3522
9335
4323
9615
-565
-6652
5226
5201
-7166
2788
-3166
-9931
7151
-9990
-8841
-6143
7705
567
-6790
-637
-4363
4584
9784
4040
-5273
8748
1084
-1980
-7010
-9763
8845
2958
448
-6818
4094
-4862
2821
8884
-396
-2899
3041
-9332
-2298
6837
-6158
9812
-5656
8560
5548
5313
6135
-8858
7550
-5692
4491
-1408
2477
9808
5310
1118
4778
8583
-6446
-1252
8141
-5017
2381
7834
-2686
356
6939
-5871
6530
1167
9181
3653
4544
5536
-3459
5727
3430
-5490
-4221
9465
3726
4056
-7586
2583
6583
-7269
1967
3551
6797
7182
161
1100
-9234
5630
2259
-4845
70
-8800
3916
6740
4390
-1121
-1784
-1213
-9506
-7632
9199
9716
9728
-1029
-4807
1
-3111
-2475
-6086
119
5783
-7095
-1880
-5188
-6385
80
-6890
-6220
7131
-7360
-4463
-780
-3639
9673
236
-514
-4591
8836
9234
-9789
8654
8427
-2870
3514
-7811
5272
4157
3946
-3859
-5448
-2456
-6373
9684
-2309
-7499
2048
8197
-3276
7628
-9069
-5925
3194
-4640
6632
6505
-1086
8183
-1011
786
2261
8030
-1794
-2714
-9151
-2747
7972
-6777
3823
4674
6387
3539
6687
-3037
9163
3543
-7320
-6212
1183
872
4928
-2200
7678
318
-3658
-9050
6102
-6965
-6903
-631
815
5257
-1941
1776
-5513
-1513
2527
424
5650
-2230
-7922
-2965
2931
-3219
-4691
-5655
-6630
2710
6593
1972
5522
8592
9006
-6812
4875
-1463
6696
1026
9963
-6279
-2970
4874
-9232
8827
-4386
-8342
925
-9101
9488
8306
340
-5143
3055
-1743
1795
-3755
6324
8922
5277
-2979
-6144
-2158
-127
-8679
8534
6289
1873
-1975
6038
64
350
-5350
-6068
-3574
9063
920
5562
-6893
3843
-2798
7207
-2195
-6603
7147
-7988
2804
-7166
-3086
-2073
-5577
-4474
-3512
-9887
7258
-7087
-6791
-8257
-9638
-1848
4240
-512
9340
-9252
-7235
-3898
-2868
-1251
-948
3734
7737
-3065
8972
9892
8154
-2273
-9062
-7489
1179
1582
8503
6764
-4535
7487
-7049
-4386
-9004
3156
-999
4844
-6669
-3950
4519
1372
-6567
897
-4835
9003
-3214
6419
-1302
3997
-1445
6302
-2761
7133
4333
9517
7840
5697
7575
9906
-5355
-2239
343
8495
2595
-8496
-6752
-8053
-2972
-5174
8755
7203
-233
6057
-1828
-6371
-805
8052
983
-1766
-3532
169
-2670
-6884
7702
7714
6588
-6186
4962
1425
5537
-5396
5555
2886
-9270
-7914
-2030
-3955
9000
9680
6466
-9994
-75
-5878
-7521
4777
-5264
-3134
-1013
4322
7490
5378
-1843
2650
-8720
692
9394
-7755
-453
-8785
-9099
-8877
-1177
-563
-1507
-1234
6510
1769
-1726
-6958
7038
5555
-3941
9652
-8565
-4564
9530
5883
-3004
1813
3180
-4756
-1788
9168
7485
2508
-3436
-9918
719
-7976
4860
-5225
5980
-7942
5688
3629
3938
2117
-8387
-1056
-3774
-4694
-2107
6582
-4730
1366
1521
7814
1849
-586
-1376
4366
1937
-8
-7002
-9598
-580
6135
6125
-8457
8728
-4779
108
-5282
-6453
7667
-2957
-5484
6892
8354
3128
4396
-3872
8923
9388
-2319
-3756
-4580
-4483
4179
-5244
9860
-9388
1404
-5597
-2690
4794
7231
9760
-2933
-9949
-5130
-7885
3152
7961
-3767
-5118
-919
-5192
7115
-3141
7715
8269
-2681
-8810
6203
-8531
-8576
5362
-1004
5769
-3629
9247
6944
-4103
6919
4519
-7386
6234
-33
-8347
3866
3640
6874
3799
-1326
-6873
-2294
-6504
-6749
8869
6936
6230
1227
-9128
-5924
-3453
-9238
-5756
3585
-9098
-1195
-9732
8536
7329
4737
6035
21
-4358
-3400
-4249
4685
-9027
114
963
6465
-9857
-8713
-1588
7410
-6561
-8916
3313
-8227
6599
3641
3117
-8752
-6242
8088
5774
5939
6797
-7277
-4357
461
-4974
3888
-7724
4426
-7637
-3368
-1507
2031
-5026
4009
-1300
1491
9347
-2880
828
-3787
-2781
-4336
-674
2251
-511
1722
1089
1882
-5060
3851
-3420
4319
-1132
-3558
-8484
9851
-1465
-369
-2588
-6772
4257
-5929
-9441
-7206
9887
9520
4325
9326
3098
8997
7353
7657
-1661
6263
8935
6445
7146
-5367
-3292
373
3494
1959
-1715
51
3444
4371
9985
8557
-108
2804
8840
-6450
6623
-4062
-4193
-3539
-3463
-9668
4231
4717
2495
-5830
-4933
2807
-5270
4579
-2180
9965
-975
4618
-5997
-5459
6765
3475
-3812
3454
5552
-9325
9311
-6410
-6979
-2205
2901
-8010
882
-4809
-6989
1517
-8562
1880
-4596
-9491
6999
-4525
-2539
-6001
4245
-848
-5339
-9221
-9726
7378
-5532
-52
-9225
5095
8142
-8529
-609
-8545
7573
-1411
-1633
2906
7123
2798
-6893
1282
-9909
-494
-4799
4502
-7841
4260
-8743
3571
1900
-8201
-8891
9642
-3968
-4935
9437
-4095
-7105
-4519
-4366
-7243
-5053
282
-4510
3033
2608
-7699
-6616
9280
4409
6010
-1399
2117
-4596
5505
3873
-2445
-8590
-9917
4899
9197
-4868
-6937
574
5413
-3843
2784
9079
-2646
-332
9005
8449
-4398
5857
-8949
-9073
-8452
2802
1144
-6997
-9910
1407
3971
6525
-6821
9371
-455
-7169
5333
8034
6964
4694
2906
-2909
9236
-6740
4968
-3567
4635
-3114
2702
-4285
6123
9310
-9485
-2944
-2334
2208
3482
1085
8002
4718
-1534
7209
-5841
-5811
-3949
5552
1838
352
-3935
3475
6394
3726
-5142
1151
-1012
5267
-4202
-4619
-6183
-9672
3370
-703
-3544
9470
-2660
5970
-1706
-7303
1945
-5087
2421
-3100
-8581
-1246
-1092
-7379
-9890
3676
1903
8432
9823
-8331
9636
-1427
-6020
260
-123
-7706
8076
744
7880
1122
898
4125
5581
-7282
-7958
3648
4946
-1012
-8137
4468
6848
-2469
3578
-1655
-6696
-9643
-1366
-8525
-3299
-2146
-3795
2995
609
-8691
4848
4869
-789
7377
8846
-144
-7052
224
-7292
8625
776
-2063
-9839
8021
3414
-1855
-6704
299
2129
-2257
-924
4355
7638
2706
941
8869
-2377
-6971
-2463
6726
-9638
7372
-5259
-6940
3720
-2344
2990
-9537
704
-7919
7079
-1598
-914
-5772
1045
-1557
-3450
-8780
7265
5018
9540
4135
9270
-7106
-5546
6806
535
9127
3788
7140
-3926
-1573
-4485
3040
5821
-9410
9311
-5212
7373
3120
7732
-260
1403
-5039
1349
473
-7497
2080
1658
4008
2678
-6163
-2588
7950
-6115
7286
6528
-1172
-216
4596
8195
-2965
-8403
9505
1704
8091
-843
-1785
4215
2742
8738
8573
3260
7049
-309
1786
-6150
-9325
-9495
9784
5725
3105
-4855
5444
8695
783
-2330
2361
-7344
4735
-2422
-1364
-2859
-6215
4714
5787
64
-937
3023
-4446
8920
-3438
-3115
6043
-2674
5309
1705
-2538
-4488
-1868
3097
3479
1159
8128
3376
-9045
-2028
9188
-9284
2595
7759
-4301
-367
7754
-1621
-2941
8680
5121
-8600
-8535
-285
-1029
-5924
-4097
-4790
-9000
-5748
-7412
9947
-4906
2377
-52
-3033
-1828
8359
1454
-338
-6234
6666
-2028
-6953
6529
-9688
148
-1290
-3112
-9698
607
2367
-9734
7640
-4808
1319
5125
-1175
-1427
-9812
3577
-8663
-3710
-1024
2575
-4437
-6263
1328
-9184
5519
315
5026
4832
-9934
-8120
-1115
-4106
-9856
1669
-3221
-9554
-4159
-371
-3207
7520
6736
6892
-5648
-9745
2586
-785
-7126
8771
4661
-1694
6818
-6635
-6202
-9746
-8483
7222
-3629
-6431
-5082
-5290
6927
-5197
-4465
-1535
-3103
-4269
8209
5526
975
-4032
-1503
-7986
7555
6886
-6238
-4754
-900
2531
3589
-8030
7181
-8430
-3959
-9175
-2715
5931
2893
-3872
7936
9665
4589
4189
1041
3936
-6603
-8602
-4564
-2905
3217
9419
6490
8360
957
5984
-3824
-8985
3818
7587
9714
-4334
-4771
-961
4308
5182
-3691
-3994
9040
-5435
-4012
-8699
-9568
-8536
8158
6677
9220
-1602
1800
926
383
-7868
5270
6938
7604
-1268
4331
9266
-6134
3012
-4072
1596
4634
-5793
7004
-6044
-7501
-6023
8803
3482
-1853
-8807
3402
6355
6832
-8055
5381
-8798
6438
4109
5789
-8071
-2151
5874
5563
-4860
-3369
4898
1301
9361
8100
8908
-2755
-3373
-4754
719
8870
1489
209
-5567
621
-1319
-4252
-4106
8621
1566
4824
7029
-6432
5091
4430
-2822
-5864
4213
-4584
9217
-7823
-1381
-3944
-7624
978
6478
-5178
-8792
9641
1824
7286
4029
6091
5474
5644
-6452
-572
233
1231
-5528
3048
-9047
-351
-7989
8064
3790
603
-1810
-9973
-3549
2813
-9813
-8454
5038
6732
3674
4734
6807
-1796
3862
8345
449
5442
2888
3888
9935
-8802
-1505
6894
8794
1892
5881
-872
-9583
-105
-9396
-5475
-253
9834
7125
-6641
2332
7868
854
6685
-89
4526
3324
-4810
9824
-9896
-2261
-2676
3867
-5327
8847
1736
6153
-748
-4469
8023
6346
-521
7832
3144
1513
-5934
-6163
5455
2278
8973
9442
-1351
-1852
2020
6827
7319
-3209
6206
2551
1453
1890
8508
6104
8378
-7180
142
612
3747
3091
-1697
8237
-6905
9234
-2309
4342
-4489
9309
-7010
-9967
-6619
7534
-5609
1142
3238
-4646
2103
-6288
7318
9522
9062
5724
-3303
-2303
-295
-6019
-6291
-3882
-9415
-8663
4403
-6458
1945
-6774
-9662
944
-176
-4531
1243
5652
-3034
7892
3060
-8044
5824
-3096
-4444
8358
6344
-8070
-5318
-3781
2665
5405
8607
4506
-4870
-7515
-6398
-9249
-4726
3940
-7812
289
3452
-4424
-7399
-1498
-2443
-3125
7599
-7866
-7619
-5011
1278
-3255
-1638
8573
4494
3621
9530
862
2211
-5564
-2724
5501
-9947
-8188
2288
756
-4767
-1771
8475
7601
-490
-2582
812
2690
-4416
7695
-1416
-606
7928
-1100
6439
3161
-7046
-2378
5083
-1785
-7335
3638
-7534
8374
-7944
-363
871
2287
8630
3830
-6431
-5828
-8002
-2675
162
7287
-5723
-8919
-7283
-5561
2136
3449
73
1359
-5544
-6031
1497
-4341
977
-1748
-3557
-6023
-983
5365
2700
-3779
-7390
8306
-8977
2277
435
2589
7184
-2611
-9997
-5179
5698
8657
-3393
-203
-6394
730
840
30
176
-9807
-5434
8178
-3752
823
-7912
874
8305
3216
1565
-8932
6619
-2630
9210
-2857
9890
1055
-1706
9667
74
1437
2755
-353
-9960
-7259
-2763
-676
-8498
1456
-825
-995
-1840
-2000
-8031
2298
-6793
-968
-8462
1581
2144
8901
-1208
7541
-6916
-585
-6055
5418
-5013
8756
4415
-6274
-7835
-4958
9234
-1663
-3788
-5335
-1113
6220
5813
-770
7460
6717
9284
1639
-6143
-2286
-2937
4204
-813
-1230
-2379
9049
9999
5123
-6451
-1562
145
4947
-2539
-4431
8038
-9217
-2648
-3923
-6282
-8904
-6366
-9329
-8988
5635
-5237
9698
5817
-7216
-8761
510
532
6175
-7652
925
-2641
9883
-9132
2071
6692
8959
5807
3696
-7715
-318
6307
5549
5318
5570
-8530
2963
-7672
-6718
6157
-1942
-9403
6109
-2960
2524
-3277
4210
-3590
147
-4938
-9607
-9878
-4625
-388
80
-7801
5637
3135
2932
-1650
-6006
-6885
2721
9386
6209
-8598
9964
-1204
-8469
2230
-2032
-1349
-7813
-714
-5174
3938
3054
9524
-9472
-2461
-3304
-4579
-7037
4797
-1890
-1117
-4449
5724
9119
-2495
6902
-2822
7508
-6250
-955
7615
-801
7298
7570
8599
3097
2706
1921
6142
1902
44
6310
8050
3829
3907
-2681
-3026
-6509
-4342
-1529
7298
5831
-1302
991
7637
8375
8942
-1194
4917
-5775
-3757
-1175
9574
58
1492
-5702
574
3098
5140
-1459
507
659
-4448
5385
-6820
1722
-424
-9102
5580
-8122
3494
4243
8282
4162
2582
4795
2347
-5448
-5243
7008
-5128
9224
-8626
6758
-4139
6348
-5194
-2470
-2757
-4594
-541
-5589
5676
5488
1225
-4359
-5228
1166
-126
8845
2936
-5810
-2558
8464
314
-3539
9844
-15
5435
1973
-1631
5514
3198
-5135
-4771
-7719
7469
-9982
151
-5600
7917
725
8138
-282
-377
3204
-1396
6529
-2258
4470
-9095
-9629
-5728
7661
4294
410
-7693
9003
-6395
5535
2482
-1507
-9081
-3928
-4808
9199
-3950
6937
6128
1888
-9806
-4609
1864
-6045
2890
-5135
5727
9779
-6339
3613
-3495
2407
3542
5314
-3722
-8812
5452
3995
-7771
5014
-6922
-6155
-5295
-1604
-3375
-9070
-8578
-8566
-5235
-754
-6082
7899
-7619
-3755
728
-1820
-9423
-4497
2987
-8365
4970
-3378
8037
461
4635
5234
-1997
-740
-6267
5810
-8056
-7547
7706
6040
1049
3874
6334
9097
7317
-5605
6669
4742
2993
776
6600
791
4301
-4973
6801
-3227
7342
-1828
4075
-150
689
-2564
-9346
5713
-8965
-9864
-4449
8119
784
-5298
4181
-8598
-72
5489
6932
-8347
9398
-7183
7979
-29
-920
-4194
4646
-1265
3150
-10
9667
-3504
-5604
-3123
-8727
7827
-749
-4918
0
-6305
2592
4307
3345
-4669
-5385
-503
9371
2556
-1152
225
9091
6759
-427
8158
9618
6860
-9983
1575
1193
-7074
368
-3040
9395
5175
-7534
906
4644
7655
829
7261
6689
-6234
9185
6120
4982
6382
-7717
6646
-1476
2777
-5508
1565
-111
3736
5248
-1629
-6724
-7401
-1765
-5971
7813
-5614
9228
-1658
7338
-5535
6897
-8110
502
-8155
-4240
-3025
-9208
-9261
-9962
2190
1994
-9009
-4953
-1375
-6939
7850
966
649
-34
-5677
5618
-748
-3350
7898
430
-7663
713
-1148
4530
2289
-7662
-4462
7941
7389
-735
-7037
712
-2271
7473
2227
3678
-3081
-2030
-460
7355
-7507
9912
-7769
1564
-5861
-8280
-6880
-4353
-8445
8840
6885
-3968
-790
-3664
8681
375
197
4352
-1651
1817
-6065
5695
-9866
6127
2962
6196
-2871
-4123
2573
-8974
7271
4007
-941
110
-5992
-2422
9341
-5436
6108
5306
-1592
-7720
-8279
338
-7725
-3363
256
7656
-796
-5542
2758
-6444
-5460
-728
1643
8713
608
-9827
-2152
-673
-8859
1213
782
6466
4186
588
-5792
-6855
-4867
-8670
3062
-2972
7787
-36
2223
6464
9523
427
-4967
-8632
2717
2450
-8858
9472
-9224
3531
-562
-3299
-1892
7011
-2039
-8372
6495
4845
-3089
1099
413
8329
6168
-9552
8286
2862
3768
-6287
-1137
1912
5846
6401
-8365
4859
-5688
-5132
5725
3897
-563
-580
3356
2216
-316
3427
-9081
3147
-3482
-4275
961
-9102
4170
9831
-8808
9260
4869
-2660
-1723
-2226
8808
3477
7745
6743
-5336
-6629
-8678
-582
-9990
2964
250
9414
-1743
-1333
-8372
-5169
-9377
-6670
-7032
8037
7457
-5701
-8078
5818
-1834
-7494
-9043
385
9851
-8715
-2530
3206
5299
-3442
7007
3630
5145
-7577
-5332
-6353
-131
276
-4985
915
4310
-2960
-6725
-882
5959
9506
2580
-4695
-3759
-648
1047
6140
5229
8905
-6414
6517
7590
9609
2017
-2083
5306
1752
450
-2730
4968
-8742
-5657
-5566
-2541
647
-4667
8877
-6098
8717
2700
9111
-7472
-9543
3606
-1956
-2747
-7048
8191
-5318
-5997
8128
9578
5090
882
5084
6979
3238
-802
-2155
6942
9502
-5177
5424
6623
6406
8618
-4032
-6839
-8417
5566
-7452
6949
1229
8663
1208
-9574
-2510
-5305
-3209
3137
-6529
-2858
-5706
75
-8526
1222
-5784
8871
-7792
8309
-7901
-9040
-4369
-7837
-8446
9387
1476
-9355
-8603
6047
-1607
-3761
9570
538
-1632
4763
5873
4259
-9197
-3195
6812
-6544
-3945
-8830
6691
-7117
5369
-1237
-1271
-8250
-5659
8292
5237
777
-4620
-5381
8487
7388
-535
7751
-9950
354
-1228
-8584
8308
-2195
-4877
3871
9950
-8901
9858
8039
9546
6934
-1891
2503
-249
-9897
5077
8275
-1004
6896
-9316
6543
-1758
-1511
268
-48
2750
3260
460
-6238
-2939
-1831
9490
4896
8815
7191
7500
-5617
5520
7226
-7365
-4448
-2484
-1593
-9770
-6235
-6441
404
2470
1605
-9062
-7122
-8690
-7686
-550
9498
3280
4215
-2850
9370
48
-919
-1736
3439
-1791
346
-8372
2962
-6730
-9231
5109
932
144
-685
-7600
-9110
-1122
9575
-5343
8874
165
7100
-7220
-1546
-6847
7692
-1567
-3632
-9990
-4353
5293
-9866
6451
670
2406
-6932
6655
-3763
-3157
-7562
4906
1143
3523
62
-7757
-4046
-7783
5553
3573
7964
8667
-2661
-2671
2990
4283
936
-7542
7181
501
4991
6779
-314
-1240
6979
-6490
-4887
-9856
4169
4452
-4661
-2245
-9656
2905
-5702
5330
-5536
-9587
-9577
5858
817
2839
9056
4144
-3461
9955
2469
-2879
-5299
-2426
-7631
9986
2674
6972
2655
-7372
-5477
-7748
-2350
5656
2576
-9666
-2228
6666
2520
-6602
-6983
-4999
2368
-3531
-1455
4299
-1646
7658
5875
-5072
-2697
-5509
1986
-5572
-9707
-2132
-1727
2196
6221
-9564
-8797
4823
-7364
-1640
2765
-8073
-8132
-9493
-2598
-2513
-7764
-8785
-7497
6391
-1386
-4779
-4223
-8156
-7609
7371
-1585
-3223
5702
8618
9400
6646
-4209
-843
517
-5662
2167
-1352
-9599
-2717
3599
5121
8962
-6886
-9780
9860
1742
-4354
-4726
-7347
6417
9525
-6722
-4604
1897
5389
-4341
-4943
-1489
-3790
4745
5356
-4859
-3203
4363
-2805
3729
-5043
6226
4372
-6847
8721
5921
-1930
2374
-6020
7701
5682
4075
7770
-391
4595
-1016
-1068
-366
1126
2808
5356
-515
2839
9585
-2961
-1119
7126
4640
2684
-8910
-4646
9450
60
-242
6009
7503
-8774
4126
-4867
-9962
-8354
-7981
-5686
9337
8201
6775
3618
-5441
-5701
3097
-1902
-6853
324
1715
-9811
1932
-3089
3229
7320
5702
-547
9347
-4012
-7077
4602
728
4969
7641
-3327
3628
-2525
4651
6659
-9177
-1709
-508
-1515
-7388
-5737
6374
3578
6888
9078
7339
-4743
3353
9630
5803
2992
-9972
-4959
7930
-744
-390
-5982
1834
7679
-2967
-3031
-1437
-6315
-8211
5551
7292
1009
-7822
-8319
-5642
-3327
4231
7614
2772
-1697
6284
3361
6001
9239
4085
-6018
6498
-7563
-2988
3523
3428
5257
1236
3506
-8646
-3525
-8728
-8333
-1005
-4738
-3484
-8499
-8121
-197
-7430
-4175
9383
-3001
-2877
5558
1937
1587
4211
2743
-7323
-8014
2745
-9539
-5166
-5173
2289
-1436
6021
4947
-8478
7002
-5311
4928
-1139
-4465
-1799
-9562
3540
9632
-8912
7040
4895
-4619
-4704
5384
8792
6909
3847
2279
5100
2009
5138
-3865
3255
5776
-6179
1833
-4864
-3243
-4108
8925
-3592
-9908
6220
-3465
6190
-3706
-4151
-3183
2173
-7807
-8358
4164
3500
-7084
-2785
9699
-9939
4193
5904
73
2073
-3757
-3615
4121
-8190
9405
-8165
-2632
-5127
5570
7596
6206
9386
135
-9950
-8219
4257
3838
-5178
8870
-6375
415
-3558
-5116
-9813
-5352
8856
2427
-452
8
9233
-748
-3584
-1593
8354
7948
-6987
-6430
-6174
-7854
3851
4403
9362
-8485
-8432
-1426
-5980
4870
9894
1193
537
8353
5530
7729
-3456
3666
-1415
3151
6110
-7614
3766
-9222
127
5099
9236
-9565
-4957
-2866
-139
169
-9427
-8982
-8930
-7128
8448
7353
-5946
-6294
-542
7472
-6478
-9966
1634
-5532
9012
5191
-2997
2755
7050
2114
70
-9522
-3853
2444
-8560
9610
-8471
4621
7408
8654
-3335
119
-817
-195
-8901
-4286
-1887
-9255
6516
-5557
7791
-6675
3139
-8495
5701
-7884
-3271
8815
2674
8447
9238
6896
-2951
220
1181
-818
-1942
4313
-3663
4673
371
5749
-8381
-1361
9743
-5852
69
-5158
-7173
-5443
6100
878
-3978
-7798
-9495
-1719
-1181
-6783
3733
8460
7796
1194
1559
-7521
1445
-1811
7823
-1534
-110
6441
-347
1806
-3904
-5993
-5548
-2620
-4233
-8294
6237
-4032
9432
-7423
-2327
1325
-4952
-2477
2610
8908
1998
4313
-5681
1250
-2900
8470
-5811
4360
339
1965
-3297
-6012
-6828
-3513
-1764
6968
894
7264
-5320
-4505
-7439
5481
-5566
-7945
3315
4355
-780
1206
5869
4307
6350
-2628
545
9135
-6537
-758
4735
-4313
6257
-4203
8421
-3525
7753
6341
-526
4630
8481
-8268
-8951
7881
7741
-4651
-8384
-5510
-5953
2043
3568
-4959
-418
2162
1114
-6931
6813
7815
3885
1229
-3932
7150
-7291
-4986
2808
-7536
-817
-5553
-7909
-4732
-2777
1536
-1636
2488
-3148
-7336
1809
-1346
-4711
-6390
8488
4980
1762
6125
-3627
-1387
4604
-6759
-7819
-8915
4785
-3975
7459
-5314
346
-5041
-1935
-5287
-4389
4368
3496
7704
9940
-1719
-2914
1592
-7731
-420
8982
-3260
-7359
-9022
7419
-3007
4831
-7050
1722
9282
5503
-8706
6307
-9246
-2683
-7764
-6411
-7764
9826
6556
8433
-3922
-98
3090
-3234
-2154
-4864
-6690
4251
6258
-1216
-2979
7995
8943
514
9123
9720
-3088
-9493
6147
-402
-8772
5063
-1603
9954
-5363
-1355
-4686
-9032
-6756
8875
-4311
7331
-7325
153
2453
253
-1550
36
-7769
-789
-2797
9822
908
8852
-3072
-2646
8436
2238
-7082
-8058
-8746
-4007
5425
8611
-2682
-4664
2074
1180
5324
1456
-585
7906
-5274
-2145
-8270
8366
-7113
-6900
3723
-4715
-6518
5667
-9244
-2383
7899
2976
8204
-5685
2943
5932
8386
2999
6114
-1735
4977
-2089
3225
-894
5938
-6030
-8574
-8801
1709
-2550
-9153
1253
-3104
-9049
9951
-9046
-547
-5069
3651
3788
9159
3738
6465
8616
-7890
-5770
-4396
-2966
-9230
4787
1468
-6794
7564
4999
-4950
6369
-5558
-4865
9205
-2110
989
-458
4935
-1314
-2571
8950
4259
2589
4820
-5211
6454
-3956
-1085
7836
2544
-4067
-3598
4763
2847
9900
2270
6022
-2959
502
-9769
-6699
6730
916
-5851
-9012
-5370
-4963
-4595
-8094
-6529
9967
-1646
1336
-2265
2499
-271
-7288
-8024
2015
-9590
-6380
-634
-7045
-4381
-445
2181
-5804
-1078
-2274
-7592
4860
6508
-5778
8139
2547
490
-5684
3909
-826
7896
6775
-9550
-6112
-9169
-8334
5610
2739
-7584
-6341
8790
-1789
5603
-4084
3505
-4402
-8686
-8829
-389
-7427
2308
-9639
2091
-7191
1143
-5446
3058
756
1053
4548
-1331
953
-1583
8084
-4879
2947
-574
-2787
-3399
-3082
5686
-2676
9234
1094
3521
-4684
-3902
-2627
2962
711
-9150
-5254
2448
8848
-8116
6570
7792
6887
4792
-9362
2723
7984
7765
-1106
-2688
7282
-8988
6959
4642
4233
-4668
3551
2943
3181
-7317
-3064
-6228
-3774
-901
8989
-9681
4373
5560
9528
-5158
2756
-8702
2368
9310
-919
6247
2114
-6962
8738
-2095
3105
2712
-3945
7995
4834
-1270
-6080
475
-1040
1891
4857
9277
-368
5760
9570
-4221
-8282
-3698
-6089
7029
-4889
4813
-3766
3951
8264
33
-1451
396
9906
-9588
95
7246
-9896
-9994
-3001
-3076
4759
3802
-9599
2623
4107
-4677
5688
4059
-1854
-6626
-4929
3908
-3933
-9866
-5882
8946
9852
-4989
183
2039
-2688
-1894
-9876
-7609
-8488
5105
-9071
-3107
-3659
5054
781
-3936
1836
3678
-9286
-881
-5985
-3259
-3697
6671
-6549
4670
340
4263
-4225
3820
7814
-8534
-8297
-9587
1888
9192
-3211
-905
-9348
2671
9724
-8069
-2580
-7105
-6853
-6847
3479
-1046
-8365
-3634
-1054
4385
524
770
9518
-3553
-5443
-8543
-4891
6114
7170
9053
5756
-3916
2665
-7220
-7011
4411
-4144
584
-1166
-8587
-5586
1047
-7634
-5266
4540
7833
7979
5230
-7500
-5775
-1856
-2323
8604
-7688
7986
3091
-5403
-5898
-5093
-1931
7808
-2133
5459
-6759
-8186
-5944
-4191
6033
-9826
-9120
807
7464
-7629
-5080
7879
-1446
1101
-8721
-2998
3463
6288
8708
8278
-8730
-1342
7580
2231
2396
2108
-4135
-7855
2758
-47
4163
-9159
-1862
-4280
-5155
-2337
-3162
-6290
-9481
-3980
5268
-2170
3348
2631
-18
-2624
1293
379
-6814
1326
3169
-1883
5312
-2676
-1118
-2914
2497
-6693
-8909
2859
-3872
-2960
9225
-588
433
5368
2728
3231
6686
-7452
3103
6848
3884
-8857
-502
7026
9634
-6443
-2492
-8568
-6480
1256
7985
-934
-1258
-7523
-1495
8022
-1639
522
-218
8312
-9198
-6286
1463
282
8157
3841
-4868
5161
-136
-1611
2276
-2001
4458
-5940
-8335
-5295
8513
-3834
4664
-5271
-4335
-1666
2667
-2871
-3471
2410
3996
3379
-4266
-8427
-3059
8671
-1627
-8898
8615
7638
2053
4917
7958
6497
-4242
7623
6969
1481
-4899
-9458
-9393
-5076
-8971
5906
-2852
6046
-3504
4314
-1049
-7436
4453
-7406
3978
-7398
-5579
-5761
557
-521
-3439
3820
-5324
-4822
9178
9631
5574
5376
1600
-3986
-6004
3644
-4418
-4946
1987
-5986
4420
-1363
-7244
-1316
-8649
-6225
8669
-4465
-2950
1252
737
5318
6116
2684
-1644
-1664
284
3398
5080
-7840
1744
-3269
5849
-7158
-8092
-5064
-6248
8251
-5058
9825
3380
-7241
4262
7752
-4377
-8814
-4902
-1984
-8958
2662
-2583
2992
-8250
-5002
-933
2194
-1552
4129
9459
-5974
1511
-6781
1603
-5059
3460
8426
9328
-3213
-6906
-2415
-5214
-5008
-9912
4462
1507
9970
9833
5085
5081
-5691
-6527
237
-1199
1771
-1508
-653
-5350
-5689
-4167
6069
-4897
-7695
-7740
-5901
3292
-2044
-4535
3354
-1206
808
972
8857
-4565
1169
-2620
7651
1668
-6219
2151
3137
4124
-6919
1323
3449
8588
-6381
-5096
5108
7819
946
8502
-2155
-6291
-1600
2051
-2430
4685
8632
7417
-8073
-3284
-2429
7152
2079
6317
-9149
4329
8419
164
1296
4708
4393
3404
-2414
-3193
-5000
-1583
4289
-7806
4097
-5376
-9847
-2663
9251
-7977
6509
-125
8740
7330
-7220
9427
784
4349
5365
-4803
-772
-7008
-6487
1587
4667
4290
1677
4059
-8703
6945
-1856
-6137
-9129
4872
-7090
8048
528
-9293
-7162
-8767
5183
-8279
-1265
2055
-8179
6312
9172
834
828
-901
-4521
8531
-3140
-7877
1468
8338
-909
-771
101
-2059
-3004
-3000
4862
714
467
-7010
-6583
-7636
-4115
-1412
-3234
-8856
-9374
1599
5654
6689
-123
5202
2011
4386
2059
3617
8087
4966
-7020
9861
-2999
6007
2402
6606
7835
-5175
3793
1606
2495
4471
2833
-8942
-7640
5365
-4510
-1683
3524
4894
219
-165
-5503
5866
-5788
-7005
-2055
-4416
-1908
-6557
-9885
4441
-8951
-8569
-526
1870
6220
-4264
850
-5363
2903
417
-2197
-4528
-9742
6860
-1616
-5106
2674
-9628
-6896
6218
-453
1359
-7540
-3121
-9223
-9601
-890
1955
-4093
6880
1889
8149
-7451
-2380
2575
-4766
-472
-6150
-4018
5626
6345
-11
-1747
-7332
2308
-6059
-8763
8841
-2829
-6840
8570
-3869
-9771
1071
-3090
8767
-4443
-9393
-3821
8295
-1126
-9279
805
-4284
-8949
3487
-4640
-4260
5411
6191
-4428
-4418
-7049
-6256
-984
1429
1318
6608
-8874
-2376
7476
-3767
-3800
-578
1681
-5386
9674
-109
-1213
1506
-5699
-1247
-7799
3935
-1311
-699
-2275
-8352
9672
-1565
-2476
-1232
-5157
-1759
-4425
-2394
9015
-7723
868
-7957
8690
-7288
9601
-82
-4601
2941
2928
-4001
-7665
7772
-3442
8340
4570
1719
870
-1083
-6352
-50
-745
-1944
-4317
986
2270
4025
3418
-2647
5343
-6390
4636
1227
-3891
8738
2830
-4254
-1694
-317
4834
-1637
9137
-7746
7029
5447
3346
-8540
-2730
-1174
1854
-9597
1747
94
5388
695
-4736
3644
6437
-2134
4564
7182
-1638
8995
-7946
9001
-3998
-5897
-1017
4581
26
6665
-3432
-6647
2063
1082
-1943
-8137
-741
-9676
2307
6196
1593
8716
1009
-4599
-7431
6481
-5876
8676
7086
-9718
-7999
6704
-3190
7897
8830
-6702
2239
-1786
9882
1935
-3528
-1571
-3294
6012
-9066
2118
-6320
-5266
8935
6736
7888
-9004
7050
6301
-8934
6815
-4439
-5303
1853
6575
-4931
-8313
-6383
2024
3344
-1367
-9973
-961
8050
-6730
-5698
-4558
8821
8109
-1744
9460
-8983
4764
-8524
6056
2097
8567
2719
-1069
-4315
5667
8248
6244
-2988
2601
-5033
6716
9910
-5591
-6572
-1535
4311
-3734
2641
-664
2168
94
1052
3496
-8411
3059
-9969
-1043
9218
-7668
6394
-8776
-9032
-8306
-2362
6082
-5205
8638
5045
-9027
-9334
7423
-4731
-8888
8468
-8056
9096
7869
1594
7599
-272
7452
-4544
6318
-8495
-9039
-5703
-2291
8276
2021
864
9877
292
-5884
3158
-9489
9326
-6449
-8337
-9108
-2630
-8113
-4472
9753
1903
6925
9849
1785
6232
-2199
2835
-8833
7399
-1229
7958
3559
6332
-5089
-1438
6866
4957
-8665
-4870
-6542
-1847
-2337
9328
-7486
8901
-6137
-7599
5887
-811
9265
-5639
3695
3231
8619
-6894
4768
4398
64
7199
1063
-441
-7074
2232
3918
-1901
-2048
5118
1357
950
7881
-5879
-7011
-1337
-4515
9040
7130
4771
2984
3904
-6868
-3544
3998
9600
-4406
-7381
-2123
-5733
4408
2994
9485
-8374
-5014
-3773
-484
-5101
-6068
-4397
-4838
8245
5623
-6397
-3841
7405
101
-5120
875
2570
-4536
5125
7386
9534
3924
5075
1411
1355
-7630
-7633
5390
7669
7500
-9926
-4045
158
490
8029
672
-2540
3286
-8958
5119
3511
9560
4691
-5909
-3914
8771
-8900
-1795
9190
898
-5577
-3353
-6866
-571
5192
2596
-2462
-3234
17
3474
-48
-2604
5315
-3640
2497
5069
-604
6005
-2097
7823
5169
8812
7774
7798
7287
2935
5311
-5346
-3564
-6685
4224
5358
-6685
-1555
-8676
-4658
-5883
-9597
-6138
4438
8054
-7547
-3017
-1143
-7321
-8145
-8932
4785
5450
6154
-3142
9510
8287
-2802
-4547
-65
-2322
-8459
-4120
5130
7940
1969
-3210
8417
-5730
1450
-1318
2378
4424
9635
-4969
-6723
-8635
-5928
-9987
9375
-7397
6458
-7127
-6729
-4169
1677
3221
-5641
8539
252
2195
-9446
-8437
-6882
9699
-6392
-5738
-3277
-4304
7275
5489
3540
7856
6982
-7580
-7157
-7076
3828
7404
-2001
-7203
5906
-2000
-848
3858
4042
-1790
1280
-80
5144
2295
9284
-2552
-1167
5019
3640
-142
-5988
-6961
2304
5529
6786
-4172
-8994
5691
3053
-6788
-3404
3430
4874
-4597
5163
-5766
4435
6077
-5792
2672
5033
-4542
-1014
3282
-7272
7336
135
-7085
654
8058
1620
9371
-1375
3659
-9965
-8475
1336
8587
9103
-2230
8138
1658
-4410
-1212
-8916
-1547
5755
-9749
9825
1014
-174
-5332
9909
1792
3936
-8184
9849
-7879
7575
-3111
9568
-3891
-7982
-2753
-4784
6402
-6741
-3476
-8468
6216
1690
6788
8327
9791
-4681
2025
-9125
338
5001
8365
-1300
-5463
2277
1972
5826
-6345
380
-746
4126
2692
-982
750
9052
2339
-2467
7229
-564
-3514
-3086
7324
8722
4080
3472
-6120
3185
6309
5478
-7417
9299
2250
5969
-188
-2108
-5141
1847
9521
-6631
-2625
9265
4823
-5573
-8180
-7522
6940
-8567
-2987
71
-3350
-7717
115
-1246
-574
1845
9257
-7567
6874
-1115
7565
-3045
-1055
-9364
-7113
-8607
905
-8819
-9399
3132
-6609
-1622
-266
-9648
-7726
9548
-6680
7697
2596
7462
7835
2847
8359
6319
-3397
4389
1491
1770
-3236
-5091
-1676
-6528
6038
-7296
-9253
-6083
-7601
-7395
-8412
-31
822
-6956
9496
1650
-7930
-2275
8789
9818
5355
2008
-4977
6221
-815
6014
-5799
7891
-5621
2059
6346
-8132
9225
1635
4877
7976
252
-1532
-9589
3280
7931
8601
-9030
4083
1631
-2367
-1759
5088
300
-343
-8294
-5046
8064
8252
6423
4824
-6231
-1816
1943
5488
-3395
1528
7102
-9309
5814
-8338
8118
-7674
2597
-7582
7297
5998
3144
7161
-7747
-9463
-6763
-4235
4009
879
6382
-878
5985
5162
6219
9206
4688
-9272
-2575
-4817
-4787
2220
8131
-9840
-6135
-6625
7660
4863
4963
8458
2298
5191
-640
151
-327
-1699
6101
3088
4036
109
1623
-868
-3240
3471
-2589
2854
7064
6893
-9491
2266
8467
3564
-1624
7738
-3742
2689
-3699
-5331
8144
-2970
-7032
-4908
2000
-2704
4957
2295
2048
-5645
2656
9154
-7317
-6105
279
-1130
-45
3160
5145
-8924
-781
9762
8549
-5702
-3733
5995
157
-8233
4217
-2873
4099
-6961
8424
6557
-3381
5690
-2680
-3904
9461
-4356
-8541
9516
8960
4509
5990
4948
3197
416
-4761
7960
5847
3535
1512
-3430
-6328
3894
1668
-2751
-3185
-5522
-5587
-7574
-8389
3362
-1886
1568
-7014
4385
-6933
5993
5818
1866
2068
4138
-9388
-3217
3683
3139
-800
-8868
6353
7481
-5923
488
258
2503
6969
5648
-4565
-9042
-7342
-7944
-1669
9177
-8867
1014
7906
3707
-7338
-4940
-4429
1931
5610
5945
-2628
3485
-4013
-9232
2552
1584
8181
1675
-3527
-7671
-9822
5302
4061
-3931
653
-686
-6812
2144
-5356
5441
2166
2950
8431
9918
1689
-6724
61
-1539
334
-3201
1381
-5510
3214
-5044
8293
-8877
1874
8449
-4901
1088
6807
-8891
-9734
-5580
9026
-5824
6813
4669
-9195
-6825
15
-6957
8843
7811
-9631
256
9889
2444
-3736
-2435
7917
-2814
5873
1963
1318
-2570
-6928
-8002
-2898
185
6039
4088
-7086
-507
7541
-9266
-13
-6649
2526
-1589
2457
-5861
-2253
-3595
1536
6239
6975
-8749
-522
4502
-6702
-6428
-5436
-9262
7139
4734
4879
-5841
-4941
-9973
4893
3906
9179
121
-9640
941
-5050
2422
-5190
-2789
9169
6382
2763
201
6793
-8093
-9637
-6899
3624
-7882
-6250
-7485
-3516
-3384
-7642
1815
-2061
542
-2564
6281
4013
6533
7639
745
-8563
-9009
39
-8004
-9180
6206
-2390
7988
-9875
128
-6583
6953
-4203
5490
-4198
8426
-777
659
-8057
-7085
9837
1983
-6160
-6001
-1875
-7140
-7646
6598
-366
6131
-2873
-3945
-8701
2163
7804
9913
1783
-9949
8046
2018
2781
7798
9475
-389
6372
-5476
1786
763
6924
-714
844
9187
-8539
-1641
-1780
-974
-1719
-2212
10
8248
-4275
7599
-3933
4630
9519
6753
7018
-2690
-376
-5469
8252
-6800
9158
4430
8110
7399
2143
-5264
1154
5074
-4274
-6199
-7292
-9854
2096
-4629
-9810
8110
-2348
-7968
-4190
4293
8490
-6407
-529
-2602
5242
-746
-4069
8461
-557
4544
-990
-5777
-2841
7836
-8627
-8146
906
2119
-2241
5828
-456
-1746
-7804
-8913
-4204
-2160
-421
-6726
-9624
5030
-919
-4865
-7621
-1273
1046
3131
7808
5831
423
7612
2159
-4254
461
-2980
-9263
4923
9807
5381
-9988
8839
-4328
-3527
5317
-9209
6531
-1073
-2421
-2475
-8666
344
-790
40
-4075
-2665
4364
-1047
2717
6386
6165
2131
-8642
2833
6562
-3930
-4716
2348
-1151
-5423
64
-2936
6812
2636
-3094
-4252
1663
-4493
1048
-5328
6112
3343
-2235
5251
7180
4577
7408
7145
-3027
6918
2059
3036
-5104
-5876
1919
629
1991
-4718
-5188
-2172
-6551
-3491
530
6251
6108
-8498
-6505
-8148
-5030
7299
1192
-3251
8638
830
560
-6360
-1911
-4722
9295
5927
-4308
1127
-1665
-9992
-3345
-9898
9942
-3211
-8016
-7252
6174
-5267
6993
3114
-8682
4635
4495
1669
-739
2402
9025
9248
-6475
3109
-5296
-1686
-2678
8652
678
4749
7599
-2506
2485
9737
-3897
-566
4032
8233
-4141
-2244
5946
-4487
-2254
1284
3755
-3608
6213
3916
7202
-4824
-6338
-1992
9006
4377
8147
-8799
4119
9580
8217
-7973
408
-9505
-5339
-6426
-1511
-5966
-1672
2484
-3634
-3902
-7063
1681
-3687
6226
7308
1878
6506
-9368
-4098
-4535
-4881
-3947
-126
6278
7016
-6291
1720
9900
4524
8955
3713
-6645
4682
5506
-4416
-8197
-2919
9870
-8723
-338
-411
-6474
4325
4417
9545
-7364
7571
-5265
-9535
7988
-3948
4188
1446
-5264
6835
-6068
-5646
4551
1546
-2055
5634
-5489
2816
3277
3199
-4580
-5444
-1492
-7864
9194
8652
-7218
-5176
-1613
-2730
-6739
923
-5233
5955
-4201
-5479
7197
5741
-1387
2887
-6197
-196
459
559
1212
2909
8982
-8975
9653
-2072
-9315
1848
-5792
5360
-155
2499
6043
8763
8245
5962
8825
-2775
-1385
2725
8653
-3077
4551
-3935
1643
9530
-4278
256
4353
-4594
7765
-5058
8272
9744
5010
-3589
-8385
2505
408
-5622
7856
6256
-4177
41
-2653
6628
645
7544
4261
1330
-1648
3345
-373
-5686
-5340
5409
1103
-5251
1274
2019
-504
7211
-6681
-6280
2348
886
9833
8425
-950
-668
6759
-6856
4581
-8580
-4368
4966
943
-3681
6006
5762
373
6472
-4408
9143
2062
-4177
1355
-1138
-7173
7141
103
521
4580
-8233
5147
-863
5066
-3260
-4073
6815
-2481
2609
-6993
-3569
-9209
-986
-9072
2670
-205
-510
-2528
5844
4793
-439
1224
-1881
6380
-8254
6363
-200
322
-5950
825
-2050
8093
5206
-1313
-9243
-8179
-2826
-9526
3524
-5501
-2664
-6478
3425
5278
-2787
6259
-8186
4823
-3320
2296
7839
566
-2345
-9316
-4785
-9499
8162
-4278
3418
9265
4712
-3348
-9366
9453
4598
-3958
-910
7779
498
-5156
-7375
-2332
-8377
-6656
5786
8515
-8896
-4454
-672
1133
9316
6270
7459
-4805
8141
-1117
-2806
9349
8889
7407
3435
-47
-3680
3506
-2379
-3191
4881
-2293
-7811
6066
1387
-813
-8904
-6468
-3684
2056
-4607
6944
6147
3645
372
-1824
-9778
-294
-3059
-851
8405
308
637
-9357
5795
6122
-3643
-8458
-8770
-8748
-4155
5903
8933
-7584
-5992
-7667
5930
-704
1761
9037
-4751
-182
-4698
-6205
-1766
2348
-3015
3278
4500
9755
-2646
-3924
-8926
8939
-2236
-9510
-2057
1989
7342
1423
1699
6402
4519
2562
7792
3131
-1170
7797
5384
-3676
-5963
-60
3857
2223
-2999
-8616
-3170
7067
783
9966
-4738
-7633
8899
-9309
-9169
-1788
-3704
9020
3974
1650
3302
4117
139
-2415
5467
-3332
5621
9795
4809
1101
-3154
2103
-3785
1809
-650
-5856
-1057
6966
8128
-5254
-7839
-9431
-386
7334
4405
6913
-9630
8842
8514
4864
-2103
-9625
-1347
-3497
-4654
7949
2715
-4685
-8334
359
-7417
-8817
-5845
9515
-5433
-4396
3420
-3209
9617
-2674
-9729
3246
-8954
-5851
9551
-6763
6146
4405
-1228
3028
2886
3222
2142
-945
2391
2506
9023
-7776
2218
6111
8707
7464
-3065
1993
-7822
-3006
1508
-8280
5409
3152
8605
-2257
-9901
-2327
6030
2119
-8691
9227
4238
-911
7974
1470
3300
4415
-167
-2613
-5346
8939
9390
8775
4038
-6794
-8831
-4519
-374
6200
2744
-9689
3372
-5871
9893
539
-7779
-158
-408
-2460
-244
6897
-6142
-8947
-733
5382
-5989
-6145
7046
-876
8642
2786
2289
-2857
-1471
6097
-9261
-1363
-2665
-747
-8482
-3382
2088
7632
-6158
-1665
-7744
-680
-276
1571
-6986
-7878
-8931
-198
7295
-7212
-7782
6786
-1833
-2596
-87
1573
4675
-9445
-9130
9946
-383
-3601
-7798
-8081
6398
6680
1648
5486
3523
7838
4291
-5447
-1675
653
-3487
6861
-4738
-2765
-5099
8767
-5173
4911
5164
6691
9003
5358
-9908
-2220
-7666
7946
6881
-2180
464
-8243
-826
-350
-1989
-6557
-9888
-7611
5413
6528
-9696
-1418
9173
-8493
-6843
-4952
-3064
9697
7769
-2490
-9308
-3104
-4115
-5115
-5918
9320
-1790
7034
-5897
-8096
7848
2852
-886
-1283
-6747
-610
7625
-7964
5457
341
3006
-2206
-8253
4416
-9483
4677
6603
-4199
7341
-2581
478
-960
2344
4343
-9870
-3194
6994
-3635
-617
-8124
-6035
-1103
-7815
-892
-8721
-7710
-1990
-9807
8660
9325
2678
1541
-527
-9699
160
8315
4924
-9782
-7081
1192
-5056
-7103
-5739
2409
372
7474
4094
995
5519
8744
-9566
8659
-9063
-7144
-7716
-81
-8437
-4401
-2119
-860
-6242
-4542
801
-1804
6746
-9324
-36
5561
-297
-2039
2179
-3703
-2222
-9113
-7177
4844
4293
9755
-9249
8152
6376
9298
2739
-4502
-6322
6193
3944
8433
4800
-2213
2344
7138
4659
-8987
3760
-8902
-8614
6698
9194
4470
-6179
7093
8350
-3544
-2056
9576
2527
3061
-4934
-1696
-1076
663
-3350
7924
1538
-3564
-8700
2983
5938
9260
8932
8401
6023
3096
5073
-4368
3616
506
-322
-499
-6870
-7629
-1595
-6629
-9985
-3511
-5413
-7377
4499
2718
3812
-5568
1448
-8438
7573
8158
1381
7414
-6618
179
-2550
3935
4476
-4674
5683
-2128
-7402
2147
8250
-7894
-1742
9388
-3497
-1670
-243
-4085
6346
-8288
7918
6718
9053
21
-7466
4925
7085
414
2879
-7554
-5619
-8079
8672
-7530
5607
-3601
-1152
-9721
6955
-9054
-5502
-4056
-5522
-563
-1235
-436
3900
317
-2953
-6239
1245
6798
5635
1247
-2313
4610
-1521
9563
-3604
-2560
-7570
1308
2434
6953
-954
-373
4051
-2421
2993
-3431
4823
3593
5813
-5611
4671
6006
-151
5231
-6919
8717
1510
-6369
9625
689
-9991
-3349
5378
9666
-3465
9673
4757
6813
-1899
139
7069
-465
-2652
2538
-5356
-5711
7163
-737
-4595
-3255
8057
-6685
2610
-7580
4812
-7820
-9078
1944
-2945
-6828
-1532
217
7055
9454
5205
-2348
-4745
-7808
-4313
318
-5850
-7984
5438
4265
-5553
8484
-3184
-2249
6605
465
-6982
-893
1467
8197
8918
5434
-2965
-2518
-2337
3217
-1706
-9640
-8578
7295
6186
-7759
1010
268
-2073
3707
5696
-9999
-7981
4662
4387
-2428
-2757
5102
8891
3396
-1017
5714
8911
3664
6790
-9183
-29
-1125
-7027
3573
-3662
1050
-4017
7013
4220
8268
6355
5067
-553
-6327
-4143
5652
-2444
4262
5225
5428
-3073
963
7620
-9616
-3326
-9874
-9585
8257
1475
987
-3180
233
-1991
1711
864
5361
5263
1055
-7101
3606
-4518
3109
7516
-6917
8969
9424
7320
-2898
-370
3461
5685
5060
6590
9214
-7442
-5536
-6496
2654
-9158
-9577
-2186
-6400
-3821
4256
1429
4468
-7413
-3288
-2237
-7553
5286
-1485
8317
7095
4226
-1153
-3139
6720
2346
-7143
5166
-1175
-8068
-6484
4589
3209
-7390
524
-9567
-9635
3378
7418
9111
-290
-8022
4231
8927
-6237
1042
-4221
-1411
5766
5539
-5019
9890
3243
1941
-2227
5749
4917
-4093
5765
-5234
-8593
9182
9780
-4893
9550
-2465
-538
-2337
579
7873
1209
1063
1818
-2946
96
5094
731
-4629
-728
7182
-1816
-7609
-9738
6192
2948
-7725
-4054
3558
3879
9880
9657
-8891
-8092
-1997
2
-325
9725
-1301
-4851
-6027
8546
2176
2472
-4904
3010
-273
-4164
-3614
3131
-5354
7970
-7535
-5801
-2329
-2604
5740
-1543
8554
3697
-8798
-5767
1817
1185
9937
9400
8737
-8200
8435
7172
100
8121
3501
2417
5038
-6908
-4448
-4484
7090
-3633
2677
7937
2660
-4135
-9641
5
-5946
9583
3167
-4148
-9037
-7318
-1353
2087
-9435
4721
-1080
409
-5663
855
56
-2127
-4362
192
8245
-1704
8535
8768
-8023
1241
-3335
9167
5167
5067
16
-2159
4899
-9278
7699
-6507
-6266
4613
6132
-5857
-5518
-1263
8090
754
3864
3509
-301
-8269
7138
2496
7479
-4695
6324
-8660
5436
-1004
-9316
5808
5760
9901
-7907
-7968
4602
-8051
5186
9244
-2334
-4218
-8385
-8248
3667
-3728
-4464
783
4554
-4684
-78
-6805
-8821
-1375
4520
142
-6684
-5591
7774
-2203
7819
1843
3523
-8019
7327
-3737
-4024
-5478
-2925
-7318
-1417
913
-4678
-5067
4376
-6598
9584
489
-7150
-9030
4540
5397
7527
-4743
-3057
-6769
3873
-5862
-9125
-6932
7832
-3368
-4358
-8486
6105
2819
-6812
9741
4956
-6878
-6015
-6266
20
5000
-8623
7751
-8365
6320
-6326
-7276
9446
-3193
8851
-6841
4060
-6881
2234
2339
3922
3026
-4183
-651
885
-4147
8706
2666
-949
-8010
4835
-2614
3211
5673
-1569
-4302
7312
7720
-9890
4949
8242
-6136
3175
-8787
-427
4612
-5901
-7741
-7304
28
9024
-4332
952
-2145
8246
2225
-2024
-8526
1467
-1743
3971
-5063
-892
-9209
-4375
-9782
8526
-660
-9149
-1687
-5506
-6625
6842
673
-5009
3494
-7194
-6232
7468
3233
-4487
-3940
5416
-2090
-5620
-299
2579
-4187
-1194
3499
5849
946
-7708
8395
-3230
-9435
-6793
-2261
-2226
1072
-8205
9826
2118
3557
970
-8661
-7683
5087
5904
1447
-4217
50
-5233
1826
1770
-1755
5059
-7770
-7327
-7264
2645
2386
-9464
-8953
-2321
-4563
144
-2346
-9065
368
4646
2869
-9573
4999
-6715
7689
-457
-9586
-5667
7314
-8473
2702
3972
5485
5367
6624
-9171
6931
-9352
-8971
9524
9890
-8786
-9477
-4389
8487
-1330
-9602
8824
-9867
4032
5901
-1995
3154
8693
466
-537
2445
510
-7366
-7610
-4712
-3324
-3175
-8977
-9073
-7803
-8413
-48
2778
-9871
-5331
-1654
7324
2627
-8541
-1114
6769
8234
1870
-2781
4088
4090
9151
6123
-1386
7714
-7953
4657
899
6827
-9707
-3009
-7238
-9583
9369
-8689
2881
8228
4341
-6690
-2439
-8382
6396
3246
-193
-6375
4446
-4739
3374
8620
-6733
3542
-511
-3859
9094
6914
-3958
-4191
516
-6174
-4482
-4383
1981
8855
-9173
8238
-7170
-5606
3934
-6886
-7053
-4200
-8952
-6386
-7937
7737
-6843
-6795
-1601
5714
-7472
9626
1661
60
8865
5846
7022
-3185
5213
54
-6912
-5194
3807
-1964
-3563
264
-7770
9253
-6327
8187
4963
458
9333
6854
-2052
2002
9241
5132
596
-4939
9994
-3121
-9028
6685
3105
-7525
-2172
-2096
2449
-9130
-4699
8585
1150
-3145
3790
-586
7734
-3566
3091
-4996
-3628
-9801
5444
6715
-7216
2607
2277
6218
8178
-5203
-9191
-7408
8298
5748
-7191
-9945
2762
2746
-1357
2278
2186
-1287
7264
-239
-1678
1312
816
8646
-7580
-1057
7429
7897
-6141
4962
-8539
-2649
7874
444
2944
2020
-4033
1303
-9527
-7313
8408
8851
-726
-6181
-5069
-6042
5165
9232
2568
8197
-4579
8541
8082
-588
-6118
-7643
4829
-6782
8402
-1535
8279
-3414
2375
9490
-999
9910
9786
5086
-6118
3554
4063
7337
-3364
7225
-2256
-1368
5308
-9737
-4282
3785
6566
-6471
-809
7111
-9428
3672
-3450
-2698
6008
-6064
-8826
1822
-5504
4572
9083
-7689
-4264
996
-1827
7611
7115
4900
-2987
868
-2500
2867
-4924
-9291
991
-1067
1309
3541
542
-5747
5353
3880
926
7378
-4643
9642
7351
3641
7719
-6069
3048
-7143
2107
-6722
-358
581
-8688
1710
7194
3726
439
984
6130
-8712
735
-5557
-3418
763
-7429
-9820
4634
-6832
1192
9535
-1352
-7009
-8047
-6661
-4746
-2703
-8995
680
-1623
-2616
910
-5100
-5921
-9459
-7754
2881
780
-5462
1231
-3876
-589
-2667
-4250
-5722
-7390
5233
1984
944
-6585
3070
2190
915
-6688
-1924
-7839
-9550
-7379
427
1838
6512
5225
9012
-4332
424
-8387
784
-3504
-9181
176
-2313
185
-9517
9078
-1561
4683
1483
526
5104
2947
-6952
-4012
9576
8915
-910
-415
-3987
4732
-3453
-3709
-5261
1903
-5970
4389
8343
-4597
-9431
255
-3704
-4255
-1843
-6256
-9790
-4375
-4861
2563
6992
4437
-4136
7979
5879
-5349
9935
-6581
-5582
2528
-7548
2413
6639
6839
6557
1846
-9773
4443
-145
3868
-8685
4075
8917
-591
-4429
-9737
-1308
1609
-3517
-9155
-1978
9972
-1602
7931
7050
74
-7017
1294
7280
7810
-8889
9883
-4309
-7752
6026
4150
7670
-6553
9087
283
1137
-433
-2975
-5715
3290
-8857
1270
-516
-7707
106
8899
2295
2575
-6706
-8132
-8427
6655
-6839
2083
-1937
-2070
-8239
3427
3329
5698
3727
8507
2247
-3604
-9006
5359
-5661
1680
-480
-5673
-6402
-9579
8834
490
-289
1375
1490
-8913
-590
8264
8966
1098
9835
-1714
-6346
-9175
7893
-8889
4301
3055
-868
-6525
-2248
2419
875
-4187
8425
1546
-356
2930
6046
2665
-381
9400
-3453
9160
-5347
1226
5388
-8940
-3928
-14
-731
651
8211
-2352
-290
-4305
1567
5104
8274
-1725
-43
-1277
-9797
9047
2728
-429
-8317
2415
7382
3890
1744
8495
9380
-2691
-4069
9698
-4140
6829
-1814
3298
1120
103
-7933
9739
7143
-3797
-2385
8669
-3666
526
-2318
6269
8412
-2387
-8432
-5665
-3943
7911
1458
-7095
-8113
8429
-868
4756
6293
2510
1910
-7287
-8683
6803
4783
-8472
-7748
-1158
-8956
2043
-1202
-3866
7283
-7520
-2529
-7925
-192
-5276
-3963
778
-9625
6216
-5013
-8679
3570
1758
-8637
8483
-3273
-6921
9837
-8367
-9038
-2370
-1982
-6513
-9647
-5970
328
4970
1697
9239
-7125
5480
7562
-2705
-8453
3262
3532
-7386
6390
-9219
3778
370
-2520
-1458
-1061
6117
3448
2694
7288
-3567
-4392
2745
-1672
-1700
5521
-4756
-3742
-6320
7129
-2002
2116
1564
9072
1425
-184
9905
4334
1059
3290
-6357
-1789
-5032
-6122
9234
211
9698
-5598
-2318
-7846
6997
8574
-5126
-5998
5304
-998
7076
-3356
-8490
-4668
-4376
-7185
-312
-8363
-7178
7071
2145
-5224
-2333
-3964
9245
5082
-7851
-9501
2974
7663
-6749
-2040
-9923
-2301
-5737
600
-609
-6447
-2909
-9663
95
5244
3507
4589
-3835
-4551
358
5682
4628
8381
-7638
4241
6396
-9667
2713
7391
92
3598
-4878
9486
5298
6241
-4214
-7572
5987
-4418
2562
-1202
-2549
7604
1611
6390
-4363
7088
-8123
-8734
-7301
-3136
-5470
6595
3661
-9413
-703
-5399
-6096
-7332
-4552
5285
4621
8951
23
-4485
-2314
2489
-8959
-9628
9188
4216
-322
-8437
-6435
-2475
3937
5442
-2367
5978
-7384
-6638
-1222
-2623
9426
2954
7491
-4925
9784
-5931
-9527
6915
0
-7997
3350
-7763
807
6249
5553
2732
-478
-2405
-5770
-5476
-7003
-3697
2511
5843
-2517
8858
8559
1810
-7997
-9203
-6339
3713
5108
-1810
8034
-7013
-5190
-4549
1982
-5812
-1319
-1804
2299
-5417
-4110
-6386
-9145
1218
-2589
239
-6019
-3318
-4057
293
1052
-1563
7742
-6600
4254
499
-6906
-2184
-740
4825
6656
990
-5448
-3788
-1091
-6780
2760
-6690
3298
-5962
-7435
5958
6726
8409
2354
-634
7303
-2812
-2096
-5239
488
3499
3577
-6612
9367
9021
1548
6551
1720
-1165
9074
8717
3899
-174
-5794
8129
-1459
-2204
853
6296
104
3541
-7420
9579
3253
-8127
8431
-8319
-5219
6703
2401
8932
-6439
-9163
4079
1524
-3567
3494
-5338
2450
-6803
-1136
-435
2852
-476
-2257
-9645
2646
7717
2246
-8623
4218
-9594
-6669
-7392
-8128
7363
-716
-9523
5387
-4840
-9070
7856
6730
365
7261
1939
6661
-6628
-7449
-4882
-5228
-7991
-1994
-1058
4864
-5289
2486
-8505
1793
-1088
8202
9783
-4576
-3983
-4062
7422
-6149
-4855
995
9786
-5393
790
-5244
9928
-535
-9931
9056
7272
7843
3359
5015
-2857
-5962
-6587
-1617
8518
3136
-755
5093
-5592
3878
-6313
-6114
5227
-6652
8980
8064
-5752
3890
8553
-9375
472
7937
-5538
-1454
3185
7103
-2021
-3360
4881
-7357
1859
7600
2480
7815
-7109
-953
1952
8816
-670
4654
5719
-6655
-5130
-8508
-4950
-3796
-555
8467
9042
412
-4142
-1314
-9386
3691
9961
-8023
-7760
336
4144
-2124
-4027
-1038
4757
-4942
-4023
-8816
9039
8741
8711
-6615
5130
-3671
4284
7313
9875
-5030
-1834
-9660
-2332
-3081
-5966
-8335
4149
2188
-7925
6065
-9518
6465
-3166
3882
641
-8484
-7002
-3719
-8177
9963
-885
-2647
-5910
-4854
7270
363
5585
4790
-8187
-6091
5742
1798
-4258
-745
-479
-335
3181
2406
-5703
-5510
-9437
5815
-2392
5272
6858
6291
-4762
5143
2428
6771
-4081
-2544
-6008
1883
5877
8524
-8390
2949
-4770
-2274
2
-5151
-6042
7579
7045
-2317
4517
-705
6078
7745
-6995
5800
-5359
985
-988
-8318
7794
1045
-9874
-1865
-7327
-9473
8133
9934
3574
6072
-4684
-7685
1156
-3484
-5972
832
-105
4807
-8252
9570
-9044
-4716
7235
-64
-9051
-3011
7990
-1054
-7399
1397
-8153
-7004
7030
1604
3029
2342
9147
4240
-4694
-7667
-5433
4489
3850
55
31
5969
23
1009
-7414
3588
-4
-8526
1440
-4261
-9441
1376
-8175
5457
-8025
4729
-2814
-990
-4172
1914
5077
-771
-4882
-9986
-5546
1948
8559
-688
-3862
3501
-4411
9977
9517
1694
3356
6501
3390
4798
-1729
-7582
-8433
3909
3023
-3856
-1518
9995
-8922
6267
-7179
-5547
2915
8684
-8691
9218
8377
1293
4054
-2096
-7592
114
9672
989
4585
7977
396
3412
-6613
-9788
-2055
-5697
4163
-4670
-5467
-7170
-8206
-7271
9216
-3230
-4488
955
6617
2894
5228
4071
2309
1332
-8787
-8842
229
-4352
-5869
-2654
-2416
9213
-4872
7277
-1651
2775
3450
2030
8922
-4732
-7839
4610
8744
-1349
787
-1503
-3401
8983
-571
-6157
9138
5299
6620
-8023
-3284
2093
-9381
-5868
1282
5749
-7780
-6168
6325
4598
4385
-9748
-8564
6976
5450
7470
-6651
1332
7425
2034
2230
159
1901
8771
-1910
-4157
3300
-8763
5233
-9546
4225
-1551
1638
7816
-3225
5698
6431
-8764
-6345
-289
-160
-6809
-784
3817
-2908
-1672
-3345
4367
7089
6292
8567
-6357
2665
6254
-7938
5454
-5749
-2707
-6640
7694
-5393
8995
-619
7274
-6644
5495
1005
-775
-4071
-9484
3413
7504
-1883
-8418
-7815
-8166
-4988
2964
-631
9925
5595
6282
-1473
-1332
3634
6199
-3897
7162
4287
-8599
-7490
9892
-7631
81
-2850
-3865
1216
4305
2106
7390
4816
9402
-5542
-114
1220
8821
-6645
6597
8187
-274
9026
-8448
2601
-8663
-6433
9310
-2780
3844
-4984
-1156
-2355
-3172
418
-3977
-9275
7805
3352
7574
-7281
25
1077
4617
2983
2054
8516
2460
8884
528
8622
8008
-2412
-6344
1181
9495
951
-2522
4389
4054
-5041
8585
-2143
7708
-8654
-3324
-9660
-6443
-891
-5890
-1780
2826
-4274
7034
1077
9804
9953
2337
3576
-3078
4135
-1922
4074
2248
4743
-3223
-2838
4631
-302
-3623
-6609
3251
426
974
-4438
4572
-2012
-5114
-7636
8242
5151
-4217
3256
4061
1877
6129
-6369
6060
-293
8475
-4075
-75
1588
-8924
1370
-1859
4337
-3424
2905
3843
-4650
-9555
6257
-1780
5012
3709
-5973
-4755
-8639
664
-8303
-4612
-664
-3711
8345
3935
6495
-7662
-8377
9442
-6570
-4423
-7348
-7190
-8492
5949
-1343
2498
4676
9681
-558
-5160
6271
5911
-5495
3209
8141
-9710
-186
-1122
-6124
8281
-1615
6996
-1884
1262
7645
-9487
2552
-8627
2293
-7448
4796
4406
-9042
-3197
-5501
-5656
6891
-8861
2562
6740
-3925
-5373
5896
-3930
8291
1445
9874
-9473
-392
-3955
-4748
-7641
758
9939
6656
4374
-9648
-3456
6442
9444
7781
-967
-4029
8622
-8673
-8545
-5614
-7991
7915
5326
8225
-7566
-2948
-7188
1293
-3519
9420
5733
9860
5686
-506
3150
9400
9658
3590
-8217
-6879
-4147
-1916
910
-2915
-7572
3116
6358
-9486
8777
7242
-2038
-8763
1991
-6307
-4340
409
-2398
9547
4295
-3479
5770
2570
-7055
-4607
-915
2128
-1590
-5802
6784
-3677
5428
-6593
-6221
7424
-8255
1752
5038
2744
-1161
-3017
3925
-879
6476
-6429
-3955
-7088
9451
-318
1403
-6750
6001
-7579
-6631
-1303
1040
5020
6226
-4370
9361
8722
-8883
6122
-8079
9767
-3713
6642
-429
-3469
-1923
4230
-1567
2819
9833
7143
5441
7402
3833
-5201
-5977
-607
5156
-6378
-1074
-2764
4821
6871
1295
-8501
9228
2936
4312
-3307
3182
7316
2555
-2075
9009
-7273
-2349
6463
8919
8123
2075
-730
9832
8023
-888
-3507
1512
3396
2831
6404
9631
3842
-2526
-3289
4010
2641
-4653
988
814
-8492
-3177
2520
-3632
-2567
-8043
6442
-9614
-1098
-5328
-5825
-9045
-9526
-2803
8946
-4416
8187
7852
1358
-7565
-8425
-1407
1697
7975
-4834
9156
-9655
-2657
2525
170
9393
3963
4279
6620
8141
5801
-9791
-9652
8727
-3997
5452
197
-3908
4848
-3150
-8848
-5796
6971
-7399
-887
-3659
-1370
730
9696
-6354
331
1195
-6739
4425
2222
8060
3158
-6010
4755
2921
-8778
3090
5176
-4221
-9383
3150
-4415
-495
4941
-7890
-6520
2682
-4242
1367
7907
-6791
7023
3243
1224
9536
8707
-5641
3279
6023
-2765
426
-6019
-2499
9358
4565
7453
8461
1767
6344
-5185
6972
7618
3034
-6327
1835
-605
-1925
-3930
2072
-8013
-9559
-7432
4858
9068
-9786
7136
-8722
7664
-8609
9493
-8618
6360
-9154
-3639
8734
-3739
4115
2017
8640
167
-7707
-7739
4523
-3567
5035
6359
-8480
7289
-9719
-3710
-8377
4703
4713
6960
3682
3450
-5610
-4633
-4107
-9640
4052
-9262
9230
8670
-134
-1250
9102
7884
-8378
5312
-3918
1474
-5459
-8492
-4539
-5528
311
-6398
5059
-7158
-2104
1043
7709
8550
-8793
1702
1923
2206
6595
62
64
136
-9883
7807
-9516
2891
-462
3482
-8048
4875
-6621
5877
-4946
-4027
9037
4416
5411
-6725
8347
-9761
6489
-1739
7940
-255
5256
-3531
5238
-943
-5449
4789
6505
-7682
315
2904
8969
-3358
8437
5155
6640
3862
-8936
7289
9224
5210
9600
8136
514
5769
2703
3440
2208
3756
-352
-1229
632
-9915
-3849
2384
-8670
-8218
2806
873
2132
5377
1434
8088
-3624
-7548
7851
-4559
-2310
8411
-972
6650
7017
8434
5963
-6073
-9456
-1588
-4432
-1560
2148
-1229
-4166
-1488
3696
-3986
-3316
-8335
6716
6386
3151
-843
-5217
-7550
9685
-3489
1319
5221
-1675
-4661
2432
2319
8788
-3692
4513
2589
2809
3311
9705
-7847
8120
1874
7320
4207
-6323
-7643
9936
-9299
-7649
1420
-347
-1468
-4311
-2954
-1693
180
4579
6218
-238
-6212
7190
-9261
4788
6873
1335
-4313
-1080
2017
-932
-9108
-6458
2162
790
-1991
5198
6364
-9841
9995
9176
8296
1302
-4572
9946
2213
-8695
6159
-2460
-1456
4638
9211
-1684
-5231
9000
-9573
-4143
-3678
4255
5938
5913
-5294
8043
-3147
-7046
-1932
-2275
-9268
-8367
-19
-9152
-4376
-5262
3351
9639
9526
1771
-7581
-6862
7065
-992
2763
-2787
6547
8073
-1820
-6464
-5324
-5447
-4167
2282
-8965
7821
-101
3072
3082
425
-3473
-9587
2091
2100
207
702
-278
-7786
3330
-5918
6342
-921
7942
-2959
2504
8386
-3178
4171
1541
-5110
-6709
-1851
-6086
-6751
3741
-7422
5553
-1615
494
-456
-5854
2755
-668
-8793
3589
-1141
3239
1254
-4415
8009
-1698
9960
6351
3612
-9674
4026
7797
4871
-2513
6582
7877
-7144
-6994
4352
3754
4254
850
-7075
7600
9155
-6466
4934
447
-6261
-3688
-8311
8836
-4321
-8605
288
3690
-6116
7937
5300
-2259
-7312
-2805
9205
-3549
-1075
9445
-7839
-4937
7421
-2271
3058
-4294
9826
2946
-9794
3488
-8970
2239
2943
987
3023
-9520
7965
9566
4771
141
-3094
-7663
-2504
-876
-9821
-7139
-9622
8611
-4764
8495
3972
-187
-8130
6929
-9323
-1380
-8824
1889
5212
9737
-623
30
-7203
4328
-2729
-2994
-7761
-2557
-7366
-328
3549
9537
-7538
-3699
1097
7628
-9731
2408
3206
-4023
-2131
-5540
-4773
1016
814
-4918
4662
-5249
4574
9261
-9340
-4083
-6448
1525
-623
-9565
-9299
-5902
-5168
-4265
563
964
8747
-545
2587
-3972
-4150
4795
5166
-2514
6466
-6258
-7189
1714
-10
836
6716
-957
-4663
1915
9222
-1246
4443
-1169
-4877
-9225
-5669
-5884
2112
-383
8229
-5423
-4077
-4159
-7853
-5314
-8719
1356
6106
-3540
-4184
9273
-4377
1751
1693
6031
-9982
-5836
3996
-1672
-8384
6022
-3071
1477
1423
-2229
-9552
-8565
-4741
-5891
-2108
6103
8999
2575
-1070
-9603
-2083
-6491
1380
-5925
2621
-8988
7219
8357
1951
8720
3623
4870
-5770
7992
4801
-782
3939
4952
-8417
-2211
9762
-254
-7981
-4507
-983
-1578
-1827
6008
-4944
3086
9720
-5088
-8822
21
4827
-6745
-4442
1378
8324
-5903
-2586
8972
-5802
2175
-4115
-8068
886
-5307
-382
-3565
-1075
8090
-6555
419
-1035
-373
6662
-8940
-202
-1505
-623
-8738
-5989
-8559
2361
-3667
5407
7137
-1130
-436
-7572
254
-2739
-3957
1244
-1882
9758
9720
6817
-7209
-5732
-1995
1860
-2797
-2583
-3917
7537
-6888
-96
-3049
-9921
-8742
-6083
-3058
87
2998
1921
-6238
-2229
807
3090
-5438
-553
6064
723
-4582
-9371
-6424
-1380
297
3939
446
7821
-9273
-2632
4283
495
-5271
760
8533
-9181
-6345
1332
2311
4644
1668
2322
-9379
-6478
6312
-2399
-4259
2545
5174
-1385
9463
6428
4296
1199
-8081
3914
9631
1206
-4653
-3315
6623
8481
-7075
-7113
2814
-8743
5188
-2159
-6163
-9528
-6619
340
-7965
3427
6553
-3549
-6923
9182
1364
-3988
-9393
-5237
3893
-3480
562
-2786
7134
-207
2994
1400
-7248
-2709
8620
4572
4459
-4607
-5337
9215
-6567
8024
-8681
-2234
3797
9814
-1921
6460
-6789
1773
-9206
-9311
9873
9674
-7365
8612
2197
-5578
8629
-4614
5956
2053
-1916
-81
2550
5564
4205
3716
-3033
-3220
-4422
5814
4018
8034
-6709
8230
-4009
4389
9330
2026
-9200
-549
4367
3620
5873
-8542
-6394
-6421
-9077
2938
3568
-9632
2582
5439
3272
7900
-3421
822
1068
6309
-2073
-9868
9882
6257
5123
-311
278
-3924
-4395
-1136
6939
-5694
-3829
2832
-4845
6608
9770
-975
2500
-5561
-3966
3205
-238
-4059
-3519
-6623
2391
-3032
-8481
-2004
4156
8512
-264
5335
2737
-4872
-2427
-6977
2981
1525
7102
-1390
2290
-8650
-9383
-5205
3428
7382
-3923
4536
8779
-5872
3484
9461
4397
9205
-9230
-1330
-8745
-5969
5649
-2155
5756
-4803
5290
-1940
-3024
-9625
135
-6537
7242
-5344
-3797
3780
5851
-7382
-6940
1434
-8946
-3720
4618
-2722
9313
5659
6301
1799
3419
-4898
-5033
-2877
-1389
-4772
3872
2428
-6213
-3226
1400
2549
-4318
-2658
1629
2187
6884
2723
3342
4936
9896
-2731
-1715
-1905
1838
9864
9984
-3054
-4997
-857
-3832
-8013
-6368
-2490
-7635
3969
5983
-7018
4808
9643
-2741
-3704
-7559
-6271
2493
6187
5906
3787
8112
1353
-9286
-721
-6591
-6738
8135
-3903
-5268
1870
-1241
1221
4424
6462
7667
7485
4782
2880
-416
-8983
-299
-6423
3063
2710
5913
-8939
-215
4985
-7083
7170
-7969
2092
-9412
7571
7254
-6118
2731
1707
5896
-631
-5884
-640
-470
1496
6680
-7378
-2291
-6324
-6920
3343
-3333
3262
2993
-9869
1027
-7567
-8276
-8380
3969
-8469
-455
5839
51
-4974
4956
-7647
3801
-2629
-8795
-4194
8156
-9227
-9183
-543
2773
-8011
-3948
-452
-4357
-2294
-2631
571
-1307
7299
-7756
9189
4950
2490
-5576
-6352
5557
4854
3904
-5812
2715
543
-1096
1614
5662
-2500
-6323
-8948
-752
5788
-513
901
-7523
3872
7584
-7999
-7491
-6650
-4129
9748
3300
8889
-1793
-3160
-7240
3106
2848
1525
-9390
-1519
-7755
-4799
-7398
5391
-4995
9544
2154
-3093
6524
7935
9106
4044
9097
7472
4566
732
-3789
-6943
-2860
6019
-1493
673
-6144
4610
8219
-5916
-1832
-9968
-1755
6729
-4848
-1433
4008
6035
-2281
8822
-3380
1176
3444
5495
-1195
-9851
5009
-6990
8441
944
9413
-4320
-2707
-7408
-1134
7631
-1320
-9984
4303
7412
-871
-9189
9944
-8326
-2896
-816
1877
3254
-1164
2721
8092
145
8233
1041
-3824
-4655
-2155
9463
-2725
2953
-1473
-6125
-3562
4405
-9132
-706
-7763
4420
-1684
6382
-6399
6632
9976
-6483
-7417
-416
7073
-7286
-986
2605
6039
-9234
2150
-3101
558
8867
8857
6698
2819
-9261
8486
7986
3700
-1231
1050
-5646
6469
9381
2848
5685
-8640
-1400
-9298
1675
-5141
-7134
-5392
-2199
-9462
-1509
-7796
5056
-7043
264
-317
3121
2232
-4873
9974
-9839
-5098
-8400
7117
5408
-1179
6806
-1407
-7383
-9694
-5779
8511
1026
2851
9421
-795
-9873
7658
6830
6725
-8500
-5595
-4496
-8934
351
-411
8467
-4707
2502
-4345
-5659
-2158
-7810
1002
8698
8826
7581
-38
-5715
-2209
2221
-5702
-7133
-1749
-3999
424
2618
306
-6003
-134
-1923
-804
8139
-1069
-5344
544
393
4501
-1064
-3069
-6698
-300
609
-5662
3722
1697
6819
-8644
-6220
-4714
1186
7004
2521
-1218
-5228
-2050
1505
-5328
3017
-654
774
1871
4860
-6598
-9698
185
-7561
2063
892
-8669
-9890
-1135
8694
7409
-8002
-4130
-2429
-5453
-3011
-1926
-7895
2057
8225
4228
-955
1557
8341
2323
4806
1250
880
9236
4770
-212
8998
8030
4352
4350
-7872
-6757
208
9088
6355
8734
3335
6542
9026
8294
2104
9522
-9919
836
325
5860
-9319
-7198
-9860
4986
3436
1398
-2160
2851
-480
9827
-3578
481
-4621
9650
-8180
-6347
6033
9858
-123
-8249
6220
5192
3520
1829
-1755
3495
-6565
4862
3532
9474
5038
4724
5634
-2425
8219
403
3886
-6606
-854
-9293
9972
-4890
-8183
3494
4340
2740
5002
1931
8972
-2741
32
8630
3737
1853
-1346
5291
5669
7720
5252
-2701
-8681
-6296
-4903
-4191
6000
-6592
3137
5929
-9466
1600
478
-4443
-1025
-3115
-3963
55
-3211
-5975
8398
-3645
-2644
-8143
-2871
-6926
-3461
1919
95
-6269
-4525
9072
-7087
-7113
-7819
-437
556
4956
7445
-7335
9829
8650
904
2642
-8264
-5644
307
-1943
7645
-5546
-9893
-6263
-9522
-7006
-7944
6699
-9264
-1696
8788
4559
9253
203
-5708
1450
-1554
5319
-9825
-3399
188
-6854
7742
-9513
1477
-7586
4107
-5708
-1586
4273
-5543
-3493
7900
-5030
8790
8298
-6119
6364
626
7571
9036
2097
7987
6605
-7417
-4255
-8700
3984
3968
9101
7956
1700
3716
-3623
-8687
-9961
7716
5421
5563
-2598
-3341
23
8284
3046
1172
-665
963
4531
-7349
8574
8064
-9060
-1177
-7123
-4360
8692
1687
-5503
-8455
-3425
5371
8385
8466
-2722
8587
4373
2158
4806
555
-9520
8768
-5198
6353
62
-6413
-9804
-3873
6663
-8038
-6721
4904
-9361
-6353
6431
-2072
-3745
-6943
4686
-6763
6609
-5908
6126
1936
3474
-9025
1247
9039
-1892
1179
9102
9033
1592
-1343
2385
-2300
-963
9972
-5083
-3969
-4140
9885
-9475
-6398
90
7482
8981
4768
-3653
3283
-8466
-7054
-3957
6874
5261
2812
3224
-5933
3203
-7223
-1460
7379
-6367
-451
6231
-2567
-6505
1814
-2623
-7499
314
9483
4024
8138
-893
-9439
3960
1580
1411
9656
-6435
-8003
-6678
3667
2218
8910
-7125
-7712
3443
3350
8440
8113
-3972
5032
-6022
6649
4824
-6585
5609
-4308
5233
352
3098
-5178
5334
4057
-1708
5145
-794
6061
700
8000
5210
1369
603
9514
-6810
-7313
9780
3170
-7881
8694
-3395
-7115
5855
855
5536
-7998
-6116
-2214
-8571
9997
-511
-6880
9574
-2157
562
6948
9420
7162
-7055
-4447
-7798
2390
-1771
-6366
-6242
-5199
-8062
4103
3830
2100
-7878
822
-4932
5351
3309
5350
-1917
422
1537
3087
-2125
7484
1920
-4938
2947
2626
3230
-2383
-5331
-599
1138
-5158
1789
-9836
292
-6150
2991
8000
5133
-5865
8900
270
-3807
-7725
-9649
-2737
-6129
-2091
-3359
-4173
2868
1763
-6670
-3900
6962
6894
-7950
3680
-2499
-5005
-4647
-100
-2977
-5505
-2617
8827
5842
-3706
-6395
4125
4971
-5365
5788
8339
-5534
2028
-2537
-9594
7731
6401
-8855
-9716
3352
-6024
-9858
-8477
-3372
9198
5092
-3510
-3380
7623
-8259
4606
1574
8737
256
6290
482
258
2789
4658
-1091
4235
3249
3036
-9806
-4322
-7021
-3309
-1854
-9148
-7821
-5138
8696
8406
1873
-8840
2870
-423
-966
-6816
4533
7298
6336
-3668
-8757
1987
1404
5332
1221
8936
5846
-941
6794
6227
-4923
8676
8971
-7050
-3128
351
5998
544
-9087
-4249
1721
-4798
-2958
-1463
-2677
-7395
-5806
-3564
6442
2502
1329
7663
-9630
-5999
-4030
-7442
9407
3264
2328
-4625
5715
-2621
9973
5695
-8482
4662
-2848
-5061
734
2858
-3847
-9787
7204
-605
-1522
-9133
8163
2180
-2567
6345
-5005
9822
-7824
-3506
2055
7689
-3203
-1355
881
836
-4286
8642
-4868
-1544
-7287
-8764
-6405
-7828
814
-3945
8044
-5116
-6850
-6143
494
716
1954
7162
-780
8280
8064
2370
1555
9367
6421
-6350
1073
-3275
2056
-7680
-7024
-6174
-586
381
-8055
3110
6473
9386
-7997
-4167
-9282
-2689
-757
3617
3239
-7076
-9253
-2940
1610
8567
7126
-7346
-8805
-1138
-1553
3546
7784
6699
-4924
-3657
6256
3080
7812
8211
5472
3546
-9038
-9398
9036
8311
1961
7788
7847
-2810
2307
-3716
-8647
6544
-8605
3866
-4326
-5655
3318
4600
7626
-8588
-9064
-328
-599
3201
-4645
-1272
-8463
1339
8774
-3936
-1549
-68
2283
4458
4805
15
3815
-5458
-5852
-4652
43
-7546
-3544
-1718
-5108
4632
7328
4381
-6136
-2768
5805
7231
-9474
-9503
-6523
3009
774
1403
8208
-8441
-2179
6240
-9757
-8590
-3315
499
3968
5779
-4476
-3310
7808
-9499
-7706
2135
5871
-8255
-1391
6509
2024
9300
-9841
221
-6037
2584
6239
-4945
-5863
3258
-9061
-1961
-7093
8046
521
6493
-5546
-4683
-4466
-8718
-6033
-1163
5588
1227
9759
-653
