68
-8348
4667
-1492
1045
-1501
-5610
-7822
-9530
-7452
-7247
4121
1485
-18
-2819
4463
-7127
2588
7390
-3981
-3329
3549
3859
-3870
1012
-1838
4632
-6586
-4872
6691
5844
8442
2081
5744
-6362
-9458
5721
8569
-5142
5004
1609
-8528
-6591
-4895
1189
-9859
-8992
255
-2996
6131
-958
1552
4852
-5205
9190
3240
6613
5718
2401
-6248
-4463
5986
-2124
-1011
2771
3451
1821
9
2088
-798
5915
-7783
3941
-3278
2541
-8128
8572
6488
541
-9228
-8429
738
-8200
-4617
9949
5620
-5887
-5550
5270
5953
-9502
-4734
-2222
1163
-1892
-3722
-9435
-2302
9086
1957
1523
-2908
-8744
6174
-3277
3974
-6517
-9198
9550
-6544
-6175
-469
-4947
-248
-2450
-1694
4027
168
8961
5475
7888
-3165
-3787
2018
-5480
-1197
-6452
-3766
-1974
-5873
9084
2508
6023
2124
4878
5252
-8222
4894
-7976
2676
6171
-4632
-5656
-1458
7281
-6453
-9128
-1908
7116
-1178
8698
8604
-2148
5075
-9664
6801
6975
-5097
3247
-523
8631
-3296
-5982
-7569
-852
1852
379
7840
-9989
1495
-7815
2616
3972
-6153
-4025
5132
-3002
6321
9683
1059
4704
-222
-7102
-333
8815
-8181
-3134
-4275
63
244
-4271
-7742
-1684
5773
8121
9228
467
438
6796
-6762
-5151
-5001
-4255
-8920
7982
-6260
3682
-2301
5402
7283
5695
-1115
4368
4490
6318
9956
6597
7116
2275
800
596
-4943
-2835
-1381
-4368
-1760
2379
-9701
-8090
9771
1207
-69
-2512
304
-5194
6302
4753
7108
1025
-3738
-5342
5448
-5983
90
7628
-1698
-3173
-6922
-6339
2308
-1654
-3195
535
4244
-4144
-7477
-6924
7185
-2526
2953
3007
9800
1523
-3907
-6952
5000
-5409
7107
-4882
2798
465
5483
-860
-9984
-7061
2305
-1523
-799
2431
2519
3834
-4860
5231
6661
1255
-6067
-1618
-6054
5198
-1008
-4637
1680
-4587
-6015
-4358
-2451
2515
-2931
-6685
-9976
6345
-3376
-8747
-3327
-5866
-8470
-9362
4416
-9296
-6219
5655
-2040
-7133
2676
6263
6774
-9538
5247
-4320
-2723
-2394
-5771
7394
7299
-7960
3679
-5033
-5547
7089
1078
-2842
-2926
7751
9148
-9416
-4192
-328
4766
-7889
-2322
63
-9898
-1337
1686
-5200
-9537
-3834
7395
7602
-5043
-3327
-4213
-4815
-8590
2752
8514
-873
-3613
5797
4468
-7121
-9720
-1687
-3130
-7991
8981
4503
-9084
8672
-8377
-2122
8862
4978
6160
4683
-3905
5373
1869
-6074
5843
-6898
4312
-1774
-949
-9842
2925
-7897
-3320
-821
-3584
4769
-7307
1486
-1041
-7139
9803
2898
-1633
4204
-6665
-6492
7781
6629
7463
-4980
-1401
4572
-8671
6756
7082
-6323
2215
-7368
-4780
-3247
-1353
-4002
2416
-6093
-499
-7534
-5647
-6192
9521
-2281
5150
-7744
-8150
-4362
-2992
5136
-4694
-6560
-8099
-9250
-9891
-144
-9467
-9511
840
7112
1284
-3298
-3488
-2754
-4662
2480
-3342
-8585
-7813
4615
8248
-2562
5561
9615
-5214
-6092
8738
-2539
-6523
-104
-5772
-2026
9237
-5446
2831
-5379
-319
-3070
-3268
781
689
-2786
-4120
-643
7663
-7464
-3306
-5747
8390
1658
4068
4928
5085
-3652
-6837
-8720
8771
-630
-4499
-6696
-4659
2529
-131
-2639
1894
-3028
-8209
6566
-5695
720
-9700
7300
8038
-2863
-1128
-6215
-144
4865
7805
-6952
5842
-3398
271
7561
6903
-7019
5833
5114
-8531
5354
-2919
-4078
9804
3457
-901
-5511
7098
-1107
-9117
7161
-4923
331
3092
-2901
6396
9638
-9401
-8774
-1108
-1919
1571
6634
-8640
8555
-5372
8316
3567
2315
-6621
-5214
-3848
-7417
6563
2582
4092
-4353
-168
-899
-9196
-9120
5816
1578
-1365
5666
-4342
-6473
-7545
2862
-4315
-9269
2117
433
3009
2690
-2061
9119
-6393
-7536
-9238
-4352
-6629
-186
764
9373
-8499
6163
3241
9471
7847
-5531
-2874
6336
-213
7618
6043
4887
108
-6905
-5446
3249
-9651
-2667
9675
3662
-8918
-8809
1873
-1505
8128
3076
-7
-6869
6570
-9717
-2526
1128
-2028
-2842
6594
1193
-3614
-3357
6030
5941
365
6270
-3814
7585
-5871
9211
-2213
-5253
3955
-2204
-8
804
4893
5815
1428
-6449
-4850
8422
1618
7239
-4397
6594
3385
-9902
-6561
-2436
-5700
1646
-5377
-697
-6958
8885
3406
2201
5142
-4322
6555
-4154
7088
-4016
-9352
5457
-1074
7169
-27
-9184
-6920
-789
-8748
6161
2240
-3987
-2438
8128
5502
-9990
-9982
2068
4388
-9430
-7727
9175
-60
-1423
-7031
-6279
-8452
-6406
7168
-8301
835
4089
7231
-6715
-6307
-3930
-1143
-1696
-3097
-4164
-2895
5559
4486
2130
9167
-7353
-6111
5098
6978
2017
-8059
2902
4763
-9257
-4513
8398
6577
-2370
-8501
649
2717
-2752
5514
-5139
9992
7701
4319
7749
-4673
-9891
4353
-4005
3505
7859
-1170
5001
-9032
6866
3153
-8248
-7855
-8484
-6026
-312
-975
-9542
7145
-3613
-5883
9707
-2902
8674
-115
9777
6046
-4715
-8117
-2472
1702
-2004
2590
-2596
-1790
-675
-5916
-5363
4492
-9784
-8629
6357
3721
6086
-4910
-6626
-7892
-4483
5644
-5029
-3009
2727
1540
9663
-788
-7779
8741
7598
-2681
-9537
2175
9378
2970
9286
-3127
-502
3917
-4430
8069
-51
5797
-4383
-856
-7787
540
8839
-9229
691
5181
8472
-1202
7899
6743
6407
-2116
-6104
6501
7606
4621
-7256
1677
6773
-9274
-1893
9660
4923
-978
-4038
6464
-1048
4203
-1124
-6937
-3024
-9069
-7925
-2282
-260
-3143
5621
-399
-5232
9404
-894
-4030
-6104
-7016
2113
2104
-1808
-3859
788
882
-2165
4041
-7078
-2290
2128
-2588
7462
6173
1145
-77
9305
9709
-7335
-4410
8328
-6184
9310
-3428
-1351
1812
-6366
-3157
6864
8154
-1291
912
-7029
-5698
9468
-9912
9420
8783
1002
-296
-5096
8631
151
-6132
5506
4384
4730
5415
-9914
-6294
3770
8752
4741
-3980
-9160
-9761
2586
-748
-8746
-9644
-6684
-4838
-6111
6933
737
5892
-8380
8470
5236
8433
-35
-2494
8690
7353
323
6277
-3798
5191
9851
7392
5833
6269
4387
2276
-9956
-1701
8257
7516
-278
8541
-5315
6833
-7014
8278
-5594
-6601
9089
-927
4037
-6354
-6010
7834
-9204
8549
2856
2240
-5770
2756
4150
5834
-818
4321
-3830
-8793
-9453
-3295
9215
5349
-2139
7504
-8216
-5827
-5301
5397
8465
-5622
-5871
166
-9408
-3115
-8525
4137
-1397
-9039
532
8032
9479
-1753
-6795
-6291
-780
-2587
1144
9184
3573
2829
2666
-6238
3989
-6771
9500
433
-3676
-7587
-6013
8264
5178
-3348
-6748
3651
-8979
-1753
3241
-235
8817
5987
-3048
-6999
2564
-2946
1719
1246
-7837
9103
-5678
-5511
-8660
6246
9960
3929
9388
1111
-6534
-8922
-6403
6848
-6704
6427
1014
3709
-8339
-6961
1411
6481
-6232
-2878
730
-2622
-1755
4255
-5069
3912
1428
-9163
-602
1879
8129
-9854
8265
-8679
-5491
-115
2472
-9386
-1624
-8456
334
2750
-5757
144
-4583
7476
9995
-6198
-9777
4864
-9002
6843
5205
-5363
-3408
1465
-2379
-8585
-6282
335
6054
-9267
-8365
-8825
1656
9432
-8774
-169
-7005
2163
-1210
-5559
-2749
-2421
-3370
-2044
1195
-9903
-974
-208
1556
3396
713
1638
9594
-6585
7577
-148
1735
-2577
8687
-5420
3610
9364
-5263
7847
-3430
2381
1259
-5330
6530
-3903
4539
4939
-9627
-9323
8977
-2696
-7421
-7605
-9746
534
1223
8728
-9622
-5635
-4716
-6961
-7467
-4057
-7101
-5082
-6307
-23
2959
6784
2160
-2645
4582
5584
-9085
-9532
6259
5744
3067
7517
-4769
-8958
-6587
-1729
2525
6116
-1371
9206
9002
6684
-5344
2871
559
-252
3018
-3967
-7925
8780
-6883
-9869
1823
6567
5946
-2255
8017
3382
6101
-7773
4558
-4607
-1084
-633
7115
-3878
-2288
-1285
-4234
-8232
6791
553
231
-3293
-9624
4655
766
-3773
-4819
7116
6096
5628
-3991
774
-3152
1402
213
-1856
-5143
-4416
3185
5988
2460
-6226
9805
3515
-5062
-1134
9273
-1917
-3039
1169
-4176
3646
7754
5814
-8348
-5055
2453
2159
3788
4514
5104
-2590
-5146
-8287
3718
-3425
4918
-3576
-3635
245
45
-8326
-8349
2567
-2773
-7821
6389
1288
-3338
9571
1539
1356
-7173
-1369
3713
-4927
5916
-8466
-8318
-7627
-4135
955
6442
1257
2430
-9185
2720
9748
-7131
-5163
6511
4967
-1499
3124
-3973
3940
6664
8806
-7188
4624
3718
-9781
2495
2588
8366
-506
-3272
-4943
8885
-4560
6124
-6148
195
7717
5995
-3048
-1213
5082
-7346
3203
869
1966
1272
7517
-3637
-8903
7402
-4798
8329
87
-3681
2738
-760
-1532
-1419
9843
4243
7297
-641
5845
-5589
76
7332
8341
2715
6871
-9193
-791
9190
248
8288
-6639
2487
3764
570
-7964
-2416
3908
-4836
4147
-9834
-5671
-8542
-4060
9239
-561
-4089
-4959
9017
95
1914
-288
4068
5918
7957
-682
2556
9100
-4673
-385
-5069
-6813
-3415
5596
7221
-5591
-3916
-7238
-90
5677
-9330
821
7685
8907
-7515
1987
6547
3460
-6506
1680
7717
-7947
441
1323
-421
8605
-4209
-4365
-8013
652
-4771
-6761
4785
-3034
1655
-4719
2261
-8015
6746
-306
582
-5130
2932
-1934
-7400
408
4010
2981
9109
-301
5769
-6313
-6246
3521
-3087
8754
3104
-5884
-5741
2402
3345
2202
-4233
2947
-9537
-5037
-6102
904
7753
7031
-8694
7573
7582
6199
3718
-2544
-7641
-591
-5629
-7877
2938
3864
-4105
9262
1737
-2944
4817
4288
-6370
7548
-9533
3859
7008
8333
9132
5353
-6116
-3348
8966
2917
3419
8274
-7373
-2605
-196
-573
9574
6437
8469
9116
625
8680
9372
9241
-5950
3914
-1586
-277
3383
-3420
7582
-5281
-639
6320
2266
-6745
7613
4743
-7581
5914
5083
7965
2154
6655
-3402
9771
9731
6256
8385
6979
2271
-6465
-1111
596
-3550
-260
-4965
-7154
-8285
-8149
6505
-7408
5805
9159
-6508
4014
2394
3921
-1876
5994
6812
3145
-5110
-9741
5867
241
-4382
6231
-4483
5480
-5388
-9416
-8590
9075
-4250
7993
9513
9915
3926
-749
4353
-9643
655
8813
-7675
348
152
864
-4606
3171
3462
-6539
-5488
-4775
-9310
7297
-438
-3441
6370
-4725
-7455
-3378
-814
-2829
-6108
-286
6623
-168
4845
-5565
-1776
6233
-7637
-5392
-7497
849
2676
-117
6956
4004
-6176
-481
6263
9893
-9058
1465
3859
-9153
5137
4956
-2950
7501
113
7679
1053
-3723
-8407
-4523
-1021
-9298
-6229
-2094
1357
-4389
8601
3835
-5326
-4713
896
-516
586
9485
-9792
-5392
8165
1341
7006
7300
947
495
-2069
-9442
-4263
-2617
-3751
-1568
-9143
-3146
-2031
9469
5656
-3250
-7327
1502
-6129
2613
-9329
5729
9719
-3940
8702
6408
-1819
7988
-1417
-1945
4152
9230
-28
-1542
-8499
-8191
1704
1330
4534
4609
-7286
-3840
6418
-106
6444
-7782
-940
991
840
7125
-1630
8688
-7389
3735
-5198
-7192
4404
7066
4234
2839
-9485
7526
-3172
-8934
2436
-2907
-9670
9293
-3335
-3305
-6696
-9654
6797
3082
-1202
1800
-8500
-328
2486
7091
1875
-9122
-9616
9172
-9858
-2236
-9329
9624
-9771
9406
1439
-1043
151
-6966
-583
-8968
-271
-6181
9557
-9975
9608
7481
2085
-3575
-7577
-653
-3349
6679
8019
-600
4695
-9113
7518
4142
3858
-4464
-4701
-151
996
3930
-6806
8676
4331
8131
9523
8649
-9684
-1873
1762
-7663
9255
-7010
-4011
9414
9735
9511
1765
-3752
3218
162
2236
-865
7322
7138
1075
7160
-1764
-2586
6516
5131
6663
3977
779
-6219
8673
-2665
-7657
1055
339
3273
-3259
-5970
-9709
-4647
9943
2149
5381
7947
-7033
-1231
4293
7070
-8962
6308
-1373
4689
-4840
545
4094
-8048
-6162
-720
-8672
3839
-3852
-490
8527
-3123
-1552
-5431
4053
-7941
6528
-6846
5955
4299
3862
5682
-7455
8407
-503
-9058
-2369
-6146
-3726
-5780
-9495
8153
-2328
5961
5330
8894
8871
-5293
-7024
-8953
1956
-272
-4864
3113
-190
4258
-8588
3196
9126
-6298
5540
9535
3213
-2584
883
2525
-6325
5289
1777
-3976
-1977
-1574
4332
-2087
-904
-9291
7030
1396
-1049
3999
315
8687
-8559
-9050
-7218
-586
-9206
3777
-7034
455
7794
-8319
4048
-4786
-7740
-3836
3012
5705
2862
-8393
5757
3470
7048
3334
-3209
4305
3384
8755
5910
2710
-3779
-5332
-6163
-4846
5692
-2747
5360
-336
6561
-794
8001
-4115
9954
9711
-536
-1337
-3752
-9329
666
5124
-891
-9445
-5084
5981
9460
-3162
-2
-4475
2126
-9416
8609
2199
-557
3920
806
-8022
2276
-4808
-1106
-4912
-6963
-7371
-5433
-7186
-5914
-7399
-1059
-8618
-796
-2876
-9745
-3733
9000
-4724
-3698
6012
-4554
4612
7148
-1084
-1033
1428
-803
8311
5932
-5915
-7386
4556
4388
-6119
5196
-5618
5951
-3882
-5090
2220
-7638
9516
-8393
-2205
9969
7887
-2727
58
5159
-7935
-9881
-3990
5987
-7313
-5428
5988
7653
804
-4394
989
8228
-5060
4793
-1868
3939
9289
4204
-2987
-2640
-4453
-1800
-9279
-8354
-1769
-8423
8585
3908
-1391
-9585
9402
4461
3534
122
3263
-5831
-3229
-6136
7391
482
-7445
5508
-9341
-6916
6964
-1231
-2458
-6084
-3586
5268
-3839
-6836
-4746
7204
685
-9629
4211
8124
-8566
9721
-4683
1014
5960
-559
391
7878
3725
-2429
-2503
3589
-5045
3614
8775
108
-1526
-2404
-6971
1269
2964
-8327
4146
-6073
6825
4885
-5172
-6803
-4528
1729
-8130
9186
-4415
2895
5536
7463
-6921
-7914
-7560
3384
4358
-1464
5647
-6707
9210
5596
6243
1767
3137
-4760
6190
3610
-6974
-1439
9398
-8390
-6823
-8526
3586
-9575
2540
4957
3545
-4527
-6219
-1027
7365
1023
3169
-2932
-7276
-1113
5710
404
-4453
6262
749
-539
4289
-7796
-9533
-4559
-6881
9700
-8871
7399
-6048
-6607
-8473
-6088
7572
6101
6966
883
2833
-8220
3015
1371
1903
-5762
3620
6585
5406
-7262
5542
-8602
2917
-2517
-3312
-1605
-2991
8040
194
-540
4751
3945
-55
540
-4603
6032
-2868
-7505
202
-3092
-3441
2418
-9518
6834
-4766
7597
1142
7486
-5751
1005
-8898
-9177
2638
-573
-1680
275
51
-6358
-1692
-9924
-6047
591
-9273
-2226
6758
2055
-6280
5417
6232
8725
-6130
6694
9899
7364
229
-9771
-2663
-9705
-8883
3200
-7022
-7399
-2057
-7756
4364
-5924
-8208
-8209
-2166
-8498
-9193
2819
1958
9674
-9025
1963
3721
8920
-5747
5131
6936
5127
5655
1541
-2407
2794
-5103
7833
9864
-2371
-6391
-399
-6397
2284
-7548
4918
8178
311
7095
7628
2058
-9916
-8512
-5187
8379
-5309
-9479
7655
5937
-674
-7905
-3437
-9297
-9943
-8680
-771
129
-416
-9452
9442
930
7141
-3995
-7920
7303
6797
-6389
-8115
522
937
7991
-1485
5219
-8960
-7925
-6199
-1871
-2189
2349
8809
1241
-3704
-3033
2290
5170
-9814
-179
-2445
-7013
5238
6028
-3607
417
-1062
-8863
2916
-6004
-5435
-9983
6701
1649
5852
-2273
-4890
-4573
5273
8134
-866
18
-399
-8282
150
-8533
1016
5701
-5116
-2226
8333
4744
-502
5666
-93
4021
3627
-4434
29
1958
7183
-3498
4386
6659
7807
819
4624
8754
-8619
-6187
-4897
3062
-6504
-4084
5344
6387
-2969
-8833
8484
-6666
6139
3747
-439
-4258
6441
7603
-7709
-4426
-4693
6940
3320
8590
6917
-9781
-3234
2889
-8441
2525
2867
-7169
531
2977
-8240
-7385
-8639
3309
1342
5464
-1168
7512
73
5142
-5194
-2096
-785
1719
-6457
4999
-2872
-4619
-9065
3681
4091
6113
-3791
5032
191
-4227
5424
52
9402
-136
-4686
4465
-4198
-3590
-4732
-7639
-4022
3328
-9023
-3626
-1067
497
4608
9394
1621
7646
-4229
6771
-1350
3068
-4178
-9244
8628
5286
-9990
-5951
-9308
9093
-2656
-974
7038
9535
-2987
-2958
8690
6196
-2856
-1198
6242
1194
7375
3290
3832
-9819
-7142
-2622
5895
-6399
-518
8399
1276
4884
-3339
-1297
9175
5020
-5151
-3513
7270
8319
-8372
-2065
6992
-9439
-3506
-5951
5085
-3017
-2461
3922
-4981
-9743
-6517
7274
59
-9307
-1320
4873
8343
7514
-695
-4533
-3546
7795
3858
-8412
1207
8471
-1082
-4519
2452
8899
2810
4170
4337
9332
8755
-6328
-6805
-3654
-1510
6774
2917
6337
1088
7014
7439
8739
6888
-4301
6431
-6053
-7540
6656
-1552
-6991
-5550
8593
6095
625
-5223
3495
2178
1922
-6025
7969
-2834
8208
-6275
-1595
391
-3516
4093
-2226
3497
-6751
-577
9761
-3906
3948
379
-7607
6782
-3344
-4963
6233
7490
-2650
5248
-1532
-883
9022
-2521
-9691
80
4987
-3950
4719
-2333
-33
8431
-2825
4489
7859
-5095
9391
-1608
9142
9652
-9220
945
61
-4876
3152
2547
-7346
-6221
5840
-8139
-3703
7105
659
-3749
-1423
9782
7084
5093
-1518
-6585
7588
-3030
5324
7492
-9498
3533
-4572
-8215
-2945
2801
-4213
-173
-9414
9352
5100
-5077
-1120
-2683
-6849
-6587
-7359
-6702
4238
-7114
1309
8128
-9086
28
3630
-4652
7646
-7175
8983
2911
-9732
-3328
-6318
2921
-9824
6170
3679
-1388
9067
-2767
-193
9397
-9326
1640
7054
6624
6440
-5907
-9134
6938
-1029
6926
1952
-1731
-3136
2798
-1204
5554
-6140
-6568
-3526
4554
-6789
-3046
1696
-9938
-6140
-2548
-6722
-6447
4886
3320
1928
-5137
8171
-2655
693
6995
-4671
-9658
-6893
-3215
6414
-6498
4315
-1686
5827
-4571
2280
-1967
-6934
-2281
-6432
-5947
-1310
-9267
-4212
128
-2088
-4692
-6843
3715
6289
-2290
684
7478
3332
-9386
3905
7206
5207
4450
-9330
-8828
1360
3740
8585
3915
-1603
1091
-942
2958
3915
-6331
-9352
3704
-7433
6674
-3556
4390
-5674
3155
-146
-1765
-7070
-2594
-2976
-5524
6215
5593
-4766
6384
2797
8246
-3540
6267
-2289
-7361
-325
7475
-111
-3158
3026
-9567
622
-2941
7592
3099
9213
-6998
6458
3679
5259
-8924
5295
4629
3823
-4690
-4681
3127
-2429
-1462
2755
-6471
6625
-1169
-9189
-6427
1378
2525
-4735
-4171
-1135
-4878
-6767
3907
2035
6985
153
9155
-3564
-4280
441
-3686
-9088
-1717
3780
-8408
6522
-4294
9285
4652
-6969
2521
8257
-53
2071
1957
5698
5343
1791
-3455
4448
-420
-8895
-2783
-3981
5065
8031
2094
1464
1065
-3715
7532
768
790
-6266
2723
3249
1888
4147
-7286
502
3248
3003
-8095
-6353
-7671
408
7186
5226
-538
-5769
-4701
7145
7563
-2614
6644
9731
-1911
-6466
2887
-731
8313
-7098
-4579
5791
7402
-904
-5677
-196
3176
-7887
-4248
705
-777
1512
-6069
2928
-8163
-9808
-3480
5813
-2912
-100
-6239
9476
3099
-2572
-5662
5902
-8857
-7982
4646
6610
5167
-9591
1846
422
8532
-5621
-498
-3702
781
-410
-2957
-6019
-2025
3198
-9511
2980
9007
-1260
-192
-9997
6088
9391
-4490
994
7984
5396
9263
-6305
-681
9580
-8734
7758
-5114
-7989
7544
-1450
7559
8107
-3468
8642
-9793
-8612
-3870
-6738
-2737
3708
8900
-3325
-3257
9667
-5858
3985
2390
3263
-1621
-9870
2524
8382
-2947
2607
3017
-1728
867
-7312
7853
5229
2859
7729
6416
-1197
-5731
-1487
2862
-4870
-6709
9394
-1116
-8506
2525
-9901
-689
7663
-4973
7140
8891
-3946
5139
-2038
-3248
-7114
6163
7782
-3484
-539
3436
-1289
-9358
-9655
-1379
-9236
-4727
-9135
5101
-3338
6384
-1164
7600
-256
-2422
8382
2392
-6018
-2738
-9019
8208
9024
-1625
3810
-8819
-9832
-4723
-216
-5780
3179
3409
-7657
-1841
3049
2856
-3723
-1353
876
4924
5390
-3099
-5158
-5457
4738
-1534
-8348
4753
693
3471
492
9867
9130
8117
-9699
2987
528
1342
2404
-8176
6633
-9223
-5394
-7530
-5398
-7343
3175
5743
-462
-966
-6129
7316
-6049
-9865
4001
7652
65
4175
-8407
-1959
7476
-6290
8157
3612
1064
-7842
6500
-2528
1974
-8110
2738
5051
-6696
-7616
-9189
-8483
-4681
-4078
-8518
-4799
4679
2678
-1175
7193
6372
84
-7724
8023
-2978
-519
-86
-8062
-8402
-7911
-8634
2049
-5337
-4902
7021
3902
2177
-3655
-4102
-7590
5862
7079
764
-9768
-3496
-4825
-1653
-2235
-5245
-1063
4461
-7989
2091
7843
8243
2564
8726
-662
-3070
769
-8218
-5739
-7457
-5195
2910
9050
-528
-5295
-4005
7277
8027
3145
-8718
5472
45
7774
983
5429
-7916
-999
-2177
1342
-7834
-9074
-8688
-6959
-8704
7129
-8457
1142
-5859
-5724
-1614
997
-8001
-5830
-9846
-1553
-24
7382
-3181
8426
4917
-4734
5837
-2864
-7001
-3520
203
4369
1217
1347
3422
6435
8363
1926
7508
-8939
9891
8561
-8004
-2543
-4611
4687
-2123
4054
3323
-2855
1303
-9649
-2847
5110
7929
-6999
-9761
-8479
3578
-4367
585
-5532
-7109
-7415
658
-9456
6141
-184
7424
5675
-3971
2911
6845
-9030
8295
-318
7636
-8656
7238
-758
7642
7379
-9058
9943
8646
-8521
724
-894
-3304
7233
9731
5472
-2438
9758
1199
-229
-5548
7285
893
5484
-1008
2150
-7366
-7519
-2772
2104
3302
9074
1760
3170
-8681
1537
-9092
-8853
-1462
5136
3082
7353
285
3814
-5434
-9829
8997
-8067
-3431
-4849
1818
-7451
7519
307
-4425
8789
6726
-3053
-1297
2147
-7929
3805
7229
-5406
2062
2915
-8592
9745
7977
8167
3720
-4004
3050
-9057
-6176
981
9780
-2688
9331
-7309
2059
-216
3606
573
-9009
9097
-8900
-9396
5143
762
-1706
6439
-4913
1690
-5613
-3793
-8624
1251
5336
1250
-3483
3375
3833
-6963
-7445
-2523
-4159
-3253
8265
8653
-5041
-100
1645
-1464
6645
-4217
-9842
-842
-6515
6088
6343
-8604
-3051
8996
1572
-8561
-7396
6444
2588
-9821
607
-4330
-4240
7897
6240
-1072
6032
8032
2665
-2666
2538
-64
7014
-6276
6277
952
3948
2664
3874
209
8063
5162
1365
-2508
20
77
-9267
-6190
8078
-6944
-2267
3550
7993
7023
6748
7282
5733
903
3237
-9754
-9901
8584
6723
-4266
4061
-8355
1464
2814
1034
2255
4725
7754
-2212
4931
-9787
2412
-9240
-4897
4917
3591
-864
-4790
8573
-7885
7777
-9262
-4637
5737
-3802
-2646
-9637
-4602
2531
-3016
-3470
-3449
801
-9733
-6714
7541
-3789
2714
-2778
-1001
5438
-8655
5127
9634
-9387
-1031
-2216
496
-8062
2160
-4662
2630
-8810
-5826
-1360
-578
-4071
2655
614
7915
-1754
-5994
-2638
-8132
8994
932
862
-4938
-9769
-9835
-9133
-6902
9030
1542
7557
-1999
-2431
6422
2102
-9880
-5064
-6304
-3749
7816
3502
-6077
-6346
-2117
5833
3517
-8530
-5275
1877
2457
-7904
7359
8966
-6581
-5522
7966
8199
1186
4723
-2406
7324
-8428
7695
4680
-2539
6309
-2912
-9983
3726
2944
4128
6806
-1785
-5048
840
-113
7371
8815
-3094
-9276
8217
6221
-3503
9100
-3302
-9052
1942
-9638
-4873
-1089
7738
-2282
8323
-3132
2976
3427
4957
-681
-2288
-2744
-4456
-8151
569
-5667
6154
2653
-4705
-8449
421
7019
-5997
-4592
7463
262
6644
-8943
-2642
-1958
9044
4265
1032
-8289
315
712
-3194
-8775
-9048
-1982
-7778
-5445
8902
-4347
798
-9622
8795
7210
-6847
-6780
-4933
5687
551
8370
8022
-3350
9577
4388
-8234
-1412
-4368
5078
-5806
21
-2403
-9870
-7054
-3632
6615
6320
1212
-701
2978
-3332
-2618
-7599
-3319
-4406
-891
2864
-7362
-173
4969
-24
5515
3410
3641
386
-6565
-7380
-293
7280
6741
-3929
-29
1576
3945
7652
-7172
-2080
7002
1337
-255
3701
-4389
8066
-8274
-5617
3602
212
7178
4228
8244
-7712
-9167
4886
-7431
-9996
-8276
-9664
9222
7295
-8542
9577
1808
2049
-3588
3414
-284
7603
-7602
-748
-1410
8385
8464
8233
-563
322
-5135
3981
6523
7505
-2711
-6212
6228
979
-2421
-6194
6278
6960
-7647
9557
-5983
8654
-4013
8760
-6021
-6404
-6567
-9606
-7992
9112
2177
-2195
2922
-7138
-9368
4243
-7792
7243
4710
-3176
4392
6693
1709
-2689
8076
7211
1828
-4456
-7809
2236
7830
7815
5394
-5251
-4972
1338
-9760
-6849
3121
2250
1482
-951
693
-7239
-1847
7294
-4308
397
4811
-4018
-2948
-9382
-5259
8953
6202
7445
246
-722
8070
-8890
4513
-5553
2917
-4839
5154
6305
3149
-5627
4034
4647
147
-8755
-4666
3449
-3922
2449
7994
9029
2424
-8183
9409
-5021
3573
-3713
7182
9101
1103
1723
8676
-7352
8800
-4655
6172
1049
3722
7112
2693
-9026
-5006
-8865
946
-8562
-185
-5063
1101
-8488
-7139
5697
-2819
-84
-8748
7874
7685
-974
-5076
-1160
-9634
4381
-7899
-3042
9943
5606
4465
961
-2068
-3467
-9774
4639
3198
4338
8216
186
4085
809
6322
-1872
-1704
7254
1671
8583
-4111
-7369
-1944
9684
2000
-8033
-634
1652
310
-2733
3648
516
-4221
6029
9496
7575
-97
1131
1430
2714
-7218
-6724
-7285
891
6919
-6369
-1747
-969
-5583
9611
-291
-3748
-5573
-8684
2748
-1900
6952
-4092
715
-5562
-4285
6248
-9900
-313
738
-4016
2953
1663
4149
834
-7425
-3837
-3349
-4766
1456
-2603
9601
-6183
4605
7903
-5610
-7040
2234
-8099
-9741
-5244
-7947
-7645
-1571
-3832
4357
-3138
7758
-7493
-2974
551
92
7348
-8216
1841
8549
7019
-9266
-9370
-9172
114
-1637
-9401
6349
7924
9472
9159
9424
6377
6480
-5834
-8945
-1150
7292
-7198
1106
-3303
-2077
5561
7375
-7842
-1038
8126
-1815
411
7172
-7619
-94
1150
8947
-887
4161
-7964
4650
-9848
-6718
-8073
1644
8666
-2121
-1178
3744
6226
7021
-6700
-1285
-2318
-6746
-7051
-2688
-8333
-3695
7336
1638
9793
-4217
-4592
-2215
-8344
-7515
-2111
-5544
-4171
-8107
-6217
1795
-6258
5112
5608
-3019
-5232
-4044
-5973
8682
2168
-4164
-4603
8226
9575
-7850
-2094
-460
6802
1592
6396
1891
9589
5553
-4581
423
8102
650
9236
-6004
-8150
-6955
-5932
7585
-3936
8987
-2112
-9455
-4326
-7407
4940
5550
9109
-7285
-600
-2075
6113
6041
5835
3434
-6580
5498
-2956
-1492
-8154
2316
-8705
3771
9558
6232
7118
-8221
9747
-9323
2635
7123
-9052
-744
2611
2864
-5331
-3491
5591
-9107
5094
5679
-8717
-1797
-775
-421
-3868
-9499
828
3640
-7434
8268
-6498
-4444
-6937
6990
774
368
4152
-2194
4228
675
-8786
7132
9148
8200
-9352
-9178
-7961
9478
-3786
-8750
4857
8126
6681
158
7618
3286
4717
-3525
-247
4559
4838
2086
1627
2148
199
4290
-9376
5241
-650
6430
-1305
-7916
-1312
4104
3408
-9162
-5688
3195
1119
-6455
7308
9285
1563
-9275
-8611
-6552
-6175
-1919
-2918
-7638
3879
-8600
-1252
7200
6616
4429
1540
-5048
-2085
-5583
1697
127
-1869
1500
8532
-3701
-1256
-9025
760
-4891
-1042
-9379
7036
-9116
-8759
-6831
5627
-2494
-9159
-5004
-8107
-1463
-6508
3507
674
3336
-7661
3131
9319
-6473
5893
-4398
-9320
-8927
3015
-5441
692
1660
-387
4233
-1793
-8974
2617
-4727
-1354
-8806
1994
4987
5404
4519
-6745
-165
4788
-3435
4862
2750
-8341
-6
4024
-2879
-7254
-1003
-1113
3721
8877
-288
-7624
7560
-8517
-8775
-9799
-9104
-4989
-8079
-8361
1662
-5073
1031
-3294
-795
6892
-7188
-2970
6893
3735
8549
7883
-2973
-2385
1919
-3052
-7808
2971
3047
6483
1990
4265
9759
-732
4710
-4941
200
3072
7352
-8102
-4871
-9533
5402
2044
-6292
1412
-7329
8858
511
-2114
6896
2890
-5305
6839
-2318
9107
-9479
-20
-6971
-600
1947
-2466
-5977
-4915
2068
210
5123
-2005
-3438
-4209
-1666
2405
6443
-854
-2892
3755
-6475
8923
5376
512
-6382
9076
-6668
-6405
3523
-1786
279
8597
-809
-787
4269
-6318
9902
4370
6981
-3642
4899
3450
1307
4738
6126
9357
9336
732
-9146
-6154
7966
-957
-4290
-7404
5355
7741
3738
-815
-284
871
2713
7621
531
1056
-7992
9766
-1604
3496
4493
4045
6103
-915
-5732
371
-3536
-6381
4901
893
3256
-9800
4893
-5826
-9112
4680
-1311
-1220
6635
9192
-3716
-8291
-3918
-1096
8136
-7608
4481
-3293
-5517
5110
5160
626
6666
9372
-5047
-792
2852
7976
9416
1554
2926
5083
1581
-8447
9104
-1803
-7488
3335
-3479
5804
7483
-1947
1211
-4609
-1266
2321
-5866
-3302
9658
3577
-2801
6971
-9060
4342
1044
-7312
-2370
5082
-5659
-6456
-7680
-1494
1195
9430
5034
-5537
-7787
224
-9080
-6979
8649
694
4783
-9092
-8906
-6676
6346
-9238
-3602
-4345
-5610
-2866
-51
9393
4791
-6902
6376
9025
2193
-5512
-2860
-9871
-9108
-9810
4592
2987
4317
8774
6249
-5163
8422
9344
-1812
-1713
-1813
-6021
3546
6841
9640
-2499
3218
5544
-2072
4268
-2401
-9028
7627
-434
-9653
-8539
4607
-9703
8454
-8640
7312
-5786
7759
-4020
-6302
-9855
-4453
9292
-6511
-50
692
8849
-2684
5605
-7946
6900
6362
-2181
3254
5988
-6621
7904
-6359
5278
-1269
-9514
-6590
-644
-2891
-2621
988
5138
7767
3239
1167
-3172
-9731
3504
-2545
-9440
-6399
-1924
-9254
-8582
8597
9856
868
-7089
-3749
-4149
-2545
-8018
5970
3369
-401
2804
3851
-9492
-1964
-9147
7691
3969
4273
7000
2662
8556
-3721
-728
2187
-3954
-5105
-7984
8358
3123
-9154
-4771
-8876
3153
8135
3508
-2323
-4508
627
-2646
-7243
-1851
4383
7328
2584
-4107
3064
2160
-7565
-942
-5687
760
2577
9963
-4381
1667
8907
-6859
-7291
8228
-1892
2808
-1856
3726
-3257
-6797
9607
1667
-9975
7638
6910
-2242
-9167
-7153
2574
9634
5268
7686
-8914
-3186
-7079
1312
6083
8233
-8495
765
-2608
-4096
704
9283
4477
-2167
-3122
7671
-5695
1476
-265
-3907
9070
-3995
7787
-7141
-9468
-4633
-7738
1925
-9249
245
-8186
-7433
-6445
-9968
-8612
3331
-9178
5451
5739
3882
93
9591
118
-2802
-8391
5835
3058
4487
-4593
1627
-6570
3683
9115
7053
687
-7400
367
9984
9197
-5040
-8009
8704
-5287
-6446
9353
8807
-9901
-792
-4826
-1542
8259
2261
9417
5938
447
1525
-1515
-9267
4778
7213
-7831
795
-581
9014
1730
-8571
-3724
-4539
8610
8829
-2599
2737
6754
4956
-2869
2745
-1860
3722
2867
5055
2200
-9320
-1254
-5514
-3552
8440
8022
-9111
562
-7064
-4329
2570
4331
-4993
1583
-9529
-8425
424
1937
-7604
-8146
-4337
8840
1903
-566
-8072
1887
7576
-1232
-3231
8309
-8217
5250
9622
-7744
85
-3422
-6473
-9618
-5926
2063
-4237
9913
8048
-9764
5940
-6789
-9706
3054
-928
-4385
2286
-4397
-4496
4781
-2276
7166
6819
-2681
-591
-6873
-4201
-8850
-4109
-1250
9585
-1238
-471
-4373
-9167
7702
-7502
-2886
-6640
2302
-3429
-2828
8847
-8769
-3300
1011
9527
-137
-2383
-9071
1021
3218
1945
-6076
7000
1007
-7730
-777
-8396
-6439
-1786
7715
-5481
583
-5677
8487
7283
-3794
483
4176
-2731
6214
-4115
-8939
6670
-6214
7760
6405
4773
-6377
-7098
-1584
8208
4075
-1027
3667
-1083
9673
4340
-6171
-6715
-9715
-7068
-5430
1077
6766
9011
6244
1981
-2104
-3189
6373
-6228
5517
2745
-4121
-4047
-6044
-3219
-2431
-8612
-8033
-9246
2277
7841
-5872
186
8871
-8558
7264
-507
5898
-1644
39
4579
-7931
5934
-7145
1548
-3927
-3068
-7725
-9440
8126
-1503
5130
-4192
1420
-8510
8783
6292
-3619
-1190
7117
5211
-1811
3256
-3050
-7481
2197
8089
7268
6585
580
-4267
6804
4539
-9816
-2829
120
1332
680
-1829
237
7245
-4008
-7362
2215
3117
8492
8162
8104
-2912
-835
6227
-4407
-7173
1517
8952
3766
8421
-4412
-2466
6418
-7274
-6025
2148
-5847
5012
5275
3997
-8683
-2283
3710
-8794
-2777
-2594
3984
-3870
2151
8751
-445
2705
6376
-263
2497
6409
8095
4140
7898
-32
-3838
168
1439
9119
2959
8291
9371
-3031
3773
-8992
-2314
-797
8778
9434
-5133
-3964
5700
-2164
1505
5409
3456
7656
-6663
9952
-7811
9274
962
-5566
-2998
-7992
-6170
-2891
-869
-4628
-6550
-7821
-2898
3759
-4324
-2804
1909
4680
-8038
-7005
-2297
9049
3092
3382
-5268
7845
8757
-2070
5131
5665
-2151
8226
-8379
404
-870
9614
7393
-3901
-6201
-1879
-5591
-547
6624
-9856
2728
-7705
9158
5441
-6977
8975
-6328
-4552
-6152
-2804
-9609
-5160
2509
8738
-8914
-7638
-8600
8626
-163
