-9576
8720
7483
4277
6349
-3566
7085
8091
9579
-8210
949
200
3092
-4679
-3632
-667
-860
1955
2081
-5978
-5817
-5875
-6120
2857
1450
-3093
4400
-2106
-7349
-3285
6024
-8475
5436
-1153
-9866
3441
6211
6168
3761
-8000
-6334
4773
4760
3531
1494
2108
-9702
-2506
-788
1893
4353
7270
-883
-2978
-6876
-6949
1332
-7382
2641
6772
717
-4743
-2957
-4660
-7923
-7406
-9465
-3482
9495
-5176
-2417
-2805
5294
-5991
4505
-2960
-8831
8979
8182
9243
3551
-2395
-5722
-4579
3311
2079
9673
-9749
5861
9434
-2627
8573
-2459
4271
6089
5799
-8471
-7414
4919
-8576
-5264
3108
-7363
-9206
9630
4174
-7454
-497
-1554
8613
5541
-9679
7600
-1922
5884
-7394
-92
-1905
6267
553
-4726
-9794
6260
7590
1809
5999
-2990
-2133
2744
-8097
-2908
-8358
7119
3990
8834
-2317
7141
8355
-6546
9288
5089
710
4137
667
-4674
412
-6751
-3814
9563
-4549
-6769
-8636
4470
8889
-3083
978
-8258
8768
4989
-3824
-9197
5331
-177
6824
9455
5950
-2754
-1593
1420
3074
-7320
5927
1235
-4095
6128
9549
4713
-7604
-698
279
-3312
-9566
-7005
-2124
-5024
5110
781
-4678
-5883
744
-4704
-3493
4188
1073
-3934
534
9039
-6300
4190
2249
1676
-1480
-1019
2461
-5289
7376
-8190
-8944
-7829
9757
7675
2334
994
3010
-873
5114
-3039
-3146
-6132
7027
-1139
8135
8279
-2677
-7985
-3725
-5753
8437
-1472
5425
-3225
1373
6749
-3895
6002
2118
-5666
-7648
-1607
4504
7799
-8932
6558
3251
6108
4952
1590
-9632
-560
64
3091
-3847
6937
6805
-1146
-232
-3855
40
470
8346
-1459
1087
-49
-9222
-2181
-3413
-3547
-6158
-1418
-238
7439
-387
-1440
-2432
6086
-7878
1706
-8736
-3966
4237
3119
9522
6375
8792
-9290
-9214
502
2264
9785
-8131
8062
2956
-3006
-2723
7220
9186
4814
-1469
618
-8873
5096
9536
5480
-3033
-3959
-7023
-7609
9921
9999
-6655
2120
8280
-538
-3433
-4680
-4128
4157
9286
8579
8296
6362
-7521
-6661
-6371
3398
-9496
1170
-539
-7047
-2507
-1398
6251
-7815
3884
-8602
-9745
3641
-5047
-9166
9843
-4302
1156
805
7407
9898
6189
-3358
-1071
-5067
-8231
-863
2535
-6324
-8011
6792
-1925
518
3009
-6136
128
4659
-3599
2464
4668
-6579
-8299
-7145
-9446
152
-7119
4270
3022
-4237
-5400
-8421
-7274
-8442
-22
-1484
2311
-1655
1217
-3156
-6861
-5440
689
6122
1463
-241
4289
-2422
3510
-9047
4790
9777
-4383
-4829
-6754
8251
6863
-2569
1590
2719
5419
-6252
9888
8740
6441
811
882
-3365
-1833
-113
8568
-1083
1598
2283
8437
3013
5564
7646
9136
-4696
-9073
7525
-4262
8010
9791
6761
-7114
-4360
4937
-4588
8450
-4025
6101
-1298
6586
4212
4758
-9985
8278
7595
6694
-6912
-3343
-3966
-3582
-8000
-1812
-4705
-2152
3392
-7949
-524
372
3026
5591
-5427
-4721
-6688
-2831
-1783
-3145
7523
-1628
7483
-4142
-4774
-9817
864
6634
4358
4915
2984
-9914
-1631
-3471
-9438
7745
-353
-4663
-5858
-9471
151
-2525
2319
-4307
8056
6218
3780
-1216
-1285
2503
-7819
3879
-5712
-3546
7203
9858
4186
-4359
-1581
-3038
9576
7441
-418
-740
6902
-6525
-254
-3589
-4999
2956
168
360
-5363
1288
7008
-4753
-5318
-8547
-2071
8170
-5638
-9699
-148
-8158
8775
-3799
7406
5057
4984
-960
2057
657
428
1503
8714
6286
-1619
4051
5580
8681
9222
4605
8258
-9950
-9137
8379
-8062
8662
-9749
4827
-4494
-4491
-4913
-7674
-1737
-112
1342
-5626
-9508
-4271
9769
8647
9257
2221
9768
9704
112
-2337
5329
7572
9408
-3058
-9844
-9370
8963
-1816
7246
-9720
-9109
4693
6614
6219
-7260
-7146
-7492
4541
-1358
-9083
-1075
9479
5263
1704
3294
-8432
6323
8084
-2632
3896
836
-7268
-5937
4827
3680
-2172
8846
4795
5748
-3121
8530
1847
-6679
2965
2939
2294
-4047
-6551
5477
-7790
-9568
7130
1099
7009
7410
-8497
-7288
7710
7585
7455
-8958
-7111
-8760
5025
4763
-7013
-5889
-7381
1713
5081
2806
-7492
8686
-1422
2948
-9153
2838
5084
2340
-3434
-8663
-1997
-2752
-7554
3477
-927
-6588
5496
6466
3565
-9501
5734
5756
-4832
-3100
1576
2694
-907
-6167
-5264
-7931
5921
2587
-6495
539
-658
5233
7113
6630
-5137
-3030
7061
-4613
4358
447
-6501
-1247
6203
948
293
101
-1898
2086
-4068
-6970
197
3181
9209
6572
8530
-9295
8328
-683
-139
8162
-2124
-9591
-2053
6756
-3484
-9056
1915
7442
-4646
9519
-2213
1859
1184
-1506
-1114
1986
-5486
-2234
9421
-963
-4129
9967
1685
1211
-7145
9538
1461
-4691
8402
5598
5103
3071
-7227
-1208
2160
-6474
-8054
4445
5319
749
1557
8997
6858
-4721
-6438
-5974
-7057
6541
-6336
-3861
689
1217
-2799
7057
-2249
979
2703
-5406
187
-7151
979
7851
-8893
-8065
-9688
-6214
-9996
-7604
3952
-9481
-205
5549
2059
1553
349
-6833
-1506
-6164
-8214
2233
3113
-2185
-3686
9904
5129
566
3559
-7360
-604
-6352
3371
-9048
9273
4406
1264
408
-492
9543
4498
-2372
6421
3023
4429
-2438
-6027
-1892
-6572
-3575
5182
-2137
-296
2153
-3612
5979
-2371
-7735
3314
-461
-5689
5866
-4671
2787
-2029
5619
6627
4289
7787
2204
-4597
6089
9081
-3116
7337
-3785
-8441
-9085
5123
3922
8514
5615
8692
-9290
680
-5902
-4827
-2851
-6892
9327
3505
1237
3828
4098
6077
9351
8926
-49
-2192
7287
3943
-4633
1422
6921
9527
-8256
-8046
-9606
-1976
9849
1620
4514
5071
-2110
-5347
6747
8259
-185
9308
1177
-4403
-4720
-6947
-28
5043
-7037
3378
-8941
-3193
-1293
3411
-3914
-5462
5669
-9029
-9643
-9360
-2756
-7171
-6027
8294
2263
-2302
-9770
8075
-8410
6284
1869
180
5598
953
-7048
-3033
6160
-1779
-4194
7449
-3738
-8302
-1696
-93
2116
-4428
2243
1817
7800
-3291
8111
-5705
-2231
3838
4929
-2252
2861
-7934
-3878
-5221
-7384
4434
-400
8203
-6761
-471
38
-8966
5295
-5996
6470
4651
-2536
323
-6669
-1290
-5491
9611
-7274
-26
-4423
5020
4290
-355
4589
-9002
5437
4729
3977
2669
-1068
5974
8337
-1277
139
7828
1786
-9658
4260
2581
4803
7407
-6122
-9967
5027
5958
-4458
980
-2551
-3051
8466
3465
-5627
1118
6615
-5948
831
-734
-3812
9348
6498
-3341
-4991
-8616
2128
2964
5755
1916
9303
-4276
8097
-7937
-1387
5813
8260
-282
772
8224
-6000
-3902
4735
7063
-1246
-803
-3928
-414
9298
-5440
9810
-9075
1237
6222
8587
4277
-7299
4833
-9813
-363
-2246
-6337
6810
-2946
-8498
-5033
-1528
-9481
6834
5577
6835
9980
412
7346
5003
-2612
-5766
-4720
7951
2941
5074
-6038
5101
-4705
2677
2549
3276
-1398
-6200
-4764
1120
9261
-4336
7433
-6016
-8545
726
-8167
-8031
-4604
8913
-7634
8261
5478
-9003
-9775
8279
2514
6844
8251
805
1883
-5369
-867
3279
-2257
1533
-7808
-5622
-1351
-9088
6822
-5654
-3537
7310
-130
6219
1732
-3132
-3298
9611
9569
-4251
1119
2981
-1138
8100
1734
-6590
7895
3583
1410
-8592
-5089
6980
7593
-4244
2982
475
-2737
-3376
8926
-104
-3407
9134
9030
320
8854
-5085
-2208
-532
2610
1839
232
-1204
-7355
6656
3515
-4069
-8833
-984
46
6245
-7193
6154
-4082
6037
-3815
-6680
3078
7959
7813
9497
-6057
-4446
5880
-7208
4714
-5073
-2548
3542
6455
105
4471
-4526
1144
3312
-243
-1775
-4242
-5836
-4182
2840
-2066
-4060
-84
663
-606
-6051
-6583
7189
9454
56
-5914
-2396
-4532
8554
4028
1120
-2369
-894
5369
-5291
-1049
-765
-2120
-6268
-4998
5462
-9617
-3232
-5783
3518
-6289
-7325
-186
3495
-1808
5605
6893
4518
-1436
-6381
3320
324
-6308
8280
-8074
1065
-8977
2482
-2561
6964
6181
8894
9783
2642
-2563
-8653
-4608
8902
-3069
1334
8319
2665
7116
1889
9547
-6495
5004
3170
2851
2447
1760
-9558
375
-3952
4927
5207
-8418
-7981
8015
-2607
9839
-8629
1778
7783
-6885
-6197
2815
-6119
-2630
5690
668
2067
-5246
2273
7461
32
409
-8791
-692
7979
8297
-5555
-8788
8847
-6167
4187
-2538
-7298
6899
1849
9790
-1720
-3245
3961
3807
-1692
-1603
-20
-8935
-4327
4542
-4693
-893
7516
679
6992
8394
7514
6809
-1405
-2515
-401
1363
5310
-9601
9059
-2331
8098
-3047
9912
-2547
-7457
-6721
7366
-5052
5033
7026
6428
6264
6358
-8363
6826
-9924
3520
7271
2072
-8755
-813
5302
-2249
1520
-8440
-2747
-7975
-6898
-2405
8178
-6129
5046
-6274
-3287
-9784
8943
2581
-2482
-7911
-6341
-6904
-9828
-5751
-560
1568
7480
-2293
-5004
3337
5922
6227
4915
3613
8627
-3627
-7688
9743
-4837
-7859
8212
1393
-9424
2002
-9455
-1635
719
7460
-7013
2301
3374
-7076
402
2941
-9509
-7346
-2053
-3031
-2475
-275
-6500
-3209
-4348
-3789
4446
7749
1690
2223
455
-1217
9093
691
-2174
8770
-3398
-6330
-7051
-6717
-2648
-6800
4125
778
-7129
2638
4720
-2634
-4229
-7770
9596
-9848
189
5389
8276
1166
2755
1747
-6922
3447
8971
-4690
-3061
1018
-5802
-6009
-3949
5467
60
-5956
-7976
2903
3990
5961
-8726
8614
-6344
7881
-1137
-456
6114
6876
-1485
8964
-3600
-5736
2927
-258
-9876
4156
-6197
-980
9942
7175
-6707
-1437
-7086
-9194
-5922
-2844
6232
-2912
-8208
-3977
9948
-8158
9430
-2108
5825
-3516
3216
9478
-3870
-2888
9690
-5607
6486
-9465
-8365
-6588
-8972
-2597
-2451
3715
6319
-8667
1041
2566
-4643
-1591
1435
-6134
-7827
-1071
-2065
-1605
3980
-8132
-4781
8180
3145
9886
50
2870
-3690
-4715
2295
-6838
8518
2165
7312
-9020
3952
-18
-8003
-8021
2656
-89
9495
-6383
-8317
5203
-9181
3171
-6373
-7707
9014
-1144
8748
1174
1755
4980
-5586
1082
6685
-7930
-2859
-8366
-4575
-1881
-3782
-7472
-5362
4278
-7891
2005
-1814
2203
-9955
-6761
-4918
-629
60
5902
3704
6804
3595
-1609
4776
-2014
-5072
670
563
4254
6130
-5692
-2637
9390
7914
-5269
8800
4648
9944
198
2100
-7527
-3753
-7231
895
785
3180
-6545
-6530
6365
5646
-8540
6835
446
-3932
-2798
-3820
-3847
-330
993
7202
6538
9299
4739
8145
-7311
9462
-7577
-6220
-2299
8273
-3544
109
-2751
1916
-5218
9144
-8666
7193
-6219
-3227
8056
-1847
5240
8314
-8833
-6888
1697
-2408
-416
1273
-1635
9297
-6041
4659
4678
5539
5471
8121
3431
7357
-9109
-6645
-8858
6470
-2239
-120
1902
1220
8592
8792
-7825
5902
-4120
1020
-8918
6253
467
-5442
-1454
5296
8100
361
-1033
-134
-6528
466
8465
-9961
-9763
5554
-2002
8417
1061
5007
4836
2635
5560
5257
-734
3222
3660
5070
2836
2685
-496
-8184
-9114
-699
3031
7467
6475
7079
-2710
6765
-9378
-1851
-5593
6563
4961
-1647
-3570
161
-2944
8914
-8974
318
-5240
-2760
-5170
1151
7535
-5760
5355
-4659
5805
-107
-8461
7776
-4783
-5573
-8049
2909
1659
-8077
-4633
-6786
-3348
6402
4945
2716
9998
-4946
9933
2429
4776
7635
-6938
1224
7755
5735
5889
3324
2274
-52
-9679
-6135
1045
-4977
8315
-5064
-1543
3551
4112
-4841
-4880
-1347
6916
-2632
-227
2005
9645
-4269
4516
-7192
-1534
-7584
-6424
3440
4787
7196
-8414
5240
-8430
4765
-1559
5530
-1344
-5335
2000
672
-3819
-3373
-7377
-3829
4246
8327
4815
-6975
-8184
-5612
-6522
2025
-1529
3841
7863
1925
-362
1685
-8766
-3543
-5932
4
3442
-102
-6593
4199
9523
9215
-7072
-3690
5538
-8186
-9787
-9801
7749
6984
-6726
6725
-539
6344
-8738
7355
3762
5496
-5391
5834
9427
6443
9890
-3479
7347
4581
-8659
-6397
8291
-5948
3885
-6692
1276
-24
5646
-1514
-8588
3637
7300
-544
-7836
-4143
-1543
-5004
625
5780
-3958
7771
4802
-3170
9654
-98
6153
3638
-3728
-6054
7568
-812
-36
6165
-2434
-455
299
2573
-4125
-4582
4666
-2481
4650
3940
382
-6461
-1404
-9311
-5877
-1119
2639
9332
-6542
-7736
-5733
602
-6410
-9719
-3254
-7235
9638
-7791
-1530
4520
-6084
-8625
6842
8665
7704
8947
-6031
1520
4940
3048
669
-4267
4054
4040
9866
788
2244
8981
-3632
-7889
-6557
-705
6261
-6546
9745
4155
-7354
5343
-2013
5914
9068
-7816
3935
-9787
-2331
7021
-839
6528
1826
-5901
-5675
-4392
2696
5148
-9687
7711
-4747
7912
4426
-3811
5466
-9916
-8807
-805
1847
3245
9971
2752
3188
-857
3029
4323
-2172
4910
1693
-7440
9961
-3144
7235
5290
-2937
9409
9384
-7306
6817
6568
9330
-5651
-1144
8742
932
-399
-8708
-1379
-359
-2360
-9274
-6765
-578
190
-4310
6295
7354
-7746
878
8684
-5749
5117
6114
-5827
-1309
6014
5351
1953
-8888
-1914
-4266
-6488
-9994
6887
6905
-9771
9902
-7946
-5724
-132
-2267
-233
6967
4809
-7775
7508
4695
4390
5875
-1332
8287
-1260
-3916
-922
-9929
6988
8058
-7094
6512
9307
-6664
7745
4772
9201
-7076
4304
-6478
-3903
-3983
9816
3687
-9441
750
-4401
8641
-53
-189
662
8463
-4580
1130
-7162
7390
3450
1386
5789
-1621
-6512
-977
-4950
9860
-8019
-255
-4908
-9394
3068
-6789
7148
-5269
-5904
8563
7113
-8647
-3218
9375
7812
-3243
5402
3586
1924
-2568
-6237
5507
-9810
-4969
4443
-3736
-2071
-5806
-7295
9988
1167
5586
-7734
-764
-5344
5008
-7995
6168
-1179
91
-1835
343
-8198
4562
1002
-6678
8050
4301
8710
-8260
-2424
6524
-4976
-5313
-5043
7883
4081
-8385
5576
9768
-6540
-1008
6601
4393
-5164
-4401
5938
-5317
7081
-8894
-3160
521
3040
-8681
1671
4270
1351
-590
1973
-7481
-107
9355
-7499
6193
6324
1558
-1623
1398
3116
-9075
413
-8358
8379
-431
-7870
4132
2951
-1597
-3896
6250
-1931
2217
6254
-7114
-2865
-1594
6478
3395
7751
-703
-5447
-1377
5858
4124
2090
2301
6208
7791
-3945
-5396
6584
9331
9270
-3779
3450
8559
-7015
2826
8143
-5753
6905
4530
6827
4790
9596
5334
7784
-4649
7728
727
1115
5680
-7694
-2181
-1999
-9315
-7087
-9353
4769
6538
-9946
-9563
1155
4053
-4110
-6225
9436
-94
-2237
-5447
7105
-7168
-6001
3572
1241
-2058
-4657
-3147
1298
5578
-1048
2866
6189
3883
-3267
-1667
-4034
5514
-3515
8471
-1755
6111
9835
-6636
2390
-2491
-7673
8808
6371
5195
3971
8171
6518
9509
-6255
-9846
-7591
-8054
6093
7974
-8421
-9888
942
-2121
7145
-8894
-7253
1073
8584
-4347
-6615
-3608
-7350
-2522
-4405
-6589
-2363
-1200
6299
4873
2110
9554
-6103
3357
-2693
-31
-7482
-6062
-3901
7214
-8217
8411
-3566
6773
-5622
9452
-541
-6813
-1755
4009
5002
-6602
6534
-1760
1491
8509
7551
4289
9960
-5583
-2531
4048
3378
-9629
-8993
7734
-5349
-9328
3060
-3254
-9228
-5720
8981
-6057
-9991
7020
7616
4548
-676
-7195
891
-8032
-8643
9333
378
4553
-3538
-3616
4760
3080
1403
8365
-7436
-206
5862
-5849
6255
1156
5999
-6181
6951
6751
9132
2466
-5684
6997
-7374
-5102
-5896
4440
1502
44
-5067
2473
2761
-3034
6032
-2351
3482
-8027
1297
-6299
-562
-7507
-9560
-8917
4574
6092
4868
8825
-8844
-3178
2227
-8583
9966
7020
8487
-5622
-9576
4503
-785
3964
4490
9606
1027
7433
1140
-8001
-1466
5336
7525
-4465
8565
994
-4490
-8565
5953
-7684
-1721
-1971
3457
-6736
-2941
-3216
-4760
-9391
-5317
3673
-9347
3926
9460
-5202
4033
3829
-281
-1051
9571
-4269
-8108
5315
-9484
-3822
8868
-2514
8271
-6874
3596
-3245
-4962
4375
-8801
652
7203
-8412
6643
1011
-1195
-1578
-3147
5036
2341
7858
-7946
-8496
7287
-8587
7471
3131
-3402
6972
5763
-3159
9836
9267
-7182
8718
-9832
8932
-2595
6894
9074
-1696
8764
855
-8845
9901
-9932
-2777
1722
9572
3788
-4550
-6500
2610
-2845
-4460
-6123
8195
1469
-5169
-5666
9418
-2501
-1719
2789
-3642
2571
9362
1075
8345
-3509
6786
-6567
8820
-4585
4025
6448
4147
-1641
-9061
-4495
665
-6153
4506
-320
5950
9153
-910
8825
-6057
-3708
2579
5547
4182
-3318
-6062
1613
-8359
-6254
-5866
-3634
2934
645
-2339
-3595
-2289
1662
9456
1741
7176
317
-6502
-7727
813
241
9963
9425
8433
-4391
-7618
-8543
5752
9075
-951
6212
-2308
5748
-9790
1126
-8798
8746
-5798
6960
-3669
9322
6615
-1536
5092
-7206
6817
-1471
2132
7838
2050
-3382
1241
1735
1850
-6161
-5009
8467
1561
5095
-8591
-4290
-7341
5340
6786
4149
-7716
5882
-309
-2395
8047
-7076
-2674
-5645
2503
-7522
-7215
-8218
5042
-4975
5507
3204
-8098
7514
1058
-4718
-6782
4219
-6464
5049
-3406
2648
-9551
-9433
6822
-4001
1962
-2231
-1630
9542
2224
2818
-7646
-9487
-9745
-8680
2744
-351
6173
3683
2325
9820
-5340
-528
9049
-2673
6237
-6566
1910
8677
1003
3375
9237
8084
-2491
819
7454
1089
-8390
-912
1139
-8464
-2362
3101
-7472
5563
1367
9556
259
9900
-9918
8554
9506
-7737
-5009
-3504
7998
7366
-7662
5847
3861
9771
-3948
4643
-5417
-5428
-7084
309
-6117
3374
-9407
5199
3743
-2779
-3697
6161
4721
-4487
-6371
5042
8001
-6981
9689
-9375
-9659
-1088
1170
-3504
-9874
3284
6300
1485
-4320
-3804
9638
-4124
-4786
9368
6926
4285
6614
9658
-4367
-7336
-6328
-122
-9078
7677
5965
2139
3637
5286
369
2128
7586
-6725
-7442
-1392
9255
9333
571
6235
-4307
2089
-6815
-7454
260
1709
-9217
-1823
-3625
-9959
7725
-2085
955
-3728
-2800
-7251
7708
-4255
2206
9260
1158
-4242
2600
3703
-6336
318
7790
7912
-5417
175
3830
6155
7887
-6258
-1852
8227
-8286
1373
-48
7203
4795
4347
5639
1895
5046
3554
-6073
-9001
-6770
5155
-3144
6013
1837
5686
-4654
-8249
-4949
-142
6584
-3504
-2234
-4663
-7221
8765
-2701
-3713
-5862
632
2775
8216
1306
7715
639
6668
3709
-9564
448
-9842
-399
360
-6810
178
12
7571
-6963
-5007
-6084
-1419
-5224
-3768
-3916
-8438
4069
5047
4876
5682
4782
5339
4975
1278
-4108
-4155
6074
-6842
-992
4697
5537
529
-6166
-9469
6110
-7328
1728
-4105
-3227
-5628
-542
3223
-3203
7006
3633
2655
-9536
4335
-7211
1073
9821
878
-4061
-2112
8744
-4876
7064
-7609
7275
-5338
-7815
-7437
-5577
-7857
-4422
-5136
1402
-5357
354
8748
6676
6743
7252
8784
7758
-7559
-4205
-4630
2537
152
-8671
-9213
-9887
-5741
7590
245
-5330
-3986
2755
-2500
-4527
-8963
-3975
-1991
3718
-2134
6384
6861
2262
4735
-422
-7384
5666
-7252
-3305
9728
-1229
5072
32
-4053
7531
-6121
1304
5246
8640
-8702
2231
-435
9116
7166
9732
7581
6886
-7327
5916
-7633
-9629
675
5036
5268
-8821
4642
6538
9720
1914
-1598
4981
9924
9256
235
9034
2782
8190
3668
4614
-8773
-7205
-3356
4627
7743
801
3325
6985
6303
-5970
-5478
-2434
-9666
-5871
-9537
-2591
4174
9038
4629
-3745
-8675
-9050
4228
-7161
-470
-3168
-3494
644
-6808
-4942
806
-6328
2862
1879
5856
-7583
-6977
7819
9354
-3687
-9191
7819
7468
3064
-5488
7932
7523
-2701
-1468
6236
-1814
5256
-665
1407
-116
8435
-4991
-1964
6634
5423
5717
-9455
-7229
5230
-6470
8141
-3483
-7884
9876
542
7507
5232
3535
-6291
-4746
-5198
-8085
5141
-7387
-3464
4735
8402
-8532
-7967
2191
3149
-9962
-4536
-4926
-8659
2419
-6771
-7114
9112
-2345
-2800
5471
817
169
5041
-3965
-6798
-8295
-4198
8737
-6606
-2288
-90
-3743
-2362
-279
8795
-4133
-9619
-6644
-9987
-2937
5984
6538
4060
9608
-620
-6743
4005
3996
-7973
7452
-629
1625
8566
1970
389
-7422
-6657
-5090
5403
-469
758
5258
-1477
6950
-545
-3718
5179
-8720
-5874
-4907
-9185
-3021
-4340
-3642
-9447
-8573
-4884
-9482
1492
-7923
-803
-828
3746
-7258
9640
4169
-4748
-8797
-2460
-5470
-7107
-606
7787
7900
-7744
-2755
-3627
-7976
9898
2597
7627
8728
-1605
-2110
6440
-9273
6625
1896
2264
-1425
6191
-6859
2163
8937
-7434
6036
7085
7130
800
9520
-9248
1197
-9583
9998
6398
2125
4120
-3909
5589
-3480
3050
7209
3326
5628
-8755
8852
7345
-8206
6381
5349
-8479
3346
-3925
-5544
-6865
-8647
2087
2776
-1387
7378
1918
-9135
8855
907
-2172
-6205
6971
-8969
-1841
-375
7711
-3879
5662
132
2292
-4702
-6179
-9745
5833
6222
-1493
-5456
4207
6232
8100
-9027
-5721
-7616
-2462
-4644
1045
-7858
-1603
165
-9949
-3541
8291
7127
2277
-4125
-5395
-7060
3263
-9459
31
4272
-6767
-9686
5455
7929
-1314
-2309
-8933
-6755
-571
-7660
7907
257
-6248
8598
3919
8787
-5131
-8551
-3109
-9626
2543
-5172
-3879
-5087
4830
-8948
2912
-5172
2863
-3650
7081
5633
-5907
8957
-1949
9006
-9694
1336
-8315
-6369
-9308
-4707
5400
4245
2884
9143
6348
9868
-9498
1477
-7509
-738
284
-9226
-1297
8797
7160
2929
-4248
-9434
-5994
-8982
-9937
-9316
-4737
5885
-2171
-143
-7566
-3734
-1660
2643
3117
398
937
-7413
7058
-2227
3360
8617
-3188
2155
1959
-9080
8009
1270
182
3868
-4098
143
-7964
-5336
5822
8661
5713
5805
4103
1286
-7688
4379
-8623
6663
9819
-4412
-3991
2624
1081
-2534
-3957
-7612
-7297
7857
4690
2208
-6289
-9774
5218
2046
9868
-2718
7742
-3716
-9910
7694
6154
8412
947
-742
-6779
-3948
-5562
565
-8533
6120
-140
7998
3114
2796
-8840
-1229
-7922
9802
8689
5002
-3205
-9687
-1681
-2300
-4265
9614
-4538
707
-4795
-1523
2054
-2489
-3823
-8501
9801
-2
3762
-7675
8406
2501
-2752
281
-5209
6973
9472
-937
-4761
-3361
-8267
3542
9162
3678
652
6789
7371
7109
1291
-718
-8025
-274
9741
816
2471
-156
-5022
6537
-3133
9168
1658
2572
7321
-6971
-2966
-8672
-8685
-6641
-1442
3985
887
-6670
3087
-8283
-9219
-985
-3045
1283
-6639
6563
-684
-9671
-3952
-3266
-345
-2129
5968
-8638
7484
-1914
-6716
-547
-9923
-8643
5759
-6850
6807
-771
-4275
-6522
3865
-3968
863
2243
7597
-4963
-432
7734
5864
-3469
-9318
-4305
8125
-8293
-6953
4649
-5745
-1677
7495
-5400
1265
-6094
2952
3543
-7044
616
4869
119
-4048
-3831
7037
-6361
-8977
4954
-4837
-796
4460
6270
-9197
-3567
6188
-3469
-5023
-3006
-7497
-9220
-3803
8561
6165
319
-3762
2124
-4225
3430
-1536
9192
2154
8860
-1191
-9118
-4126
1289
-7772
325
1393
-469
-4572
4634
-2107
4628
-8022
9081
-8566
4761
-8553
-4019
-4125
-2275
-5056
-4128
-8117
-7366
3154
3481
-4364
-6312
8713
-7993
-5476
7513
3267
-8468
5281
312
-1789
-2329
8584
635
9841
-5305
6410
-1125
8197
5420
5912
-6730
-4743
6569
8007
9915
-3972
4559
2041
-9106
-5851
-5718
-2333
5938
-5882
1984
-2480
-7087
-1679
-1083
-4800
7849
-4
-5300
872
-5834
-6958
-7545
7592
1424
-3984
-2071
-3384
-2772
4207
7384
-7298
9221
2391
-4269
-8006
-7330
1007
-6729
3217
-5162
-1719
8271
-7787
1861
6636
1026
3912
6368
-6791
5419
-6363
-5792
6878
-1565
5409
1412
8352
4230
5526
947
-348
-1342
-9778
-8270
5593
-768
-8385
-3321
9550
-1138
8617
-1225
-3088
9895
7907
9323
-6407
2231
-7618
-6467
353
4613
5129
-7803
644
-1577
-1206
3206
6097
-3743
-6343
-8197
3517
359
-1720
-7238
-577
3995
-1045
5372
4010
7750
-2242
8697
2829
1495
-2844
-6600
1317
544
-842
-554
5146
5711
-8792
2414
-3125
-2229
-1978
-6907
3028
-932
-9755
2039
9597
-9807
-2976
-496
-405
-2351
4143
-3543
-7063
-9962
-1772
4332
5807
2366
-3420
-8258
6754
-8841
-8475
-2895
-6430
7528
-8617
6945
7313
2782
7488
-8881
469
-5719
2970
-9968
4252
-6983
-1084
-3063
-8050
3471
-3153
-3887
39
7670
5899
-2054
4065
6246
7123
-7835
-3245
-214
5587
376
-4878
-4216
8897
5437
7651
2557
-3233
-392
4735
7036
-2352
7138
-1287
-8592
8796
-5284
3058
1472
8628
-6295
5076
-1795
6350
4967
6893
-2316
3531
4418
2757
6586
-7429
9640
2143
7270
-2947
-9001
-7695
-9571
-1234
-4531
-7827
-3999
778
-2379
3743
-1346
-2087
-5576
8993
4895
-7066
-1610
-8256
5097
-4043
7359
-2965
-8707
-8428
1992
-9308
1647
-5393
1185
1260
-5708
-3243
-946
6262
-1215
-1436
-3589
-1124
-2117
-1811
431
5044
9088
2424
5418
-4555
3689
-5620
7817
-6022
-8807
-7087
7650
1682
-7858
-1301
4216
4974
5391
-7514
-638
8157
-8055
-4362
8802
-7368
97
6858
5520
8908
5640
6663
2984
-9771
3284
-1431
6519
-5878
4650
4899
9442
-7993
7266
-723
-5280
-8774
850
3191
469
-767
4634
-3860
-893
3986
-9265
-8453
-6425
3864
-5468
5344
-9263
-2458
-9152
5334
6522
-392
-8502
8749
-9043
1769
6426
4390
2773
8284
7783
-8458
810
-8457
9496
-8544
452
5654
-4022
9710
-6498
3827
5639
664
-1451
4491
4872
4589
-1201
-206
877
-5825
1378
-5722
4879
-9677
7096
-8823
-9192
-8104
1512
3860
9038
6283
-5626
560
-1675
-7475
7239
-1105
-1022
-5308
2202
6710
-26
8471
3662
-1513
-3111
1923
138
-6499
-9940
-8016
-50
-2610
4600
5285
-7780
-5531
1199
7739
-4863
2370
9534
5315
-8156
-4065
1489
235
-5174
-1194
-716
9345
6015
827
2787
9758
-2079
-1373
-560
3869
8085
-5370
620
4673
-903
-1926
1918
-7963
1328
6675
-6366
1319
-5523
5920
4352
-1294
-6917
2235
8340
2685
-9591
-4942
-4924
-5097
-6148
-8831
7114
7568
6898
1536
-6349
-2277
5361
715
-3713
7201
4610
-3955
-6645
3462
-3146
2541
-3252
3807
-1001
-9265
9013
-4061
-1376
5370
-1253
6730
-8996
5578
509
7025
-3312
7265
-1939
7988
-5613
-2444
-1718
-5880
-4935
-5404
-6119
5145
-2701
-6513
3510
-472
8349
6710
5847
7634
3756
3678
-2117
5073
2234
6661
-4347
-6142
-2701
9138
-6713
5289
-2978
8837
-8379
1871
1343
-5378
347
7435
566
-2571
1906
8201
1892
5178
8086
-3334
8659
-5271
6056
-3162
-628
3014
-6450
9831
4873
9900
-8555
-4674
5012
-3587
-4599
-6185
7993
3243
-2567
9320
-7950
-7349
6316
-7666
7927
-9266
-3440
3582
-2209
-6078
-8480
2119
-162
-6960
-4940
-2977
1131
-6678
-9542
8534
7888
5048
7528
4446
7214
3755
-3574
-3687
7518
-2578
-8462
9342
2645
7647
8157
7536
5245
-2105
9132
8435
-2299
-255
-506
-1029
-5847
7650
3813
-2353
2399
4520
-277
3965
6034
-4648
5213
8659
5323
3463
-6700
9368
8049
-5888
-4812
-9867
-985
6997
1945
-2952
5505
2295
-3934
-7256
8860
-3413
-758
-5010
-1909
-6072
1382
4823
-8362
-8238
-8982
9319
-8617
-444
-8331
3694
-9180
9014
-8516
-7832
-7261
-3144
4341
3561
-589
6906
7679
5463
-6993
163
5734
9011
8561
6697
-3262
4152
6144
2977
-3451
4519
-3070
-8336
5769
6913
1525
5061
9541
-1816
1182
8748
-9314
426
-2129
1389
2995
8398
-9739
376
1907
-7401
-5681
3149
3322
-9158
-4426
-4181
-8204
2756
2734
-9177
-2411
6148
-2922
4739
5168
-9522
-7736
-3314
384
6176
-69
3799
-8933
6022
6831
-8205
-8476
-5645
6861
-3396
9240
-199
-9443
-6867
3678
-8473
693
-3366
3238
-5952
3824
-3828
1309
1471
-525
4729
4863
4923
-5253
2092
-6064
-293
5358
1958
6313
-9065
7607
1704
2358
7430
3137
2022
9577
9633
1475
4893
-3213
9407
-6048
-1822
-1587
2631
-4977
-301
818
-8526
3944
-7040
8934
-3333
9248
-1665
293
6635
1371
3705
2179
687
-7342
-8785
3902
960
122
3532
3676
-9572
-7663
4362
9766
-6977
-4771
-5270
3617
-1998
686
-9715
2536
-9788
-8555
595
5418
3764
-7518
8567
-5064
6524
-6234
4419
8612
4329
-5280
-3270
5111
-6421
-5271
3346
-7443
-3220
5643
-6154
4229
837
-5099
-1766
632
-8062
5261
-5119
-5399
1826
3278
-6593
-2794
3637
-8896
393
-2018
-8955
-5626
5751
7968
-1476
621
-8491
-1190
1747
-4786
-7309
6464
-7664
-537
-4671
-4411
9302
-9606
4734
-3068
-217
6415
-9866
7450
1483
7181
-1495
2416
7386
757
-1551
-3540
2873
-402
654
7368
6101
1219
-4891
5816
5744
-3699
-6284
8584
6683
-7259
5886
-5246
-2711
53
7103
7483
-430
-835
8765
-9110
-2989
6849
-9346
-8284
3745
1699
7099
-3827
2342
9374
-784
-1016
-4809
-2847
9606
5299
-1613
-9703
-208
7534
-7276
-310
6928
1136
-9985
-8839
-2473
6187
-1360
-4854
-2171
7337
3335
-2656
8288
2277
-4873
812
-8849
2873
-6880
2961
-8485
7204
8733
-2407
4962
7659
-9566
-2469
-5731
-8346
9893
-6964
-9114
6764
7003
-7762
2372
8463
1290
2509
-1291
-4788
-2147
2766
-5398
-1457
8803
-5855
-9968
-8570
6689
4620
-6690
-5945
4413
3094
-1349
6234
-6675
-2170
-9852
-7265
-7396
-8886
3892
7605
7634
-5668
6794
-1928
-447
-2563
2301
-4905
-8996
602
7183
-7533
-8506
-8536
-2156
6046
586
-4378
2991
4361
-5007
-1076
-1953
-8106
-495
-2326
-593
4620
1913
4922
-70
-995
-3041
9335
8307
-2170
7171
-6141
-1770
3014
4796
-216
3083
-9666
3719
7601
-1851
1380
-1876
-8021
-1537
-1157
6714
6561
6127
-2261
1868
7476
-1698
6967
972
-8710
-246
2779
-116
-2975
68
-1082
-5517
3425
-900
-8725
5189
-3048
6785
-5448
-8316
5773
3873
3820
5687
-2263
-8889
-5122
-5991
9401
3459
-8423
-7066
-4759
3061
-7966
-8665
-7922
-5399
-1416
-5170
2068
4329
-8475
-3416
5358
-3709
-4373
-6993
1095
9156
8215
-8687
-1044
-2993
3155
8158
5188
-364
-987
6029
-4545
4112
3709
3060
8408
3264
5540
-9747
-694
830
4200
1822
-7369
8099
-3956
1879
4648
-2196
8502
3322
9241
8246
9779
4768
-532
4773
-166
8502
-3742
9598
-4635
-2530
-1392
6319
2203
-5306
-1054
-314
6252
7650
110
5769
-4243
-6234
8331
3034
1209
-9639
6630
-2962
-6485
-6663
107
-1850
-9370
5186
-8136
7736
356
8015
-9205
2442
-5658
-5467
-2557
-9183
-8699
-1152
-9166
-603
-3890
-4310
-8995
-8160
-4810
-9996
4961
-3431
4824
5417
8540
5240
1665
-9999
-8526
2886
-5402
2698
4448
177
8158
-9291
-9203
4671
5250
8838
-6974
-6692
-6332
-4974
-5152
-3372
4326
-721
6559
-6006
-716
-6953
8919
-8089
-1619
-4011
3333
-7780
-6277
7211
-2747
6758
9466
4025
-3399
-8331
3133
7492
-4807
4575
-2123
-6563
602
2993
5497
8292
-9093
-2500
2909
-3093
-2782
2446
8975
-2875
-4786
3074
3525
8503
6944
-6079
497
3562
9171
7223
-7874
-2375
8313
1060
-8411
-1200
715
1693
3064
1251
-1273
-8329
1454
-7678
-9935
-2847
-856
-5378
-4548
169
-8010
-5352
-2759
-7801
8776
2349
8981
8077
-440
-6894
-2426
7184
-8883
8509
5182
-495
-6258
9305
3024
-4149
3189
-6232
-8615
890
4393
-9458
4651
-5486
-5507
8546
1195
4721
-3787
4862
-1600
-9299
-1439
-2055
-4443
-1472
-192
-8918
-4835
-1862
8089
8927
-5037
-370
-1425
-5005
9604
-294
-8521
-9085
5033
-2278
504
540
2891
-4707
-7193
-8666
3122
-194
6400
-2694
5582
-9551
212
-7441
113
-2212
-7147
-3717
-7573
7102
-6628
4009
-5394
-2257
4082
770
225
-5970
964
894
4469
-7689
9110
2033
-4155
-4723
3398
-5365
1872
8684
4974
-7310
-6382
-8099
2398
-72
-5905
2075
5918
-9919
-6616
-4778
-4783
2388
5342
8119
7361
-7540
9709
-4372
-3667
-829
9999
604
-6703
-5631
-7055
-8812
-166
5748
-8981
-6803
3949
-4030
4172
8402
3395
1836
-8930
-8240
9376
-2462
1
-7791
5826
3813
-3904
4598
-4202
-4406
395
-826
-2009
-6126
5513
3913
-3321
-100
-6558
-3610
4591
-8340
-3611
1913
772
5448
3018
-5059
-694
-4266
3810
8440
6964
-4543
2875
3400
-910
-746
4216
6692
2200
4615
-9070
7879
-8351
3936
3674
7691
9237
3655
6640
-5113
-9422
7980
-8601
1420
9683
3977
-3023
-8235
5116
-8111
-4704
-6018
-3503
4106
-1340
-6097
2919
-8494
3561
8900
5407
1911
1752
6455
-5338
4967
5489
-3006
9890
3719
1366
2761
2906
-6306
7190
-600
2219
-6388
-1042
3333
4217
5108
-4358
3708
6448
-6077
-6515
659
-229
1265
-9623
6952
4231
5114
7684
2139
-9185
-6987
2354
6926
695
-6642
-9436
-1034
-8653
-7217
-4219
9345
-1234
-7826
-1131
-3044
-8890
-804
5842
2171
-1221
6843
6289
-8509
-3574
-383
9543
9978
6791
-2418
-5922
2062
-1995
-7818
-5880
-3877
-3692
-1455
1757
-9229
4894
-5057
-6329
6351
-438
-6204
-8094
-9357
4532
-2044
8725
4056
-3344
9015
3466
-2570
-9100
-2086
4340
4121
-934
7254
6093
-7032
-8139
8636
-6520
5414
-7125
-1269
6137
-732
9729
-1287
-277
-4530
8800
7792
179
5193
2176
2011
4525
1012
6704
3212
5174
6386
4128
2767
2675
-3678
4796
6131
5041
7024
-1052
-6325
-7158
8874
5895
-3329
-2971
-489
-8632
-2742
1576
7760
6058
-9360
-9185
-6841
-7851
7601
58
-6933
9142
-3947
6708
6256
7504
-5735
386
3846
7276
1645
-8984
1601
-3696
-8887
701
2034
3626
7193
-1844
-2474
3507
6608
-6912
-8055
-2459
-3694
-2959
-3650
2455
4248
5639
-3980
2758
-8699
7314
784
9554
3205
7239
-1241
-8935
-4574
-9391
7761
2761
555
-6383
-5671
-4044
-2755
-7498
7998
7912
3273
8303
2901
-9673
803
-2259
-4659
7526
6529
2481
7049
-3069
-1383
1256
-4418
-5392
-1235
7059
8776
-2207
7992
8928
-7106
-6111
6120
2617
4020
4621
2681
-1321
-1007
1546
336
318
1694
-8619
-6092
-185
1660
-7719
2907
-3623
-7869
5147
3264
-498
5476
-6942
-9153
5724
2100
3548
2832
2317
-2317
-9345
-9060
-3552
-5305
9114
-7488
5415
1990
9296
-2512
-8905
8974
-9486
5061
-4250
-3571
7158
-6135
2364
-2614
9499
8884
7094
-5639
4202
-2985
3767
-5645
3509
6534
-7433
8261
-7231
4950
-7588
7687
8243
-8796
-3231
2959
-6711
-26
7
-379
-4461
-3001
6134
7762
2057
-2408
1052
737
-3220
-8305
4164
4699
8890
-2530
-8550
-6228
5916
6812
-270
-876
-3123
5521
-1783
-7889
7915
7187
9570
-3622
-5604
7710
-7957
-118
-5152
8942
-277
-3819
-4337
2125
-801
-6215
2010
6144
5305
4455
7202
-3602
-7615
-6232
-856
7846
-2311
-6655
-8425
-8793
609
-8026
3515
4919
-1493
-2732
5383
8011
-7202
507
-4
-2168
-2780
-7832
7902
-256
-3826
3511
2972
-9163
6855
-4961
9938
1449
-9495
5529
-5781
-6362
1521
-3555
8862
-7377
8997
-2929
-1363
-947
9899
-8335
-204
3777
6223
-2114
6253
5760
9221
-4146
9933
-5716
-5574
-983
-4447
-9950
8550
2768
1587
7629
7211
-1177
2461
-3880
3390
-9974
904
-2215
5569
5723
8908
7250
-6819
7630
3580
-9325
-9893
9715
-4704
-3961
9547
-6611
9385
5261
3606
-9819
-6874
5861
2465
-8722
8356
-9060
6027
-429
1132
-421
-1275
-9359
8283
8849
2145
5666
549
-547
9030
-7663
-5264
1207
4633
8829
4799
3916
-4952
-1586
-9152
8060
-3310
-9452
9339
8049
-4916
9406
-8591
1691
-4850
-952
9070
-1782
9626
9010
-1118
8356
-3170
5702
-4865
621
373
9717
1435
3632
-8859
-7882
5514
-7148
8518
-6493
-1919
3075
3508
8660
6777
-4814
-6745
963
-2334
2829
3169
-1576
2439
8402
4016
2648
1931
6829
3154
7144
8649
7809
-2136
4245
7558
7088
-1561
8503
4382
2235
-5386
-3831
-557
378
175
-7877
4201
-7713
9537
-9234
1573
-4516
-8103
7088
2599
-8656
4788
-7223
-4886
-4307
6461
-3482
-1948
-8782
49
4631
5640
9477
-9396
5992
1266
-5084
5927
6980
1782
8426
-4731
455
8966
9494
7145
-7191
-9274
6803
-2075
934
-1605
4775
1448
-6328
11
6941
1735
8835
5514
567
9244
-725
-9133
5245
-2682
-8902
205
7867
7166
-390
7983
3861
2311
3959
2027
766
-2180
8923
-2182
2600
4277
7154
-7591
94
-3667
4268
3109
5191
7854
-278
-7871
1289
2308
5847
3450
6387
270
8286
6441
-8191
2210
-5264
6991
-2190
-2469
2554
975
-5214
7568
5814
-9071
8377
5404
-3557
5592
2606
7676
-8913
-8114
-6020
3656
-3312
-6211
5905
7486
-4089
5385
-7499
-7849
1092
-7777
-6298
-1612
8269
-1777
-7526
4787
6471
4486
-4702
615
-1768
-47
-2154
4775
8585
-5413
-2601
2094
1689
-5178
-6300
-1417
-3124
-8153
2665
3217
-6268
-5945
-4317
-7209
-6723
-8049
-2618
-3029
-2346
-2476
-4458
7844
6204
-2210
8638
-7651
-929
4440
-9030
-8945
-2029
4207
7682
-2
4868
-110
-416
2127
1024
1553
-7932
-7928
3727
-387
7069
-2836
-4957
-7231
5483
780
-5220
5820
-1004
-3735
-1679
2036
-3137
-3340
-2649
-4744
-4545
-9311
9399
5000
2892
7742
2066
-9518
-9469
-9906
202
-5947
-6408
-8958
4257
8374
-9936
2922
8871
-104
-3397
5757
6002
-4562
6258
-9998
6191
-576
-2061
3436
2885
2592
-1768
-5257
1155
8890
1158
9030
5019
390
-9855
4259
-9453
-6534
4475
4714
-4262
2842
-1014
-5681
7089
2976
1019
-3889
3833
8170
-854
-7846
-5928
8045
1415
9794
3608
9317
-1509
9645
-53
8956
3169
-1188
-8832
-792
-3983
-9604
6528
-7205
-4622
-6281
-9310
-8339
-2099
-8509
4353
-9068
3256
3712
2907
-7989
-3946
3753
7085
-5686
-2596
534
-31
774
-9031
-6327
-8762
799
-5070
-1813
9595
2125
-3874
4637
-8062
831
2079
2835
-5656
-7931
-34
-846
8596
-8418
4259
2790
-1815
5574
4789
8842
-775
6739
-8976
-4763
6591
849
8142
8763
4698
4966
-6589
9533
7521
-1957
3725
7016
8391
-4687
-689
-9299
-8730
-1846
9642
2832
-7994
-4353
-676
6263
6176
-779
-5319
4323
-2333
-999
3416
-5124
-3908
-6035
-6722
-2796
4673
-6678
-6271
5597
3916
-2582
8796
-5492
-7722
2137
-3188
-3017
-8807
3492
-7653
-2107
-5703
-6693
-9980
-8125
7776
-5086
-9351
6198
-6779
8246
9444
-8028
5411
-9772
6890
8891
9858
3490
-7986
4101
-3912
-2302
4455
-2780
-3106
-8701
-6407
-220
7418
33
3621
-5601
-7121
7212
2989
-5423
8738
1010
-160
2365
1564
6260
-8242
6466
-9481
-4259
9005
-8179
846
-1916
-7595
2911
-3061
4536
7555
-9371
6804
5233
-607
-4019
6853
2116
844
-4435
-5936
7928
6202
4249
-6867
-8762
-9607
8226
5502
1200
-1021
-7055
6951
-3276
-3726
6511
-8332
1780
3939
-9760
8230
4127
429
-1642
-2079
9839
-7635
2164
6199
-5843
-7560
2517
-4595
6584
-599
4144
5051
1153
-5659
-9788
521
7033
-7077
1408
5508
-898
6879
5820
-5559
-9221
261
2060
2491
8182
3407
-5849
8738
3088
-1097
-1184
-3036
1608
5997
3607
-8683
3480
3188
-3343
1622
7667
-9806
-5394
-151
-3096
-9603
6487
-1814
4937
5308
-9089
3492
6477
3462
8291
9355
2949
8181
-5659
-6298
-6544
-4819
310
8239
8477
6843
-9565
1522
-2291
8473
-7429
-1227
-6936
-8832
569
9941
1582
-6278
9582
-141
2062
-8526
7270
-1187
-6021
-6361
447
6090
3189
9180
-4398
6414
5789
6631
7737
4827
6720
7314
-3522
-7313
-6200
328
5079
-4526
-5368
1918
2860
6010
-1160
-5722
5055
-5308
-5220
8762
-6063
-1215
-4688
1757
-3247
-7815
2888
-185
5998
-502
7828
-742
8371
9894
2281
7139
-4896
-1207
284
9564
-4703
-1201
-3018
-7551
-7708
-1711
-655
6709
7249
3383
-8976
2049
-4855
8215
2388
-6395
23
-6160
-2272
7901
-8385
-778
4884
-1500
-5332
9681
7922
4514
-5386
-2047
-633
-2652
-8258
-2719
-923
-8436
-5600
2081
178
-8307
-8010
3625
6037
7372
7793
4546
593
5987
-5154
1368
2915
9967
6408
-562
-8417
-2961
5429
1681
6165
-1356
9843
9958
2674
-4104
3688
7750
-4225
-8016
-9120
7572
2486
-4283
4938
-9337
3411
510
-4741
7824
6901
-667
-4990
9994
9317
-4860
-1748
-9807
-3943
-9204
6286
3770
443
-6770
-5318
-7412
-5112
-7430
7012
-5750
-2795
9011
1451
4230
-6977
-2996
-3093
-8683
-1845
-1955
-9790
3304
9763
4506
527
5455
-9704
7156
-9867
-4264
-5443
-4305
-6172
-5790
-764
-1235
277
6751
1411
288
-6513
-4320
8518
-4616
8420
-9499
317
7575
7318
643
6112
5144
-3278
5387
2571
-8728
-3934
-4822
6257
9481
7681
2587
-2427
5867
-9220
-539
4598
807
-2842
7333
9079
8537
-8048
9552
5304
727
526
8506
8897
1233
-8018
7725
-5047
-170
4453
-4371
7889
1581
-3735
-3495
-2506
7549
-4517
-1303
4816
7963
1700
-5722
1043
-9672
5085
3157
8287
-4920
7579
-7301
1150
3754
1108
8679
1089
3488
-7559
671
3770
-3419
4979
-7530
-3667
8944
9331
-9796
-5734
-296
3574
675
-7281
9794
-8233
2214
-1286
3169
-7286
-2275
2752
-6355
2155
-9866
6215
-7768
4066
-3715
447
3728
3870
-8055
6947
-5889
-9716
-4199
3978
8869
-4523
-5004
-3843
6703
-7151
-8156
-6895
-7089
-757
-3510
1647
-1612
8918
2115
-2491
-9342
2650
-3185
4545
1250
-9171
-1219
147
-11
-2030
-6009
-4070
638
-1461
-6557
-9224
-4677
-1507
-6063
9648
5103
-7341
8380
6533
3037
3668
6183
-2540
-398
-7844
-2823
-4584
4925
4191
33
-1879
-4901
2661
-2516
-9249
-9529
5202
6413
163
4582
3050
-6498
202
9582
7212
-7684
-5956
-6388
-1238
-7950
-7563
-6297
-1300
-5363
-3974
-6996
-7919
1926
-4730
-549
-6943
6729
-3916
-4035
2002
5029
-6517
3395
-9075
9704
1698
9344
-3359
-5911
-8806
-7129
9177
7869
3809
5851
-8215
-4367
-919
-8882
-6642
1763
-2331
3700
3120
-4232
4675
-6387
-3578
-5384
-7751
1328
-4304
9746
1312
5052
-1066
5232
4095
4412
3319
9488
-3199
-9087
-3621
9264
-812
-3471
-5533
-4937
-4912
3023
-8965
7077
-3566
5818
4540
-9982
1146
-2510
-3181
9203
8294
253
-3625
-6433
8453
7752
1821
7705
7083
4130
2410
8335
8172
4806
3929
-1067
-2654
-2299
-7760
-2136
7764
4805
5067
-8184
6296
9967
-6290
478
-6368
5620
4634
-627
-6694
509
-2642
3644
1137
-9253
2523
-2374
-5478
760
-9055
1631
1449
-6222
5606
8366
4845
-8816
-5914
-8313
-4452
-6031
-8850
6846
3095
-9633
6607
4190
6301
4197
9781
-2981
3042
-9854
2648
-4829
-2168
-3392
7480
-2871
-4697
9217
-9548
-2500
2196
-8142
-2097
6710
1833
-523
-2460
8639
7957
-1942
-8368
506
-8857
3599
-1179
-1399
-4553
3675
-6599
9823
-6029
-4385
-3458
-3646
8414
-1615
3265
-7855
5187
8488
7376
1582
-8697
-902
8042
1907
-3250
-417
-5738
1360
-6123
4979
921
6010
-6409
-4383
-1535
-2372
-3337
5434
-5501
-22
6560
4572
-8498
-5365
3526
-374
-3951
6152
6224
-5464
-6101
-1214
-5922
2698
4255
-4571
4377
-307
7298
1136
6501
-6830
-6594
2205
5458
9726
4214
-4560
-394
-5792
7744
-2
2608
-4193
-9405
-3662
877
-5607
-5566
1767
-7751
3303
7424
-1750
4065
5282
1148
5966
2356
-6957
-4298
-7079
-3729
-3035
-2279
-5976
-287
1712
-1649
9941
6377
9207
5705
651
9411
1837
-3554
-1219
44
-7919
-3361
3212
9799
5890
911
-2283
3920
-7212
-123
-4077
2943
-4923
-7561
-5857
-3912
4561
9264
8570
-5031
8713
-195
6324
7344
-8217
-5465
-6677
3568
3943
-870
1589
-9068
9848
2092
-5728
-8182
5979
-1522
2603
5975
-6767
-2111
9686
5409
-5593
-3720
-838
-7001
-2052
6672
8158
7813
-2081
8437
4211
6385
-7488
-9788
-426
5055
-5516
3256
-2057
2042
-8661
-6261
-4762
3721
-5151
5906
4846
-840
1165
1031
4108
-1942
6398
-2106
2548
7184
120
5465
-1393
759
2781
8021
3934
1796
-3202
-5017
63
8614
4695
-4549
-9899
-6841
-3804
3130
4902
3726
-8037
-1953
-1336
-7362
-8090
1916
-2563
8851
-2505
-8001
-6742
2700
4386
9195
9175
-6706
-6462
-263
-7347
9577
5728
-3689
-5064
-189
-5035
3147
7686
-5649
1693
7079
-7751
8442
5002
4490
7225
352
-4635
6370
3824
7442
-1863
333
6943
-2727
294
5377
-6632
-4383
-7818
9982
2143
-6283
-2457
-8687
-4705
-6816
2053
-8741
2157
-5309
-102
-220
5369
-5285
2577
-6732
2655
-4540
-2663
-7052
-9459
4198
-6169
6467
1285
-1900
2565
7892
3372
9318
838
-9824
6033
-2781
7566
4587
7720
3464
3963
-3988
-2067
-6680
2939
-5209
-5455
2827
2380
-7091
7408
-5285
-2038
-3189
7961
3472
1444
-1919
-6276
3525
4318
-5288
674
-6389
-5379
-4265
-9821
-4471
-2733
-29
9452
-8798
-8708
-8625
-3985
969
-4292
5259
-7526
-9584
-1954
5707
-1627
5501
-1733
-2036
-5951
-3918
-5294
3672
7522
-7207
4153
209
3530
5045
-9272
-4306
5614
-4746
7861
-4088
2791
-8765
-5835
-5744
5788
9038
-4814
-8195
4789
-2868
6585
7190
7768
-6039
6476
1056
3882
-953
-2783
8111
-1238
2128
-4950
131
-684
5965
-6607
1103
7549
-5225
-1027
5824
8921
5679
-1541
-6374
-1872
-1767
-5933
-1026
-8846
-3177
6836
5642
-7176
3955
-6325
7386
-1271
-2510
7361
-1696
8415
-5776
8070
-2973
-5807
1006
-1510
-8598
-898
-8621
-250
9512
7658
1468
5176
9363
-5958
1087
-913
1256
1371
6278
-2390
474
-2046
2742
5298
5037
6242
-6470
3678
-1414
7489
3605
6566
-3595
1720
-7204
8333
4907
9131
-4573
-7262
-183
6368
-2861
-547
-4392
6631
-773
-8676
7316
8768
-2932
-7366
228
9258
1720
8796
700
8692
3327
-7406
-6912
7598
901
6250
-1142
-9122
4101
-7120
7341
7684
7437
3562
4360
-302
-8836
-3418
7573
3772
4785
-4901
5174
80
-5601
5639
-9677
5298
855
853
4194
-7688
295
-5170
8902
-1338
-9208
9417
-8718
7042
2281
-1259
-4642
5515
-9095
-644
8746
-3166
3849
3296
-1823
-6830
-1683
771
1945
8714
5318
-8086
-6317
-668
2761
3087
5319
-5742
4644
-1883
-42
-5667
7872
-3327
2057
6816
-9835
4070
3663
-6509
-5724
8863
-6562
7554
-6298
9196
-7052
-179
5667
9200
3956
9919
5912
-5536
-9736
-8148
8774
-1450
3457
-6596
7956
-1012
7534
-8555
-4292
9529
-599
9483
-3665
-6705
4168
8679
8872
-1431
4113
8771
-46
1088
8094
2396
7558
1853
-3283
-4014
-9418
-3529
-8821
658
1632
7543
5408
-7070
-4426
1072
-8891
6430
-5075
-752
2183
6504
9733
-4268
4150
-7539
7425
3987
8672
-3412
6006
-7698
8509
516
-1847
-3380
8491
3805
-7753
8512
6707
-6138
-5413
9012
4492
159
5279
9075
-8890
6260
5138
5794
2750
8849
4494
-9722
-1684
-5871
-5034
8991
-6489
-1719
-5217
4896
-9468
4276
-7539
-6808
-8516
-2524
548
-1719
5295
2894
-4052
-5830
-8259
-3763
8952
-1197
-5224
930
393
9240
-4142
-2737
2436
-4076
-8726
190
-3664
-6236
1311
-7832
8447
7727
5826
-8003
-4152
206
7537
-5636
1725
-9941
949
-4897
-2119
5150
-8330
4767
871
-7965
6010
9404
-7174
-6891
-6314
7568
-2176
2242
-6490
6861
6528
-458
7319
5089
2436
-2514
-3297
-2763
-8459
317
6317
-2908
-8352
-2793
2716
-4129
-2750
890
2841
-2195
-7622
-2368
-5167
-445
-8689
-7994
8390
6389
6566
-6781
-3972
-792
4805
137
3886
3649
8450
731
-421
-1543
-5807
5041
3657
2214
-5903
3607
9824
676
-5530
-7779
-1322
4089
320
-1570
2385
-1451
-3787
594
191
6734
6569
6051
-9676
7192
4675
-8651
7709
2509
3275
-4189
-4768
8926
1484
-4672
-6216
1675
756
-971
-910
3163
-8001
-1498
-9960
7186
5487
-1547
7770
-8439
1674
-4105
6939
-6995
2938
-5027
-4545
502
-9656
-4475
933
-7618
-5492
-7878
7079
9933
-8566
8385
4261
-5344
-1377
5302
4297
-8280
7846
-523
2187
-3304
1118
-3865
7606
6596
6504
9805
-6263
8081
530
-8705
-1481
8258
-6039
-4102
4392
1078
3029
4577
-1531
-65
6103
-5229
8666
-9126
909
4299
-3017
8723
2377
-8583
-415
-8953
-7860
6700
2527
-7783
-5319
8780
-6289
-5038
9263
-4408
-3513
2965
-4557
8247
1223
3037
-1876
-6598
-3519
-6392
-1943
-7589
-322
3427
-2662
246
-1859
1808
2297
2422
-298
8523
-2928
9625
-4824
-4173
-4459
-914
-9916
8448
4273
1041
-2908
-9618
-8861
-5762
-853
-5999
7343
-2759
-6833
7695
-823
-9035
3555
-4624
-7725
-4389
7197
6550
-9907
5320
-8042
4908
-2637
-1969
5919
-3429
1971
9320
-5397
-4789
-63
-4563
521
7636
3574
-8065
2228
5782
-5674
-6711
9701
4404
-5778
8262
7076
2398
2198
346
-1540
2226
2870
4083
-6162
-8340
1625
-4420
9254
-1980
6240
1105
-8707
620
-231
-6613
-5
6182
-882
4175
-3590
6595
-6493
-9771
2580
-184
2047
960
-9864
3914
-4413
7590
3349
-6588
-8179
1000
462
3572
-4219
-1323
4501
8605
-3818
7591
2337
-7860
1461
-4911
4216
735
-4696
-93
9709
5793
9221
-3696
1059
-5729
-6252
7350
5026
-9547
8267
4443
-3531
822
7503
-6549
-6347
-8461
4332
6374
2276
4457
-1539
9074
7910
4952
-1192
5964
7635
-4568
-2180
9609
-6942
7848
2647
-3575
9813
9719
3597
1395
4780
6212
3296
-2778
-5497
7022
9676
-3770
1536
-9993
-6444
-8388
5354
5330
-8474
52
-2465
6068
188
-3710
6285
9805
7458
3866
-243
-4691
-5681
5626
8013
1769
8523
6947
-2493
1607
-8366
7477
7028
-5452
6174
-8461
-8367
5999
3357
-4614
-9892
-4664
3440
6463
6097
-8226
-3750
3867
5111
9873
-8594
559
7199
-3138
-856
-9169
332
-5258
8161
-8047
303
-5383
-5146
9114
-2966
-801
874
-1327
8517
-948
6694
-2323
3832
8823
6676
6370
9658
9915
-7690
-7052
-7394
-6530
2932
-6472
-7633
-471
9119
9484
4699
-6302
-6638
-8776
9641
-604
-6279
-6803
-1091
-541
-5913
8287
-5392
2768
-5662
-6775
-8166
-6472
3086
-340
2153
5706
-7931
-3191
5590
-3554
-464
2128
-2985
-6141
3883
8564
-7454
6800
-696
4092
-1384
-6919
4588
-1272
1625
127
8408
9307
4376
-5499
-8504
1331
996
-4596
8244
-1702
6653
-9490
8847
7793
-6464
-4062
4027
3225
-8093
3316
8188
-6970
9482
-9955
7097
-5066
2458
522
-2029
8290
8998
1861
-2211
7871
-2097
-9874
-4991
-2229
-8833
-7833
5807
9267
6272
1395
8508
8424
5582
-1270
7412
5812
-4005
-7923
-5939
-6836
3165
-7844
479
523
-6599
-2303
117
630
-2111
6659
-2599
-7478
-612
3022
849
-3266
-1805
-4600
-6750
9066
-7357
-5310
-1449
-7902
-1858
-2257
8346
7522
-9802
8148
-9129
3397
3213
2747
-8393
3858
4299
8118
660
-2770
-6167
-8238
-8724
3356
9065
-3752
1627
-8831
8787
6913
2038
1452
-6438
5191
6476
-6954
-8076
-3867
-5183
-879
-8563
3360
-171
3692
-1021
2896
1011
-3257
-8829
-1510
-7766
8454
-7044
6985
-7206
5596
-5365
4335
2394
733
-7286
-1412
-1377
-7955
-7780
-3529
2263
7517
-8397
444
3772
-1507
5183
8257
2786
-5293
354
-15
-3367
5051
8351
7174
1650
-366
9304
444
-1027
-3832
-755
-1689
-9501
-2183
7762
8689
-1566
2876
-1450
7205
7366
-1629
1959
5329
9236
-3508
2273
1772
-7822
5426
7971
1168
-3102
5807
6259
86
-4079
5306
-3096
9324
-1260
-5098
-832
8843
7109
-5190
-6335
7826
2802
-66
2502
-2492
9192
6058
-7342
-620
7459
-9668
-7615
-5807
-234
-4786
-1892
5471
3520
-8629
-1661
-6033
-5760
-4303
-9657
-657
7751
-2151
5605
8432
-4926
-5037
6109
-1872
-8359
-3036
7812
9214
83
-3735
-1860
-3967
937
3380
4875
-9127
-8195
758
-9478
-8678
-8411
7881
256
-8066
4889
5158
-2492
-5816
8489
9392
-6864
3
4245
8651
-6612
-507
-1486
6685
-1228
9530
252
8612
-8594
-8109
2573
-3081
3051
-6678
-4865
6746
-5416
408
-4114
-7310
-7809
8138
-4675
-85
-5667
-1566
349
7489
7895
9298
8814
-7755
-4712
-2087
9006
371
6781
4696
-4683
-4430
-4395
-430
4217
6819
-9693
1955
-5072
3912
-8668
-2156
9864
-4747
-148
-7414
9945
2044
-7802
5687
-5212
5898
-2155
-7383
-2046
1425
-2827
3111
7430
3678
4033
-3560
-9371
-5657
5659
7897
-1464
4099
1394
4311
-8149
-5332
-7354
9239
4348
1037
-8788
-3881
9452
2517
7166
-8808
-8688
-8113
-4335
5743
9824
-4803
-6883
-2837
-6464
-3965
1461
5940
-828
-1090
-5350
-7866
-7421
1612
-717
-9338
-354
-5648
-7395
-9465
1625
8910
5348
4952
353
-5915
-9258
-5610
7600
-2024
-8927
2993
-6149
9366
4656
3678
-9891
7789
5292
3897
-4063
6741
4208
-4921
-7013
-1070
-659
154
-1994
-7190
1991
-3666
3403
-7833
-7476
4491
3565
6678
-9864
-1701
9687
6883
2356
-4900
-3253
3875
-9617
8951
4141
-8283
5821
-2258
-645
2455
4551
5539
-1443
9144
-816
-6461
-6824
-4491
-6169
6713
3036
-5864
-5410
4085
-7829
-9898
5702
1879
-1056
-8011
-7034
2696
-8185
6265
-9820
-946
-4680
-4217
6065
8520
3887
3912
9813
707
-5405
6000
1386
209
8012
-9599
7760
-121
9239
-8841
-2151
-7896
-5070
-8752
5240
-7273
1398
-8886
-8134
-79
1871
-1220
-618
-2313
6199
-3213
-7565
-326
167
-635
2542
9598
-938
-916
-3637
-3699
-4677
-4042
-7932
2893
8013
-1684
7423
-2334
-883
-3705
-126
-3646
-9962
-9318
-8525
9549
-7895
-3372
8692
7107
-5068
6616
-8536
2787
-9390
-5011
-5229
8676
-5827
-6611
9673
-6117
-1586
-5417
-2905
6762
-5363
7304
1055
8383
2121
6918
-9855
9507
4065
6879
-4672
-7080
-6740
-2892
8511
-7620
-7977
4492
-4976
-8984
-7015
-1374
-2543
-2688
1344
2667
6062
-1529
-3080
5091
767
5961
1291
4404
5559
785
-4083
-9111
1826
7633
8326
2802
-4222
-8696
9450
8089
-440
-266
4911
2151
-3984
7197
-2861
253
-3430
-9431
8002
4254
-9915
7875
-9845
-9739
5359
-590
-5329
6358
884
2130
474
-9127
-5488
4981
2918
7842
-1932
-773
-3515
-6619
-4086
-7677
8413
6985
-4666
8118
1006
8787
1184
799
8126
3506
-5043
2099
-3451
3474
9108
-6310
3451
-8731
-5340
-3143
-8535
-13
-7282
-4854
1799
2914
3060
4128
9365
5175
4784
8797
9213
7884
-741
-9335
-4598
8237
1168
-4615
-7869
-7866
-4407
-5565
-1618
-6031
-1994
2660
-8225
-7540
8759
-5242
4211
-452
6804
-4581
-3290
2556
-7661
6266
9610
3114
4541
2497
427
5182
-5619
2516
4032
-7813
2486
-1563
-898
-1483
-3763
5890
1117
-7813
5437
-8714
170
6593
-3785
-8294
-6138
1665
7660
7082
3149
9033
-3376
-7859
3605
-2604
-4905
2843
-9628
-9506
-9512
1567
9304
8221
8886
5489
-5280
-1724
-1920
-6863
-2644
-950
1642
599
8830
-3836
-8676
-6959
-1412
-8199
9214
1551
-7692
8758
-135
5210
5294
-1284
9234
1295
3672
-1860
-50
-4996
9156
6837
-4871
124
-9823
6290
6626
-6766
444
4665
-4316
9307
-6777
-2392
9116
2024
4625
-1339
9052
8755
-729
-1660
-9767
4670
3341
4648
9318
1127
4385
-5237
9038
8341
-7034
-7240
9967
6289
280
8765
7181
4770
-9660
3569
1444
9177
5136
-6554
8275
-5902
-8357
3051
-3967
766
-3959
9129
-9735
3670
-8103
-8001
6321
6422
-7599
1995
5148
5036
-2429
8743
502
9349
-7912
1450
1905
3484
-4384
1599
5410
-6949
-8562
-5926
3461
5781
1312
-2965
-9023
2827
1971
-9567
-6197
-7035
-8205
-387
9586
2714
-7726
-8060
-3404
9617
5797
2661
-7280
7578
5108
-7862
-7645
9726
7888
-26
4218
-208
8645
-438
4956
4951
4071
-6799
-5775
9868
7328
-6584
-95
4490
2836
141
-3169
-3259
9447
2384
2447
-4053
8589
7442
-1132
-5708
1553
-572
9102
7433
-6304
-1925
-4760
1659
5602
6713
-235
-7323
-6268
-2689
-6063
-6198
-8401
-5362
7160
4750
3586
133
9186
-6305
6990
-8726
1048
-3066
8915
8703
-7599
9611
8243
1193
-4709
2313
-3884
-6091
-5542
1563
5829
4221
-1931
4022
5969
1186
-7813
6792
6941
936
2864
-9242
-9181
2866
3804
3622
-5832
2771
-7017
-6172
-3338
-7319
6508
-1562
2732
-1365
7672
3290
-8385
6094
-9162
-247
-5413
3083
9762
5815
2063
8366
3061
-9230
9608
-9858
-5475
434
-8033
-8007
8865
5467
4095
-5735
9787
5872
-4964
713
3441
6825
9538
-9827
-4872
-220
3567
-9834
-5205
9434
-3546
-5575
-875
9730
-7791
5740
-3089
-877
-409
-226
419
1800
-2074
5192
-6024
181
316
7105
-1490
5433
-1000
-7227
1469
-132
-4900
3837
-8572
-3707
830
-3016
-7552
7386
-2688
7407
5323
-7754
2827
6715
-9137
9418
1118
9186
6180
-4068
6688
-771
-2967
-3496
-3840
-9159
-4688
2182
9594
-3366
7594
4697
2423
888
8561
1773
4569
-4614
9521
-745
2377
-504
-2042
-1700
-1613
4225
6514
7194
-3164
-422
5786
8832
9066
680
7298
-6722
6372
-9089
-1851
840
2181
-7215
-3113
3397
-5969
1818
-4454
714
-96
8614
81
-4456
9381
3829
9668
-7348
-2643
4967
1900
-2620
9578
-7970
-9464
-4922
-2589
4162
-7065
7937
-5008
-6837
-3367
4932
-5968
-4973
6484
7476
2507
-8534
7674
9817
-370
496
-9625
7223
-7342
8992
6428
1071
-2668
5632
6331
-5845
9622
-909
6907
8852
4661
9839
1079
9905
3491
3469
6032
1460
-3852
4353
4517
5837
9827
9493
-4401
-9670
3124
-1990
232
4632
8353
6522
8344
3728
-1076
-5078
6753
8555
6245
-2140
4703
-8335
9223
-6966
2720
-3102
-266
1676
2662
8228
-7377
7754
-7885
-478
4541
6475
6555
-4491
7725
-1154
405
-8187
1564
5219
2322
1161
8900
5467
-4879
-8248
-8220
-1765
-6707
9779
-9225
3571
-2347
3715
-160
-8637
-8860
5604
2194
-1849
3686
-5143
-4998
3302
8368
-2774
347
-672
3599
-5927
-9356
-5383
972
6816
1014
1117
4725
-4208
-1213
5567
9199
6599
7959
1449
-7537
-7877
-3196
4010
-4159
-179
2479
7036
671
-5169
4502
3860
-8414
7670
9976
9081
-8339
-4263
1495
-199
3727
9419
7908
308
-2570
9377
-8399
-7196
4327
-9674
9312
4294
6285
6099
5587
5599
-8329
5409
-2130
-2558
2859
-2127
-9899
-9675
7473
9752
-4494
1119
6359
5776
-4523
-1781
717
-4831
-5443
4834
3145
-2676
8687
9102
3426
3308
-6876
3199
-7659
1257
8408
-2310
-7503
-7341
-4346
-3154
3134
619
5619
-1606
-4955
7889
3968
6127
6314
-4298
-3841
-5776
4506
-3835
-8437
-1711
9000
4210
-8270
-9507
638
3232
3533
-503
8327
-7636
2215
-5406
-9167
3760
-1269
-604
642
7352
-3171
465
-4528
787
-3625
-1674
7990
8318
9473
-6370
9732
-4770
6332
-1816
9954
2782
-9010
1960
-7979
-3839
3788
-1867
-8344
9824
-7333
635
84
6594
-4335
3703
4622
-2981
4187
4801
-610
3260
6057
9184
3265
-8818
-1424
-2327
6196
9574
-6325
9725
-8272
-2312
6017
6654
-3004
-4955
105
7436
-2529
-7824
904
5742
8309
-7062
-3867
1837
9230
9241
-5385
-9776
9770
1341
4879
1527
-8156
-2723
-4794
-8746
-4085
2561
6376
-6080
4838
-4248
9157
-7920
9952
-2695
-8064
3198
5655
-6632
-7559
9122
4903
7601
-5901
3362
308
3567
8916
-7476
9049
-8908
-6849
723
-2291
1966
-4843
-6158
-6494
9733
9409
8986
-3890
9607
5604
-6043
9400
911
6775
-8390
9629
-6186
943
-5181
-7503
388
7082
-3777
3679
-5616
-4493
648
568
-9552
3693
9997
-6501
213
-9894
565
9940
1871
5111
6920
-6269
2941
-4986
-5717
-825
-9713
5293
6380
-1472
-467
9189
-2600
-2557
-9412
-6636
1184
-7302
8437
3760
-949
8125
4299
-7704
7322
166
8705
423
6126
1483
7319
9374
-8660
-904
-5286
-4559
-1216
7850
4073
2389
-1423
-3635
-4852
-4882
8246
-3087
-4198
-1203
3494
-9536
-9711
-4167
-8823
-8195
-7823
-4230
1712
-1412
-2586
311
1998
-9522
5325
-7182
-9356
2622
1179
-6637
-3476
-2865
7117
4628
9000
-5863
-4636
-7935
1814
2021
-3259
-4682
7236
6003
-412
-9155
-2355
5012
6439
-1183
-5620
-3609
8039
-9095
-3008
-5847
6775
-6004
509
-7829
-1812
1845
2102
537
-53
-6518
-9966
8005
-7922
-7021
9084
-6464
-3031
3309
-3754
-2086
5158
-7304
8202
-6005
-6567
8110
5498
5652
-2801
3908
-8607
-2118
-8439
1202
-5903
5399
3204
-4374
-7551
5286
-3524
1696
5653
5768
-2593
9776
-7663
-7466
-3515
-9689
3757
9019
1383
9461
-5640
-5996
1466
-6519
-5165
-5481
-5037
3002
-8461
-5018
8405
-5171
-112
5903
5737
3359
-4532
3942
-1271
-4312
3073
8280
-337
3111
-5858
-1405
3999
-7214
-3441
2259
-8242
2230
-6975
-6268
3713
6968
-1125
639
3677
4058
-2747
5373
9057
-2654
-239
-7317
3772
-3073
-8225
-6141
181
7709
1894
-3958
-3629
3777
-7729
9928
6761
-5402
-4610
-7095
-2116
-7371
-2406
-2897
-8557
-6571
-8117
5537
-7528
331
7793
-4758
5870
255
753
-8243
-4191
-2646
7229
5909
-7406
-1160
-4291
4570
167
-9821
4533
-2858
-8394
4489
4596
-3866
-3240
671
-6964
-2580
7742
7293
-4418
-2277
8259
-215
3833
9392
-4481
4302
5652
-3467
-9900
-9720
-2760
6112
-288
8762
-8708
-6931
2448
-2401
-4739
2584
-3528
-6560
2953
5831
-4122
7389
3
-8456
5118
4694
-7287
-7393
6315
-7397
-6534
1047
3655
-7675
8218
9742
1955
4525
-9468
-1348
8898
-6388
-3950
737
-9060
8236
-4602
-4605
4383
-4796
4481
1266
-6080
122
3101
-4162
-8726
4910
1592
9031
-5396
-7118
3894
-2526
-2125
4184
-2241
-4087
-9833
-9412
-4648
-1568
1995
-1003
6591
-7423
8216
7800
-9046
-9193
4032
-4208
5118
-4318
3689
6559
-9353
-8215
-9390
5825
9961
8608
6288
-9810
-2343
-4029
3151
-4464
758
809
-9232
-3942
-9982
-6055
2994
1536
860
596
-415
-123
-8043
-2722
2123
6049
8071
7111
535
-2699
5869
-1363
8554
-6313
5
-1649
2966
-5429
-8774
-6141
493
-2563
-244
-9149
7346
532
8263
-87
7034
-2364
723
-5357
-510
-7153
4116
-4139
4588
-5533
610
941
3111
-2678
651
-5263
6397
2429
-9479
-2137
9829
1112
-9037
9134
-9823
-3734
97
-7823
-1887
9705
6997
3134
9462
-6676
1267
-245
-9681
-9392
9629
7605
-8650
-8689
2425
-7746
-3517
-3300
9949
-1817
1012
-4013
-1659
5251
-9771
2093
1148
-2233
9603
-3655
-83
-2238
-9173
-7973
-1383
-4788
5106
-4499
-9092
-1592
7114
-3340
3449
-7021
-9511
745
-1466
-3851
4749
1601
-4320
1812
-2354
-4725
3169
6129
-8826
5793
7321
-6592
4214
589
4622
-3799
4470
-34
-2996
4202
5011
7698
5057
6128
1968
-3775
5810
-2910
1064
4016
-5099
3103
-936
1890
-2011
-1955
-4283
-6975
5726
4804
2504
7434
-2516
-9089
5994
-8192
-9388
-8757
9031
-3523
-9047
-6295
-9994
-6406
-5858
-5118
-9778
-292
-9282
-8237
-6057
-359
5700
-4406
2208
-6167
-4954
-2384
-4409
9725
-5329
5969
3513
3174
-3376
9743
-28
1393
-9895
5361
-4913
5278
9481
-4474
-6108
2136
3184
-5634
-3345
-1133
-7812
1069
2621
6922
-4005
4745
8685
3914
8148
-8564
8836
-9212
-537
3584
-426
7652
8808
-7738
-8282
-2982
1706
-169
8387
-8770
-1850
9585
-8799
-4236
9274
6298
-8582
-672
-4369
5023
6019
1711
-1044
-4761
-2061
4189
-7662
7881
340
6610
8870
837
-3204
7250
-1612
-5155
-5656
449
8111
-7157
7750
-2451
535
4638
2045
7048
2059
2602
-1046
9477
2930
8490
6633
-4936
-3265
-429
6515
-2227
-9207
-5853
8251
1371
-6660
3327
6990
1201
3823
5119
-7008
6399
-4882
7654
-1927
7994
2857
4830
687
-5341
6644
6249
746
1196
9312
-1724
8813
5039
-1343
-8857
3796
-3653
1206
5575
9250
-44
-1943
-3267
9157
450
9764
2973
-3977
4990
4726
-4954
-6972
4965
-9589
3046
-1561
-9932
145
6307
-9205
6164
-1386
8452
-3702
-7707
7770
-6629
2519
9118
6440
560
901
-5453
-3306
-7350
-9136
-6294
7599
-9646
-1335
-4525
-2940
-3927
-6565
1454
-2885
-6092
-2433
-4587
-8713
8028
7837
1240
-7758
248
-8452
-6605
-6938
4574
4531
-3998
-8396
-8480
-7885
-9438
4389
337
-2251
-6792
1072
-2369
-7954
-255
8112
-7262
-2795
5481
-9917
-3874
-7293
4699
-3076
1508
3166
-7753
-6595
111
7265
-1988
-9455
-3648
6234
7718
8017
-1352
-3533
2569
979
-4192
502
-4512
7906
-738
-1752
5783
7432
4546
2670
-4555
7331
-5844
8866
-6383
-9381
9733
-7381
4262
9973
1088
-4948
1872
-710
358
9818
2312
-230
1793
-1143
3503
1043
9741
3384
2227
5222
-8345
-5278
-2751
-8486
-2803
-7320
665
401
5998
-1007
-4844
7389
-6787
-4170
7098
-7130
5457
4727
657
-9072
6298
-8785
-8775
5009
7620
1841
-9310
219
3730
-7404
-2522
6445
8036
-7304
3864
7830
-7955
8311
1460
-1908
7229
4716
5627
4541
-6027
4062
9634
-6853
-5505
6399
4044
-7850
-8249
-5471
-3072
5965
-1866
6523
6734
-8093
-919
881
-759
-686
-8708
-7491
-1661
5684
5144
6497
3593
-157
-1393
-4152
-8500
1054
5969
4801
7291
5291
5836
6116
-3749
-300
6337
-9788
-2144
-3128
-5901
5397
1410
-3809
391
6128
-9724
-276
9659
-931
-9316
6398
-9576
-8786
-7746
5050
1281
-3152
-8626
-515
4916
640
4362
4484
6771
2082
8391
-2782
612
-4451
-9055
5335
-5082
7509
2589
-5945
7934
-3329
5429
-4898
-5952
4554
9008
-1870
-3184
-5647
5418
3949
7662
1178
-6920
-2154
9272
3550
-3922
9215
-4284
99
7383
9789
3398
9744
-4718
4219
279
4985
6815
-9678
2485
2059
-3843
2365
749
3351
8000
8240
-309
-2942
5042
-1175
4634
3252
-3659
7352
347
-4814
1928
2257
-4165
2004
-4276
-1398
-3449
8732
-6419
-9088
6256
-4425
9665
-2687
6546
-6042
4708
-4827
5179
5967
2775
-5073
-9195
-3532
-4864
9985
-3833
5426
6756
940
-7564
-2192
-928
8154
9307
-8617
9400
-1133
-6444
9723
-3586
9507
-1658
-3882
3475
-7111
5273
9087
-2444
4607
8674
-9719
-3238
6389
9435
-702
-7239
-3068
-5048
-1417
-4880
-5549
4609
-2242
5269
-6356
-2960
1009
5808
1958
6753
5972
3629
-4892
-9492
5325
9804
7250
-2140
-5274
5075
9653
4782
8875
8635
-1782
-2784
7604
-7490
-2332
-3565
-6976
6329
-2456
6086
-7972
-1533
4421
-877
-6841
8361
3682
-6832
2009
7945
-3693
-7696
-9080
-9206
6407
6757
8020
3979
-7099
8219
1426
7559
-2752
5957
2019
-2807
6531
2442
-3990
3249
-4156
1561
3968
-7440
8604
-8272
7731
6191
8472
2332
7561
-6328
-403
-5918
-6240
-4559
-5305
-2458
-5174
6218
3832
6210
-5203
4953
-1662
-9597
9347
3753
2089
4770
-9088
-1608
-213
1227
-2600
-3743
458
-6894
7051
-3899
1195
6190
4763
1556
-9696
-6791
40
541
2546
-3109
7105
-7429
9097
3775
-7782
8407
-3933
-5056
-8071
-7369
-793
2298
6565
-779
-7944
-7161
7570
3704
9658
-5168
-9788
6182
-9208
2894
9413
3714
5546
-7036
-2722
9313
-2833
-3010
2400
2426
9284
-3886
178
1635
-2661
-4026
-8434
-9237
-1341
-4570
-4115
-9229
8943
-6370
9831
-7418
1727
423
-1567
-6769
9892
-5244
7781
3540
-256
-1958
1756
-3965
2909
2480
3771
-5821
-2662
7238
-4350
-1263
3779
9435
9519
-1305
-9537
-4847
-1714
-3164
1157
-8963
3758
3034
-5988
-2636
-6469
6346
6927
4863
455
-6097
-8698
-6950
9908
-9772
-7446
-4452
9345
-2541
3633
-8584
7873
-9231
-7439
2587
-2058
-8489
-6651
-6610
8792
8964
-1012
-7315
-972
5448
5152
-5534
4346
-7806
-4550
-6193
-8698
-3829
-8920
1724
1176
-1375
5966
-5790
-9226
-4480
-7701
6337
633
-3282
-2002
6032
315
-7638
3333
2055
-2935
-2286
-7238
-9822
-4607
-5436
914
424
-8516
-9175
-4059
-5590
-4254
7906
-1321
-7173
4148
-8177
1904
-9486
-3555
3563
-2909
849
-4177
-4116
-9623
-5313
1357
-8388
6864
5340
3059
9900
7467
-6148
-7827
-970
9309
-5320
7826
5135
-7103
6693
6586
8000
593
2315
-4230
339
2020
-2153
-6224
2902
8286
5514
-5133
-1568
-2735
-8297
8357
-2456
2225
8259
-4134
-1463
-4424
3744
3024
9914
-786
-3484
8227
-7038
-8552
6150
1180
-6357
-6031
-8502
-9640
5629
4125
-8636
7730
-1421
1085
7283
-4566
-6090
-7171
-622
-3746
-5222
784
-7442
7572
4195
-9750
140
-8651
-4452
-2352
640
-6444
406
-9346
-2571
-4184
4307
-1524
3084
7608
-2180
-1935
-3783
-5268
-9349
3384
4880
-83
-8470
-178
7641
1597
-4935
-8572
-3180
-6945
7028
909
-5162
-5216
-6805
7567
-4032
-3011
3264
3473
7763
-6998
-3414
9026
9886
3577
-5103
4183
2121
7191
-5379
8995
-7954
429
9563
6539
725
4417
-3364
7663
-9956
-7001
-1940
-1178
6680
-6306
4218
8696
1083
2557
65
2050
5069
-6540
-199
-2015
-4389
7491
-1452
-2991
-6384
-6021
-952
3497
810
1499
5058
-158
-9894
-6006
-8942
4307
-9515
-4663
-6392
44
-5407
6426
3246
3969
-7192
4749
5044
-522
5367
1043
1167
7504
-7154
8892
-1060
8529
1656
4594
-5137
-549
6260
-1705
2179
-2688
-2594
8855
5071
3631
5287
-418
-2958
1648
-2832
984
6709
-8433
1123
9451
3095
-1910
-9213
3484
3700
2311
88
-3337
5790
7925
1388
5405
-1941
-9996
-8944
-6918
-4976
-3721
-9786
-2725
8062
-5941
-8340
-1503
5896
8939
-7111
3693
-8925
450
9027
-6060
-6568
-9660
-9977
3334
-6090
-6164
-4138
1618
-7121
-252
-6161
-9720
-4322
-9731
7998
-933
2803
-9374
-5895
-2098
-4817
585
-6548
-8261
-3644
1905
9829
-42
9398
-314
3105
-7644
-1681
6718
-1442
-9
-6301
-9852
924
-8483
-9140
-5886
-967
-2266
4773
-3065
2677
4886
-2175
-6550
-6250
-7157
-6197
9193
3679
9682
9322
2587
6192
9536
7317
-1013
-1919
-3712
-2217
-6044
-4758
4910
-3666
-5225
-757
8569
1836
-7848
-2011
308
-887
5185
-5537
9069
778
9066
-9276
6762
-7823
9491
-163
-1996
-9994
19
7813
-8360
3897
8195
65
-4515
7204
3756
-5561
9378
-358
-5454
-1073
9076
-1813
4969
-5261
-5415
8405
-9898
7812
9757
-7233
-1896
-8708
-3529
1240
-871
-6985
7093
693
1485
-3825
-3472
5444
8790
-1674
-8589
909
-6897
8105
-8986
-5682
8690
-7424
334
2197
5094
1899
-7224
8785
8850
7598
-8526
5370
-2355
7077
1509
5431
-8426
768
2700
-3976
-3132
-9377
8175
-1622
-3582
3392
-4506
8921
5058
-1577
-1166
9670
2886
8483
4003
-3540
7914
4497
3600
-4241
-4453
-6196
5669
-7246
-6547
-612
7223
5100
5509
-9054
-7886
8008
-5741
-5473
-7790
-6116
3483
4928
-1545
3106
4799
-959
-4583
-5361
-5576
7610
5312
-592
7214
-4362
8958
-8414
-2615
379
9791
-8704
-929
7920
3685
3914
7508
3005
-2020
3211
2462
-7645
2928
7464
-1355
3656
-1808
-160
-3832
9302
-865
-1950
3522
986
-8319
9570
1334
-6079
2061
4927
8531
223
1313
8438
-4467
-4291
-9881
5755
7581
-1363
3873
9216
7629
-4606
6912
3746
7595
-6047
9179
-8473
632
-954
-7955
5005
7175
7691
1587
7114
6107
1691
-5253
-6220
400
9966
5236
2677
4826
1957
889
8566
881
8119
-9969
8742
5226
-8199
5967
9595
-2382
1570
8671
1661
9504
-6539
-2514
7435
-5901
3807
-4580
-1798
-4951
2469
8944
-7330
-5656
4352
-4970
-5269
-585
-2483
6505
-6026
-8875
-4815
3011
2482
7429
3330
9551
-1257
-9376
5337
-8165
-6130
1516
5228
5007
-6821
6600
5025
8923
-8320
1990
4781
-7305
7144
-7469
-3112
-3454
-8455
-4339
-6594
9267
4613
4225
9035
-1490
-1338
5623
-96
139
7913
7955
-3455
7820
-957
-4340
1851
4090
5196
771
4336
-2867
-7710
-1179
-5118
-1429
-5464
5585
3719
-3806
812
7959
8988
7947
5039
1102
1935
8269
6582
-5415
-9904
-3082
875
-2080
5307
3323
2193
8407
2971
-9976
3914
3789
8733
-5689
8090
4046
9003
2695
2962
23
-8808
-823
2085
1989
-3913
7521
8495
3141
-854
820
4086
-1868
1673
-8842
7137
-4575
-9210
-5691
7399
7801
-8985
697
-6964
-3947
-3282
4581
415
303
6441
-6333
-5332
-616
-3884
-9140
-7751
-1150
-118
1479
1607
-9250
-4780
9989
-2586
8965
-2509
-1753
-3019
35
-4740
3290
7083
-752
-6750
-7642
-4146
5670
-1681
-2603
71
9148
8553
-8770
7756
-6411
-1260
-5698
-2123
-1681
-1134
-998
5512
-2233
1541
-9994
8284
9407
9202
-4970
3464
6032
4737
24
7072
-1776
7202
-2978
4109
-6953
-6917
9993
-7389
7814
-1094
6557
8496
9779
-8008
-3662
9154
-1253
-7989
7319
-7686
2244
-9153
-7210
-4176
-3946
-5490
-7811
-6207
4394
-4205
9956
1871
5397
-496
4648
-2520
1394
-8488
-5807
1623
-8352
-6137
-609
2240
-3522
7729
7513
354
-6546
5777
-4580
-1588
7766
489
2644
3013
5535
6213
-5950
-2855
5084
8621
-9355
-2430
9056
-3525
-9303
9163
957
4473
-2896
-290
2730
6438
-3228
6290
-2644
-1613
2068
5517
4824
-7134
2872
4529
-5262
-2030
476
2429
5944
-9841
-2918
-5930
639
-3708
9552
-5743
-4778
-6804
-335
-1629
9117
370
-9207
9426
-129
4230
-5647
-9327
-4070
-6546
-4786
-3430
-8252
-84
2951
777
-3643
-9395
-1740
-1532
-4071
7220
4001
1516
2649
-173
3339
5864
-2896
8921
1369
-7857
5382
5479
8919
-9104
-4444
2178
-9342
-7227
4077
4336
6987
-8379
3003
9123
-4679
9919
7568
-7558
-5704
-3447
-8056
587
8756
-5091
1061
5431
-7063
3912
-7294
-8084
-7725
-3161
-5639
2249
-3952
-5572
4893
4053
-733
-6772
-6971
-5394
-2555
8069
-5820
5810
3345
-7498
8588
-6825
8991
4635
-773
3137
7203
9963
1239
2698
6005
5794
-8397
2027
766
544
-8531
1242
-79
-9291
-1472
8115
2402
2389
6171
8924
1101
-8608
-6984
-4382
5768
5624
2076
2884
1096
8920
4023
-7999
8806
-2098
4642
-6311
903
6523
-8974
8829
5396
122
-2102
-439
6889
-6790
2804
-7385
117
-1404
1945
6987
9326
-4573
1015
7053
-565
5888
-9689
1440
3515
-2183
-7042
5514
-3477
7757
8979
-8906
2214
-9550
8198
1202
-769
-6966
4106
-6925
-3034
-3726
7588
-4177
6780
-6749
3005
7693
5200
-1419
4043
-9187
6044
-5592
-1472
-46
2541
-883
4890
-9213
440
-1642
6854
-5207
-447
-3559
1666
-7204
9592
1565
-3409
-100
-4831
-178
6254
-9080
-8368
-5219
-7984
-5465
-277
5032
8990
-5685
-7088
-8006
1982
9663
8317
3110
-6152
2982
3495
4912
6544
-2549
7128
-5756
-6355
2325
-7302
853
-6602
6437
-2743
-1759
-8278
6514
-3655
5806
8651
-5311
-6512
9742
-7260
9545
8390
-5941
9848
-8300
-530
1332
-6948
-7033
-7438
2824
2487
-7473
-6044
9964
3841
2746
-6583
1268
-4332
2950
-115
4087
-4318
5984
-1949
5422
-3851
6030
679
5992
7831
-6020
949
7890
2228
-6024
6761
771
-7705
-5259
-6224
-1229
-3350
1063
9957
-5398
9983
7036
-7575
-8374
-7254
-2463
5694
5003
-4099
4787
-6660
1925
-5649
4132
-8547
-3766
-6932
8936
-7762
-1698
3883
-4573
7585
-5259
-45
1931
-6254
-2575
3380
-5996
-8300
7534
6055
-8148
7933
-1721
-5938
-3864
2610
7511
-3561
2077
5435
-2572
-5912
585
6508
2345
-8188
4893
9589
6462
6732
4342
9393
7277
2765
7998
4777
8628
-8463
1844
1509
-6588
7668
-8507
8098
1011
5271
-3410
2862
1907
-6024
7948
2212
-8528
2990
5577
-9839
604
8975
8031
702
-5806
-7617
7643
-2452
-4237
-7271
-6743
-8154
6285
-1303
-5715
-4541
-7036
-3973
2708
-7138
-3488
-1008
-3988
6214
5463
-2041
-9885
6581
2847
5413
-345
-5619
-1412
-91
2881
4738
9054
4392
-4692
4477
-7798
3572
1479
-4395
-5189
-9485
-7699
-263
-4616
7356
8974
-9890
-4437
1978
-4224
4893
2973
3915
-381
-5724
6573
-8026
-5417
-4207
-9848
2615
-816
-5389
-9135
-1985
3901
4754
8570
-5580
9234
4174
5583
-4589
-9537
475
-7076
-4139
7746
-2888
-9232
-6037
2976
-454
-2285
-5802
-1953
-6091
5098
-3601
-9019
6101
5451
-7333
7415
75
-928
1862
9775
7468
-3899
-2230
-1286
-3874
7241
-2868
1762
5093
-37
-7143
4227
-3963
-5604
-137
-3731
-8019
7087
-7606
-1776
-2012
7259
9221
-2456
633
-2912
9215
-6240
-1902
-6559
9360
-8735
320
3996
-4314
-1289
9743
-9102
-4920
5493
5016
6509
5695
-6812
-7239
-5339
1683
-8771
9820
-4883
8190
-3357
-8668
2533
9949
4779
2077
5937
5890
3603
9085
-4008
3394
1632
1509
5428
-4767
-7141
-1594
-7007
-9178
-3352
6585
8110
-3048
8634
4503
-4720
5534
-7232
3481
-1891
-9711
4881
7958
-3824
8522
3942
7483
-4563
1689
5225
8136
9215
5438
-3898
9988
4066
621
-4478
7198
-9351
8931
-8601
2347
-2600
-8513
-7850
4785
4038
-1490
7254
-626
9297
7607
2110
4260
-273
6670
3753
-5047
-4896
8298
8863
-7875
6454
-182
4931
-983
7314
-6974
6144
9646
-5553
-9729
4716
-5208
-687
3710
-7254
2538
7961
-2742
4983
2496
725
7831
6902
-9456
2829
2369
-9976
-4263
2443
-6097
-3474
6140
-5792
-8564
9538
5236
-3075
8949
8695
-3467
4668
-6978
-3623
5514
-1358
-6929
-7857
-4562
6799
5086
-5232
-4451
7324
4120
-7179
8615
-6811
5048
5644
6506
-1257
1527
8565
1799
-4993
8380
-3639
-7824
-4695
-9091
9190
4823
8564
3311
-204
6170
8832
8500
454
-6224
9641
9557
-3003
4615
-1988
-423
4541
-2088
1678
-8203
-261
5160
-870
-4714
5866
8296
-8418
-6878
2399
-2295
-4873
-6943
-4938
2068
-4934
9318
901
-4285
-2369
1650
-1403
-8623
-3537
-8620
7364
-4503
5767
-2074
-5661
-3422
6155
4331
-113
-9336
-9952
5733
2771
-5921
6182
-3459
4475
-916
-5508
-8966
5952
778
-2288
2681
7191
24
-4097
5933
-2363
-2616
-4633
-9883
1481
3656
3436
-4534
9133
1586
3163
8299
4879
356
-3218
-7417
-6917
4122
3413
9171
2485
-3231
1604
3043
-9979
-607
1783
-9669
398
-3978
-7665
6718
6807
-2893
-7938
-8294
5104
9519
-7777
3814
-282
-4597
-9297
8686
9816
6926
-8660
7512
5719
3192
5875
-1350
-2445
4426
2939
-502
6905
5156
-4950
-403
4179
1973
-7846
-1117
-9349
-8922
-2764
-9955
3714
-2679
-1285
-1007
2812
4673
7301
7271
6925
555
-7473
6386
1089
2148
5520
2047
1363
-4495
70
-8156
-5989
-2841
7469
1157
-5140
-6014
-4217
-7162
-7330
3178
-4338
399
9447
5761
-8982
9287
4641
-4379
4711
3073
8315
3442
-6249
4176
-8234
1606
8145
945
6083
-5270
9861
-3024
6194
-6767
6227
-6219
5496
-1640
-8306
-4307
2279
7324
6164
9650
-4198
-6461
6135
8933
1087
-277
-8466
-4039
5256
-6238
374
2330
8538
4310
924
-9320
1197
4798
9461
2777
-4412
-9037
-910
-6413
5397
-9044
2185
-211
-1703
-9417
1818
-8147
-9574
-8146
9924
-9897
-9907
-722
5017
-6471
4845
-1326
8681
7601
-793
5107
7364
-263
-1085
-4206
8906
-9507
-5898
-5879
8095
-3255
-8360
-2319
1262
-3440
1956
7704
-2742
-8735
8206
8776
-6413
-7825
-4981
8504
7894
8949
-9041
-2468
-486
-9009
4318
6869
-9675
-8573
-9297
-2604
-4292
6883
7041
1452
6863
3219
-2271
-3523
-844
-3090
7473
-2407
283
-7545
6040
4396
3672
-9558
-9134
-1134
-5242
-2764
4134
-784
-7545
1180
7152
-4736
9188
-7052
878
3895
6582
-3008
-214
-9289
1132
-9518
-3289
9099
1846
343
4163
-8101
-4620
-388
-1150
-8357
907
4970
-8637
-8496
5225
-7870
-355
-4354
494
8908
6867
-7741
-6949
372
-6109
2403
988
6588
-2224
-4726
-1800
-504
-8892
-5988
653
-3355
928
-8752
-8380
5211
857
-9798
6035
-2910
-2414
-4344
-5475
1009
7536
-2139
8230
3460
-9425
-7443
7011
3701
-9051
-4303
7005
-4979
3683
-692
-2676
2013
-227
4268
-9500
4361
-5088
8851
-5301
1804
-7756
1395
4408
7980
-1136
5164
8499
-47
-5754
-7239
5235
-9154
3689
7744
-4525
-7434
-5768
-3985
7139
1517
2839
2542
4597
-133
6513
7397
5606
6038
-618
-882
7253
-1260
-8997
7986
-4946
7805
-5793
-2972
-8422
9431
9102
-2776
-1021
5613
8134
-9992
3792
-9129
4522
4139
6841
-1334
-9198
4610
2609
7781
10000
5798
1848
-6574
-2217
-1520
1780
-2242
9327
7511
-3462
-6470
7285
5752
-9964
-3216
2061
-2642
-3247
-4603
-1124
-9256
-7210
1604
5219
-815
4673
-3916
6009
-971
2927
1551
5274
-1551
-5817
-6923
-3261
7662
-8612
9568
6435
963
8861
-9570
679
-9610
9266
4516
-6363
-9705
3218
7462
1775
-1779
-2055
-2981
-5241
-6135
-6390
338
-9307
-1291
-1315
3177
-9217
-2399
-683
-893
5513
4929
-56
-5049
-9049
5000
-5351
-8090
-5309
9515
422
-6398
3032
8008
-2019
-4349
-5649
6578
-4382
-8214
1248
3885
-7034
-9789
-8155
-3851
1040
5925
-7250
6760
7313
8860
-530
5805
1952
-2329
7115
-6969
7449
1161
949
4195
-6527
-1331
-9132
-4967
2670
-7547
-1480
3010
168
1965
4772
9988
-4121
1912
3546
8193
724
2069
-8721
-3572
-5652
2126
-9878
-4727
-2968
-3853
639
364
-9740
7174
-5581
-1452
-1939
-897
-4527
7022
3286
-7092
-4037
5265
-1416
3476
-5876
8779
-7821
-3499
4764
-9679
-6221
6505
3288
-9468
6398
5565
6252
9396
-9697
-3757
-2607
-9778
8976
508
-4385
-345
-3920
5867
6986
4005
642
-1028
-6121
1101
-4476
8630
-5974
-1638
8027
4613
1415
-1505
2670
767
4215
-3762
5573
-4400
-9812
5006
-8537
-2595
3492
8035
-8790
-1946
-5937
954
7115
-7694
-9301
-1291
5669
-7485
-3047
7048
5084
-6793
8137
-6095
4404
277
-3953
-9310
-8519
-3362
1130
-2183
1188
3848
-3903
468
-3113
7888
-6729
2533
5302
-2624
6729
-127
-285
3897
-3579
-5325
7997
9085
-9954
-1235
529
4855
2988
-9923
-5321
-5073
9095
5691
-5994
-5565
8775
6463
-9799
2480
-1777
-1518
8315
-9699
4024
4891
1100
-5339
878
-2396
4819
472
-6687
8320
859
-4386
-2736
4006
-4128
7735
-692
3026
-4291
-1270
-2052
-4148
-4603
-585
-9025
-6581
-1882
5502
-8581
-4776
-8586
-8435
3064
7518
-5429
-3481
-2047
3267
5608
9933
4919
-6337
2246
4573
-4434
-1301
3713
-7480
-7441
4108
-7024
4451
-1406
8973
1196
6467
-4952
-6776
-7303
-5172
-100
-9191
-387
-9641
-4558
-1547
8142
-7782
-8281
-3311
-1609
-9190
-9054
3665
-6122
-1538
3240
1077
-7023
857
9124
9700
-5408
-4066
-4641
-5236
9181
6183
4211
-5480
-4132
-8934
-4948
2726
439
-9109
6166
8464
8774
8940
-6754
-8091
-9483
-7709
-1956
-1836
6341
-492
-5041
-2842
9641
144
-7590
2573
-2737
-1417
1403
-5985
9635
6161
1074
-2483
-1381
4266
-313
1783
5243
340
2112
5683
3649
-357
-8991
-4688
9655
613
7443
5792
7215
1599
-9617
2347
3928
-850
2950
-2028
-1747
3232
7961
-3044
4155
5420
-2036
3568
-2141
6476
-8950
-6534
9193
-4856
-4972
-9525
-5029
-1015
-3839
-3007
-9898
8266
-3913
-1345
218
5866
3573
-1876
216
8618
6315
-3320
8592
-8562
-9403
3690
2580
6954
7487
1216
6317
1448
-513
8659
3144
-9396
4857
-5451
9451
-5753
3504
-8906
4919
9338
-2418
9612
-9198
-759
7811
-8480
-7164
4112
7618
9431
3502
8080
867
3193
-2378
5754
4986
2545
-3123
3789
-8547
1844
5490
208
8514
6885
-3148
-4692
1680
7538
-3789
8525
-4468
3294
3517
5117
-3750
-677
4052
-1435
-4821
-3261
7205
-1497
-3695
-2141
-4067
-9884
8400
-4305
-1498
6898
-679
4252
-9524
-3398
5770
6410
2081
-8708
-7592
2071
5729
5283
-248
8341
3191
122
-6480
-6396
-2040
-8075
2767
7949
-1992
-271
4565
7911
-972
-5994
-1108
-1068
7402
-4164
4412
-9960
8518
46
5593
4061
-9188
-4879
5039
-7021
6316
-1615
8689
-1737
6750
8250
3583
2024
-292
5621
-9710
-4693
-1399
-2811
-51
-194
7759
-1555
-4039
8098
-7983
-6250
-7536
-302
3615
-9741
-8633
3439
1693
7735
5221
-7857
723
5288
456
-785
-8765
3293
2507
109
964
5714
3939
9598
-8410
-7311
-9128
-294
-5808
-2929
40
-722
-6886
2247
-8816
2492
2047
-2888
7885
1812
-4264
3328
3997
9784
-8385
-967
-1536
-8678
-4921
5098
7153
-5899
2596
-2400
8216
6887
-8963
3018
-8186
6321
-9057
-6154
595
85
3872
-3017
-3837
-62
6619
4659
-7812
-4782
2941
9189
1576
8463
-3893
-2771
8355
-8886
4727
-7870
-6450
-6836
-8660
3277
-3635
4778
3385
5950
1990
6155
5358
-7423
142
5452
-444
-253
-1938
-4235
76
6265
2452
-5059
-6132
-5355
-7473
-9232
-3686
-2847
-204
-5104
1240
-8424
526
2808
2907
8420
4125
5169
5688
-1019
-6034
3143
-6029
4176
-5813
-2096
-2865
-7917
4166
-9431
516
9410
-2489
-8431
-7831
5786
-4735
3673
7009
-4039
-5288
8133
1030
1541
6775
1183
-8739
-776
2686
-3179
7234
-3873
3472
-5795
1383
6635
-3766
8905
-7530
-3019
-683
-645
9071
-2819
1538
-5075
385
-5997
-654
9015
-7714
-2279
-9058
4390
5897
-4696
-5495
8653
-2945
5889
3728
-2448
-3013
-3619
-8281
-1385
7932
-251
8154
8741
-1283
9072
2276
-333
5013
-3795
9249
2794
-3430
960
4360
-4049
-2412
-8929
-7773
6353
-8008
-5164
9700
-5381
-9491
-1421
-6885
7287
-4956
157
-6991
-4234
7407
-7159
-3
-5074
-9234
8276
2683
7476
8563
-7615
-2006
7214
1964
-9749
-8706
3113
7569
1652
-7241
4430
-9808
-7888
1861
-2141
-2220
2705
1219
4111
-6338
4309
-3374
3385
4290
-6071
2002
-945
1857
9569
-1972
-8793
5788
5657
-5709
-2490
-901
-7142
-5
6293
-3763
-9880
-693
-4768
3298
-780
2796
-9632
7709
-3219
2083
7212
1566
-5718
-517
151
9960
8241
1875
9244
-6225
-6805
-1582
-3598
8263
-8870
4073
-3561
-1639
324
5948
4143
3022
-7770
1395
1215
2308
4999
9547
-9716
-4474
2384
-4007
-2017
5845
4346
-905
-6945
-4108
-5061
-3652
-4403
5513
-7551
-9960
-2702
-305
-6489
-1765
-4845
3220
8416
-6133
-683
8248
2923
-1545
-599
1262
501
-2079
3991
-665
-3651
8297
-3887
-8722
-4956
3358
-8618
-8123
7804
-4380
6600
5470
2864
3483
-1755
-658
-5792
-7777
6038
-2314
-451
-6352
7953
3978
6464
-809
-7327
-470
8
7615
-1743
-6466
-3759
2345
-7538
-290
-3724
-1877
-5264
7413
-5647
-1370
-6154
-1903
-9861
9212
3577
4015
8452
-8688
5343
8485
3193
7118
-4556
-8286
1424
-1292
4622
6230
-574
5648
-1918
5374
-8359
-4683
3552
1036
-5502
-7077
4463
-3823
-3697
9639
9274
3034
-5546
777
361
-7003
4282
7992
4379
-7813
5987
-8438
4787
-8926
4549
477
-5363
6926
-3627
-2269
-1839
98
-4706
-3942
5988
-3212
-4060
598
8711
5602
1349
9117
5128
-3225
175
-2657
2451
2731
-779
-5978
-5538
1128
-7580
-8656
3360
-7431
-799
-9644
-8725
9764
8137
-7280
6267
8327
4502
772
3149
118
1873
-4603
9138
-1219
5596
-7140
-2478
-6030
1973
-9548
-7662
3127
-3253
-6292
-2769
5058
-6479
4186
9743
-3950
-5837
-2513
-3222
1069
4957
-8623
-4512
6447
8397
-1904
220
8026
-9503
-6948
-6824
-1837
-7111
-6140
-1813
-3124
-4397
2402
7917
-7445
-316
3216
-5263
4372
4158
9054
-3035
450
-7858
-6772
-7841
-1940
-7960
-6197
-8551
-6790
9298
-2879
-8635
881
-519
8299
-817
-4389
6429
-9229
-1001
2653
9751
1631
-9802
-3959
-454
-9489
5934
6078
-8273
6214
-4532
-5168
-3770
3671
9634
-6037
1456
-4830
-5850
5800
-5743
9879
6963
-7312
6192
-3019
-9327
8671
-6718
6908
3982
-2658
-5472
-4536
-2376
2576
3414
4163
-6916
8038
6563
8425
-9617
6049
-6595
-5376
-9347
767
6191
8937
-3050
-6329
-5965
-6944
-9159
-7875
-6849
7638
1916
1020
-7482
-1391
3436
-2518
-8071
5284
1388
4264
-8303
-9632
-5694
1328
9468
-8347
-8860
-6153
-4645
9006
-8409
-5454
-991
4186
-1890
7696
7447
-6368
9909
1626
-267
3592
4223
7402
-817
-5725
4262
-87
898
4813
-1273
-9310
-343
-8096
6370
3762
-3728
3241
-8467
-7238
3080
-6903
4386
-805
-25
9874
-8395
-5227
2391
3538
-6635
3757
6997
-1500
-5432
-445
-5665
7634
6244
-7744
5343
1455
-5924
-3129
-188
-261
-8661
-4254
6998
-2892
-2967
-3865
-7856
-1008
8157
567
-4238
3321
-840
1136
-9001
-4755
-4313
4799
-4262
-6021
319
-6663
4510
8255
5427
55
1983
6348
-4767
-4176
5907
9265
5227
-9007
-1761
6617
6812
9640
5157
-3151
-9868
2798
1481
2828
4249
-5922
8728
5301
3415
660
-2174
1154
6133
2346
-9472
7161
-433
3154
-1904
3165
4991
6288
2792
268
-6582
-3478
-6199
-5883
4002
3440
6167
4282
-102
-1141
-5866
8899
1602
-2365
4299
2864
-259
9337
-3317
-5025
5279
2492
9651
-471
-9409
-1299
7538
195
2985
-8791
1414
-80
3512
4863
4667
1640
-123
-8527
-342
-2799
-8850
7685
-6607
-8590
9038
755
5477
-208
7048
5123
-4479
-3636
-7402
-5560
7545
2698
-1787
-6208
-7753
-6078
-3979
5729
-8283
4862
3088
1717
6625
-5673
1488
-6972
-5350
7792
-7773
-5759
5818
-988
-1466
-3102
-7942
6556
9040
-3736
9155
-2365
309
6083
7684
7606
-3807
-8934
-9781
497
-2295
-9862
3914
-2258
6961
2429
-9453
3755
-1324
9112
-9437
4538
-5735
9624
1285
-4204
3463
2593
8957
-2072
7512
862
-1369
3137
1359
-3878
-1219
1756
1294
-9755
-7667
-4469
-8163
5849
-7322
-7122
6781
377
-7548
-2152
7541
5187
2632
-7961
7755
3886
-2517
4757
6734
4567
8046
2904
1441
-2880
-3180
-461
3699
4905
-4172
7931
-5918
7658
8752
-2396
4846
1233
107
9091
341
7503
2763
-425
-1814
7017
9954
425
-3520
9208
-8215
-9646
3932
9763
8035
5485
-4302
393
9255
-3177
8631
9548
-7839
-7497
8663
-4792
5809
-1018
2673
-9570
-3253
-2289
-5451
3028
-9649
1109
-9924
7032
7293
-7760
4460
6176
9458
4977
8568
3975
-4747
-7181
-8973
2455
9670
7668
-3085
-8927
-2836
1177
7122
-213
842
-3059
-1203
9689
5908
-3131
-2507
-9828
8651
-4672
4515
4222
679
2722
-9347
6701
7010
-3656
2002
-4166
2447
-4276
686
1336
3451
-9152
-129
3824
3891
-8079
1259
-2266
-2989
-1884
-728
-249
-9568
1437
4506
-890
7011
3864
-3202
-4667
-9944
5254
501
2069
-1589
7567
-7069
-9562
3317
-4937
1109
-2650
8517
4283
-9671
8724
-6609
-6210
-3578
-6188
-9681
-3466
-8411
639
-4588
-5117
-9956
-6893
-5332
2191
2923
7437
-654
-7128
-3130
-8381
7144
-9472
-2038
1632
9689
1093
-3462
3012
-9770
-971
-9414
9090
-1420
9866
3479
-5417
-3518
883
-4903
-967
-8446
-4782
6964
-6162
2572
-9269
-3585
-736
2141
-5708
5135
-3241
-4350
-3781
3174
-215
-6253
-4910
1613
-3210
-3425
-6364
5277
3294
1520
1888
-5493
5768
-4344
2393
-6111
4770
-6952
-1913
-7644
-6005
9153
3201
-8294
-788
2549
-6808
-757
-3333
6764
408
3333
8318
7427
-8445
5290
-2926
-2732
9314
6972
7327
2186
-8866
-5322
2764
630
-2697
4158
1684
4193
-9230
-9080
2344
-8679
2369
7949
9016
5025
5123
-5835
-2939
-1539
9997
-3903
7774
-2627
2053
3068
6234
9786
-6739
1037
-3129
2185
5017
5546
7657
-4100
2350
-6949
-4242
-9257
-6542
-2858
2690
-2885
-8461
4712
8951
465
6143
4707
9305
-5291
-4440
6287
-6597
-5624
-3353
-6099
-1784
-7578
2338
-6801
-8749
549
6416
-835
-6456
8920
8432
3669
-6727
2154
-8994
-9789
-5969
9398
-2754
-9986
-9712
-1769
6932
9222
-8437
-5443
3613
1678
-5743
-8971
3844
-4757
281
3032
-8852
5251
7143
3510
-9619
5953
1416
-7662
3272
951
-6133
-5825
-910
7310
2072
-8771
6623
-8218
5640
6153
1990
-8685
-4432
7945
551
7958
-3706
-4459
4173
2828
-7307
-3903
-4250
8515
6674
801
-3526
3207
-1040
5038
4284
-2191
-7195
-2440
7322
9961
8423
8573
1739
-2092
-3668
-7406
1843
4040
-4052
-3919
-4732
-4652
7816
-8918
3067
-7536
-6834
-8166
-7030
2117
5139
3950
5065
-9530
-6899
-8556
-3317
-2987
-4812
-8645
-8017
9839
-5934
6169
-5768
2095
-5079
3199
-7175
7718
1407
8028
3448
-1771
-1916
-360
-4741
5298
3731
-9626
6896
-7578
6115
8698
9530
-5857
5113
-6995
8223
-2034
-6611
4259
-7968
-1357
5386
2576
-9451
3976
-1280
-8851
6217
-1590
1903
-4316
7459
4265
-9430
-6490
1220
5950
-9416
-8187
3727
-3919
5335
-9477
-7530
-3216
-6688
-4007
-6519
859
3681
6854
3991
-2183
-8761
-8936
-8332
2327
-3396
-8183
8466
1028
2271
681
-3901
9706
2036
-6786
9051
7542
-3816
-6005
-1277
-2749
4327
205
-1476
-3984
-5772
2892
5569
-3660
6314
3724
7225
928
-5506
-403
7323
5637
6457
-9286
4937
8852
4423
-1338
6088
8912
-1941
-509
-602
7838
-5465
-7314
8769
-7286
2221
-2591
4323
6597
-2423
5198
-4315
-6229
8862
-4521
9356
-6818
7652
2875
5254
-2752
-9675
-266
-3923
-4161
39
-3398
-5199
3631
4831
-7073
-4440
9715
-7578
6650
-2146
-2217
6294
-9912
-6409
-6607
2572
7344
-5019
4058
9375
-7657
-7357
1645
7423
3534
2162
-4084
4815
-6345
8982
-9455
-7040
1589
-7737
928
3037
-8426
-6407
-1757
7096
-3879
-5485
-831
8788
370
-1575
8087
-6300
-6473
-1006
-6956
4906
7366
275
-9679
-120
8842
3919
-6546
3987
-9113
-385
381
-4352
-5056
-619
-2801
6139
4382
-60
-9002
-2252
-7296
-9248
-1311
7332
1361
-395
-8012
-3317
-5402
8644
2418
3078
3699
6132
-8496
209
-3312
-4569
-4433
-6706
5124
-2160
-9089
-4378
-7426
7572
-3941
-8344
-3345
-2700
-5459
-8684
-1384
5168
-7356
-1866
-5279
-5116
-7654
-9268
5609
8474
-9575
208
4654
-7996
8844
-6345
639
4174
5219
3707
-7832
4268
-8775
-4042
-8550
-9404
2760
7243
3516
-3897
4142
-5767
6179
-7902
9404
4958
-4011
756
9375
1639
-373
-8730
1356
1070
8226
-3787
-2530
-5066
365
1097
6977
-553
6070
-4546
-6369
9787
-2541
-2577
8993
-8070
7779
-4346
-477
-517
7693
7380
-8665
-3122
-7262
1124
-53
-9129
30
-5000
8047
-3403
9167
4428
-326
5476
185
-1345
-9972
-1446
6751
5083
2690
2717
3299
3572
183
6607
-5208
-7213
7558
-1871
-7363
6329
147
6655
-2472
-4725
-833
4939
-9777
2198
6845
6947
5168
9030
7567
6647
-4801
5614
-9520
-8554
1004
6075
-9869
-8587
-2833
-6641
-4658
-2350
103
9076
7937
9483
69
-4229
3579
-3057
-8900
-9986
-6306
2060
-6925
-3632
2765
7743
4760
-298
3294
-5402
-1760
-3909
4273
-2276
-2340
-4907
423
3429
-902
-3695
1824
-9327
4088
-4075
9189
-4095
6625
3188
-4959
625
4982
-7016
113
7531
-551
-8276
-2441
-5828
6255
2140
9514
2831
1595
1231
-686
7620
7562
9250
-292
1705
-2744
-174
1227
-5832
-4531
-3614
9754
8919
-9627
-2938
-590
-782
-4634
-1597
-8970
-879
-9262
-8236
-2609
528
-8888
3616
1999
4800
7486
6478
-9481
-4966
288
4113
1650
-2501
1437
-3535
4543
5076
-3881
6885
8929
8771
6173
1187
-2196
2559
-2926
9857
2222
1927
3931
-1171
-6098
726
-4248
1138
-3822
-8575
-6348
-6416
-2786
-3270
5803
-5648
8055
-4297
-6265
-2211
-9692
-7352
5300
5947
3850
4806
-8059
4183
6873
-8959
3456
512
9308
-9753
6950
4482
2312
8688
-9887
-3588
3707
-8599
-9242
-437
2013
9625
1860
-3695
-3722
-2886
9606
6643
-3196
3335
6425
9614
-1072
3348
9057
8690
7925
-1647
-6056
-968
860
-46
-6957
-1861
5898
7656
5296
3993
-3523
-1480
-9133
-1638
-2942
4709
2658
-5494
6537
-3264
9571
-1385
6583
212
4693
-8801
-3173
1060
8174
7420
4604
7381
-1043
9916
7941
319
-9078
-8330
-6654
-4283
5394
3973
9032
4209
-6420
2556
-521
-9105
-2794
2563
8617
-4172
8505
-638
4102
-6398
6784
-9309
8857
-854
2519
-4470
-9737
5777
9671
6419
-4937
-5300
