-1644
5918
-7656
-8298
-720
5954
-1798
2550
8816
-303
6134
-9147
721
-794
-462
3884
175
-1635
6762
-5282
-8506
-5261
6168
6770
-2017
-4664
-3228
-2734
9995
-8590
-4437
-6120
-8232
1377
251
7094
5342
-50
-8448
-7556
-933
-5008
-1902
3140
-2472
1783
-4365
-343
454
-2644
7256
-9570
9845
-7850
-3000
2392
-4788
-1650
6512
-8959
2025
557
4347
-9935
-1034
3182
8805
-6301
6685
-4654
1188
-3641
-5659
7557
1137
9870
6070
-4815
4586
5286
208
8037
8243
-786
-1597
3211
832
-4890
7739
-8232
4476
4028
-3556
9658
2255
-8465
-9856
-685
2456
769
7644
7695
-8474
5163
-6323
1463
8272
9931
8472
-9183
-4156
5037
-7602
4493
-3290
4534
6385
-6851
-8584
-8768
-3736
1909
-6618
-1391
-8812
3743
2655
-2499
3215
-2854
-2667
-3930
244
957
9646
-8693
-6129
-6270
-8365
-8596
5893
3988
430
-22
-9408
-6314
4226
9401
9107
-7975
7157
-9725
8965
1146
-5838
1836
-1247
-7410
-4467
-9415
8645
-8103
-9968
-350
-8502
-6071
-806
7441
-1752
3252
-3190
-794
-8401
8517
-2993
-8544
2615
-2588
610
2485
6070
2059
3746
-1902
-3814
-3574
-7398
2004
7636
-7486
8492
-1116
3965
-7297
6411
-1299
-5274
7241
47
5080
9672
6031
-8639
-5487
7647
-3125
116
-8557
-8033
4017
-5072
3765
-5525
-9945
-1920
-3868
-8755
-4317
-64
-4476
-8419
-4971
5899
8707
-2680
2400
-3612
-5157
-9989
9117
-2986
6324
1763
915
7195
7676
-7209
2193
104
3925
-6500
-4822
5571
813
4845
674
9763
-6926
5063
-8022
-143
-7637
-5780
9648
7534
-9641
-4873
3357
-1446
6074
7506
8625
2616
3153
-7821
6793
-1258
9305
3845
6169
7628
7759
-8271
-1607
-5136
-4600
-6048
3664
-9348
3739
2723
7712
-3385
-5978
4696
-1397
-7665
8120
4382
-3284
3358
3485
1044
-6461
-5925
-8832
-2773
-3025
441
-3664
6721
6021
-6813
-8712
1591
-1302
2089
-2181
-5040
-474
9388
2359
-465
-9628
7407
-536
7360
920
-2779
4145
-7446
4349
4512
3638
-340
-2150
6928
-2139
-4353
3367
88
6646
-3338
-3133
5503
5189
-8495
2340
8523
7551
-1917
3727
4688
-1577
-4843
-2270
272
-4991
-4249
5530
-6044
-100
8141
-8055
-6123
4525
9582
1656
2957
3369
-1118
-2811
-1479
-826
4063
6782
-2244
1494
-990
-3805
-3042
4782
-9870
1193
-2608
7676
-6996
-7066
-4774
3669
9787
-7956
-2550
2229
-8019
4932
-3200
7247
1289
8459
8052
6841
1007
7073
2356
-4084
9509
-5962
-7125
-781
-3594
-4301
-9583
726
3426
-5998
-927
6226
4570
7032
9478
7318
-9892
8455
-1776
-9819
7805
-9842
9174
-1751
9508
9807
1824
-4730
7572
-9775
-6833
-46
5780
2643
-538
-9223
-8706
6088
2294
9828
-8405
-5901
-9976
-889
6664
-4640
-4742
480
-5179
7542
8241
8372
716
-9
-9778
1661
1443
1585
-8403
224
1326
-472
9929
4384
5433
8071
-5579
863
4614
3590
-3285
2008
-8907
-5834
5075
-1341
3233
7070
-7064
-2994
4871
3947
-99
9249
4872
2801
-2589
5652
287
-1984
-700
4491
6223
7047
-8197
66
-3237
7822
7962
-501
6429
-1692
149
7608
-9240
6667
6430
6341
8562
4831
2653
4560
8505
3357
8564
425
-5013
7135
5290
4540
-3861
-4299
-4512
-6389
7641
-3877
4945
-8105
1353
-896
3106
-7852
45
-3355
9260
6482
4354
-9534
-6238
5805
-5118
-3281
-6733
-5038
-6078
-4837
-1007
7249
-1557
9222
1635
-2780
5414
-4998
8497
-8212
2875
-7067
1916
6362
-8758
-6502
2570
845
-6613
2381
-2478
-8227
80
6486
-5983
-7018
-8949
-2632
3146
-3
9885
2356
9307
-3099
-6160
-8857
713
-1917
2637
-144
4253
8983
-9660
742
-457
2600
-7727
2427
-9089
-6767
9250
-1331
9391
-4633
7143
-2339
-665
10000
9554
1150
2536
-3264
4458
9232
6116
-503
-4210
3009
-6177
-3428
9143
-2629
-1259
9468
-2098
5461
-8740
-1587
-8876
149
6505
4971
6
6339
4201
-1920
5358
-3012
-4154
-6153
8964
-5237
-707
9783
1872
-7947
-9124
9208
8525
5095
-2588
-6287
9063
4318
2901
1810
3888
3231
6686
-5379
-6234
4562
-6497
4680
136
288
-8636
-3788
-5317
318
1788
9711
6604
6557
741
3883
-9085
-3036
-1574
-2553
-1289
3984
4688
3619
-9418
523
-7917
6050
6221
-2862
-6842
6842
-1953
-9999
9243
-31
-6905
-6214
9873
-340
98
-6056
221
3232
-502
6515
3781
-7562
1643
2839
5728
1107
-8061
3697
5424
6525
9953
-494
-8093
7208
9218
1450
9460
2469
-5518
5469
-3777
-987
-5499
-610
-8388
2659
4015
6187
7940
-7912
-6535
4648
5239
3441
-5202
-4193
-3992
-7219
-6361
-8114
-91
-3546
6776
3669
-1913
-2357
2285
2557
1445
9825
-948
-9768
3343
1031
5211
2290
-5106
4342
1448
245
-3867
-4114
1273
9251
1116
6256
9732
-7925
1551
-7237
4087
7089
8180
6764
7971
-5616
5802
5042
8414
1449
-4468
-3478
-4927
-8358
-7002
735
622
-321
7893
3901
8525
1014
-3200
5903
2253
8011
-6438
-6387
2859
9655
4256
6040
1524
302
4152
4905
2013
6788
-9823
-4922
4046
-1383
-2882
-865
-5798
-8917
5088
-2068
3905
-5857
-2637
6962
254
-492
-9607
8388
5573
-640
7803
6611
-9326
4052
-3852
9918
2114
-6026
-1569
2972
8860
-6022
-2873
-9474
-2194
8413
-7451
-2664
2432
1855
1725
6476
-2996
6439
9822
2271
-9226
1937
580
941
-6749
1115
4270
9553
-6987
-9466
-1040
8317
-9132
2042
-2239
6503
6068
-9526
-1249
-6820
776
-8028
-2739
-6328
-3215
3551
3920
-1740
2660
-2130
-986
-888
-402
-528
1923
6701
-1958
-9720
5143
1926
-1933
-9877
111
9507
-265
7003
7090
-3815
-9170
522
6669
6993
2174
6158
-8986
-7990
-3532
2843
1240
-1852
9132
-2278
9050
-8955
1925
-4739
-8488
-1134
-1554
-5458
-7578
1144
-5755
-9542
3695
846
-8682
-7669
-9976
-4994
674
-6105
8884
6652
4245
-4948
-9259
-9310
1400
-4103
-7778
-6905
8788
-5993
6464
-3166
5999
-1785
3120
7545
9618
-9889
-844
5650
-9094
-8341
-1480
-8718
3602
-2339
174
1782
-5552
9777
-6678
-8252
4472
-3851
-1608
9228
-4044
-8441
7610
-7742
-2965
-9037
-6248
8341
7660
140
1503
258
3746
8024
-3013
6572
-3573
-6558
-929
-8362
1170
-8220
3577
-908
-6940
5754
-2562
8703
-8906
4360
-7764
2812
-3261
-5386
8116
7629
-9590
5218
5505
-7921
-9460
-3864
3475
-6070
-1593
-550
8184
-2725
-4642
-6882
-4130
6356
7360
2515
2798
-9331
3483
41
2473
-4034
157
-3250
-7527
88
2149
-7715
1424
3766
9323
935
-5401
-2804
1693
-1219
-7789
1033
-3671
4142
-1593
-5512
7726
-2322
-7678
58
5021
-6834
629
-4544
5724
2806
7194
-4988
-6985
-7779
2842
-2935
6024
2350
2911
-5389
1248
-4886
-6249
9228
6547
9841
6372
-789
-9245
-7024
-9258
5522
3398
8890
-6327
-658
2842
4022
-3365
-1033
3043
3105
-3984
1146
8853
1324
-4042
-9538
5014
7090
2550
-2809
2826
-8959
1726
-5451
-7694
4851
-5299
3468
-3851
-8373
-7236
7242
-9258
-1793
1770
-1501
7525
481
-7776
9579
6412
853
-925
-8941
7856
2280
-3130
9221
7060
-8154
5839
-714
7906
-4476
-2728
4816
6766
6841
6394
7815
-9409
-1088
5368
6487
6738
440
-5657
-8917
1490
-4941
-8543
7922
6240
-9797
-3967
-7331
-463
8210
-3995
-7077
-6290
-1908
6600
-5382
-5366
-1391
7407
-4441
3637
-9036
-200
-9841
-3236
-6277
-8298
4744
4331
-9959
-4276
2842
-1865
7438
7236
-5402
1482
-4308
3185
7523
-7065
-6281
-2077
-3108
-5582
6388
1084
-8184
4271
6471
561
-6011
7733
-3162
-4589
-5618
-7741
7630
-6233
-402
-6230
-5544
9242
3895
-5629
-972
8240
-8435
-5668
2042
8732
2995
6079
-4314
629
-374
-7457
-656
6206
-2685
8077
4836
-6107
-4963
7546
6327
-8455
-2852
3174
-649
-6533
1262
6440
7227
3439
-5748
-1565
1182
-6275
4082
-4520
4645
2539
-6614
2560
8045
4428
-1863
-3479
-4584
9869
6564
-7194
9837
8437
8247
-2589
7496
-8339
7530
-3937
-1093
-2933
3889
2379
-5337
-1304
2502
1036
3635
-3706
4404
-7263
-82
-2989
-9035
500
-3045
-5329
-3317
3376
-5807
-9629
8188
6041
1935
7348
4678
6236
2883
-6709
-3017
2002
-8317
4199
2189
369
-4178
-7250
432
9417
5285
7276
-2111
-395
-9742
-9933
6739
4525
-9981
-5514
-9071
3915
-2144
8685
-7910
3925
-894
-3999
-5114
-8580
4175
514
-9652
773
320
-2845
-5972
-9589
-2650
3572
392
1627
8276
-9409
-7797
3701
-4002
96
6305
5991
-4803
1514
-8308
-2866
6937
7747
4915
9968
3725
4347
-9867
8059
2683
-5499
990
3310
4054
1844
6808
7631
3688
-5243
2150
5647
-3797
132
8004
-9969
-983
2276
2780
-737
3992
-5898
5663
7159
-360
-3579
8975
7730
2072
1069
-5631
-2242
1705
8467
-619
-5460
1895
8107
1566
9715
358
4273
-985
1648
8893
9687
-2979
-3060
-4015
6431
7217
6539
1863
-6953
8492
-4078
738
-2140
5729
-5191
-2694
6758
2374
6755
-1032
223
660
-4565
4362
8618
-8625
4054
8234
2681
-9413
6987
-3230
-5724
-1411
370
4916
-8981
-6595
3471
-6985
4407
-7104
6991
-8067
-3914
2772
3018
6339
9761
7055
-9778
952
7731
-5266
-7681
8661
-9173
3487
-1998
-1422
-4171
3717
1161
1345
-611
-8540
-8263
-1245
-3494
-2857
-3033
243
2685
-1282
-5648
9208
-7259
-4537
-3384
2989
3570
2801
-519
3533
5698
-3774
-5469
8270
-6976
-15
-4616
7021
-9958
5688
6464
-2291
-329
-2616
-4495
6811
-1731
-1698
9292
9598
6839
3386
4072
-349
5396
8514
-2212
9484
-745
6010
8738
6162
6880
2532
-5780
187
-4059
-8025
-5616
2782
6329
9345
7522
4215
-5608
-5428
-32
8135
-6081
1059
-1228
9273
4613
1196
652
-9456
-6956
664
7276
7357
3074
3659
9188
-5077
-5695
7698
5534
-3666
-6719
-2158
6872
-1690
-8409
5701
-9916
9649
-9328
-3153
-9794
-2255
2395
4788
-8100
-8629
7003
-1835
-2419
-765
-7009
3353
1983
-5436
-5503
4984
967
3859
-4235
816
3791
9526
9484
1209
-9909
2819
500
-4266
8467
-1707
1100
-5401
2408
-8286
4278
5608
-191
-3703
-4857
-9709
1037
-943
543
6102
1438
-8735
1122
7535
8526
5172
7859
2473
5704
8178
-934
1083
2017
509
4138
7700
-7128
-810
-6045
2635
-3041
7770
-6409
9301
-9292
-3947
3910
-3646
-1989
-7732
-56
-7803
2864
-4947
6227
5626
8526
765
7881
-2744
-9485
9995
-9000
3538
-4486
-663
-6303
8968
7502
-4924
-756
-8482
-2710
2526
-1962
-9575
-1581
8179
-5629
-2786
-1891
2645
-6173
4166
3597
-3499
9569
-9657
-6728
-2441
2265
-6985
-1767
5152
-7379
1051
-4117
-968
1329
5392
-4680
-511
-9585
6960
-1907
1466
-8601
-8483
2046
-2695
-762
3892
6470
-4210
-6216
-8570
-3882
-8438
-3334
3789
-2451
910
2851
6298
-7916
-4029
-9810
-8072
-4070
-2200
9683
-7548
2758
-1632
3162
7862
-4270
-2595
1057
380
8084
1090
5808
2929
7240
4435
-8201
2500
1007
-658
-234
3181
2060
3468
-9284
1220
7720
-188
-8199
7423
-7729
2092
-7779
6090
-9732
-8267
-5068
-1028
-9170
-4305
3851
1681
1430
6414
1949
7818
6032
-6329
7744
-5673
631
3788
-9135
-110
-3839
-4924
3740
8650
4098
6360
-8974
-4938
-121
-8332
7354
-741
-6920
7025
2449
-9576
3923
-2934
2047
-7866
-9304
1536
9617
3220
9066
9662
9765
-4775
-8568
1971
514
-7955
9563
5915
-8700
-8537
-6676
-4657
-4895
3734
-9
7237
1905
-4605
-8303
3704
1194
-5841
-8613
-1034
7004
-3008
-7951
-2876
-7609
9742
-8350
3475
-6840
5944
-6806
859
-7946
-5855
-2048
-7490
3396
-2967
9675
-9113
9544
3830
-8260
-5923
-8020
7982
-4682
-5875
3129
1383
4667
2228
6211
-3103
-2224
-9526
6721
8221
3487
-1525
3672
-6766
3765
2394
8964
7502
-2052
-3962
267
-6808
-5514
4027
-4943
-8259
-6215
8127
2804
-3085
-1887
4761
2917
-520
-7197
267
414
4058
-9994
10000
7932
-5474
3610
626
7783
555
2965
4147
7793
-1617
-5244
3417
-9685
-3754
5095
8347
-173
-6330
-2446
983
9166
4866
8666
-1723
9153
-7607
-1593
6363
-2217
-8567
5060
891
4440
7891
2377
434
-8700
8524
-8761
-8694
3379
-4813
301
-8093
-9077
2157
3084
5446
7224
143
-5852
5139
7314
3578
-6729
8676
7032
6530
2706
-2413
-430
-1701
306
2280
-394
2696
8172
-5430
339
1919
-2924
-1548
8425
-4206
-7794
6973
575
3729
191
4996
7082
1626
-6403
-7495
2830
1970
-362
-5398
4298
-2018
1038
8492
-3414
-737
-5357
1729
-6069
7665
-1756
8402
5295
-3754
5435
2450
-2067
7898
-4180
-1858
-3400
-8069
-4198
4697
-1338
-1278
-6499
-3712
3417
-7485
-5052
-7225
-2037
-7908
-9546
5178
-3029
-6298
-5770
6969
-7814
4017
1880
2104
-9898
7005
4214
5631
5445
2142
6043
-6718
-8500
3310
8387
-3259
7253
9001
1200
4241
3405
-2081
6254
-928
4337
-3836
-9586
8111
-6145
-453
1160
-4552
-4285
-9326
3037
-7837
-7748
-5247
448
8404
-9127
1432
6345
-6786
7147
3009
-6470
3674
5054
-7332
-9362
-4996
-1677
-8465
4296
1907
-8598
4398
7841
-5807
957
-5185
-6309
-2770
4113
-4465
9949
4693
-8271
-5549
4187
-3847
-9281
-3963
-2211
4006
-5997
7174
455
2469
-72
3322
-2618
-8514
6154
7518
-561
-2280
-8510
4598
7286
-4150
1449
-3546
-9572
4788
421
7051
8634
-6448
-364
-9123
1248
-9819
1503
1361
-1520
7750
-6903
477
7177
-9853
8032
-9637
3068
-6851
-9171
-5623
5897
2303
-5497
-5171
8832
-1199
6845
1603
-381
9590
446
-6176
-1418
3265
-2560
-9331
6383
1679
-141
-8141
9148
-6896
-5372
-1033
2404
-1352
-1357
-6630
4742
1039
3814
-1373
-1392
-2682
3756
9357
-2300
-2299
3095
6604
-4431
405
3524
5172
9915
4481
-3930
-8547
2670
-7506
8027
-2941
-6571
3235
4590
477
-300
-2959
-7945
2760
-6505
-4989
6038
7094
-7060
6157
-2773
-3404
-4370
-8368
2892
9743
-5030
-7499
-2568
-3421
8576
-304
-4104
8568
-7721
2737
-7608
-247
-5464
-1644
3835
2562
-8580
-2641
-3651
9154
-2298
681
-8216
6662
7467
5667
7683
2997
-4461
-6955
-8525
-8002
-5865
-7413
7722
-7675
7482
-4827
1936
2448
-8260
-4567
8118
-8293
1106
5183
-7146
-7870
2573
24
-3578
1374
6882
-3438
9306
1464
8659
-7852
-4860
-5841
1708
4892
1917
-8865
-4187
-113
-7264
-9064
4924
8544
-5447
1809
-9313
-8707
7624
8932
-6829
6653
-7548
543
-7807
646
-2327
-3964
4204
9701
548
3325
-9876
-159
-1321
5451
-1299
-7188
1015
4075
-5327
-7548
-818
2358
5505
-9968
-5255
5457
-5862
-7959
4681
-1474
8864
4440
-224
-5229
7799
9774
6211
-4103
6719
-4613
5529
9653
9032
6946
-3189
9706
6227
8857
-7197
-8531
-3253
5102
6920
-1595
-2518
-783
6290
-2561
5228
1066
5567
-8463
3573
-6216
-6764
8501
518
4643
-9371
-9313
-8610
-4463
-9735
5559
6436
-7945
-7708
9322
-3109
-4925
-464
-5631
6891
3623
-5128
2980
9676
4327
-4023
7800
-6509
440
-1098
2777
-6548
-5377
-3552
781
398
6661
8380
-8156
-4866
433
6977
-2171
6665
8821
5763
4649
-3860
-7173
-751
7582
-1232
-1167
-3627
-5285
3355
1737
6805
9761
-6576
8747
7675
-9744
6129
-8856
3182
2383
-2342
5479
755
-2458
-909
-2917
3719
-7291
8777
4180
4049
7455
-9184
5311
802
-8398
5604
-3483
-5178
-2135
512
1283
-8341
-4715
-1482
5759
-6665
-5498
-2972
5350
6360
9690
-6996
7166
-7718
1918
1333
-2692
3965
5786
8384
-7740
-5982
-152
3655
1622
-1713
-8710
-4367
6694
1380
-6707
-8131
-1842
-8017
-6453
5445
7534
5872
6678
1161
2131
5113
-516
-6653
6172
673
-182
6769
-3636
5242
-9853
7741
-9058
-1789
-2566
4089
6566
2935
3927
-6510
994
-2340
2295
-2447
-4190
2044
6390
-2186
6585
-9735
-1333
5082
-611
-6735
393
-1462
-1122
913
8079
-1289
-5028
58
8269
4169
4118
-6508
9092
-8411
5385
714
572
-4193
360
-9821
-5583
-5487
7041
7228
-9376
7989
3843
-3152
-628
3770
-5337
5271
-7296
4334
-2183
-4237
927
-5907
2097
-6189
266
1002
3573
-9953
-1467
9257
-7840
5357
-8027
6485
-4539
-7304
-5829
4523
9444
3338
-1199
-859
3692
-9078
-3075
-6003
-1437
1576
-1895
-183
-2220
5183
-4898
-171
3735
-9893
8037
-4618
7310
5407
3242
-1139
804
-2963
-5374
5262
-665
-2431
-5957
5600
-1947
-2986
1600
-7669
-7132
-6502
-6788
-3390
-6508
4519
-2914
5333
-3513
-8328
-9969
9089
-196
86
6536
9652
6516
-7901
-8464
9484
-7411
1070
2457
1246
-8541
-6042
4066
-7636
4388
3105
-2144
-32
8087
9008
-578
-3626
5411
-7918
8635
-9220
1856
-3852
-3894
6184
-7745
879
7994
4226
3480
3833
6681
-6607
-83
3252
9475
7253
-2967
-9530
-3622
58
4765
-6985
1311
-8332
-2296
-2402
9749
9271
-4013
-4643
7160
2254
-6178
-255
-1965
643
-4025
-6953
713
8585
-6964
-5455
-9013
8458
1286
-6213
-3464
-5364
6733
-3080
-4975
3040
1552
6687
-5309
6941
-4243
-5625
3627
381
-4739
6486
8776
2873
-5267
-2331
-8171
-9357
8515
-3698
-5027
-5053
8371
3071
-767
4306
-524
9472
-4126
8814
-8711
7203
3158
-7964
7335
2798
5653
-8137
-6114
5699
-1562
-8745
3117
-748
-2624
-5771
-1507
1139
-8765
-5274
6482
-3821
-286
-561
6040
5788
686
9633
-9987
9328
-2090
2330
950
-3184
-8644
-7553
9020
7455
4722
4081
28
-5093
7340
7582
2197
1538
3509
-9188
2899
-5712
2483
-6513
8036
5703
-1636
5437
6806
-4096
463
436
922
-1469
9162
-1500
393
5914
9563
-5922
-8260
1167
-4578
-5215
9855
2855
-5384
6756
-1086
-6750
-2793
9611
5573
-8996
3873
-5319
-9740
7551
3898
-7210
-7072
-6851
-7571
-2571
4875
4003
-5096
7827
1802
9176
-8366
-9297
6885
5767
-400
-9345
7646
-405
-7042
-9926
7309
-5
-1127
6362
324
-8415
5255
-8859
4172
3346
4323
-3194
-7498
-1406
2118
-8345
-7280
-234
-9260
7976
-7631
2096
-3331
-8330
-6123
3037
2234
338
-5377
5458
-9810
-3728
-3848
6782
7036
-4706
8948
2119
7995
-3156
8964
7065
5884
2541
-8875
-8458
-9647
-9770
361
1648
-9467
-1991
4680
8411
-6523
3012
-8649
-2487
-3415
5512
3565
7481
1
5031
1514
7413
-4553
-7659
-1664
9530
3852
-7306
-5730
977
-4832
-883
-7220
-8609
-6427
3519
-5623
8445
-1839
2577
-6955
-1399
-5078
-8168
4129
-6328
4193
2305
-6581
-5854
-8975
-2452
6882
7223
8375
669
-9904
-4655
8261
6480
-4915
-2457
3406
839
5737
8935
164
-6422
887
6706
9411
-6412
-5713
-8589
8753
5519
6265
-776
2105
1901
-4162
2838
-3405
-3435
-3051
-7303
7950
-6139
-9314
-6062
-2136
1790
8832
-401
-834
3512
-4002
5542
-583
4962
-4959
-5363
1669
-9512
-5479
-4649
-4553
3837
-2665
4036
-6800
-5613
8599
-7977
-9525
9314
9907
-6744
9702
2670
-2939
-6906
-974
-6977
-636
-2465
-8074
-6981
-9435
8977
-1762
7683
5403
-5816
6781
9177
-784
-7383
92
4883
1799
2862
6705
-6972
6976
-3157
1531
8741
4600
8856
889
-5592
-5368
-5445
-9370
1901
-2382
3337
-3063
6259
5747
2552
-3883
-7530
-3139
3928
9685
-2963
-9380
1037
-8309
387
887
-2877
2946
3110
6042
-7053
-1028
9454
-4585
-4188
-5147
7238
-717
7892
590
-7225
-2582
-1052
-3686
-8878
-5116
6406
-2615
9177
-207
8147
-711
995
2965
2161
7683
3799
830
-6276
-1418
246
-134
-3184
-2972
5699
-5830
-9464
-6514
419
-36
1134
-445
-2997
8028
8531
-6234
-8779
-4254
7768
-1110
-5201
9286
4075
9748
3485
9767
2736
-2400
-9060
-7040
-3787
3389
-1803
4757
-1043
885
-9868
4237
7962
-472
-3702
6205
-5727
-3838
-5255
1699
6563
8205
2918
-2115
-6194
-6773
1690
3351
4274
-8629
2331
-7108
-4192
4139
7086
-809
-6354
-6727
-7356
-3680
9354
-8998
5125
4111
5761
-3977
5013
-7969
8673
7423
1317
-8192
9575
2085
-1259
-9863
4875
-7183
-3104
1676
402
4917
-6617
4619
-8568
3004
-227
-8503
-4313
9978
2508
3216
9930
-3873
-7151
-7857
-9106
3703
5800
-5407
-6227
570
-1065
-4261
2357
-4612
8495
9281
7158
-9028
-1705
-4571
3425
-37
4128
3801
1880
6889
2194
-4826
6554
8061
-3583
-1658
721
1628
9867
4808
-8033
-2952
-5043
402
-3169
3296
2593
-4515
6421
-8870
6288
9462
3066
-7886
5846
5033
480
4195
-5825
-9344
-4658
8077
539
9200
-5126
-6488
9294
1438
-19
-2455
2575
9698
9709
-2999
-1637
5814
-3543
-2336
-8265
7314
-5024
3659
1405
8226
8226
2453
-9908
4544
-9432
-2199
4057
556
7061
-9475
5309
-7996
5553
7452
-6541
-7725
8449
-4958
5050
-493
1311
-8725
-1470
371
6918
-3521
7050
-5424
3849
1402
1599
-3414
-4598
6079
4516
5925
-3392
-2943
1244
7718
-8355
-3124
4388
-4546
-426
4927
-4528
9200
-9133
-2605
-8607
-8734
8739
2982
-1513
1263
-9854
-8367
3054
832
-8883
5071
8163
-7543
-3423
4791
1030
-130
-516
-9030
2124
393
7925
-3318
-7955
-7392
-3215
6202
5547
-2170
9887
-5777
-3934
5081
2017
2804
3202
8057
5731
-6160
-4992
3782
8178
2270
6602
6270
9865
-5011
-2233
-4665
-3788
-8791
4694
8416
2660
-6900
-7760
-7696
-3112
2516
-7222
9750
-4410
8483
-3279
-976
1474
-1559
7291
-1919
-9273
4749
-6320
-4159
-1810
3758
-2771
3778
-9561
2129
-965
-3989
4109
7592
-3255
2333
-995
58
-4806
7087
-9276
9891
6399
-973
-2337
-4296
-8059
-3788
-2146
-155
-8377
6746
-6492
-4656
9379
9651
-6688
8624
-7160
-6993
2208
4707
-6757
-5615
5168
260
-9093
-1646
-5023
8696
3978
8275
4757
-5693
945
-9138
3367
-3494
-6221
2561
2540
-7490
9526
-4360
-7863
-6453
1047
-814
-85
8529
1118
3405
-1156
-6590
9674
2582
-6403
702
-5811
5394
8394
-2012
8153
-6861
8158
1458
-3034
-6056
5601
-2996
-4117
3203
5454
-84
1794
-1555
-7315
-3283
-7966
-3984
-2916
812
4261
4351
1142
-2565
5138
-3342
365
-7543
-3311
124
4104
-2984
-2037
9471
-5355
5594
-7457
4250
-4740
-2392
-7523
-1872
-4993
6961
-1795
-7111
8787
-9157
3486
6193
5023
6097
8436
5397
-4268
1084
-9058
3361
-2834
8327
1338
-4787
-6780
6619
6514
6505
210
-4379
-3736
-5596
-540
2522
5342
1988
588
8516
4458
-7807
-1864
6464
-2327
-8304
8360
5489
-5819
-6886
-8049
1865
7728
-8052
9461
-9926
-5873
4337
-3777
782
94
-406
-7800
8653
1078
-3439
5317
-9146
-3649
-809
-6497
-7561
-6662
-9762
9789
-2556
274
-2129
885
-123
-7025
-602
-3150
-4872
-1284
-2724
-5046
6080
3330
-852
9076
-493
2462
3173
-5927
8690
3407
3933
3970
714
7496
-2431
-224
-1638
7065
4997
-3557
-5991
-6089
-2392
-5473
5780
-8732
3297
-4236
7650
-6291
2794
-3294
2870
7904
-7
-3881
-8690
-1654
9558
-9882
-515
2060
9174
5400
-1945
7063
-8262
4905
-6223
-8205
2664
-6756
-4385
3279
-691
-3651
-7542
-6440
8625
1645
-523
5578
-9035
6134
-1386
266
-7995
-187
8804
9960
6800
-9745
-8006
-7191
-1570
-1790
5516
1153
9883
-4058
1571
3218
8118
3319
3451
-7816
-1491
-6066
-2434
2718
4692
-5477
194
8502
4488
-283
9473
-2271
6842
3070
-4870
-9025
2792
5975
8352
455
-2277
3728
-8908
-9051
-2307
7273
-5490
4906
-1925
-6944
8457
-2931
3881
652
-4875
1265
-7206
-255
917
-7238
9144
5137
-5825
6193
-3248
9459
6837
-2302
-8435
-5069
-2410
-8515
3951
7529
-3076
-310
791
3849
-383
7436
5107
9899
-4038
8771
-9118
-893
5806
5538
-4615
7644
-9075
-4303
-8862
4546
-2040
-5715
3757
-9422
-9870
-2181
6711
-1389
6566
3402
3858
1678
3691
8279
8694
7316
3434
-7540
6545
4586
-5482
-6468
576
-7854
8579
-5026
8186
5892
-1503
-9379
8662
4638
5010
3910
4913
5392
-6575
1364
-5796
-7220
5214
3671
3122
855
-7365
-9864
169
-8378
-1962
-6872
-9740
1850
-424
-5864
6884
2678
4384
7505
5420
8415
-3228
-338
9546
-662
-6069
-61
3824
-854
-8381
4161
5196
3093
-5415
-742
-6370
-972
-361
1212
-8021
9952
5061
-4126
9606
290
4993
465
-6399
4291
3898
-1299
-9175
389
-7192
-5158
-4763
-2529
4471
9493
7090
8472
-2090
-6146
-9122
648
5377
-6834
-4852
6709
-4000
3560
2669
-9746
1838
8536
-5755
-7329
-5268
-4930
-6245
9651
-7878
3394
-2989
1002
-8888
-436
-3139
-5417
6659
6389
-5632
-1611
6003
3769
-376
-5753
904
8370
-8882
2077
-6875
5085
9731
3969
-2710
-2934
9987
1552
5739
-4134
-4779
-9713
5882
4385
-5575
-1614
-2920
7748
-9220
-5359
-8811
6862
1403
-3183
-3149
22
-6932
1904
-2997
-4698
-9360
-3587
-1890
1077
-5693
5602
3720
492
-8219
-9592
-9531
6462
4275
-635
-4435
6598
2356
-2581
5318
-6093
-7280
-5803
-3312
7450
8787
-4417
-8616
-9667
6658
9435
3943
-9322
-9755
2541
6272
9142
-3068
-7720
-3341
7729
-5269
569
4056
5621
-9275
-9185
-266
-6139
2739
6305
-8583
-8105
4888
-5486
9876
-1290
2775
9211
-3127
2900
-6933
6211
522
549
8681
7207
-6088
-4198
3432
4341
-7720
3671
-5608
-2243
-8751
-1800
-7156
-8369
5020
7967
4975
7291
7169
-7291
-1405
2155
9409
2808
1735
493
9564
8998
-1651
-3426
6080
-4742
7364
2361
-8913
8608
-9892
-44
8336
-3656
6415
3282
4109
-4539
-1424
-933
6139
-9878
2316
-4321
-8177
-8156
3310
-4310
-7918
3939
9042
-2278
-9476
-3391
7459
3738
-993
1153
-132
4286
9907
-86
-5644
4032
-3623
-4361
9308
4600
7291
550
8453
-1912
-4572
9745
-6028
-4920
-4284
6166
687
-8367
-6773
-4290
-8918
-1860
4530
5182
8258
-8161
641
143
-8624
-8291
-8417
-3893
-691
4967
-6729
7614
3556
1235
5980
7618
4997
-8624
6790
3019
-4086
-474
-2637
9352
9883
6639
-2886
-13
9585
-7312
8952
-6262
7259
975
8261
6838
2366
-4957
-8661
5549
-5890
-5221
-8219
5069
8326
2516
-3926
-890
-3865
5008
-1989
499
-7237
-3232
1793
8588
396
-4946
-9586
579
-6417
-637
9978
-995
8793
4892
4966
-6856
-9462
-7717
-9215
-3086
2426
9982
-8483
-1108
-2006
-51
2155
-9124
5818
-8721
32
2965
-6223
379
5574
-1824
6574
-5258
8520
-6058
2238
-774
-6697
3878
2069
5467
2515
8608
-9152
4090
6262
-2843
5727
-6665
328
-6006
4018
-8056
1045
9131
-1415
1685
7354
4622
8171
-9622
6974
-1765
4042
-5981
1175
950
-1956
4583
384
7671
6612
-7179
5637
3066
5876
1598
-5607
-7545
-1067
-4596
3443
6004
-9859
2203
-9548
9957
-7725
8723
-2661
-5895
1861
2442
-7044
-2537
1363
-1708
3297
-8452
-2423
-1220
935
-497
-6895
4837
-9017
-6868
5166
-9170
9292
-7944
-3398
8657
5862
-7587
7689
-6982
-938
940
8707
1943
6669
-2558
-6571
-4557
758
9032
8642
7969
-5540
8932
443
-4357
-9593
2240
-5212
-5205
25
-694
7061
6957
-2311
-3327
-6039
-4778
-4101
-9786
-6426
-1825
4078
-5761
-1274
-3810
-1072
7767
-1512
4494
-3472
7131
552
718
-2390
-8353
-259
9253
-5510
5459
5475
-5779
5951
5929
-6411
2383
-9648
-8322
2972
3449
6685
8672
-5762
8412
8271
2073
7078
2073
4713
8864
-4927
5477
1961
9627
6032
-1630
-8932
-4683
8167
5868
-9130
3222
2350
-324
-3607
4816
-4403
6889
-191
-7346
-1853
-5804
-4624
6524
8141
-292
-8222
-8858
3278
3830
-2895
8890
-6640
-5737
701
-3382
-6603
2127
-6831
7083
6660
1596
8225
8440
-2132
4929
5652
-7900
-7300
-1209
467
-9418
5101
2663
-2500
8780
-8373
3096
-2168
-6334
3418
-6656
-6974
7144
-6008
-4561
4298
-1386
5707
-5962
4764
-3550
3610
7993
3289
9136
-1479
-9313
-9904
4918
8635
-3213
6179
3779
-2491
-8618
-6952
-7564
-2402
-3378
3612
-160
920
-9398
-2865
7771
9346
555
-981
-2495
-9905
-3926
2055
6412
7858
-9570
-5757
2162
7709
-19
-7133
-9721
8103
1468
-1208
-4551
-5595
-8573
4118
-1600
7219
-4366
3064
7374
-86
-4749
3576
2116
-992
-2250
-7001
9334
3579
-8591
1090
-6469
-5658
305
1608
-1370
2883
2581
481
4479
-9425
-5883
7997
-347
-820
-8146
-2984
-4367
9424
9025
7804
-3634
-9382
1804
-6430
-2216
-822
-7690
-3797
-9646
-6010
8561
2800
6759
-3868
-5477
-8234
4857
-3348
-7819
-5921
-7571
2478
4548
2555
-2260
-8493
-10000
-5576
-6874
276
-5408
-6739
2580
-4870
4302
8490
-5284
6158
-8907
4190
7531
-8455
-7142
-8757
-9357
6036
2269
2762
9882
7599
-1325
5111
-6948
-5306
-6611
-8906
-6249
-8377
5807
-8244
-3318
-9172
-1026
8440
-3363
-1692
-192
-5087
7840
-8255
9545
5414
3333
943
2040
8559
-4666
1833
9385
3658
7943
-9644
-9250
5267
6809
3412
-7717
7475
-4040
-2848
8595
7280
7198
-167
3550
6937
6314
-9801
1984
3959
8933
-9142
1804
-6169
9756
9212
-3164
-2034
-5686
3491
8244
1565
2124
1922
-8173
4426
-597
1797
-7728
9765
-7590
-9003
9274
9634
5149
-4054
-62
4259
-9987
-7175
-3420
6192
-5007
2722
9380
-9587
7524
9183
-3348
-6721
2193
-1981
8128
5847
5228
4870
6604
-2059
-7083
9869
1691
-8683
-4903
3143
-7870
9293
-563
8353
-8394
-379
-1156
-1710
-5133
9030
-9678
7262
6102
-8867
5599
3629
-7518
-7843
-8561
648
-9739
-7506
1855
-6360
-2455
499
947
6333
2606
-5277
2372
6239
735
5692
1752
9774
-2549
-1122
9485
-1107
6764
-6045
3437
-234
1276
-5672
9091
3975
-6583
-9639
4549
-7522
5529
-1528
4755
8150
4562
-7617
6405
6372
-1903
-5957
-1750
-5930
-9244
4899
9300
-34
8543
-3479
7303
8669
-5743
-7606
1509
-6411
1021
-3341
9195
-2704
8841
4417
-447
6473
3463
6482
1692
-7058
-6076
-4955
4162
-7338
-8429
2503
4584
-5424
-6425
-964
8291
510
-1828
-7062
-8452
1792
-6201
-1732
9011
-5637
6246
-7448
-1369
1132
-9600
5107
-1624
7687
-3018
-7265
9128
799
6033
5239
7412
-1783
9102
-7902
-2421
2811
2036
-3147
9285
9971
-8709
6643
-8293
-5427
-8093
-7662
3914
7461
6234
-1787
8903
-9898
7832
-8021
196
2059
2184
6110
-8588
-9826
2236
5847
-2842
9803
9202
-760
-1594
5021
-1190
-5673
8580
-4991
-8765
-9353
9561
5656
2811
-9021
-1787
-3386
2295
2320
-3283
-9239
-7965
8182
9364
8407
5804
-5074
-5904
6366
2508
4468
1054
2298
9769
6475
5328
-5856
9366
5369
-3381
5194
5329
-8714
-214
9639
7115
-4939
-3309
-9479
6623
6327
4420
-5046
-9344
6429
8368
7721
7782
71
-6694
1000
533
-6165
6098
5855
5530
-525
-7194
9327
-1237
-2612
8602
-115
-2766
-2408
3232
8022
-8195
1393
6320
9917
-6796
-2825
-3645
-883
5760
-3465
3227
-5626
-8085
-492
-6266
6847
3412
-53
-3988
-2401
9062
7362
7223
-7215
686
5701
3558
-9412
-4592
4478
-9213
-9217
5454
1931
7863
-7175
4907
-5697
-9157
4038
-1447
8368
6321
-9683
3658
5293
-5617
3749
8789
-8495
1897
-9219
-5237
4527
-9174
8000
-7722
9005
207
5937
7746
4709
-4961
-2449
8536
-6136
3712
3764
1988
1028
3640
-3026
-6026
-6619
-2462
3383
-1391
-7883
-9338
-1120
8622
-3567
7915
-6354
-5019
-6114
429
-2078
4000
863
-3945
8379
-1173
-871
-6517
5628
-7701
8825
-5530
-5425
-1658
4166
9808
6538
-4005
8948
5056
-627
134
-4422
4638
7049
-1714
-2069
61
6193
-6863
7350
3504
8452
4002
-6254
7304
-7229
-4526
-189
-3205
646
8731
-1558
-7992
-676
-6649
9460
-366
6035
1527
-2971
-311
-3771
7902
3900
3922
-5792
2644
-4095
-1051
9513
4277
3885
-9677
5252
4404
-8714
7779
-7570
6158
-8166
-4463
-9648
-4895
-4448
-6115
-2097
-3479
9524
2611
-333
-2697
7568
842
221
2932
5123
-9436
-1193
7700
1514
-6355
-7237
6057
-839
3652
-7942
6889
-1997
-1322
3498
7329
-7466
2580
2090
-3176
-5559
1503
3862
-8706
793
8746
-7784
-8022
5848
3965
8821
2692
199
3263
-7702
-3094
967
1401
-9053
-2805
3820
5339
-1632
656
-7849
-1922
-8259
3128
5165
-2609
897
-6798
6975
5601
-3405
5011
4986
-5733
6729
9520
-2138
8124
150
-9710
7245
-9966
-9940
-6019
-658
-9935
581
9005
7337
7472
-5101
-2939
-2080
-6584
755
2243
5429
-9424
877
7537
5673
-9783
4550
7707
5515
3641
3270
-9851
-6702
-1428
9242
9055
7006
5786
5489
-6977
-364
5386
-97
9960
7835
209
9139
-6233
-5825
-8269
8287
-4162
-4140
-5851
4939
-4512
1547
8392
2415
-7132
7659
-8473
-2471
-9593
869
-7571
4012
-2415
-5868
2323
-5410
-2792
3441
-8020
3631
5992
1235
-1286
1526
-3918
2685
-66
-3018
-6621
-2810
-6152
5236
-1821
2223
9629
-1629
8727
4929
-201
440
1294
7523
-7070
-9696
5767
7029
678
1178
80
3986
623
6289
-1292
-9143
-205
-1732
-9536
-4096
3158
-8742
-23
-9186
8047
5431
-3793
-4324
-2128
-3438
1552
2087
1061
-4038
8794
3185
-3890
-2675
6171
5974
4238
-976
631
-8877
4337
-6793
-564
-7401
7249
748
8729
-6864
-4866
-8977
-77
-4427
2450
4288
417
4510
-6113
-1503
-7809
8424
-7685
-8476
9152
-2203
2589
2798
-4329
7250
-1019
-6614
2132
-4045
4855
-4542
3924
990
3355
-8213
7602
-3785
-4424
-622
-3382
1354
552
-8354
-9933
3361
7133
1841
-611
-2351
-3666
-324
-863
331
-4972
4304
-6642
-2383
7591
-6863
8639
-237
8502
-5565
-8045
-8231
2456
-4207
6087
339
-360
-1143
4766
3637
-893
7602
-6444
5983
4735
-2400
-8287
-5570
2614
2264
4298
514
-6460
-8778
-5723
8347
3318
-557
-1908
4071
9556
4706
5124
6996
9203
9071
-2012
8314
-5545
-7421
-3184
-4395
5495
-1420
-9211
5779
-7553
-7500
-9225
7471
-3160
-6536
4196
9465
-4499
7796
-6189
-7798
90
2171
6846
-8981
-2549
-4296
-3068
-3925
-7631
-8749
-8382
6553
-8530
5603
-1938
3901
841
-4916
9850
4936
-1304
-6815
7287
-3270
-9866
2170
-2557
4283
-6232
-4
-2152
-3890
6031
7178
-7398
-2731
8041
-8329
6084
-1704
-6935
-4378
-2763
-8800
-137
6597
-6
-6850
649
8430
-8940
-8645
-949
1037
-7789
5728
-5293
-6177
-8759
-3917
7009
-4880
7197
-3504
2561
6896
8476
7278
-3108
-2254
1400
7402
2869
-9391
-459
4706
-6510
876
-1117
7612
-7587
-2368
-5360
-2774
-1530
-712
9421
9697
9110
2359
-6431
-1111
-6743
-9251
9622
-8394
-4274
6528
-9793
7242
8900
7616
-6037
-1332
-5733
-1631
-9773
5718
6304
-6935
-2529
-694
9118
6738
2533
-6358
1885
-6553
-1433
502
3174
-8417
4906
7406
6711
5507
7435
-2316
9564
-2955
2639
-6442
4658
-2232
2783
-2693
674
-5519
-3373
-6140
-8071
-4189
4321
4985
9634
-5283
-7253
5699
-9317
4150
8216
5952
-9222
-5145
138
6655
5243
6069
-6625
-5018
-6734
8988
4079
7689
6499
6937
-6871
-1338
251
-2712
6446
-1427
1815
8694
-4773
3538
4256
-2619
7829
-5970
-8611
6513
-6612
-1940
-3828
-5470
4888
762
7508
-5535
-7822
3336
-3353
3269
1029
9634
-1097
3181
-2129
-5192
-1969
-4837
-6485
8310
2908
3783
9417
-3792
-676
-5375
-8073
3685
-8271
-1976
-4139
336
3200
-1024
4684
-7721
-4527
-3798
-8101
1762
4406
-5720
-65
8631
5346
-1680
5354
1493
2362
1969
-354
4126
7396
430
9939
-4677
3995
-2829
-1588
328
2867
96
7170
8056
-8954
6570
-2348
-7434
1724
-9525
-9639
3366
4434
2486
4490
-1070
9918
1904
-8327
4692
-8021
-3268
5155
5926
-5572
4462
-9862
-5195
-4886
-7488
-7043
-5948
-6660
-7514
-7024
-8298
3470
-5554
-3639
-5749
-116
332
7275
4718
-9386
6809
1047
1843
-6867
-3200
-8239
-4592
-1479
802
-7644
-8837
9421
-2890
-4176
9171
-1406
-229
189
-1254
4414
7845
2947
-5644
-7915
-7152
-5719
2413
7956
-7326
-4841
-5726
1405
-2427
1856
-8022
3219
9876
7946
-8854
-1811
8069
9464
9552
-2977
1646
4166
4720
-8278
-779
9206
8902
9038
-482
-1494
-8807
2822
683
-1075
2089
-6656
4249
5140
1987
2266
-3771
7113
3981
6709
-336
1880
3487
8797
-118
-2071
857
-8604
-6361
9095
2119
2657
4308
6602
81
-6196
478
2947
-5738
-6587
-3780
5048
-5614
-7541
8160
-411
-907
-9256
3930
-2259
-5611
-1532
937
6474
-4417
1553
-2799
6753
-6104
8132
3974
8905
9389
1121
258
6150
-3093
-6012
-1587
3822
-2144
-6849
-2322
-8754
5401
7921
-2515
217
7153
-5494
-6296
-4397
-3079
973
-5158
-6395
866
-9324
-386
-2484
-2085
7186
-6438
-1644
-4658
-6369
8772
-3134
-8090
1769
-1832
120
-9488
3060
6
-1071
-2680
9951
-4621
-5574
4499
-6956
3759
-1624
-2565
952
-7363
4784
-3344
7045
-9732
2334
1120
6305
-4907
3172
-5579
9679
3018
9987
-250
-1955
2248
-3396
2330
-5216
-2757
2267
6999
3553
-7476
-9438
-1176
-3876
9162
-7497
120
1588
-7210
1389
8698
-193
-1207
2273
-1280
5045
6804
-193
-4006
34
6867
-2968
4775
-3484
5373
2739
1032
2498
7729
-2298
6468
-8171
7365
-6201
5514
4108
1385
9170
-5911
5122
8620
1340
-60
7845
-3465
2123
-2259
-1807
2075
-6782
6453
-4291
-9670
-4817
-5003
6550
-3730
704
-7995
-6787
6759
8991
3878
8604
-2697
3331
4798
6328
8690
128
-8384
797
8595
-4836
-7560
2735
-7717
-472
5433
280
8295
-5374
-2588
-7010
-1311
9288
-5810
-3491
-4537
9283
799
977
6197
-3914
-3979
2045
-4179
-6871
6206
4171
3432
9909
-7452
-3956
7362
-1694
-4430
-1869
1515
-8972
-7231
-7580
-4620
-4807
-9437
4249
-1921
1168
8839
-3417
2278
8891
6183
-1153
-5727
-4567
231
266
-145
7354
8067
3854
-7717
-7729
-6353
2380
-2532
6319
7288
1410
-5525
-424
-8148
-5364
9788
3091
-1127
-2535
2926
3620
-4337
-3164
-4280
-522
7050
-3217
1116
-2033
-8011
6894
6561
-6548
-246
8168
318
7948
405
6238
-5830
1586
-6452
-1286
3332
3870
4497
-222
4129
7390
6198
4794
469
3633
4754
7908
4091
1350
3151
1034
371
-3042
4575
7143
-8357
2311
4473
-3208
8430
6281
-9028
1469
-5677
-3021
-5440
-395
1686
-5639
-6801
7127
4620
-6086
5722
9315
5128
8221
8773
-3010
-449
-5269
4078
-4504
-7572
-4367
7176
9189
3513
6885
2026
7805
2274
4158
-5724
-2498
9707
-1469
5862
-6415
-5946
8154
5081
-2129
-853
7556
2624
-1452
2050
7091
2146
-3762
-9649
-9959
7367
-8712
1196
-5917
-3797
-9440
275
3141
8971
-9269
2112
5357
-5386
-1811
6313
-4194
889
8059
-9897
-9333
960
1237
7301
-9612
-3261
-9634
-7023
-732
1614
-1439
8164
-3389
-7818
-3581
9734
2003
-4325
941
-3623
5903
1736
181
-9482
7517
-5710
8683
-7838
2248
-6591
6553
642
-7416
7474
5893
-4839
8485
-3748
4003
-7802
1003
1799
578
6859
-7737
155
-5610
-4873
5395
-7863
6320
5254
875
6492
-4339
947
-8024
-4201
-6973
4951
252
3526
7627
5210
1591
-1219
1327
-4035
5507
7475
-8554
-2365
562
-3127
5538
-5867
6057
8506
6041
-4572
-7148
7729
3077
9064
-3060
-2565
-8939
8915
8469
9286
135
-5636
5321
5166
-8013
7783
9796
-4855
-8269
-9530
8894
-9936
-3105
5092
-6482
-1838
-5956
-7382
-5459
8901
-9538
3003
945
-5582
-6141
8010
4218
-9940
-3653
6244
-670
-1977
-9885
-5116
-3019
-6015
1733
-6344
-3782
7493
4316
-9110
1559
487
994
7995
-3231
-8556
2984
-57
4925
-8802
7108
-9580
-2298
-8245
-5164
-1745
-308
-1943
-705
2756
9708
-6321
-8824
2888
-8923
4196
-9380
3014
-4415
-3395
4076
-7575
-7190
-7547
9270
-9243
5122
5741
-4142
8588
-4851
-264
2029
3976
-6425
-9612
-5534
83
7826
-5880
5403
-3213
-4711
9769
8964
-5473
3967
4096
297
-2984
-992
-3394
9164
4397
-5590
-7765
-6486
-2406
6324
8239
-3127
-8503
1940
2010
-312
7281
-4835
-4061
742
-8820
7006
889
1202
-7213
4745
-6433
-3730
4832
-3507
9242
4867
-6813
9405
-6868
-5496
-4667
9086
-488
-3832
-5655
-551
-8587
-8746
7881
-9642
2691
-9717
8883
-9241
7503
1748
9826
3653
-1958
8398
6746
7010
-2589
-4261
6222
786
-8945
9231
5505
3674
-96
-17
-3907
3871
-334
1266
-1180
2644
-5946
9633
7852
-3884
2858
-4831
-7493
9842
-6395
-948
2373
1716
5248
9331
3953
6767
4570
8280
-2699
9713
2993
9661
8833
-8414
6177
-2726
-6962
-330
-1816
-7691
-6185
-3450
-5429
-8781
2389
-6722
-4051
-3040
-7514
-9520
9678
-4343
-2164
1304
6731
-4338
120
7020
-9568
-1112
6516
6291
3697
9064
2720
2711
7823
6660
891
-6995
3264
4071
-7654
-2023
-374
3010
839
-5334
-5204
59
-2230
-2908
-732
-3600
-9240
-7585
6826
-2100
-5554
580
7171
-3436
-1997
-7487
6250
-9614
2256
8914
9841
1106
-9039
5003
-726
-6810
-3293
-9898
-5338
6381
-5690
2582
-5278
2296
-4023
6795
-9786
6110
-3423
6908
-3022
-9125
-5360
-3437
8123
-4649
1872
-8355
1278
-2405
-6257
-6072
7645
-2161
1035
4901
5324
-3303
-3208
-5263
9280
2405
3224
-5647
-5003
970
-7023
5697
1620
1958
9049
-9280
-9419
-2049
-6943
-5189
-3200
3873
2889
-282
-6584
-2368
2705
7030
3537
5226
8578
-2839
8058
-9859
3714
-884
-5803
-509
8030
6396
-4072
-2476
-9570
5180
1733
-893
-2340
9548
-9279
-535
-6217
-6355
6474
-6240
-6843
2185
-349
-5440
-6854
-4884
8382
-4228
-326
1127
-7559
196
-6957
-4004
2318
182
154
7534
-475
7692
2807
-1383
5372
8360
9165
-3430
4248
630
-4507
4636
-9918
2270
4397
6410
-8706
-5266
7211
-7291
-9590
5853
4777
225
2103
3084
-8626
-5309
-1552
-8340
-5053
8885
1840
7975
-8459
-3872
-7930
-5446
-7713
-2550
8926
-3736
8163
-9862
1796
-3241
-4771
-7676
-6220
-8421
2647
-7016
1045
7766
-3021
9937
-8386
-5451
4335
-5966
7520
9313
-8125
-8599
9373
6591
9498
2772
-2812
4106
-7197
3474
-9632
2417
1505
-6472
-4538
-4676
5404
9446
-6563
4426
1354
7696
8083
4655
-8950
-2282
-9831
7016
1143
-8129
-4480
-3498
-1143
-6930
7396
-2305
-4459
-632
689
-1620
7836
7064
-8229
-1705
8530
5434
-1783
-6386
-4250
9518
7819
-8529
4547
-6594
5310
-476
6937
1739
9055
7484
-6157
-2106
-8692
-3582
5032
7711
95
-2412
3966
6283
-4217
6565
7461
4879
-9724
7483
5881
-3199
7264
8487
1918
6023
-2861
-4856
3862
-699
-6546
5078
5760
-7583
3344
8544
341
9358
2031
-8201
-2976
2259
-9678
-4341
-4634
-6781
-9561
-3691
-9315
4994
-4459
6730
-732
9411
3177
-8093
1580
248
-379
-6963
4103
4640
-5975
-7199
-9110
-9021
3328
-622
7847
-4319
-9931
-2568
5345
8032
4439
3257
-847
-9030
827
-4507
-5776
-6411
-851
8746
1643
-3314
-3977
3183
-4128
6243
-1053
8987
-1508
9675
-9109
-3703
-1414
7619
-7783
2344
627
46
-7865
4545
6462
1362
-9219
7769
6443
9758
-9399
-2812
5552
-1416
-6042
-1582
2681
7855
5869
9066
-5371
5408
1874
-2288
4487
-6225
-9628
9764
4897
5475
503
-1473
2749
-9584
9864
1949
-2036
2410
5428
6313
-8613
5059
1094
-4945
674
-8106
-9075
5251
2715
-1059
2761
-706
-3042
6005
1232
-7470
2083
-6061
147
-9468
-7372
-3297
9929
-1245
-4137
-3033
6555
3292
6254
8825
-4209
3748
-8772
-7353
9677
7834
6700
2516
6004
-9147
-3954
2659
274
-3872
-5436
2699
-6447
-362
5395
-3607
-5408
-8541
6619
3060
3574
8170
6755
9970
3393
2234
3694
9812
5689
-8072
3105
5923
-1236
683
-2398
-1139
-6116
9922
-9393
723
7689
-7338
5604
-4705
75
8782
6500
-1851
3521
6456
2801
-6518
7996
5970
582
-8691
2649
-8188
3456
3345
-3535
9719
-2357
1147
6105
2992
-2384
-2375
-9548
6976
7015
2968
6184
-8336
-8503
7715
31
-28
-9831
-4816
6403
-114
1528
-3915
-9103
-1494
-139
6188
8459
4246
-3134
9667
-880
-4869
4034
-578
-1702
4893
-7581
9973
-45
-7162
-4489
-7599
4290
1362
4272
4649
9543
5823
2989
1669
9172
3445
-372
7575
9019
2969
-1146
1205
812
1604
7975
9894
7918
-7255
4707
7973
-8648
4190
829
-4687
123
8124
-3285
2098
-7391
-6516
2040
-46
4725
-4789
2496
-8452
-3533
5526
-9628
-698
-5782
3094
-6416
2164
2022
-9735
6967
3787
8792
-3676
-8136
-5355
3914
-1249
3944
3069
493
6908
-2563
-2205
5665
-7410
-1726
-8042
-6896
-3066
-1899
6366
-9211
-6461
629
-6143
3020
9242
483
4878
-8408
-3810
-3935
-6292
648
4183
1275
-7033
3881
-9870
-6203
1487
9734
8875
3916
-27
6456
-407
7961
-3116
-3281
3650
9170
3050
7918
-5658
-2063
2882
4975
-1489
3585
-3519
-8153
-9131
6694
-9484
-9731
-6401
-9563
4015
1130
5924
2854
-1204
676
7836
6105
-3901
5928
-7029
-7234
9114
9121
835
8912
4773
9269
-6313
723
-8451
1803
7893
-2717
-6982
-6538
4435
4520
6098
8496
-672
-6159
-8932
-8595
880
7653
-3573
5353
3827
-175
-9235
1385
-2063
-1886
-895
-488
-4410
8929
-6951
-5073
-611
7559
9238
-9804
3503
8811
-7860
-4610
-6331
2379
-510
5746
6814
7338
6461
3270
-7637
-4900
-8492
7258
5662
5835
-4540
2393
1557
-3453
560
8166
6925
-3153
-6790
-1910
1490
-2548
-394
-3539
-220
-4362
-386
1322
-7535
-154
7109
-6845
-6700
-4132
-8192
3096
-5799
-9657
-3398
-7465
4905
-5510
-4687
-9956
-4724
-1187
-9932
-943
5160
-1044
-8858
7916
6407
8794
9024
4417
8253
2295
-586
-8624
3201
3051
2195
6335
9381
-139
9582
-5594
-2225
4750
3542
4351
2014
-1191
5291
8945
3308
-1938
7088
1257
-7408
-6769
-8666
7875
6857
6423
-4792
6377
-9515
3731
4039
6836
8627
2315
9239
9869
5187
8551
8440
6823
1333
-3188
-4794
-9825
-7089
-234
-8894
8693
2164
9652
-8882
9007
4749
-1747
-8311
-1350
4662
-1568
6978
-3867
-3891
6057
-2842
-4922
3506
-9767
2604
2641
1993
-5683
2990
1119
9977
5984
-8288
-2880
8625
5750
-8866
758
-6126
6915
1911
6535
-7184
2992
-9876
9621
3362
-2481
-6364
-3824
-3360
2071
2315
-9749
-8931
-5813
-7789
7417
3702
-3706
769
2955
2704
854
2065
-2165
5593
4169
3391
-6708
-2677
9852
9056
237
-94
3909
-7522
-7628
7319
76
-2377
-7441
2230
84
-3687
-5388
-3699
6026
-769
4342
-5596
-1754
-1460
321
-3413
7545
-8768
503
4198
6705
9630
-6283
-5034
-7192
3356
-303
-8627
1431
2527
5623
-4639
9992
-7903
-2467
5787
-4774
-9196
-6350
5908
3005
-2290
6525
-4734
-9403
-1784
-2806
-1992
2246
-2055
5555
-3752
-5303
3005
-5893
5242
-1865
-5254
4551
11
1852
-3590
6311
2632
-8482
-246
-7331
7023
-8614
-5940
3268
-8412
-3989
8230
3774
7669
25
-1385
742
-2666
6705
-6712
1171
-7254
-316
8090
-505
-2860
-1226
7755
7275
6153
-6205
-6099
8071
830
-6115
1221
2111
-5397
-6516
2265
-9565
3817
-1559
7505
1285
3638
-1149
-3460
6760
-874
-9072
-7569
-9496
-2927
392
-7717
-8383
-6808
2082
310
6240
-4768
8612
-1252
5316
-985
-3262
-9623
6631
-1361
1077
376
8644
-9359
-3443
-6935
6003
-6400
7205
-4502
-4979
-9860
-5364
4946
3653
7270
6430
-4996
-3928
9957
4616
-9963
7025
7213
-4848
7348
845
8101
-9226
8518
180
754
8610
8278
-597
3355
-2814
1358
-2749
-8338
7687
7072
663
9169
965
-173
4703
-7243
6183
488
7232
-5729
811
8815
-8493
-564
-7560
2206
3901
5283
-1655
-8412
804
4034
6775
-7671
-807
-2911
-7048
-1827
-2393
9271
2324
-7667
8218
1931
-6372
-2808
-8745
-6016
-6513
-2104
-9947
5976
3297
-8048
-4228
484
-2033
183
-8618
-2691
4816
4472
-7876
7649
-5814
-7235
8982
938
2494
7366
-9929
-2670
-4693
5714
-7779
-4903
-8270
-3089
-2740
-8749
8270
-3589
-1072
5528
1757
31
3986
5609
8318
1884
752
-851
-2009
-4540
-902
9238
3729
-8848
4441
1916
8597
4488
-1655
-8432
8852
-7441
3655
-8975
761
3396
-271
-3873
-4249
8212
4224
8796
3741
6864
-4963
-8735
-5768
-9179
-9077
-5204
3326
5175
-4748
-4515
2643
306
5578
-6080
-6739
4611
-1534
-4347
-1965
-7382
-8092
-3995
-668
4186
-2260
6321
5845
-8045
-82
-9875
3041
-1381
-2917
2205
4545
4181
8283
-4239
5054
1457
5611
-2598
7687
-6299
-4923
-2959
-6046
7694
7033
-3164
-2448
6830
-3126
-1148
447
-1554
-454
4573
-9326
-6055
9302
2960
5308
-2532
-7194
9999
4792
7184
-3178
-8150
-6162
3420
-1486
2707
321
-9387
-7891
-4466
-2323
7615
-6903
-1049
-9862
3874
8618
3978
3335
8733
6611
7569
1445
-3805
5386
3713
-6714
-7487
1628
-6093
-3260
2666
9836
-4671
2491
5337
-6767
2259
84
-298
-8464
6099
-2904
-9918
-4208
2918
5642
-7802
-6748
-5342
-8345
-3845
-1538
5935
9102
3090
-2320
-4308
3459
-1459
-5545
-4281
-5707
-1524
4274
8538
-8163
6408
1122
2489
-7843
9346
9976
9909
5953
-5675
4509
-9895
-2014
6086
-9519
7985
505
5414
1481
-5870
-4448
4309
6850
-7757
8625
2629
-8948
4982
-6411
-9931
7715
5128
-8786
-7114
-1318
-1500
4839
8002
-6139
-624
9928
-3172
-9690
-7602
7266
-5319
-5792
-6562
-7624
-3356
5362
5625
-9906
5856
-4851
2584
-6922
-3212
-3428
-4630
2159
3116
-5750
6343
720
3540
2064
7506
3043
2953
-9945
-8508
1793
9573
7374
-616
3347
220
-1033
-9070
-893
3783
-148
-9005
8009
1043
4515
4894
-84
-7395
7530
1869
-9119
-2335
-9394
3111
-6244
5626
-6225
-8129
-8256
-489
-6530
1001
5079
-2855
8951
-3391
-294
-9253
7620
-3077
6522
1260
9076
-4942
4910
-6920
-696
5177
-8568
-4327
-8188
8539
1297
-7217
3861
476
9498
-6530
1348
9265
8459
-7719
-8103
-2821
9560
-948
-2595
9493
-5754
5021
5619
-5842
-9237
-8773
7827
-3511
8110
9953
-9215
-5066
-5720
2649
7785
-1865
937
6136
-5595
5875
-6690
6075
-7166
3748
6634
9440
-6124
731
-5197
6572
-9080
-5545
-2770
-2850
-4630
2482
9556
3518
9864
5017
-1059
6656
4057
-1586
-7106
-448
4642
3999
5965
6196
7070
9295
4347
-9840
2176
5257
-8066
6962
-763
9350
-9210
9162
-3578
-5034
9057
-1102
-1868
-7996
-2460
-5411
6284
9170
4058
-7738
-9096
4371
-3397
-5442
-414
8916
-4207
-3210
9826
-2033
-9826
-2194
-3327
-6308
3583
913
-6910
7879
6286
-3929
-2248
4765
-3621
-2592
4154
-2310
9165
1092
9922
8083
5698
-2759
-4716
570
8258
5387
-5699
-1651
-3649
5437
-498
-8643
8688
4095
5618
9751
-8971
-9828
-9502
-9178
7595
-6568
-3594
-2511
-6985
-2394
-3307
-6622
3244
1766
1089
-3682
-1713
2600
5787
-2621
-8061
-6107
-2529
-540
-2496
4500
5413
-8331
808
8239
7252
-4420
-9505
-4539
2067
5619
2131
-4733
-9871
2686
-6309
969
-7781
-8345
8258
-4356
3510
1412
-7683
-8772
-3886
1397
-1029
6372
-7720
8066
9337
5580
-6950
-5881
-4361
-3753
-8635
-9663
-1928
3137
-4984
6600
-6269
-1327
-5525
-4676
9717
-7560
6130
191
5609
9251
-1526
-3915
-2167
7396
-8422
5202
-5784
8693
8116
1466
4067
-1668
5863
-7951
2923
3325
-155
-189
3954
328
8702
-2526
-4427
-5945
-4182
6464
4113
-4765
-6647
-1789
5932
9418
-7670
7248
-1106
190
6809
-7258
-1404
-9083
-8275
5674
1217
7027
-4127
5494
-3353
-5601
9766
-9747
-4458
2007
-7456
-1302
-2274
9765
-5928
6727
6684
6020
-6364
8203
5764
4519
8070
2329
-3649
-3411
-9092
447
-8628
-6846
7802
-5616
6038
-3637
7048
-4352
4027
7875
1942
6537
-2225
3779
-5303
211
-5419
-6700
-3821
-7642
6693
-767
-565
9130
-7969
-2090
2834
-9038
4934
-7455
-4360
709
-3380
-2652
-45
-1751
-1684
649
-3796
2476
-8023
427
8950
-760
4311
8396
2816
7494
-7947
3398
9513
-6198
-3497
8805
3378
-741
2309
5325
6504
-339
-5687
4253
-1181
-3053
-8525
-8598
1329
9385
9729
4620
-8100
2578
-7153
4289
425
-3937
6591
-6771
2768
316
-5053
5072
1062
1685
2487
1517
-8701
8061
9857
9643
-3105
2642
-4288
-4658
7493
7329
1049
9524
486
9597
8950
4238
-8150
7005
-7485
1329
-9231
4755
6848
-345
-501
-7697
-4242
-7338
-2102
1592
-6749
5286
5633
-4802
-8490
2441
-8031
-5933
-6034
-4077
-5559
-4500
1937
-9230
3450
8369
3244
9165
-7634
-3385
-4304
-4088
-146
6812
-7602
4502
7188
-4132
-9856
5353
3682
-1104
-9850
-4848
4760
7382
-4795
-2272
3825
9
-9288
1934
-40
3467
5421
2422
-1568
-4050
6270
-1445
-8511
1205
-50
3927
1197
-5177
5956
9295
2314
-1213
-6661
482
7423
1898
-1434
-7132
-4936
-5709
9248
788
9768
-2458
-9919
-3183
3898
7664
-7297
-1622
-7238
-3629
4478
-8388
-5845
4161
2737
-2619
-4600
8018
3946
6986
-7771
-1204
-8744
2849
-2384
5513
-3596
3738
-4718
3094
-8478
9977
4794
2152
-9943
-3300
7465
-2744
9279
-565
-4433
6073
-543
-3685
8732
4472
9139
-2244
1764
9966
6933
6284
3300
1414
-5965
9414
-2761
-3998
3169
5059
721
-1030
5717
-3790
-7561
-452
-9569
5240
-1291
-6478
6796
7919
7158
3765
-5940
-5647
-2030
2528
-5245
-1014
8225
2016
-2974
6568
1535
9635
2309
-2331
-9834
-977
-6985
7301
-7693
-3080
1751
9002
3778
-5669
-6901
9770
-5889
-4519
-6201
8993
-9697
-4369
-8025
1294
-5136
-8395
7505
-6078
7561
7206
5481
-5026
7290
-8956
641
-5917
-3799
2373
-3633
671
9067
-671
4751
1060
-9349
-5379
-7860
1657
3145
-5487
9961
4911
8608
1971
-8322
4311
-818
-3743
-4108
9628
4354
3431
469
7903
4634
-9731
-9399
-22
-4200
8461
2128
-4805
416
-7333
7960
18
-5695
-5154
954
-5332
112
7777
876
-2418
-2128
3997
-6456
3284
5618
-7040
2537
4141
-2030
4115
-1011
6811
862
8626
-1013
-1354
-1703
-3249
1802
8783
-999
7121
-3489
-4497
7980
-1171
7392
-4142
-100
-8840
-9132
384
2947
-814
-4212
9920
-8919
5366
3633
6950
-6961
8166
852
-7765
-9405
2463
1328
9468
-1954
-8439
2570
9348
-4905
6953
-909
3331
-2122
-7607
1304
1810
8494
249
-9823
4791
6252
7901
4310
4365
-493
8558
904
-784
1709
4015
7708
5615
4727
2816
-2336
1292
1224
5452
-7092
5245
7447
-7175
1624
-1586
4793
362
2561
-9659
-411
9323
-1502
-2044
-2882
6739
7615
5999
-1846
-9132
-5255
-2593
-2939
8285
8072
-2277
46
2383
-1100
6857
6255
1064
2747
-9733
-5427
9333
-8899
3303
9908
-8380
4752
-184
-3057
-365
-1937
935
6668
-8826
4784
3549
-3276
-8629
-42
-226
9422
-3986
6891
2776
4373
1252
-5726
-5816
-2729
-7308
-9339
8931
-7958
-5192
4506
5697
-7973
6518
-6620
1248
6488
-4591
-2867
9905
-2264
-6271
8589
-4225
9761
-1038
6684
9128
5846
-5794
-2882
5256
-7155
4169
-9669
6106
-6171
-6122
5392
9021
-5701
3010
6818
4081
-5953
-4697
7234
4572
9284
497
-7528
9486
-4467
-4925
-5146
-6191
-204
3825
8428
931
-4676
5628
37
-8604
2761
8158
-9243
7014
-9413
936
7379
1710
-7257
3662
2553
-4131
826
12
-9549
-7584
-7641
-1499
-3406
-827
-6477
-6100
6739
1157
-8501
1214
-9049
9861
8475
3618
-2213
-6853
1797
-5743
-3175
2193
-3577
1803
-4011
4199
-5871
-4700
2533
-1450
510
-4131
-6144
8756
9677
-861
6906
-7076
-4599
-7271
5773
-906
7191
-9093
280
-4781
-4006
-8285
9126
7637
5028
-2091
3724
3390
-5092
8459
6822
5991
-9799
-5588
8599
-2451
-3211
101
3226
-7214
1348
2157
-5763
-3515
4305
8908
-4460
-948
3918
-5698
9437
-6935
5068
5035
-9788
8426
3947
82
8109
8193
-3151
7297
-3838
-1078
7222
3731
-8965
-3610
109
9483
-2274
9285
4758
5217
7130
-2742
9570
-5443
8392
7665
-9766
-2633
-9228
-918
8502
-623
-6751
-1712
2601
2446
-7561
-8985
347
2811
1637
331
7835
-5381
-9163
3021
9619
-8588
7879
-7799
-6283
-5405
-6576
-1168
2662
7528
-1132
6542
4213
-2848
-2145
-2289
5317
-9397
-41
4299
6561
1861
-1817
9097
3453
-8749
9165
3436
3790
-1843
-6640
-9837
6553
9359
-8042
6362
-8035
1821
9595
-9432
-5734
2195
9599
-5974
-3356
-715
-3504
7252
7242
-6539
978
6740
2884
-1911
1962
4889
-7124
-2073
-4425
-5479
2582
-7034
1006
-2967
1072
-4207
-6308
7032
-6824
3001
6425
-6407
-9540
2364
-3336
-4680
6212
-2208
-3721
9809
-5146
-6645
3309
-1221
-6398
-3527
-5899
7768
7728
9945
8539
372
1693
-3530
-1262
-632
424
886
8063
-8227
-2319
-3339
-8238
7369
-6821
-3415
-7125
-1280
-9489
2963
9806
-5549
9154
8297
8087
6684
-9297
1127
-6228
193
-9608
9319
586
2612
-5916
-6376
-8245
5404
157
-1470
-3652
-3587
-5915
-2539
-8315
-9862
-2143
-2229
8197
-9148
-7255
-452
2782
-7149
304
-7423
4992
-8321
-3747
-9388
7812
9069
-1230
7657
3936
-8761
3796
-6255
8146
-2550
5376
8936
-2937
-3505
-9153
-2027
3276
-3843
536
2719
-6353
-4764
3152
7880
-341
-5708
-6057
4498
-4892
-7106
-4975
4768
-8262
-2108
4057
8790
6023
-9326
-8186
-8230
1650
167
-2516
8592
-5668
-9209
-7269
6292
5829
4085
7186
2699
457
-1785
6688
8426
-6261
203
6791
4151
849
-2709
-1209
-4504
4199
3435
5917
-1539
-9830
1464
9052
4425
3655
5619
1482
1673
1635
-236
-1833
4880
2019
9465
7989
5541
-4005
-5999
-2503
-276
-1270
-989
-6557
-8367
8680
-8414
-5219
-1555
-2394
-264
-9265
-7902
770
-1301
-7764
-143
-5290
-2800
1183
-7282
147
2080
-3342
6746
4192
-7346
279
2701
-3894
195
-8131
1828
7216
-2406
6074
2847
-1366
1706
-6580
-6838
829
7648
5723
-2758
3949
3940
1588
1154
9268
-5217
3905
3957
7001
3536
5204
-3534
4817
-7647
-3494
786
6943
-4955
-6031
9624
509
-216
705
-409
-1465
8606
6112
-9495
-4664
-8087
8846
4140
1465
7474
-2593
-7920
2491
6780
-6367
-1881
6035
8509
-5377
3687
-6325
6241
8930
-8664
-3736
-5371
8082
190
-8551
1002
-4430
-8185
8219
3378
6265
-3400
383
4793
5221
-1171
-5757
-2896
1228
-8430
-9416
4018
4667
-8836
-1934
-6517
-4063
-6957
6269
-7380
-1326
2655
9466
5053
6315
84
-13
886
-9351
8163
-20
1851
1444
1713
9344
-7872
1655
-9925
344
-7952
3191
8886
-1305
-2593
-9208
7691
-2217
8290
-3622
-493
6627
6853
-448
4693
2300
9912
-8727
3887
766
2518
-4161
-1964
-5509
-4711
-7993
7067
301
1308
3960
-2199
4722
-8065
-7558
-1751
-5758
3247
2979
-3002
2625
7299
4374
-8121
-7422
6675
-9109
-6881
-478
6021
-9721
-4290
4596
-6178
-655
2032
-3265
-6096
-5873
4217
-7206
-6150
5534
335
-9686
-2396
3488
4895
3859
-4799
164
4971
2793
-1620
-5553
3229
-1289
1586
-7833
9975
2578
6482
1152
-4732
-222
5515
3255
5730
-6310
9100
-1783
-2533
-7900
-8664
2425
-7862
7945
-7984
2312
-1469
4137
-1508
-2462
-5632
5956
-9719
7950
-3771
-5471
169
-3653
6026
7132
-5122
-1515
-8471
6380
8169
-3528
-974
3006
-7705
7736
9473
2874
-666
6070
9281
2427
2414
-3921
6258
-2760
-4604
-5316
-1503
984
-8753
452
5113
-1339
1136
5221
8825
7811
1642
-1523
9207
-8520
-6454
2863
1835
5256
4588
-8
13
-7639
-8737
2932
2910
8487
-7157
6797
1045
3409
-3741
-4157
-3316
-7263
-573
-3193
1355
8786
7005
8343
8990
-5725
4900
7882
-8254
-8388
-2991
-378
-9374
4003
-3760
9568
3745
9421
9937
-1487
-7593
6555
-1103
-9460
-6743
4739
-1621
505
-7414
-1982
-3399
2772
-9152
7270
-3173
1117
-2966
-8099
2813
8331
-3998
-9521
-2381
-7264
-518
6873
-2531
-1490
-3989
5476
1332
9438
984
-2178
-6109
-7217
3616
-4384
-1364
3395
1588
2283
6099
-8598
7628
4675
141
-9308
9689
-8554
804
7115
-4698
2465
-3407
3154
-9798
9022
-814
-730
9798
-9023
9578
7403
-4912
-5881
-5043
9089
7014
-6989
-8244
-6789
-3667
3884
-8317
-8332
9031
-8656
5504
-4674
-8202
-7909
-2216
3836
-7271
-229
6445
-1326
4852
-3096
3011
4009
-7107
1992
4219
-309
1563
-673
4583
-7298
-531
7700
9508
-4828
5318
-3852
-4884
-6558
3358
4900
-7045
-4455
478
-514
7293
-2116
1568
-3177
-5148
-3212
6172
5619
3829
2061
2887
-7238
-8808
-1313
-7030
6660
257
-7181
-3951
-1960
-9163
4132
3740
-5297
6260
-7848
-8352
5510
-8852
1332
3134
8510
-3557
-8285
2610
4526
-2461
3176
-4989
-8881
-5377
3244
5476
-238
-7734
5750
284
-7289
-1259
4336
-3424
-5897
2121
-246
5327
1508
-7264
-4589
4512
-3299
9950
-3194
6285
491
-4306
-2408
-665
3356
-2592
3594
5601
-9450
6654
8080
-2299
-7486
3178
-6022
-4814
9644
-7188
-838
9855
7196
-7965
-4118
-565
3205
7187
9801
6796
2483
2369
-7463
4387
5778
-4923
-3099
5180
8959
6465
-4599
-524
2550
-5673
6336
-9031
-5699
-1916
1628
5699
-6224
-4432
-9241
4716
9777
-7712
-967
-4623
9080
-9401
4505
-7249
5709
-5768
1990
-2257
1288
-3326
-5372
4376
344
-8409
9858
1949
-9749
9459
2657
1905
5914
-8225
-7150
-9516
-8214
-3593
-5855
8818
-4393
-4249
-7085
-5706
-146
-9574
5742
3560
9415
3560
-3961
2048
291
-3792
1508
2787
-9096
8483
-7851
2111
6700
9620
6926
6992
-8201
-594
130
9189
-2958
1967
1691
-9583
-345
-6904
-2281
-6451
6952
7423
3014
-4369
6717
-9771
-9757
-3978
-117
-7955
9358
-9977
4531
115
873
5851
-6645
3220
-2746
-269
-8441
-5510
-2338
8913
3951
3019
3448
-4005
-235
-4945
2349
-9791
-3441
9951
-3889
588
9714
-7137
-1660
-7165
83
9750
-7424
8674
-7734
847
4547
9610
-1763
7248
-9703
4413
2457
9647
6110
8573
1557
-6062
5242
-3113
-1139
3895
6432
3960
-5105
-995
8497
-1236
-4629
-4273
4579
5579
-3780
-6398
-2006
-759
1073
771
1776
-9889
-489
3944
108
-4106
8356
9308
-6509
9986
4615
-1385
-4796
-1563
4265
-6924
6656
-7605
-1853
7287
4277
8754
-1789
3338
997
-7930
6907
-6808
-3701
5171
1521
-8832
1507
375
-8238
3268
3772
-9416
-2000
-6996
-4332
-8183
5281
-9769
2487
2860
5379
-9088
-8089
3751
821
3336
3077
-6359
1619
9337
-249
3529
7345
-5665
5200
5746
565
6368
-2203
2161
-6866
1755
2994
5547
6366
871
-2940
7187
-6259
-9322
4723
6697
-6600
-4099
-2055
-8478
2284
5445
-1660
-7352
-7111
-629
-2585
393
626
-2090
-1329
-1793
-2069
-626
2893
-2406
4686
-1664
8866
3168
-8335
5977
6935
-5667
7979
-4277
-9980
-7533
7754
5788
-127
4742
1314
136
5129
6303
8817
-3260
6315
-2906
6420
4060
-7391
-9689
-4165
-6953
6594
2945
1597
2079
-6957
3339
8376
9863
338
-2914
-4069
7893
-4564
1549
7596
-4570
-4295
-4137
6969
9904
-5758
-5412
-5986
-9575
-5946
-8566
9481
-1043
-1720
-3074
-6230
1329
-950
-1190
2864
-7315
-2068
-6522
-7026
5906
4765
-2370
-4052
-9897
2865
6719
526
4752
-6200
-9820
1579
-8165
-5809
1627
4990
4154
-5887
6531
5562
3484
-8220
-2056
8395
354
3525
-1775
-898
-6468
9935
7544
4814
6808
-7489
-5795
-3323
1873
2748
-2419
-9171
-8089
-2175
7014
-7145
-1254
-5069
1405
-4094
4650
-2767
802
-6607
-4534
-8802
2776
-2686
5904
362
8752
5804
7576
-7747
1743
6910
6363
8671
-2386
-3616
6841
6442
-819
-1151
-8358
4625
8790
-1578
1694
3402
6309
9130
-1908
8898
-2368
3216
109
6855
-8624
3074
-1908
7419
3968
4344
-4397
9904
-9386
3273
9866
-2352
-8838
-1801
-2173
-421
-8961
7698
-4545
-7791
-2318
-3104
1225
7314
1533
9301
6710
7119
-5117
8542
-5495
2643
753
-1061
307
-6550
8040
6163
-7583
6391
6704
-5816
-4862
-2409
-5237
5936
2698
-6750
-5198
552
6850
6456
6942
8558
4180
5827
1271
-6993
2834
-8900
889
-6741
-8137
3147
3112
2603
2791
7411
5212
-4791
28
8295
-3029
-1585
6274
5072
-3605
9817
-1694
27
6107
8195
-5411
-3676
2166
-9345
7005
-8344
-711
-2641
8960
8109
-8463
-6448
1142
-8462
-2142
4953
7781
-6027
-7640
-4545
224
-3533
-793
-6663
-8366
577
-8720
-2629
4679
-3289
-5939
-3308
-9286
-5722
-4131
8627
6143
8881
1286
-7498
2355
-3515
6718
-3759
8125
1578
6519
6616
4331
-1442
-9311
9553
-1962
-3276
5730
3956
4850
-3616
-8763
1091
6987
618
-5592
-930
8549
7943
-1081
-3780
4093
6753
899
4487
-2983
-4440
1075
7311
9244
-3647
3380
147
1117
-8445
5592
949
6699
-4959
2255
391
-4230
-7677
-5070
1086
9633
5691
-1691
1527
5873
9656
4695
9706
-9157
-5314
-8677
6073
-2864
2333
-2608
-5994
3179
-8847
6409
4203
-153
9779
2569
4795
8154
6572
-3825
6149
-8913
-9386
-175
-4662
-6985
9484
5303
-8087
-3294
4625
9170
-7978
-556
2437
6101
487
-679
-558
-9641
-8173
-6356
-1677
5417
9918
-3435
4160
-9759
-5082
1851
-4701
-6964
-7169
5279
-1033
7716
-9441
-7695
-6428
-8206
6174
743
6720
1845
-7801
4778
-3886
3281
-2647
948
126
6355
5995
-8094
7865
9087
3175
-4094
8247
-8558
-320
-7425
-9530
-9738
8718
7661
-6721
1463
-4891
6173
-393
2986
1021
6831
-4564
5389
8225
8781
3488
-662
-9764
3056
1951
9511
-520
7684
4126
-2350
-1053
-5033
4849
414
7965
-7718
-8004
-8622
-5868
5803
-7905
4973
7396
-6712
8
-143
1706
-8947
8827
5535
-1220
6140
2560
6745
102
9334
6065
2064
-4479
6388
-6164
9514
6889
-6304
-5656
5863
-3075
-6209
-3395
8828
3090
4110
8280
-280
-2202
-779
-1715
-7634
-8118
-7003
-5940
-1888
-7597
3874
-3563
2944
-4720
-488
-4872
5764
-3314
-7396
9085
9469
2837
-374
-8149
3676
6227
8451
-963
-5403
-1264
6174
-7677
1833
-6217
-3882
447
-423
-8312
880
1167
6612
1887
6598
-8212
-3602
2403
8934
-9277
8248
942
8666
-6006
-1939
-9380
-7793
-4803
-9011
8719
-5661
-7706
-2211
-5315
-9261
-5833
1930
9678
6723
-4318
-6491
-1806
8905
-5072
9854
2777
-6145
-128
8158
-8370
9833
7229
-3812
-7352
-5592
-1016
7811
-8571
-13
395
-5626
9687
3463
9522
-8611
-1100
42
3824
-7558
-5833
-3793
611
9097
1392
-5963
-7058
-2984
-5038
-201
2993
8291
8634
6776
-330
-3007
8723
-3650
8741
8160
-6273
7648
-2037
-1941
-2822
-5143
-7071
8951
9343
-5873
8051
-5173
-7375
-3259
8435
-6129
2258
7161
-6825
-9920
6734
-4389
1394
-4893
6187
-7540
8069
-5970
-6091
-6482
7004
5705
-7316
6757
-1595
255
4367
-3793
-8296
3742
-5211
6914
5650
-3654
-7220
3944
7436
-6499
-4201
-4364
1888
8335
-8954
-3017
-4246
6704
-8513
9827
5528
261
8571
-2108
7037
-8870
6453
4468
-3865
8209
-5158
2120
-1733
977
-2431
774
647
-2453
-4525
1924
1242
-1233
-7152
-994
-7378
1372
-7619
-6908
8622
-8841
1128
9919
-8428
-1980
-1635
2070
-9145
-6021
5128
126
-3275
5590
2876
-6245
1322
9212
290
-6656
-1887
-7506
-3810
9650
-7992
7992
-4079
-5485
2185
-8409
3670
8705
-5880
-3960
-9452
6139
-9941
817
8703
8737
-8473
-4317
5242
-2744
7258
-974
-9202
-4255
3436
8042
3309
1097
1592
-1738
7307
-6802
8282
9676
-2494
-3859
-2061
-9892
373
-8139
2627
-8075
-7153
-3682
1421
6888
-7114
-9533
-8449
-8591
9088
9893
1267
2896
1583
-9891
7221
6436
3342
-4522
-2897
-816
9289
379
-6758
-3706
6811
4562
-3233
-8943
2335
1250
-5372
-9807
7000
3908
-6101
-3058
-1473
4565
81
211
-7170
-478
-382
-1503
6923
-7340
-7362
-7820
-2488
-7677
-5365
-2290
-423
9330
1459
-1226
9508
2985
-705
18
-3255
-5193
6916
4297
-4851
3652
-7557
4884
4182
-4842
9375
-7265
1006
-2840
602
-98
7468
-7080
2688
-1925
-8314
7436
487
-6208
63
2095
-3987
9389
8923
-1012
-4907
8121
4144
-3749
-8128
-9769
9075
5555
4595
4281
9550
9927
-5399
-7558
4968
-6310
4862
3279
-7130
-6563
-4267
763
6892
4749
9988
8453
-4019
-7145
-5940
-6948
401
625
-6014
-5666
-302
-1465
-4023
390
-3393
-1502
5781
2429
-609
711
-7669
-4443
-4163
3793
-6780
-9405
9347
-9965
1568
-3858
3775
-6174
6938
8299
7126
5001
8808
8744
6898
-2845
3117
7621
-998
6520
-19
-8516
-7248
-6962
8855
8059
8070
405
3558
9607
-8307
5967
3728
-3508
8958
-9535
1262
-424
9849
1638
-5538
5715
-57
-6325
1533
-1373
7615
-2414
-5782
-1098
-2721
-633
-1072
-6263
-4098
-6441
-1114
-7318
-1725
-3265
-8153
-6985
-2356
7112
9622
-7052
-5747
-8913
4594
1384
-2998
3903
842
6769
3795
2104
-9318
6657
-690
3956
-6165
-1917
-2502
3307
5182
-6660
6448
-5533
3186
7733
-8888
3545
7660
-9622
8882
-7683
2777
-9978
-8561
-3495
3567
-5580
5170
-1646
-6128
-6968
-3976
-4096
-3168
8869
-5522
1397
-2048
7107
-8844
5640
-4729
-4357
7019
-9277
3901
6095
4416
-6858
-2587
5721
-7351
-7805
2226
6819
-9501
3767
6750
3058
-8265
4389
-9273
-9998
-1504
-3568
-4310
8406
-2186
-8749
-6014
-7437
8520
9697
9553
3501
-6033
5694
-3159
-3734
7796
5743
6648
-8118
-1206
-9092
9219
-253
-9905
8501
-5043
-687
-2632
-3855
-1813
6728
3265
5225
-5385
-3080
-3674
-9381
-2809
8574
-2358
-5855
4424
-3795
-2889
7253
-3871
-1308
2313
152
7540
-3132
-984
1018
5231
502
-8333
-3028
-1793
4861
1116
-4456
7770
-2035
-5294
6295
-2912
-5720
7170
-1735
-3095
5789
-7111
7971
4475
-79
-2280
6301
5880
2785
2419
8137
5520
-3732
1453
-5581
-1747
3339
-6868
6778
8224
-7925
-5486
2190
8182
-1537
9697
-1335
5717
-6555
6872
-1246
-6780
-6330
-6246
-6119
-2926
4910
7126
4259
6089
2285
6454
7464
-103
-4263
3391
8107
-9497
-8625
9851
-4057
-7548
-5314
8760
429
-513
-8538
-7051
2861
8804
9727
-2761
4302
9406
4079
-8643
-8877
7470
-148
4950
-7452
3387
1779
-9671
5706
6972
-6811
-9677
-8929
8779
3844
-4050
6941
-9928
-1191
-615
2699
8030
-9643
9598
-1045
-5326
5555
-4249
8763
9555
6059
-8495
6966
9535
-2578
-8106
-4729
-8918
-7590
-8842
-183
3896
3072
1141
762
-7687
-2654
6101
-2728
-623
-4643
4033
-1994
-8469
8405
-5138
238
3747
9670
1074
1319
-2696
7113
-2252
1407
5220
2205
8701
-3114
-706
-3036
4916
3472
253
1366
1735
-1147
-3969
4918
-6665
5421
9110
-4866
1943
-4440
-7744
8929
-9053
-5420
-752
2785
-4790
-3957
5828
-9302
1140
-119
-583
1174
-734
254
-3578
-413
8012
794
2981
4167
-2153
-598
-2573
6962
1498
6627
-581
-2058
2260
-3444
4124
-1395
1723
6021
8418
1994
-4690
3727
-2886
-3259
-8380
5374
-2332
9478
-5632
-7723
7886
-2212
9134
5279
-3735
-8185
-2331
-1756
5235
9873
-6856
-4331
-3265
-5353
-9253
-6383
7375
3732
-2498
-1945
5632
7331
-3855
8771
-4992
-2080
8881
9855
-2142
9214
-6105
-9208
6205
4386
-4215
1206
-5393
-2328
45
8439
-1627
6976
-962
-9946
-5814
-6153
8807
-5213
9203
2624
6605
3528
-7722
2547
-8042
-1123
4253
-2192
-3426
-5776
-6277
8208
2
-9097
8348
-1367
6244
8777
8964
-1139
7761
-5657
945
3283
-5527
3231
1197
-3863
8953
2227
8020
8382
-6891
103
-790
-1670
-7364
-1939
3995
-5513
3784
477
-6950
879
-2814
-7050
6467
3726
6979
2661
-7184
9223
-7002
1673
1478
-2014
2881
833
9996
6868
-4135
5389
9420
682
5976
-7160
5989
-2830
-639
-1582
8072
-5952
2241
5604
407
7686
-2071
4784
2954
2072
-2895
9277
-8984
6977
-6923
7893
-10000
2720
4531
6424
9529
7949
-6020
-6793
6692
-3092
6273
8855
9637
4536
657
43
-6665
4565
-716
1507
2229
-6115
-8730
-1102
2729
4253
2891
5883
3374
7302
1563
-5388
-7453
7448
-9481
-8848
6155
-3573
-1270
-4184
-6056
-1998
-983
-3150
4290
63
-9596
-8938
-3089
-1154
-7146
5625
-4579
8797
2624
-198
-5395
-2166
-5036
2381
-2152
2686
-1332
-9031
-3396
-2140
6224
9170
7922
8411
8566
8818
-2613
9100
-4530
-761
-6516
-9398
9420
8410
-1236
8797
2143
-9341
3261
2864
9847
-4160
5494
4356
-7574
1006
-7123
-5350
-4467
2574
-6500
-9609
9501
3793
5525
9520
-2782
-1643
1725
3688
-4447
1854
4781
-3728
-2341
2205
-6074
9411
6099
819
-41
2935
8736
8968
-7228
7656
-5637
-8208
-4288
-5246
9653
-3940
-1941
-9274
-2824
3607
-1666
7225
9641
695
110
5808
8799
-7428
-1166
4662
-2032
-9137
-5697
6079
256
-7510
1068
9391
-3268
4298
3478
-5447
-4197
2678
5134
-5251
-338
4536
3068
-7030
-4069
-2619
-2073
-789
2624
-8950
3678
-6802
6789
9470
-8133
8036
-219
462
-4540
-3144
-3193
-1381
-7810
-7776
7468
2694
2731
5412
-4042
-8078
-3857
2723
9326
63
-9288
-8884
8048
3148
-7939
-3170
-2504
6923
-4140
6487
-7201
-9230
-1957
1367
9006
-9973
6133
-8334
4221
2920
6332
2145
-3402
-9013
1759
4525
4942
521
-1076
8743
-9555
-3436
-9761
5509
754
764
-9712
2388
3537
-4776
-3611
-7572
4016
-2283
9476
6975
-8759
-6661
3788
-4334
-8147
6949
6556
5046
-3690
8593
842
-7597
8209
8518
-3412
-2641
5071
3624
1488
6197
-6461
-786
-7148
2859
-4929
-9003
-3440
1578
-9010
-4093
-1998
-2459
7242
-5577
824
2006
1739
-8917
-5106
-6825
-5307
-4927
-2912
-8290
-3901
3081
-5106
-8977
4980
120
-9404
-9270
7399
412
-9522
-9042
3412
-9199
-8744
6900
-4276
-2066
9856
3547
2505
-6131
-1962
-2748
8979
-5760
3045
-9158
6694
-3936
-6630
8122
-7143
-6523
-707
5557
4467
2487
-1150
9831
-6251
-2273
8848
2790
8344
9674
8973
7087
-9486
-4905
-8663
6695
-5428
7770
9190
-7386
-4987
2601
6374
9576
9343
1928
-5878
4481
5701
-4380
8838
1924
-5923
-7703
-5644
6153
2457
2127
-9752
-655
6778
5844
-510
3636
-6317
4961
9647
4481
5058
1118
-1489
1596
1884
8555
-1592
-2403
-7036
1928
-4137
7256
3861
-8823
7922
-5466
-7380
-7862
1489
-1230
-7835
178
-6673
4974
5504
-7537
-2895
-8289
6940
-1798
-5243
977
-9217
-5075
-2975
-1379
8704
7658
6712
-4608
-2764
-3964
-4826
-7890
-2172
5726
6145
5786
-3063
6481
4308
7763
812
-4847
-7630
1715
1455
1949
4597
-7733
475
4150
7339
-5815
821
-7690
5741
-7422
-1224
-7505
-2046
6382
-702
1246
8628
1971
-1888
-69
982
-5511
4715
3731
-3546
8638
6363
9210
-3741
-7796
-3968
-2097
-1657
-8997
5886
7324
-8993
-5825
-4479
-4744
-4765
9476
7129
-9316
3489
-2065
-850
-4353
-7447
8322
-8035
-1510
567
-154
3492
-3905
704
3546
-6881
-5128
-6040
6431
9543
7938
-4958
7027
8245
-7102
6550
-4789
9959
-6809
2705
-4445
172
8199
-4280
-9933
3151
-411
-5337
-3450
-9645
-8300
-2545
-3493
3426
-4171
9537
8955
901
-8848
-2863
-1798
-4671
-5435
1906
3398
7638
9221
5565
-7652
7288
-5615
-1802
3626
-7928
-6327
-1141
-5485
8189
-8254
7001
1406
-51
-2255
6924
-1304
6568
-9300
7016
-5329
8466
4598
9016
-1708
5863
5764
8416
-1844
-6621
-6145
-8232
3592
8108
-1457
-1783
-9365
812
6769
-9601
-7912
-8297
-9928
595
-3862
-9243
9542
7513
-4875
-7251
-7550
-2455
9809
-8939
-6635
-2369
-1818
3774
-9805
-585
9915
2341
-8251
-628
1847
6653
7764
-5479
5332
1654
-9000
-7831
4319
-1469
7568
-7002
-2407
8024
-404
5308
-8934
1302
-7109
2818
-9887
-1459
3935
-7746
9062
-9147
-8104
5906
-2624
7935
2083
-119
6278
-4692
6967
6409
8149
3040
-7466
9579
-426
-1409
3867
232
-8078
3060
-2415
7697
-8626
5220
1222
-1879
-7131
3986
1161
-359
-3871
8022
3298
-4772
8609
9983
8304
7162
8403
-8845
-1600
-3484
-1045
-4078
1084
-2036
9373
-3776
2291
-3932
-5675
8758
-4522
-7418
-3329
-4864
-1920
-2556
-6328
9389
-4274
251
-3137
-314
-8373
9944
1673
-7466
3156
3744
4295
-4444
-2122
2654
8083
880
5822
151
7623
527
-6307
7496
-3770
-9183
-6177
9932
6343
9298
-8490
1757
4080
7617
1198
553
-2512
9404
-912
191
-9273
-5321
-2378
4280
-4315
-5865
-2649
-1339
3408
-4117
238
3607
4800
1378
5886
-184
-2523
-9086
4801
7411
-7226
-3877
7146
981
-1208
-4032
448
-1687
2008
-2665
-5049
2348
-7968
82
4308
-3771
2540
-4791
592
8294
3033
-7254
7138
-2818
3127
9303
628
6784
-9449
7955
-7293
6086
8319
6161
4261
1882
7945
-7769
61
2793
-909
9024
926
8140
2480
3130
8674
7371
-1192
-5372
-6464
5637
4490
9236
9990
3322
7980
6918
-2970
4921
-9477
-1494
-9740
-7748
6270
-1638
-5721
641
6936
5512
-3163
8932
1587
4623
-7564
3581
6228
-6891
1220
-851
-8114
5400
-5572
8343
5585
1524
7603
5939
4180
-5249
-7709
5853
835
5561
-4050
404
-1864
-9137
-9290
1051
-3113
859
3132
580
-9623
3364
-4539
-2463
-1211
1063
9073
-8829
1297
-6786
2436
2045
3293
1101
3048
-8882
-2328
-7617
-8551
-5894
539
4419
2944
5275
-5270
3522
-6200
-812
5200
2562
5673
-6267
1919
-5496
4747
5701
7268
-3566
-1284
2476
9756
1388
-9823
-5748
5022
784
7714
7306
4036
-5530
3423
1688
4865
7552
-9284
8721
-2914
-2101
5268
1363
-4298
-7673
9894
-3181
-9847
-5510
-5218
548
-9351
-9332
4546
-5128
4668
-8645
-5102
-8767
9390
1821
3977
3344
9243
7827
-859
-7116
2300
-2684
8073
7212
1547
-7869
-2522
-5362
5996
6835
5786
2567
9983
-1240
-7353
-5445
-4642
-9572
-6712
2975
414
-5361
-2463
-5384
-7715
5291
7690
-8493
7131
8107
-7188
-4653
-9230
-3206
6337
-8666
-2277
7043
6513
5181
3463
2564
-4848
-4639
-8239
4257
4702
8887
8028
-8303
6725
4816
-5198
-5186
-2445
-5819
-640
6404
-6028
4430
-5073
9473
-1278
3935
4749
664
2572
-6339
-3627
7338
7234
-9706
6171
2616
870
-7030
4533
-1239
-7376
4353
4130
7149
6714
-9633
4899
6754
-1639
5247
9187
1153
5819
-7340
8071
-8334
-7081
-1345
7820
444
8722
7178
4782
5744
2668
-5275
-4071
3243
-8450
7925
3695
-3618
4017
-6326
-3523
-765
7576
9890
-2243
1096
-8970
135
1015
6997
-5179
-6285
4576
-8545
5401
8833
-1040
-2230
8142
906
-2253
1967
-6486
-3482
-6692
3840
7189
-6400
-3919
-397
-927
-3030
6103
-7515
-1953
-9455
1648
-118
-7306
-4353
-6595
-5526
-2110
8882
-5006
-1399
7372
7538
5926
4887
6312
3380
1251
-9326
2430
1169
-4059
-8292
-3900
2104
7481
-8231
-2991
258
898
513
7184
-9823
-9169
3463
-3114
-2286
-3302
-9162
-8031
3679
-854
990
-4041
1547
4793
4049
6631
-4250
6097
-4158
-1670
-5692
-2441
-2569
594
-5339
-4595
55
9382
-73
6704
-127
5626
-6988
-8965
-5301
2237
-367
-8911
-101
2213
-3930
4033
-4022
3832
2446
-1976
-567
-8339
-7743
8997
8075
-9522
-5783
1765
7889
9639
4653
6807
9337
1429
301
-4419
-5884
-4286
1800
-598
7450
1407
-3656
-7452
-240
-6950
9162
1721
7280
6267
-4700
-1956
-6470
7048
-4982
-8333
-8685
-6854
-5396
1115
2658
1084
8772
-4356
2803
3677
6545
-892
8801
-8736
-7448
1204
-265
-982
-8798
800
-6268
-2748
8068
3967
-8511
4086
8493
-2426
-7707
8543
787
3894
1855
8568
1577
7639
-9172
6003
7401
4180
-1067
-4345
-711
7202
-1707
-1166
611
-7100
-7921
-380
1192
-8549
1837
2736
-416
-3819
-9441
-4521
-3423
-5418
-8981
1237
-2470
-4446
2285
-9821
7188
-4376
7546
-2427
6310
7310
-6932
-7636
-9863
-2052
-4165
-3975
-2744
-6528
7348
-1639
1560
1980
-1387
-6596
6659
7225
-9675
-7813
9296
-3495
-5887
79
6340
-7250
3803
4296
6099
-5796
3801
-7722
5190
3349
360
-4300
6876
-3209
8353
5367
6691
3059
4936
3964
9058
6486
4706
4646
-6139
5946
9947
-8613
-7510
6623
3796
-1089
8003
-1498
-8271
1307
-810
-6327
-4283
-1361
2286
-114
-4397
4594
-799
-648
-5568
-2721
6210
-3651
-7771
568
-6414
-3635
-2709
2228
2063
9979
8898
-6541
4101
7555
4192
834
3288
4386
8765
3585
-8955
1576
6276
-2887
-2426
1561
-6523
-6917
4101
5881
-8510
6223
-5400
5473
9663
7644
-5803
4932
9848
5682
482
-9614
9784
8719
-9476
5443
-1241
-4720
-3073
9259
1465
-8697
3335
138
9588
-5820
-8164
-8220
6368
5756
-2205
-8173
-2777
7116
-3874
7923
7739
9624
5902
-855
-398
-9187
9415
5395
7455
8431
-5164
-6270
-2203
-3737
4078
-5985
-2291
7957
8894
7732
-461
238
6496
-9808
4368
-3744
-8656
-8660
-5506
-2190
-7804
7267
7503
-3141
9218
2321
143
7223
-1651
2856
-3122
-6575
-9991
-5242
9084
-3166
-8013
-6105
-45
-6843
2701
-8137
3717
-3451
3951
4538
845
1282
4087
-1899
-3674
6258
7191
-9546
-8085
8179
-5644
5297
-5913
-5703
-625
8124
-4338
2448
4771
1348
-1232
1843
-9199
9947
6814
1030
-9026
-7335
-284
-7108
5432
-7621
-4735
9225
-1119
1922
-1774
4571
7354
4886
-3533
-4977
3991
-3480
9950
-2866
-575
-1912
7916
4321
9005
-478
-8148
-3629
-1651
-667
8257
4240
-3581
9605
2121
605
4146
-3956
7847
-8938
4173
8076
3005
-9457
8439
-8904
-1217
2369
-2335
7716
7749
7196
6473
7811
-1886
-5453
-6855
8998
-4514
825
-6117
876
5504
343
-7228
8404
8874
3277
-9541
2411
2224
-9985
-94
1879
-9646
4918
-556
-1372
4043
5305
7482
-1285
-9779
7773
-7953
4207
-5761
-6943
8725
6768
6241
1795
-3117
9379
1344
-9147
5405
-8701
-7867
9394
-4132
1186
1186
8730
-1219
-7189
9837
7193
-6712
5142
-2633
9748
-4276
5858
1505
3253
8700
9915
2264
-1214
8347
-3877
-5556
-6698
-2383
2863
-8809
-86
-2243
-2036
-2247
-6737
-8885
-8860
2095
789
-3890
-7839
-2232
-5447
1643
7129
2224
-9955
-5498
-2046
2336
-6550
-2334
8976
1797
-921
-9249
7982
-8787
2483
-1758
5792
-9878
-5633
1740
3659
8426
2589
-9601
-9515
911
-8595
-9794
-6542
-4020
-1311
-5140
-2787
-8059
-8193
-5456
-5540
-9233
-8734
6808
7980
3636
-779
6228
324
4724
4172
8853
6932
-2966
-2953
-7707
-1604
7119
9335
-7929
8188
-3694
966
-1869
-9435
8030
7566
6415
-7123
4183
-2418
-2697
2452
5508
-7344
-7348
-626
-2480
162
-6425
6337
3586
4247
-9806
-3081
358
8029
-1279
2829
-3150
853
-3770
-5220
4272
-391
3500
7363
-3562
3551
492
-6415
-4969
9813
7531
-8178
6138
4522
-4967
-1572
2784
8570
-9741
-9942
-6306
-4426
-2266
-663
2693
3616
-2198
-6786
-2065
-4267
-6494
-7823
-384
-2780
7335
5423
6534
-5907
-181
-7424
-4063
-3522
2616
-6548
-5982
6961
6683
-5216
-2941
-2158
-3811
-7572
-4899
7380
-3866
-5249
7570
1167
7701
-278
4998
-9254
8762
8892
-4678
-4950
-9165
369
-3265
6745
8663
3810
5882
-8870
-2430
-1674
8568
9643
5034
8030
-5104
-5970
-5648
-9331
-3766
-6597
9958
9962
4738
502
6126
664
-9728
-9346
-8897
-8489
-4723
-4051
6418
1507
4072
2745
4035
-779
-8603
7083
-5627
3223
9002
2562
6724
4389
-163
-9983
-8253
-3702
-5929
5714
-1588
8940
-2369
-4993
-6177
2147
5548
1451
-4695
-7487
5362
6600
5354
-5878
-753
-4686
-4784
7382
-1977
-9210
2805
-8861
3295
-3818
8137
-6341
-1674
8149
-3730
-2339
5096
-8987
-7100
-4132
-3465
6963
-981
-3304
4678
-1540
317
-1393
7666
-3645
-6899
5030
4915
-8527
4824
803
-6501
1364
7204
-7806
3450
8261
8787
-3665
-4457
-346
7049
-6864
1193
-1216
-3468
-2167
3395
1988
3196
-7456
-2450
-9592
8022
-7676
436
5590
8227
-6011
6997
-4758
7572
1529
6398
-4762
-5084
7464
-1200
-5752
8655
5938
-9075
-2337
3514
-2311
3593
3381
7340
-7111
-8119
-4894
-7896
8214
3432
2015
-5059
-3932
9700
-3637
-2476
-4283
-2918
1202
-7281
-1429
-6521
2994
-4071
-6571
-5380
-3417
3098
7633
-6242
9078
-1199
-6824
7154
9308
-3057
6997
-7194
1506
7156
-7864
-4073
-3096
561
-5745
-7481
8157
9116
-9073
9067
-4492
7711
6961
5113
-2591
-1550
1461
8909
-4202
5749
4122
6486
7204
-6527
2528
3993
-6528
3056
8418
5010
-9554
5321
6017
2193
937
-3714
-3873
961
-4123
8684
152
569
7691
4595
-9868
3532
4222
2948
3088
2161
-9431
-5285
1653
-6297
2978
-6081
-1592
9988
1781
654
-8243
-9208
7571
6687
-4796
337
-2697
3749
-1577
-2374
-5699
-4262
-5513
3819
-8918
-9280
7857
-6211
5749
-4491
-42
-8798
-7620
-1637
4926
4927
-6933
-4799
-2358
5518
8264
-4503
-3668
3089
-6702
-3944
6861
4937
-7037
-8413
-5555
4380
-8902
-7759
3126
7718
4490
-7943
9380
8206
7994
5830
-5014
-4815
-6588
-2653
7665
-4387
-9074
7792
-113
-1412
6383
2509
-4284
6490
-4609
-6278
9054
8691
-7180
7649
-8172
-687
-357
-8220
7115
2682
704
5617
-9729
-3858
3564
8343
1186
-4998
7
-9390
-8249
-3218
682
8438
-5858
-59
6396
-5641
-6414
174
-8143
9
-3781
-6388
-3709
1437
-5006
-6981
6014
9252
-8820
-666
-6692
-9923
-5197
-6561
7575
-7951
-3840
2724
5255
6648
2702
8317
7779
-7868
-2926
-3641
-4023
-6104
2054
8712
-6028
6608
-3832
8521
-5842
8622
-6754
-9020
-6513
-7291
-8523
4082
8201
4498
-4423
-8362
7315
-8209
-5280
9651
-1255
591
-2712
5357
5104
4400
1869
4986
4798
-1380
-8575
7369
4815
214
-4485
-2213
4426
-7293
-3444
4616
-2094
68
5197
9850
-1014
1353
-6819
-82
6152
-2292
1569
-1891
7384
9504
-5516
705
-9192
-2544
-6782
-2225
-2465
3910
9394
-101
2207
8775
-9201
4061
-7795
-8645
3793
-9910
6748
-6042
7104
5398
2508
3044
-7792
2578
-8241
998
6080
-6332
2328
7667
-3458
2171
-114
-5735
1556
1346
-777
-8702
-2723
1591
-1091
-1496
-3467
360
3120
8030
2119
690
6617
-3784
-3810
-2144
7609
7766
-4057
-3967
3354
340
1329
8789
-5604
8878
9901
-538
-617
2851
5697
-1392
1179
5851
-992
5422
-5938
-3318
-9091
-9988
6906
-3486
1505
-1254
1624
4043
-5335
8306
7219
-6973
493
-6487
1220
9380
2367
-4081
-5602
1435
4646
-6996
2576
-3819
6082
-6804
-2221
2543
-305
-6389
-8499
-3877
-8058
4336
-4520
5667
-4657
3825
-4352
-503
5433
6246
-6956
-916
-672
2753
-2394
-8417
3979
7190
2543
-7206
4012
4583
-7835
-463
2686
-3162
7347
-8065
-8681
-7076
4916
-5952
-3213
8137
5158
-3398
-5040
4583
4187
3540
4138
-6866
7370
5365
8583
986
-5161
9662
-9944
-2517
6093
7466
1505
-1492
-118
-9711
-4154
-4848
-3915
-663
-1741
5232
-8025
44
2703
1387
-2405
9967
8455
-9092
-7377
306
-4373
-1366
-4806
-8414
-5725
-3800
-9098
-8822
-4722
3337
9993
2338
3718
-3235
8662
7400
2350
-3397
1533
2622
-2083
4373
-2577
3325
-844
-3952
-4822
1948
-9440
-7331
-4693
-4059
-8724
4161
-4938
-6240
-7614
3819
-4229
2799
312
-1110
7040
-4375
-6992
-706
9531
-4962
-8545
8737
6612
-4873
1948
1166
7656
9057
-6963
-7450
-2953
1121
5630
-5299
-1892
3684
597
5975
8980
8871
-301
1315
-4236
-6185
2830
1522
-1031
7708
6491
9512
-3568
-2063
5153
2402
175
9898
-9180
4538
5773
-4490
3750
-4024
7806
7126
-3840
5645
9109
-8998
-4932
-5256
1128
7456
-8883
9969
2812
6902
-1128
5563
9797
-790
-6684
5069
-4534
-5655
4271
-7882
-2714
8317
-5729
-5687
1758
-3195
-3534
1057
-847
-5182
-315
3499
-6209
5999
-100
-4867
1378
-8560
-8501
-4959
4946
5765
4484
-8555
8033
2930
9585
-2149
7710
-3664
-3626
8479
5422
-7040
-7632
-4915
5150
1352
4913
-1908
7637
-6782
-6211
5647
4497
6202
9896
-9919
-7003
-3763
-403
9081
3653
-7892
-8310
4700
-1157
6354
-22
-2424
-7575
1766
-1351
4108
-8795
2873
6023
-6856
-1578
-1672
9589
1546
-4096
251
-3903
-6646
3083
2625
6089
7730
9343
-7449
7933
7026
-2037
6186
7905
-2375
841
-3208
-5323
2918
-5601
-480
3503
3887
-4170
8786
675
6213
-8234
4706
-723
-9329
9730
-9112
3999
-1577
-8193
5272
803
-107
2520
-2788
4727
3721
6529
-1436
664
9085
2735
1959
2225
5001
-1862
2866
5346
8933
-6723
5803
-2024
3273
2088
4621
-9310
-8858
-252
9518
-6520
-7892
6306
-7068
9976
-7853
2364
8684
3307
-1256
7624
1897
7069
7213
9763
-8542
3096
-4277
6013
6753
-9517
-682
-4813
-481
-3808
6543
-4130
-5910
-4313
-8552
6646
-9247
-864
-3885
-431
-1742
786
-4101
-6625
-5582
7978
2575
-3487
-7336
-713
8670
-7550
-2133
6907
8903
4562
-835
2771
-8248
-7846
8229
-6636
-1740
-7303
7252
9930
2852
-7891
9303
2512
-2848
8228
-8884
-392
-4469
4110
7668
-7989
7593
-3878
4572
9244
-9757
-3341
3446
3980
9811
-471
-8445
-4247
277
-9535
4432
7401
-6709
-8899
9668
-5127
6524
2843
4508
5469
-4893
7141
4651
4785
3985
6278
2323
7729
-5344
-9134
3001
-7754
1114
-5315
7201
194
-53
-5297
-2537
-3194
1922
201
2223
2875
5059
-3063
-1864
-6328
3146
8594
-2247
3866
476
-5114
-4380
4163
6841
1820
-6524
7101
4085
-621
-4029
-8254
-3
7984
5393
9066
5910
3520
-8971
9107
9187
3321
-2160
-1338
-4374
3595
-7732
-9766
-6686
3880
5384
-2055
235
-935
1560
8215
-3645
2032
7717
-3197
1693
-1217
-5434
1854
-9627
8335
7427
-7879
9560
-8973
-2596
4578
7720
1522
6374
2953
8971
-1436
5892
1860
-2148
4607
9156
6525
1027
-2410
6349
5240
4688
3485
8768
8593
-2582
-6865
-3769
540
-5913
-8221
5681
9451
1182
-4010
9545
5245
-4518
-1908
-6039
-1846
4513
-5979
5804
-2789
3690
5639
2426
-8256
-2208
-3548
4359
6775
-2789
-4997
-9317
-306
926
589
9762
-4396
1863
5072
2882
2107
3432
9999
2935
6004
3309
4697
-9923
8243
2597
4496
-7686
-5055
-6312
232
-1356
-5059
9893
9050
9095
-3137
-2695
2657
-8266
7078
7972
3082
5169
-26
3039
8251
8792
-1731
-5165
9000
-4470
7056
-626
5961
1769
960
8266
934
-3374
-2059
-1993
5545
-1270
6068
6773
9259
9953
3103
-9491
6785
-1286
9018
-1496
7703
-180
6687
7739
-3219
-1533
2228
8392
7656
4210
-3376
-3729
-7039
9233
-13
5616
-7384
7450
-9673
132
8615
4694
-7579
-7389
2392
4924
9364
3696
-4468
-7189
3953
-4539
-81
-153
-5794
4022
5130
-184
7039
-6481
4945
-6088
6494
-8580
-4212
-5550
-436
-1168
-3368
4559
460
361
4476
-2408
8801
-6857
-1629
5899
-9738
-1977
5747
7527
4898
-2677
-9830
-6193
-889
6429
-8469
-7259
-2532
7924
-8367
-3166
-8519
-2613
4475
-6013
6551
6054
8204
6132
6550
2528
1232
780
2014
-8938
-2758
-5102
7041
5489
-6238
-8833
7616
6188
-1737
-135
8613
-1399
3095
3144
-6016
1419
8590
7966
9939
1618
-7437
9230
-1155
-3
1159
-5996
9556
8695
2198
1433
2015
24
-8606
-1106
5471
2150
1267
-5817
-7403
4369
-6248
-3496
7344
-5200
-7626
3418
-533
403
-9431
5733
5159
3321
-783
-1404
-746
-4474
3772
-5088
6063
-9903
-1968
-3105
8474
6679
-262
6056
-8076
7961
6874
-8873
6976
6172
-6026
-290
3186
7292
4487
-2990
-8230
-8247
-5126
2010
-3298
-9428
-6679
-7065
5607
-5450
8798
-5656
-1186
-4823
5161
3689
4355
-9861
9216
-8157
9181
-5460
-2974
4556
-8531
-9988
-3538
9803
7062
-6121
2005
-6108
3819
-8725
1399
4812
-1687
3984
-6661
-2343
-8054
-1528
-4744
6006
-265
-2653
9909
7826
2066
3252
-8508
8048
-5151
5632
3691
-6987
-4587
-4281
3720
-2604
8860
-7897
-1142
-4814
8005
9850
9449
-3593
6389
5770
-1458
-2196
7563
-3583
-2226
-6256
-623
6755
-9008
8202
-2844
8768
5919
1520
-8310
-1296
8634
-3492
1093
-3136
6445
-1088
5637
-5468
-4434
332
-3440
7626
9451
-7596
5477
9082
8007
-1117
-1978
-4522
912
-1427
676
-459
-4130
-7056
-1371
-6447
5399
7225
-5171
8203
-34
6226
-9334
-4320
-2541
4012
1300
-5363
-7581
9913
4855
8222
-9047
-6766
-3387
7422
6421
7947
-3866
962
-5459
9670
4563
5174
2342
-7041
4080
-8619
-33
350
-1435
-1068
4897
4661
-7423
-1209
-2030
-28
-9956
387
4255
-9352
3448
-1773
-7511
-4737
-1895
8857
465
-7324
-2569
6729
4341
-1902
-5015
-6158
2315
-3749
-7180
4688
-5933
-5272
2418
-5637
-1029
-1273
-3259
-4551
-6003
-9416
-6622
-9714
-7761
-9748
-5748
406
-4395
-7395
1471
2351
3389
4715
-3600
-614
6711
-4493
-7610
-1327
-3853
-385
2081
-8472
-9106
-4720
-9899
-9013
-3042
2679
5513
3472
651
2338
-6844
2512
-5273
760
9271
-4972
-9268
374
2989
-5370
4814
9497
6230
4415
6098
-1324
-8114
7010
8757
-6161
2020
-1600
-2424
-3439
4101
8245
-7930
2012
-3782
1454
-361
3315
5987
5547
-3648
-3804
5726
-667
-4232
6221
-5219
9886
7818
-3156
-5594
-4084
-7908
4123
-320
-6333
-4369
-9968
-2521
-6997
-6791
2992
9752
-3289
3021
-9240
5114
-3487
1797
-6996
-5201
-5154
696
-6474
-4434
-5315
-2623
-9932
-5102
5003
3824
7214
7825
1565
6409
-9933
3286
-1166
9078
4683
-6292
7732
-7666
-5873
3669
1126
-2178
-8018
4154
-1727
3699
4092
-1011
-3186
-773
1604
2697
4183
-8214
-8810
-7919
-8116
5219
1890
1761
-1927
-3034
1106
-1656
-3518
-7734
-1376
-1996
430
-6121
3297
-3009
-8120
-2995
-7694
-6225
-2048
9159
9726
-1084
3
-3932
-3249
-1053
262
5858
3155
-6939
2254
5400
68
-6302
586
5970
1970
6038
-8269
-4979
6191
-5202
-7199
-2751
7219
-6262
-7270
1686
5882
-689
4853
-2215
6610
6159
-3371
5968
7361
9366
3013
619
2766
9803
1763
8865
-3143
1470
-1238
5945
-7237
-7563
4129
-78
-7342
1497
732
-9006
-3784
7283
-3601
-8178
-9451
-8080
6888
-3858
403
-9357
-5872
5361
9109
-8481
-9875
651
-5928
8487
-2627
1710
1518
-3795
280
835
-8497
-370
2103
-221
5838
-6353
-9087
6619
671
-4901
-8871
6691
-5450
2808
-8793
8866
5159
-2000
-6918
-1694
8161
5967
-1832
3817
8674
352
5251
6918
-3319
-7676
-3601
1381
7678
-5338
9953
8182
1026
8766
631
-735
9007
-3194
-2084
7314
6045
6961
6069
4535
-3009
9773
-4313
6097
2714
-7384
4737
-8143
2458
-213
1256
346
3524
4276
2664
4603
8232
-1812
-9559
-7689
8914
9457
-8938
-5822
6574
3397
2251
9408
-2024
1881
5516
-2735
-2302
7372
-8985
-2167
-5068
7594
-1214
-2041
-6205
-1417
-7484
4229
4288
-3988
89
-1945
-9369
-8677
-7103
-6106
1846
6658
-8449
8643
2777
-6122
-2060
194
4458
201
8655
7214
-6595
-3917
5577
7339
6405
991
746
-7375
360
757
-7552
2941
-2637
2513
2756
-4550
7364
7773
-6493
244
6200
-4887
-9804
-2162
6880
4377
-1359
1673
-1747
5253
-6382
-238
3692
1245
-3788
6594
496
4679
-7299
1760
1640
-2254
2700
7988
7154
