7991
6350
68
6382
6833
-6483
5600
9985
6556
-481
1044
-2927
-3600
-2689
-4366
2895
-8770
2494
7371
1470
1862
-10000
5916
2513
1381
-4079
48
-6386
-2987
-564
-2162
7762
-2433
8953
-2051
7658
-8480
-3421
-1640
7143
-3117
-859
-4704
-452
6628
-9080
7198
-3053
-641
-6593
-6956
6284
1922
-526
-7900
-9241
-6485
-3489
2185
-1855
9839
-8188
-8126
-5397
-4971
-5699
-2990
8648
2850
7788
-3855
8196
-7109
5933
-8203
-3622
-6403
-4337
-695
-9125
-2212
-6904
8868
-4400
-7729
4174
-4348
-5776
9251
-3529
1054
3761
6928
5522
-9149
5915
-964
-9314
5207
4706
2809
-4664
3723
9520
4033
8717
-6248
-414
-656
-9183
7934
-1378
7861
9720
4709
-1960
-2528
2256
4062
-6860
-7910
9829
3400
3787
-9009
565
-6752
6589
-7147
-5338
6859
-8484
6426
5948
-3473
-7268
-4158
9894
2090
-9398
5386
-2180
1789
5286
-5814
5683
202
4961
9303
-6894
2901
-8075
9216
-7993
-9956
-9822
-1602
9439
-6936
6574
4446
-3051
-1942
683
7007
14
-5564
-6745
5836
-4987
-9174
8653
-531
-731
2273
9020
-9248
6834
-4012
-9377
8326
9050
9652
5981
-6389
8789
9118
2441
9230
-2229
4147
-9293
2141
7245
6451
7277
-724
535
-1639
-2370
-3634
-8360
388
3749
-6370
-4299
9017
-6636
-5330
7921
-7656
7099
7138
175
9089
-2771
-8381
6942
309
-6733
2237
-1188
-8583
330
-422
-2093
3288
-6301
-9230
-7506
-3014
-1297
-6486
9134
-9423
-2009
-1035
5837
-344
-465
-2209
5441
-8937
9496
-2747
-828
7720
3531
8249
7745
-8381
666
6516
-4082
-9965
-7069
-4635
4283
6519
-7318
-378
641
-7520
4917
-2980
-535
-7200
373
-9896
-550
-1988
4153
-6714
6903
1503
-7403
6831
-921
4584
-6692
-4702
-9196
8611
2712
-966
6429
1958
-4130
-589
-9946
2267
-2264
5448
-4852
8997
9412
-2058
5091
-9406
-2678
-5387
1084
-2258
785
-795
4041
8561
3444
4321
-2835
6133
-1236
-2906
1403
8482
9023
4009
-7685
5177
-2726
-2201
-225
9647
-4061
5249
-3316
-8518
-1963
-4446
-6764
-7332
-6804
1871
4727
-9862
-8962
-1909
-5590
8263
6336
-5026
3656
4721
8124
-4011
-5008
-6447
3250
-743
-9039
5983
3259
1479
28
-5735
8798
-6484
-1214
2666
9509
7055
-6272
-9062
-8202
-4024
6853
8469
-5433
9032
-5178
1976
-4524
-2108
7454
-1261
5960
-2997
6164
5383
-5736
-5737
-7832
12
-2193
7941
-4052
6837
2358
-4521
8272
6786
8818
-1679
2335
-50
-4886
1252
-2309
-1609
6001
3508
2416
-8806
-6064
-5353
7671
9640
839
-8174
8051
2830
-8334
-8610
-1615
-5594
9340
8155
6443
-6128
-6210
-2399
-6436
1992
5705
-5473
-3942
-6077
-5428
9831
-4963
-7408
7894
-1486
1321
-8514
-3973
-9497
-829
4733
6774
-9630
-9934
-7713
-5878
9732
-7129
5381
-7470
-7975
4293
-5552
8821
-466
-3763
7245
5366
-9784
-7621
660
-5571
-6393
7756
-7431
5867
1116
-2838
9907
1310
6023
-4572
2694
-6367
7525
5838
-8048
-3157
6287
2451
-3118
6110
7090
-7102
-3358
-326
-1908
-5138
-3987
1037
5392
4311
7986
-6658
8288
888
-4526
766
7894
2933
-3764
-7137
-9182
8152
9494
-5345
7255
-8139
-6030
129
-4632
6652
6361
-4715
5039
6542
3396
-4725
6587
3621
9142
1831
9277
-1862
323
-1920
7793
3798
-6146
4411
-9925
6743
-4998
9782
4293
-5920
-9323
9675
-923
7068
9059
-9406
-194
-830
9883
575
-4475
8095
-6686
1079
-369
-7285
4739
-5078
-7924
6870
5652
-957
7543
644
-2275
-6955
8149
-5471
3047
-1131
7794
4794
5121
-6554
3938
-4727
-9230
-4515
-6140
-3239
8918
-3025
-6941
-3896
684
-5556
-5543
5803
3415
-5847
-8776
-2358
-3194
9582
-6810
684
-5819
-4557
3645
1673
-2482
-2694
1344
616
-1622
-3810
-4504
-2363
4841
-9035
3254
-3081
-3800
1317
-9952
-5607
-6442
-6340
-5349
-3227
-6151
-2480
9211
4156
4006
1689
-7345
-4498
9379
7367
-5452
5916
6232
7192
3806
8731
-7454
3432
-1627
-4119
-6022
3364
-5139
-3895
6897
6693
-595
-6206
-6707
9778
6444
9479
5463
1145
-9057
-5363
-8590
4592
7752
-3037
-9150
5257
-5428
-611
-6288
3541
-610
-2530
-2702
132
7089
6140
6988
188
7347
-1549
4380
4604
-2762
-8161
-2049
8447
2404
8267
5530
1595
3324
9
-2446
210
-2478
3360
2924
1287
-2919
-8765
-7410
-8456
-5272
-7954
1242
-1736
-4733
8120
-1721
8861
1748
-3463
-7648
-2348
9770
-3560
-6087
-2339
-6714
-8055
6201
-9176
9650
-5705
-7522
5683
2633
936
8621
-3116
2276
3357
-825
-5249
-1124
7531
7812
-3762
-2699
6722
459
8520
-2099
7551
6206
-273
1480
4674
6445
-908
-1302
5482
-7628
8986
7847
-40
-5298
-2364
-7058
8708
4691
4102
-6547
-6690
3346
-5291
9166
-73
8902
-306
5558
-4459
5323
8953
2611
-4225
7613
5006
-4971
8778
1307
1411
-2090
1926
-9553
5203
-9955
1249
5877
6638
851
7931
9140
5853
-5606
-3017
757
-6918
-5060
-2600
6908
-1461
2043
-7485
-3228
-7217
2084
1497
-5657
296
2311
-8137
-7196
-4939
5189
2617
110
-4650
-3615
-9921
-2235
-8798
-6163
2631
7454
-8040
9396
-5377
2815
4135
1655
2832
8252
-6572
524
6497
1633
9294
7764
-4336
-3853
413
-3217
8722
3238
4734
-2496
137
-990
-8985
-3825
-5695
0
7020
3760
-2221
3257
8356
-3344
-3777
-7706
288
5157
1243
7344
-9212
4731
8455
3230
-6661
-8532
-942
415
488
-5711
-490
3878
-2546
2921
3046
-802
-8266
8334
-8744
6374
7153
-3915
-8977
-3385
9410
-4741
-5228
-9628
1234
-7700
659
-4096
-3205
-1172
9995
3459
-6428
8449
-9239
6175
8259
-8303
-3927
-4206
-8156
9046
2624
2508
2059
-6319
8739
8727
-8351
4247
9040
-2337
-7490
5735
-9621
5714
-3441
1151
-7468
-3372
4380
1577
-6069
6925
1093
-2701
-4949
-320
-5499
2393
-7890
285
746
-4264
895
-9526
-8474
-5918
-5435
-5710
-7231
5343
7578
-8446
1355
-4336
8841
952
4802
-6995
9237
-2552
-1643
-2887
-9760
-814
-2309
-993
8614
-5907
-2513
9957
-7175
5789
7725
-1336
-9019
3476
4114
9935
287
-1337
3775
-5392
9120
-8492
-5393
823
126
-7890
3443
-1318
-2193
601
-3004
8455
635
596
-921
8136
-5491
-3393
-9099
-5937
-5675
6204
-9207
-8539
-3527
6315
-2003
-2829
5402
1701
-8139
3233
5392
9013
7634
-9398
-2118
3357
5311
-2838
-2073
6910
-1158
-2961
-3410
5473
-2058
3650
7136
-8737
9896
8301
-282
-1809
-9125
8806
-2756
1218
6393
7859
7313
-1872
-8563
672
965
8027
6089
6813
-4750
5774
5468
468
770
3833
-816
-4483
6411
-849
9507
1775
4465
1362
1011
5477
1901
3592
4869
-3681
-9507
8684
-9751
7458
-4711
-8665
7190
-6897
1212
-6300
-9062
-5594
-551
5243
3647
-8178
426
-8160
8124
-6733
-9476
4137
1569
-6610
-8095
6800
4000
1515
-4695
9180
5458
-6490
-5616
9363
9221
-108
-3762
-9459
9417
-3777
-3886
-342
-288
4903
-5277
-3768
5642
8130
8916
8069
2598
8469
4377
-7347
4289
-7195
-7071
-5349
3608
7248
-6192
-324
2737
4014
-7163
8913
-8092
-4773
8497
4244
-3484
-6789
4422
-5618
6505
-9059
-4103
-3999
3280
-9640
-9726
2609
4342
7814
-6630
2282
-1418
-4063
-1738
2271
3126
-8714
2021
8046
-8878
5699
4450
2128
-9512
8725
-1698
3113
5214
-7600
7417
-9908
-2012
6639
1189
3940
6617
9285
4155
4513
-8770
5532
8988
-6571
-331
-4175
6712
-6514
1617
5633
-5199
6182
-3417
7001
2579
-8209
-8587
8258
3941
-2143
-8795
-3511
-4957
-390
4493
-705
-9664
6219
6175
-7650
8056
9034
2625
-9786
5706
7193
4308
9771
1735
6668
481
-3012
-6871
6569
2565
7662
-6919
-3859
6373
-5510
2142
-5271
-9186
-4083
4948
1307
-9109
9716
-3207
-7534
1510
3253
2880
8051
-5894
9331
-5578
3278
5837
-4179
-4525
8852
1906
1151
-4228
2325
2850
-1481
-1985
-2021
759
-9667
9290
-9842
-5077
-9840
6769
1114
1239
2944
2586
-2685
-9781
-1357
7474
-1504
3675
-829
-273
-8708
-7571
-1076
4509
8728
-6038
-2075
8271
4160
-5583
-5431
-8909
-8933
3415
226
-542
-5879
-9725
-4061
7833
5365
6082
-9397
-3909
808
8002
-4343
6220
3210
-8215
8309
-6976
-3645
3971
8789
-1805
-9962
-5476
5148
-6600
-6709
-2758
-4683
-2879
398
-6651
7067
7900
7336
676
8110
7978
6810
3570
5673
-6114
3093
708
5139
-9307
-4891
6120
-6391
-278
-5248
5819
-1093
-5669
-4938
-657
-1464
4525
4931
6641
-7944
9297
2350
-3585
-1940
-5631
-9604
5565
-7223
-2279
-6806
-9594
6783
7796
-8147
-8256
-1381
-7317
8964
8079
-4625
-6881
-2222
-9931
-4883
-2199
7141
6428
794
-7719
-3575
-8052
909
-2424
-1844
372
-3840
7965
-8130
-5766
-8293
8144
6000
293
-4239
6381
-4119
8917
3549
-3236
-1929
3762
3199
-6361
109
-336
-8085
-4824
-6004
-5410
7510
4914
5925
-9105
-175
-8760
-8765
7608
7572
-5856
-7391
3681
-8761
-7977
6706
5040
-104
1317
8614
-2953
5260
8609
257
-7563
4008
-1151
3437
6214
3336
775
9252
-5147
-1476
1471
8583
1624
-5550
7697
-2785
-8228
9727
8794
3583
981
-1498
3937
-7461
-1285
-8496
-7055
6803
-4510
-9096
2546
2702
5297
9938
9969
923
-5708
-1479
5501
3903
5946
6956
-2584
-3221
916
-9270
7552
7144
4929
2128
-7968
-7589
4253
7258
-3580
-3349
-2144
1649
-1794
6369
4068
-4976
-8582
296
3928
-5008
-2705
4283
8833
-6961
3712
1034
-2199
-5866
-7628
-2745
4894
-6090
-448
-8400
1432
5980
-3220
4191
5670
-4783
-6273
-9991
-7032
-8364
5681
-6423
2825
-7945
-8464
-1637
2214
-3515
-7696
-8649
-5929
-1061
3643
2363
5096
1521
-8990
-6176
-668
9935
-9035
9041
-8041
6630
2405
-8563
2923
-2369
9931
-2230
7472
-2791
483
-4645
6695
-8373
-8008
-9546
-8512
-335
9855
-6582
-2576
7559
-857
-8513
8731
3639
1782
-3781
2065
-1267
-4616
-5410
2332
-6978
8617
-2637
2954
8460
-429
6315
1798
-2813
-4500
-8392
-6318
-9002
7287
-7655
-3410
7425
-410
6681
9735
7854
4211
-5471
-8508
-716
9507
-6156
-2458
-7929
3408
-8887
-5455
-951
6456
9102
-6081
3027
6369
8760
7846
-3616
2084
-4701
-9058
-2386
-3470
5943
5385
8748
-1690
-8699
-4968
6540
5004
6659
8079
2406
1698
4321
4285
772
4802
7337
-3090
5019
2610
-3966
7773
-7750
-7575
-5230
3992
1500
3141
-3434
-9526
-7611
7753
1938
-4582
-6490
4915
6606
141
1744
9538
3299
-2614
-6630
5418
-9381
-3879
6822
-5059
9030
417
-4735
4862
-8202
-2403
9641
-538
-5398
-2743
-9365
-4662
-1280
4942
9036
-7085
-972
-6244
-6390
7060
1437
5306
1555
-6571
-7651
-136
-331
-6805
-2138
-7403
2989
8776
-6065
3633
1087
-6093
3060
7560
6607
3709
1206
1172
-5182
7577
9997
8592
-7921
-9956
9571
-6523
8333
-6477
-7654
2212
-4377
1561
7534
-3524
-6033
-8548
5847
1184
-2076
136
-3519
6465
8210
7592
-1997
2429
-1078
-3650
5359
2598
-9212
-3510
4799
9287
-5398
3716
-7771
-538
5542
-4683
387
4538
943
-2926
-5768
675
-2422
-8094
-7730
606
581
1589
-3312
7863
8674
-831
8981
-206
-6920
5263
-3211
-2237
6277
2310
5614
-2086
7989
3667
6215
4622
1004
-2071
-5026
6449
1299
2542
-6466
9313
134
6988
-7548
-3698
-5573
8346
2130
534
-5394
-9620
-8605
-6816
6836
3309
-5250
3887
7677
-691
-1445
9253
6805
6399
-6623
4999
-7545
-7917
6948
9591
2940
7768
6154
-9328
-1942
-4286
4867
4534
-2950
2975
8779
9523
-1757
8741
810
-4943
8791
2767
1214
1608
5620
7163
8302
8610
-5127
1804
-412
8363
-1409
-9122
972
-3932
-1604
9044
9939
3703
6926
182
5729
-4654
-1154
2487
-1757
-1371
-999
-1651
5749
6631
5193
108
8167
1199
7193
9366
-756
381
-558
-9495
-7388
-6716
9753
5804
-7252
-560
-7206
-6555
6532
-3440
4523
9183
-712
-9793
-4241
9872
-3192
6740
-683
2762
-880
-644
-1140
-9730
9960
-890
3518
-6188
-841
3899
3810
-6919
-6691
-6307
-3828
-1111
5268
8133
-1033
-4639
-3553
5120
-5768
3206
-90
1126
-2202
8455
8969
-4594
-8391
-3640
4187
-5009
4918
1149
-151
7357
3007
-2310
-5731
-7971
-3830
735
-8121
-3191
-9254
8523
2232
-8454
4502
-8884
-5849
-3616
-6788
-814
6873
9333
6951
-3272
7696
-9237
-6231
-1453
-8158
2286
5769
-2413
3113
-6777
-6059
-4354
-3855
2819
-7314
2672
4286
-2757
-7535
-3489
4500
8324
-6699
-6298
5984
3786
4014
6293
-3722
260
4400
-1250
2942
-8165
6091
88
2001
4903
9498
6157
-7513
8868
6096
-9750
-4585
1686
137
9586
-8314
3580
-1303
9084
1072
4320
-5395
-5954
7097
2117
1810
5527
-9011
1488
2745
6861
4764
7964
6921
9438
2093
-397
-6161
1674
-8059
3606
6172
7443
-3309
7017
1938
-1581
424
-3276
2022
-3881
4903
1067
8853
4952
3618
5093
9011
-2572
-5355
-8084
-7373
5242
9041
4671
2431
-9182
8038
8274
-7681
9722
-8661
2644
-6289
8857
4632
4030
-9945
-4400
-7920
9719
929
8164
-50
-3507
2654
5796
-5463
7857
2967
3776
1236
-6477
2676
-8633
2673
8021
9734
-696
779
1689
-7921
-5291
3559
-7411
9016
-9335
1482
-9426
7366
4798
8898
8095
-9079
-2265
-1534
-3730
8228
233
4026
9029
3312
1293
3975
-3932
-4257
9079
-984
6907
-8651
8535
231
1080
5029
7638
-9203
-1934
6586
-9389
-2519
3327
5025
-2722
2500
-7440
-6336
-1262
4012
-1144
-1332
4431
5479
631
5984
1053
-8072
-6263
-2179
6124
-8525
-5876
-4234
-7210
1706
9491
-2741
3192
8035
2628
-5294
4424
-6156
1334
8928
9583
1186
6661
-9086
-5200
-2514
-9838
227
-4104
3487
9151
-9854
811
-1376
-3759
-945
-6080
9199
-5590
-4897
1981
-3601
-914
7528
-8440
-5479
-7790
-5025
-2955
7315
-9516
5669
2556
-2670
-5251
7598
-9489
1132
-6340
-4083
6857
-751
4701
-4407
1854
8706
1145
3432
2719
-9082
-4467
-4423
-6878
4516
1731
-272
-8185
-4189
9806
3953
4718
7558
789
-9889
8441
8760
-5532
8207
3616
-3983
-1932
7790
9571
2052
-7825
-8780
2467
-7957
-3861
3799
-461
-7051
-6949
4719
7468
653
8251
-8437
520
777
-9263
-5933
-7938
9817
-5074
-4207
-4131
4331
2099
8325
-4613
-4616
-5577
-6904
9613
-1952
9587
7688
-6126
7120
-1556
6539
-6612
-574
-5400
-6759
-4680
-6014
-6203
690
-7705
8684
-5485
-5722
-8528
-3977
425
7990
180
334
-3075
8279
7859
8532
-4538
-6437
-5162
-6420
-6359
-746
-3582
-1596
4015
7396
4495
2279
7229
-8399
7332
-4480
-3948
3571
8754
-6140
-7595
6625
5490
-5221
6694
5397
-8921
-2003
-9126
-7448
3643
-7181
9847
-3059
-6762
-8542
3589
6056
4272
7434
-3893
-6970
7882
-3870
-7322
9537
8441
-4745
1868
-2693
164
7183
-3889
796
8750
3312
1138
1336
-4639
-5620
3626
-31
9956
-3735
-1002
-7507
1604
9448
3732
5727
-2055
1686
9684
-5477
3697
6801
1903
-3431
-7994
2864
6658
-5449
-9906
3980
4421
7013
8850
7687
-9075
3420
-8868
3590
-8335
8248
3498
334
-916
4091
823
-9092
-3938
4002
9382
8907
-3668
-1999
-4375
2074
7718
-6338
9316
-634
-5350
3942
-3781
-1371
-3113
-9774
4522
7683
-7669
7409
-5046
1600
5050
5895
-9713
5071
2871
-6207
-2359
4767
2969
-6624
5270
-1889
1741
5642
-4180
1078
-4354
5325
3768
-6275
8396
-4003
5248
6689
8143
5866
2249
-3728
2852
-5625
-66
8497
-2605
-4217
186
1134
-1573
556
7371
-5522
-5665
-8018
2259
-1165
-3931
-651
4411
1717
-340
-7912
7735
1397
7228
-391
7499
-2423
7452
-1345
880
-6078
2207
-2326
4938
8974
3600
-9180
-2607
-2295
-6874
288
891
7394
2204
-1845
8679
-7251
1940
-5334
-5911
-546
-5310
3729
9105
8502
-9187
-1935
6796
7603
7374
-653
-8497
-9986
-8064
250
-1013
-1122
-2886
-3726
1125
5053
-4402
-6438
3338
-4321
-3488
-4555
8740
-2213
741
7500
-334
-3704
6230
9718
7125
-2798
-3214
-8235
-8173
-693
6845
-8310
8525
8563
-1431
3346
4598
-9209
-8931
-5862
6271
8110
303
-9065
-2803
-2870
174
-3178
5150
-1688
2348
-4939
-6165
-3990
3855
3097
4503
-7921
101
-9908
7883
-8602
-2535
-8946
6476
-3943
-4716
8602
1156
-214
2011
-8424
-3976
-3038
-4008
-9949
6066
-2392
-6509
4666
-1480
788
6423
-6710
-6159
6726
7966
1059
5538
-6733
-9714
-621
2398
9159
4402
5097
3851
-32
5467
-3590
-5591
-4058
3595
798
-6853
-7390
-3241
-4835
-1931
6488
-5033
42
9506
7359
-891
-7561
-8022
9971
5500
-705
7361
-9697
-7180
6718
-748
-7111
5503
-3106
-9495
-6661
-6068
9229
3764
7602
3388
5479
1524
-9574
4186
-6116
-6841
2772
-1089
-4657
-9329
-940
-7176
8610
-8878
4300
7717
-8701
-3387
-231
1032
309
6224
6224
-8400
2478
-740
7760
-5384
-9620
8324
49
4986
-8526
4771
-2801
-1983
3174
3676
1614
2366
-7775
4337
549
2677
-9506
-9340
-7637
8215
-4443
-9941
-2211
-3477
7618
2025
2810
-9652
-6575
8229
99
123
-6451
-869
-9712
-268
-7483
9213
-7223
4684
-9915
-4478
7859
2967
7572
-7650
-6655
9282
9113
8122
-9958
-7121
-7627
-8292
-2714
-9085
9454
8978
4420
8600
-1614
-7196
3133
328
1473
403
-7947
8617
9011
-2269
-9972
-7753
-3436
7931
4108
9728
5703
1029
3886
1808
4439
6094
-6182
-816
1192
4909
-4719
-8681
1317
5326
-5069
-4686
464
-6215
-7573
8228
8322
-9266
-4619
5954
8892
-9632
808
5557
-5155
5131
3433
-9567
-8495
-1654
-9397
-5954
-733
-6027
3565
1682
-2173
8248
-9926
-9476
-3646
2794
5161
-3816
1978
-8978
5142
-4322
-444
4083
-9461
3693
-4037
-7090
4104
-8452
644
-8774
2423
7447
4952
6555
4338
-9469
3642
-2376
3310
-6911
-782
-7345
2814
2334
1053
-9596
-1824
-1708
3740
9221
6728
-7463
-8724
493
-517
-9051
3455
7424
3643
-2494
-7025
5367
6483
9502
4235
6326
-9544
6226
-7627
4336
-1585
3465
1097
311
5447
-7065
-6515
4612
354
1275
-8259
-7210
-5170
-7117
-6808
5921
-221
8960
-5065
-1279
-3416
-322
-7819
4770
-2533
580
7753
-9714
-2610
-330
9790
701
-5557
6060
7578
8360
5275
-9604
3747
2561
7371
-2814
7519
5945
4387
-6484
-6087
702
8736
2989
-1622
8476
-5214
-2187
-4861
4385
-3455
3900
-6872
7866
-3044
1432
6204
-9362
-8502
-3366
7948
-2292
-5399
8223
-3181
4465
2242
9980
7446
7480
291
8736
1664
-1004
-2459
-9621
-7134
7268
514
-76
-1078
-9780
-6585
-9860
2641
-1932
-8584
569
2552
-6504
-3864
7966
2420
-6492
916
3162
-9601
-9513
-4741
-8530
745
-1189
4556
-9148
4617
5588
-7605
4988
1246
7396
7847
1168
-1947
-4688
-1810
6977
100
-5354
-9798
9469
-6554
2868
9627
-9621
-5381
-9597
-802
-8887
-6076
-6184
6774
6217
7526
8368
-7002
6484
-7824
3203
-8918
8940
-5031
3514
923
7048
472
4509
-3639
-4666
-1130
-8142
7139
-6142
-7857
3058
5606
-3569
-1248
4569
-8703
5243
-6244
3484
-2431
1966
-5343
263
4554
-115
-1730
4212
4317
9593
5599
2295
1564
5966
7856
2857
-5633
6263
3727
6614
-396
-9261
-6359
1115
8148
-9669
-2302
-5856
-3359
-7752
9580
1730
520
-7555
-6193
-603
-4294
-2371
6240
-8922
1363
-3108
-937
-6081
-3184
2479
-6990
9808
-3076
-1503
-6601
-861
7838
-8174
890
3843
-9108
-2667
-9231
-2966
-9836
-8439
-4060
-464
1640
8979
7075
9713
-1051
-5306
-5216
-8086
-4623
429
-888
-8017
-6634
-2016
1650
8114
1129
-8542
7383
8478
3995
4705
4537
-479
9266
-8073
-5733
4268
6002
5491
7800
-3698
4222
-8598
-8958
-1447
-4997
5948
307
1547
4595
-9834
1654
9345
1250
5072
-6780
-4083
5736
-6560
-3131
3883
3095
6348
2018
6946
-2636
3575
-9398
-9739
3467
-3299
-3471
-1420
-5321
-2596
-4960
-2194
-9267
3916
-5393
-3739
-8133
3264
-1508
-1159
6111
6022
-4099
-3583
-7389
2160
-3254
-3621
4278
7684
-3425
-677
6524
2648
7432
1935
4492
3197
-695
-6984
4280
-8977
2359
-6615
3127
7502
3182
5274
-3948
-4660
5491
3983
4459
-936
1971
-5056
-4350
-2647
-8166
1140
2311
-8882
-7834
388
-9377
-8298
-193
580
-4821
6114
-895
-2452
71
-8001
-4456
-1707
-9970
7183
9170
-6683
-2685
1697
-7878
449
-6722
5532
-384
1835
-8190
-8788
1701
9423
1377
5416
-1697
6760
7156
-9947
2013
5678
-2510
7685
3315
-6086
9022
7389
-5055
7085
-6225
-9455
6982
-6013
7917
-419
389
-6506
2284
8103
4684
-7442
1005
3908
179
-1095
5825
-9666
-3602
5099
-977
-7957
-561
-6686
9072
-6947
-1961
3865
-281
5322
2776
3225
3688
-5528
-678
-1736
-954
2962
8882
-2024
-7768
6365
1293
2122
8092
4818
2051
-1065
-4990
-5016
6574
-4041
961
-4581
-9517
4565
-8725
6538
-1739
-1010
3594
-5363
550
4301
121
-7598
-8650
7601
7029
3552
-3003
3919
3315
5311
-829
-6212
7487
1559
5552
-632
9460
1394
9564
9672
8761
-7888
-6063
1619
9613
5950
-8864
-7348
-8051
-7969
5451
8498
-3717
-9505
3315
-1629
5289
2308
6227
-5377
5759
1818
-2060
1627
-9293
-7458
-8986
33
-120
-2618
-9865
-3505
1909
-9235
9137
782
-2090
6099
-4832
-4157
2004
2099
-4476
6615
-7629
7092
123
2587
-1536
-2577
4531
-1466
-4287
-7568
7681
-3478
-5537
-7347
-456
6181
-3059
2436
-8375
-7142
2930
2443
-541
-7577
1939
1177
-4451
-6304
-3363
129
-3471
-92
7058
4367
-9072
-586
-5981
-5949
-1510
-5763
1903
800
5674
-2405
-9586
7625
-9588
2991
-9841
5585
-7616
-8710
3812
9132
6305
-614
-6648
-5988
-5319
4544
-8792
-130
9875
-4870
1580
976
7452
7754
6400
4046
-4184
4595
1042
6858
9613
-3607
-8376
4637
639
-2502
5504
7269
3512
-4873
-790
-4552
4146
709
9434
-5963
7457
6902
4563
7946
-3212
1628
-938
-9374
-3013
-8193
3767
5928
4497
8774
-9917
-113
540
2975
-2709
-3462
-431
-4281
9751
-1892
-5972
8906
-6648
43
-9964
-8529
2580
2871
-5889
6590
86
-926
2036
-9550
1179
-3840
-5351
-1172
709
-3138
2614
6887
5322
6972
3329
-8528
9906
-2896
7966
-4196
3251
-4617
285
-3423
4153
-2063
3727
9841
-8913
-5557
4783
830
-1560
-1549
312
1116
-954
-3719
3253
5120
8736
-9139
-8549
-9723
-8946
-2944
-6361
2194
-3863
7735
-5164
-2380
7752
-5206
-6312
325
-2769
253
7373
-4213
-871
-4855
-3097
1442
7870
1662
-5572
-2774
5046
-3141
-4771
9218
-7281
-1756
9778
-5738
2745
1086
-6222
7575
2262
-5874
-5819
-7572
4492
341
2760
-3781
3420
5323
-3816
2963
3120
2636
-1707
835
8341
-4712
3587
118
-1877
-4793
1516
6913
5163
-1211
-3530
5469
-9756
3551
-8722
6802
2331
410
-886
-3886
363
-2384
2195
1935
-6600
3389
9332
-5445
3992
-5371
-5377
4876
435
-375
4201
6287
5847
6472
-5668
-6400
2781
-6744
-2298
-9903
-5048
-1342
984
-2754
-5910
3268
9189
303
-4953
2791
-2970
8197
3649
-4817
2713
6445
-6095
-4238
-6644
5728
-445
-318
5627
-7652
7069
7523
-3791
-9950
8159
-7280
-2009
-953
9539
6976
-9038
-9870
8726
4760
1512
-2441
4512
611
7125
2003
4452
-420
6088
-2902
-3559
6576
-2
-5416
-9972
-958
6846
8183
-5995
-7892
-1013
-489
-4828
8530
-6501
3395
4706
6179
130
-2059
-5785
-6401
-2925
-3775
-765
5147
-6931
310
9153
-8899
3667
-2560
8026
5422
5206
-7842
7152
9965
9270
8332
8589
3180
-6931
-5093
108
5621
6715
8535
-4913
9885
-3317
2399
-2315
2379
1697
-4546
6898
-518
-159
9230
-2096
9394
-7546
-6146
7424
-7132
-2321
3292
6552
3175
-621
568
9350
1615
-8865
-3270
651
1312
7438
2388
-2181
486
-2341
-2373
-7075
243
-371
-5668
1152
-2243
-8832
4169
3315
8802
-4742
-8403
7539
735
4533
7642
-7127
1604
-6859
-2057
-4104
-4824
-7058
-3825
-15
6935
2140
5901
-1085
7564
1067
4701
2739
-5685
-7491
-6378
2856
6959
-4001
615
1738
-1814
-2212
6220
1165
-3114
-7286
-8596
6918
-5967
-4146
-6684
5328
-8226
-4490
-819
-4428
-9340
178
6666
4466
7191
-6690
-9978
-5576
5359
338
-3102
-9984
1712
3518
-7411
-6154
-5691
8876
2857
-2949
-7153
-6550
-5779
-8716
7372
3066
654
7212
-3276
4630
-1738
-8795
8284
669
-8288
4867
-6311
2837
1841
5853
-3071
-5304
-4594
8041
-5036
-4334
-4926
6326
-1811
1778
7581
-1137
-8188
-1017
8729
6338
-5637
1972
6621
879
839
3991
-978
503
4470
-4033
1822
-5730
8739
-9835
-6105
-8804
-1999
299
626
9745
-784
-8517
3944
-2222
-4183
6741
1018
4832
7503
1633
-9396
-1233
8225
5417
-6289
-9529
8635
-7857
2540
-8996
4732
5537
7941
-8746
-576
1297
-8220
-6413
-1784
9356
-2451
3346
17
-7564
9972
-7059
-3535
5721
-3860
-8495
659
40
9920
-3049
-2428
-5011
-5214
4754
-6782
5136
-4468
4668
-4718
5498
4168
-6108
-6423
-5949
4794
-1129
1134
-6949
-1027
-8215
-6547
8169
6913
-1569
1176
-3716
-9330
5889
-8556
2566
-6416
-637
-7024
-617
5786
6427
5076
-5095
-7039
-43
7787
491
7574
8431
1462
-8946
-4191
-4033
3250
-9725
-99
-184
1779
-9539
6999
-7801
-3555
-3785
7080
-6846
1506
7573
-1531
-7892
9236
-1443
8749
-1415
-8942
-8874
-254
-4988
3174
-615
354
-2823
-3035
-4771
542
-2722
145
-9664
-1290
-8976
-9459
-2584
-9595
-6444
-1737
4876
-1404
5455
1153
7150
462
4865
2706
6199
5862
3199
-6035
1695
3015
1107
-3091
9762
-2245
-4883
5801
4711
7337
-6226
-3399
4583
6238
-2804
-2444
-7015
-1330
7426
-4311
-3350
4455
-1885
6066
-2718
3983
1282
-1900
339
-6971
-1539
-7025
2018
-8573
44
639
6356
-9017
-3802
-7651
-4751
-6035
8996
-3255
-5195
8761
5034
-5264
4095
-4916
3062
2639
-7633
8909
7053
-1798
-6044
-8634
-3462
6426
4424
-739
8536
8319
1448
-6802
-8831
6733
-7399
5911
2630
5990
813
-3137
1842
5558
5830
9980
5231
-2242
-6667
-1143
-7863
-7831
5859
8536
2404
-1292
-6065
-429
4066
4657
1217
-6734
4071
-7517
-2699
-9016
-6667
815
-2443
3696
4142
9343
6568
-9132
325
-5919
-1700
7611
8251
570
9632
314
1230
102
8183
-1017
9114
9782
-308
9039
6956
-586
-3430
-2130
2061
-926
3486
543
4699
-8125
-2857
-4849
-3101
5523
-5191
-5330
-5869
-1354
8227
-2711
-6776
3488
-1474
2462
9014
-8543
5775
6707
-4165
-7099
8843
-6920
4427
-8012
-9490
3694
8549
-8990
-3167
3183
46
-2981
-5437
9058
3791
-9161
4856
2332
-2381
3394
9167
-3975
-8768
7465
7612
9209
-5757
4042
6465
2706
-4828
-9566
-2779
-2904
-4866
-4811
9144
4729
-4670
-9901
5732
708
-1364
4110
-5255
7450
-4018
541
-7160
-7231
5709
-2791
-4493
1865
8430
5944
-4502
9268
-6904
1480
8907
3803
-9172
8281
-6290
-9809
3044
-2139
8803
-4490
9986
1828
-198
-6044
-4640
6866
3196
2909
-5075
2578
5305
-8728
7938
-5495
3947
7604
5509
-4889
-8555
5832
9783
-9094
-2024
4561
6913
2371
6610
1942
9472
5001
-1423
-167
-3149
9745
5816
8258
2419
-338
5150
5942
7460
-3062
-5802
-7864
4478
-8482
3259
4340
-4178
-8419
7632
5712
1958
1754
6789
3627
-3866
-9538
8548
9630
9636
3292
2333
-1024
993
5042
6138
-2866
192
6563
-4406
-6666
-1540
-3738
-439
7437
5155
5708
8274
-5085
3851
2718
8625
6821
1507
2038
-6179
987
4598
-6336
-7768
-1061
-4781
-6742
198
3613
-7370
1423
-509
-7731
8140
-2010
-2418
7977
3564
5189
1631
1513
3882
-6529
8834
9632
-920
7255
-8006
-4656
-8305
8271
-7202
-3913
-1228
4046
1346
5130
-9219
-6464
-9459
-3414
-8216
7896
-7747
4080
4332
-7040
8453
-7601
-6133
-7998
-5142
-9436
-4582
-6919
-5489
5719
-8482
7319
-7620
-5002
-433
4137
947
-5853
-5660
2851
2402
3360
5333
-96
8979
167
375
-297
-9741
-1223
2885
8068
1107
-1100
-2947
-6136
-6094
-5816
-8591
6624
-1813
-5253
7927
-5729
-2547
3211
-4468
1359
8214
-3405
-183
3123
-6147
-9858
7317
-8026
-5578
-4823
-9816
-7281
-9665
-901
-9197
-6811
8804
-2120
7981
-4735
3909
-7293
-5312
824
8358
9688
1445
1805
-7178
-9976
7245
-2924
6910
-4050
7690
-3615
-2745
-9198
3651
-1224
-9442
889
-6455
5928
1838
5574
-6460
-7048
-5977
-3530
-3141
-43
-39
-2658
7059
-38
7187
-3728
-4953
6690
1803
6822
-3839
-3962
9197
-1253
9025
1698
-6626
1623
-7146
3060
-9048
1729
-484
7185
-3084
5467
-2011
-8789
9109
-6690
1939
8170
1459
5540
8973
-1905
-933
1205
-639
7738
-4735
7357
7920
2269
-3306
-7401
-8606
-1950
-4019
9555
-7625
4604
-2958
953
7582
-4270
-1357
4845
4348
4487
-1021
9164
-9711
-5418
3969
-2233
-6198
-7560
2316
-8372
178
-2989
3329
-3938
5087
6151
6391
1603
-615
7476
9929
-1888
6093
581
6954
-5671
1608
-9909
6486
6063
-9027
7470
2230
525
-7832
-2369
-9138
69
-7466
-8684
5191
-8982
7231
-8739
8720
-1069
4661
-741
3903
8000
-3796
-2126
-3985
-3698
393
772
-1663
7649
1972
-7776
-729
-6093
2031
9242
-6672
-6546
-3452
-5765
-2302
-4393
9489
-9141
-8648
3300
-2319
9096
-9780
3768
-2739
2876
8082
4256
-6513
-8348
-3755
-2854
4946
-7570
-3975
8587
3534
5762
-1197
1852
2724
-4551
3617
9991
-1578
7832
1599
-7209
-1607
-5302
-3107
-5002
-9199
-9123
4672
-6783
-7042
6610
5679
3552
2250
-2301
9206
8541
7057
3098
-1600
5355
1618
-6436
4051
9109
5935
5433
-3467
5519
-224
-9641
-2327
7500
-8533
-3523
-4384
-9404
2798
-517
-2732
-5596
4596
-1768
-549
1687
-2591
-104
1666
-7931
8761
3301
-5175
3909
-7313
-2977
-5809
-6606
9029
-3389
7430
515
-3476
-2616
-6215
-3689
7048
-8275
-6690
491
-9622
536
1219
6097
-964
-1338
8714
7306
-3510
-5697
6460
3216
-8892
-9450
-3108
-3820
1252
9458
7256
3754
4694
644
5447
3406
3291
7786
-2143
5842
-9070
2653
576
343
9721
-2953
-8615
6148
2413
1395
1452
7902
2036
3869
1660
1152
-2183
7309
7698
8475
-3678
2809
-8706
212
-5600
-6693
-1377
9753
2498
2889
-2472
1539
591
4736
151
2985
227
-8385
-9053
-4250
1964
7153
4573
-5040
-7859
3140
9425
-4278
3350
4138
-6758
-7819
-5721
7475
-9807
8225
1746
-626
7908
-9643
-3637
6191
5516
-3951
-388
6875
-4304
-1409
-2064
-2906
-1691
-5243
-3381
-5549
-7110
-1994
-3096
9360
2600
8013
-1417
2682
-3756
-3523
-3006
-2658
6489
9288
1283
-4005
-1785
9374
4498
1277
-4126
-5196
8723
-7126
8827
-4066
612
-5115
9055
2728
8401
-8626
5307
8947
-9436
7857
-82
4841
2896
-6936
-1448
-301
-4884
502
1590
-8899
-4846
-5394
5754
7840
-2867
9215
5525
1116
1817
459
2753
692
6339
-6987
-1983
6109
-4439
-6425
-450
6310
-1190
83
-227
1231
-874
7399
-514
-6265
-9
-5554
2349
-8764
-9576
9023
2313
-5041
-8739
3759
-5071
3903
3444
3810
3325
8101
7749
-198
4123
-7581
6991
-7920
5704
-9965
-7794
-7990
-9646
2279
8097
-2154
-7102
4573
5855
8260
2233
2450
5019
2756
2629
1570
-5342
-7602
-9296
-1629
-5139
3826
3111
9289
366
4596
-6484
4002
-4799
-3832
4879
8208
-8223
-3549
-4733
-2314
-4135
-4013
6727
7438
-7288
9478
9095
4792
3312
2013
-3421
-8306
-5136
2366
-9808
-6444
-309
-2891
-1207
2897
-7848
8084
40
-8328
-2148
6881
8157
-5260
-5418
-7255
5813
-100
-9749
118
-4694
1731
-6694
5252
5792
-7113
8568
1063
-2385
5336
-4490
-6400
-1863
-3313
-566
3381
-1916
4853
8143
9691
-8556
-7819
5329
-7424
913
-6427
3063
7519
5682
-8522
9846
-4316
-7249
5395
8904
-6608
3934
4054
2289
5600
6999
-3073
-5313
-4913
6835
-2199
2755
-3395
8268
-6262
5487
6999
1553
-9742
7480
5804
-6863
4579
2900
-2791
8354
4245
5085
-2188
5103
-4928
-6449
-6745
3418
-3742
5660
-5030
8628
-3726
-9372
-6005
-16
-9349
4018
7430
-4845
5595
6374
-4351
-3846
-1557
8900
-2065
-5474
6569
3154
-8642
8919
4867
-6397
-1889
5272
1632
2195
4283
-3430
9388
-3414
-5457
-6453
-1023
1445
-9856
-5833
-6197
-1089
-9533
9606
-3220
3294
7888
-9207
-2392
2737
7695
-411
-4598
-3765
4019
-8628
-8803
-3238
108
4790
4520
9735
-3247
-8668
2751
6927
5148
-9482
-5943
-9082
798
-6941
8380
-9897
-6111
-9587
-6495
-7339
3198
2974
8050
-5869
-1430
999
-6870
4237
5410
565
1404
8238
711
-334
-5965
-5669
8883
-207
8235
2307
-938
1903
-7767
-6120
-8472
9693
8493
873
8375
-8234
-4465
-1234
-2290
-6689
2133
9675
7203
-55
3825
-4508
-3291
2670
-9057
2066
2981
-4879
2554
-3773
686
-3474
4947
9222
-7414
1333
4271
6994
6974
-6215
-4853
1904
-4343
-5991
-8964
7785
8776
-7497
-6481
-2935
6930
1215
-8414
-7570
2071
-3153
1662
6641
-3466
-7030
3773
-6858
4630
7007
-2429
-1622
4778
7159
-2003
6875
1747
588
7681
6004
-2557
9565
-5331
-1598
-6918
-424
-9870
-4958
5260
7879
-5644
7708
-8156
-272
7571
3277
-4089
1779
-8717
6717
5108
1795
5337
-8604
3507
8619
-494
-1425
-6020
9335
-9524
-1540
-314
-7646
522
-6266
-5903
-6704
-6535
4990
8808
7753
3459
-5198
9729
8642
-3233
-1139
-2091
-7801
-232
7291
-7948
4307
-4416
403
-2385
8147
-3299
469
-4270
1509
9400
3581
8419
8610
-7001
8659
2847
2475
5317
5055
1928
5945
282
-3810
-3886
5786
9200
-540
4244
7902
-8009
8151
-8369
4395
-1854
-8212
-6404
1640
7533
-2908
9389
1042
3485
8621
-7381
-3735
-6742
4764
8124
-562
6984
4916
-4080
-8365
-2846
-5588
8927
-5091
-553
8914
4362
-3787
4623
6743
-7226
-5517
-7380
-8717
-31
5759
-5764
6665
-7679
-7584
-3056
-3071
-5744
-7116
-8740
-5775
-7242
-597
-6920
1035
-5505
-4442
-1000
1138
-8237
5527
8003
5066
-2736
-4032
-7893
8219
-638
6918
-9403
-8299
-3031
1934
3450
-4599
-9519
6696
4848
-9585
2931
-4396
1625
7980
-3380
-5974
6533
-502
7376
-6275
5678
2650
-5703
1955
8383
2504
-4667
-3625
5170
7693
-6475
-8627
-8951
182
4066
774
-6492
8403
-7656
2245
-9419
8545
-6746
-2058
-5542
6626
8983
-8917
-4779
-7090
3072
-8702
-3455
6135
4614
211
-7659
-6079
-6436
6264
6841
-5370
-824
-4856
-2154
-8103
1646
4049
3439
-5857
-3686
-926
-4248
-1752
5044
-2659
-2729
-9519
-9910
-4035
-1209
850
-5675
1237
2071
-2613
-3594
-9732
2763
-1003
2481
-8277
1019
-3252
2559
-6828
-682
-3230
1280
8274
-2516
3911
6977
-7307
-1778
4763
-6843
-675
-8724
-7616
4707
-2760
1159
-77
-341
2700
-4417
6867
-7353
5698
3297
-4338
662
-5070
-1965
1991
-2262
-1463
-5484
5827
8304
5358
-5846
-3218
-9972
3127
4718
336
-8461
360
-6448
6927
2372
9255
7680
6605
-8203
7839
-1422
-890
59
-1308
-2643
3707
-4930
-8067
3026
-1004
-4229
6536
8150
8893
8349
-8718
-2482
-5976
1040
-1176
3156
-5914
-1105
-9718
7596
4044
1891
5052
-3517
577
-478
2367
4591
1988
-6638
-4040
8649
916
-6589
-4367
-5393
6898
-9676
1701
9499
2074
-5088
5566
7723
-628
6415
-5786
-395
-1639
-1934
4922
-2695
-5647
-7997
5048
1064
5038
6939
4519
-591
-5222
-8797
4898
-8816
-9554
-3433
1643
-6338
7059
4111
3003
-1888
-2769
-998
2427
-8824
-9989
911
-5522
-9736
-5377
-3105
6640
489
-1769
-680
9624
6011
5995
3585
4290
-2196
5572
4915
-4801
1705
-684
1945
-3414
-456
-3862
-1193
1865
-8044
6876
-4520
-3015
-3157
8547
5483
3996
-1732
3130
1251
-9458
-2535
4372
-3615
-1452
-2359
-9633
3763
5133
-1626
-6487
8164
-7218
-6205
-787
5759
1800
2039
-8819
4976
3925
-909
-2153
-4246
-2459
344
9598
-4297
2960
-3789
9725
4269
-7611
-9784
1410
-483
1634
3062
-3701
3459
8633
2398
-8575
-650
-6208
-1077
5217
3997
3078
6645
4954
-9487
9967
-236
6463
910
-9008
-9437
1911
1242
6273
8304
-7368
8544
-6757
-7055
-8242
-7691
-6308
5887
-4169
6170
-578
-5991
6515
-9878
-7848
-973
9107
3390
-921
-447
-4948
-1135
4903
3679
810
-8112
-6914
4684
9904
-4244
-9812
-6220
2178
119
-3063
7235
9825
2409
2236
-9546
6678
-2299
-4069
-8658
3316
-4164
7135
207
8512
-3848
-6855
1260
-5408
-5287
-1896
-556
-29
4857
-2748
7516
6786
5007
-7357
-4939
-9664
-1015
-9588
6723
3711
-8028
6011
-4941
2053
-614
8081
-1228
1402
-3357
6986
-6219
1514
7982
-26
1840
8746
-6447
-6151
9646
9589
3849
7699
-1422
7552
-7818
-6542
-3502
9008
6807
-3359
9019
-4752
-8095
-5652
4777
-6740
-1857
6488
1883
5349
-4352
-9914
-5487
5197
-9527
6630
-4483
8273
-6419
-6305
-5768
2801
-8938
-8396
-8259
-2062
-5700
3262
-1129
8570
2436
-5503
1239
-9440
586
216
-1433
4605
-4718
548
3116
3404
-8092
7912
4464
-7737
-1891
-9586
9424
5431
1904
-4383
-8247
-7554
-7054
2168
1257
-2271
4419
9440
-5965
-7348
2718
117
-3838
-5609
3085
1748
-1900
-7453
5755
-1133
5967
4587
6844
1134
3643
-6134
2545
6227
8587
-6791
1142
-2232
9480
8834
7494
1951
1179
-9053
6286
3251
8019
624
-6576
-444
3286
-4468
-8438
-3657
-8691
-7118
8555
-2410
-8383
-5380
-583
-29
-1820
-6946
-9079
7178
2534
-8003
2853
6082
9266
3422
-9810
-8440
5054
3617
-7709
-4028
4958
-713
9029
-1746
-9424
-3480
1098
4388
7320
-8554
3439
-8905
773
-7192
-5266
-633
7642
768
1209
704
-1931
-5336
6697
1957
-6262
-1160
7084
4184
1969
8010
6286
5663
8646
-3679
9822
-2903
4189
-8003
2004
-9089
5759
-3327
2038
-9375
6288
1296
-695
-8888
63
-4603
-4108
-9565
2918
-9378
6819
-527
9432
-2363
-3212
1695
8778
-9620
-5641
-95
6472
-9688
-5044
-6115
5715
-5437
1954
-3269
-7053
-9495
-4329
-2369
-9903
5663
-5903
3005
8147
-9251
1456
6358
6451
-7110
-8120
5696
-9912
2682
5271
4444
-7455
3017
8397
7675
-4135
-4406
9359
4721
-214
804
9368
4780
-18
6213
6323
-2172
-237
7681
-8022
2037
45
426
-52
9164
5825
8890
-1249
6356
9269
-7907
-4564
-5078
4456
-2279
-9177
4844
9303
-1780
-9252
-6086
475
3283
2506
-6896
-4599
9094
1038
-887
6511
-664
3810
-3451
1379
5470
-4694
-6784
-9437
-3751
1489
-318
-3588
-6983
8781
-4051
7359
-6316
-9891
6760
-7095
2910
4673
-8076
-4873
-830
899
9611
-80
-960
1518
-5458
4162
-8782
3885
1942
1016
-4194
-9611
9970
5100
7555
5980
-7621
-8627
-3810
34
-6820
-2582
9022
5900
4349
4839
-9205
-3080
4499
-5237
-242
-5319
5111
-416
9651
2864
-7356
-9086
-86
-9196
-6392
7286
-9228
-1414
-2992
-716
3754
1087
0
211
-9175
-4727
-3702
1625
-4495
-3565
-4861
450
-9385
7264
3519
-9105
-1323
7053
8982
-2087
-4437
-5755
6758
-4709
-1433
-3457
-2501
8686
-7033
1349
9811
4187
7434
-1182
-7654
-5473
-354
-6954
3575
1608
-2356
-4728
-6890
-1264
-4397
-4198
3655
3030
-5802
7713
4263
2598
2725
-7309
-9160
-4736
5080
7737
5967
-8635
-2033
4043
7605
-785
5281
-2645
9867
-4001
-1689
1854
-9590
-9261
1491
7323
9142
612
-5103
-6892
-8530
1681
4809
-5935
-9523
8110
-9992
6977
9815
-7092
-2072
3893
2545
-4847
-8672
33
7167
-6081
9815
1193
5873
7882
8621
943
2655
-8628
5468
5884
-4712
3815
-7317
8812
9566
-118
6965
-4880
-4470
-8316
-7808
-7956
-7887
4713
8143
7492
-2337
-1798
-7938
6228
9557
-4382
-615
8720
353
-3132
-5224
-3115
-4684
7418
-8618
-6628
-9330
5441
8674
-9747
9166
99
-5435
-6712
1576
-3217
812
-4672
-8991
4902
4807
-1073
9171
-3720
5462
6664
6055
9181
2583
-7958
3762
-7595
9583
9330
2232
-6918
-6994
-5745
-8798
7493
-9217
4581
4811
4991
-9135
-9217
5170
8381
-9575
-32
-1155
-1513
-1473
-8952
-9382
-4263
-4477
4691
-9367
2863
-8606
9459
-2123
4328
6570
-7573
7206
7698
7613
5796
-8603
545
-1698
-6990
-7844
4832
-9773
-9041
2158
-2347
-2646
-3716
329
-8246
2519
-1021
9095
-5611
-1621
1566
-8603
-9856
-7989
7693
7525
5949
5755
-9757
-6605
-8720
2734
-8928
5174
-4927
7760
-5249
2954
6106
1018
668
-9163
1229
1241
-9286
3888
-409
-9604
-3582
5533
6077
7914
-6999
8131
5096
5707
-3588
3793
-8036
-6386
186
-9455
802
1518
5793
5356
3772
-4743
-609
-8568
-789
7052
-251
-7355
-5357
-9285
6713
-4099
291
-4625
974
-9882
-9216
4595
-702
2465
-9151
4394
4088
-9029
-720
2276
7382
-4474
5993
-111
9588
-1778
-108
7388
5775
2265
-595
9674
8523
-1998
-9808
-2191
8005
-5036
-5487
8843
6563
7319
1426
873
-7901
-5592
3238
-9630
-6427
-6533
-7780
-6636
-4091
7169
-4960
-8122
-8805
8441
4610
99
-1981
5083
3383
8680
4820
9601
9193
7215
-7343
3523
-4065
-6099
8898
-3453
-908
-7958
-3279
4841
2920
7523
3845
9078
9131
2575
9686
-8439
8372
-9290
-8475
-4005
-2291
6642
2113
8642
-8908
-1075
-2612
743
7023
7805
5492
8868
-4763
-8502
3680
-7344
-6891
1002
-6778
-5471
3532
2621
-8435
-7542
-5488
3554
-938
2263
-4527
-6716
-8872
-4231
-3470
-4441
6655
-3280
-7442
108
-2453
2460
3991
1008
7917
3824
6275
-3769
-6832
8555
-1232
-7701
-31
-5694
-3636
772
3261
606
5296
-9073
-338
8758
5558
-3298
6614
-7929
2588
140
4199
3541
5
8487
2180
-9939
-4665
-9618
-3071
-1072
-3573
9622
701
-9405
3439
-8128
-1216
-3814
-5404
-9773
-827
6865
8752
-1751
-6505
-867
8233
-2194
8121
5559
529
6476
-5857
-9309
-9097
1957
-3409
-7968
7858
9670
9316
6235
-8876
-2211
-9475
2246
5446
-4421
-5400
6342
-400
-1910
-9631
-1787
-2477
3210
5907
-5806
188
5020
5370
-644
-6683
-5048
-3726
1073
-5456
-8879
-6788
4716
-4062
-6084
-431
2680
-2581
-113
-9447
1926
-3567
-8945
-2603
8665
5675
-5575
-2377
-6259
-6782
-5494
-1329
-2739
-5696
3508
-883
-6548
9772
330
-5517
685
775
5060
4111
-8521
-523
9373
-5839
2062
7691
-7336
-7522
1922
-8842
7734
627
-2253
-9331
7200
-5171
-8132
-3067
-2740
359
-7235
-9815
5955
9578
5880
5974
-2851
9092
-3789
6061
3703
-3582
-7626
-1968
-1444
-4707
2665
9460
5781
7475
-7463
3350
-601
4967
-5719
-8584
-8648
1784
3799
-3228
-9533
9599
-6551
-2115
1106
7790
729
6959
-2397
5837
2975
5432
9753
9232
-5166
3070
-9996
-2448
-2916
-7578
-5101
-9686
-7267
-8322
-984
3246
5989
-6873
8635
6765
2553
4323
-5639
2317
-3733
-4195
-1522
7157
-5086
5441
9947
-6963
6481
-8944
-4794
-986
4128
2624
1835
-4821
-3527
-1726
-7388
-9058
8220
-3434
-5595
2489
9212
724
1160
7652
-7979
-5001
6439
-5980
-2581
2390
-200
9947
-1209
-8479
-2173
-6079
3591
5870
-1071
7250
4198
4129
-411
-831
-6290
-9243
-9942
8339
4245
-2776
737
7973
2073
7628
4357
9967
5281
-7492
-5061
-1281
9434
5106
3308
-6398
9076
-1790
8074
6062
4771
4605
-8848
2456
-9354
-1609
-5676
-3483
-4102
-8825
-8046
-3780
5874
-4659
-3651
7534
6461
-7721
-973
3772
5373
8400
-4095
7966
-8779
-9575
-2305
9444
-7311
2349
-2813
1192
-4010
5482
7851
-6789
5945
4003
-3600
-603
1935
-5758
-8207
4607
-1920
373
2423
3532
4881
694
4568
6717
4494
2512
-9864
-4019
1481
6502
-2102
-4729
-8173
9627
8149
-4092
-2393
-5674
5939
-3188
-8172
-7758
-451
6478
-6094
-6462
1946
3540
-8840
-2377
-73
2240
2513
-109
-529
-7682
-5933
7399
8541
1312
-6614
5539
-8079
-270
1067
-9165
-6355
6247
4513
-7196
-9283
5820
-2166
-4917
5796
-2606
7097
38
7322
9908
4823
6502
-1936
-914
-3184
9356
8412
-1758
-8915
-8395
-4782
-5619
-3339
-9516
-1094
-1712
-112
-5391
3672
-4142
-3773
9311
-572
3505
3871
2869
-2801
-3166
-1688
-5472
8331
-4359
526
-241
6098
-988
2599
-1019
7118
-3286
6032
-9795
-6689
-7104
-8284
1703
905
3999
-4410
9858
-8899
-6379
9211
2523
-1040
-4720
9629
-4435
3599
-6775
-6423
-290
2670
920
-3142
-2802
-2845
-9197
9736
-7727
1453
7718
-8808
-5300
-5695
-7087
5036
2786
-7939
-1989
7611
-8632
1403
-4879
-8073
-3171
-2151
5069
-580
-1548
8157
-3092
-6539
2819
8193
-754
-9987
-2760
4408
88
5682
4556
-1078
249
-4094
5303
9557
835
-2782
6645
1847
2244
-2841
-3097
-372
118
5957
-1628
-2249
-2032
-3092
-2568
-6370
-3525
4364
-2506
-6925
-8013
-2218
-6267
-3519
-5495
4450
-5539
-7972
9570
-7103
-8372
2486
9815
2998
-1043
4269
8605
-5601
-1652
-6489
7291
3341
-6424
-3182
7576
-2490
-5764
-7388
7621
-3741
-4528
1676
3811
-7439
-901
2311
3836
1502
2356
-7654
2889
-9700
2637
8448
6355
-8466
-663
-2167
1480
-5167
3636
3918
1523
-6565
6035
7512
5556
1998
-625
1930
-6127
3945
417
-6654
-3097
-7882
-675
7269
8010
671
-5372
4522
8663
-2392
6000
6989
-1240
-5279
4450
-929
5715
-939
4765
-309
2541
-9636
9567
4011
3523
-6714
-6449
-3910
6022
-9104
1655
6368
6558
2109
4712
2345
-4799
-7038
-3849
625
2274
4599
-7612
5091
6293
1649
-7085
4246
-2462
6586
-7910
3445
3640
-6754
242
-655
-2381
4140
5192
341
2823
7114
6877
7508
-1016
5849
-2660
-3392
6188
-8391
9530
-5987
4813
2171
-5584
-7264
5815
9883
-2492
4772
-6282
-6257
-3843
9296
-102
998
3901
-5658
1408
-8484
3219
-4847
-621
5672
804
-5224
3095
-7339
-1900
7484
-5953
7695
6757
7435
-3951
-3747
-9638
8326
6042
-1379
-5568
4128
9968
829
3009
2782
-7881
-2114
-8776
-3443
3839
3691
-9179
6708
-3657
6953
6771
3781
-3977
9194
-7956
-3366
-9814
9091
8131
2211
-2477
-2236
7708
-7599
-2761
-4934
3883
-807
-9395
-7784
-2958
4492
-8967
-6187
-2261
998
1944
-1308
9959
-8006
-2965
-8880
9667
-3723
4756
-7434
8615
4188
4445
-798
-2032
-9527
-5729
-7264
9310
3859
-6450
242
-2009
-2793
-3191
1318
3114
-9017
1578
-5740
2621
-4169
2187
-7371
-7566
7619
-751
-9488
5676
689
-5942
739
504
8957
6710
-5302
3859
-2219
6382
-529
9100
3088
5389
-1775
6286
1876
9809
561
-3377
-6878
9633
-3201
9195
7789
-4827
2914
-2341
-4960
1422
6424
-269
3977
8472
-364
-8446
1932
-3758
9057
-6388
1778
-6433
-4810
-8166
-123
-9017
-1580
6464
-9398
6049
-3851
-6912
-1396
2101
4087
2028
6628
9975
-2950
4602
-8912
2175
-9142
-2330
864
8638
-5901
-5072
-4978
1989
-8526
-6267
4559
-1918
2880
-4949
-7318
-3288
2072
7741
-2357
-7164
-225
6429
-5213
1298
-8506
-433
9692
-5022
-3281
-8549
1817
472
-9357
-5171
6427
-4917
808
-6647
483
6900
6357
-9285
6124
-6458
-3649
-4028
-2385
-3703
-8027
2064
4884
3883
5486
2268
-3650
-84
-1055
7684
-8156
7970
-8413
-5904
1615
9791
-2522
-5111
5353
-7605
-5695
6704
-3475
2096
-5268
-4148
-2227
-3933
5716
-1768
-9917
-5489
-4387
-4862
5977
-4364
6110
-4650
4023
8299
-5179
8325
1998
2925
-3044
-5493
9921
-3837
5760
7023
-1504
-1362
-9224
-5426
-6725
7480
-1630
-6967
8456
-5079
-6808
7342
-4740
-3847
4467
-6624
6837
8053
-3253
1030
2127
2788
1362
-9678
-4751
9007
1518
2232
3948
-1148
-7487
231
-3658
-8106
-9618
-122
-8233
215
-8852
-7288
-1326
8906
-482
-9631
-1002
6575
-3544
-7198
-8645
-1598
3916
-7879
403
2570
-5605
9369
-2072
3463
4735
9850
-3121
-3270
-3735
2372
3321
5027
-3506
5839
8441
-3972
3794
-6091
9455
-8458
-9344
-7942
3914
6456
-6711
-3270
-9757
-4236
8529
-8019
9314
-9239
8241
-8756
-788
9528
6034
-4988
-9858
8538
1296
3215
4794
-3237
-6123
-8193
2287
-39
9776
9543
-7769
-8929
-5299
819
-8455
4857
9211
-821
-4113
-6899
9228
9079
2636
4372
-7091
3663
3825
2054
-8568
8679
-9470
-3108
-7775
5929
-5814
6938
-1224
-355
-9636
-181
3534
242
7871
-7203
-5686
-2879
6474
-5053
1829
2187
-4441
7680
-5804
6432
1721
9516
-5162
-8837
9586
6775
-4716
-4055
9123
8700
-6995
6478
-3722
-3645
-20
-4916
-4697
-7663
-8712
7666
7355
-4401
9201
6724
-7851
5905
-4962
7009
-4610
3173
-4233
-5337
3841
-8780
9164
4533
1199
5812
49
2541
1997
8651
7529
-5069
8019
-3899
-7107
-2372
4850
9590
92
-4160
9379
4407
-6863
7342
2584
8742
-7814
-8750
-1707
8206
440
-4193
-4116
781
-5230
8766
7957
-7342
-8242
8723
9697
1283
181
-4763
6828
1814
-5756
-6510
311
-6696
-6930
1601
-6258
9234
-8195
-3446
9777
-3917
1324
9224
3993
3856
-5430
-3819
-1492
-7680
-3944
8680
7416
-6228
-8036
-8556
615
2491
-8869
-481
-1618
369
230
-7857
-786
8980
9629
9922
4530
-5761
3600
5511
-9647
2578
2444
-1950
-3937
9836
2765
3931
-9330
-8261
-5190
5787
5814
-6285
-9160
-9150
-2576
8427
-4021
-205
2446
3446
2076
-9447
2555
-6468
-1203
7161
-579
-7706
5066
-2367
-6592
-2351
-4240
-8719
-3841
2071
1342
4632
-6494
7992
-8855
-5295
354
-8332
8923
199
1581
-7916
6928
3959
1502
-8364
8142
561
-491
2031
-4976
-3615
-5609
3622
-5986
-4970
-7266
6895
-7107
-7219
5075
8369
2955
-7452
933
7810
-6103
-1027
-8958
3000
8954
1689
-1064
7524
4802
4761
-5041
4951
7028
-7926
9461
5950
9002
9970
-3112
9465
9000
-1316
-780
-5738
6345
6132
9572
4339
3451
-9314
5727
-8243
5585
-3435
4048
-5173
-7207
1283
-6198
-366
2933
8484
-6112
-9681
4628
-318
508
4844
-8983
8590
-6185
-6070
5028
-7831
1739
-9079
-7397
1683
5624
7577
5405
376
-2201
4785
-143
394
-356
132
4276
8544
-9260
-1797
6959
-9951
9767
9351
-8840
-3564
-2946
1566
-5834
9017
-4752
-9417
6993
-9476
8271
-1092
2203
9441
-5907
7184
7283
-4140
7606
-276
-2312
-2457
1179
690
-6742
9963
7681
-1729
-9060
4312
-5564
-2764
5409
-665
-1424
3411
-7209
-4604
-5125
-4071
7732
-7679
-5660
-2432
-1858
8834
-9578
-6840
3264
-10000
-6856
-4978
-7634
-6056
3608
-9584
-6048
-4147
5046
-1935
-4698
5934
-4303
-1326
-1347
7172
-7198
-9333
4501
6729
-4049
7992
-7513
953
6017
7067
-9148
2283
-1860
8332
6077
-1012
427
6765
-9434
5683
-8831
189
-1217
4614
-3893
111
2056
-6537
-5813
5384
9707
-7296
3450
9427
-4492
-9702
-4572
-5582
-3339
2417
3336
4034
-3453
-3273
-6662
274
8998
7211
953
-884
-9847
3089
-9590
752
-5594
-9739
-5381
4782
1278
-7892
-2770
-5493
-2698
7180
6417
-3597
-2128
8367
-6103
-6994
7159
-6871
-4221
8273
-7479
-7637
5375
-4481
9069
-907
-903
543
-4371
5871
-8633
-3800
1023
-8504
-1200
-3254
5261
-1674
-9703
-8454
3790
9914
-1187
-3049
190
-1890
-2713
-6775
9767
5000
2075
-4583
-1596
1874
-2301
8231
8609
-8078
8139
3615
-2272
-3339
2711
1840
-8423
4405
5883
9604
8591
-6050
13
5160
8433
8004
4052
3717
-8496
5024
1429
-7430
7206
-7700
2295
-3662
6557
-4089
8245
-1072
-2153
-1652
9865
590
-8258
3158
-7275
2646
7090
-5341
2902
2349
-9356
1635
-5431
-2400
-1689
2710
7735
5093
8175
9664
2695
-8786
-6837
9532
-6651
6052
-3117
1463
-5659
4766
1003
6775
1835
2889
-5971
-4894
732
-6978
-8846
5410
4495
7902
4119
-4728
3633
6721
-6985
-8672
3889
6049
-7388
244
-352
6413
-906
-3508
4858
-4111
-4953
5521
3545
-4529
-5295
3486
9987
-5309
-9020
8965
7221
5789
4502
6693
4649
-7808
7082
-4554
-2009
6268
9282
3209
-952
2897
6261
8316
-4265
4373
3324
-8862
-5412
-1179
1676
-7605
5637
3458
6018
-1279
8618
2909
8695
2738
-6822
959
-2243
5453
-4848
-3981
5926
6954
-8130
9153
-7074
6095
-3688
-3108
7081
5343
-4115
8257
-2776
9623
-3218
6416
2393
3015
-9828
-4035
-6442
320
-9534
4994
-5185
-1706
-6550
-7832
7847
-6326
3089
-3275
9624
6174
7122
-955
9457
1588
6161
-8720
-8731
-7766
7982
28
5586
2803
-1831
3131
6429
2725
-8354
-5976
1816
-236
-7523
5289
6280
-8978
3820
9791
9029
4993
-6974
-9734
-4255
-1364
7861
-496
-497
2499
8523
-8731
1126
-9074
1508
-2405
6299
-9043
-9208
-5237
-9436
3380
1905
-9884
9137
6247
-8759
9464
-8902
-4038
-4343
4467
-6923
-9485
-9488
3967
4119
-2556
3135
3904
-1079
-8713
-3897
-485
9795
-5681
6895
1195
7991
9451
-4655
8836
5644
-4554
-8240
-9009
997
-5087
-9763
2635
1489
-8602
-3759
-4093
1622
6716
-5223
-2895
-4772
8120
8541
-3024
-7409
1041
1771
1142
9747
4301
-2498
9257
7531
3860
-5107
6709
-9798
-6193
-9784
-2282
398
-6998
687
-8299
6714
-4637
9473
827
-8816
1095
870
-8268
1945
-9126
-109
-7944
-6940
3361
-8926
-3238
9764
3197
-3987
-5949
-9701
8492
-6518
462
9668
-7733
7999
9838
629
-2155
828
3377
-1214
1471
-7686
9855
-3013
-597
-9593
-1875
-7693
-5358
3575
32
-7626
7712
5131
4705
2016
1008
137
-4613
-8868
-6177
5652
-4991
5703
-9825
-5769
-1074
3041
-4287
-2000
1251
2781
-5907
-2621
-4172
-6890
-2196
-2765
-2904
-6825
-6396
7167
-6145
1862
-9369
-4696
2722
3897
-3932
2497
3472
7207
8684
1726
-6641
5100
-7197
9293
3628
-1500
-4574
-2360
798
2841
3632
8258
-5740
-7903
7220
7507
-730
3164
-8472
4869
-8533
6024
8724
-1273
-9444
8676
1700
-6762
-4504
7627
1277
-8063
-890
-6394
7718
-961
5385
8897
-2183
34
-4604
-1320
-3187
-1050
267
2842
685
-5659
-6026
-5320
-4210
-2221
-9058
6200
-9545
5532
3789
-4521
3422
123
1180
-6025
-5867
-8541
-8122
-779
-2772
1887
-8069
9123
9779
-1000
-8613
7371
1310
-447
-6097
9234
4061
2502
582
3647
4720
9617
384
-1642
5470
415
-7292
-9688
3066
612
-3524
6565
-4506
-1449
9010
-264
9134
-8999
1172
-6531
-3203
7734
-9724
-9277
-2844
-1360
7915
-8882
153
-5432
2675
4863
8483
-6810
4295
9426
-6229
-8915
-1793
-2377
-6448
-9349
-53
-6521
-1504
2069
7429
6637
-894
2066
-9225
5822
9770
4676
3803
-7658
-192
-1877
-5689
-9237
9748
-7153
3327
7268
4923
-8203
291
7565
9394
6612
6931
-3850
7298
6276
-7533
-5863
9954
2115
-8585
-4441
-2848
-2245
5335
8871
2081
-6761
4830
5018
4994
-3747
-1773
-4784
-7725
687
8456
8625
327
5596
-9070
1462
3659
4611
-404
-5025
5886
-9009
-4723
6109
-3413
-2501
-7017
9213
5375
-5967
-2991
-6276
-1294
5124
-3929
-9008
-7552
-1511
5898
6993
-8797
9750
1104
2471
3635
2135
-1268
-6050
1865
7648
9514
-2664
9993
4283
9563
8234
-137
-3125
-9132
-8370
-2873
-6457
-9788
-6666
-9482
-2178
-8011
4825
2111
-7811
-5072
815
2687
1027
3320
2966
6824
-8795
-3814
-6680
-6529
-8445
-4562
-9561
-3551
6646
3099
1150
-1118
-1116
7552
3068
-8262
-2033
-2383
851
-2926
-8547
855
-8566
-4789
-4219
5626
-4156
4361
6122
-6771
8586
8314
-7732
-7737
7173
4518
-4706
-9193
-6044
6939
9947
-8433
8996
9889
4941
7556
8525
9489
3846
-5478
3983
9267
-5537
4274
6007
-7129
4070
-5529
-5682
-1015
4536
-4098
-5145
605
-2339
-4899
865
-7068
-1223
4918
4413
3832
-2946
3027
-2571
8256
-7515
-506
-5087
995
6926
-1605
-4144
-1476
5939
-7749
-2586
517
-8515
-4940
-8612
4927
-8599
-3716
2847
-799
-2942
8033
3793
1713
-4806
6967
-9796
-2907
343
3048
1452
-1370
-9242
-7823
8988
-3732
6395
-4771
2580
5134
-8317
299
1345
1993
-794
-1596
-7240
5386
-3498
45
1353
-7599
5701
2006
3409
7812
-2183
9503
2738
-8030
9286
-9342
1256
2258
-137
728
4162
6567
7805
1324
8105
7453
2664
1400
6609
-3083
8847
6299
5149
5701
-7977
-1512
1298
-2318
8803
-5203
-2568
-8345
460
3063
3701
2034
3749
5753
-3848
-7506
-437
-5134
7166
-5020
-6594
-8644
2504
994
-3112
-6007
-5765
-4056
149
-3887
-5154
-6877
-4686
1788
-5898
6544
9647
-8900
-2168
8543
7191
-2989
-2531
9787
-3640
771
2427
2139
6829
-5793
551
3459
3512
-1692
5618
9547
-8004
-9354
6553
5596
-7288
-6941
8572
2881
-9658
1186
-5065
-2420
-3654
-2582
887
9555
-3158
-2411
-8725
-8501
-6354
2104
-350
6194
-3786
-4751
-9887
5643
6974
8906
6617
2287
9940
-9708
-1458
6107
-2899
-9978
-2521
9485
-6546
7593
-1090
-6567
-4502
-9931
-3448
799
-2824
7078
-1099
8645
-8552
-791
5533
2695
-4233
4646
8661
-437
9563
5683
7597
7920
7421
7639
2022
7171
3551
-5706
7636
-5461
5857
-9835
5365
4324
5195
-9235
513
-6923
522
9366
-2395
8354
8797
-5120
-706
4983
3117
-3309
601
-9388
-8844
-1837
-3762
3053
1145
2381
-4823
-3079
4935
5223
-6075
-667
-459
1087
7038
5407
8278
7027
-6551
-3752
-4855
-7649
4023
-2045
6184
-3516
-5849
670
-3657
9142
4394
5091
791
-9445
7404
-4362
8128
3644
-473
3252
-5316
6269
-2729
-8799
-8474
-5672
-6454
6091
-6264
9215
995
-2068
1698
2413
-1039
-3736
5964
6625
2779
-2079
6028
-411
4857
4208
-3956
2440
-5616
9986
-2635
3791
5053
3776
852
-3156
-4982
-3216
-5327
5855
-611
-1867
-6228
8517
9340
-4469
345
5352
-4214
-344
2128
3274
-3580
9525
-1530
-1151
-817
1018
-9551
-8857
-7500
-9622
-7560
597
-6008
2839
2252
-2823
-3038
-67
9983
-7968
-2136
904
5528
681
2588
-1083
4023
-335
-5516
2115
408
-7397
-6188
-6075
1158
9168
6464
-6953
-8596
-8503
8097
1193
-577
-4635
-5668
5793
-1181
8807
4196
7085
-3364
5784
4549
3470
9888
502
7189
-4861
-7305
7500
-9876
-4092
-2543
-8124
-9660
5581
7778
7594
6228
-7775
-327
9680
-9015
2694
5842
3099
-987
1786
3659
-245
-1848
6048
1106
6083
897
4671
-6793
9153
-6491
-999
-6663
7948
-914
138
6225
-3151
1630
9043
2968
4562
-6651
9040
-4415
-7592
-1392
-3343
1333
4156
-5606
4111
-4726
5213
-9534
3851
4689
2490
-8361
2811
-6541
-1426
9928
328
-6430
234
1517
-4854
5082
-2138
-842
5393
225
6597
-1131
5452
-7301
-6190
-9941
1138
8866
2727
-1382
8278
-6851
1755
5543
-422
1308
-2670
-4111
3473
8745
7589
-8013
-8303
9872
1858
-9348
6971
2641
-3582
-1139
-4715
2695
8286
-6422
9395
-798
-4038
4927
-8645
7187
540
9534
471
4437
185
6621
1750
9425
4351
-9750
38
4158
3635
-7526
-8286
-6682
8834
-5782
-9667
7111
7574
3813
-6270
2464
-9113
7900
-9875
1011
-4596
5975
7824
5682
7041
6081
-1862
8529
-6147
4092
-2155
2345
-9615
-647
2556
-8595
-1650
-1645
864
1193
-3201
-5848
3496
-2823
8638
8358
3786
7848
8401
-7036
-8030
-2169
2693
-1642
-1943
637
7999
-1822
6356
-2371
-1454
-1193
-4390
-618
-7309
-1544
5261
6181
5512
9857
-5527
-7254
-8668
-473
9732
-9027
2846
3815
3141
-5918
-8518
-1277
1155
5068
-2392
4079
5572
2363
-6437
7603
3489
6671
-7034
-2911
8341
2956
-45
8660
-3758
9857
2875
8234
-8218
1322
-9377
-5779
-1160
7861
-5089
8190
6636
-1385
3520
-2835
7510
8887
-5747
-7917
-2326
9637
-5914
-6177
-4095
-9506
-7975
756
-8288
-8441
2300
-7505
-615
7509
3618
8756
-4534
397
8502
-3294
-3690
-2349
-1819
7791
2479
7944
-613
5795
6909
1691
-3711
-9777
4807
-2466
6683
4150
966
-5111
1314
3509
3719
-5605
1987
172
9741
3454
9245
-7598
4567
1486
-7882
-9847
-6250
-3424
-5914
-8471
-4362
7406
-9692
-9225
-6480
-3666
4743
-7376
-5755
-4124
-5323
-3565
-2146
-9091
-4254
-3607
8731
4053
-752
3102
-1032
-6006
9505
-5997
3062
8671
9457
-9997
9609
3016
-4258
-3743
-4559
-8136
5210
1442
4914
-6006
1446
9390
-8195
-8431
-2742
1188
1464
-1152
-6064
7700
-6422
-4708
-2585
2068
-7837
474
7086
-8717
3761
-455
-5750
6512
6001
-6063
8549
3803
-5120
-7725
745
1061
-9061
2228
-852
-743
-878
3075
-5987
-3905
-980
-3370
9390
2196
8749
7706
-2127
1564
-3593
8699
-8005
-3759
-2745
-4799
3144
8898
-5859
8311
7167
1789
-5349
-275
-4631
7450
-7888
7594
4758
-7218
-8045
-8980
-7647
3336
1738
-3104
1727
7027
1698
7139
-8836
6176
5253
377
-7034
8895
-1177
8875
8990
-4531
9115
-8697
-2886
-7325
-3845
-6314
-7373
-7033
-8983
-7804
-1368
739
-2768
-5397
3503
-7683
4144
8754
-7289
5505
-5033
-3313
-1840
-5902
4493
-9824
9121
9323
8785
4375
-3504
-8612
8122
5739
-4757
5834
-7489
8383
-6210
-6044
7027
4048
9228
7037
7248
-2477
5983
-8243
-8439
-8897
-4631
5476
9948
2492
-1706
1078
-1052
9632
2195
613
6762
-8075
-5490
9984
-1512
4525
-7156
3046
-3844
-8096
-4145
7776
-5623
4506
3966
-3126
3443
7988
-9293
-173
-5019
-221
-8680
5317
3803
-9381
-1625
-1784
7406
6057
-727
-9496
8854
-406
7644
-1709
-5020
-8271
6131
1411
4817
7798
-9050
5005
951
-2047
1563
-9759
-356
3085
7123
-7067
700
-8419
8727
-4758
-9231
7429
-794
8854
8621
2405
5994
5406
8065
8829
-3651
341
-8409
9745
-5230
2047
-656
-7227
4534
4515
1288
2348
-2349
3465
5615
3399
-3770
5164
-1793
9134
-2828
4188
4454
-8570
-6101
2051
-6630
8756
-6744
9075
-8420
2720
-6185
-3219
-3843
8918
5615
-4658
-401
-3730
4933
8650
4085
938
-5181
-9446
4105
1132
6127
143
-2804
-1055
226
2517
4437
-5987
2898
-4163
3497
-9737
3871
6397
4689
-7296
-4463
-2732
-8952
2781
6912
-952
-7963
-9946
-1506
6769
704
-3818
-2217
6779
9407
-438
-8995
4851
-1991
2528
-3498
9132
2156
9517
8454
5417
1297
4706
3960
-3871
7755
-324
-4391
-7892
3790
7161
-7241
-2741
-5527
2327
1506
-620
4879
284
-6517
4580
-2585
-4022
2258
-8434
9545
-5439
7445
4287
-1375
1074
-4579
-1543
8193
8391
-5061
8345
1779
-6114
7481
9060
8742
3841
-1837
4184
3527
-1538
891
-854
-3514
-1101
-3410
9736
-8511
1312
2484
2461
-5787
9582
-9792
-6916
-9543
-5649
-1124
2319
6783
4442
2559
2822
-2557
9279
-1200
4796
5475
9165
4802
6994
317
959
3800
-6589
3330
-2843
4732
737
1014
6136
-2031
8438
5351
-7114
-958
-952
8702
5885
-160
-1661
-6475
5707
4069
4900
111
-1704
-734
-9393
-6452
-6935
-2796
-1468
-4130
-2099
7650
1938
-4541
4451
-3242
-1415
-1203
2218
-5831
-2543
-2007
7946
-745
-5376
9531
9107
5775
4953
2468
2882
6673
-737
-8402
-9650
9552
-27
-4773
-4990
9057
7441
-5350
8032
-9172
700
6433
-7127
-8832
2486
-5001
513
-9771
-831
3963
-6047
-7021
5948
3888
-9963
9747
-9233
-9492
-9632
5284
1324
-2091
5771
-3406
-2598
-3687
-5033
-2103
4733
-2258
6150
9799
-2899
-7857
8220
2273
-2286
-7104
2816
-3703
9760
-1266
241
-3095
-5504
3708
-6981
6959
-337
-6871
-9637
7606
1455
3100
-4543
-8182
