-6945
-7551
2226
4271
-920
-3517
7088
825
-5607
1362
-3048
763
-8056
-5430
4275
7457
857
-1708
-3594
-2520
4294
-1665
9516
2305
-5006
2604
3449
2334
6942
8522
9703
-5481
-1032
9324
-1741
5388
4732
2707
7637
-5328
-4100
6821
-6601
1951
-5071
8167
-7659
-8306
-101
5929
7576
-7020
-6719
-5181
5428
-522
7857
-191
-2405
-4865
-5870
-7572
-8021
-5824
9868
5299
-4999
-369
-892
4617
-4843
5338
-625
4639
6494
3594
1011
-8328
7473
-7154
-662
-7850
6083
-6372
-7985
-6600
1147
-3195
7393
6994
8411
-7565
7850
-6229
133
9709
-2018
9933
3428
-3077
9079
-5703
7112
5660
1656
-7608
-971
4211
-8545
-7681
-6973
-2288
4752
5550
-2862
-7822
6955
-9595
-1203
2416
7254
2988
-1085
5952
7933
-2592
-3675
5637
-9377
3833
-9124
-3844
2571
8994
7728
8215
7947
-3819
1309
1454
6497
387
-7771
1856
-3607
2151
-1704
-8503
-2965
-5181
-2277
1162
7885
5789
9845
-8262
-3253
934
-9146
4019
-6921
9531
-7461
3108
-7934
-6031
-9734
-8820
4294
4147
2077
-127
5743
-9683
-6733
-4678
5943
9902
6412
-1904
9705
9331
7166
-1820
5875
-2497
-1308
3818
3628
445
-584
1503
7750
4945
-1628
5884
-572
-2067
-2248
3092
7397
-3827
3481
2357
-279
9976
-7350
1499
9680
-7249
2568
-7601
8634
-532
-1776
7485
-163
-2639
-15
3203
-6774
-8289
8960
-9463
-4068
-2489
677
3936
-1710
7152
759
2352
-4368
8208
9494
311
-8839
5159
-7869
-5855
4661
7553
8905
6972
9310
-9360
-895
-5172
-9084
1212
-9829
7327
-4334
-5458
9125
-4848
3998
-5525
-4714
6891
2909
1091
7269
-2362
-8021
1527
4632
3461
-569
7847
-8866
8548
7443
7807
-1641
-2129
973
1696
-2960
4726
6178
-68
363
8304
2601
3041
-311
4706
-6440
539
4923
-934
-1602
8925
7121
9701
-958
-7244
217
7615
6484
2265
-89
5806
5666
-2604
-6747
2296
-700
-9558
9375
654
-9701
-5774
-2630
4670
-4020
-6423
9847
-893
-2673
1166
9371
4545
2305
-5059
5986
4200
566
1853
-2399
-8435
2973
-5527
-7591
9568
5827
2372
-3336
8388
3936
-9711
1815
1783
-8295
-6906
-2196
1934
6133
-8020
4281
8740
5956
6389
-7338
-5756
4518
-1542
8864
-8873
7344
-3459
8500
-9818
-1802
8789
-5806
-2520
-9234
-2835
-6693
-4754
6634
3188
-406
3906
6325
9271
-2882
-3901
-8197
-9675
6356
-8584
-4226
-1257
2549
-5497
-7301
-1970
-2860
1835
5980
5528
-3280
5212
7895
7328
-2226
-9756
-1393
-5712
-1999
-9697
8563
-6029
441
-2733
7175
-4809
9530
6579
-6977
-497
6139
-8708
6342
2668
-2169
8498
-3383
-783
-3183
7342
4384
-4382
9668
6160
6299
-4052
9068
-3511
-5159
-4348
-1329
2026
-4982
-4008
-1339
7509
-1979
5119
6525
-6954
9247
3108
-6693
-2593
4046
6502
8525
4611
-1144
8422
-7983
4349
-5975
2039
7976
1999
6783
9156
8381
-926
-4898
-6709
2805
7565
4640
2888
-9259
-9575
6380
458
9684
57
-824
7443
3750
4334
1377
-8454
3936
-1737
-1875
2640
4304
3448
-7199
6276
175
-3418
1320
-4129
9671
-6642
9465
5791
389
9548
-2181
-5052
-5472
7010
8060
5389
-1541
-434
1667
-7035
3953
2993
1672
2301
2416
8075
1451
9406
2767
-3973
-8770
-7960
963
-736
-5186
7720
293
-4680
7983
3954
-5157
495
6729
-6185
-8767
5940
2050
-4462
5469
3614
9371
-5960
-2057
2781
-4523
3329
-3824
-40
-9169
-1064
5223
9141
-5177
9625
-327
1927
3869
8257
-2559
-4045
-5396
7861
-2119
2881
7729
-9283
-3714
659
-1914
4161
3789
6111
-3744
9538
5888
-992
-4339
-1875
-7711
1548
-6524
-6114
-5294
-2143
5033
5338
567
-3846
-7651
1141
-7696
5861
1861
-162
-3813
6603
2591
-6442
-4402
-2287
-1052
-3541
-2650
6446
-2769
4699
4422
-8502
-3630
6368
-1134
-8616
-316
-8491
-4730
777
-1895
-3653
8904
5938
9695
-5194
-9614
6230
6555
-4605
-4434
-8848
-733
2446
404
-8927
-9679
-7592
7214
-8184
-3945
-769
3768
-4976
-4914
-9001
-9628
-2268
-1359
-3800
2847
7075
3012
3318
8643
-8348
6076
-6355
5495
4950
-8194
-4617
9977
5275
-7339
4047
-5400
-7475
-2951
7435
8533
-7386
-6534
-504
-923
-405
4032
-1952
606
1443
3804
-4210
8046
-7051
-7976
-9989
-4105
3714
6338
-7684
-8489
9222
1964
-5310
-9507
3793
-5142
-9362
2430
3698
-7834
4165
-3665
5358
-9391
-6571
2817
9842
-6936
-8386
-8274
4684
1771
1090
9798
5384
-8030
-2938
-5974
4502
4093
-7281
5177
-7980
7101
-3490
-8150
-8151
3660
9537
9333
-3281
27
-3184
-622
-7369
-9552
3441
88
-7468
-1399
3250
7949
8532
985
6824
7248
8951
-4944
9072
6877
-8499
5792
2184
-6852
9448
-5726
-3242
-2424
-5056
-2309
5215
7102
6937
-9004
-2457
-1198
7771
-3935
8525
3638
4351
-8951
-1635
3902
7916
-6795
-3569
-1219
-167
-8188
5459
-5691
-1380
-5207
-8632
2991
-1392
-4281
-2464
253
411
-200
-8724
-2007
-3017
-8077
-1115
-5277
5139
3603
3887
-6520
6743
4065
9421
-1002
4683
6211
2359
2712
4761
-6421
4611
-6249
-1556
413
-9085
6860
-4583
7820
-1048
6454
8075
-7541
9617
-8045
9926
-9613
-6173
-6759
-8461
2135
-5023
-5055
-1629
6061
6126
7534
-755
2864
9280
-8325
-7393
9279
-6711
-6315
7716
9500
8681
-1967
2329
-4601
-5063
8655
-2061
-5901
-6130
7352
-8342
-7842
2231
-9437
1412
-1116
7534
5730
5444
6321
-4496
-1911
7669
-6159
-2545
-4294
5252
-3489
7583
-247
453
7895
-1103
879
-5553
-6213
-4789
-8892
-4397
-9398
8571
-8616
-8090
1775
4092
7621
-6672
5151
8828
2776
3322
-5966
4860
3841
-8868
-7723
948
-4516
-831
-4999
9676
6575
3766
8721
1016
-3297
9877
7834
3081
1508
21
9118
-9339
-8593
8738
7986
-5548
-7164
-2555
2699
6056
2694
-8483
3163
5739
9876
-9093
-9036
-8727
5468
-81
2865
1246
3942
3103
-3991
418
4910
1843
-7016
-3672
-1915
-9597
-2965
1071
4729
-7299
4879
-954
3413
-3281
742
3835
-8724
-8216
472
-2571
9783
6290
-1582
1555
8925
5706
-2353
2023
2826
5992
207
746
-3337
6054
3521
459
-5852
-7783
-2560
-4903
-181
7265
-6743
-4998
-8710
-8530
7841
-6469
6093
1909
-8682
-9400
3269
-2629
-869
-9596
4097
3570
4249
-5383
2117
-8170
3102
761
-8375
-5658
-7144
-9014
1872
1866
4302
-9329
-4929
-9057
-9923
-1670
-4903
7906
8977
1126
-6662
-7725
1280
3880
3636
2337
6721
5413
-551
5801
5369
9913
1167
5130
-1328
-7126
-3691
-3969
1580
-8179
2943
-4981
397
-8710
-3014
-9211
-8605
-8978
2614
4406
-4022
-3219
5419
482
9576
6713
-2683
-5532
5816
4390
-5001
1006
7911
5932
5072
-8709
-8207
-3890
-3182
2415
7836
6441
8052
9827
-6947
-7738
3084
5512
-6825
2652
1002
-1458
1483
5415
-3559
-8545
6447
6199
7709
-1123
9409
-6787
3054
-4275
-6431
2899
-8639
4346
9257
5948
8776
5558
-2137
9876
-6825
9979
-1279
-7114
-9635
-6413
-2703
4875
-5184
752
5753
-211
6708
4864
-944
-8966
9028
6743
1586
1933
9402
-1876
8109
-3693
4446
-6332
2999
-26
427
-9749
6479
5000
-6458
8053
2515
-749
-6495
865
8953
2874
-7405
9787
-3747
-1899
4502
8854
-762
-9582
-4833
-9197
-9963
-5852
-2199
-3979
-4681
-8900
5989
7212
1896
-922
464
-4490
7564
-828
-4536
-7571
-7145
-3269
5938
-4693
-5267
765
82
-8922
-9607
-1154
9191
8146
-5415
-4742
-4745
4057
-9202
-3981
-7509
-338
1834
-2946
-5904
-208
579
7419
-490
2821
9968
4432
9520
-7583
-862
5967
-4846
4630
-9342
9791
-1721
-2203
-6681
-2752
4927
5703
3257
-1708
-5900
-8477
943
-3684
-5205
5218
-1445
3082
-3109
-2958
8661
127
9560
6471
-3503
-6081
-8902
-9532
8001
-3627
-5458
-4955
9994
-2327
1571
-2224
9683
1558
-592
2663
-4909
3263
2946
7613
-6007
-4560
952
7755
1283
-2522
2157
2760
4242
-7159
-2748
-8356
-6694
-7579
-4839
-1666
329
4624
-404
-7253
4155
6630
2028
4633
6178
9360
9531
-6139
8894
-2032
3045
-4766
-3258
5557
8318
348
-2406
6206
3595
5873
3953
-7831
-7871
-2439
2580
8575
1483
-592
-5696
-5844
-3929
1957
-8581
4302
8707
-9977
8940
-6910
136
7674
-1968
559
-3268
-467
-4811
-8170
-5097
1999
-4663
-8321
1788
4776
-2054
-7573
-4561
-589
8555
-8843
5635
-785
-6580
7065
3363
5136
-6699
-3599
-9821
-4040
-5240
743
5808
7419
-3936
8831
-2417
-6837
-7746
-6707
2923
580
-9080
-26
-4334
7026
-3098
-937
6744
6603
6661
7977
3685
7217
9946
-8973
-992
2508
8560
1742
-1800
-4813
1311
5024
9051
6270
-6632
-7044
-3893
9249
933
7741
9760
7836
4925
7649
-7373
7027
-4875
7488
2330
4232
-9596
-4286
-889
-1001
-1357
75
-4743
-8812
-8270
-1941
-1816
-7361
-5487
6742
-4254
795
7606
-8472
-7625
5403
-3053
2318
-3684
-5746
7295
-1734
9255
8573
-216
1862
-6313
-7148
-5109
6618
-2435
2125
444
5923
2351
2043
-7788
975
-7200
371
9675
-1573
-7968
-3701
8932
9118
5051
3935
-505
6065
6234
8753
3990
2649
5001
-2026
-919
-7501
2724
7529
3013
2990
741
1106
-2988
3129
913
-4971
8849
1552
-785
2262
4416
-2322
-8548
3608
1202
-830
-8499
-8403
4404
9190
-6158
4286
117
-4012
-1458
7136
5728
2489
-3047
4051
6406
1219
-9664
-267
-8569
-8450
2789
8862
2108
5144
-3744
-2615
5758
-6641
-1399
4897
-5056
-6354
-3811
-7011
-8624
-7928
5693
1246
-7815
602
850
1207
8109
-8302
8010
6761
-9273
3046
7674
-5692
-3727
-5767
-4646
-1287
-5021
-5660
-7285
-2101
-2600
-9571
7618
7094
3168
-4503
-1294
895
-697
-4023
-1765
3400
-2951
6400
942
-6592
1577
-7084
6735
9903
9317
6887
7497
7260
-6153
8551
-6152
1099
-7081
7607
4498
-7726
1640
9782
-7613
-6918
-4171
-8311
321
-1132
8057
4547
4538
8969
5312
-5434
436
-388
4104
9773
78
-9474
8607
-6192
-9169
-3044
-6196
357
-5618
-1277
-4120
-1325
-5676
-2570
-3226
-3716
-6767
9756
3977
-6460
-8646
2488
7394
3026
-97
-9424
3053
-2035
-3445
-3590
-1988
2621
-8044
3811
-2678
-6110
-3352
-7468
-6640
-1716
-8370
3410
-4604
-2776
5041
2418
-8577
-7501
9908
4950
9352
-1837
4621
1673
5914
5359
9449
3928
3496
2372
-8124
-5240
4161
6785
7640
570
-1259
-9518
-2443
621
1904
-3943
-5401
3009
8135
1134
-7709
-3794
9179
-5854
9779
-4138
6510
-320
2560
-4170
6837
985
207
626
2234
-7398
-4735
-1325
-8901
2069
-3979
-7535
-913
4274
5122
5047
7257
-6265
1193
-7932
4499
4378
1019
-3454
-1546
-6822
4035
3683
-8031
327
-5158
-4551
-9000
7430
-7782
-5350
6251
9057
2081
-8628
-9726
5696
-6015
5563
-5684
1303
-5010
-6577
-6319
-7176
2524
43
1704
5544
6914
-16
-8460
5469
4775
7822
-1568
3040
3410
-1621
804
9189
-5071
-2277
987
9334
-2176
9126
5028
-9058
-7911
-2387
-6138
9461
8228
4290
3339
-9725
-2576
7948
5003
2930
7455
-268
-6117
-6190
-2183
-1973
7458
9671
-9005
687
-1753
3120
5299
-4297
6921
3287
9728
-1308
-545
9181
-7191
-3979
-1607
465
-5640
9594
-2411
-7469
8358
-1137
-9880
8271
-5935
7902
9393
8543
-5341
188
-3609
4928
4101
6142
8679
-8807
-501
7955
-994
-5257
-3177
8861
-1554
-7155
5992
-6519
-8820
6041
-5902
2487
8578
336
1047
-9244
-5355
-8310
7517
-391
8614
-2090
7179
9692
-9017
-7944
6917
2995
5798
6180
8385
-3992
-594
-5317
8399
-5862
-4758
5050
3176
9708
5751
8638
-2271
3954
4599
-388
-8335
4345
7247
9732
4378
7448
-8451
-2855
5404
1015
-4928
-6044
-9667
-9775
-8549
776
9616
-8431
2448
8348
-7193
6741
1464
-9336
4144
-8665
-5639
4221
7403
4238
-1792
-9134
1694
-6639
-3715
6742
1281
3782
8353
8083
6421
-5710
9503
9328
-1235
8692
3638
9935
2154
3746
3052
-7556
5448
8377
-8664
9186
-5368
-4488
6845
-3825
-8252
1872
-4823
9463
573
6275
8734
9569
9813
-9541
-5177
836
4169
1732
-1764
5287
-6417
1729
-2904
-2019
9371
-7724
-3489
6810
-7591
-7658
-1633
-6401
-2552
-2448
-1447
-1660
6842
1002
-3658
248
3195
2356
-6080
3544
-9079
-4239
-6690
-9503
-3795
-1221
-3487
-590
9221
2421
-1756
-1167
-7454
4728
251
-1277
-5520
4143
4665
-1139
2572
7163
5614
2629
-1549
4548
-5418
-4627
8625
4003
8182
4099
-9117
-5565
7610
7137
-532
-9937
-1435
-1777
9560
8421
-1664
-8069
8205
-383
-6507
-5559
-3149
3217
9463
-5679
-584
-2552
-700
4221
-9866
7074
-8684
9081
5018
-3031
-9522
-8811
3691
1905
-449
-4661
-8121
-2726
-8834
1422
4074
-8572
-20
9481
2458
6846
-4518
3084
-8995
-4443
6509
7907
-244
2808
-524
7201
-6412
-6122
-7055
-4197
2886
-679
-3523
-5795
-5897
-6360
6591
-1551
7303
-7282
8339
-4868
-4669
4883
-5618
-1757
2878
3459
-8561
-1967
-2926
-3579
-5989
-9749
2430
-9469
-8785
-3537
-9675
5823
1422
-5833
-7622
2545
-1229
-5431
7318
-4859
-6558
5021
-9594
749
340
-2849
-2311
-6146
363
6232
3279
-9874
-1323
9389
-7730
8288
-4484
-7824
1622
-9574
-383
953
280
8512
1122
6074
9024
3019
-1126
-9334
9439
5420
-7992
2934
6539
4312
9787
-8813
-5671
1638
533
5103
-3855
-9939
-3036
5334
8428
-1221
9756
227
-8617
-1715
4442
2769
-9824
-4692
-1340
-3596
-7839
-4391
7675
-7513
-4875
-7574
3359
-5794
-5058
9823
8242
4472
7499
-6855
8108
7410
5597
-5198
-4329
9522
557
1635
4373
206
1222
7201
4059
8712
3838
5445
4154
-3917
4957
-1494
2941
-1789
4926
-855
-2529
2314
-2525
5743
2636
-7607
9049
-6639
-6831
3849
-7295
-3671
-8975
-1220
-2094
-9198
68
-7111
-5579
-7771
9216
-450
-9446
7383
-783
-3765
521
772
-4376
-4017
6321
1628
-36
7595
6791
-3220
-5365
-652
9988
-5692
-9906
-1058
4429
-8981
6514
-7365
-3345
4463
-1405
8180
156
2010
6960
5666
8341
8260
-7174
5739
-238
-546
1886
4110
-516
-2159
9221
6855
1071
-3513
1494
-7716
7025
294
-3367
4354
-495
5899
-3695
3040
7112
8063
5663
4566
-1244
5542
1027
6005
18
-4567
5013
-6902
2824
-3158
676
737
-3020
-5381
1733
-2992
6450
-1415
1061
-6712
5670
-6850
-7389
-9043
4507
5553
7238
-6116
-2482
-6805
-519
-9659
7485
4696
-714
3981
-4906
-6253
-6345
1975
-3746
4578
-922
-6456
1033
-9257
-8403
-1096
-8908
9949
-3137
-6279
1984
-3184
8683
-600
3420
607
7865
-5738
921
172
3428
-8667
9582
2164
-1708
-3186
2612
-2406
9594
-9836
-9548
-3538
8527
3109
6771
5797
3387
-1559
3623
1380
-5162
-485
-2166
6294
2112
3572
8662
6425
-7617
-9601
-4224
7567
-9788
-391
-4046
1380
6111
-7840
6672
8680
-6746
4727
-6996
285
-4334
-3410
-5740
8798
-5211
-2859
-7274
-1323
8064
2253
-8998
8267
8919
232
9211
-8651
5379
5087
9137
-8864
-635
8094
-1647
-6592
8204
-1382
-3644
-5997
4215
4938
-912
-8475
-2156
-5124
-5739
-4379
-1189
1858
-2577
4114
6484
4570
5062
-4439
-8541
7383
-1492
6548
3385
-633
-9769
6231
-5077
-8923
8897
-2027
2126
-5100
-210
6770
-7205
-678
7768
7164
-1638
-5040
-3509
3944
6858
-9742
5299
-310
-5664
8997
5209
2563
4110
-8079
9001
778
3911
4319
-6034
4240
-4008
3596
-8654
37
306
-6963
3095
-2933
-7637
-1905
4665
4710
3010
-2534
4899
-3006
4432
3878
-3870
1426
4332
-3312
-9238
-863
3356
364
827
-8600
-5489
7450
-1803
1320
2122
8116
7902
-4970
7351
-8456
6615
-371
3800
3616
9269
3800
1205
8993
-1332
-3955
-7716
-7744
-9479
2707
9277
-6383
6740
-1068
-5080
8423
1692
1726
-5029
108
4621
9911
7730
-5553
4127
-6873
-2385
-6622
-535
-1458
5455
6947
-1758
7249
2620
-510
-6172
-5809
-8432
4704
-7887
4266
-6644
-7058
7737
9538
-3018
9359
3057
-4896
3935
-5104
-1422
6425
-6770
-5522
5039
6770
3084
-4639
7447
7940
9522
9600
-4627
3158
-6409
-9922
9962
7732
-7919
-2160
-1467
8654
-5144
-2685
-5011
-957
5140
-3904
9312
8240
-6830
6760
-9725
4419
-4906
5863
9628
2371
6648
-3936
-1529
-6189
5914
-3500
-4984
6844
-3812
-2473
3137
-793
4011
-2292
7986
3146
8260
2759
-1577
-10
-7797
-8701
-5423
-9326
-6450
9429
5857
9254
1883
-2222
7708
-2911
-1876
2611
2862
-8908
-8792
-4008
2128
7103
-4366
3478
-7563
1831
-9336
1754
-6396
8014
4651
-6822
4661
4573
2019
7778
-4625
-3472
-366
-773
-6941
-578
8858
-3235
8593
4697
-1475
8428
5138
-2986
1013
-2694
4933
-5627
-9668
4856
-9301
2696
-7620
-4466
-5229
-179
7571
8253
-2652
-6797
-4200
-4051
-6070
6822
204
9913
-5946
4808
-8762
-6128
3434
4593
3558
6196
9353
-3183
1395
2599
-8090
-2829
1081
-7381
6529
1047
2107
6118
-4251
2360
-5891
1197
7614
-7043
-472
-4336
-6381
-5930
8693
-7517
-4227
1040
1042
-2727
6655
-6876
2848
1784
7354
-5213
5804
-2797
1440
2351
-6172
-9795
5232
-1405
-5040
-140
9829
-4764
-7089
-238
-4591
4397
-7169
-5313
-5923
-7892
-8576
818
-9328
-5104
6477
-6122
-4425
-9456
-8616
6092
-6227
4228
2301
2385
3537
543
-2935
9066
1235
3427
-8894
-2376
-4440
-6276
7807
-6893
1412
8075
-1219
411
-9041
6935
4973
-1724
3810
-6596
-7796
-3220
-9929
-8797
3803
579
2871
-3405
7416
-2405
8496
-4151
1504
4912
5116
-7988
-5155
4946
-5091
3394
-1864
-5510
-3101
4923
8180
5271
-8045
-8342
3525
4717
7161
-8953
2361
1198
-6139
9408
2652
290
-1342
-9532
8094
433
9963
8100
1804
4781
-3448
-8059
7655
145
9623
-1918
7090
-9854
-933
-6998
5262
-7672
4049
3663
5561
6412
2681
8782
2543
-1342
4239
7843
-3818
-3777
7197
-6874
4771
1129
-6481
1228
-5402
5328
8834
8142
-5142
7754
705
-4413
9920
5378
-4251
-3315
-9597
3669
-9309
-6581
8562
-4410
1266
5198
5156
6156
-5372
-3654
7433
4710
4911
1606
-5304
-2705
7931
-1922
6465
8211
-4394
-4906
-824
-476
-9123
-1164
1593
2064
532
2813
-5130
-6900
-5098
7932
-3306
9718
-6820
5770
-9550
-6417
-7544
-7261
-8521
-6690
2027
4535
-3031
-2990
575
1669
2377
-9283
-6238
9957
2947
3805
1989
6185
2899
-2270
-7667
-5962
-6860
6777
5202
7275
-2446
-8199
-7981
1063
617
150
5724
298
4975
-4391
-3449
-5202
9153
-4093
2948
-8835
1506
1846
-6241
-4898
-1753
7920
5658
505
9079
5214
680
420
-3378
-6055
4582
7863
-9390
8226
8213
3873
-6280
-2988
975
-9791
-670
5396
3474
-3059
4791
7296
-4297
663
-8479
-2426
7152
-8645
5985
-4229
-7241
-3644
6952
9012
882
3215
5254
-3268
2854
-3274
-6356
8617
-8898
-1504
5159
9844
9193
6982
974
-1015
2789
-345
7131
4956
2191
8562
9664
-8764
-8538
-8453
-9769
-2408
-207
-261
1117
-1601
2030
7340
9655
7654
252
2826
3767
5962
-7454
-8853
8013
-2807
3354
-2872
-5754
-3169
-3436
1585
5640
9176
-5201
-5351
-2855
-6967
3951
-5789
-2619
977
5188
-4585
-3926
7035
-587
-7031
682
4260
-507
1327
9055
-6007
1679
5543
9194
1409
-5503
5045
6511
-9378
4030
-3397
3320
-2903
-9230
8986
-3779
-74
-2355
-7848
-6867
3670
-4263
1776
-5769
-8595
-5458
-8608
758
9396
4580
480
-4239
2758
-4714
2293
-9355
1925
-5435
699
2510
7809
-9468
249
-2381
-3933
-8892
-3197
9729
706
-6858
4972
-8827
7801
8749
-529
8660
-6470
98
-1416
-7035
-1604
1062
8030
-3523
-9702
7255
1296
2179
4995
-3290
3650
9931
9833
-688
9814
8486
-333
922
-7356
9021
6763
6743
6058
-9547
6159
5922
7368
3424
-9262
1233
-3781
-3385
-6728
-9821
-9714
1551
-3593
-3561
-4665
2139
7405
-6278
7517
-2356
8941
-3405
-9758
5549
7625
-7185
9135
7574
-9789
-7207
868
1166
9744
6898
-9103
-1190
-18
-9045
7491
-8781
-394
-3118
393
1948
8694
4441
-6279
1800
-5185
6073
-7556
7602
-9741
-6528
-9242
277
-4933
9550
-7575
-6606
1784
9362
-408
987
-7795
7909
370
-5490
511
2756
540
-2792
-4859
7700
-9455
2272
9781
9673
-1412
-509
-6618
4188
6505
4581
2908
-1579
-9479
7095
2147
-9955
5181
3308
1617
2738
9287
-3892
2943
1281
-4427
3494
-8592
-7137
-6243
9621
2042
-1635
1373
8657
-1919
-4354
-1902
-9881
-8786
-9769
-8773
9108
-7055
7640
7296
-481
9254
-4545
6055
7161
688
-2738
-1664
-8557
6382
8226
4732
4183
-1129
7312
4616
-5565
2150
5518
-9603
3988
-9646
-2229
-5239
-5139
-4057
-271
-3993
-9685
-9719
-7201
-8793
9835
-4787
-4917
9697
-3855
1497
-1759
-6619
-3657
1106
6561
-9496
-5555
-1533
-9068
1280
915
5636
1485
2323
-3533
-4097
-4866
7727
4824
-4905
-1731
8926
-7674
-6799
-7683
5548
6437
8038
-6074
-9327
-8358
2166
-2565
-7927
-1544
-6082
3588
1971
-5514
-5266
8197
7299
-1648
-7527
-9564
-3803
1293
-4711
4347
5000
-6235
9195
2878
9904
9616
9071
580
3301
2509
5659
-8753
-5760
-4954
-9907
-1729
-1983
9787
-4209
1859
7330
-4672
-7204
-8429
6376
6882
3015
-4004
6481
-7413
-6872
9994
7812
-3217
-3383
2285
2346
9501
-2815
-3380
-1468
9004
2393
2311
-6458
-5224
7446
-2968
-5350
4433
-3031
-3777
6201
-4906
7416
-7776
8501
-280
9498
-9799
-1118
3089
-4556
5697
3518
-5455
2048
2673
-3763
7218
-4786
-1342
-637
-6355
-7887
4276
2983
8768
-2645
6332
8796
6364
-4892
7176
9634
-4242
2334
-9189
3303
-3415
-6874
-4063
5401
-8648
-1698
8059
-6737
-2238
-2063
3001
2212
6848
2108
-8187
1062
-7174
-1882
-4298
-4725
1938
3161
8668
9066
2645
-5606
-5939
-4185
-3688
3973
941
4050
6278
-1550
4854
6438
6949
-6124
-5419
-8270
-7397
2911
2535
9883
2941
8867
1599
-3794
856
-3854
-5881
9197
6878
3482
-816
-2986
-5088
-4553
6841
253
-9986
-7330
9469
-70
1231
8960
-6759
-9193
43
3702
8326
230
3791
-6155
2756
4913
9702
4710
7470
2770
4730
6493
-2663
-3990
-7434
8186
8739
9136
-7125
-6356
-6278
-7311
5261
591
-2463
2572
1135
3205
-2305
3375
-8561
-2037
7967
-9306
-1856
2247
-5527
8149
846
1225
2008
-3333
9019
-6678
4676
2158
6726
4531
-6749
7147
-3728
-168
-57
5946
1958
-5280
4311
1818
-7614
913
2365
328
-2146
7494
-8753
4579
-4542
-2176
-7842
3723
6009
4292
8142
-9217
-4229
7972
-9621
7965
806
7627
-6754
-4207
-382
-5098
-2990
-953
-1577
1123
1448
-6648
1981
-2453
6094
5025
-2348
2770
-4173
73
4430
2579
8568
2736
-2787
988
-6682
5191
-3349
-6256
-5968
8576
5164
-6466
-4293
2987
3795
-9621
-1556
9614
-7284
-2939
2678
1903
-937
-818
1332
9032
-9504
3285
-2568
-3216
-86
8555
-856
1904
6949
-3697
466
-7658
-2461
6757
-3027
6672
9624
9391
-5416
9770
-3986
5992
7933
8330
-2831
5400
-4708
7944
-7658
705
-7996
-6223
7244
7333
1207
-4409
-981
-4746
-933
9883
-6210
-1425
-5195
5160
-897
-2631
2581
8397
-4864
7685
-2605
-9291
-3429
1351
-8166
8907
9781
7263
-3492
-493
7231
1298
7886
534
-5507
-7680
-8845
965
5691
-825
-7395
3824
482
-4664
-7118
6250
-5396
8167
519
8925
-9226
-116
5259
-5161
280
-9147
5450
8721
-8070
8961
-6417
2784
-3371
-5308
901
509
-438
4694
-2034
-7650
7955
-8254
-51
-5179
-4946
-6846
-2424
-2867
-1191
-9794
5700
-8525
9733
558
6244
5017
-3795
-8685
-3659
4673
-9958
-1177
3011
-9385
5706
-6641
8261
-1775
2738
1763
-5666
2981
2140
5733
8450
-7408
9617
-1114
-1034
-6735
-4982
-2408
-9331
-6572
-9793
-2769
-953
1640
9395
-3095
-6908
-8423
-3289
8671
2351
-5647
5558
-6321
325
2367
91
-4507
3621
-6084
-1946
1023
-6667
-3596
2902
-7358
5855
4584
6241
8079
1656
-300
-764
3418
-3644
-4948
-4935
-8796
-6201
3480
2307
3900
-2773
878
7326
-2730
-4489
-6084
-8480
-8338
6781
-8478
6654
3815
-9294
-8157
1391
8649
-425
6620
-5304
2081
681
-8243
-2687
4324
-8012
-6228
6337
-4362
-8189
6369
2468
4421
2254
5820
-3762
-9588
7281
8110
5207
-3534
998
3121
7253
-9328
9503
-9412
-2618
-5241
6008
6250
-7535
-6868
-6813
9154
6723
5495
-8906
7832
-7245
6266
-7993
-3367
-4868
3406
5084
2394
7720
-9721
-1823
745
2097
4948
-8255
-2734
4689
-9679
-5636
9647
3159
6241
6493
-8499
-2054
9543
-5643
5961
8218
753
1459
2154
3334
1854
-8039
-7947
-2497
-621
4809
-2428
-8163
-6698
869
3679
-2833
-3821
-1464
1759
4432
978
-5475
-3904
-9085
4606
-4030
-3350
-5997
1520
-3359
3948
1784
5985
-1406
-2760
4711
6514
-8999
7095
7131
2186
-49
6509
3595
1280
-2041
-5777
-2393
6564
-5038
8349
-9696
-7969
-5269
387
1450
5082
9804
-8673
189
8935
1188
5133
-9192
2933
8444
-4997
3495
-5086
-9909
3098
1081
-7286
3158
-4461
-9951
1092
2860
5681
-3559
4305
4296
2562
7971
-9733
-4442
-1371
1730
-5247
-4530
-9643
-6321
-4572
-2233
-9194
2511
5641
-758
-5022
-7144
4236
5053
-2247
8771
880
-9127
9989
-8177
8220
7100
-2609
7386
-3529
3024
-5012
-2939
-2317
5523
5008
-1695
6014
-1637
-4187
-1411
-4275
-5667
7025
-6052
-5814
-8682
5988
-8212
6988
8681
339
726
1369
4425
1128
-3690
-4666
-8435
671
6498
-1108
-7747
-3354
8487
-9415
9540
-6057
7526
7215
1404
-3143
-8638
1580
-3171
-7263
-7371
-1207
-1504
9070
-6044
-6839
6879
-7588
3682
393
-8886
971
6480
4252
3801
-947
2565
678
-2597
4011
9662
-1072
3703
-2965
-3095
-8133
6439
7286
850
8701
-3873
9025
3513
6916
-5344
-138
7723
-3502
-8376
-4349
-5193
8530
7793
6145
4468
-2183
-9370
-6257
6384
8081
-619
-1205
-8563
-2557
-5118
9917
-703
-7361
5295
7372
-194
-6248
-4549
6981
-8725
3901
8115
-1993
3447
-8168
-3076
-6245
-3934
-8655
-1069
7456
-8850
6986
9114
-1415
4748
4182
-5182
-6320
-7112
-8909
5515
9176
4993
1006
8348
-6841
-5941
9236
-5683
1272
2555
-3204
-8874
1130
-5353
-6096
632
7068
1532
8915
294
-7731
-7304
-6617
-4476
7474
6681
-4125
9408
-472
-2695
305
5644
8514
-6928
-1425
4646
-3905
1076
-1290
-6075
5573
8765
9641
-3044
5367
374
-9921
-9455
-6772
-3330
6915
-9388
4082
-8706
-4095
-1273
240
2565
-5223
7941
5369
788
2456
-9556
-2702
-2660
-5817
9288
-2948
2675
3839
-3239
-6349
-1319
977
1256
-6072
6436
-7054
4498
4134
9026
1388
5304
5696
-6466
-2309
-7790
8828
-3882
4317
3408
9904
-5389
-9444
-2972
2709
-2693
-9216
6435
-1276
-6425
-9084
-5951
6590
29
-1512
-7606
724
-8658
5431
-3072
-4014
564
-1612
-4898
8269
738
9163
-8860
-3220
3839
6321
-2940
308
2643
8040
-9557
-4308
-2440
7277
-3220
-3812
4783
-8447
-8969
5726
9194
1543
315
4377
4774
-2528
2118
7966
4050
5240
4946
-463
445
-1001
-1403
6757
-7144
-1981
7271
-7796
4495
-2637
-6148
-5619
6437
7996
4287
-7195
-9089
358
4722
-1102
-1777
-3191
-119
-2348
1656
-8081
9719
7159
-5171
-8914
-4272
7593
2858
-6121
-5398
-3282
-19
-4238
-1248
6056
-2920
-526
5621
8165
-5135
-6383
-6341
-2616
-309
2030
9188
9505
-1857
1112
2081
-6480
-3755
4822
-5877
6320
1557
-3855
-4889
-616
9330
-3760
-2864
7711
-6154
-6320
2393
-2038
-6101
7493
-4865
1259
-3590
-1579
1813
-4153
9257
-9981
506
-4299
-724
1028
2042
6019
9596
4724
-122
-1169
-926
706
-9712
-6941
-9006
-9473
-7547
1798
1333
4964
9702
4459
7
2937
7974
-4878
3158
-5965
-7983
-8418
849
-3191
3795
-198
-9150
-6327
4929
-7353
-2580
-5979
2485
-9456
-6809
4761
-4988
-7709
2785
-1401
-9509
8222
7921
-7711
-8301
-7221
-2671
8720
-9298
-2163
-2080
-8918
-9695
-3515
-5825
-3870
2508
-1949
4800
8153
-1477
-516
-4748
-2183
7614
-1162
-9019
6350
-8278
977
6500
-5648
3781
3515
-8709
9387
9873
-7130
-6762
6655
-4771
7117
-6313
5996
-3942
5595
-8127
-8577
-7707
-6401
-6332
7588
-1466
2668
-3855
1213
-8742
5968
5490
-3242
-6917
2304
1743
-8805
180
-1856
-9545
-9628
2036
-9644
-9579
4879
-635
8476
6677
5152
-2884
3639
8318
-706
3825
-2255
-5085
-5202
-3279
-7493
-6445
-2492
-7548
3695
-6533
4579
7802
-7203
-647
-9932
7995
4792
-4461
-5025
6683
3977
-35
1287
4604
-5979
2048
-2721
-3870
9949
-5784
-9271
8085
-6524
1316
-8689
-5420
1969
-2801
-6901
8341
8240
-8040
6311
-3509
2593
7502
2914
-804
5764
-4606
9717
-4209
-9769
8567
3120
-7928
-3255
-2312
5967
8434
-1459
8095
7433
5358
-1042
-3730
-2798
5858
-6590
8126
-9636
3029
-4503
-9347
5221
-8413
-1896
-4088
-1905
-585
-8390
-1406
9308
-7287
-6960
-9040
3574
-7382
7442
-931
-8148
-557
9659
9326
-7176
775
-8247
-3470
4121
-5559
-2121
-8690
-3772
2646
-1517
-1243
-5020
-8830
-5432
1838
9331
4997
-511
-8044
-4327
-7505
-7958
-9780
-9051
7870
-5818
-8654
9207
5306
9980
-3764
5695
2420
4186
-4026
-916
-7912
5722
2694
2306
3120
-7859
2565
1914
582
-1928
8645
2120
-3603
-4463
8393
5752
-5610
-2312
3448
-477
-6326
-146
4215
-8180
-3263
2024
1191
-5421
9593
3397
7186
-9697
-535
-10000
-7632
-9632
-6624
8516
1231
5321
4698
491
5082
6646
-674
-8305
5389
-8022
-2377
-1901
1428
4650
8997
-6722
6849
-2277
-8931
-6081
6160
9222
5300
7497
-1178
5161
8603
-9477
-2569
-407
-2560
-5138
928
-5462
1992
9720
9479
-4801
978
-175
-884
2206
6481
1551
2493
7949
753
9995
-5044
1026
-9673
-8593
6542
-8934
9222
9411
-5785
-6293
8885
937
-7322
3112
-3752
-4984
3816
-6763
-5363
-1025
2617
-785
6045
7193
7447
-1528
-9891
-2299
878
-2989
6617
8714
755
3497
6596
8801
-7184
4627
8491
-71
-7920
6085
-953
-8728
4737
-4651
-3170
9380
-7938
5590
-5573
-5772
631
-2588
3329
-9625
-6204
-944
4990
4901
7471
-8427
5582
-4427
7333
-8844
-6106
-7876
1159
-7790
-241
3297
-9160
1745
6836
-1747
6358
893
6857
7104
-4599
-3229
901
-6866
3748
1497
3262
3682
518
-5484
-3642
3013
-3406
-2513
-143
3256
4087
2677
-1940
7571
694
8200
9666
6949
-9734
2184
2410
6315
-2861
4663
-1371
4546
2830
4863
6033
7354
6071
-4742
-9702
-4862
-8828
8001
6836
8839
3301
-2299
7281
223
4929
-5806
-6288
-7835
1168
-6459
7024
-6501
5161
8228
1492
4687
9639
-7822
-5738
-2910
6520
9350
-5135
5081
627
8668
-541
-6324
9658
-7411
8003
-3488
6873
5013
-3486
9829
9899
2598
4510
-5249
-4919
6929
8352
7452
5535
-5475
-328
5609
7827
-5367
7916
-8592
1179
-4755
-2493
8580
-3626
2732
-6589
-4649
8833
-1597
6283
-115
6454
1896
3084
-8357
-8333
3235
-6010
-3708
8122
-9877
-6122
-4779
2337
-8015
-4858
5707
1622
7414
1106
-1680
1693
-9003
66
-1744
-915
-4708
-2557
5777
-8951
2020
-7926
-3475
-6754
-5850
-637
-3919
-6649
-5966
-5466
5605
6897
-6648
-1735
-1023
-5168
-2013
7183
-6778
2475
6766
7801
-7213
574
4348
7507
-9899
9731
-820
-7853
-3906
6953
9420
-6499
73
9145
-6317
5770
-4542
-5174
559
1808
-791
3933
5923
-9534
3904
-394
-6081
-1896
3028
6377
1908
-9809
2779
-984
-8821
-1285
4465
3930
832
-45
8966
9278
-1432
-6250
-8746
-1249
8534
-7829
2867
-654
-1913
-4835
-2257
7529
-1250
2246
1326
-4485
-1712
-161
-8904
3464
-6005
1960
-8506
-7028
4086
-1094
-8075
3133
-7682
3050
9417
6150
-2571
-9288
-5195
-7080
-3588
-6950
6030
-2751
-6425
1621
-76
9027
-9319
-8466
-1526
-4338
3823
-6559
9430
5255
-8051
-3175
-9147
-8920
-26
-6221
-2836
-7121
2655
1795
2600
887
-6210
7157
-1285
4480
1498
-2715
5604
9180
-9255
-3773
1964
-4138
631
-9051
4452
5598
-4041
-3150
-5065
689
-114
-9260
-2704
-8870
4547
-960
4166
2253
6387
-7270
3531
-6163
-2923
6735
103
-8943
-6853
-1348
-479
6730
9015
9708
2580
-4531
4596
6511
-3248
5958
7049
-8857
7372
7423
1181
-6819
5825
7818
-3532
8273
7510
-5367
-1184
3350
8220
3735
-5393
-4099
-5692
1786
670
1536
1634
2693
653
-834
-1721
1492
720
9166
-601
8783
1654
3354
8871
-7519
-5964
980
-9396
-4917
-906
-2333
828
-2332
-2723
-9247
-9471
-9620
-1204
8238
1044
6084
-3657
-2345
5629
9552
-3216
-3349
1878
-125
-8279
8020
-3188
7331
-8821
9259
-3756
-3946
69
-9689
9025
9028
-1605
-6748
2626
-1039
7136
-1604
-608
47
1934
3127
-5902
5295
-5169
-7321
7541
-8606
705
-8028
331
8352
-3197
-232
8251
5191
-634
6404
-6598
-1463
1451
394
4016
743
-7725
5221
-5833
9354
-8793
-3676
-2150
643
-1411
6105
4180
8474
7682
8775
-269
-6563
-1693
-8186
-5681
-5672
9798
-1078
-2691
8307
4917
775
-4141
-4561
-9138
-7411
-7012
4984
-7078
-8119
-8965
5671
1908
-3369
-5503
-1900
6895
1216
4604
-9828
-5387
1186
-7475
7984
9079
1203
-9273
-1436
4386
-1721
9534
7222
6607
-9513
5082
4457
1782
7902
-7738
-5429
-5126
-8742
1877
7470
221
7306
-4903
-4635
-2259
-813
-674
1428
-1384
-3153
-4452
3808
-7438
2
7110
7157
-4869
2159
-5017
-3544
7927
232
6276
2681
-5387
-9710
9274
-6297
7105
-2243
-6150
-1036
-7096
-6644
-6665
-9800
8064
5847
7713
-367
942
-8660
4930
-1165
3056
-7082
-5406
-148
4771
4205
-1240
-8195
-4058
-2394
7014
-3497
-427
1644
-5662
5072
5865
8808
6281
-2249
2907
5829
-5843
5363
4012
5360
7423
1074
8149
-6045
7621
400
-7974
7747
-9420
-7435
-2380
-6277
-7931
-4433
-8769
9862
-8955
6478
-9501
4845
8856
-679
8511
-7274
2905
-9125
-5743
2517
7115
4066
-3907
-9614
-6242
-7587
-4786
5011
-1565
-5366
9845
4073
-8528
-8891
5577
2216
-6603
3588
7831
-4586
-9411
-1587
9912
-3988
-6623
-2708
9790
3681
-7756
-4738
-2961
7406
-2882
-9567
2528
-6834
-3569
6209
-394
338
4995
-239
-8355
2232
-5800
9575
-4819
-9429
7724
2554
-9729
3188
5534
-7946
6868
8466
-2513
-6727
6716
7967
723
4301
-7349
-2276
6504
5895
-446
6151
4895
-1134
5738
-2410
4115
7305
9776
-7578
-8216
9033
9734
-3451
-4898
4944
-9470
-8508
7977
-6259
7873
5346
-761
3454
9826
-1492
-586
5758
2158
6548
5864
7807
-1846
-5181
-4701
8160
9607
-7902
-4423
-5858
-4528
-4379
6705
971
9525
-9932
-5966
6745
-4303
-3160
4842
-8698
2905
-5876
-8677
2907
-8735
-4057
4294
9119
-2231
-625
357
2359
-9153
-1142
-9261
-9612
6449
1589
7393
5779
-8655
-116
314
-9543
2366
8533
5623
-5479
6438
-9937
4114
-3322
-2984
-2987
-5495
-9983
-403
-6281
-6992
638
-8225
-9660
-7416
6285
-381
3293
-6673
7541
4209
565
-3912
7057
-460
3694
8292
6388
8197
8360
-1684
-9579
655
8823
-5974
-6960
-4626
4252
-4458
-7473
-3725
7305
-8399
-9293
3895
5641
-5835
2885
-5058
-6917
-6554
-6472
3828
4629
3122
3032
-9144
2273
353
-1175
8906
6292
2746
-5339
-1028
-9654
5782
-2627
3757
6053
4211
4691
-6864
2243
8967
-6523
-6320
7544
-9437
-6743
2376
-4992
5793
3723
8719
9467
-9468
-6020
-8446
-9875
-8982
-8845
-3972
-2291
-5095
7353
-173
3870
-842
1267
-5578
3086
-9998
-7864
-1992
-6780
1922
2315
2581
-2119
5192
-6517
-9851
-5357
-6017
3735
3956
5041
9223
361
3383
-1447
994
7346
-1512
7751
-7115
-3165
7430
-5427
-974
6695
6440
2622
-5793
-1735
2012
-3621
-2621
1546
5096
-9184
-2427
-8913
9732
-7529
4365
6242
-4812
-2653
1978
-7337
7193
8883
6581
9675
-6092
5997
1796
-8417
939
4930
-7854
7572
-2225
-3790
2250
-8128
1041
-5156
4831
-5737
-8840
-9315
-9612
-3694
-8112
104
-6484
9531
-547
-6194
8403
-5140
-4120
-405
-4361
-1385
6734
-587
3213
1220
3788
-7921
4750
5235
-1257
-3281
-3050
8169
9745
2035
1988
-59
1503
5688
3509
-980
4091
-3447
651
-7534
8823
5567
6318
-1638
7357
5259
-4289
2211
-5057
-8281
5368
9308
6722
10
-3423
9127
-7272
-8167
984
-3108
-531
-5080
6482
5591
3533
-3676
2104
-4517
-9216
5663
-5023
-4710
-9189
-9808
-7016
-2571
4932
-2076
3615
7355
-9068
7897
7974
441
4985
-7678
-594
4073
-5838
-2547
3333
-4304
8662
-8051
-177
8178
-5710
-1867
8787
1040
-5365
9329
9171
4223
1697
-8536
-2910
2932
7788
8655
-5686
9002
5124
-2532
-8796
7894
3341
-1054
8022
4937
9123
5828
8017
-8897
-1770
267
-6835
8948
1494
-5913
-3887
476
-3574
8552
-6920
2980
8601
3855
473
3133
-7844
9850
6226
-6583
8850
-3259
3476
-8102
-964
1148
-1933
-7133
7655
8407
6073
-1438
3983
8604
9962
-5426
-1994
7690
-9800
7657
-3918
-638
6219
-453
9955
-7621
4811
-4974
-2224
-4607
-1700
4982
-1309
3197
8805
-9742
-2292
1417
-647
-3015
-764
1373
5686
6493
7332
-7096
-7223
-2253
-7979
1800
2790
-598
2660
-5387
4420
-4262
-4084
2190
8865
-9879
-958
-2042
3953
940
9004
-1105
-3231
-5306
8128
-4176
14
-7512
-3114
4652
-5865
2458
9455
-6784
5176
-312
-2088
1152
6569
4076
-5375
-3986
-7694
-4807
-7089
3039
-6928
1638
9461
3271
-5496
-3436
-5362
-8165
-9918
-4242
-2373
2006
1321
-204
-2850
1256
761
4998
-5593
-8846
-8100
-7243
827
-6109
5488
-5924
-5143
-9168
-6034
-6562
-5748
9387
3108
2532
3661
825
4742
-8242
-259
665
3524
5933
1597
6548
5807
7535
-6896
-980
9229
4258
8825
8711
-7236
-5243
-4396
-2179
9398
-2601
6085
4343
4515
-1765
7285
6001
1799
8255
-7848
-4955
-6448
-7499
9823
-7294
-9307
7408
526
9111
-9060
-1470
-8624
-283
9225
7210
-8980
5924
-157
-4098
-6671
-5295
-4509
-1737
9863
-5103
1323
2972
-9008
-9289
1927
3563
-8181
9849
-8313
2906
-1042
1129
9996
6789
5659
-8262
2857
3969
3184
-8084
162
-9630
-8262
2414
1696
-6816
5553
-6315
-8415
3719
-8604
2065
4009
4721
3799
-7809
-6596
6051
3580
6225
7309
9978
-2651
-1406
-2127
5292
-7558
8006
9824
8770
-9480
5260
5541
2560
-4248
-6879
6430
-4496
-385
-2971
9936
7749
7466
4841
-7064
-3140
-666
-1659
9720
-6555
-8926
-6842
-4767
-6831
-9485
7015
4784
-5663
9592
-8329
-3731
-3521
4258
8663
7004
3803
3747
-6167
-678
1875
-1960
-6321
-9940
8392
7931
918
8215
-9348
8884
-2766
-7064
5266
6788
-9788
-9360
6252
2144
-7840
3516
-9970
-5350
-9917
-75
-7797
-4905
-6534
9285
-6685
8074
-7401
-7509
-1637
3333
2048
5687
-2482
123
-4953
-8670
-6820
1484
-379
-3300
8736
9544
-930
9541
-2468
-3539
71
7182
2152
-1048
2525
297
6284
-8114
4482
-2974
6459
-7748
-8944
-684
-3641
-9735
-9512
3211
-378
4491
1030
4782
-7804
-4660
-8482
-9638
5448
-3068
6769
6146
3184
1931
-2390
-5453
9864
-4372
5823
9466
7829
-9657
-9290
-1936
3482
-2753
2290
-2929
-3614
1592
-2533
-9238
-9681
-9199
447
-3478
853
359
-496
-1231
196
8981
-9239
-9199
-782
846
6416
-7681
3955
9309
-1186
3606
-5796
4755
5290
7376
-4365
5363
555
4339
-6226
-4930
4538
-2081
-6680
-287
-2470
-5960
3090
2095
9360
8704
1246
-8975
9285
2108
1658
9118
-1389
9285
-9224
279
-4775
2490
3348
-5329
-1909
-5519
6215
-9870
-793
-9175
7926
-2144
5790
3057
-2540
7252
-2792
-3129
5421
-742
-2143
-9935
-5936
-3903
6386
4281
-8036
-562
-3476
4671
-5811
-9157
4067
-7486
9599
6073
8035
-1306
9945
8232
-4988
-1682
8299
-5261
-5577
-7020
-9896
-7451
-2583
-3487
-1841
1542
-4707
7940
-8556
9026
1367
8138
-3192
-9101
-3694
8803
-6466
9869
-9061
-516
-1278
8007
1536
-1226
7366
8433
3147
-4689
4567
8581
5632
9289
5001
-8406
5294
-5298
-3775
-731
7512
9314
-121
-8413
5938
-4633
-4857
3538
4096
6864
-9847
801
8169
3112
-1891
217
7153
3646
-3340
1609
-9494
9298
-1528
6258
3589
8754
-5698
8615
-7248
-9211
-7797
8421
9602
-9328
-1589
-5849
8014
5513
7230
7823
-1489
-9307
-2003
-7373
-9038
6833
-7526
5131
7215
7990
-4519
-5761
-6788
9456
6946
-689
-2068
-866
6142
-6179
-7610
-4822
591
7832
-3205
-9266
3683
2856
1739
-20
-9688
9357
-540
3444
7017
-9027
2019
7969
-1166
-5
5194
-5553
-832
-6728
2947
7731
61
-1045
-154
-36
1184
-3034
-5096
-9512
4429
1455
-7398
-5677
-8461
1745
9193
7514
-7080
8836
9846
5898
4208
-5931
9390
-4368
5619
8836
-2951
8625
9953
-147
8408
-1365
-3474
7833
6765
-1109
9329
-6135
6343
3451
2395
8578
-8474
4741
-6783
2661
-4614
-3292
6099
-7891
6026
2336
1845
2760
-5263
-557
-5782
7100
4224
7795
-1784
-8983
6014
-661
8924
-4492
937
-7755
-773
8710
-1156
-6486
7743
-8874
7336
1322
6935
1958
-2520
-8673
-4842
-8904
-1633
3599
-7809
3594
-8808
-5889
3369
-7698
-7017
-3950
-3075
-2331
959
2735
7929
-9015
-6547
-4432
-9678
7308
5077
-9187
-5917
-5513
4031
836
3446
-5201
4989
-939
-367
-7000
4567
2203
8322
3015
-804
7411
-6213
7928
-1679
-5416
-8560
-598
542
8450
-5131
8268
-917
-8034
6413
2854
3340
4527
2677
-9895
-6012
1354
-3033
5963
2237
-4143
8981
8901
7618
-1929
-2378
2304
-1151
7783
-4612
-1359
-7438
9845
6122
-2083
-9591
5004
-6042
3709
-1580
4213
8772
-2129
-7093
6771
-5153
-718
2578
2586
4412
2334
-7546
8387
1781
-1042
4644
-2475
-3740
-2194
3659
951
7576
-4980
-4075
2281
7992
-5821
3590
-5138
3296
9496
-8149
7471
7870
3281
-7499
2726
-4411
-6646
-6781
3194
-8888
7136
209
-4835
7824
9581
8060
3448
-1901
2222
1459
1406
4891
-5260
3818
-4668
-8958
-582
1326
-2621
-9794
4371
5050
-4647
6183
-5038
8536
7269
6219
1141
3810
-3400
5376
6614
-8957
-1011
-3982
9350
-6375
2538
-358
-5076
7588
-5587
9349
5821
-986
-6142
8659
-9935
-8213
1812
9403
8905
-7969
-8743
-6289
-8558
9876
-3454
5979
-2670
4701
4418
4180
5049
-5952
3833
-4419
-3567
-4536
1728
6396
-5833
-5820
-2188
3862
6952
-2299
4441
2673
7955
-3589
-1192
-7705
1032
2768
5467
7843
-8652
3109
-6775
-9279
2883
756
7952
-6335
-3808
3232
-5534
-4021
1211
7698
-910
-8538
3292
-1020
-2224
3693
-5260
5876
2006
7678
-6898
8114
-2393
7017
-1879
-3314
-8308
8598
-662
1170
-745
4300
-83
-883
8040
-8062
2261
-2533
3984
-267
817
4367
-9311
-9587
532
8800
5270
765
-646
2438
-894
-3679
1780
-3549
-5264
503
-1960
-3932
-3755
8910
-9998
5624
-8025
-4931
-5188
9986
-1224
7547
-875
-4344
-2607
-5594
4331
-2690
3705
7770
1866
-1860
7287
485
1956
6495
-6503
9150
9099
-3584
5293
-8169
1468
485
2983
-3249
9216
3846
-3154
-2321
-1353
2970
2858
-1865
-7147
-5048
6330
-7276
-1824
8880
6441
-1079
-3356
-3026
-1502
9688
-2299
-2125
7083
2225
-3495
8791
-5525
3712
-7903
77
-2854
6883
-932
-1674
2404
4876
-8814
-2685
4356
6439
6576
-3286
6214
2570
-7758
6783
-5526
-1165
9072
-9517
195
1454
-8872
2922
-2603
-7647
9169
6375
-8231
-6778
16
-4849
-8517
-1625
-643
-360
-8954
4679
7941
-4590
-5139
2418
7698
-1382
-3644
-3452
-9054
1964
5621
-6823
-9078
4908
-9913
3512
3757
-9172
-1107
-4536
-6372
9864
6175
1290
-2739
-6699
2257
7944
-2807
-6584
-2330
6738
6082
-627
3198
2043
-8867
8613
3222
1606
4605
-4894
-3591
-2591
-882
-225
-608
-4088
-5212
623
8045
937
-9622
1933
4973
5143
-4299
-5667
4837
9469
-5666
-1979
-2159
-5015
-2790
-8871
-2226
-2748
6341
-431
3625
-1310
678
8390
9731
-7739
6643
-7521
-2460
3404
-6556
7805
3601
-5786
9281
-3104
2256
-7983
-2044
-5660
6875
-8137
5631
-5855
-2337
3562
-4097
6865
5815
5648
-9099
-6468
-5081
-4427
8300
-9965
-7383
-9368
9916
2530
8404
-3328
-8631
-416
-5693
-6024
-8174
4342
9104
7695
-4816
4051
-5700
-5175
-5838
9744
-4280
-3870
-8603
-981
8808
-8808
-2482
-9814
-2587
2250
-1953
-949
-3311
-7308
1098
8563
-526
4452
9507
2392
6205
7755
-935
-7351
8808
8410
-3975
-4742
-866
-9568
4060
-8015
-8018
6825
-3399
464
4223
-4541
-244
6506
527
-349
1946
9992
8439
7175
4071
-3962
8205
-3921
-2381
-6014
7578
9144
6381
3574
3582
-9748
-2609
5537
-379
-5310
-1018
-4889
6012
7708
6625
9077
-395
1806
1311
-3208
1740
-5326
868
6045
-4649
7039
-5650
-8390
-4260
-1639
-4552
1985
-2580
4009
-2040
6289
-4696
5984
7282
5832
5318
1064
-8859
-1454
-2478
1802
-1203
9699
-6536
6559
-4400
-5961
-9544
4835
1360
-9196
-743
206
2560
-5309
-5351
7005
2955
-1395
-6135
-4241
-9888
-4343
7530
-9058
-3954
6203
1438
913
-7041
-3968
-7025
-8786
-986
-5783
-5590
4510
-330
261
-2484
6362
-3266
2316
-9073
-5319
-9208
-9349
-7535
-8349
-2138
-9750
-8580
-4335
-1372
9711
-2841
-6768
8513
2617
352
6041
-1147
7063
2159
5301
4320
2067
-9933
-7133
-3878
-2350
-3311
-4196
8140
3217
904
8719
8595
-8466
962
7668
5367
7863
-2330
6918
-4308
-7563
5880
-9217
5419
-9757
-2301
6561
198
5477
9132
-5000
8392
-1450
4267
-1290
-5139
-6090
3674
2538
165
6030
5407
-3580
8470
-5806
-1315
-6017
300
7111
1269
-7180
9136
-1329
-8360
-182
-1974
8542
7469
-2096
4618
-5694
-9952
-3155
5319
-5756
-4589
-8896
-6971
-2664
-7742
3757
5234
6745
6093
-5944
-646
9144
-8878
-4513
7638
-648
-2814
5147
-6791
-1725
1923
-6767
2812
-1005
9262
2674
2280
-391
-1828
-1871
2650
-9640
-5913
8042
759
-5902
7532
7313
-4733
3379
-5004
-27
-594
-9834
-7235
-9996
8123
2607
2715
-7463
-3887
-2120
9893
9176
6638
-8540
9027
6180
-8880
-9732
7130
-7890
-2613
-2601
-5972
1557
-174
6931
-5806
-4481
15
6130
4142
9471
7294
5648
7020
-74
8529
7727
6087
-2288
-1085
-8887
7841
-2114
-9736
2285
-321
5471
6592
7691
5256
-3244
-4183
-9235
-8339
4077
5351
-3395
2846
1078
6706
-2257
5655
-1830
136
-5359
-5544
4764
-8468
7381
8892
7939
8418
9490
-8690
-9778
1295
-433
-4671
-9618
1069
7029
-2033
-428
8929
-3783
8591
8150
9569
989
7807
-3536
-770
-1783
-925
7410
-5612
-1968
-9808
-6538
-8208
-2508
-4639
-7869
-7628
8271
-2158
7625
367
3665
-6422
1810
396
-4184
6762
6151
-4769
5725
-3978
-2829
-768
-731
-339
-4253
927
4224
-3635
5388
7141
-3999
2663
-9339
-4389
5131
-5846
5762
-8586
3771
-5480
3525
6177
-2448
-5707
-1659
-270
-325
2202
7911
6384
5991
2095
9354
1455
3265
5050
1516
-1566
-3708
388
9192
-6876
1988
-4180
5716
-3336
-2645
-3207
-5471
2483
-314
-2960
833
9491
-6428
395
-7171
-4734
-6688
746
6457
7394
-4984
-3912
-8330
-3278
7315
-1988
-7043
7329
7787
2173
-1337
1139
-1538
1328
8148
2044
-743
6785
7195
-2099
-5087
8731
3158
-2183
8400
3816
9254
7649
-2620
141
4582
-174
6498
-427
-2028
4860
4418
-3498
-4619
4343
-8098
-626
6932
-5150
-7041
8320
3590
-5443
8379
4933
-6192
3634
9807
5183
4462
-8395
-2983
-9172
680
-5599
-271
-1906
146
-8065
-9618
7527
51
2968
-3396
-7424
8132
96
-3000
-7352
-7651
-563
-4409
-2095
8656
9755
348
-638
6086
-2436
-5337
2342
6249
-3314
6268
8664
1736
-4155
-9215
1544
-4234
7795
8142
-1104
9954
2269
8621
-6843
-3586
8064
587
1568
-6421
-6596
-5859
-1491
1812
7962
9035
-1619
-8348
-5250
9881
8428
-4332
1281
-4180
1744
9177
1759
2718
-2262
-2007
1947
9930
9519
9214
-9751
-7576
1444
-8879
6410
2380
9649
6691
3109
1669
7702
-105
6657
-3981
-6935
327
-7913
4709
-32
1691
6104
4654
9296
5866
8093
2162
-5302
-3692
8631
6481
-9410
1572
2055
4264
-8705
3330
9205
-4587
-4334
6379
48
831
1309
8055
7347
-1409
3203
-8007
7152
-8917
-5225
3833
6757
3166
-5537
7264
8372
-8034
-7756
813
-9321
-1526
-4786
2071
5330
3088
2046
-5704
-3140
-3916
2331
-5089
2512
413
-1292
3607
-6690
9504
5549
-2350
-9590
4378
-8078
-2806
-343
6786
-363
7760
-9855
-8192
2237
-2248
161
-7999
-8719
2876
9678
9881
6261
-4528
9479
-7659
-6719
-3163
-6309
8855
7621
-5064
-3383
1907
3144
669
-6375
7695
-7597
-6549
-6886
-1696
871
762
8479
-4468
9311
4999
-4418
-8433
4888
-6409
-2940
-9020
-640
-5931
3857
8097
3186
9520
-6609
-4188
1817
-5216
3656
-6818
2538
4112
-8373
-7190
-6394
5923
-9909
3679
-3150
3789
-5845
-1428
4623
-5025
1788
4732
-8465
4035
2966
-4234
1925
-2445
727
-5381
6553
2154
-7886
-1726
842
-2967
-9337
-5619
4195
8008
2025
1352
329
-2161
-6413
-3034
-6295
-6243
-7754
-6472
-3894
-5282
-2743
-8735
8473
5486
6945
8327
4680
-4242
3416
-3548
-6730
5543
6548
6791
-2970
423
-3416
5453
-7418
5464
728
2404
4527
3187
-3299
370
-1363
2899
8082
6427
9672
-5792
5504
-2954
8968
640
1550
-6389
8352
-7376
-3332
-7731
7477
5013
-5981
8845
-6404
-8406
-2141
5249
-2213
-9596
-4218
6325
5520
3328
-4373
3870
4769
2754
-7972
-7652
-9308
6460
6304
-18
-3875
816
-9610
6322
-6950
127
282
-5155
2257
-4385
-7808
-8742
1831
9192
8159
1439
-3514
-4059
-878
1404
3638
-7572
2892
9326
-5828
-3595
-2172
-6894
7447
-7998
-5317
-8360
3904
-6661
-478
3903
5679
8564
-5438
5024
5456
-1531
3950
-4091
564
-5182
3399
-6309
-2216
-2913
-3097
-7152
5331
1183
5145
-6253
-9737
9175
-4026
-7163
4291
9454
-9499
-9721
-4735
-3168
-180
7411
-1031
6401
-1495
-1975
9344
6497
8393
-362
-5186
-1775
7433
5654
-9861
-502
-6823
8396
9725
-311
-6803
9571
-6564
89
1502
2455
-9280
816
-8415
-1819
5634
-1736
8093
7124
2525
8238
9205
-8651
-1195
5235
284
3896
3577
2134
4239
-2413
-9464
-7991
-7789
7797
-3039
330
-5603
2122
-181
1624
1012
-3109
-4315
-4511
4994
5241
4609
2582
3089
9913
-2749
4780
-8496
5730
2845
6245
7363
-7743
7661
6381
-7246
-7929
-6623
9723
3509
-8372
1492
-7239
-7388
5266
4423
4949
4107
-893
-3346
-9155
-6469
-2005
-8106
-1104
-9206
-8108
-3506
9759
-6465
7672
-4505
-9477
-6215
5181
-1624
2882
2755
-2417
1407
-4871
-1177
-4981
3648
5129
9497
-7433
6637
-2678
7234
7656
-1737
-1422
2757
-4410
1336
6340
-9986
9342
-6662
-1982
3745
6452
-8726
6762
7199
5064
-297
2031
5112
-8766
6728
9284
-240
-6737
6549
-9246
-7901
5777
2606
1053
-2523
8169
983
-6202
-9508
-3244
9626
5314
3705
4424
-9731
6597
3455
1670
-1629
6719
2530
-2207
-1525
-9333
5302
-363
-2170
-6922
-575
-6597
7130
-3544
6349
-55
4772
6689
-3572
-1653
2415
-3786
-8396
790
2189
-1640
4677
3001
6426
-2370
-9452
-859
-1791
9824
-1979
-1231
-2252
9700
-9135
-1064
8036
654
5858
-1236
-178
-844
4822
4878
-7112
-5532
-4367
-3993
3035
-8461
-5390
-1494
-934
6018
-3253
9699
8856
-9422
-4589
8952
-4264
-2182
-2109
-9719
9799
3672
-3473
4587
-6092
-21
-7187
-2475
9022
-7981
8201
2070
-6756
-2457
-9821
-1795
-8644
-9182
-267
5467
7105
1245
5687
-6891
8090
-2922
-9773
-6419
-7837
-953
8174
998
-1143
4084
-7359
5239
8235
-95
6778
973
4864
4236
-4792
-636
-8212
7262
-596
4804
482
-1157
-9342
6293
3190
3255
4452
5246
-7372
4285
-8497
-9999
1549
4014
4300
9814
7488
-5398
-5165
2693
-2370
-6156
2025
-1957
2595
-5612
-7655
6541
4926
9303
-9941
2060
-1996
9808
-9255
-1134
9100
-5878
8311
1589
7226
8431
5595
9866
-7503
6510
-5004
6053
5040
440
-8768
-4240
-3474
3295
-2110
-2858
1961
8253
3227
2232
5783
-1003
-2980
-9654
-6389
5355
-4131
-4554
8660
6868
-2799
288
3395
2881
3242
2003
3442
-3744
9391
7894
8888
5477
197
6559
9625
-9716
-8048
212
6289
-5043
-7295
-9291
-4076
3645
6881
2206
5648
6547
8523
-6275
5636
6558
1352
-584
9057
-8930
-4618
7813
1440
-1171
-2062
7893
-2359
-3631
-9468
889
-3529
-6313
-8007
-1867
6288
-5876
8516
-7788
1707
9757
9707
3440
8718
5895
6327
5657
-6834
-1527
7688
8839
432
7162
-5881
-7438
-2457
-6852
3152
948
6648
-5996
5310
-2275
3510
3120
-9553
3207
8197
-9479
9870
806
-9241
6605
5762
-6735
-7314
9585
145
-1796
-5011
7531
-4449
3193
-8642
-213
3847
-9740
-4326
7616
-1009
-663
6718
2804
-6710
-9958
-9729
7197
-2087
6356
-2082
-5762
7135
5587
-6788
-5702
7415
-821
935
3261
-4399
7839
-731
9904
-7085
-7505
8804
2960
3428
-8810
-2251
2326
-239
8009
9673
9939
-4551
-750
-4768
-53
7645
1021
4701
-8791
-870
-8888
-6525
-6446
1556
2575
-5879
-8056
-4682
-8538
2350
-9494
4699
-6809
6407
-7457
886
1088
-7229
-2241
2764
1437
6387
97
-6480
8866
-9717
686
-5530
2609
-3000
7585
648
6602
7673
7182
-7225
3666
-1498
-4893
-1017
6174
-778
8730
7957
7740
-887
-1872
-4174
-4060
-6478
-1223
1394
-8482
-1133
6835
-4554
3299
-1682
-5684
-7513
9582
-1471
-8348
3022
-7220
-8853
4203
-9217
8418
3807
8069
4303
-1120
-5783
-544
-6501
-7835
5415
-6922
-7693
-1985
4640
-2176
8098
-1682
-538
8061
6768
-4307
-3505
-544
-7836
104
-6259
5600
-9224
-1063
-1579
8780
1209
-371
8732
3709
3632
-3530
-4645
9815
1620
-9375
-1064
3773
1357
939
-1250
856
9783
4899
-8033
9989
2932
-2098
9183
-6552
8599
5120
5251
-1323
3513
-8239
5812
8308
-6027
-2540
-8619
7163
3075
-7355
-4690
-4402
-4941
-3324
1963
8318
-674
3077
-4878
-5559
-8071
-1794
-9325
-6094
-401
3303
44
-3344
5339
-3378
3134
-2786
-3841
-6729
768
6976
-5285
-4436
2330
-9670
-1650
-5803
7213
-8362
1411
-7063
-1166
3989
3658
4823
1233
9649
-5561
3519
-7196
-8228
-4054
1632
-9102
3367
-9156
-6253
-8144
-8616
-4346
2078
9802
1288
6300
-7172
6580
731
-1419
-1306
4689
8509
1021
-6851
3931
-3603
9998
5365
-3221
5155
-1684
-9376
-2048
5483
6056
3475
5038
111
3814
-5204
-8648
-7760
8504
4729
-7387
-2145
795
8577
-8594
-8952
-7562
-2066
-7318
7633
6028
2388
8479
2890
-7324
-2005
5401
-90
9670
-4838
7613
-5848
-7582
-4757
-3110
4080
-4932
5352
2526
-6209
3826
-6170
-570
4987
7956
-1801
-784
6714
3158
3269
-5284
251
612
6462
-81
6936
-7623
852
4304
-2202
7817
4167
-4377
7881
-3029
-6565
-8552
-7906
8249
8240
-2496
6539
1575
9114
-7743
-2629
8300
-9030
-7355
-4073
4205
-1901
1950
2704
8735
-3413
7457
-738
2502
-4354
-1670
3071
-8888
925
9900
-1991
6787
-1314
-7528
-5894
-938
6437
4924
-5216
-9729
8817
-342
-4504
-3565
-6474
2134
-1103
6699
-8029
-8217
-1009
7471
-7409
-8804
-3123
-8495
-6428
-6676
2639
3953
-4935
7878
-4702
-6036
1445
2499
-7200
277
5665
-6732
-9648
-3036
-7561
-4311
883
1910
-5730
-2890
7138
403
-5330
6098
664
-9167
6679
-5952
-3253
5277
-3101
-6975
-9879
3354
-7864
9606
-2144
-7042
1936
-2959
-3106
-5488
-5014
5744
6741
867
-9836
7731
94
-9954
6063
1056
-9346
112
386
425
-9280
-9023
-6748
219
-8606
6941
-3419
-6387
-5775
-2378
-6844
7066
3719
7964
5132
6190
7752
5751
-8248
644
1573
2473
724
-1320
-4559
-8473
-7073
7234
-8867
2896
8915
1204
-8874
1476
2381
-9571
9964
1963
7396
9330
-3232
3945
-7357
-577
2765
-3049
7134
-7270
8390
9138
2040
-5456
-7527
-3515
9599
-1342
-9016
643
-5567
-2232
-8020
396
3754
-5799
1903
-4367
-9881
-6022
7091
3823
6793
-6646
6240
2320
233
-7353
522
9912
6833
7221
-6998
4769
-3359
-5979
-4997
-1792
6355
-9288
5809
-3199
-7616
1648
-612
5535
6592
3858
6799
-1576
-9280
5627
9720
-1958
-8934
1980
7782
7908
2232
-8014
-876
-682
-9831
4896
9160
5457
7210
9370
-9329
-3431
-5524
-61
7947
3916
8018
946
2791
2325
56
-1760
5899
9581
-5918
2510
-5865
-7352
6278
2184
-8712
533
8095
-7919
-9838
-20
1802
-6059
3390
7941
-3497
-8339
-1432
-8289
6530
-6135
1823
-3839
-5319
2216
-9795
522
-970
888
-7398
-9422
-4712
-9079
-9403
-5753
9069
265
-8546
-8297
8984
2046
-7039
-3467
-8540
-7862
-2799
2164
-2117
-1247
-7949
-2902
4658
5481
6036
8879
-9690
-4300
-929
-4287
-3489
-1749
3582
-410
-1592
-4405
317
-4277
-4744
7883
-3792
9463
3171
2226
-7462
-103
4798
-9431
-2636
4245
9981
361
-6295
3881
4459
2208
-9699
1240
-6717
3486
2305
6688
-9333
-3000
4752
-2249
7585
5740
-3111
-5418
573
-2154
-7848
9148
-9647
9281
-1369
-128
2429
2914
-1016
6638
-3938
9125
-196
3900
-5057
2041
9134
3587
6440
6006
-3700
-8273
613
8698
-1790
9212
8384
7785
7463
988
5457
5744
-1964
7497
2872
8345
-3867
-9485
-2985
4918
-3682
-1554
603
6435
-3274
1654
-4264
-9515
-465
6633
-7160
-8859
-9184
8004
3599
-9120
-6165
-7939
-6874
8193
7493
-7780
-5556
1782
2814
7212
-7883
5047
-8912
-8328
8708
6702
2417
7582
913
7152
-5994
-6948
4071
7580
2250
7094
-7438
-8908
8659
6826
447
-5454
7130
-545
-6353
4270
-8976
-2203
8910
-1437
-8933
-944
7285
-1684
-798
5906
-8785
3377
-6487
4815
4101
5130
7907
642
-6556
4341
959
7995
-1033
-4558
-3555
-9624
-8443
8933
7240
9840
5451
-4202
9208
6382
7295
-820
-4441
1510
6909
-4707
5370
9613
3856
-3565
-6463
-6018
523
5394
-3822
-8435
3245
-4167
-6332
9789
3030
1019
-5404
5844
3594
-5157
554
1297
2842
-6241
-8710
-4557
-8646
-2114
7044
-5839
9457
5900
-3256
6099
5708
-154
-2806
2509
-1452
4360
-7143
-6038
-1403
-4939
-5194
-2534
-4414
9075
-6557
8597
5760
1089
8983
-7425
-2456
-4480
4226
-719
3383
-7124
-716
7883
-3933
-1766
180
-151
-6934
9430
-3348
-8571
-9343
738
3393
-3958
6631
8190
-7556
-2900
9015
-7627
-3320
-5815
7921
3034
-6724
-7230
-5499
9675
974
-5102
983
7544
-3846
-6846
9027
7403
1427
4058
6504
1891
5698
8026
-4619
-3263
-4016
-3781
-5117
2243
8086
-7527
4759
-5720
-3980
5352
-2461
4220
2497
-2506
-2392
-7717
753
8673
1085
-3347
-752
5239
-7594
-7537
5688
6992
-7189
-5073
6021
-7992
-6810
-5895
4584
5356
9437
2004
-7338
-2249
-957
1810
5945
3576
-1210
-8401
-6520
700
-6072
9024
6505
1030
-7144
3706
-8394
7344
7383
7116
-5434
-7588
6985
1145
2580
-4937
5227
4665
1720
-7543
2920
-1888
-9377
7880
-5245
1924
-7662
-2662
2742
3836
3179
-1676
-3892
427
2486
-7673
-2958
4516
-5766
4968
-1911
5845
-23
4524
-2789
-611
-7092
6416
-4602
-4111
-2946
-3870
8940
5939
-2868
-5573
-5220
3809
-440
-3788
-5695
-5067
-4791
-3491
7613
9335
-6902
-1884
-6959
6497
-6913
-96
-1127
7148
8048
4277
-6556
1230
7388
-3959
3942
-8343
-3542
-9888
5760
1661
-4676
3917
7093
7585
3186
5498
3556
8555
-2469
-8624
730
-5808
-9204
-1625
-2964
-5026
-2336
5992
409
-838
-9389
6155
-8652
-1714
-7260
-1305
-2751
-9072
-1939
2687
-3713
3235
-6036
8269
-8048
7638
1052
6549
-3581
6513
5637
-3005
-5982
5097
6256
9859
5717
-1669
-1898
-5623
-6618
-7590
3941
-3994
-3500
6642
-5764
5329
-6661
-9119
8835
4012
3899
5135
-6229
-8202
-4883
-8011
-8982
-5847
-3709
9896
-4662
1228
-8311
-1163
3560
-118
8218
-1498
5351
4471
-8139
8104
-627
-5532
7707
-4321
-5600
-6992
-4287
-5143
3848
-4617
1868
-2336
2610
-8863
-3484
-4155
9090
-5272
-2533
-1656
-9948
5389
-319
6429
-8360
-4245
9035
6221
-1868
7266
-2822
-7014
9187
-480
2507
-6309
9341
-4624
7773
-5451
-7702
-9288
2718
2902
1578
-9982
488
2928
935
-593
-2596
-6323
6604
1463
-9083
-7910
-4388
-2256
-1348
-6381
-7119
7916
4935
-8836
5164
-8556
-659
1582
-4925
5629
-7314
340
-510
-2460
503
-184
-327
-1128
-3002
514
8304
664
-6930
-1752
3083
-5384
9705
-616
7281
5622
2925
-8562
6573
-6577
8138
-6062
-8815
-7603
1247
5926
4185
6048
-7117
1983
-928
7797
7479
3072
5974
7129
7650
-664
-7445
-3508
8222
-840
8353
-4861
6336
3219
5462
-7337
2428
-9024
8067
-6090
-5337
2843
-3685
-9432
9142
-683
-6492
-4731
3920
-9962
-2483
4201
-423
-9888
-2226
-9961
4759
-8660
-109
-4900
8150
2125
770
276
1986
-5732
-9123
-4619
9982
8202
-9938
9680
1502
-797
6003
8321
6694
-5704
-5320
295
-5231
-9746
200
-8681
-967
-7396
9490
5754
-8491
4809
-3760
-5081
-4476
-9933
6522
5022
-2358
-9894
-6070
8454
-9393
4609
9457
-5072
8055
-4050
-63
-9738
8392
-9524
-3619
-5379
2898
-6912
4815
5987
-7815
8409
-9559
-1047
5743
5854
-8608
-5026
-865
6723
6965
1799
7917
-457
-3573
4083
-4767
357
5313
6888
7834
1158
9575
7375
-6556
-5211
8955
-3030
5650
9249
-4383
141
-1675
-4185
8345
6158
-6026
-5037
-6574
-4602
-847
-2105
-5302
847
-6753
-9045
-9188
8442
-7139
-7895
2848
-2615
-2836
-1461
-9
7775
-8227
6191
3442
-3211
2939
-2450
-2129
1386
2396
-9775
3547
4818
539
-8509
-6699
-526
188
-1096
-8008
9293
-9023
8834
8406
-4805
8074
8302
4129
-6146
-5162
8389
-6872
5236
-3424
-1372
-5744
-3940
-4406
-5449
-3126
-3865
1464
-3857
-7205
3748
208
-2507
-7075
-5968
7267
-6357
6014
4819
8890
-1605
-6162
7978
9809
-5194
-3664
-5447
3123
-642
-1684
-2393
-6196
7816
7320
-4080
-1053
-7742
9321
733
9486
6522
-4265
-2730
8282
8704
-2637
-9425
-1318
-7842
5485
1490
-4770
-896
-3543
8033
-7199
-6691
5014
-6576
-8592
-5589
-9576
3151
3588
2131
2108
3375
-6236
7065
7478
1755
-4190
2542
-6548
-1777
4635
-3894
-7336
-6996
1541
-5198
-8852
-8003
7221
-1251
891
-8852
2125
-5130
1810
1964
5167
5598
90
4003
3411
7417
-7971
91
1414
2261
4465
6394
6070
7547
4210
8491
3021
-4742
-2080
-8098
-6914
2097
-6332
-8826
5855
9262
-9100
8983
-1200
8772
-5357
-865
8651
6104
-1255
2462
801
-6946
3521
-9275
8632
-353
-3173
1124
3160
-5129
-9051
1933
-8035
-7273
-2492
-9105
-8940
3097
8051
2655
-9110
8142
3899
8201
-8299
4314
-7403
-8379
-8213
5652
6542
2311
-2646
-6552
-4987
7612
6520
-5953
4691
-2251
-3881
2123
272
3435
6133
-9455
7368
-2228
4496
-8151
9402
-8584
7449
1892
-1782
5326
-4544
5815
6568
-2937
-8709
9455
-5281
5341
-9555
3258
6363
-4590
-7619
4627
6800
4907
3271
2508
-7727
-645
-4381
-1329
-283
-382
-7085
-9138
-3692
-7684
-6723
6461
3405
4156
-3215
9028
-9453
3763
4541
6881
8878
-9678
-136
-4692
9437
1226
-259
2897
2995
2335
8656
-645
-5675
880
-4135
7097
5929
-468
5938
10
3878
6750
9120
3092
4270
-6728
6048
5292
-4568
-4444
-9778
-372
-3010
3472
3000
-4487
7765
-570
8877
-6794
-8690
349
7507
8054
-8629
-1895
-1630
-8603
5934
-9148
-7489
-1328
3027
-1299
-8115
9974
-9899
1189
4849
-3883
-1857
-4637
9246
5178
-5493
-5303
-9383
7983
2649
-4260
4246
-1829
-4881
-5815
3922
-8114
-6367
-6297
8196
-202
-2054
-4662
3445
-5238
8616
-2476
-5293
518
-8884
-8896
5110
-4777
-1553
-4524
5523
7134
7415
9187
3769
-2882
-6825
-3360
-8571
-5351
-3556
1309
2534
1189
-4853
-7673
7265
-8120
5354
-3746
5933
-4691
-58
7477
-9257
7473
9205
1739
-7539
6091
3411
102
127
153
-9579
2816
7295
-9345
7345
-8329
-6303
5654
6864
5911
-2486
2665
205
4616
-5779
-1986
-7589
-9369
3337
7360
3062
4650
-5641
2679
-6548
-3532
-6104
5563
165
9632
-3255
2920
-212
-5819
1453
-775
-8131
6984
2034
-3159
-5439
5198
1112
144
-6288
5759
-16
1817
8211
-4590
581
-7474
5239
-965
-1687
-4677
-1138
-9183
5065
-7021
505
904
3015
-3643
-3942
-5822
-6416
5609
8220
-833
-2925
40
5283
9582
1983
-4687
-1436
-7551
-4183
-3609
-5946
2826
-578
3194
-6169
-3913
5154
-6652
-57
9326
4383
8904
-9319
7685
-8382
-3492
-3294
-7588
1472
3865
8900
-9446
-8913
-2627
-2926
-748
1165
6108
7674
2064
8652
-5744
-6206
1254
6562
7231
-9936
-5685
669
-4050
-8734
5580
7923
-1322
6668
5285
-7636
2124
-8484
-5786
9021
-177
-3819
-4528
3528
-8210
3781
-530
4370
1504
1889
6263
4509
7349
-1465
-8419
6818
-8378
-5043
-4887
8429
-6771
-1405
7569
-1744
-5392
-5872
-2507
-625
3662
555
-6475
-5427
-5307
-8297
-5962
6843
-931
-4135
-5734
-9769
-9544
-7451
9206
-2620
2780
-606
-1010
3284
5069
-7535
-6400
-8847
-6377
9316
-1739
-1154
5739
6596
3983
9110
7476
-7699
3683
-6251
-4673
7963
81
-4577
1255
1057
-4807
-7317
-8032
1941
721
332
9619
-9913
9651
7357
-9708
8364
-7308
-9453
935
-7792
6636
-7652
3034
9387
-9528
7517
9375
4512
2992
3020
-7871
-9113
-9629
9843
8708
-9294
-8426
-9947
-7555
7956
-8898
-931
-4799
-1849
6561
2565
7002
-5906
-9835
-7578
-2613
1305
-6484
-462
-2000
3686
-7764
-4629
-6109
2540
-4862
9895
5986
2807
2265
-6448
-3415
-9831
3150
4763
94
6634
4291
1551
1299
-2647
-5993
4533
4425
-5323
5322
7127
2751
-2988
-485
-6712
-935
9668
-6160
6159
3164
3270
7413
-246
7487
8551
-7549
2305
6533
6456
6199
-946
-595
5389
2312
4175
-1916
-2299
9597
-1320
454
9315
9228
-1496
-6180
9471
2699
-3707
8039
2947
-6212
4627
2159
9011
8809
100
1607
-680
-2578
7520
-5967
1160
4082
-8022
-8882
5133
1933
-7077
-7970
8617
3703
-9006
-9489
-448
-6526
-7223
6239
-9431
-2576
-162
2665
-7347
2788
5423
-9636
1311
-7223
3427
1118
4225
-3110
7915
4349
9125
538
3399
-1605
-6458
1346
3269
7804
-3748
2285
-4127
-5060
6991
-310
6622
-326
-3746
-3698
2394
-5668
6329
9956
-9839
-4465
-5158
-8779
-5722
4866
8084
-7031
9512
7474
630
-3012
6079
-2429
-2905
4994
3133
2936
-8346
160
-3568
5960
482
6832
-737
2256
8099
1546
-6900
-663
-9962
-9920
4898
-629
-825
722
-307
-772
-9578
-5383
-9442
2772
-9161
2845
-1719
-9617
-4991
476
4346
4351
3288
3871
-9953
-1084
7782
-1452
-4311
-8562
-8104
7667
-4982
5200
-3156
-8325
4297
239
8441
7461
44
8940
-7217
5907
-7128
-3888
3128
-395
-1983
-1374
9956
8231
-1483
1202
-2841
7758
-411
7879
1594
7691
-8415
5442
-1035
-7801
-2185
8701
-1569
-6261
-3449
9386
578
-8427
-5758
-76
678
-8964
8093
2554
-4370
8403
6438
-3840
1388
4794
-801
-3434
445
-5004
6423
-4625
-713
234
-154
4485
4801
4963
-4640
-564
600
-4724
-525
-5575
215
-5908
-7257
-6923
7226
7914
9751
-8847
4918
-2865
-3813
-8949
7579
714
-8221
-2160
5846
1183
6853
-6460
8870
653
7333
-2472
7135
-2204
4904
-2074
-135
-6007
-223
-6288
3720
-4732
-3274
9107
6194
-2552
8763
-98
4600
-9243
18
-6867
1046
-1552
-7770
1338
-2655
3054
7191
-1205
2417
-8865
1348
-6747
1967
5876
7934
-7941
-509
2753
3453
-2716
718
-7078
502
1574
8280
-797
-4659
510
-3717
-1518
8693
3909
-7189
-4861
-157
8149
-1978
-6170
6774
9753
8059
-3375
2504
-7844
9525
9641
-5471
5660
-3372
-4953
1320
7417
-8707
-8182
-7234
-9019
-743
-4854
-7488
6898
-3253
-3498
7494
-8015
-7385
-9294
6097
-5847
8856
6891
8594
4011
259
-4495
4420
6639
-9618
9716
5778
-8060
2318
-9046
7497
-6976
3079
-7596
6258
-2594
-1672
-1211
-8700
-2454
8883
4276
-4599
-382
-1644
-660
-419
-906
-4069
-9254
-4075
-6400
-4197
7719
-3393
-3453
4733
-5956
3746
-6050
7742
-2628
2760
-236
653
2606
330
-247
7992
-9679
7031
7278
-5579
1730
6639
-2426
-923
-7000
8109
2993
6054
4026
-4745
2702
3407
7002
-3811
5594
-6119
-1040
-5963
-3591
-4882
8908
-8518
-2935
6310
587
5433
6844
5878
7837
1725
-3712
2827
4218
5541
6711
9973
2024
7627
8029
-1917
-235
-2749
-2118
-1346
2051
5402
5194
-2906
-7152
8886
7246
2646
-6496
-6048
-6873
-7004
-478
-9865
7817
-7122
-9923
-1277
5450
5253
1023
3723
-544
-3328
8335
6835
4713
1470
1744
9543
-8021
-5746
8386
6715
-6684
-6823
7957
-4817
-895
-5434
3285
2999
114
-2502
3498
4987
-3627
-1241
-9533
-8836
-9218
9448
5571
4943
6719
-7643
-6041
-6674
6799
-7601
5490
-6235
-7727
-9798
6912
5190
-179
-3592
2595
-4510
-6602
3924
-3669
-233
-7122
-6893
1660
5156
-2309
-7528
-6927
8933
-5597
-5111
2651
981
9572
-4789
-3051
-9580
6976
6660
-167
1064
-2556
-1304
5880
-5001
-7437
-3847
2234
-7534
221
-6746
5499
-4955
-5777
8107
-6101
-8207
2850
-472
-1349
-9259
-4838
-7355
-1307
9656
8620
9526
-6999
3492
5275
2505
-3942
8034
-3922
-1009
6039
-6014
-9913
11
7270
-5250
8836
-8743
5289
-6325
-6484
-9775
-974
4046
2562
363
6645
7894
-7037
-4131
-9428
1008
8175
-9677
-6521
4224
-2189
908
-9937
-5427
-5799
-1412
3687
9797
-2126
4008
-2524
2351
6253
-2878
-7434
-2562
3969
-3433
9730
-52
-977
9568
9631
-6861
-7661
-6466
-5471
2200
-7412
1761
568
9093
-1905
-1346
-1749
6203
405
-3926
-4279
-7245
-8094
1134
-3077
-8089
-7125
-2055
6708
4362
1129
3194
-9248
-3587
7629
-1514
-7491
2344
7392
6413
-6318
-7694
1325
6054
6698
6111
1825
-5064
1741
-8774
5760
7215
6756
-3410
-7682
-6063
9388
-590
-4309
-5854
-6856
-4920
-8869
6780
-8106
1694
8295
8118
-6096
-9230
3320
-2691
5484
658
185
-7212
-1727
-8818
-399
7352
-7161
4842
-6147
-2380
1988
-9007
3286
-3528
2763
-3630
-1292
-6359
5044
-820
871
-9520
-4408
2812
-5677
8713
9681
-8916
-1818
-1097
7163
-7915
-6481
4604
1061
4114
-7736
1497
2872
1140
6766
-8637
-5135
-9189
8209
2622
5828
-1248
7629
8502
-9572
4065
-1982
2047
8732
8942
8343
908
3470
974
-4763
4838
3412
-8250
3782
-4760
5087
-6347
5112
2654
8893
-2066
-5870
-4833
4095
942
6511
-9768
-630
-746
-7204
4329
2418
-5845
3120
-3425
4245
6500
3193
-4142
-2449
-648
4737
-3086
8813
4235
1418
-7196
9798
-6224
-3330
9570
7310
9547
9127
-3285
1999
837
8172
-6880
-3430
8027
5029
8763
5512
-9218
9511
7502
-821
-4904
-3427
-2497
1989
5682
-5160
5641
-1121
3571
7943
5081
-9204
-6544
-92
-1947
-6361
-3288
-8415
4412
-2495
-995
4811
7689
1591
-2828
-7959
-4860
8946
6195
-7057
-8027
-683
-8531
200
-6730
-3125
8779
-3481
2533
-1986
6307
5582
7591
-5182
9253
8824
-2781
1353
774
-751
5747
-9092
4283
1853
818
6934
-1721
9839
-9470
-3150
-6536
9541
-747
-2380
-2182
-5999
2622
9291
-975
-6477
-1006
-1670
-49
5871
6110
-8106
-4640
3174
-6415
-3971
2156
5277
5399
-124
8092
-8141
-5741
2942
2885
-3167
9013
-7473
7351
1507
-6775
-853
-4382
1300
-1858
-2786
8696
3476
-1790
5285
-3661
9725
-9048
1376
6303
1989
5129
-1408
4023
1790
-5295
6024
5582
4526
9963
-7372
5139
352
-9856
4821
3799
-3320
-8069
2261
2529
-7151
9046
-8899
9538
7388
543
7867
-2528
620
6182
5445
-103
-749
-2568
4965
110
-7125
3802
-6866
5494
-8555
1745
6749
-9971
-3780
-9116
9784
1866
-9568
5875
7799
-5667
-4134
-5760
7123
4834
5097
-2699
9253
-9894
1201
-4978
-7426
-3843
-7245
-5927
7025
-3716
-7684
2100
-1555
797
2881
-9926
-4187
-9904
4251
993
2076
4133
-6127
1920
7418
4361
640
4630
-1665
-4214
-1702
-8449
-6562
-5427
-2843
-1001
-8874
-8077
-1066
827
-2730
-7132
-9535
4208
4220
2536
8875
7240
4530
-4679
9603
9435
6558
-8212
8467
3701
-3875
1849
-7400
4494
6814
-6536
-5575
-7522
-7313
-7178
9104
1073
-5936
-86
9223
-7990
-4990
4417
7790
-8054
-7252
4601
-4872
7116
-2481
5657
-6058
9505
-8574
-6827
599
4370
-9374
-4927
-3065
4890
4677
-2220
-1227
3376
-4371
4496
-6862
-6632
-4779
-3779
9384
-6669
-9603
8593
2485
7007
5929
2423
3453
5907
-2246
-4412
-6791
-4116
6775
8875
8303
-9405
9642
7241
-464
-3650
-2904
6923
-5052
-89
-8899
187
9000
3173
-1113
-8649
-2446
3944
-7349
-5825
-359
9185
7708
1478
2227
9304
8302
-7945
-9187
9665
-7022
-2295
-5108
6822
7910
-3586
-5065
-2817
-7741
-464
9035
2070
-2143
8393
-3152
-1140
426
9240
-8087
-9422
-1026
-1130
-2486
2578
3212
5387
5238
8350
2626
-5983
-87
-6776
6353
3634
894
7821
589
-487
5747
-6016
7495
3473
-8423
-169
6874
-1186
-752
152
3315
9621
-3888
8910
-5098
-4025
-2505
1041
-828
7009
-4231
-1753
-8871
-3447
1965
7213
9342
-2063
3885
-4729
1894
6527
-9151
-8644
-813
-7641
76
5133
5280
6848
-9836
6493
7048
-8288
466
8129
-9579
-9521
8915
-5272
-5444
5998
1102
5291
4655
-8204
-1990
2508
8610
3262
281
-5034
-8062
-6355
-1534
1942
939
520
4191
-6674
8417
59
-8934
8975
-2642
6377
-1777
-5905
5407
5447
-6677
4062
2693
3975
-4910
-7950
-3602
-790
4407
-5463
-9515
-7456
-7
509
2434
697
8455
2230
4557
2497
-5331
3545
5901
6281
6253
6305
9001
-5899
-5271
8214
9508
-9711
9014
-2082
-7653
-5060
3273
7203
-1610
-957
5203
6738
-682
4536
2836
7705
5639
-4322
6200
9300
-3400
2201
3923
-7236
-4288
-7885
9389
7106
3666
-1974
-6489
3393
289
8741
9292
-3991
8055
-3184
-3618
3672
-8224
-2678
-4802
2720
-1464
7449
-9055
-5272
712
2743
4357
-9815
1748
-7470
-1547
5176
1496
1568
5119
3255
-2456
-3569
4242
4202
7028
1881
5859
6958
-4647
1076
-9109
-4086
-2665
-7681
7659
-929
3861
-1945
7943
2743
-4310
-1632
-2271
9258
3259
-9766
-4126
8495
-3130
7390
9888
-4135
1011
-9112
5691
226
-73
2292
5883
-5445
-8821
9562
4773
-6612
-8178
1631
1072
7847
-6323
1227
4550
1464
6695
-9747
6383
-4334
-9542
-1953
-6677
-8088
1325
1179
828
8684
-9473
2941
-8297
2055
-9443
-4053
-568
-4206
-1271
3825
9097
9598
-3220
-2253
5147
538
-3301
2600
1041
-5560
8665
-6069
7226
4254
4262
7634
-6980
-1960
-9225
-2596
9803
-902
9032
9629
-2307
9151
-504
2168
-3019
-8172
-2510
-2101
-2556
1143
660
6323
1709
-3701
8381
3944
9405
7853
-1484
-6535
-9557
-5154
-819
5557
6048
338
-4074
-7260
-871
-5508
-3340
8963
-3039
-3027
2108
2768
6630
1124
5589
3458
482
-4029
-128
1373
567
-1684
-2235
-1056
-5253
2303
4443
-5350
-9200
-4287
-5333
4244
920
-6440
-6002
6467
-2325
-1912
9607
-3089
6219
-4776
1669
-6127
41
-7336
-1453
-5236
-2034
-5245
-4949
8690
1113
371
4159
7307
-6853
-7919
3367
-636
3388
-4750
6543
9721
1607
8100
4499
6973
-7453
-8511
-6828
-5435
-9300
-3932
-8473
11
8617
1748
-2527
9611
5793
-1057
26
8518
-1071
-8534
9937
-9853
-2434
-4401
9566
3921
4015
-8507
-3974
5107
-6566
4250
3859
9466
199
-6436
8295
3616
-8204
7935
-577
-6560
5207
-3412
687
-1140
-8446
-569
-3567
5655
5671
-3368
-2781
-6796
-7110
2388
-6648
9719
2373
-1223
5748
-7326
4225
-9051
-7139
8451
3875
3700
-3703
-1008
7356
2203
-1265
-9028
2966
7002
5246
4580
3737
-6211
2884
-36
-670
1670
2104
9619
9176
-1740
-8421
-9550
3813
3942
-4445
-1109
-1356
-2808
9190
-5377
5790
-2462
-2450
7175
3401
-7153
-3651
1375
3298
7062
-4743
-4286
-4338
-8663
2195
-3015
-431
-2191
-4710
7233
-5894
7185
2058
3510
312
-5705
7319
-5099
5021
5965
4971
4221
1131
-8934
-5660
-4022
3948
1527
3772
9056
8698
3650
-9140
8337
-1019
1094
-2158
4973
2396
-7432
4443
-7297
2409
-7519
9736
-1906
863
9791
-7909
-3322
5249
-4854
-6682
-3052
1889
-5872
7802
5143
1414
-4908
6866
167
-8666
-9833
1768
-1381
-6016
-2795
2557
-5119
-7481
-48
8867
-7352
7210
700
4074
-5615
288
2942
3935
-7639
6328
460
1373
-1917
-5476
620
6381
-2592
-6958
-3312
-6208
-3376
-2382
-5124
9370
1752
-7841
-8586
-8230
-8573
1594
6647
8421
9103
-749
-1866
6946
2322
-4250
8433
3446
-6322
4473
-2500
-6391
-6263
8771
-6564
9427
-4211
-3425
-4256
9130
4795
3518
4424
1957
-1609
8671
9838
5211
8089
-232
-722
1411
2198
-1095
-6429
3864
-2081
6495
8741
-8501
-9451
3331
-4473
-6481
-4324
-6135
-236
-8328
2419
-8684
5430
7480
6289
5506
995
-881
-6200
8563
6596
-3947
8937
4811
-7041
6641
9503
7213
5133
9255
-1613
-56
563
9152
5245
1616
-7598
-504
4034
-9546
5298
-1481
5585
8113
-8243
1143
-3637
-6435
6802
-7450
5741
7246
8776
-9938
-2507
9762
9772
-784
4134
1594
5668
-4731
4491
-1190
2197
5172
9011
-1499
1548
3357
8235
6953
-7958
-2138
-7128
1618
8585
310
-3898
1509
-3178
-6875
-5689
5119
9961
7469
-1592
4363
3451
-1490
4171
7474
9603
4603
8204
8735
-2685
-1440
-2043
9329
-9565
9788
2820
-7974
-9802
-9314
-1007
7563
8075
-5539
9052
-3140
-8451
-8127
-304
5668
3889
1875
-5706
-1840
-8881
-6668
712
-7398
7154
3851
-9238
6270
-3714
-8093
-3258
-953
-3248
4017
-6777
2447
-1064
-6009
3839
1466
5495
9277
-3021
8071
9079
6553
2329
-7075
-9593
-290
-7389
-9779
-4897
1418
-747
5840
-564
-5164
8296
-3342
312
-6932
551
-6711
-377
1623
3161
6871
-3885
-7322
-9291
-5813
2974
-4210
-5961
-9694
9979
-2170
7681
-7679
-1298
-5601
7059
-8311
-4633
-4088
12
5992
2140
5100
8312
-692
-9405
-1319
-2136
-8099
232
-5613
8405
4009
-8727
2071
3718
9257
-9161
-1964
3165
-4903
8710
-6454
-7725
-8803
-5756
-4862
246
5359
-2448
1072
-8165
-6704
-3802
3399
5577
3429
5356
-6512
-5515
-785
-1727
475
2307
6126
757
7187
-791
3559
-3041
2456
408
-3659
2482
8235
-430
4595
3326
8664
-6397
3091
-9623
-9585
7138
-3030
-6383
-9078
9470
-7915
-9054
-8649
1595
-8988
-9462
5557
-8417
7548
3672
2423
2253
5737
-848
2038
-3862
-2093
-533
-5597
-4141
-804
3645
-6797
5761
6972
9920
106
-183
2023
-8667
7984
720
1813
8222
3179
-4912
-2892
7936
4002
-2042
9719
3835
-5738
3250
4378
-1225
-5742
4231
-1966
-9946
1063
9057
4369
7653
-6675
2704
4865
9669
5518
9886
515
2446
-5083
-4441
5614
2554
628
-6724
8608
8332
-7445
-6169
-1389
8756
2703
3365
6781
-8700
-9485
1214
2439
-7176
-3762
-4999
8711
5332
-9324
-5267
8034
1395
-8368
897
-5030
-1712
5680
-9367
537
-9202
-7356
-8633
8272
-8770
-8487
-559
-4099
-9917
-7263
6091
276
-469
-5098
5565
878
992
3063
4170
9409
8618
-2898
5319
8466
6015
9823
2061
-1034
-2164
-5325
-7571
8648
9964
-1313
-1125
-9321
-2945
3039
-186
-7528
-2599
3816
4201
277
177
-1637
8294
-3182
1762
-91
8463
-707
-4879
6740
9002
-7822
-230
-5969
183
218
-930
3124
-8120
-7822
-2557
-5925
1691
1704
-1615
-3525
-762
6293
9322
-8987
-8270
-7435
-9686
-9730
-6094
-9321
9220
3868
7684
3694
610
-125
614
610
-2378
7470
1490
-3192
-7073
5349
-3547
-8163
-5454
6298
4006
2392
-8402
42
4380
580
3697
119
-8833
1482
-3517
3960
-1633
3322
-1988
3173
5889
-7080
-8947
3746
5634
-1994
3990
-6665
-8493
8512
7538
4976
6240
4208
891
4649
4572
3163
5357
466
-7882
3427
4065
674
-6864
-9168
9886
-8586
8382
-3544
7553
-2921
-4040
-3348
7617
3098
-7982
9794
9911
2859
-8040
-8888
-8945
-3272
696
2764
-94
4973
-1885
7981
2120
-9895
-117
8457
7670
3889
5716
-3909
809
5952
-4573
-9108
-6482
-5066
-1698
8968
6732
3030
5946
3992
-5639
3940
5370
-8720
3114
-9914
-810
-6002
-6425
3081
-6751
2615
-1227
-6218
1960
-5167
-6725
8393
-4085
2839
303
9686
1604
-6098
-239
4398
-233
4245
-9926
-216
1211
9476
8824
-661
-6236
-6831
-7240
-3974
8774
-7832
4511
1104
3538
2379
-6929
-3053
3697
-3610
5454
-1454
-9534
1646
8640
7577
3382
9723
6942
-7295
650
6265
5742
7904
-4813
1640
527
634
5065
-9024
-5414
-1922
-6060
-7989
6565
-7249
7465
6953
5122
1028
8823
5720
-8235
-3918
8204
-3082
3285
-344
-207
8403
-7476
-6658
8680
1007
2719
-3585
8
-282
-5258
-3050
-8909
-1298
9206
8702
-740
1242
243
5413
-3631
5033
2184
6203
832
-5015
4604
-9587
-825
-4038
1526
-9653
9695
-4400
-596
-8625
6602
-1484
5869
4756
-8485
-3088
-8517
8539
-6833
-9381
-9791
3549
9144
-9680
2169
5063
-550
-7714
-739
7388
-4764
-8364
-8055
-6482
-3688
3343
1058
-6949
-1155
6945
-3018
-8916
1635
-5443
7238
-4021
-3212
5947
-6377
2120
-2645
-7850
-7367
-3970
-2985
-4253
7333
7715
-8356
-1759
-5703
5412
-46
-9512
-3800
8035
6328
373
-7284
6229
-3136
8368
-6156
-4604
-1881
-4076
2857
5151
9473
2503
-2165
2875
-783
8757
1856
1223
-8794
3281
3779
-8747
9628
5141
-2252
-6215
6847
-576
-2269
1895
4821
1595
6234
-8428
-1409
-492
-516
-2886
-899
-6364
9953
-605
-8169
988
9905
-8488
69
2291
-795
9464
-1182
-7396
3169
9290
2698
3098
2324
1998
-8971
-2786
-7125
-384
-4220
7348
-214
-4689
-8778
5159
4262
-5817
-2750
5376
-7056
8910
5381
244
5070
2379
-6527
-8837
4255
-34
-5813
-5739
1225
3984
8849
-3143
9775
-4179
-6196
2803
5001
5205
3168
4061
4654
-9973
5162
-4520
-5297
-6702
-1815
-5625
9533
-6851
3382
9684
6311
2774
4271
-1944
-5366
2622
1757
-9013
1088
-5532
-7695
6083
-2611
4380
-8644
7873
1587
-6605
-7443
-5165
4230
-3332
5706
-7558
3371
-8254
4160
-65
5213
8604
-7801
3127
-9411
-4635
-1611
5236
5981
8236
-1234
-6735
907
-3164
-7256
-2565
5041
9923
-2923
-2187
-6797
-786
7844
-2187
7464
57
-9042
-3276
-289
-9412
-3420
-2634
490
-6310
-4084
-4648
2251
7112
5124
9006
-7164
4429
8316
8665
-8020
-7045
9903
3845
5096
-9817
-426
3965
6058
45
-9580
3006
-7026
2106
7488
9381
7032
-9466
2879
7694
-5158
7397
5547
-980
-1846
3256
-6174
3351
-2722
3135
-9715
-7523
-6237
6850
8442
-8599
-2959
6237
6419
396
1799
-6045
-7880
-2172
-6223
-1023
-5927
1597
-1310
1450
-1627
-4074
-2178
-2971
-4506
-4475
-5295
-3866
-234
-9090
523
7314
8861
4595
3874
-8173
6903
2826
-2493
-9097
470
62
1967
8011
-5448
6117
9400
2764
-5932
2113
3917
-2484
6066
9516
-5199
4332
-338
4774
2318
-8706
5051
9377
8537
7496
-5777
-7776
8448
-345
148
4134
2124
-8732
-47
1539
-4334
-3784
9921
-8201
-91
-613
5727
-4885
-5251
-1665
3565
1515
-4711
-326
6415
8970
3264
3485
-4473
-9874
-6158
-8719
-6844
-2766
-6190
6629
6361
8163
5624
-5172
-5747
-1111
-9864
-8359
-1263
7836
8215
-7504
-731
2822
3395
-1784
4427
7527
3575
2534
3862
7590
-1174
-1305
44
6194
-2377
-1289
-4171
5947
9666
-623
2796
4926
-1377
-1195
3714
-5535
2592
-3003
-8853
-63
5511
-1717
-3084
-4394
-8379
9674
8820
-2071
5623
-7640
5020
-4179
-7791
-9616
-5107
-2810
-6864
1004
7355
-7935
-7858
1270
-6541
-1633
2041
-8887
-3386
5125
5268
3507
-17
-3478
647
4349
7577
227
-7115
3661
1494
-2996
2019
2545
-4486
-4091
-1297
-6272
5524
-1393
-3122
-4005
-4251
595
-9194
-8561
7263
-5237
5942
7104
8226
-1707
-1140
2019
-3822
-2872
2170
9260
-9073
-7721
7711
-180
5821
-143
6792
-5331
6361
3464
6845
-2294
-7977
254
2346
-1586
-9038
-5388
-263
-9436
3518
-84
629
-9397
-5628
-787
-1565
-4645
9391
-6859
1864
-384
1846
4108
-5160
6797
3809
-3195
-6369
-7567
5160
-9184
-8452
3760
8874
-6968
-122
2632
-524
-9486
3276
7682
9359
6193
9477
7633
2616
-6942
7185
-4397
4210
6391
4358
8660
9821
7915
-849
7942
2285
-7885
2852
-4327
4185
7840
-5216
8040
-9645
5909
-8235
-7840
-9320
-206
-7081
-3807
1442
8782
-2644
6827
-4260
-5181
4872
-3248
-798
-3343
6111
7299
-726
8930
7247
2243
4883
-1532
4596
9325
7789
-3781
4884
-2621
-8995
309
9233
45
-1258
5654
-5285
4619
-368
-2198
-4661
-4651
8180
8111
-3763
187
4025
1077
2210
-2203
5373
8400
-3522
2226
-401
5409
7242
4149
889
-3523
5391
8875
-9494
2862
-2524
-7959
1534
1735
-1951
-7507
-6246
-4618
5631
-6287
-7210
8837
278
3093
-6013
7350
6925
-6078
5283
3273
5067
6243
7527
-9982
-4089
9901
9200
-2815
1251
3342
-3126
8542
-7651
1586
376
6417
-1744
1865
9396
-1460
-5906
-2938
-6585
8959
-3629
1353
-5096
514
7905
9097
-4905
133
-1696
8277
-1941
7307
2419
5729
-1557
-7774
916
-3085
-1897
1728
-2762
6806
7187
8640
1694
2230
8199
-3265
8130
5078
-3889
-3204
8845
-79
662
9881
857
3791
635
7376
-5605
-5724
8357
180
-5872
-368
-7588
-8222
-7577
7765
-6112
-4443
-4549
-2877
-3930
-854
-244
3897
5293
-4054
949
-9559
-8128
-5205
-8399
8728
-4544
7505
-7041
-9453
6728
3228
-5059
-7099
8941
6433
5332
-1970
-1961
7596
6613
-8890
-7343
-2221
5401
7684
-2640
-5337
-7956
3746
7707
4703
5242
1131
1069
9374
-7360
-7220
-78
-810
-7724
-9259
5362
-185
-9357
4789
-8916
9942
6649
-8344
6340
-9313
2190
-4059
-4618
-1746
-7853
3015
-1267
8523
-3637
-7782
2585
1258
-8020
557
8909
-7590
6957
2169
6940
4366
-855
-5996
-7457
3603
4
-8457
-6676
3450
2355
-4362
8691
7898
6233
-4894
-4342
360
-1927
1008
-8017
-5193
6661
7552
-9788
-8832
5547
-2983
-7486
7558
3695
1974
5154
-6629
2518
-7304
2205
9376
78
-5074
7381
1976
-3500
-778
-8515
2002
3517
-271
-8239
-4382
-8684
8250
-6153
-3507
-1409
-4296
-4848
6069
-342
3836
8726
5572
1371
-5674
-7627
7810
2994
1535
2850
-4566
673
584
7415
709
3441
-7716
-5321
-3337
1492
-67
-3282
78
-742
-9602
7331
-843
5527
6346
3079
-1785
-5298
8035
14
-7978
-5492
1215
-4597
6546
1046
-6428
3572
-8673
-2571
0
6211
-8877
-3998
-2977
4092
-3434
2113
2655
654
-8861
6285
4553
-2359
-5780
7193
6248
4250
-4689
-8169
4724
814
-1038
5380
-2873
-3863
-2861
2711
-4630
-5272
4481
3652
-2005
7160
8513
-5743
512
4048
-6701
3556
-6218
-1696
-1580
6238
3483
1424
-873
-2222
-9515
6295
-6360
-3520
8529
6986
-819
5940
-5006
-5887
-5830
7783
541
-7610
-8276
361
3104
-5906
5317
-1625
-769
-5888
7638
-2205
6103
2192
-3659
-1190
5049
4619
-3577
-5392
-5812
7744
-5854
6140
-6501
-9526
-2242
-6607
4276
3808
8357
-1262
9501
-9959
-2058
1183
-7113
4512
-3602
5860
1437
1734
-5406
3766
-9881
6521
6186
8482
6504
7778
-4385
-6891
223
8211
2084
-7327
-5917
8700
7711
-9527
624
-9002
-5985
-9506
4728
1473
279
-5792
-1980
-1332
3843
7484
7363
2837
-7226
-2648
-7150
-311
9497
3758
3747
7637
-8161
9897
8876
244
-8902
-9664
7837
-3139
3648
-7584
-2131
-8403
-7563
4140
6730
-5604
9660
1929
-129
1578
6045
-4015
2431
-9708
-9023
-752
9756
2520
9136
6617
7839
732
-8730
2511
-3628
-875
515
3164
1072
4503
-2739
-4313
7372
-594
-7967
-8211
-4206
9570
4248
-4034
-9697
5030
4625
9013
-9348
9667
-7343
-2849
-4778
7759
7745
-79
-7034
-3952
-8699
3698
-9372
-6701
-5052
-7594
5516
-3956
2430
4378
375
6758
-6185
4600
-8239
-8292
-7689
7067
-7459
5818
7317
-2583
-1665
-3242
-3216
3710
4070
1777
-7961
593
-1103
-5311
-8367
3008
-5266
4269
8019
-9239
-4818
-977
568
-3170
1263
-6804
6477
4271
-501
-1557
-1787
-5821
-2257
-6168
1948
-2715
2028
2038
-6944
-6494
-6915
5608
-5495
-7993
-5739
-3929
-7613
8302
-7496
7386
706
-7033
-7740
2471
-5212
-7378
-6933
-5898
2083
-7001
481
-993
-3085
-9209
3925
-5552
-4868
5097
-8476
-3082
-9775
7535
2101
-8425
6805
5940
2987
-3601
-3448
189
4023
9252
-4177
-2975
-8862
7713
-7353
-9390
739
-9391
9168
-7137
-4037
5008
3504
2285
-4209
-779
3096
-6583
6251
-5088
-6569
-7929
-7503
-2343
3161
5028
5380
-3931
-240
-865
812
1148
6531
-1411
-3875
1770
-204
-1573
2218
1239
1056
-3244
6300
719
3419
-9968
-5153
-3199
8081
-2904
-218
-9340
9573
9541
4678
8184
1940
2692
3148
7
4364
-7981
4916
1430
-8208
4925
-9749
7285
-4244
8595
4740
-5694
2455
3835
6145
-1503
6843
-8343
-3780
5281
-1692
-5503
-5260
-9338
6416
1179
7055
5550
-1644
-7524
6235
-584
8749
-1227
-2436
-8709
-2718
-2
-4603
9970
-7599
3654
-2544
-4378
-6356
9169
4055
1938
-9346
6692
3470
-1372
3633
-5974
4616
8828
-2263
4775
-4040
-6726
2964
-5075
-1144
5660
-7065
-9893
-2022
-7926
99
-8689
-1782
-2658
-5970
-9945
-6581
-2699
9641
-3618
-3455
-2925
7046
4828
3605
-7261
5952
2657
9062
2112
6162
-189
7517
6269
-750
-6103
5545
-4025
-820
5388
5765
-794
-2326
2885
-2591
-3262
-9649
-9518
7634
5691
8739
-4629
-1639
3750
5153
-176
1766
-1959
-8717
638
4844
-1052
-6501
9136
3746
9580
5132
7697
-1372
-6357
7042
5708
2169
-4408
4510
176
8564
-1373
9388
-7027
387
7718
-6898
-4806
-6605
8751
8464
-5156
6502
1313
55
-970
7243
-3062
2797
4379
9779
-6256
-2290
567
6782
1664
-4023
-465
-1567
-6398
186
-3651
8717
5634
2245
-8562
-9312
-1059
5883
2120
1206
-3746
5068
-6013
7780
4175
1027
6892
-9088
5707
9973
7644
3388
-6097
6955
-7030
-3463
-1434
-5004
-6982
9468
5240
-6181
8130
-3116
-4534
9588
174
-7912
7518
-9997
-9350
-7338
8986
4415
17
3946
-1726
-5532
195
4097
3043
4677
4745
9474
7993
-6637
3075
-6718
9625
-3919
-8969
5925
4663
3929
5328
-8606
-9346
-2910
-1217
618
1929
1072
8145
-2627
-205
-5231
-9921
3529
-9801
6701
-7566
4393
5125
9631
5798
9067
-3010
7598
704
-7860
1503
7095
-2836
-8583
6443
-4378
-412
2667
-3070
6139
-559
1252
-8693
-6558
-7158
-3715
1622
8571
-4229
-8177
-5322
6384
-3590
6395
-8723
4968
-9682
-6654
8745
-3288
9839
88
-7362
7462
7337
2142
-7357
8460
-791
-2155
-6596
6251
-5918
-5033
-4018
8729
-752
313
2280
-1464
-6546
9350
5428
861
4665
-3208
-6293
-3668
1169
7261
-6469
-6941
-792
6269
2956
9687
7183
-4022
5164
4382
-3535
6556
-8336
-5749
5127
4705
7221
-6596
-3044
-8317
-8856
9553
-2411
-9551
1701
-260
5167
-3003
4645
-3404
2212
6490
-4469
-1856
-2319
-1742
-8300
2131
8748
-9569
8258
-4992
3006
-6785
-6599
5434
-1177
8378
-3133
4486
8871
3995
-7620
8158
2674
5472
-299
3605
254
-4299
-218
-653
-6750
6755
-2739
-3759
3675
-3068
414
4291
5386
6102
-1683
-7019
-2207
-6613
9147
5009
7915
-4017
832
-4454
851
-1252
-1509
-2374
5426
-690
-9312
-9645
4332
1226
-1668
-7061
-4974
8446
1744
1303
9206
3066
-891
1913
-4916
429
-8295
-8035
5912
2415
-2943
-7038
-5213
-66
-406
7699
-231
6077
-5743
1081
-8891
-1934
1735
2300
3389
-6078
3547
7560
8690
-7927
-128
8446
-6211
-4453
-8291
-9838
-233
8536
-8149
-7888
3398
-332
-564
5861
-8211
9778
-5603
-7194
7925
9602
-9145
-298
3960
9667
5124
313
-2770
-4327
8422
-2102
9325
-9212
2679
9541
-4521
-2439
-5842
9317
5735
8004
-2311
-8033
2409
-8634
6215
-4091
-6895
2537
8803
5518
3262
-1007
4852
1316
-2630
-2201
10
-1980
-8847
-4575
-6226
-6221
-7959
3165
4738
-9623
421
-8071
5678
8771
-3189
598
965
6160
647
-917
6411
-2703
8041
-4568
-9
-3665
-5122
-2079
9745
-511
-993
-3565
-4500
5216
8040
-7246
-7834
-4726
-5509
-2779
-6870
3617
9748
-5583
-7268
-4248
-3806
527
-5617
-4612
6092
428
9911
-6030
1497
-191
-5742
-6729
9579
-7992
4260
-3915
-7437
2435
6486
7382
-9819
-9437
-3349
4365
-4970
-268
-9489
7408
1454
-9167
1611
7675
822
-1381
-7924
8179
1391
-2641
-1198
-3047
-5442
3494
-2176
1235
-230
9900
5568
-271
-2978
-6173
9059
-2442
2534
-5288
6812
9598
2166
7204
-3166
-5199
9903
5632
-1246
-6443
-420
-2773
3416
-4552
330
808
-5988
3450
-5133
-4046
5519
-9659
-5382
9924
-4764
-3317
3061
5195
-213
4877
8005
-4235
-520
-6402
-4860
-4705
-5266
-7014
-2139
5902
-4155
-9212
4349
2676
-7627
5599
-7078
-7482
-1322
3677
5965
-4125
279
2964
7998
-7944
-3542
-8992
2021
-3511
-1780
-9780
-5717
4963
-9306
-5874
-6274
3108
-921
8567
5288
8312
-6198
5881
-185
-39
-2932
-5391
-8762
-8426
2422
1641
-9372
8036
5656
-5510
3440
7793
-2703
6392
-2031
-8003
-2459
-5208
3844
3837
-5633
9278
6077
248
1659
5315
-3615
-6084
2905
-4186
-7019
5143
-2123
-2967
1889
-7694
5333
7074
8111
6526
4296
3730
2756
-3847
-6689
3342
-4707
-468
-6703
-6830
802
7378
169
706
878
9356
-8555
6519
546
-3922
-1016
-2141
4774
-7055
-3684
3766
-6566
661
3660
5701
-7920
6466
7822
-1606
5936
8902
7742
1521
6417
-6609
-3104
5655
-9085
4972
-6848
-1880
4614
-4540
-5701
2579
-6008
-1552
5296
-2512
1305
4518
-230
665
5917
2512
1326
8588
-8664
6435
-6059
7210
-5370
8065
-2828
701
-1596
-1736
5378
-4647
-5551
-8108
4018
-4510
-5112
4571
7733
2785
6129
-9324
-8599
5501
-6025
-2428
-6136
7001
2053
2972
-8776
-6798
-6623
-1923
7227
-226
-5056
-8817
-4424
7713
4403
4345
2070
-3536
3081
6958
5963
-2375
1097
-4312
7062
6581
5822
9873
5506
-7414
2429
-9013
365
5018
2104
4600
-7517
-6441
3848
5989
-4202
-8368
2591
6386
4746
1246
-6618
5928
-5769
-8081
5885
5565
-7510
-1755
5228
8069
-2105
-8629
3768
7051
-1963
3710
9762
7832
7117
5538
5147
-5924
-9795
9780
-5085
4189
174
-5954
-933
186
1480
-8281
-3236
-4547
627
-7103
2057
-3309
7410
2523
