4695
4741
-2015
-4154
-6414
2822
7079
730
3358
1895
8535
-8391
1145
-912
8668
-2801
-4423
2039
-2429
-4879
-6120
-2643
4570
8817
-3149
-3013
-107
4955
6082
-5996
-7801
1100
8962
5593
-773
3418
-9880
-474
-8366
7655
-4108
705
-980
4567
9516
477
-3120
677
2646
9544
6936
7069
-134
-1013
5034
5350
-1127
-7901
1142
280
-9748
9900
7011
1013
-317
-766
4498
-706
8279
-7378
-5012
-2195
7960
-5021
8286
-1465
-5900
-8472
9355
-9398
-7565
-1534
4512
2292
-8026
3417
345
7193
-3917
-3871
-6582
-3216
-9551
1233
6927
4253
9785
-5734
-8013
-3866
-5600
-8003
-2702
-7716
8245
7897
-677
-5330
-3833
-7122
1674
-86
-1166
-6443
4650
-9298
1598
-8473
7433
8094
1165
2389
934
3802
-2942
-2875
-3320
2529
-8206
1654
5062
-1740
-8875
3086
-3511
-950
-2206
6941
-3703
8059
9070
-6008
1742
-686
6649
7369
813
-6091
-2217
-228
-7387
-1301
5662
-2758
6097
-1204
-3005
-6856
1760
-5531
9789
1879
8532
4556
-6520
-7078
4408
-4730
1120
6377
1984
9984
7006
6984
-8196
9606
2568
-7132
-8420
-4454
1860
4549
6134
5133
1339
-456
6050
-1397
-2537
9086
3778
-2217
2301
1918
3434
-783
-8482
8676
3656
-1720
-1624
-8233
180
925
6531
137
-7503
3762
-8205
-3287
9338
-851
-2364
-4120
-1782
3882
6898
-7269
-9655
4111
-9088
2175
5631
-4478
771
5223
-880
5662
-5587
-8380
2606
-408
-8601
4117
4667
2710
8403
-9976
-5966
5775
-8862
-8088
3441
-4819
9737
-1090
4689
6546
9488
-1931
-2069
-7991
-1353
-901
4205
6854
-115
3886
5711
-4411
7535
8826
800
-7839
9074
4665
-1340
-9818
162
1120
8963
3750
4699
4493
6053
6397
-5761
-486
-4834
5105
-6074
-6171
-1045
-3982
5119
1385
-2574
9677
118
-7833
-6089
-1180
-5410
2275
-9595
-4966
5048
-4059
1373
-9266
-9090
-3377
3486
-8661
-8794
316
-8161
-6238
9218
-8193
-6477
-8054
4554
-788
5368
6020
7606
-6711
-7785
-6551
8154
-9737
-6718
6991
-1994
-5616
-1017
-2657
-43
-1420
809
-5092
-1235
8582
-5505
-5333
4539
-5052
155
6540
-1413
5934
4262
-9385
698
-3884
-7761
-1665
1367
-3143
-9760
-3506
-6883
8093
7405
-3913
-9244
-8791
1485
-8908
9369
-8467
1526
9972
-4732
9293
643
-5603
-4147
-5189
300
5790
-9450
1553
-5009
-3633
-7017
-713
793
2600
-9314
-8631
1899
-1806
-3171
5287
-6957
3087
-3348
9039
9937
1147
-9464
-2744
3540
-7031
6212
-3411
-9997
-9043
8054
-6223
2865
-2572
-9625
-4471
-1499
1839
1980
-2725
9304
5505
-3332
451
-3321
9961
-4750
-2307
1041
1305
113
1140
2229
-6678
-1945
-6174
4420
3172
152
-7635
5909
-6158
8144
337
-8295
9525
6130
630
-3537
8612
4272
6676
-7072
3653
2448
-9152
-632
-8580
5495
5728
-3473
-5713
-1652
-3743
-4493
-2908
-7454
-359
8941
-978
-1262
-4978
-6515
8907
9366
7429
2578
4507
-6486
9374
-6480
-9879
-8602
-1361
-6104
-8605
-1931
-9671
-4142
-9956
642
7714
-2513
-6269
-6390
1656
1730
-4316
9349
6441
-78
1720
-1460
-506
-7661
-2417
6347
8079
7674
9454
-2827
-3351
-2005
4584
712
4569
5339
-8737
-6954
-5087
-2349
1233
3452
-4271
2439
4636
3838
5165
-8395
-7031
4785
2812
-8178
9421
-3878
7450
-5578
8751
-1970
-4455
4264
9167
4515
-3706
-3795
-2249
-1014
2735
9988
6444
-5447
-4387
345
-9456
238
-1631
-7205
-4962
-8316
1095
1246
-9803
3855
-7764
366
-5643
-6138
4113
2483
5554
6400
5215
-3951
3272
-243
1027
-9197
8426
7936
5659
-2996
856
-6190
-1274
2229
-4681
6350
-3698
-334
8213
-6096
-3236
-3661
-4094
6709
-5770
-429
-7743
1876
-9146
-7287
2542
-684
-6488
-2285
4729
6553
-1907
7063
-2071
-997
-8317
-3247
-3558
-2549
1549
-1260
9609
6400
-7591
-664
1537
-2419
-7653
-3637
714
-1116
-9934
-8009
4231
-8735
-6329
9238
3017
-8148
4670
1598
2818
1014
-9468
7364
1002
7889
-3416
4580
1657
9699
5059
-8150
1471
-7548
7701
3054
-8711
-2800
6866
-8434
-9774
-168
-9819
-1420
-3873
1708
4496
-9607
5045
-743
1773
9122
-9735
-2113
-451
-6026
-100
-5750
1556
-2794
-5712
-2424
-7498
8221
5741
-7466
9813
5451
-4720
6256
499
1562
-5585
-7868
2442
-7570
4106
-6531
-9489
434
-1688
4978
5148
-3257
6817
-7231
-2071
-123
8374
6062
-4533
1637
-7658
6809
-3089
9260
8243
1672
-9846
-9042
9592
-3324
-6238
-3167
1274
-5352
-6305
-3740
-423
5329
-3724
-2229
8861
3937
5446
-1022
9351
-7536
464
6259
7368
-9695
-7831
1045
-7766
4074
3222
2389
4577
8143
2863
6340
5318
1613
5172
1189
477
2922
-4095
2373
-4878
-3920
6843
-7198
-6686
3307
3017
2718
-8390
-6228
-9781
7999
5810
7133
-6232
1125
5919
9312
-1095
-5569
-5732
2384
-759
-824
-9545
393
-7491
-6598
-1315
-306
-8044
7171
-160
-6676
1074
9433
-2443
7686
3177
-473
1320
7900
-8210
-9837
-1646
1918
5585
3506
-9987
-3848
1506
-586
5445
5920
-6863
-8197
9759
1151
1525
6920
2895
-87
-3398
1100
-7786
5265
5360
2614
3958
1318
-7319
7727
1714
9685
8841
9788
2253
-6234
9598
291
9367
-2729
365
-2867
-6907
-6020
8500
9792
5180
5787
-8309
-3550
8350
1752
1003
4239
3087
-334
-7204
2466
11
3235
-5628
5826
-4694
-1550
-6202
8759
6038
9244
-4737
-669
-556
-461
-1164
7552
6035
-4437
2280
9814
-4187
-7037
-142
340
9081
-3813
-2092
5124
4696
-1215
-5472
-3720
-2282
-7929
234
-6240
7204
-3572
-2523
-2527
8504
-366
3816
-1405
5306
992
-40
4539
6207
6008
-7589
-3864
1353
8235
9036
-4973
-5155
-1996
-8501
2249
9487
-5850
-7931
147
9334
8230
-9468
850
-9736
8344
2818
2568
6362
3498
8649
-7292
7781
6036
4072
-2014
5972
2226
-1984
6492
9492
1609
6021
2209
-7705
8867
-1514
-1711
-5105
-2189
-4026
-1501
597
-1777
-5625
9898
-4966
3165
-8249
-9763
-6536
5948
-1339
-5568
4429
1159
3370
-7464
1828
-7285
-8050
8655
-8086
5369
6013
-649
-6327
-1728
8046
7475
-7421
-7591
-6025
5161
5326
7166
-9275
-8162
5429
-2214
4981
-9725
319
-3076
-4078
-6693
-4548
7147
-8336
-718
9689
3437
-2375
-7099
8802
5484
6396
-9792
3866
905
3358
-7407
-5066
-5044
1100
-9872
9570
5403
-8499
-6426
7152
-875
6894
761
5855
-8298
-1295
9399
-955
-1941
265
-9656
-3568
-288
-3468
-9969
-4158
9015
-4239
-5836
-5948
4763
-7203
-6646
6334
-4388
-9984
-5742
-9428
2863
-171
-698
-8147
-9719
-1111
6421
6879
-2576
3487
7750
9897
-8308
-1736
-3006
6034
-9741
5308
1068
-9539
3767
-3216
-3379
3747
-198
2757
-4985
906
-8972
5153
5458
-3389
-592
-2340
7261
4727
5044
7212
-4778
1656
8875
8987
8659
6414
-7408
-8582
7582
-9498
-7894
-5040
2319
-3052
2698
-219
-9856
-5972
-9320
7509
-9190
2893
-8282
9065
-3379
-4642
7957
6585
4945
-8772
8308
-257
-6695
-8936
6396
8968
6494
5451
1892
-4440
-3455
-2902
-3658
4810
-702
9889
-8878
-8754
-7882
3070
141
-5987
-2401
-5324
7149
2464
723
-856
-7339
-5555
-2525
-4790
-3092
5042
-2843
2621
2869
-7891
-4179
2420
-711
-9443
-9903
-2492
4341
-6585
4778
2967
-8079
-2975
6908
-7988
-7574
-7226
-2719
2051
-3599
6336
-3211
-7994
9127
3743
5609
7988
604
8267
8574
-5865
3689
1128
3570
-4240
-7165
-3072
-4296
-5095
-2154
6763
7798
4717
-7786
-4273
9127
-7441
72
-4655
-5270
2796
2794
1598
-9721
7080
7113
-6893
-7724
7107
9598
5791
5473
2026
-2531
-5077
-770
6090
-4788
-5758
5446
2779
-3246
-434
9429
6492
8484
-5595
-7654
-8819
5951
1245
-5364
-3917
4461
-2008
6255
6696
8605
850
-5599
-1479
-255
7139
-9979
9874
-9372
-6993
-1264
1642
-6545
-8274
1446
6870
-158
6680
823
-7665
-6790
3654
-8850
-4285
-4479
9514
1198
-2714
-7073
-8784
1451
-5993
357
5431
4681
-9039
-720
7444
-7607
7997
1735
-5123
7874
-7259
8383
2933
9269
-1942
-1133
1234
522
7131
-6898
-3812
-1589
-5292
-5038
-3960
517
8378
8640
5133
5611
9266
-6023
-8366
6127
5816
-5786
-1857
-6023
3017
-9735
7737
7578
-9617
5574
-3296
-1264
7905
-1834
-2862
-6678
-2118
2702
598
-8350
7964
9722
7775
-1373
-6154
2881
8742
-5314
954
9520
-3346
9418
5745
8514
9291
8177
9534
-1784
-8003
4879
-6099
602
-5458
2831
-249
-6608
957
-9661
-9394
-5531
9104
-8599
-5436
2460
5066
-5636
5419
6137
9104
6253
-6827
1005
-9039
8601
-1129
1778
4781
-3240
8787
1272
9196
3636
-753
593
-9817
5205
-5510
-2204
-6557
-3924
6800
9837
-5162
7646
4572
-1183
-9927
3819
-5833
2247
9899
7674
6575
3337
-8060
2281
1413
4165
5410
-7978
3894
-1830
-3204
-2682
-7849
-8940
-615
-661
5719
-7465
-2691
-8931
-1837
4251
8280
5956
2648
-4951
-664
5941
-915
1558
3219
6392
3493
-1413
6700
6960
7692
7200
-98
-4491
6201
5501
6420
-60
-5574
4983
2175
-7792
-1394
-3693
3826
-9647
-5497
-2325
-7067
5435
-4985
7639
-2700
-1685
7367
-663
-4598
7825
-5034
-3535
-9391
7792
1239
-5523
-7577
5323
1849
-1939
-2378
-1111
-148
3502
-1197
3097
6600
3765
1251
1315
-256
-3176
-1390
1053
9403
-6617
-5973
-1688
9522
-5576
-3766
3994
-5570
-8778
-9100
-6238
7197
-1639
-1688
-929
7665
7157
2674
3417
8055
7250
2434
-9947
-6528
-3194
-9962
-6617
333
9809
6866
2017
-9605
7678
3677
6918
2326
5823
-8423
-3724
-497
-7693
6140
-343
6091
-6706
1480
-974
1266
2861
-9062
-1769
-4238
8981
6681
-8768
8718
969
2391
8421
-3505
4801
130
-9948
5713
-9602
-1755
7787
9064
5548
-831
-1526
7367
72
-3819
9854
2059
8795
-9711
3543
-9828
9858
-4618
2334
-5147
-4894
3736
1900
5986
4141
4289
4592
3797
-4614
-8711
753
-9228
-5236
-2259
4029
-6709
-124
8539
5173
2168
1710
-3936
-5003
-4409
-211
-4556
1029
-1531
-4741
-4402
3588
1860
4432
1333
3387
-8615
-1030
2487
-1372
7990
7856
-9342
-2436
-4966
-6153
-4009
5859
9349
-8797
8907
9632
-5707
-3679
8124
-894
3941
-9779
-9325
8869
8968
-2145
5110
-4808
6473
3365
3127
2302
-6311
4926
6939
2579
2077
-9999
-3157
9774
-3772
-1617
-2932
-8648
8274
-1116
-6228
5465
2222
-5258
9048
8563
1734
1230
-5651
-8255
-2398
-376
531
1468
-1082
-1367
8716
9949
-6221
4229
2243
-8788
355
-9225
9473
3267
8624
-6440
-5992
-1197
3676
5066
5614
-9086
-4283
3852
8115
-9025
8081
8575
-2794
6810
-6783
4059
-7653
1469
-3444
-7565
-9236
-3733
1709
6458
-9306
-7907
9439
7755
-8583
-6530
-7712
-33
-2541
-8635
6235
-582
-6420
951
-2384
5882
-7825
-7862
2986
8622
-4635
-6581
3807
-1217
-743
-6708
4925
3724
-7123
-3624
6882
-8038
6121
9095
-7323
6761
-1131
5165
-4427
429
6404
798
-6277
8302
-8425
8912
8619
-452
2887
5470
-6289
6792
6983
-5395
-8509
8970
6541
9521
1383
-9293
7803
-986
-1769
-35
1223
2580
9790
470
-9964
-9881
2537
-5358
2337
4780
9833
-5746
2081
-1001
2127
-8720
433
843
-1908
-758
9217
2347
1589
9429
-4199
-1154
-9911
1143
-6267
9148
-4335
7623
-8336
-7014
4424
-5309
-4232
5680
-2706
-8419
-4573
9749
-1405
-1330
1865
-3601
-3313
-3500
-5730
-1001
1750
5927
-6967
-3391
-9769
-580
-3996
-309
1493
-8544
273
6002
-4465
8610
3533
-1675
2416
-951
8620
-5580
-734
-5049
140
-230
9128
-3269
4472
-3259
-6751
7635
-7865
4189
-5941
-4925
-438
2577
-7253
561
-645
190
-1948
-8563
8038
3859
5668
5701
357
-6845
2568
-4685
-4430
9348
1019
4150
-1153
1693
8469
2491
-1383
-7977
123
8400
-6522
-1889
-3793
8609
-3900
5530
4073
4446
9190
8642
-4470
-5050
-3172
-1700
-6413
-5824
-7916
1017
671
-3877
4601
-652
-1580
-9237
8769
4692
-781
6086
-2841
-5057
9883
-9047
-1601
-1288
737
-2634
-4678
-3335
-4473
5656
-7424
1800
-777
933
9578
1969
4580
-2155
-858
-2135
-3437
-1180
7038
-6920
3699
6796
-205
-607
-9707
-1821
6267
6626
5767
-4353
-8399
1417
-6881
4445
2201
-5592
1269
937
4317
-6880
-703
-4941
9153
-5789
-2764
-14
4901
1947
-1459
-8110
3524
6903
-2539
1317
979
6905
-907
-3692
8933
-7711
-3201
381
4734
7033
-5440
5254
5855
-1530
5069
-9823
8986
-777
933
-2637
-2352
632
-9754
-4851
7526
-253
3002
-971
1253
461
-189
495
492
7165
6953
-1676
-949
-9996
5441
9904
-2135
7558
574
4633
8314
-7388
4782
-7535
-4025
3670
9422
4916
-8298
-1356
-8530
9393
-3432
-2190
-8342
-1873
6242
-5088
8689
-5805
3970
-6642
-1780
2729
-9627
-6056
652
-2911
9001
-3098
7558
-5166
-1736
-6547
-2979
-7004
-4785
3992
-9430
-6780
-593
-36
-8597
-5057
-4434
6692
4340
2950
-9501
-356
-965
7651
2029
4491
-8732
8840
-3148
8696
7462
-3115
5857
-6282
9089
2144
-9071
7112
9331
1281
1230
7482
-5517
5539
-1948
7201
-5155
-8200
3914
-1447
-5280
-8989
736
6345
-5301
4168
4712
-8129
1488
-140
-4726
-1109
5047
769
-282
7944
3075
3251
2075
-8954
9511
1947
-3463
3873
-8769
-470
-5879
8523
-1427
5537
-8142
7132
-8345
1576
-1965
4851
5930
-3973
5350
-2478
-2988
3862
-8641
-2313
6181
4166
2111
-1396
5349
-6838
-2430
8072
-786
-7576
8427
-2115
381
8933
735
-5782
1909
-8909
-3842
2212
-4261
7268
-1567
-6748
-4561
-5553
6644
7298
-9488
4010
-3268
-1363
3888
-2752
-6502
8356
-2829
-577
3046
-3832
-622
2578
-2941
8174
1735
8406
3448
6407
4736
8835
-6594
3321
5076
2832
-781
-3646
-1501
5565
5212
1016
1459
6604
-6431
7177
-63
8075
-172
8174
3052
399
-466
-9608
-3858
-8665
1033
-6162
-7171
-5716
9654
-4473
3795
-5449
1627
8663
5028
7864
2297
-2440
-3199
-9015
6101
-6626
4026
5510
5860
-7819
-3478
2298
-1129
-7903
-1605
-2255
-5385
-4871
8937
-3286
931
-4521
517
-5713
-1044
-1650
-4172
-3746
-4808
-4651
3816
4982
-2496
3817
821
7757
-7030
3930
5130
2341
6984
1324
2492
9736
-4592
9082
8684
-8642
6126
7585
-9284
-6774
6718
-4516
9082
-7328
-1826
-9640
-2274
-4672
-9400
-6707
241
8883
9967
-831
-2517
4312
8549
-7228
8800
6873
677
-7985
-2830
-6486
-5794
-7080
4944
-5640
4162
2143
5232
-5579
953
8587
8492
-3342
-8252
-7018
5901
8318
8786
1318
-7842
-2785
-227
9332
-1962
-4770
6289
9404
1566
-1839
5931
6703
-1369
-1351
-682
8047
7045
5143
-1724
-3347
9871
-2468
3483
-7043
-9755
1937
-1731
3866
9449
-6683
-3970
4946
8045
8708
-9850
8138
6982
648
9847
-1221
-3140
-9191
-4761
1063
8007
8822
5556
6536
-6160
700
275
7856
-9548
-2623
2366
8401
-1355
4287
-5249
9730
-2437
7169
-7771
-5517
5570
-3359
-7865
5634
-262
2230
-5427
6478
771
9063
-2781
-7050
-6831
-4950
9463
3687
9079
-664
8954
1248
9136
-6566
-641
1723
-3115
104
-1811
7279
-743
7295
8651
-102
2232
-3688
-7744
-1187
7387
8530
-7748
-10
-1177
4880
-2698
7031
2845
-1945
-174
3157
6236
7592
-2230
5949
70
9617
-2482
-3631
-9484
-6908
2975
4407
-1377
-8423
5388
-8612
71
6824
1966
-9018
6048
-6070
-2315
-7726
-3239
-2796
-5692
-2704
1719
-9520
-8010
-2729
-1727
4348
-5412
-3165
-8015
-3780
-9146
-8916
3619
-8709
9985
-8255
-3766
3596
4469
-8682
9661
301
2043
2611
2075
7974
-7433
-7137
7312
-6234
1518
-1361
-6015
8073
6876
8014
-1362
-9486
2945
5819
-1537
3322
9236
-5502
-9513
-6848
-6014
6914
9375
2183
5460
5725
1321
-7587
2606
-5299
-6209
20
-9309
5845
6301
-9517
-7606
-9480
-7521
-5215
-2515
9546
1727
-3578
-3648
1019
-1965
5585
-6439
-1601
-4536
5433
253
-3905
-2497
-9051
1451
-3645
4942
-2532
8144
3104
6725
-5069
6616
9118
-7491
-9494
6719
-3239
8188
-309
2400
-1387
7714
-2396
8668
9230
5040
1814
-6143
8466
-2219
-3013
-1569
8784
8970
-5040
4999
3963
1349
3335
795
-5218
6777
-6963
509
125
6759
-4257
-2527
2418
-6736
4866
-3501
-4275
-5400
6356
-5564
-800
1306
905
-6820
-9442
-1899
1177
9790
-6895
-1604
1082
-8374
-1923
2960
-5098
2156
-6033
-6210
-114
101
-8665
7585
-4107
5334
636
-4461
2087
-9536
-1396
-4954
-5437
4621
-1327
3337
-2722
1799
9211
1695
5995
5108
-8628
-1964
-3651
-890
-9131
-7641
-6756
-3653
5237
-8397
8919
8002
-1108
7634
-8437
-1831
2601
-5485
-7878
9222
-3722
5263
-5413
-5932
6799
2473
-6891
2255
7463
-858
4051
5119
-1604
-3306
-5303
-2592
-8089
1303
8898
140
-4554
-8296
-9556
-4723
-33
1751
4489
-2016
1754
-7983
-3240
8693
-3247
2001
6048
4905
-4680
956
-6649
2319
7218
6281
-9321
-1068
-5618
-9607
-5434
3552
-9779
-1897
1212
3564
3217
-7852
6585
9295
5894
-3602
-4194
2362
-3956
924
-6244
4665
-3786
-2594
-7455
7938
2587
-6448
8604
966
9806
1587
2148
4945
-7738
2712
-3519
-481
9888
6331
-8004
57
3563
-5850
7738
5005
-1577
-8764
-3239
-3918
5224
8931
-2602
-372
6281
452
-4269
8931
-5551
1933
4264
-1004
-4821
4233
-2919
-343
5750
5121
1730
7370
1328
-6013
751
-3575
9335
-3601
-3848
-7086
-591
432
2880
-9513
940
3450
-5058
-9065
3941
-1601
-8015
-1070
2975
-5070
4449
-506
2449
4284
-3385
-291
4008
-5609
-2699
-7913
-5492
2582
5341
6112
-2886
-2133
-6488
-2398
-6525
-3872
5402
5052
7365
5136
8154
7719
-2713
5008
1124
-3528
-8539
-4494
1091
8390
480
3125
-7513
-9608
-3260
-7331
2166
9470
8479
-9918
-3130
-5651
4843
-5024
7853
-9265
9456
5686
8782
-4571
3195
-3458
8656
-5510
6738
-6088
-1312
8546
-2060
3339
1185
-881
5204
4839
-8315
3967
-5271
9420
-2908
7924
-5472
-415
8752
-4817
-115
5381
-7964
8432
5730
-6361
4314
6190
515
-1607
-8770
5319
2383
8308
9435
4020
-7779
-9285
1716
-7478
-6493
9194
-9059
-2005
8914
-8638
-1296
9199
6336
8214
-7293
-8871
-5121
-2684
-4134
2763
-3339
6652
-7699
3245
3527
-3590
6195
-7058
2371
-8556
-6512
-5829
-5903
1920
-5830
-6998
-3244
-5766
3728
-6626
796
-3430
525
-3851
-3522
-1681
6682
-3516
2295
-1667
2015
5197
-9061
-3605
7302
5664
-8628
8199
-1448
2182
5355
-8638
-4310
4505
6035
9484
-2977
-9370
9247
9235
-670
-3369
6453
-7366
9114
8652
7730
816
-9169
-8321
-9791
1942
-2035
7520
7255
-777
-1029
487
8355
-3700
-5753
2182
8816
6307
-1431
6134
7759
-8565
8408
6478
6739
93
-2985
1346
-3760
7622
7847
-9187
4674
4145
-4149
4026
-9839
-3501
-9119
-9940
-4266
2399
-5600
953
7443
-9660
-8857
7564
3500
7640
-7248
-9651
-6022
5415
877
4306
-3765
-2043
-2880
6134
9489
3617
-5718
-537
-3901
9081
2216
-2760
-1026
6293
-4999
6422
-3704
1441
4048
-7025
5641
-8184
-4985
6888
-8721
4648
9725
7081
-8718
3305
3164
-5048
-8647
-7350
5981
3147
4363
2429
2772
2039
-488
7672
-8029
-7499
5014
6967
6069
647
4018
2184
-5005
-1867
4544
656
8678
-8013
-2495
552
-5874
1438
4622
-7376
2108
-9575
8468
-8233
1656
2963
-3079
-5093
2025
-8354
-3664
5087
6728
5171
-1462
-2111
4472
6707
-7586
-568
-3116
-448
-8403
1682
119
3068
6397
2168
5745
-1514
-7984
-83
-2307
7477
-1536
-7244
7318
-5185
5502
-7344
5596
5515
-3847
9083
-4844
-3280
7722
1924
-3803
6670
206
-7945
3301
-5963
-8397
3732
-8626
-1509
5097
6059
5321
9581
665
-6300
-9111
-3
-3050
410
7560
3806
4860
-409
-1266
9432
1990
2017
-6115
8796
-2737
-7210
-926
-7680
9082
-9538
-7660
8995
-6468
2608
6986
9910
-7785
229
9273
9976
-9040
8857
5026
3612
-7306
8230
1268
9828
-7023
1935
-9229
-4558
192
4682
-9554
589
-2325
571
-9502
1808
-9626
-4137
-6841
-9853
-1448
1112
-6683
2289
5658
3898
771
8266
-362
-3127
4177
2280
53
-37
-3627
4393
7155
-831
-8717
9021
-1865
-785
2747
3052
-5699
-6092
-3620
-9864
6181
2874
-4641
1690
-164
-7144
8823
6747
-9600
1383
-9005
4344
-5088
-5087
3680
9512
5665
9351
9680
-1969
-8232
-7934
-4513
2727
-5008
4562
-7195
-1244
-3753
-4009
9586
-6645
8174
-8205
9831
5192
8156
6889
-9138
-1115
5418
3796
-6190
6821
-4229
-3463
4598
8329
-3839
-9874
-3649
6855
8362
9748
-5087
-3273
2219
-3230
4571
493
-3282
1006
-9346
1030
6900
-868
5515
3661
9347
1939
6926
-2056
6783
-7097
-6820
122
-2744
630
-3503
428
-145
-8551
1907
-1160
-4742
9760
232
8840
-588
-1150
-8051
-3585
-3661
-3700
4690
7292
-6026
5232
-5069
-6002
-1091
-5713
8122
1453
-8057
9830
-9002
3900
5123
-2415
5072
-4886
4923
-3181
130
3979
-4157
6679
985
-4936
4837
5969
-3361
1263
-7718
-8748
-3664
2691
5205
-8203
832
5638
-9232
-307
5657
-8148
-3511
8734
804
9180
-9149
1759
5174
3694
-8533
3292
-4931
-6531
-3731
816
-7071
3676
4444
-8983
3060
8597
-4926
2669
-675
-965
-958
-8199
8489
-7565
-1856
-6548
8337
-1213
2781
-3475
9860
6935
2197
6971
-9139
6802
-5929
-280
-3518
7791
8953
-7361
261
4217
9800
-3549
9941
-9091
5017
-4028
-1433
-2573
-1253
5796
-2473
-8302
8867
-2433
2538
6612
5750
413
-3308
5831
6181
-9552
3584
-1265
6465
-3592
-5410
-5143
-9663
-4258
6665
-4415
-4320
197
8517
7114
3812
-4070
-4644
-6662
-4581
-8615
-8481
-2079
4685
-7851
-8670
1629
760
3422
705
4376
3432
-1012
-7542
1587
7779
-5607
-1446
6650
7151
-9914
-8099
4897
6904
7046
-2529
5272
-7385
9472
8814
-3228
-4508
-5735
3432
-3802
4204
-915
18
9471
-1488
-3039
-1893
7556
-3776
-1650
5196
6701
7209
8561
-2936
5752
9231
4267
262
756
2057
2187
4627
6616
-6791
-2654
-845
-2793
5530
3841
7621
-707
4481
-8478
-3046
1298
8810
-9734
4391
-2397
7789
-6549
-6963
-4230
-6998
-9848
-1669
2687
2499
-2140
3181
6797
4018
3498
1451
9681
-7105
4154
-2147
2842
7326
6021
-586
8165
-8491
-5580
819
-6145
9504
3522
-5764
1089
8384
-5062
3713
1531
9131
-957
-1593
-1937
2609
-4237
-6120
-9211
-3303
5247
5517
-2881
-3279
3767
-9357
1261
590
3387
-5734
-6197
2474
-5652
-152
-9147
4217
-3145
-6661
934
-4713
9679
4350
-9177
9711
945
-660
9081
-8571
-5807
-8114
-6913
2742
9445
6640
-9895
4236
-4063
-9679
-8524
7810
-8304
-5781
-131
-3166
5598
-4504
1726
1651
3376
4146
3584
-2642
3989
9917
-86
-4107
5272
7661
-4200
8548
-7983
578
-325
6874
8943
5845
4598
3288
-1134
4166
6660
9381
6388
-4300
-2726
3916
9167
5370
3069
3664
7549
4191
4263
5990
6839
225
5653
-2551
1468
7312
-431
-9468
-7373
7986
5448
-2742
-2125
6531
3954
-6601
9346
-3707
-8719
-7906
8010
9537
-5293
1040
-4433
8438
-2421
3258
3721
2045
-7800
6689
-2
6365
-6542
-6946
-1694
8072
-1291
9713
-2199
6433
-8626
-9991
2935
5692
3464
180
8422
-1411
5464
-6731
-510
8326
4403
-5324
-1850
-5680
63
-6765
-5859
4719
-2820
9593
4101
2074
8888
5731
1607
-9025
-6635
-3412
-8501
6998
-2901
-8475
7937
-3988
-7237
-3822
6408
-7844
-4741
8999
-2867
4253
8888
-9709
221
5766
9001
7920
-8169
-9795
-464
7698
-309
538
6596
9994
768
-1981
6038
-6848
6995
9747
6329
8548
8127
-7564
5489
2022
2826
4064
-8940
7894
3665
-2618
5709
-4056
-5828
-6867
-4972
-8048
2164
1209
-4605
-4866
-6021
7579
7569
-3135
-3563
735
810
5353
-8934
6146
3724
5197
-8343
8347
-9825
1898
-4335
-7108
-6031
4594
-8023
-6869
7939
-6261
-6948
-4636
2495
197
1138
1617
-7371
-2071
108
-8182
9349
-9238
8199
835
-8334
-2843
6421
5468
-9089
7665
-3033
2578
1092
-3781
-7081
-8405
4363
4329
-9286
4150
-2730
2667
-5423
-7538
-8887
-5744
-3687
1259
-6534
6674
3203
-8343
3392
-9240
-965
-6975
7327
-2212
2963
-158
-9588
3209
2385
-2903
-1289
7458
718
1788
-1904
5381
2131
4984
3678
990
-7332
-6154
-9256
586
-2429
-8554
1969
1834
-5947
6233
1372
5463
-5224
-4549
7843
-9165
-9319
7331
-71
9177
4379
6222
-7928
6420
-7874
-2653
9089
-6365
8662
-6669
3473
-8443
-9397
-6825
-3371
-7884
-2939
-9163
4002
-6695
1137
-6970
-1603
7019
4214
2029
-3819
4766
8148
-6350
376
-5486
676
2062
6918
2631
6532
7832
3866
3920
5580
-8644
9948
8944
5824
-2450
2378
-2506
1405
2428
4892
2262
-6329
830
8300
8003
8601
-4882
-4455
-5622
-8536
-125
8256
-8124
-908
1804
-5476
-7928
7610
3791
4439
-8810
-559
2450
-1195
3321
-170
-4144
-23
-8364
2177
-5456
596
-7786
9032
8157
9422
-7236
4152
820
5314
-6056
3104
5536
-8605
939
9018
6956
-5866
-4512
9995
3065
-3548
1665
-5272
-9890
-4331
6025
7299
-6600
4675
542
-2697
-4548
1360
-8046
9648
9689
-8189
9555
920
-5380
-5876
6802
-2985
-9564
-1432
-1129
-1833
-611
-5097
-2089
1046
-71
6160
-4006
2229
-2126
-7139
-2033
-6672
-3549
9866
-4854
5359
1217
-4446
-9968
-4792
1183
8119
-5953
5736
7780
-7086
473
-6493
-2855
6851
2079
9849
5684
1813
2942
6234
-2069
-9769
-5045
-5436
5782
987
-1950
-8322
7693
5763
7777
-4971
-8216
4557
6796
3631
-5530
9088
5123
-4220
-484
9728
-1753
8061
-4578
-6816
5985
-2160
2678
8095
-7957
-314
-1612
-4682
1963
9961
-1889
2348
-8212
-7768
7458
-774
-5764
8016
5516
-6961
3431
-3816
-7996
275
335
8544
-1702
-1688
-8293
-8413
5535
6597
4189
-9773
-5440
994
9342
6022
-2337
8994
7039
7384
-4865
-1377
1506
9549
-2427
-7240
-3489
5053
-7453
-1771
1578
-9238
-2507
-3279
-9227
9539
7096
-6420
-6437
5938
2201
1328
-1377
-2214
6232
185
5319
-5663
9160
2943
-1294
-448
-203
9542
-6872
-1892
-5344
5051
-9236
-3403
9021
5148
3991
-183
-389
7318
-9223
-7135
-9156
821
-8902
-4665
3950
-673
-4586
5889
-6405
-7542
-9674
2756
-2573
6767
-8287
-7663
2352
-3441
6735
-5002
1700
4316
2019
5940
-7723
-2582
-3905
-9671
3747
771
968
-841
5161
-4092
9275
-2889
8574
-9722
-2486
-7526
-3750
-2857
-1171
-3498
-4052
7310
-7401
-2245
-6446
3958
3064
-5169
6832
-6591
6001
-9439
-5136
-6477
-2546
7547
-5274
-2145
936
3573
-7841
-6853
753
-3642
1292
-7318
3237
-1726
198
-7416
3875
3766
-618
4818
-7529
9043
-978
1591
6645
-7987
-8995
3857
-6709
-8156
6572
156
-2891
7924
-8709
4098
4740
-3958
750
-6244
6718
-5029
-2415
252
4153
-9838
3243
-6199
-4856
9247
2693
-3072
-2048
-7300
-3738
8105
3248
6060
-787
2998
-7438
-8147
-5307
-4927
-954
4243
8033
3847
-6688
1756
-3722
-3979
-8591
4983
6406
5241
-7773
6081
6569
7962
-9172
-210
-1784
3944
-1805
4037
8895
4256
-1983
-6914
-5428
-7674
-187
3394
-4339
2422
-940
8693
-449
1980
-632
5831
-9209
-5420
-2664
9783
8291
-5884
5431
-6652
-240
9975
-9796
1293
4720
2756
2063
3300
5790
-119
-269
4368
5970
-3259
-3558
-9573
-6762
-867
9432
-8715
1814
5443
9540
-9862
-1481
2095
-6428
-3709
1025
7216
336
-4450
8308
-5713
7487
789
5562
-5684
9703
4959
7293
8493
-1784
1348
946
8405
-951
8255
-3343
8279
7912
-354
-3053
-5105
-9887
3056
7335
5417
5823
145
-4239
2314
-6588
9558
8360
2951
-3280
6144
-3203
-2640
-5299
-5609
6043
932
-4143
-4324
209
1663
6726
-5089
-2259
3188
1526
9238
8720
-6983
9748
3076
-1899
-8903
-5812
1082
-1180
4621
-4140
6661
7893
8799
5948
-9468
6325
8939
6437
-9008
-2631
909
3832
5821
7102
3270
-9045
-2931
5970
8934
-5661
6555
8589
-2241
9795
-7295
1676
488
6787
-2440
-9479
-5954
3717
-2248
471
91
-8786
1377
6740
1369
-5260
5378
8489
3142
-5870
-6428
-6024
845
-7429
4503
-2214
-2338
6930
3144
2720
742
1815
7409
149
-9401
-7880
2434
-8007
-4200
-7658
4523
-829
-862
2995
-6247
-5233
9170
655
-3991
-6464
4728
-3030
2467
-9254
4522
-5042
5704
4970
-7803
7136
7857
6585
2487
-4650
-2599
-1652
9205
-9798
602
7792
363
-9537
-8975
6077
9027
-8475
3025
-7759
-8581
5375
5691
-6408
5926
2686
-6681
-6576
-2492
-5947
4624
-8041
1564
-4967
7536
-2651
-8943
-6243
-1268
-7636
887
-2454
-4029
-2072
-203
-7098
-1187
-5882
1745
-5599
-8796
-877
-8966
7685
-4565
8940
2491
-168
-5513
9668
-5118
4127
-4238
2687
-4788
2947
1243
-2477
-4056
-9721
-9021
603
5361
3462
-9609
1528
-8144
6361
2118
-1632
-7215
-5988
3641
495
4725
685
1803
495
8549
5137
-5728
7727
-3
1842
3753
-8275
6310
2380
8056
-3462
-846
-7684
-3758
6000
3174
-2992
187
-7026
-5818
3472
4452
-5127
5695
2316
2536
-7626
8921
2214
3483
697
2653
-9600
6219
1784
-9503
6845
5486
-3197
6635
-9987
6125
4953
3610
2161
-4386
3610
-7825
4420
-9158
7580
-7809
8540
8456
7632
-410
-525
-8021
-8411
5437
6285
-2870
9457
1505
-4899
1119
7460
5098
-7429
-3773
-4817
-5274
-1674
8629
3735
-8473
-2559
1116
9974
8103
-6821
-3678
3476
7678
1807
4914
4754
3496
6704
-6053
6020
-8981
-1670
5411
7096
8441
5915
-4829
5467
1507
-7354
227
6854
9480
-6751
2318
2332
-8240
9212
-8014
7224
4784
-5023
-9381
684
8097
3822
-2471
6751
4802
7934
-9641
-682
4231
5392
8002
-4765
-9814
8008
-8754
5972
-1193
6617
848
-925
6218
-7688
1063
-1790
-4608
-5508
8402
7516
-2442
-2407
4504
4079
-5429
307
-6332
3128
6269
6991
5038
6473
8186
2678
-1286
2326
2223
5564
8401
8899
-5190
3249
5577
-8524
-6579
-7038
-5980
8449
-8928
8103
-6847
-4179
-7476
-8309
-3325
7461
-1318
612
8160
-4153
-6481
-4312
-3473
6016
-8811
7883
288
3056
5835
4375
-4386
-5415
-1126
5636
7245
-9831
-5039
-502
-3839
1624
-3280
2937
-6455
-1367
4894
-4714
-652
2118
3427
3123
6642
-149
-7841
-9385
8987
9272
8759
-2259
-885
322
6336
4851
-8546
-7508
4951
-1066
-2037
-459
-1078
3768
2542
3514
-6455
-5022
-3035
529
6806
2742
-7620
8892
3106
-3916
5735
-2049
-8072
-7369
5598
-9214
-9393
2755
3450
3320
-930
69
9278
-9316
4169
2832
-6398
-8752
4812
1558
429
8942
9047
-2852
-5176
7958
4254
-797
8425
2326
-8544
-163
1031
6643
6295
-4925
-675
-40
-5670
2748
-6954
-5987
8632
3577
-1363
-8095
-942
5067
-3572
-9931
6862
9030
789
-1733
8199
2238
4270
-927
9630
3088
-7965
9812
1219
5214
3542
-1369
1754
4683
-62
6024
-4221
-7267
1098
2771
8816
2529
4395
-4677
-7611
5028
-1252
-3856
-4748
-1319
-8269
-4864
7970
1124
-472
-6225
-7515
5132
9106
6136
835
-6625
6087
1905
-608
4927
-8327
8094
-9772
8273
-7728
-9568
4955
835
7357
-1014
8230
2028
-6737
3054
7682
28
-47
-8348
7240
3871
2950
-277
100
1921
4629
1509
-8034
6448
8365
6183
-6510
3325
-7401
3342
-6996
500
-2015
6025
88
2369
5834
6049
-3078
4123
-7317
6529
3470
-9531
455
9905
9454
-8703
9283
2684
-6422
-5261
2475
551
3108
1194
2718
-9740
2748
-729
-5458
2586
1528
5676
-6366
5080
-6789
-9039
3840
-8342
5077
3602
3263
-7630
1397
-2744
-8264
-7793
4062
1446
6610
-2596
1416
7788
-1696
9815
2052
-3889
8053
3892
672
-8421
-145
-565
2234
-339
-7803
-1339
5250
-8016
7352
-6877
7442
7558
7523
8425
-607
-3308
-5913
8236
-8482
3925
9242
9391
1853
1324
712
-2513
1423
5314
1304
-3851
-9934
-517
-1144
-7978
3413
-8542
-7327
-9620
-149
5832
2709
-1995
-488
-2536
2498
-8266
621
2424
-4367
-1316
8120
-7263
7885
6492
-1837
-8764
2924
-7533
-6938
8011
-996
6441
3122
71
-4479
6773
-9154
6459
-895
-5447
6795
-9469
-1424
-2525
-5071
4690
-8277
-8058
-3302
6900
8730
-225
9487
1864
9218
6181
5691
-912
8401
-1481
-7223
8362
4406
-2125
1371
-6460
-3325
8734
4165
6967
9709
-7371
9024
6311
3420
-3784
-6372
2379
-9957
2878
-2652
-3144
-2159
3146
-4147
1502
-8434
4315
-3232
-7968
1869
9542
9691
-4771
3668
1235
4462
-1271
-2119
-75
-5913
-6073
3243
543
7986
-4169
9231
2650
-2058
8370
-1617
1127
-2537
8845
6505
-6701
-4844
-6388
-2612
-4535
8861
3123
8568
-2554
9077
6334
-8651
-5832
-7077
-1810
-7095
-9987
-5804
9650
-1761
-9651
-8754
-6415
6302
2670
2483
-1923
-2680
4876
7923
6928
-292
5152
1865
1003
-8883
4981
-8013
7751
-2647
5407
4689
3243
6287
1181
-3653
3098
-8881
-6890
-8137
2922
3873
-6205
6122
1560
7084
9559
-170
-8797
-4710
5635
-9171
-1357
-8167
-8750
6092
-5367
-2631
70
-5510
-9586
-9059
-3580
-9511
-8463
2533
7998
7573
-5291
518
-1383
-3612
4256
2226
-4556
7901
-9824
7787
4750
-8209
158
1754
4037
-3768
-2605
57
-9085
8941
934
-7129
-8578
-1325
5421
-243
-9842
-2077
4665
214
-9595
4940
-1532
-8221
7778
2813
8345
-3156
3254
6129
2910
-9911
-7605
7446
-7816
-1703
-672
8893
3726
-8038
4166
-8979
7743
4258
8212
-8600
-5516
-772
-2119
3630
-6499
-1428
-3956
3052
-3901
-8406
-1424
-1608
5166
-581
-6938
-3112
3762
-1394
3834
6661
8308
-6463
-5337
-5854
-4354
1965
6241
-6617
29
-4529
4828
610
1228
1880
-1739
9155
-7929
8736
2509
-2848
6364
4670
4457
-2156
9833
7827
-2758
3015
7662
-4215
4052
552
-7401
-7876
-6269
2822
-7012
-9163
5969
-3715
1265
-6557
6475
5493
5756
-9489
5098
-9497
3343
-9917
-9809
7169
4231
-9173
7782
-2592
-2057
-6383
-4536
-7537
-7236
-7647
9730
9705
-8595
2335
-6876
-8679
7425
4784
1910
-8803
474
2840
4748
-9486
-8664
7911
-4645
9194
3024
2245
-5425
6187
6629
-5242
-4116
-1064
-191
8052
1936
8518
8111
-6596
9986
-1944
6379
8054
1408
7928
5498
-2012
2398
9687
-9235
5902
-8942
-9952
9103
8138
-8327
4950
-5146
7267
-6615
-7016
878
-7788
-2470
2761
5258
9936
-7417
1151
-6944
9750
-1493
-7705
5439
2092
1036
-4205
-8701
-3404
7468
-3251
-2933
5026
-7721
8673
7307
-7460
8315
7447
882
-2876
-6532
402
-5693
-4784
7010
-6120
7038
3107
-610
-649
5943
-8607
6158
-1186
1073
-3185
3905
9526
9228
7629
2892
6951
-9882
-8381
-53
-3338
-1239
-844
-2146
1742
4543
8891
-5713
-2085
4955
7229
-1433
1189
274
-3349
-412
-7769
-4687
6483
1223
6686
8073
-5161
-7118
-390
7011
614
218
3269
2002
-6834
-4826
-6412
-8013
8279
-3573
8887
-8420
2627
-5316
-1636
-9216
3794
4304
7641
-1048
-2008
1167
-8807
-1838
-3162
5035
8508
-7548
5465
-9496
-8042
3643
-5256
-7002
-9472
-2738
-5343
-4882
7348
-7910
9675
1590
-3279
-5657
-2473
-3352
-8676
7314
-3223
-6747
3117
-7312
4807
3555
-4045
-8195
-3395
-6571
3037
-4954
3767
6405
-2529
-1622
-7467
-1465
2311
6044
3935
-7841
6415
4178
-8985
-5605
-8987
5635
-3529
6156
8180
9107
-5976
-448
697
-9427
8921
-7603
-1367
-5124
6263
3510
-4928
4457
4103
7795
3373
-5866
6288
1702
-856
-999
-8026
-4048
5011
3691
-9484
2366
-5361
-3919
-3364
9386
-4004
-5739
6839
6749
-4079
-9
956
9262
-4145
-2168
-1096
4265
8643
7076
6784
-3906
-4777
8885
-4910
-252
3933
-7343
8339
7332
8874
6072
-5004
8748
4640
7295
3818
-6874
-1867
-2684
-8181
-173
3626
6616
5106
1886
-1209
2178
-7489
-8002
7396
3225
6939
-8919
-486
6232
-269
7077
3999
1192
-3823
-2654
4250
-1615
-1944
-3483
-1296
-2037
-1681
6622
-1483
5877
-4723
5201
-8868
-2523
328
-877
4427
-4201
-2331
4742
6242
8385
-2195
-5210
-6530
-2775
7029
3822
675
-2754
9563
2260
4662
9391
-4792
-3658
-913
-4961
9618
-6153
9961
-2703
-4226
1051
7928
1528
-2493
-7121
2076
8929
7645
7958
8549
5209
-2077
-8235
5782
6099
-3634
-1857
9174
1007
2709
2502
-1818
1273
-8162
-6187
5018
-6821
-8430
-8262
1631
-509
6023
3781
-2041
5621
-1492
6232
5971
4252
-6168
-5294
-8289
1520
6036
5161
2157
-6413
-2471
7900
2970
-8997
-3712
-6274
-6973
-5404
2273
-8437
-7820
4557
9570
645
-6070
-3732
2612
2203
6797
4833
6184
3473
2981
3995
8381
7406
-1891
-205
-2319
-2449
7022
-7511
-6559
-4242
5316
9425
-5135
-1443
-9913
2054
990
-555
1064
4763
7663
3920
-8283
-9499
9240
-9296
5303
1393
740
-9541
3036
9538
9010
7154
9095
9623
-7996
-7551
-5535
-7249
3228
8365
-5322
1372
2101
785
-9210
-6842
-6783
5364
-1518
-5353
6579
-6157
5264
9518
2519
7074
5380
-4401
-8610
5181
6373
-2392
1130
-4306
341
-8024
-1242
-1916
-7885
6627
3620
-6239
3487
6205
-8382
-9070
2892
-3965
5440
-1475
-4054
-8088
8485
-5675
8933
8730
-5118
7465
6136
-5426
9121
-9404
-996
6768
4149
4136
-4819
-6384
8932
816
2923
-5760
1365
-4386
-1183
1554
1004
1756
-9814
-5583
9477
-6253
-1060
1644
-3359
-6889
-1186
-9544
-2137
5171
8602
-320
-2192
355
-8562
-1110
-5354
688
-6702
-5704
6602
4754
-253
-1112
2958
3481
-1203
-4396
-7496
4077
-4654
4889
3723
-5525
598
-1749
-6956
-6895
-5515
-9386
2130
44
-2830
-6935
-8942
3590
4149
-3042
8044
421
9278
-6234
9375
-9115
-7015
-3387
-850
5442
475
922
-8631
-9256
9200
8789
-8886
-6286
-8031
8553
1288
9419
-2687
5739
3246
7677
-5551
-6885
-9353
-6917
5686
-9311
4545
9765
2409
1755
3911
-6736
-2831
-6672
6927
-9044
-8649
9653
4266
-8622
-5590
-4381
8420
4834
909
-5749
-8851
-8227
-1487
-7306
-7457
-39
-969
-8959
-5989
-3468
-2415
-4299
6500
-2696
9398
4658
3779
-8719
-9423
-9297
-4709
1950
-3307
-6101
3232
9213
-7471
-9601
9896
4502
9111
2253
-1978
-872
-8455
-4453
9108
-3253
-322
9590
4529
-8668
-539
2761
-6033
1518
-1951
-430
1093
-4450
3324
-5161
-7984
-5799
-470
-6369
-8442
5250
-6667
-4097
-8932
4565
-3381
-5935
5847
-988
4816
-2821
-6543
5183
353
-6808
-936
-7232
-474
975
-4832
3928
7044
2115
-3896
-6868
-2395
-618
1478
-22
-9743
-2128
1284
-2254
9809
-9659
4630
9436
8862
1469
8037
-356
-1107
-6344
-7187
3371
-4310
-1111
-9698
897
253
-48
5324
-6016
6048
-3838
1429
671
2629
-2207
6430
-9264
1750
5557
2450
7637
-6433
-3855
2768
9379
-4496
-2885
6884
694
3956
1140
-7495
5766
131
8677
-4318
2759
-2386
8589
-9694
6991
-4095
7696
-3980
2897
3443
-9262
-7718
3183
-3115
-6376
4524
9911
2208
4928
-8923
-8548
-4904
3970
5966
-6393
6951
6029
8588
6786
1340
7751
7100
3256
-508
-3044
-7962
-1561
-5800
9501
-8086
-6090
-4319
5604
-1561
8507
3236
1279
9306
-4819
4624
5818
-3106
9255
-8578
6943
68
-3577
-9160
5245
-5580
-7923
-6538
-9464
8052
-2500
2330
-1723
-828
6702
751
-6954
1495
3524
5227
9972
-7465
-524
-1504
1048
-5706
-23
-6301
7002
-9740
-2825
7708
5855
2233
7850
-4827
5349
7388
799
2326
408
8760
125
-2655
-4170
-5438
-6705
-9369
-3288
-6990
7281
-1182
-3952
-3935
-6936
527
6240
-4138
-5526
-215
-7423
333
9287
-4027
1172
8260
1377
4800
-3858
7572
6540
5513
380
-7664
8455
-8099
-4347
-1374
3415
6046
7735
-6962
3751
-1958
2536
2067
1309
4450
-253
-9710
3497
-3074
3895
-3073
-8024
7888
5418
-5187
9941
4976
-5151
-3091
120
-1050
-1104
-7012
-49
-415
-787
-5248
4067
7609
-1521
3982
-3028
3592
1931
-3012
-1575
-9498
1532
2731
6863
-6874
-6960
2490
-6003
9910
4789
-8066
4053
-6139
1574
6922
2776
-2299
-8811
-7443
819
2888
-2052
2106
-6152
-6194
6506
5682
-5778
-7739
-6320
1681
3807
4772
1381
-6694
-8326
4459
6978
4213
4345
3198
7204
4889
-4339
8077
4429
-1451
5274
2189
-9253
6626
-3352
6728
4402
-6336
4839
5309
9224
3523
1771
-8174
-7747
936
4914
-1309
1600
-815
-1711
-1844
1790
7502
4465
-8618
-4966
-4751
5583
6553
2244
-3157
-7637
-2749
-478
-7069
-1403
2466
-463
-7237
7166
-6882
8291
1864
-3462
-2114
-9932
-6342
6790
8084
673
6228
467
-2290
8049
-5158
5038
4830
-9481
-7231
-7226
-6148
-2287
-9209
6796
-346
3835
-4674
9267
-5685
-3034
9402
-5507
8315
-8039
-9948
689
91
-4863
-9745
1938
-2865
7497
6618
-4138
4408
-6535
-9148
5248
7462
8751
6011
4059
4581
-7654
7800
-9427
8313
-5519
-4036
-7246
5249
-6689
-2392
4734
9483
-4945
-4681
-4855
3784
-4260
-3282
-9844
-4146
-2669
-5400
87
-2566
-8763
4380
6332
7595
2034
-5209
3164
-9956
3754
8421
-4701
-2508
5872
3371
5190
-156
-1616
2002
4916
-5248
-6926
-8269
-9906
-1025
-5692
4417
-8182
1333
7573
-9696
-8300
4262
8879
2217
-7024
6875
-2131
8622
-3058
-3246
151
-8398
-2336
-2275
8316
9663
-3475
-2483
-8517
2030
7477
3566
-1473
2087
-880
1829
-882
8537
-9021
8623
9030
-9730
-7247
-9632
-7169
-5025
-7024
3228
-6762
-8110
-7861
8499
7439
-4170
6830
9135
-9956
-7956
4431
7367
-2451
8603
350
-3979
9776
2913
6182
-7943
3219
-1604
-259
897
-4561
5040
6630
2193
-6616
230
1431
4389
6908
-9690
-8808
4582
670
490
-4702
202
2153
612
-9001
-4264
236
-6370
3300
8287
4113
8155
-7457
-6684
8611
6525
4931
3689
6976
-6358
-7292
9278
-5797
7436
7777
-8934
5531
-1393
-812
-2024
-8833
-3295
-7864
-7557
7577
-4547
33
-7100
-3358
3536
7152
9543
966
5113
-2578
2248
-6888
9587
1615
5839
-5544
3511
-4532
9587
-2666
-8503
7937
2554
2718
708
-898
-8877
6852
3435
-6366
-7349
-8894
-8541
3226
5085
-5152
-6202
-3344
-8018
-5386
-8786
3727
6403
6320
5261
4012
-5139
395
-472
1673
1132
-361
3422
-631
3285
7743
5667
348
7240
4428
5534
9899
-57
6084
2549
6217
2352
6205
7257
5064
-2082
-5038
309
845
-7930
-6472
6401
9133
2563
-1991
2883
-9049
-6151
-1930
-3643
-4469
-6214
-9969
462
-1160
3251
-5628
5952
9272
-7818
-8106
-5059
-1060
-2735
5969
5561
-1328
-5872
-7537
-1216
-1631
1498
7781
-5533
4933
-5571
-5873
-1971
-9320
-7584
-7682
6624
-3280
-6024
8804
5630
-3212
7044
4753
-6020
7486
-9075
2800
-2265
-7322
7920
5653
3376
2115
-9708
-5221
-3027
-2324
-3001
7686
-3705
4662
-1012
7371
-1917
730
9846
-8011
9199
3916
4725
3888
-8803
-5421
1812
5096
-4344
722
5511
-2309
-6507
-592
-1249
3135
-7324
-8830
-1736
-2648
-8945
-4015
6954
9796
-1629
-3270
1435
-6515
-9434
8783
-8994
-1753
-4833
-3786
6279
3156
-4579
-3097
4430
-6299
701
-8596
47
1018
-7299
-4090
1422
-3234
-4280
-619
-6345
-8006
1937
8816
-8483
-5501
-4874
6806
-2132
-3020
4437
6258
-3727
-1478
9480
-7672
6196
8020
9988
-8023
7144
-1100
-2666
4440
6979
2285
7604
399
6581
-4918
1280
-7382
-5020
9007
4590
8094
9889
3642
-7900
-3587
-5971
-3348
-9169
-2611
-2037
-5471
-4093
-9067
-3709
-2232
-1733
-7587
-8100
1600
8192
-3103
5357
360
-1280
3009
-23
-5845
6435
-7288
-9312
-5804
9761
3495
-7193
5089
-4359
7015
4624
-4421
-6719
-3482
-3647
7554
68
-8110
-6201
-2836
1789
-6913
-7384
2518
-3997
954
9432
4033
7824
9799
7807
8584
7928
9741
-6818
2368
746
-2251
-552
6380
6645
-3047
3033
-1065
-4919
5968
-5529
9073
6119
7548
-857
-9729
7922
-8574
6652
8593
4777
-8045
7893
-6206
6577
-4190
-670
-2756
-7643
-3630
1253
-1841
-8166
6228
5993
-6743
9250
4865
-8536
-5303
-9012
706
-2035
-2158
-4713
-5538
-6832
-3274
5264
-9654
-8344
-7300
-2855
9671
5794
1853
6492
-3413
9013
365
-527
-5549
433
-1644
-7337
-1862
-7008
-6115
5548
-6956
4486
-7177
8673
-4127
-9295
-4262
3408
9629
-9721
6183
-2509
-267
8198
-6882
9637
-5597
5734
-2228
-4497
-5903
-9754
-8835
-8116
-6995
8618
-8455
-8391
-2624
-5088
-4754
-8430
-9277
-3067
2641
-8292
3197
4704
2830
-208
3368
-9845
-45
-8115
-1489
-5091
872
-2094
-9823
-7603
-3250
9393
9149
-2919
4799
2440
4065
-850
-7972
-9758
-4442
1185
-3077
9480
-1066
4575
-7995
1379
-3258
-885
-5831
-5149
-992
-97
4542
-2756
3650
7380
7216
-8233
1230
-4120
-2276
-541
-4525
-3117
6362
1486
9309
4340
7541
-3308
-8507
-5908
-6597
5401
7078
6704
-1285
290
-6702
-3272
653
9630
-7079
-5839
3099
6035
-9869
765
-6095
-321
1486
-8023
5229
-5554
4368
-6740
1244
-1248
8399
4427
-8852
-3478
-2024
-4664
935
-8801
-692
-4612
-9502
-5324
-7086
3225
-9211
8301
-8600
2003
8468
9993
2817
6178
5729
7365
9950
9224
-126
-5354
1707
5216
6689
7495
7733
-6661
-5073
-2026
-2641
-8715
-8596
8447
-7365
6412
2067
-7801
9724
1029
-3226
-1117
3842
-266
1671
9972
-5713
-906
-7294
-2498
6058
8104
1353
3513
-9153
6821
-5859
2049
708
-7417
8262
1793
2312
5056
6903
-9213
-4574
8279
-2137
-81
489
-8956
819
6893
-4834
-1658
4119
-462
2308
-6625
1781
-8120
5659
-5992
-3129
4144
-7281
-8623
-6336
-5556
4271
-8767
-2057
6199
-7690
805
-7766
-7239
-136
6854
4937
-9582
-6993
6353
9146
5523
1176
-6550
968
5657
-8630
6860
-7500
-7140
870
9919
-1523
-6095
-3645
-4499
-8076
-8594
2877
-1542
-6882
836
4659
-2982
3023
5622
7841
2177
-5797
9221
2507
-7422
9700
-3741
5814
7158
-7999
3582
9401
-407
8291
7401
3380
-4156
217
8674
2254
6290
-2075
-3193
7419
-3203
1415
3400
-1451
7552
5451
7413
-4424
-2077
5519
5037
-6302
-3812
7807
7099
-4959
-9763
-1533
304
-1981
5357
8964
-721
8694
-2548
9887
-3649
1183
-440
206
2270
-741
5332
-874
-3679
4447
8493
-1865
7570
-4877
-4680
6104
-8586
8909
5697
0
4583
-3633
2110
467
1630
5663
3121
-3435
8467
-8769
7998
-5461
9167
9091
2078
-9116
-3054
-6864
-5944
-1757
-4010
-3992
163
6509
8288
-3900
6814
585
-7250
-7292
-1552
5054
-7504
-9978
2088
-9610
-4482
8472
-6643
5069
-344
3186
9017
-3738
-3666
7126
-6119
9333
-3190
-4651
-6401
-1074
5058
6015
6548
-8123
-5620
3877
7406
-6450
6304
3965
7336
6110
9604
3045
7086
-9497
1707
7282
-2889
2799
1003
-3688
7717
-4846
8666
-4624
1162
-9923
8406
-344
-462
7144
940
-89
4100
8238
-9135
-3251
-4930
-6997
-6479
-8
2620
-5728
2493
-1615
9175
-6209
-4826
962
-8332
3920
-1704
2520
-8139
-5745
-817
-2296
7354
-1884
3091
7136
3598
-7198
-347
-4213
-4763
-1153
3741
-1663
-7467
-1308
4188
8877
-2592
-3748
-5860
-2144
-7338
-4731
4699
-9260
3555
-1408
-1808
-7969
-9677
-7692
-5639
2102
-2436
7146
-3179
1237
-6194
9654
7490
-8212
-173
6819
827
1791
6772
1867
1320
-5578
-7179
1039
-1599
8603
8185
3289
-4006
-5773
8619
9703
3778
2838
7107
-9184
-8937
8518
9341
7007
4526
-1605
-5291
5438
1753
376
-1359
-715
3160
-7816
-9127
-5476
6567
-3924
2999
-8477
-9322
7723
795
7048
-5910
2889
5655
-4056
2375
-5921
-5080
-582
4269
6410
473
-3362
-8167
-6883
105
2852
5309
-4365
3338
-9707
628
-8392
6322
4384
-4822
-1008
-788
9058
-4863
-4700
-9639
-8825
1693
-9071
6358
481
8198
-4454
9226
2063
8022
-886
4511
-6670
-104
1106
3060
-9735
-2788
-2556
-9382
-1644
1887
-797
-8749
-1736
-9149
6510
616
-1687
-2788
-3439
4064
-5399
-1417
-3511
4034
8487
1759
-5273
-5700
-856
-8459
6317
4010
-1155
-1649
3981
-2194
-9882
-1740
-9794
6257
6160
-6098
-3792
-7905
5169
7658
-6862
-418
-2825
1761
4211
-8958
-1248
355
-6791
2854
-7561
5041
-7245
-4888
-9656
8433
3684
5213
1303
-6007
153
4708
1488
1750
2669
2915
4194
-1197
-4049
1032
1403
9579
5444
-804
-8131
-587
9346
6178
2001
-2136
-4350
2145
3996
1650
3367
-5841
1487
-9723
-8164
7279
4730
-9068
1311
8210
-957
5900
909
1624
-3191
2533
5956
-2609
-3020
-7552
9388
2038
-8199
-7460
3800
-9862
-7324
5277
8332
9853
-4266
5284
-8068
5289
1463
-6067
1768
-5237
-5749
8430
-6365
-8150
8458
8365
-1984
2932
1203
6618
8029
-3563
9613
7686
3004
-7957
-524
-2467
-6946
6613
7136
9732
3334
2700
-6385
-4457
-6423
4997
9060
2988
2064
5961
-5032
7990
-1332
3529
-7302
6783
-8912
-6665
-3398
-4181
-360
-4774
9010
-9834
-8730
-9203
-1104
4179
6419
-6438
-3568
-7225
-7626
-6019
-1429
-6092
-8486
-173
9469
8455
1499
-3316
-7853
4966
-4383
-1664
3364
-9728
2325
3729
3238
7877
-5112
2735
6415
-7945
-6352
1574
-7532
-714
7186
7668
-5558
2192
5014
5016
6382
8755
-8977
-9459
-3038
-7583
7661
-1201
2073
1922
5396
-5055
-1797
4350
-9099
-256
-7682
2462
-1080
3283
5964
4895
2995
-7530
5244
-7639
-7671
-6690
-4626
-81
7314
2901
-1904
8198
3092
-6791
3514
-8966
-9851
-4974
2741
-5314
3964
-239
-5731
-1883
8271
-1666
-2534
-1342
3837
5202
1748
-5940
-6399
3279
-9855
8740
4449
-7089
-578
-3515
-255
4789
-7016
-7847
1099
193
-8632
1874
7792
5615
-7368
3233
5209
7252
953
-3718
4183
-4401
4825
2946
2298
8599
1813
5130
-3878
-6470
4640
1309
-6795
2705
7677
-7520
565
-34
-5548
-6734
9718
4168
323
3417
-3212
9971
5845
423
-5242
-4547
2269
-1032
-6357
-3847
-4763
-4160
-5772
8349
1320
-7949
-4571
-4042
-1414
-2539
9074
3925
-3021
-2283
693
-7207
-7152
-3018
-7769
-908
-6096
9022
-622
-2898
-9265
-6849
-6249
-9757
-7128
6048
-2670
6937
-7627
-8909
5869
5250
-4134
144
-5059
-5526
7578
-6058
-873
-1740
1940
-1423
-2097
-6716
-8885
3493
-5161
-4593
5676
-7370
6556
5194
1844
-931
-9719
-2862
4031
568
-2816
824
-8836
3378
176
-2452
-3855
2426
3414
2029
6577
2393
5006
4891
6431
3076
3942
-3013
-5199
-9847
-6436
2272
-2476
-8607
4813
2112
-1952
4003
9159
-2444
1717
-617
1991
7794
669
9703
-3914
-3239
-8604
-7459
1575
-2525
811
-8547
-8683
-9980
-5027
-7320
9390
-3127
3537
9289
-5659
2100
-8200
2147
-2778
-6361
5919
-6592
2943
5002
-7056
-1061
-8512
1590
6409
-7897
8632
-1942
8806
-5125
9055
-5386
9796
5803
4764
5648
9918
-5472
-9398
-6910
-7838
3516
-5492
2102
4771
2149
158
-9739
-2615
-4426
6332
-5669
4098
-5869
-9183
2066
-9398
284
-327
-7458
2364
-3114
766
9923
-7265
-5867
-6405
1999
1307
-7572
-487
-7418
-9026
7999
-5140
-5136
5335
-6416
-1172
7166
889
4231
7934
-8919
4931
-5320
-2436
-7803
-3508
5472
-4548
-1804
1217
-8804
-5733
-9800
-9286
-4634
6162
8575
3890
-7887
1474
9813
1164
-8465
2087
7879
8359
-6003
9229
5026
8334
-2647
-8636
-4215
5731
7905
1177
9992
-9666
-822
-4527
-2537
-7249
-6986
8567
9016
9793
7022
2065
-4082
4465
-6652
-7958
3303
-371
1810
-2028
1543
6407
-4175
8098
-3918
-6454
2220
995
-7067
-627
-950
7964
-2958
-8195
-8918
-1766
8044
9680
7196
-7924
-6196
6932
-744
-8933
2860
8840
-8261
-2935
-5671
-9944
7723
-592
4696
8181
4266
2459
-3454
9231
8420
4953
1631
9133
7541
-2534
6052
-2855
4491
-2525
-5536
4209
2556
-9955
4694
-4234
-6513
2799
-7300
-9015
-2077
-4749
-7726
-501
4492
-1290
-2458
-6572
-2501
-5859
2521
-9820
-9465
6384
-1970
3761
-2206
8026
-736
5586
9578
2431
-8126
-2596
1315
517
4476
-1569
7446
-4197
498
-9424
2236
5085
-7822
7142
8502
-3740
-1462
-6362
5
-2437
-1861
-9945
3950
5068
4257
7606
-3547
7875
-7399
7271
-1514
595
-6007
-3046
-6477
-5864
-1250
1275
2964
5481
988
-3790
-1470
3899
3410
-613
8275
-8962
4804
-621
-4715
-6179
8826
4785
-5850
1654
6417
-1180
7758
3758
8296
-4253
-3946
-6461
-5453
3704
3950
-4332
-6324
-9746
-3282
-4707
-9362
-1484
1185
4396
3235
7362
-8494
-7901
5381
-3567
-9945
-7719
7954
-2480
4843
-5995
-5526
7002
-2576
-3352
606
6173
113
6665
197
1692
-8865
7661
2392
-3463
-3284
-2117
8877
-4474
-7271
-3276
-4006
-6500
635
-4954
1616
6124
8082
423
-6242
-2195
2420
-1887
-6847
5681
-8085
-1463
-3910
1433
672
-8108
108
-3367
-6582
-7177
7020
4224
-9316
2134
-9275
-2684
-9827
7078
-3397
4771
4682
-5679
-7189
-2593
1442
-2315
8828
92
-2504
-3877
-5776
8709
-6324
7310
2748
835
-5126
-6820
-1436
7435
-9590
2692
-9244
7174
-1268
-9604
-1622
9047
-9933
9070
9913
8140
7012
-331
3850
-8660
-8225
-6375
5925
7937
5357
4580
4439
-433
-2239
2702
4114
8911
-2012
6797
-2618
418
1126
7519
-4204
-7345
-8931
3178
6229
-4168
-3954
-7918
6747
584
7435
1052
-8190
1567
-7424
7822
5476
-7749
123
9139
74
-8610
-9483
7116
8697
5960
-4840
-6290
-6267
1208
-3762
6128
-4794
977
-4425
2194
-889
-5680
-1446
6205
-3578
5202
2426
-9789
666
9093
-4408
2086
437
7306
-2397
6562
3347
520
8260
-7212
1941
-124
-6388
-24
-1054
-4546
5224
2122
-5426
9519
4019
4072
2198
8268
-7669
-8267
8213
8698
-606
77
4293
1599
-3511
1163
6090
7967
-6750
2767
2398
-8102
-3566
-4948
-2653
7101
5785
-8310
4289
4962
-4406
82
-6265
-2516
9696
4444
3209
2573
1830
-5516
23
-1024
3948
4214
-2345
3704
-5917
-9011
4616
-1892
8778
-102
5273
5990
6896
-8266
9430
-2031
715
-7777
-4854
9833
-6726
4291
7333
6158
-5959
638
1060
2028
-6462
1740
1333
7424
9276
-1385
-4522
8704
-3363
-5803
4814
-7744
9672
-6609
-8668
3528
6323
422
3915
8766
-737
-1495
-1111
-7517
-2548
-490
6410
-7001
5114
3197
6245
-9757
-4760
-7000
-9168
-1117
140
-3949
-7113
-6556
-6552
-2755
-5355
2564
-9937
3614
6533
-8261
-3708
-8092
-8278
-4687
-3879
-1996
-4862
2946
8088
-6202
-4382
1097
6105
3046
5578
9157
4912
-6515
-5895
-8485
1671
-3299
-1635
-8959
-6647
-5014
-9907
3207
-3342
9874
-8520
7706
-4213
721
-7254
4482
7946
-2169
9321
-8714
-5672
-4795
-5563
-2785
553
9150
194
2761
5021
-5427
7626
6975
-2826
-2747
-25
3545
-711
-7217
5983
2790
5991
9185
-1399
-912
5557
-4515
4525
3487
1798
-1334
7356
9976
9931
1750
588
-9426
748
-5001
8692
3335
-446
-7066
-6079
-2440
-5544
-4690
2978
-6358
-1550
-9528
-883
3281
7669
-2803
-8104
3700
1221
4921
4984
-7283
4044
2449
3002
1803
5092
7708
9052
-9617
3496
-1114
-3458
437
-3702
700
-7020
-549
-5244
-953
-9100
-876
1251
2910
9185
-7584
-2546
3174
9821
-5033
7370
1005
6114
-868
-8417
3790
-3622
-4872
4605
-8075
7123
3752
3766
-9443
5806
-2911
-3318
2781
8611
5530
9732
7597
-4817
4339
-4842
8770
-9137
-7771
2700
3067
2308
-9302
-4731
507
5604
6517
2538
1014
4741
379
4730
-8334
-4681
3438
7352
-7856
9357
-5115
-9647
8477
2247
172
7344
8610
8605
-3364
-4567
2544
-7830
8985
3792
3810
309
-5099
-8160
698
8841
8932
2513
-6861
-3866
7513
-467
3032
-8819
8839
-7252
-1594
8705
4193
-1752
7080
9771
-5767
-9234
-1462
1456
-8745
6618
-4091
2720
-6943
-4840
-9855
-125
-9061
-4747
7779
7294
9162
-6656
4643
2721
-9429
3967
2167
-6126
-4330
-627
-957
9702
2711
-1534
1069
-5840
-6467
9854
-989
3293
9527
-7502
-2987
7389
3010
3723
-730
-6605
378
-1111
-2406
-7221
-2303
-2793
176
1799
8522
1245
9434
6261
-7139
2398
-1664
7537
-6839
4608
-2958
-1130
-9960
5683
8637
-248
-6321
-6491
-1057
3108
1159
7239
-8276
-6578
-9715
-9910
8112
7875
-2230
-9777
9794
-4451
-6615
307
-8789
9581
-6696
4294
3940
-4994
-6375
1741
-4113
-8167
7492
-2834
7234
-1515
6685
7958
148
7153
6794
-1319
7988
-7012
9251
-4788
6415
-5315
2838
-5887
7390
5983
-8209
7962
-1065
-4600
6164
-7343
3976
1166
-4746
-7500
5530
-5854
7181
-1104
5422
-6863
-7106
-9887
-3873
-2974
-4599
-6472
8672
9051
-7931
4732
6314
5337
3893
7683
391
9918
5793
-2355
1584
-6950
4157
-557
-6705
4036
-8686
3766
-7079
7077
9901
5272
8804
1726
-2974
-7700
1658
3062
9988
-8503
606
6359
-527
-2721
6254
-9378
-6669
8548
-5836
2710
-8665
7207
-2721
571
4074
8223
3552
-7893
-9125
-5115
7583
8367
-5543
-5075
9751
1187
1733
9778
-930
-1167
614
-6988
916
-2258
5774
3722
-945
4193
6477
-4237
7141
9221
-1925
5823
6610
6400
-4637
37
5807
1550
-4922
6005
-6509
5700
-2287
1530
-1233
-1029
367
6583
5997
8591
-3582
4961
-6579
-6380
9723
6872
-2251
-1459
8658
-71
-1301
7423
1932
-2156
-7953
-8960
5311
3148
2222
2093
2083
-6325
-7477
-2134
-3590
5448
-6043
9733
-5868
-4971
7173
7722
-874
232
-6134
-8868
2802
908
1356
9165
333
9305
4548
-6767
7994
-5292
-5778
-2380
5568
8294
-5827
3690
1029
3560
-3432
4032
4915
-638
2423
-1584
2893
-5485
3463
-5290
-857
8954
-5892
-9774
-2664
196
-571
-9175
-4710
-706
-4206
-7978
8224
2343
-8977
1742
-1438
-946
1395
8346
-8900
1561
-2814
-7510
-4661
9646
7427
4852
2009
1167
-1399
6939
-3751
2898
9707
-1466
518
-4043
2817
-1380
-3433
-7737
-6780
-9984
1274
4217
-3537
-8632
-9786
-2653
4601
-8124
6819
1407
8401
-2088
7085
9094
4151
5239
1607
-8378
8900
-5454
9396
-5534
-2643
-5499
1568
9769
2384
-6104
3242
-8986
4971
-3472
-2475
6054
3470
-9147
-3450
7359
-2500
-9222
-9440
-8524
6682
4561
5622
-2234
-7590
-1176
4388
-2226
140
-5324
4828
2130
4524
-2027
1851
3721
5604
-9924
7772
8349
-5049
4993
2068
9516
-6410
-1164
8154
4654
3874
-9317
5266
9759
-5876
5307
8972
-1682
-6459
169
8155
-5978
7631
2610
-6534
-8679
-7212
5782
1887
6950
672
-3126
8320
-8713
-50
4099
-7301
-6391
-19
-6200
5096
-1875
717
-4948
7675
157
-2938
5881
576
-4487
-2057
-9619
-5412
8402
-4756
3526
-4929
-4337
2100
-5459
5221
3454
3968
-7990
-4048
3947
-4113
1255
1960
-244
-9465
-9845
2168
6578
4107
175
-7264
-7174
-8349
7352
2462
4856
-227
4989
-3064
4946
-2080
-1519
-8400
-9736
6142
-7519
-5676
4883
-2578
-9690
4176
6842
-9986
-1800
448
-8012
3074
8259
8027
8721
1604
-9770
-1147
1356
-8878
15
1834
-7429
3109
-4837
-7562
-9785
5186
-7946
-1713
-8395
909
-9280
-6546
9301
-1252
-1094
-8469
2668
-8414
-3202
-6439
-1120
1766
-8053
6401
1511
-2888
-1370
8974
5102
5205
5757
6861
-8495
8613
-3653
8390
-7615
2855
-914
4967
-2911
9564
-3899
6408
-5196
-5282
7280
5979
1718
1724
-1904
2540
5116
8589
7864
7037
-2767
-398
211
5685
5304
-9756
-2647
-6944
3548
2214
7884
-9011
-173
-8910
-1946
9629
-1839
8877
-6663
-170
6471
6410
-8283
6543
-9308
-39
2407
-5212
716
-5860
-6722
-4270
-6803
-6333
-3808
-2378
-4952
2920
-397
-8387
-9137
6122
-6083
8068
-1860
192
-839
-8405
-1607
-9677
4436
-5183
4758
2401
-3081
3309
-7623
8542
5651
-7265
6050
-2481
-857
7625
-1596
-2947
-7643
9857
9422
5594
8063
-4847
-9777
-5685
7403
7012
3391
-998
2191
-2220
723
4177
-758
642
2345
5410
-6287
-1309
-2443
842
3126
-462
-9663
1296
-6338
-6007
-4784
-6874
6465
3236
-6979
-9560
671
7060
-7944
-4702
-4774
4504
3866
8352
-8593
8576
-3662
3395
-8690
-5021
-747
-3717
8324
-4052
4099
-3977
-1410
-9968
-2481
2039
-4039
-4976
2850
-1670
7761
-6493
-7901
869
-8021
-8568
-7167
9443
7938
7114
-6983
9751
-1604
-8870
3628
-3965
7278
5489
4558
-7368
1609
-4844
-6166
-2581
2515
-5299
1195
-749
8458
7069
-1841
8879
-1164
5851
8676
-6583
8257
6293
9469
-4848
6791
-1879
2783
5169
1388
1246
6442
2794
7662
-5170
1018
946
-7888
3284
-589
-1017
-976
7891
2411
-2666
9932
1092
4705
2364
4351
4556
2612
8105
9540
-1895
-1190
1594
8504
-7857
4792
-5346
2640
-1692
-154
-1052
-1176
3267
-4769
-5063
7528
-6331
8183
-8578
-1991
5980
-857
1405
4498
-8739
221
-3211
1994
-5736
2135
2826
6162
-7835
8960
6683
-3819
7804
-5762
4884
7679
1476
6019
6518
9004
-9015
-5350
5910
2038
-4530
4118
8915
4819
-858
5358
-570
-9934
7785
3963
284
-4781
1685
-5248
7816
8158
-6618
-6235
3029
-499
-2241
-1379
7501
4328
9448
-9520
-4693
-2692
724
8547
-8843
288
-25
1091
-4821
-1450
-4338
2083
-1623
-4998
-6909
-251
4369
-9343
-6982
164
3099
2660
-4284
-1469
-933
-6359
2750
-3473
-7818
-5159
498
6575
-2686
4614
4538
5134
5861
5083
3632
-2836
-7820
5288
1341
-806
9498
-3895
483
1807
-7452
3824
389
-1251
-5046
8047
8925
-6741
-9626
-6449
6774
-2081
-3745
8278
3251
6256
-672
-8910
9968
5746
1020
-85
387
1318
5398
-6208
-6309
1136
6165
795
7339
9233
9670
6937
7871
-2349
-3911
6110
4950
5404
1780
4726
7972
4219
7554
8317
695
8000
-5952
-6958
-5352
2586
-4544
-8482
1577
-81
-82
1052
-2427
-7109
-5155
-8398
-4539
-7151
-6342
2010
1943
7363
-1284
-5446
-4848
-914
-2205
-8589
898
5839
-6517
-8724
-5203
4234
-3041
-9589
1901
-5957
-8683
-3652
4751
-935
2959
5871
97
3723
6529
-318
-8213
-7448
7806
292
-9836
9497
5816
6830
-6567
-2618
-5111
-6604
-2876
-4568
-9402
-4585
-3017
-6679
-4810
-8169
2125
7209
2559
-1579
7450
3065
6478
-3717
7650
7917
6547
-8450
5200
3661
-2651
-3854
6482
-3969
6937
-9696
-3905
-5807
9292
2383
-9034
-224
9044
-1822
-122
4966
-212
-9944
-9607
6017
-4008
8041
-9518
6240
2433
-8426
-7142
-9916
3526
5859
-5700
-8885
-1616
-8752
-528
2133
6921
5843
-7168
-402
8250
-9911
3328
-8647
970
6471
5057
131
3295
-8444
4503
-2101
5841
8339
1415
-5986
-3682
-7204
3843
-5345
-7480
-7828
1326
3101
3115
4863
4753
-1934
-476
4281
3177
-651
9538
4484
-2698
-8370
6771
-7692
-7077
5742
1490
-4218
7857
-7176
9548
9389
6942
2932
-5114
-8079
2472
-6679
-1769
-2181
4675
-8070
-8046
-9122
-3701
-5050
1004
5977
-2031
6370
3621
-7861
-7599
7955
6896
3091
-8806
-5461
1546
7539
-3861
2644
472
9993
-8927
-4678
-2726
-3643
-526
-4114
3692
3541
4138
-7603
-9898
-1258
-8069
8309
7839
-4566
9730
-8527
-8090
2414
-2574
135
3112
9462
-6055
8931
-3163
-7259
8614
-7243
-8352
160
2686
6641
149
-9177
3391
2770
2034
-9018
-6911
-3964
-1993
-9964
-3266
-1280
9133
-8763
-7149
-6017
200
3331
1463
6997
-6516
9535
356
6932
