5940
-6605
-6336
8305
-3777
5282
2879
5251
-5160
-5051
-261
-4024
1871
-3587
7655
-6964
-8617
-9498
-9101
-7041
-8906
-2792
8247
-6775
-3941
-5487
-262
7497
-5083
-9679
9695
4430
7106
-1180
5444
4537
-3288
3366
-1536
5719
-5
3071
4706
-5278
-7510
3840
-8526
7568
7418
-572
-8266
9893
8367
-497
6922
-5239
4703
-661
241
5784
-6852
-3272
-1581
-2111
6774
-7253
4603
-8493
-6832
4052
8415
-8275
-923
-2332
-1980
5053
-7303
-5802
9327
-672
3210
5959
8372
-3663
-7450
-4433
-6414
-1466
6114
8678
-2322
-7820
-2153
2746
4579
1915
2493
-3591
8595
8566
-6372
2796
1115
-3392
-3041
9838
-7965
2094
2936
6715
-253
8891
5842
-6255
-6367
9245
-7502
4001
-664
5027
-3508
-2441
2087
4504
5919
-8130
5821
-6945
-6926
-4079
9188
-9287
-6460
-5683
8984
5250
-3645
-7553
8991
221
1946
2350
576
-4973
-8222
-859
960
6232
-2376
878
-6817
-2533
8098
-9358
4201
164
6142
4961
-654
-1985
8906
22
-1035
-5002
7746
-442
-5070
-9321
1119
-9055
8095
6558
4735
-6840
5049
3457
-726
2646
-7173
6959
-7728
8288
9233
6690
-4987
7841
-2380
4474
-495
4640
425
-5935
-787
57
3018
8624
-6996
6053
-6938
2271
4125
6447
-4995
-9074
7468
-1567
1903
-4143
-1647
1438
8122
9558
-4546
3717
2546
3081
5435
-5727
7501
9207
9955
2466
-718
-4186
6391
-5964
7912
3679
1622
-4583
-5963
-145
-2157
352
5823
-1336
9550
-5527
7396
-3235
-9165
4465
3489
8520
7031
-8034
1637
-3270
6569
-3042
3616
-9677
4703
-1110
-1906
85
6130
-5659
8896
3808
6805
7969
4180
413
185
9757
3278
7713
-7276
-7518
-6673
-8659
6437
-8066
4163
1115
-8512
-6328
5228
-8244
-1066
-5184
232
2664
1211
897
2567
2128
6839
7979
5305
4278
-9309
-7674
9328
-8957
-2393
-621
-2805
-6149
-4358
5
-4573
6312
8161
9621
5535
2721
-4379
-4037
7995
5816
8618
4224
-112
-3799
-9134
5038
4437
757
817
-9052
-1183
6856
-4830
4596
-8589
4477
7756
-9031
-353
5513
-2410
4406
-8075
-9819
1350
4510
4726
-7804
-9685
9026
6311
5993
-1757
-5667
7504
-6276
-1902
-4636
-9942
1651
-3906
7793
-9408
2255
2281
-1446
-4423
7280
-2923
-1394
3786
-8872
1387
7972
-4618
359
-7913
3259
8538
61
-5131
-7497
7314
-2915
1935
-7452
5157
1693
-5634
-8871
-2786
2991
2276
174
-605
9023
2194
4875
3639
-2418
6705
-9993
-6416
-9591
1542
6828
-4648
-8074
-1834
-5011
-5052
-2745
7164
-2103
7226
-7881
1734
2054
9785
-8195
-6690
-8875
-6011
-7522
-3833
-537
3985
555
-584
-1896
-4395
7299
8169
-5854
-8027
-3771
6245
-3132
5701
8290
7701
-3766
3846
-2381
9483
9354
3288
3974
4850
-6288
-7689
5019
-1294
5028
6851
4826
6204
-5929
-7578
367
87
-648
416
1287
-458
525
5315
5198
-6141
-496
-4952
9183
2128
5750
-4056
1737
9383
7486
-4547
-6055
1114
-3040
-8193
4032
-2122
-757
1570
9848
8067
9884
2226
8845
7912
-8413
-9729
6657
740
4524
793
8351
-2149
-104
2260
3815
-6247
-4577
3266
2385
6121
-7695
6235
-914
8746
2311
-2801
9940
-5925
2842
8147
5438
-2929
3423
2003
6005
4347
4192
-8795
-6993
-4405
-3991
1075
2891
8752
-8000
6709
-2136
4521
-7384
-8663
-5107
8658
-2157
7383
-8084
-3399
2677
3847
7565
82
8908
240
45
-4307
-3093
3402
8716
9351
98
-6258
7907
-4486
-545
3090
5300
35
-881
6805
8616
-6615
-1112
-6550
-5807
-8605
3972
-9186
-3627
2049
9423
9923
-6937
-5771
3635
2628
6663
828
1289
928
2227
8013
1267
-5659
-2128
-1752
9061
568
6692
2915
-6505
-4468
-965
4258
-7850
-6414
6305
-8540
6070
-2283
-8211
-6960
-3001
7204
355
-2479
4686
844
8957
8877
-4490
-3789
6451
-4685
9824
-8966
8134
9440
-4764
4402
-404
-8634
330
-744
4195
-3824
-4398
-1151
-560
-7802
-5546
5331
-5488
799
4762
-1465
6103
-4911
9422
-8754
7569
-7309
6761
6326
7035
9092
-1310
3887
9850
-8439
-3064
-4184
-4812
1475
-5374
802
9554
9163
5669
-11
9907
5228
-3485
-2204
9993
-4675
-5710
-5869
-2724
-6868
-382
3639
8211
-9365
8705
-7630
5448
-8096
188
9680
5329
-1154
7597
-8079
7798
-1821
3687
8740
9742
-4749
5439
-622
-5308
-7726
3526
1427
449
5380
-6167
5031
-636
-6926
-504
-1685
8624
-1992
-8582
-1027
-7023
-2664
6551
7944
-3761
4892
5296
-2826
-4918
-6606
4291
-8219
-7562
-320
-8153
3037
2104
-4001
5084
-5867
5397
-9800
-644
9053
8420
-5115
-7771
5654
-1567
9762
-3740
7979
-7106
-6347
9106
-1854
-1564
-3298
-1362
6734
2820
2913
2207
-2718
6896
4299
8101
-9952
6961
8862
-4296
-1034
-9154
-4367
-2716
-2125
4580
4514
5456
-5224
8980
7971
3705
6972
-317
-2607
6928
-2658
-2127
-9973
8879
9907
6191
-4177
-5559
-138
9872
-4316
-6661
-6538
7799
1474
-6162
-4072
-8992
-392
-1158
6156
-6425
-6571
4214
9943
7572
-6445
5836
-9664
2464
321
4064
9070
-8025
-1167
4802
9144
-6245
8461
3157
-5006
-3596
-4034
3328
-2995
-6315
1258
7436
-534
1140
-7812
-4424
-8716
-444
-1657
6984
5832
-4777
-8196
3494
751
1590
-1058
5389
1025
3071
-4638
-1488
-633
8741
-1406
9397
184
5978
-356
6977
-7277
-1301
-1814
-5043
-114
-315
9500
-9224
26
-7673
-3819
-5428
-2110
9918
-3746
2459
9913
-9280
1951
-7930
7734
-8373
8751
8360
-6310
9045
4256
-8131
7897
-9797
-137
-6092
9428
4616
-3462
256
-9515
9221
1271
9721
-6737
1260
8901
-9244
-1742
-3936
2943
268
9691
4680
-274
9792
6010
3117
728
8750
4010
828
-9170
1125
-417
-9178
-9179
9363
-6221
4072
2326
8113
-7932
1412
6485
-5069
6523
3237
-3424
1994
7942
-9764
4242
7150
-38
-880
8391
-1271
-3995
6254
-7847
1131
2129
8164
-5759
-6955
-547
3739
-1465
-5515
4763
-3685
6240
4834
7816
9509
-5216
6364
-4898
4808
-3140
3253
-9945
5934
-5900
3452
4393
-7406
-7828
-866
-2629
-3355
-4203
4357
-6879
-3376
7592
-4379
620
177
-3903
-5064
4137
2563
-1
-9130
-5033
4733
1180
-1538
-8938
-9488
-6277
9307
2461
-6598
-5052
-2173
6715
7443
-9783
-2893
2418
-8908
8683
-7390
3599
5708
508
6268
9421
-4763
5422
-4066
2916
-1410
7800
8476
-4196
3264
-7915
-5583
-3423
6215
6323
5474
-6791
-3836
7167
165
-7020
-4683
8059
-6030
2398
8385
4609
6384
-5462
-1080
-9549
4514
4791
-9755
4813
-3289
4843
6569
8293
-984
9390
-6474
-3509
-8684
-6364
-5306
2479
-5850
-4815
9482
-4442
7758
-9460
6359
286
-9037
6928
2816
-6765
-3129
-4806
1983
-1651
3524
-6088
-438
9498
7459
-1352
2312
5043
2155
-1354
-9795
-4430
-3322
5043
1167
8260
9523
9435
-8772
-1367
6115
3194
7210
-3371
5805
5921
6906
2139
-5773
5796
6463
4028
8588
6881
-6500
7171
691
-4011
258
-3
-1125
1125
-5623
-7264
-6960
1217
-3366
5268
-9532
3644
1191
4710
5813
-7699
-3168
4259
-2799
-83
1800
3300
6712
-8950
4431
-698
-7086
6014
-5239
9049
7097
-1143
3169
2399
4631
3378
4663
1854
-3780
1964
-8458
-1764
7531
8057
1164
-9767
907
9544
-4932
-2801
-1444
6521
-335
5235
630
-3596
5663
-112
5987
2839
2292
-7254
3626
-3261
6808
-1881
7153
-8291
-7305
-6633
4771
-7365
-2974
6905
-9358
9774
-7249
5881
-9439
-2603
-4460
2553
-1434
4746
3646
-5040
4603
-1322
8608
8072
-4432
7259
-978
-4059
-7729
-1721
-5233
178
-5361
7929
8958
-3785
1658
-4732
4642
-3774
2313
1444
-8389
-7314
-2719
-1947
-7866
-2492
4619
-7883
-5786
706
8152
-7903
-1461
-4979
5671
3135
4315
-167
6123
5405
-9781
-4016
9087
-1979
839
-2461
-5542
-6428
7033
1567
9360
8746
1578
720
-1920
-6872
6395
770
-7980
5020
-3195
5295
-1275
-1955
8697
1130
-926
-7030
-5711
3300
2118
9351
2032
3120
6273
7758
-8364
-9298
556
-4843
-4897
7284
929
-320
-9459
-7059
-1321
-4090
3524
5996
6491
-1799
5203
487
-8219
1590
-3897
-3967
6658
-9873
8383
6960
-7441
-6626
6574
4986
-4190
1204
9026
899
3378
1378
-8340
7964
1995
-313
4088
-8140
-5292
6572
-4281
579
-7894
9985
-8814
2089
5925
-1735
-8138
8161
6180
-107
-5277
9399
-5955
1890
1880
-9370
-1052
-3029
5497
-7632
-7774
-4150
4829
3144
9182
-7324
7595
7351
2368
-2220
4969
3132
-5374
8445
-4981
8597
-4503
-2939
-7651
-6188
7617
-3641
5697
711
7705
249
5011
3612
-2200
5094
9833
6502
-8591
-1676
-4691
-6923
9675
3850
8873
-3784
-2653
-5864
7097
-7259
4481
-3108
8703
-2232
6057
6097
8936
-8107
4093
3574
9012
9355
-5247
3225
7130
-7115
-5021
920
2830
1861
3745
-1284
3450
-7022
6589
1543
-1871
-3893
-4850
-1396
-7833
809
2401
-38
1966
-1841
-5232
2883
3448
3474
758
1367
-3638
-757
-9154
-9498
6160
7345
9899
1608
-4106
-9639
-7839
-1392
7477
7677
4727
-3606
561
795
3027
7038
1159
-3746
-7617
-6337
-2310
-1620
-6182
-3108
-1454
-3890
682
3892
2631
-936
-9002
2059
5023
7764
4323
-287
9306
7118
-5707
4005
3228
-8628
-1354
3720
-373
-9169
-8399
-2882
-5
6157
-6990
-9428
6030
-3011
6070
-7179
8849
1720
4580
-6255
-769
8286
-4148
1310
-4227
712
-8919
3484
528
-8970
-1541
-9037
-8715
-6149
3579
9131
9529
8821
-1898
5729
7277
-1496
7187
-9134
-435
-4709
-5184
-9021
-915
7115
-7146
8905
-5694
9589
-3072
-2037
-8343
5514
-8055
1578
6885
7922
1214
-4288
752
-9537
3320
-5293
-7372
4279
9135
-5306
3943
-4782
-3427
-6792
4861
1552
-4961
-117
-8866
-8227
8076
7362
-532
8751
-6692
4281
7538
-7949
8731
-9351
5968
-7499
-6496
6792
-7949
-4423
5193
-5070
-8423
1670
-8474
6574
7476
-2052
1669
2017
6523
882
2358
-5635
4987
-5994
-5975
-8561
5951
-3805
-8241
3499
9447
-188
5383
2077
1317
4369
4973
5300
9168
4521
-1776
-7538
-7229
-283
-7838
4225
-6145
5890
9653
184
583
8939
9758
-6473
6427
2654
493
3360
-4561
9793
4
-714
-699
6836
-6072
4901
-2078
-4144
-8318
7417
-9080
-4898
-9932
-147
6525
4596
9171
-5854
-9118
9771
-7047
-9354
-7174
-2406
-3081
577
6607
1847
1823
1231
-5767
242
724
1528
-5221
7850
4533
7218
-1025
-3451
-5553
-7032
-6775
9479
6763
5311
8999
359
7730
-9602
863
3227
268
-1144
574
-6795
-3584
7475
-4520
-2234
5681
5985
2281
-3332
-944
-592
3606
1105
-8603
7722
-3006
-2600
-6113
9994
8700
-4260
-7065
8576
5328
-8407
-4935
-503
4505
9794
1088
-380
-3959
1235
-6124
-8053
2327
4735
4279
3898
-5960
8362
7312
-5065
935
-9383
3267
8453
-5401
-3043
4269
4209
7722
7007
-7758
-3124
-5345
3502
-6290
1936
56
-5562
-2380
-1369
5626
-1708
-7228
6451
-5471
5178
-2499
2893
-8651
1770
-8524
-6270
-9429
4880
-6883
-1775
8109
-2872
-2508
2303
1813
-6391
4213
8265
7910
-9941
-8193
9293
6818
9482
7040
-14
7015
-7801
-2452
8731
-3109
8887
-5049
4632
1277
410
-4970
2949
4387
-991
-3830
-4313
-8778
-1715
-449
-9821
626
7774
-6503
3950
-9337
-2399
-186
-3429
8792
6976
4164
7431
-4281
6368
7223
-2611
-9504
7808
-9509
9860
2582
9453
-9217
6837
-5335
781
-3400
1283
4383
206
2052
2219
-1654
-1263
528
-4506
9511
-5997
4454
-4943
3858
-7899
634
6009
-3681
1549
6392
-5140
-7102
8810
-1909
-5899
-1786
-566
5171
-4746
4609
-1059
6442
-499
5189
3403
-9750
2654
-5049
-8105
-7520
-4053
5428
-6408
-9294
8558
-4390
-7587
-346
-274
-5316
-2524
-7773
-8297
-6632
9048
1890
8095
4936
-8257
1840
-837
-3450
3865
7028
-6467
4110
2133
-394
-939
6077
-1146
9817
-5772
-1608
-6785
9319
6935
-266
-1248
-7463
3195
951
8751
-3633
-1883
4056
-4963
3684
-1930
537
3807
6368
4607
4440
3370
4228
7797
-5479
6706
-5947
5540
3699
-889
-141
-6410
-7090
2952
5147
3310
-5449
-3370
7145
-9369
-6374
-6283
-1360
-5847
332
-5916
7362
8091
3709
-7992
8472
9655
7840
-247
-3929
-6315
4460
-3959
3561
7704
1824
-5498
3083
9126
7556
573
7747
-9765
9286
4988
6411
-5997
-5467
420
2555
-4633
-2627
-3978
-2666
1378
-2315
4381
-3600
-7678
7901
7046
5233
-5877
8652
6648
4035
5247
-794
9885
6044
-9561
-8865
-9169
5735
6148
9186
5096
-5263
7863
9574
-849
-5759
-4542
-3901
9154
2449
-499
5115
-4671
4903
7295
2091
4649
4688
8830
-9775
2368
-3048
9211
-7880
1569
5673
9985
1205
1060
-9480
-6952
-1384
-7807
-7782
-1763
2828
-9274
2716
-9848
-6447
5804
2431
-611
3335
8746
-7791
5492
-6088
-5850
-5831
2275
6816
6026
-1150
2859
-3101
6155
3591
8004
-9691
-6834
-601
-3939
1953
-2127
-1470
-2758
-3241
-4430
8453
7992
-6120
-5356
1689
-4279
1070
-4611
-2538
-3178
9047
6211
-1295
-3753
8052
9864
3295
5453
1283
118
-8721
-3524
-3322
6242
2485
-3092
3173
6721
-7268
-1556
2965
-1378
3433
-9240
-4335
-7986
-8250
-7749
8862
-5753
3504
8508
-415
-9658
-5104
8221
6040
7473
8588
-3065
6439
-5054
-2880
6257
-621
-6710
6689
3079
2056
3814
-2078
1811
-9978
4154
-5708
-2686
7552
298
5773
-818
-203
945
-386
-9279
7807
4666
-9098
-9407
-7938
8748
-8449
4990
9348
-3700
2201
2494
-875
9607
8026
-3865
-3671
8284
1830
-7398
7843
-6039
6580
6449
495
599
-1485
5685
-2178
5472
-2144
8068
4574
-8772
4708
-5137
8776
9004
-793
8697
1976
-4985
2496
186
9540
-4135
5719
7376
9287
475
-7891
-9462
-7530
2065
-7758
6440
8714
-9819
8229
-9337
6912
4155
-6634
1053
-6184
8393
-8636
5813
2911
6827
2008
5264
-4363
-7474
-4656
-8778
-5352
-1626
4073
4144
8105
3963
-8785
-9929
4387
4764
-3753
9069
-6860
411
-3491
823
-6779
-8192
242
-7544
8995
5579
4684
5250
9610
3055
-2920
4879
1289
9068
218
453
8238
-1930
2221
-6388
1549
5976
4901
-9160
-5931
-8719
5606
9799
1903
-5340
8473
2037
-7658
4244
-2116
-4904
7094
-4978
4934
6341
9210
-3446
9200
3238
2483
349
451
3858
5948
-5285
8590
-3626
5573
-9837
9563
-1024
1445
-4947
-7104
7968
-8056
1061
-423
-597
-8329
-3507
-1287
3509
-5281
3106
-7245
8057
-7637
3136
-7062
8066
1249
-9694
-6055
7149
-7610
-1376
9747
1619
-1489
-4726
1320
-7239
-7345
-7446
-8425
1379
-4247
-6386
6874
6482
3539
5811
-1605
4932
3764
7640
-104
4335
99
2177
-7384
-6064
-951
2945
-1076
-6101
5712
8753
5436
-4719
-8703
-8045
9379
6705
7103
5864
-5092
1871
-7669
378
5493
1409
-5012
9312
-8398
2037
-3850
5847
-9449
5052
-555
-2717
6837
1127
-9362
-977
2989
7370
-749
-6371
8513
8098
5471
-4169
9977
2781
-4684
-5709
-471
5209
-948
-8699
4842
4963
-598
1244
-7805
-4468
-9131
-1105
-7837
306
8053
9234
-4293
-7606
-6393
-5927
7469
-5470
5474
4537
2627
6336
-3163
5860
-6564
4641
9269
5587
9425
9091
-219
6991
4294
-8489
-4104
5674
2574
4581
-7446
4606
8020
3824
2180
-5194
-6655
-7285
6511
-9257
-2356
7046
2647
-4658
-9109
8773
7308
4460
-6261
2745
-9538
177
-2156
-3909
-2847
-4999
560
-1991
414
6680
3613
1982
-5694
-8065
9097
-6872
3695
6880
8280
-4496
-1033
-8680
6120
-8427
-9125
-636
8441
-3161
-7130
3179
-1245
9200
-802
8000
5258
-9424
-2886
-3252
-610
5489
4381
-6367
-7833
-2840
-9324
4243
294
3944
-508
-182
-1356
2272
-5567
-1521
-6115
-6185
3353
-3581
5784
-4815
8640
-4343
-6167
-7442
7000
-2144
-6124
-8346
-7541
9275
-7267
669
-1969
1889
8842
-1871
1650
1734
-3012
1481
232
9466
7372
-7745
-3037
-8913
-8639
3110
8950
9527
-2143
-570
1149
2387
-3489
-1734
-142
8125
-6527
1477
6364
7418
-9549
-9460
7006
1863
-9632
-2334
4772
-3821
2584
2712
-6627
-2152
-3288
-2454
1233
-516
2726
-3333
4909
-8539
4311
-4213
-4119
-9596
5007
-5226
-7100
2385
2078
5526
-3133
9248
4188
766
4964
7930
-4881
7579
-8081
-412
3481
-7813
-7071
7068
7519
-2956
-3366
6504
6740
-4663
3471
-6511
-251
347
9842
2882
7989
-8628
-8894
7643
-2903
-3926
-4179
8184
-4317
-3844
8366
4232
8817
9186
289
-4022
2995
-2439
-6769
9296
6040
-9878
-9900
-2658
5460
-1719
-7702
-3838
-8411
4220
-592
-887
4486
5804
-6751
-7547
1162
7910
3136
-901
-4354
7855
-4761
-9878
-3027
-5840
181
-322
-6747
-7481
-8893
-7529
-7450
2177
3074
3575
8216
6273
-4367
3008
3785
1773
4155
-1791
2749
4859
-3905
9336
-2070
819
-1215
9794
-1619
-5113
3002
8903
9075
-8375
6546
-6336
-9350
-1390
-8145
2616
3920
-911
9197
2113
-4129
3779
-561
5828
9514
-7436
8212
-9819
5688
2387
-3581
-6612
1457
5974
-7602
-6103
-4627
7720
-7883
2574
-8678
4960
6905
6241
2267
5812
2201
9414
3404
-5015
5879
-5487
-676
5277
-5383
128
-6449
-9523
8577
3717
9445
-5699
-701
-5596
3308
-3865
8142
-4894
1960
-553
-7173
-5841
-4031
-2593
-6642
87
-8612
1898
8967
-8975
-3023
1376
77
-2105
-1257
8369
-5797
-351
-6831
-4061
-1134
2831
-1097
2516
6514
-6037
7345
549
6925
5740
3761
3221
6596
-457
-2163
465
-1203
-4285
8785
-6340
327
-355
8640
4360
3900
-2788
-9679
6993
-2667
-4738
-5129
-7615
204
-6471
-9590
7505
-6289
294
-4477
6621
9424
-4604
-4065
-3793
-2928
-8552
7339
328
-872
8418
-3640
-6185
-1225
4557
3823
-3900
-3191
-498
-6600
-6614
729
-5614
1117
-1011
-5820
-5682
1080
-2195
5974
-8114
-6414
246
-25
9788
6634
2707
2195
9029
-3039
2475
-6410
7152
5043
-9645
9972
-2795
-7431
7513
-7816
-69
4898
7929
7483
-4392
-1197
-6913
-9642
4243
3328
-5784
1524
1534
-9441
-6640
8259
3029
-9616
6719
-5970
-1023
4600
-2215
-1850
-2893
329
3702
9313
-3156
929
-2274
2146
-4292
2120
6819
-9352
2404
7220
7599
6506
7122
8696
1757
1659
-2437
-7555
6683
-8812
8039
163
9647
2706
-7048
577
4419
-3713
9978
1172
7282
-9753
-6600
-3271
8398
7893
9405
-2060
9292
2821
5725
1958
-4866
-8690
-3450
7941
6248
1117
8820
-1744
-1263
-8038
-7921
-2655
470
-6874
-5484
7040
-325
-6071
-4178
829
5990
-7578
-2467
-6311
-4999
4799
1721
-6143
7760
1029
2191
-29
-6496
-3925
4045
3004
798
-1408
-2112
2847
-2077
-1882
2932
-6679
-131
-4630
-5716
5878
-7635
-1430
8213
-5484
-6333
-4933
4948
4054
-9448
-3889
-448
-1052
4677
-4464
8680
-1570
-9685
-4275
-7986
-992
7033
-8573
3999
-2780
8273
4125
1340
9532
1812
-5083
-9672
-7134
-3981
-3673
9857
-6703
1637
-9857
7187
-4609
-4457
993
-9381
-3671
-2959
9531
8902
-8479
-9532
6227
-1487
-589
7635
-449
8776
6324
-4720
8200
4796
-6803
9041
7542
-4124
-7674
5196
-4526
-7061
4602
-5088
-7423
1710
-5552
-4575
6593
668
4933
-3943
8454
3884
8325
-2970
3265
8534
7986
9380
-8644
-2526
5558
-4031
6545
308
711
1359
9035
2910
-3209
-7339
3840
6899
420
-6811
-1192
5479
9508
-5246
5717
-6868
3363
1780
3717
572
-727
8830
5974
-4399
8237
-1354
-6395
8401
3739
-6186
7393
-2127
3073
9348
8710
-1523
4321
5996
-4060
3854
-7130
1674
9546
4209
8020
9499
7151
-1099
-2042
9421
237
6472
1626
-1773
9596
-5932
-7064
5166
-4323
-5065
-2529
-9062
-450
-5154
3032
773
2265
3789
7104
-6364
7792
-7360
4398
6315
-814
5467
-7774
-9292
-2538
6608
8783
-3802
-5078
8557
-1684
-2185
-2390
6003
6272
2905
6607
9280
2578
1678
-6480
-1248
-868
-4757
-845
-2415
5504
-8361
-5825
-2379
-8597
-5786
-3992
-2589
6467
-2716
4696
-3792
-72
4670
-2600
1107
-7643
785
6676
8340
7279
3247
3023
3051
2662
-1825
1626
1812
4178
8688
1056
6198
-4936
6665
5570
-1772
-7080
-1647
8814
4353
3850
-8931
9995
1459
-9789
-2412
-3574
7789
-2895
-2788
8760
-5059
8351
-9702
2891
-4826
6503
-2576
9398
-1926
-29
-3720
-3598
1138
-820
-4510
1031
8074
9166
-1727
295
2082
2805
6980
-9600
-7158
-1262
-2314
-121
8613
-1176
2138
-9805
7060
7295
-4520
-8779
-1737
-6620
2844
-6037
3441
3122
-671
4851
7593
-9412
-5386
9604
-8617
9012
-7242
-2227
2469
-8756
-4811
-6595
4115
-9345
-8658
-4762
8391
7299
1462
-377
321
1116
-2151
1495
9116
8400
9566
-3038
8667
8244
199
4324
180
-3475
-830
9496
5914
-8212
3459
-2280
4106
1330
9985
-299
-2837
-6938
-8756
-3704
-5907
6129
-4215
-1601
1502
2712
-5680
6472
6098
7883
-639
3131
3509
7650
-7457
8221
8448
-7240
-8310
2231
-4740
-8753
5221
-3958
9290
2719
4814
-969
-4946
9601
6774
3518
-4783
-5795
-8241
-3010
1909
7295
-7844
7156
-3308
8939
9963
-932
-7114
2109
7006
9015
-6346
-154
-9705
8051
-665
-8416
-651
-900
7249
8960
602
1532
5433
7584
3770
976
7141
-3809
4356
-8566
8097
-8381
-8384
8243
-8508
-1454
-497
-1487
-3945
3668
8749
-3976
2910
-6384
4629
9177
-6070
-2414
9840
2293
1948
1069
7388
384
-804
-3182
-6918
-1599
-6264
9799
-2474
3376
-1094
-1912
-4368
-2858
1857
-1020
-2303
-1988
9078
-2851
-4169
4563
-5860
8704
4723
-7382
-9780
-4200
-1869
-2307
-4301
-8998
-520
-7762
-4363
-1535
-6111
1351
9186
-7464
6166
-3443
5985
-6255
-7765
-9314
5610
-6191
9208
6745
-4818
1820
8712
-101
-834
2181
-2780
-1786
-8236
6532
874
6019
2556
-348
-8699
2485
-6008
6652
3091
-8037
2166
1286
8381
-60
-3945
5765
8140
8431
-4551
7358
2412
3357
7740
-6714
-2277
5338
-840
7241
5174
-1251
562
3139
4737
-8137
251
5273
-8474
6057
9653
9517
-3638
4319
5295
-6253
5990
-2254
-6816
913
-1269
1862
-1509
-8776
5419
9595
3836
-8246
-5022
9575
5114
-4843
9879
-5814
4154
8451
-9842
-5390
7613
1673
2625
5811
-2899
-1482
-5641
9817
2441
-8007
-3829
-5099
-9429
246
5595
-3594
6484
-5433
-8615
1583
43
-7075
155
5594
-5323
7556
-3785
-4977
-3073
4116
6084
6125
822
156
6778
1535
-7680
-3696
-4104
4964
-1440
-2690
5777
-7376
-8828
774
2707
-5104
5727
-9841
-2108
-1975
-8403
5905
-6588
9337
8091
-7202
560
5175
-1392
1398
7405
5799
7989
-1200
8517
-3862
2563
-4887
6596
-4233
-6672
7682
125
-825
2499
-1057
9254
2957
7931
-6477
-2253
304
-7724
-4151
576
7023
-3796
-2894
7612
3032
-6688
3149
-1183
8694
5655
7093
4405
-7884
125
-4229
-6017
3665
-5910
-4686
-4282
-4493
4754
7619
-4193
8564
-1888
3476
-8032
9057
8868
1556
-2647
-4343
3442
-6106
5324
289
255
-9883
-620
107
-9765
-774
-844
9253
3368
6778
-1714
-7889
-9890
-2975
2581
5916
9794
-1657
3354
4866
-7036
-8457
-27
-3512
-8208
5845
-5477
2500
-6282
-8029
3670
-5313
3954
1315
-8165
2407
3893
1167
-2695
-161
5136
-7043
7740
-8614
3017
2519
-2978
3769
1483
-4424
3212
8280
1605
-2827
-9715
2703
3645
3653
-2887
6437
-1651
12
-6307
-1535
3194
5705
-1127
1205
-3978
8701
9237
-3168
-5219
1646
4563
-4892
-9471
2461
6668
4172
-1017
2228
-3040
534
-9079
-9991
-9787
-1537
7209
-9768
-1944
-9739
5070
-6407
-209
7900
-604
187
9207
-7406
-3793
-7778
7880
-5231
-5042
751
693
-3898
3744
4844
1118
3638
1080
-1173
-2665
-7705
822
-5066
4421
9716
3259
644
9829
-4982
-4862
2804
6621
-3222
-2116
-8120
346
4080
-6829
-4575
3205
9547
1652
44
-8363
-7672
-4913
-8816
7446
5676
3395
1980
3756
5365
1448
679
4353
8019
-1024
-6525
-6684
5110
-6420
2008
-3765
6175
-9115
-38
-4300
-3805
3943
-8192
-7333
736
-4921
5441
2227
6546
-2103
-6165
6439
-9061
-9205
9757
-9942
-6141
-1262
2335
7919
4422
8192
5226
-8407
-646
1032
-6133
-4413
400
8375
883
8337
-1494
744
614
-9083
9719
-6122
239
9822
-4567
-3138
-232
-6111
-8915
3555
-5505
6287
4458
-9934
7154
-7945
-3048
2157
-5606
3139
-9047
6212
-5257
-3881
1371
-4318
4116
5867
-2662
-2993
147
6404
5287
-9632
7181
5673
-4863
7190
-6547
-1438
5096
1850
-6289
-2357
-84
2895
7948
3285
7346
2750
-2373
7747
-6960
-9048
-3055
1867
-5822
-2322
-7993
-1873
-3330
-6195
4977
-7709
-1991
-3147
2890
-6341
6427
-9230
2397
4449
-4542
-3386
685
793
1043
-8616
-8439
-8649
-6390
-5983
-171
9044
-7905
3173
-9114
-9163
71
8570
-8373
-8505
-6635
-8267
-7044
-1747
6958
9054
-7089
-8096
703
-2849
-8387
6928
2099
-5834
-9666
4964
-2261
2644
2706
-5323
-2654
-7223
-5785
9385
3961
4529
108
7783
1947
-1102
-5430
6168
8402
-9168
-1454
8857
2862
4851
6111
-341
5523
-676
5800
159
-2135
-5281
9105
4828
8190
-3398
-1183
7356
2983
3173
2607
-4967
-7728
5851
8125
-4921
-6590
-8479
6368
5147
3985
5534
-7659
-3340
-7346
6462
-3089
5944
129
-9808
-8282
-5695
-9252
-4574
7604
2053
6149
-9558
5088
5349
6201
-2547
-3886
836
-3074
-9144
-7323
2026
-9895
-10
-8707
1116
-4239
-5445
-3375
5285
-8717
4495
8011
-9358
6686
4751
9772
7004
-7516
9661
166
-3503
7782
-2508
-1369
-1013
1444
-5390
-9088
4076
7245
-2817
6600
-9259
8229
6770
-1623
-1913
5104
-8746
-8378
-9366
323
2650
2494
4635
-7966
6973
-1871
-8222
3554
-8774
5174
7445
2578
-5472
-926
-9836
-2409
2742
6265
2807
1216
-6021
9364
2138
-1486
-1131
2512
3025
5346
-698
7357
-4868
-601
4201
-2436
8726
7272
-4734
3930
-7938
-8055
9004
-9621
-8229
4336
-1482
-6089
-4718
870
3714
-1121
7922
-8768
4986
-2171
-3128
2928
4112
-4857
-3346
3340
-165
2922
-980
-9072
3607
8635
7417
4694
-1867
-1556
5572
5865
-7711
1362
294
5282
7529
-4137
-8832
-6438
7585
1443
4592
-5440
4611
-6499
-9696
-5960
-7091
-2010
3149
9821
-9321
-4464
587
2815
8689
-9057
-4840
3288
-1695
655
561
5109
-8490
2137
-9956
-9678
-8311
6294
9352
7595
-3180
-7146
1622
5076
-6092
9846
9592
5834
-2984
-3159
9169
9809
7468
-3030
9923
-4209
9009
1309
-5683
-5628
4309
6965
8421
-9729
-8521
-7730
5630
-1213
-2262
1307
39
-9282
-1198
6327
6372
-7006
9870
1324
9246
-7306
4281
-2779
-8932
-5496
-6212
1005
95
1232
-562
-3520
-2711
-2543
-704
-8810
-4430
5039
-2674
-145
6250
6973
4384
-355
-4727
-5085
4149
968
4987
-7626
-4110
4618
3902
7114
-1733
6548
6323
-5440
-2437
-3054
-3736
3558
-3453
-2332
-4501
3730
-383
8596
-2374
1335
3133
-8411
2226
-428
-6576
-6409
-618
-2972
-4705
-3673
1565
-6657
-9148
869
-3990
1377
-9068
-7612
4124
1259
4648
8855
8290
8672
-9412
6155
8170
-423
4618
-1045
2238
5002
7761
9638
-5991
-4776
-4468
-4699
5439
4090
-341
-3780
-2696
12
-7294
9904
-5511
6120
-4922
4019
-163
8146
-5803
8366
-5135
-6385
-1220
-4181
-8736
2472
7057
-7688
2672
7902
4361
-9984
-2282
-9926
9073
-6157
7171
-7193
8328
2254
9127
8434
-6057
3786
7008
6972
4579
1297
7149
-8211
35
6865
7463
-1519
-5653
2904
6147
615
-3498
-565
-6054
-3681
5127
-1768
9477
-884
-7341
-3658
-7170
8545
-9246
8630
-8199
-2908
1325
2906
9313
-7792
-6013
6638
9753
3902
6245
-4008
5721
-9393
6349
5919
9150
187
-9870
2392
4347
8531
-4027
8406
4360
3993
-2258
-9379
1478
-2249
-320
1919
7119
5208
-5539
2213
-5841
3204
-5494
9592
-6323
7847
9737
-3890
7720
6508
2072
1384
-4600
1831
-8046
1264
958
6673
9251
-3191
6467
-3817
2858
7550
-3208
7358
-209
-324
5797
6277
8598
-9657
-4897
-3028
3877
3549
7323
6624
-2728
-219
3866
5748
-6851
-9517
9479
-9696
6387
9645
-9951
-2851
-9153
7790
4157
-3394
5290
-320
-6644
-5551
3664
6061
9596
-6392
3914
-8930
2593
8467
2211
213
-1151
9485
-3559
-2151
-9681
-8257
392
-9738
-1497
-6679
-7931
3949
19
9182
3730
9973
3966
7180
149
1254
-1247
-4752
9777
4220
4530
-6741
-2388
-8132
-2538
-8070
-6588
4378
1274
4652
3640
8692
4505
-7999
-9056
2249
-7626
6091
7254
-2734
1989
7393
4237
-6706
280
-3698
4634
1939
-1067
-660
-8626
5053
-5869
-8143
-8212
6475
6836
3031
2373
5603
8856
-4336
-347
3776
-4135
-3139
8176
-9124
6904
-8769
4217
-1962
7372
5274
-6792
6218
-5540
4788
7125
-9833
8435
4382
5655
9540
5112
-2301
-6089
-6413
-2754
-2807
-2087
745
5676
1988
1703
5180
2106
-9890
9638
-7998
-1767
9992
-8342
-2466
9798
6137
4419
-1349
-23
2957
-4646
-417
-4289
-1023
5945
4761
-5777
9193
2599
1956
6858
6412
4979
263
-6086
-8770
-2883
2761
8076
-2886
-1340
-5723
-633
-8354
2387
8718
8745
-9860
-6282
361
9945
6218
-9080
-5961
8519
-5370
22
6573
-4786
-3185
9259
-1951
-4913
-7315
1763
2506
-81
-8677
-6462
4544
-5644
-7692
-9449
521
3207
9741
-7738
7108
-7750
3482
-199
-1513
-3720
6596
2631
4461
-7986
-1958
-8719
-5663
-9630
9967
-9833
5544
2513
-2906
2034
-9115
-6792
2877
2334
-4000
7602
8669
2119
-9991
6837
-6889
-5601
-4526
7760
6700
1690
884
-7124
566
7218
-1274
-8865
5298
-5822
4462
4406
8591
-3861
8946
-8785
-7317
-6682
4886
-9038
-4408
2897
-3827
-4158
6293
-4297
-8366
-133
-4169
6853
-3872
-2370
8365
-2940
-8732
-248
-2705
1278
7550
-9721
-3040
981
4729
-2005
-4696
-333
-6875
-9087
2048
9917
-2848
-8706
-700
-4157
4845
6674
7605
5454
-1856
5827
-6721
-8863
-2375
4787
6137
-6455
9115
8167
1122
-293
-3635
-4998
3620
-5317
-9646
-1791
-5892
8801
-4142
-8849
-1746
3763
7211
-6581
-1795
-9575
915
-8516
5381
-8542
131
4396
-4164
-8778
-4765
-5043
6838
-2087
1813
7195
5979
3757
7533
5135
-8928
6004
-9345
-5884
9026
7587
9104
-3997
-410
-2422
904
-3418
7297
-3388
9463
-5003
6833
4050
-1118
-4300
2966
7121
-2167
-4321
3784
3379
-8876
-9614
8185
-1186
-2289
-2807
-7349
-7330
-791
-9751
6677
2948
6190
-2331
7739
-835
572
2302
-3907
-1920
-615
6764
1393
-8505
-1576
6087
-1766
-791
8341
9490
-3080
9735
5981
-8961
-694
-5016
-5702
-5856
9233
6682
-7266
5289
-8663
-1842
9222
-2914
8120
2920
-3490
9863
-216
7020
-3558
6579
-9611
-3362
9011
-5571
-4044
-2321
-7284
-92
-3848
-6422
-6191
5849
457
1036
-6963
-1267
-2448
8454
1915
4823
-2803
5981
-4849
-8958
-7488
-3912
-4574
-7671
329
1860
-6832
-5412
8658
-2606
-3041
-5530
8251
-3809
3688
1486
-1094
-3335
-2200
-97
4557
-5864
7977
-8001
-5156
-2178
1627
-2019
-2269
-6658
377
-1446
-9754
-1602
8199
9288
7136
-5839
5396
-1086
-2778
221
-3245
-1682
-3131
4002
1614
2853
990
-7752
3319
-5217
-2855
-2005
8923
3556
4132
-8709
6649
-9701
-9959
526
3123
3296
6969
1695
3612
4275
5322
9548
5790
-7786
7092
-6126
864
-768
2964
-3775
2634
9995
1214
185
-1672
5747
5708
6723
3553
1259
-5172
3589
-5699
-2987
584
-1015
-48
-1478
-509
-311
7881
-3418
-6532
-4260
-8955
6024
900
-3847
9425
7950
373
5336
-3002
-3264
2003
5752
5727
5745
-3196
