8397
-5126
9424
-8594
7468
-3355
-9852
-4096
-4099
2623
-3450
2242
-2224
-9052
-7239
7642
-1965
4851
-8506
4008
6226
-8136
5078
-3756
4208
6523
-3570
2278
2434
8864
-7074
-504
8905
-2336
2786
-6940
9984
1350
-230
-3154
-8121
38
8696
6735
-661
-6354
6346
-7880
-8596
-8996
-2363
1896
7263
-1213
-1790
9258
-9378
8443
-109
-4985
1144
-1578
-4143
2255
4928
4265
2525
1184
7194
5078
7353
-4327
-6791
-1664
-4694
5106
-3885
7571
-3877
-1497
-3204
3752
-1586
-6866
3001
6965
4678
-9660
7267
2401
-5434
7304
-3612
-1189
-8818
2897
-5724
6998
2747
1827
-4928
-5544
1454
-536
3982
3771
-3738
-1765
-8036
4239
4391
-4650
3703
9713
-8635
7174
4938
12
-9006
-5444
6185
5152
-463
8484
-6075
5098
7181
9760
-3625
4774
-6358
7292
-4978
5472
-1494
-1558
-6595
-578
-1889
1751
8500
476
8194
7887
-5293
-2040
-7045
-3538
-5000
-3784
9996
6867
5538
4724
7029
-74
-3018
-547
5430
3067
6430
3579
4055
-3854
-4322
5419
2559
6938
-8640
-4906
-700
9212
-9163
-1446
-4467
-9510
-2983
4830
2154
3053
-3154
6903
9504
6147
7631
798
-985
-8104
6076
-1195
4745
-7456
-6520
4721
2540
-6255
-577
7992
9266
155
6193
4364
-6317
-4801
-3191
-4895
-9157
2970
8831
-6020
6360
-8129
7881
-384
7950
-2547
4642
-7625
6303
2559
-7242
3518
1257
-1925
3436
-1171
445
-7088
-2385
9651
-9269
608
4167
1615
-3055
166
3240
-3992
-4345
-4251
-9571
5642
-9147
-4310
-1737
4700
-4947
-9317
-7558
2215
275
-4422
-8886
-9140
6346
-293
-5010
7800
-8849
949
3899
-6010
-9504
-1185
4578
3969
-6285
-8616
8743
-2402
7768
9855
-1701
6860
6687
8233
-1900
3617
9342
3319
2172
-3249
4956
-3084
-7122
1893
3550
4051
5695
-352
1759
-8014
5652
-8948
-4201
3914
-6082
-7841
3117
-9455
-8565
6828
2482
-9142
7477
-6670
-3405
-1082
-3929
-478
8841
-3642
-1350
8579
-2725
4018
-8532
-5502
7614
9243
9299
7816
-5091
-8425
-7829
9684
3608
4780
-7429
-1417
4680
-3470
2530
-1976
8971
-4578
701
-5433
-3200
627
3307
180
-8819
5548
3828
8217
1447
-1705
-1572
-8002
2312
-5763
-1398
-3480
-6923
-7831
7912
-2893
-7362
-6580
-9229
9798
6118
-6984
-6665
2179
-5490
-7228
8464
5070
32
-3463
638
-8014
-6098
2240
-8594
-2688
-5192
-2501
-5575
6144
-140
-1327
-7470
3800
3405
933
-2170
2157
7412
9864
-8770
-1893
-2339
-7770
5740
8207
2734
5925
-7102
-7193
3285
8048
-9933
-629
-1016
4042
9250
-6344
-8279
-2473
4557
-877
5537
8796
-5618
6038
-4979
9293
6929
8306
-2980
-9105
-3387
4566
-4828
5816
9373
-7308
-638
3866
-3023
208
2292
5707
8590
5879
-5221
9926
642
-4992
-8713
-2335
9547
3466
-227
1522
-1862
5170
2832
9923
7465
-1229
-4722
9698
2846
2005
-9720
9528
5330
185
9681
-9348
1290
9872
-6564
-1663
225
9909
-4722
6132
-647
5374
748
4020
-8544
516
-3867
-4511
8484
-6654
2453
-6374
4109
-4361
-4185
8256
-1755
-9524
4181
-8144
-4425
-6665
7142
-7189
292
-4267
-2901
4734
-1974
-1086
5428
1567
-8307
6401
6749
-5938
5625
-7091
-3229
7313
3063
3939
5096
6804
-2776
7110
5453
9778
4842
1152
7753
-2538
2110
132
4801
5861
-9172
7588
4840
7772
1698
-4577
-1038
-7634
-1157
-3182
9487
9778
8754
-6244
1203
-2356
433
8432
6369
6577
7125
9075
6204
-5958
-7600
9178
-7497
-5063
-6650
-6072
-8440
-9071
3294
-9751
-9756
-975
-6837
2641
-3490
1654
7746
4538
5554
-6095
2035
6990
3227
2806
1848
-2287
-2291
-1009
-4640
-7178
8768
9218
8981
-5755
-1892
-3942
-2080
-6781
6398
-5665
5141
-4872
-4607
-5064
5824
4631
-186
1302
-3887
-8472
2054
-4223
-870
-6393
3155
-4121
-7148
7947
-7488
7336
4626
2794
2646
9894
8680
3423
-1678
4418
-8462
9513
-503
-615
-8756
-251
7539
-2956
4157
960
6706
8543
5667
1443
6500
2619
6011
-8822
7336
-6143
4469
-2834
-2435
4734
-9754
3324
-3718
1746
2632
696
-5591
-3758
5112
-9847
-5734
1113
-4641
1210
-8004
-1217
4856
-6108
-6051
-3175
9164
-328
1729
-9450
-5987
-3238
4083
4380
-9660
-5482
2637
6484
1826
-5364
-780
961
-2381
1146
8335
6561
-3073
-6250
-2849
-8727
-901
-1969
-3312
-8726
3385
1997
6802
395
1387
-1144
-7944
-5496
6744
3509
-4576
-5590
1791
5408
-2559
9483
-5133
-8083
9817
-9977
2391
5768
2806
-8026
-5953
-8398
3561
-5262
630
964
4229
5211
2409
-8358
-7638
1957
8787
3220
-513
-6856
-3722
9014
-3081
-7262
-2642
-2403
-9936
-1587
9948
1827
1300
-4792
9487
-6139
-2376
-2894
728
-9997
7059
3311
6577
-5820
-6952
671
9504
2200
-5463
2185
618
-5398
6941
8588
-1782
5252
5338
-1282
6333
-7651
-4370
5726
-4290
3368
-6135
-4846
9842
4644
-2278
1694
5654
2808
2396
4727
665
5847
-5793
-1432
971
5167
-5241
5036
-1088
5623
-8188
9487
-3448
-6183
-5465
-539
-7322
-2858
-9198
-2257
6941
-4543
6680
2411
-6698
9257
613
-185
7052
8595
-3658
3493
438
-1235
-8488
1731
-7277
1549
-9300
1937
9071
-6830
-9576
7241
-708
-6997
3046
-7002
-2907
-748
3614
-2225
-9982
-5581
-5810
7889
-4986
-610
-108
7730
601
-1878
-9308
7086
9574
4606
-3617
9789
-3300
-9409
4506
-9446
-6399
4166
591
8902
-416
7488
1346
9457
6538
7030
-3642
1491
7268
-4542
-8069
-3350
-4937
-7243
4804
7773
-8751
-6170
-9622
-6623
3441
7004
-9744
-7946
901
-7149
8852
-6856
-6438
7436
8939
5081
-4354
9803
-2569
-6146
8734
-1602
2218
-9287
1474
-9921
3427
3750
-2695
-669
-3318
-82
-3337
-9231
3940
4333
-8254
-7752
1269
-4842
5114
8993
9912
3217
-1430
-4690
-9311
-5736
-6151
9252
140
8708
2968
4745
-5548
-4778
-5432
6687
-5380
-2409
-6382
4763
9258
-1417
749
-6113
4854
-4096
8690
4252
-7290
4126
-4322
-2593
-2639
-2908
5598
-5693
4939
-125
-5285
6038
5437
9409
4720
-7010
614
1190
-5540
1235
3697
970
-4065
-2996
2987
7649
2292
-5628
3965
-8454
3254
-3664
-8404
-2696
5951
8821
6859
-5347
-2110
-1204
-1652
6368
5491
-8368
-8874
-5492
-1678
-9084
3376
7622
-4986
-273
-7902
7011
611
-5102
-1686
-9850
-9136
1336
-8807
-9397
-8088
-8511
5621
-3333
-4334
3251
1128
4445
-430
3873
9017
3604
2340
3574
8441
1002
8654
-4680
-7920
-9981
-6008
4251
3559
-3822
-1722
6429
-5113
761
7527
9707
4985
2541
-2266
6726
-2402
-1775
-276
8196
118
7689
9623
5347
-8758
-7191
-9574
-3050
-7795
-540
4438
-9844
-2436
-1983
7701
-7924
-5332
9113
-9641
1989
-5758
2841
3732
1563
-9913
-2734
-8194
6607
-5169
4652
-5900
-7441
4931
-1716
1458
-1081
835
919
3609
-3207
5838
268
6459
-9240
-3539
-7316
9179
5912
19
-8322
7173
-5244
2762
8005
5541
6430
7270
5299
-9002
-3492
-584
8983
-4777
1768
-4648
-8692
4644
5352
-2756
1846
4951
1270
5206
-4556
6662
7859
6507
189
9112
-7607
-1062
-8167
2578
-6062
-9726
-6021
-6072
-3917
-1874
4270
4999
231
5817
8659
-7115
-5291
1506
-9630
605
8553
-6308
4039
3465
-6607
-510
2794
-6033
4088
-7421
9141
-8467
-7478
7982
6510
-6165
-9177
6701
5374
-3701
-2527
-6382
-1106
7268
-5579
1891
3371
-8299
381
-7821
4111
-3274
-8224
2551
38
2728
5849
-1457
2144
-7357
5725
2995
2895
7804
2312
-3030
-2234
-5534
-3048
2967
-9706
1555
-8111
-3158
-3300
5110
4302
6193
7568
5232
-205
7803
-3559
7336
9497
-5740
-7737
-4767
7409
6322
7419
-9594
-1501
176
6879
3249
3330
-1506
2085
-2599
-9426
-8707
-2213
5791
-3065
-1396
2675
9083
3864
-8917
922
4435
8966
-1484
-6455
2354
-6158
-9621
-7275
-2687
8680
-6457
7833
1372
2704
1773
6915
-6
9539
9550
6558
4229
9786
242
-5573
5329
-7506
-81
-4367
-2305
8032
-3481
3882
-4272
1645
-4587
-3324
-1196
-6340
-8273
1910
-9809
-5826
-7136
6278
3647
-8947
2360
3124
-502
281
-7584
-9370
9410
5157
-7608
-4545
-1293
7588
-3342
2504
7366
-556
-1263
4440
5028
-3164
-3858
9523
9578
5929
1849
-8592
-8952
-8441
-3146
5237
-6149
2297
-496
5510
7452
-9429
4414
-4156
5284
-2976
-2851
5099
-3414
-3012
-9126
3953
3324
8749
-5602
7589
-1997
-8998
-2749
6748
5753
6077
-4195
9194
5827
-4417
58
6403
-3158
-9048
1895
-6914
2265
8541
-2863
-4138
-4010
8775
3539
-1027
-3215
-8424
-8050
-3957
-7089
-9192
6965
8248
-1198
-5789
9341
4749
-5641
-3438
1400
9343
-1253
5090
-9684
-6652
-3499
1108
-8132
-2590
-7055
-6202
-3581
6746
-8666
-2427
5193
7014
-131
7684
5486
-5989
-2320
9996
8573
3570
6307
5433
-8649
-367
2723
-6936
-1648
2470
-5559
8110
719
1473
9426
8692
-2836
-9935
-3261
5485
5645
7293
6566
1844
-2981
-9744
-3649
1909
4569
9920
-5221
-4604
2922
7376
2422
2098
9859
-773
7597
8739
-5638
-7104
-6846
9795
-9784
-4881
2338
-7140
-6030
7634
278
-7166
2634
5967
-8014
3720
8019
5077
-3180
9809
7795
-5972
28
-9420
-5678
6331
-4824
-4335
-2801
-6185
9495
-1130
286
-1688
-9506
6070
-6935
-7534
9278
9714
-2212
3224
-9315
2136
-875
8197
5890
-8552
-7817
-1890
-4445
-6221
100
-5935
-4146
-2979
-1891
6936
7703
7778
-6435
5153
-122
-9121
159
9002
5799
5675
669
-6823
1095
-7684
3871
9111
2854
7917
3069
4474
6759
6030
-4260
5065
8622
7771
-7098
-719
-258
6208
4173
8470
-7409
5519
-736
9225
-7454
1796
5790
402
1976
1594
2747
2171
-1048
-1758
9202
1562
5207
8809
9819
5859
-6883
-6279
4856
-5496
4610
-1935
1872
1027
2249
-9424
6200
-9068
1043
-9848
4940
-2507
7355
-4452
-4146
342
-5717
-7293
-2385
-8724
-7984
-9012
3143
-8117
-5211
-6430
6629
6417
765
2599
-9604
-8434
-3501
7832
6503
-5058
-4782
40
-7004
-6555
7
9922
7820
5248
-8038
8026
6256
9554
-8170
-3929
2332
6616
966
7386
9060
-8053
-1481
9040
209
-2875
5170
-8797
4925
-6586
-6494
-1506
-2874
3546
1486
-588
6714
3578
4279
9614
-6678
-9668
-595
6806
3304
2249
5984
7175
6682
3611
-8732
-9740
-5204
3413
-3427
8895
5214
-4103
-6622
-2401
-7135
486
3235
4067
4346
-1552
-3003
6124
2252
-2511
-3106
-8509
-9371
3039
9839
-9570
3985
9587
-9133
-2039
-6122
-6060
7383
8922
6548
-8214
6860
8131
7211
1291
8315
-5357
-1473
-3757
-3149
510
-9628
-9128
-2749
-325
7868
7695
-8300
1713
7078
-4218
5542
9638
440
3807
-2215
-700
-2637
-9462
-6381
-6244
-9754
1182
5430
-7830
-9513
715
-4786
-2658
-8014
719
-6690
-1247
533
8174
-7330
1168
368
-4358
8879
9596
-7333
669
-253
-5441
-6724
352
-6729
8015
-1359
5494
7897
5398
7408
-6178
1253
1682
9184
1309
5202
7614
-4320
-9006
-5734
-9245
-4472
5599
-4250
-9793
241
-7226
3760
-9693
6298
2442
-8320
-4652
-8167
-9754
-1307
-3863
2666
-2699
-5561
-2542
2644
1795
9039
1145
715
9796
708
-4782
-5342
-6432
-5915
-4294
-255
-1210
-9472
-628
-1740
-5157
-4954
-7377
8504
-3750
-3504
1600
5127
8855
8962
33
3827
5596
-1086
-6891
-2233
5342
-2316
7088
-6600
-2771
-3221
-8592
7395
4641
1311
-1843
8718
9330
-1203
-3580
4910
7032
-3132
-7678
8479
6562
-5505
1600
9382
-5540
7196
-2502
8748
5081
9688
654
3367
-3302
6939
2130
1272
90
7122
-6950
-7027
-4155
-9605
1929
-6433
-919
8675
3269
9745
2255
-6342
-8983
-5982
-508
1457
-6001
-4841
9419
-4698
7614
8748
6273
-4381
-8465
-7032
9238
6277
2077
-2470
6319
-5526
6123
-7857
-877
-7505
-5428
-6092
-2817
-486
-3638
9787
-9487
4677
766
9681
6295
4085
8350
-6836
6469
2630
-6921
8041
-5258
3088
-5738
6861
3539
2125
5995
2657
3618
2157
-7685
-7920
-8032
-4230
8351
-290
4367
7499
5898
-7861
-5317
-8137
2955
-8368
3063
-8704
2745
-5636
6241
3365
3098
-7898
-7375
-7123
8916
7434
4887
7069
-176
-8491
7236
9270
3874
3605
2374
-3782
-5972
4409
-5773
4240
-8405
-2825
-8466
3183
-3967
-1029
7492
-4793
-2038
-4610
8835
-7081
6428
1250
-5665
-1817
650
6660
2920
-7818
1117
-7743
-5174
-7315
-1395
-2915
4943
7793
-4488
-6071
-9446
-1542
2051
-8019
-912
-8999
-9900
9585
9592
-9218
8888
-1449
-8006
-3313
-7470
-3627
-840
-5149
4718
2786
-3278
-4034
-9846
1320
-7010
7300
4058
-6856
3439
6562
6205
7931
-9422
-8396
6233
-4910
921
-9687
8490
-17
-4914
5422
7027
3381
-572
8385
9038
8743
-5699
4060
-3188
5626
-6377
-5721
-7317
5108
1322
-1065
-6960
8355
6164
645
6728
3273
2002
-671
-7111
-7093
9698
31
7537
-1020
-8870
122
-8923
7133
-9208
8908
-1098
-4826
8273
-3095
-7313
5538
-8641
-8133
413
7004
6692
832
-4814
-6065
5440
1458
-8597
-2600
-1437
8394
-6547
3027
1230
6390
7112
-8838
-98
-6401
-8546
8558
9460
4753
753
2518
6848
7223
7134
275
-8105
6909
3460
668
-2969
722
-6976
-6771
8161
-4895
7242
-7454
-5687
2562
-3687
-1582
7441
8902
-8449
-8655
-4385
-8476
-1552
-6276
6967
-3970
2443
2493
-1713
2942
8623
-4685
7896
244
1617
209
4850
-6564
-5274
-7126
-3714
5387
-6316
9086
-3548
2199
-376
5900
9169
-3017
-9250
7556
-2272
-1881
601
-8049
-2681
816
4978
9632
-5348
-6013
-6590
1577
9462
-9051
-6918
-2534
-7089
-7321
935
1681
4985
-1932
3593
5872
-2793
-3517
8622
6794
2607
-7275
-9090
-9314
9871
-1679
-9474
-8595
6570
-5820
-1871
7040
-1832
-94
7441
-9613
-5409
-1743
6206
1187
-2303
1638
2202
-5798
4275
259
4054
9548
-4920
-8933
-7593
-4896
8130
8609
1289
4646
-5360
-30
-9552
1671
3174
1646
7373
7780
-7775
-5498
-3260
-9511
2996
8681
-2030
9668
8872
1962
7893
-4739
-3899
-3203
-2997
3845
-1459
-5552
-4188
-2095
-7135
1227
-2603
3817
-1220
-2867
6930
-5962
5182
-98
9141
-2674
9856
2739
-3939
2239
-5902
5679
-8947
725
-2841
8322
199
7092
4859
969
-1055
4442
8976
-7403
-8704
-806
-2533
7950
213
-9619
-5795
-9641
-2458
-8610
-9897
-8671
6580
177
262
-7487
-9502
8568
1843
-7375
3150
-6741
2823
3683
4737
413
3678
-7594
4197
6254
-1831
-8470
-2103
-2250
6166
8885
8101
-7498
-632
-7066
-1735
-4528
1462
-2804
7565
3766
-7500
525
7432
4617
9088
4505
554
-3968
-8751
-1101
7944
-5541
1631
3570
9359
-9864
6247
-6384
-5941
4942
4822
5623
271
-3342
-1559
7132
-2974
-8423
-3265
-734
-1221
7563
7818
-3526
-4352
-9748
-9792
-3356
2912
9782
-1886
643
-702
7582
-7187
3279
-475
-1821
-35
-8942
-9295
1691
-9497
-3807
-7797
1618
4734
5811
-2765
-8456
4808
385
-7976
1383
-7724
-1648
7703
390
8475
-5013
-1001
147
-828
-2685
984
9962
7449
6802
-2461
1853
9215
2168
5652
-7636
-9939
4481
7672
-6920
-1153
4060
7054
4779
4893
-8301
1321
-6460
5909
7372
-3231
-1853
5047
-3628
3139
-4993
4054
9553
8024
9040
7354
-838
-9531
-762
-4596
-6260
-5391
1559
-3408
-9008
-3727
-7880
5932
484
960
2358
11
-4772
1764
-8998
-7872
6202
2460
-7078
-8277
-5696
4798
-7386
-5242
3187
9201
3348
2100
-7265
-6830
1620
-7236
-1187
-3831
-8353
-946
-2683
8079
8260
-8747
1383
-1887
-8771
-1726
-4335
7306
6369
6405
-1344
5594
4729
5056
4173
-8611
8857
752
-3945
1665
-8184
-8702
-357
4117
2056
-7171
-2604
-7721
2057
-9783
-7755
566
-886
9898
370
-313
-6211
-1593
-9814
4514
3776
-4
-988
-4688
1144
-5984
-5099
-1938
-7266
-281
6505
2309
-5238
9340
-1070
-6180
618
-4808
5882
2945
-6604
-2958
-2271
7295
80
7672
-5376
8555
8038
4224
-9328
-9701
-8663
-7672
-6502
572
9856
3303
-3944
-9411
-1842
3152
-5653
4351
-1663
6290
-5793
-7024
2351
-2341
1480
-6649
146
2119
5987
3561
-8086
-867
-3006
9725
9078
-517
-3567
6646
-9644
2307
-5187
-6413
-2887
-8075
1119
4510
1408
5977
-3090
-1694
1670
6539
6041
-2453
-1344
7415
1706
-210
-7923
358
-9911
1983
-8796
-361
6926
2657
-9643
4782
-1445
364
-6685
2546
1438
3211
344
8932
-9408
-1559
9529
-6041
4986
-6215
-162
3769
7641
9411
4386
2670
-3238
4319
-1067
1056
1982
6472
-2012
3995
-1059
-4430
-7336
8313
-6348
5243
-2142
-134
2002
-8546
-7840
-7952
-7018
6099
-4129
1825
2423
5909
3434
4903
-6169
-1937
1177
-3563
44
-4401
5058
7448
-307
-9630
-2049
-4280
2837
968
-357
5261
-3505
1106
-9573
2504
-4999
8859
-4669
1023
8016
-2147
1687
-9182
6168
9313
-4732
-6577
4935
-6939
4170
-2490
5663
-9548
-209
-9246
-1651
3723
-3462
-6217
2936
2534
1315
4674
-3857
3763
7634
-9917
1411
-9577
3927
-2960
-9969
-4117
-6181
7860
7291
-8421
3481
564
-1360
4221
-4741
749
-3211
8020
5919
8341
6829
-5615
3474
-434
-6884
3637
1809
2730
328
-5969
-5101
-765
-7537
-6771
-5733
1392
-5455
4076
-2402
-5297
-2405
-5683
4023
-3905
4015
-9856
-5583
2771
4894
-2725
374
-3169
9817
5179
9736
2671
-8644
-5692
-3023
-3979
9490
-1294
-1603
-3517
9730
3689
-4415
-7285
-5266
-9274
2919
-6495
2187
7691
7066
2439
-8390
5457
-2240
-6912
7111
7474
-6036
-777
1740
7014
7882
-5623
-7208
-2647
7368
6876
-7148
6757
-1333
5732
-768
-2636
-5183
9773
4630
-3150
-2727
8581
8406
-4061
-4169
2928
5644
4514
3346
9527
8466
-6612
5619
-4652
-1757
6580
-6367
163
-7399
-1756
-3424
-8158
-9531
-5984
-854
7011
-8756
6493
2276
8311
8856
-8549
1367
7128
-9226
-8628
-4084
-1475
-9754
-4041
4972
-9499
334
-8616
4684
2265
1838
-7471
7397
-7133
-9544
-7491
6177
-7888
-9990
8614
2896
4934
9724
9926
-7388
-3568
717
714
-3599
-82
8623
-3071
3031
2618
4387
-4808
8103
8831
-7055
-4262
-368
6426
5723
2007
-569
-479
3160
-5463
6885
2322
478
1249
-7714
9286
-9086
8355
5073
6505
9239
-8709
-905
803
-8779
-7934
160
5723
-7066
3544
-7968
7531
-6953
7828
-1014
-4541
-8459
-9377
1009
-8513
-598
-9643
8586
-191
-3242
7026
-9896
3998
4635
-2820
7279
6274
-423
-4885
-2226
8821
-7431
5426
9317
3482
-4682
4905
3892
6744
6835
9368
8342
-2130
4908
-5220
-7751
2058
-9723
8915
6853
-1963
-1760
6724
7688
-4709
8581
-7532
4211
2724
1956
-3949
4722
7519
4068
-7521
-3755
7100
-170
4073
-2792
4777
6931
568
76
6861
-4361
9898
-3367
9132
8624
7248
-4956
-106
-9818
8925
7277
-2592
-4092
-8033
5840
1636
2738
7103
8123
1255
6154
-4226
3301
6230
1347
3087
-7769
7862
7020
-3253
8021
5221
-2744
-9381
-1785
-9352
5174
8718
3318
739
5934
9569
4432
-2913
-91
-9522
6301
8662
7585
-8369
-2294
8627
5275
-8791
9137
9628
-3325
-6164
-1575
-6285
2354
2480
4424
-3202
6172
-9917
465
9752
5846
-2766
3954
-5922
-1360
1734
2726
-9365
-7371
7862
2041
-7504
7574
7464
6516
-4450
4383
-3201
-3758
5137
-8676
5784
9018
-620
-3716
1964
4586
-9824
4309
1161
-1748
3484
5986
-2583
6025
3114
-7995
-4470
-521
8223
-2001
37
1698
6993
6872
-1579
-8095
1081
7128
6772
-1517
-8321
9340
-1791
9086
4501
-3369
5201
-1402
1696
-3113
6441
4013
1803
-3196
-1833
2037
4327
-9854
-7609
8496
4650
1566
-1211
-6351
-2937
7737
-1419
5534
-2837
-9719
-9846
-4166
-4991
-4766
-1052
6057
-6076
39
-6273
-3020
7760
4259
-481
5873
-2897
-2287
1522
5923
-1063
1784
-8186
-2010
-4928
-2627
8409
2004
9035
-986
-8544
1081
-1910
-3038
7080
2617
2845
6008
-2057
896
3184
8991
-1712
9830
-4455
-1039
5636
-3060
2483
-6237
6764
-5889
3307
-7271
-4603
-3712
-3298
4597
-9667
-3113
7012
4400
8826
-4852
-4758
4022
-7444
-6954
-9751
-2614
-9585
-6101
3365
-9748
-8256
-1106
-1559
2862
3362
-795
-4993
8278
1510
7740
2892
984
-6470
-8950
8584
-9297
-4120
6673
4633
9626
-9123
3031
-1925
-6747
-2299
5872
-3112
5875
-5298
9742
-4148
-6447
9505
9021
-1965
9558
6629
-9069
-1827
-8002
-8377
6342
-8831
5947
-2165
1289
8516
-1141
-4473
3059
-2416
-7697
2494
5013
8939
480
9819
-1706
6798
4406
5297
4181
-2406
-7525
-1164
-817
-6722
803
3652
9918
6761
-2221
-2901
942
-8899
-8001
-2185
-5028
-5562
1979
3031
-4324
-6068
1522
4802
6978
-9696
-8199
4134
3325
4100
-1949
-4311
-8172
-3145
8362
-5564
3770
-5246
-1389
1751
-4899
1985
8978
9815
8460
-8484
7315
-5966
2149
867
6499
-6157
2924
-9836
5406
1773
-3860
-8263
-1181
5765
-5763
9982
-198
-8991
-6511
-2655
-5594
-9647
-686
-5230
1305
-7346
8199
-3552
-3583
-5493
-1511
147
-5981
5551
5275
-4879
-6952
8012
-7821
-3942
-1608
6775
-7523
942
8322
8507
3238
1280
-5821
-963
-6102
-5964
713
1528
1697
-8278
8618
9116
-5412
9192
-8342
-108
-1552
4081
1336
-6204
-8034
2786
-5114
1253
3587
7436
7712
666
2443
9472
-6894
-7088
-2700
2343
-9651
-7371
-761
-2696
5363
5388
-9604
-7355
-371
4997
5635
-8071
2624
-1747
-8396
1633
-9423
-8155
-144
3192
-6461
8618
7481
7908
-9423
-2051
-7985
2067
-9707
5521
4979
-4896
1452
8044
6572
-2752
8798
-3198
-3333
7863
-9068
9697
6629
-2620
4474
-9885
-1470
-1389
-98
-2927
1101
-9166
-3345
7496
2826
1747
-996
1802
6891
-1812
713
-1272
7427
-8987
-8774
-2931
-9933
-9205
529
-5009
-9881
8571
2434
6329
419
-6125
6093
-1978
-7080
2896
927
-9446
-2510
3068
4977
6627
-3127
281
-8236
-9111
4063
-3978
-5694
2964
3196
5867
312
7540
-8935
-9520
3561
-4688
6076
-3973
-5095
9834
-6777
-8668
566
8879
9278
6632
6256
-8528
390
-4026
-1726
-3697
-8531
-3922
7785
706
-2740
-7295
-7990
-9398
-4864
-6723
-9376
3741
2112
-461
-5992
3496
7027
-7860
-7765
5827
1544
8278
7865
-6741
9713
1469
6709
-7244
-3207
-511
3008
5902
3336
2102
-5280
-9937
3197
5180
-4789
-5396
6196
-1227
4080
-9354
8493
5713
-9837
4652
2386
5015
-979
-8381
-1207
-4673
5648
1519
-4659
1722
-2647
1399
7847
6619
4670
5526
7534
9655
-7428
1725
9800
3696
-1108
6069
-1814
6709
-2084
8260
-508
6952
1429
5530
4193
9686
8007
-9596
8129
-8833
3277
-3616
1696
5706
5868
-5159
2443
-6927
3606
1817
-5737
4381
-4468
-3442
-8877
8822
-5539
950
7364
-2221
3982
-105
-7583
-6810
7116
9337
282
121
-7691
4615
9556
8474
-1179
2351
-9487
6482
-5392
-2241
301
-7954
-2394
2394
4323
-8211
-4343
6744
8988
-3621
-4937
8435
5167
3761
53
6792
-8597
7131
341
-1834
-8221
-3081
-9944
-3402
-4281
-4741
-1112
1653
-4927
-3769
-1673
-464
2009
-2190
-9435
-1799
7059
-2475
6799
4467
4075
8737
1077
-2355
-6231
2273
-7307
-881
8938
59
3519
686
5061
8551
4081
9776
6662
2955
-638
-1843
9528
-4689
7761
-8909
-1170
-7923
1822
-4024
2829
4944
2171
179
4856
-4113
-8509
-2635
-7299
-3591
-7599
3105
9438
6186
2121
494
-7112
-4323
6610
3046
-6258
5519
-2862
-505
-5115
-6407
5053
740
2631
-7630
-4954
6304
7355
-2842
-5254
7988
8051
2953
-8824
-3712
7522
97
-933
367
5915
-258
-802
675
3142
-2950
-6115
-9871
7473
2106
-8538
-6463
-6893
6462
-7597
4422
221
-6340
-1245
-2603
4482
6069
-1635
-2744
5619
-840
1276
6197
-1188
-1102
3329
3614
-1953
3281
-140
4061
-2887
-9897
2016
-5712
-9635
-215
-62
6142
-7042
6610
-5928
7755
861
-2067
1260
-1256
688
2203
-5630
4828
-507
-6842
7765
9809
-3782
9223
9391
-358
-3855
-5761
3041
1919
-5772
-1077
-8474
-9148
2770
2525
8996
8277
-980
3079
-8219
-342
3504
6105
-48
-8477
-5627
8792
-9070
-2530
-65
7317
-254
-1224
-3460
6829
-8192
-8640
171
-8086
3242
195
1266
2496
1476
9854
-9163
-2353
-1385
-7156
-9729
-4608
9516
-4158
8403
-886
-4892
-9962
-2273
4321
-751
-7003
111
4958
154
-9424
2395
-2248
9840
-2965
-8632
6298
-7091
-2928
9136
-6474
-9500
9502
3051
-3370
4086
2394
2580
9221
3150
6717
1607
-496
-4095
-6943
3896
-5747
-5916
-6070
-2406
-7570
-9858
3747
-7246
4340
-4880
2857
9409
4085
2952
3358
5543
8764
-13
-8086
-8809
-4575
5605
9356
9993
8619
1699
6981
9947
5479
-6378
9647
-7110
4921
-1722
-6537
679
4202
6522
-6713
8238
-8562
8168
-1000
7421
-767
650
1791
-8515
-1938
-2442
-9514
3915
-7542
-3705
5905
-410
-5465
7591
-9629
-6212
403
5414
5493
-2798
6676
4359
2655
3225
-8888
2615
8274
6087
-7243
4000
6963
1411
916
-4386
-7724
4642
-9851
-459
8596
554
38
-7728
1230
6060
4385
8226
8962
5596
-7692
-7053
9037
-4183
-7200
-4764
4417
4152
3106
-9660
-4671
-708
2751
-470
-1299
945
9028
6324
2028
8889
7829
8777
8752
-8314
1810
-5210
6571
-4394
5121
5882
-6923
2400
7253
-1232
-5447
5697
-1701
-9230
5150
-1695
-2874
4492
-7560
5918
-3263
9483
6303
-9972
909
4754
4859
9809
-5899
-2211
5932
-2692
-2040
-5237
1388
-1054
8813
-9279
-1820
-6698
6156
7097
8309
7617
-1031
9516
-2381
-8591
-6818
-3999
7090
6422
-99
8709
3305
-6328
8408
940
8876
-2353
-7799
8703
884
7090
4864
-9502
-3133
5092
7830
-2845
-9921
1499
-6034
625
-2610
-6987
-4590
-517
-8668
-1097
-2113
-1821
-9447
322
-5639
4048
1301
1770
-3435
6269
5364
8672
-9914
-9140
-737
6896
8679
-8050
6690
-6815
-9262
-5736
-9131
-9790
-1027
359
7143
6856
-5624
9007
-2717
2173
-8058
-2881
-7039
-5656
497
1876
2357
5732
3315
-1730
9385
6087
-9796
6736
2754
-4221
1272
-6553
-5108
6386
9
708
1674
1895
9870
8774
-8266
-2341
-5093
1257
4429
-6146
5082
-1366
5466
4716
-1822
-5833
8335
-1292
3109
2215
2631
-4
-8972
-2406
9445
4990
-624
-7145
-9308
2015
6842
6503
6270
-4985
-1337
-6020
2659
-6747
-9164
-3477
4693
-6631
5454
-332
-9078
-2837
6350
-5146
-1819
-920
-8660
-5674
-5975
5074
7193
-9590
-2561
4325
4124
-3428
-9660
-2736
9252
619
-2274
-4174
4966
-2238
2784
7774
-2980
3651
-4671
662
6986
-2776
9388
4189
-2382
1962
5857
3121
-6711
7127
7719
3553
8447
-4752
-755
785
-2101
46
-6868
3904
8893
-3289
1955
-2400
7905
3490
-175
-2976
3413
749
-5122
-4746
909
642
-6162
4786
-4568
9108
9357
-7027
-9487
-813
7775
-1858
-5096
3688
8068
5352
7820
-7175
-1193
-8446
33
8543
-6598
-4011
6385
-8775
-8931
-3431
9162
4770
-226
-4777
4971
-7283
5832
-3122
-8042
2940
7954
-6621
6402
-8748
9309
3395
4556
-3739
-2739
4901
219
3486
-1833
-7034
-3044
8305
2835
5530
-8725
8566
-531
6158
-2463
-585
8494
-4838
-4983
580
2135
-4560
1640
3176
2065
5698
-8061
-6846
-4933
7112
7978
-2055
9291
-2433
4825
-3343
-8898
-6273
7759
9576
-9606
6815
4226
3957
8398
-1436
-3183
-764
-5667
-9009
8750
3306
3007
9236
9539
7216
2909
-2130
2796
-1879
2729
-3154
9224
5278
1507
8580
-1658
9504
665
-7432
8974
-6505
-7944
-7114
-8884
-7915
3677
2496
2435
9212
-9219
-3601
3200
-6077
-5502
-8737
-9494
9774
5835
5884
-6077
-5601
5812
-6110
-3161
6044
-6811
-4682
-402
1162
-2283
-1935
6375
9281
8719
-2297
-1473
-6491
4508
-4387
9480
4729
-7613
3997
102
4392
-995
-2598
-6894
-408
9002
483
7668
788
3717
-8900
-472
-7505
5597
-3251
7306
-6742
-3943
29
-2435
8402
-3054
-2163
-9968
1769
-4767
-130
4087
908
-3694
-3454
2860
-8796
-5685
1189
1967
-8076
9140
624
9994
-3693
-6980
-341
8505
-6698
9939
2029
-2543
-5164
-9598
8334
4216
4729
1165
2084
5892
121
503
4941
1681
6392
4003
7660
-3512
5126
-8691
-1198
920
-2312
-1731
-8735
3546
8353
-8097
-3545
-5392
-7190
-2290
-2856
-9405
-2606
-4655
191
3910
-2356
-6522
5724
-3359
-7471
1843
6314
6170
-8196
-1398
4350
-399
-2969
9908
2530
-7981
-9829
-8675
1107
1050
-826
-3990
-8869
-1892
-7125
-6032
1933
9845
9171
6164
-3883
1256
6893
3535
2769
-4445
6409
5071
-9733
9886
579
-1702
9574
4995
-8278
935
7088
-6810
7519
9737
-6517
-6265
7765
-9697
-2730
-8028
2243
2736
-3058
-9364
-1637
8756
-4828
-5007
7702
-7739
-5226
6765
2707
1641
8508
9017
-9601
2634
-8329
-7565
7228
925
-8606
-8979
-106
-7264
-2628
-3610
5287
-767
9659
4763
-8838
-5077
8071
-5628
-5040
7780
-2514
-6415
-2513
3269
-611
5755
-5174
7664
-3808
-8930
3576
8544
-4108
2019
-9517
-190
-316
1877
-3780
-3175
250
2820
-4145
-2199
9996
-769
-9081
2536
-4211
4166
7464
-4900
-1233
-9820
-7944
-3041
-2238
111
-2747
-4894
6368
6288
6755
6595
7401
7436
-8063
3484
-5272
13
-5602
1516
-3329
5017
-1339
-1976
-3040
-7229
-4303
5044
9805
6621
9159
-7981
-9289
-2359
-1798
-8196
-6192
673
3842
7464
690
8713
-3660
-8082
-7405
-7504
-731
1360
-2245
9997
-188
1334
-4226
-9731
772
-9836
-817
7289
8381
3621
5319
8248
-7877
-7124
5280
-1056
-6934
-6764
7016
4616
-2876
-5794
3178
-5018
5383
-5243
8383
8978
-1718
-5189
5826
-8385
-4073
-2947
7019
-7828
3104
-9465
-467
7815
5887
5561
7828
-3508
-5318
8950
-6341
3445
6468
-1360
3392
2043
3948
8632
-7086
-2407
8152
8
1313
4320
-9635
4775
8361
1424
-3786
2896
-3488
-8896
-5378
6174
1967
-5980
3937
3036
-4470
-3662
-6008
-2048
6701
-5662
-9872
-8097
-2692
-2043
7417
795
-6131
-5887
-8131
4063
-6503
1053
5963
3238
8922
8723
3647
-2816
-1296
-2780
-7157
2445
-2674
-8303
-5822
-8187
-6317
-4016
6556
-2257
6416
-6987
-3084
-6082
-6152
3830
-3577
1312
4092
-5750
-9288
656
-2059
4741
9479
7633
4734
3224
6255
9645
178
-9589
-7676
9667
6835
-8655
-8003
-8260
5448
-3746
4184
-988
-5749
-4034
-8246
8025
-8131
4409
-7367
6014
2364
-8521
-4773
-4202
-2327
-392
1842
2414
-5646
7853
7744
-9300
-7182
4125
2191
-2515
4362
386
-1033
-8985
1221
-3557
1829
3502
-7340
-1084
8364
-3243
9021
-9608
-3164
6467
9263
2470
-3305
9586
-4423
-8327
-8941
-4661
7914
9538
7778
-1345
8110
-2045
4928
-7379
1242
1053
-2526
-9107
-5172
9675
-3738
-8897
6453
-3382
-4774
-7218
-517
-5792
9978
-552
-4378
-2124
381
9697
4439
-8600
5750
-34
-7814
-6758
7312
6937
6268
1556
-4518
7793
494
656
-7464
5525
4578
-9510
9652
-7619
4917
-5582
-9625
7956
-5816
3695
-7896
6227
2121
4970
2970
-1447
3677
-8534
5832
6312
1061
-7560
-1511
-5188
-2418
2430
6606
9321
192
418
1269
-5119
2354
7024
-4394
-9666
-2213
-7119
8256
1884
-2830
9107
8057
7054
-5136
6621
-4124
-4812
-1373
-8696
5546
9830
-9275
419
-7339
5638
5267
-3920
-9711
4038
5860
2755
-8505
2611
-7400
-3781
-9177
929
3222
-3348
-625
-6184
7442
-3548
-8667
4396
7704
1803
2609
1586
4468
-7542
5697
9700
-6822
1982
9032
-7349
7507
225
1618
-3013
2100
-773
-6421
307
-9182
-2426
-2798
-5511
6329
-1116
7254
-1199
-3736
4507
-7903
-66
-587
2439
9930
4115
-9359
-9619
-11
-8775
205
7748
-4838
5985
1665
7770
-7013
-8831
-4614
6444
8153
940
-4984
-837
-7421
-7630
-6857
-2847
-1881
1199
4414
8232
111
-6587
1255
-3244
8184
8001
2037
4299
6
-7575
5587
8548
-6245
6327
9859
4489
5144
-3531
-3142
-4562
6831
6002
-2336
2904
2015
6245
-5241
129
791
8805
4771
-2989
7421
4787
2559
-3248
9879
2583
1965
3730
7349
-6609
3865
4219
-7138
8459
-5581
4036
7672
3860
-5774
-8578
-6867
-9152
1245
5119
4392
6483
5169
1885
-7163
9357
2014
2368
2221
9080
-2034
6478
-1308
4845
5877
-1928
6274
-6301
-5203
-2515
8991
9289
-6976
-720
4206
4937
-1602
-275
-2489
-2663
9646
-6529
5594
-9979
6527
8048
-648
-4305
4205
-2856
4683
5778
9578
9981
8042
-4656
4878
5002
653
451
3649
6820
-3494
-6298
-8492
5714
-7251
-6145
1834
-9484
2806
-3715
-1346
-4979
849
7240
-5040
4203
-1603
7615
-7343
-1205
556
-6813
-254
-5027
3538
9754
-3231
-1844
1382
6386
2229
-6694
-509
8178
2048
9952
-8005
3541
6544
2220
-5895
-7483
6106
5341
-8898
4035
5250
5015
-1125
1630
3723
-4221
-3316
-3840
-7594
-5117
-7581
9247
5111
5878
-100
8381
-6621
-4299
-5516
-8456
8687
-362
6092
-715
1544
8076
-3227
4534
6661
-2072
2218
-7893
3988
3366
-498
8920
-338
-9240
776
5385
7605
-2375
3886
-9828
8716
-5826
-156
9982
-7586
817
3611
177
-9292
7163
-3139
4008
-51
5340
4143
99
4850
7696
7529
-6386
1119
-8777
2683
-6478
4916
-6827
9782
-625
-4971
-4108
6259
242
6210
-3524
8370
-9694
-322
-3272
-7996
-9223
-6338
6651
-7543
-3075
-538
-7021
6314
-5553
3483
-9361
8143
-245
-9869
-3239
-3455
813
-1792
-4175
-6147
4529
-8425
9812
3146
3063
-2291
955
5325
-3323
7216
-1483
8235
9662
-351
-7262
-854
-6253
9206
-5696
-2262
-4479
-3164
9036
95
116
-7673
-4778
766
4906
5551
2765
4987
5231
203
-6579
-2061
454
-2959
-3157
4760
-5092
-195
5749
-3988
3466
-9792
7201
-1861
-4875
2657
6778
3885
-665
1060
6717
796
-6794
-5769
5873
7040
8035
5185
4793
6015
8678
447
-8047
330
-9332
-8569
-9474
643
-5779
8997
-5828
-9571
1993
7271
3233
4746
557
4670
-4324
1120
-9083
-5893
8825
7782
6532
3243
9743
-530
-9570
-7569
-3377
-6079
-6231
-6784
5574
5700
-7441
377
-8204
-3242
-3443
-318
544
-5838
-936
3205
929
-6179
-5919
4420
-9085
2483
-2286
-1556
-7514
2754
-1930
7657
577
-9882
9107
4820
-7873
3778
-1817
-8196
-7847
-4865
-1047
3232
-2346
4682
-7603
-7124
9169
4788
5519
-8720
-1169
4659
-5618
4698
-2379
-9491
-3648
7566
3049
170
-994
-5869
7559
926
1158
-4053
6442
4590
3925
-9936
-1801
2154
-1165
2716
1968
-7584
2674
-5700
9656
-5066
1813
9308
-3593
2005
-2287
-736
-3529
-8522
-9028
-2042
7694
2039
6487
5363
9679
-577
-6559
-2328
7643
4919
9644
53
6649
-7589
-7331
9970
4742
589
-3233
-1422
832
-9446
1959
-3800
-9421
-7515
2245
-8948
-3669
6487
2646
-7332
3186
187
4985
-2032
-4293
8364
-2892
3155
-1375
-1724
-9003
-8966
-7350
4617
-3952
-3352
-5319
-2409
-4549
-5222
76
-5481
7145
-6139
3599
-5528
6939
5879
3921
1842
-6602
4589
-9797
-9840
-3520
-2481
6504
7988
3241
-8897
-6486
-2186
7317
-2913
-5486
-9323
7622
-3166
717
4385
-8728
-1211
-9669
7560
6679
7516
4773
-9418
4872
-4687
-8945
-1857
-5586
-5844
-5734
5725
-4749
6314
-1017
-6790
-3793
550
942
-6324
-6092
8001
6159
-1124
184
7231
-7006
7034
-1704
-2105
-1985
2935
-2829
9600
-5725
-8729
-2878
-8965
-7426
3334
-4420
7112
9043
732
691
9533
-7173
5975
-6043
8899
-2883
-5607
-2797
-9818
999
-381
9105
5284
4860
1773
381
9444
-3060
4744
119
-7543
-3275
800
6207
5760
9849
-4340
-9819
2672
-3491
1357
-5379
3481
-2431
-4508
4869
7111
4225
-2329
-8929
-3134
-9662
-93
-5984
-7783
-4818
-84
5285
-4868
8823
4190
5272
2284
8609
5370
7908
-1888
1674
4433
-5228
-2307
-4486
-4841
9319
5819
-6994
-9991
7587
-2250
-3070
3187
9806
-2829
-5817
-8093
1493
5085
-2968
-7231
-5776
5045
-8840
-7024
-6373
-5997
462
-7768
6069
-4913
8014
-2641
4087
-7707
8660
-341
-1506
-2867
8545
8270
-1388
7956
3857
-7908
4313
9992
-9487
-1148
8649
3542
6706
-8711
5173
1320
-7718
6333
-7405
-8030
-9683
2544
-330
9520
4669
-6912
9685
966
-4322
5451
-1375
5898
2322
3927
-8116
4877
1320
8532
5306
9440
4636
-821
9903
-6993
8429
1744
-4263
-1392
-957
-5178
5207
2615
-1996
1420
6870
9628
-4859
7090
5134
-4439
1032
7978
-6165
-6469
2395
-2483
2186
1335
-135
-8618
5264
3637
-4726
2436
7890
7186
2433
884
-5652
-5029
-7597
8600
9976
-9785
-1514
9435
4171
-8801
7238
4114
7849
6211
4813
382
-6059
1301
4445
-6558
4492
-8798
8036
7326
-6379
-8330
-1082
6046
-7379
9637
7353
9477
-7969
3832
4492
-3865
9516
876
3565
3314
-242
-8709
-1818
2828
9440
6510
1482
1958
4411
8999
-9976
1544
-7123
-5362
-4075
1647
5590
5221
2296
-8519
6681
-6872
-9077
1535
-5181
7256
-3
-9846
2846
3030
2004
-2778
-8028
4213
-7179
4324
7864
102
-2299
-5793
6894
6964
2045
-8082
-4805
6269
-9144
-2155
6971
-8765
-1737
3357
-3888
552
-2366
-2476
-100
9460
-5743
-3078
-3974
3405
-4136
970
599
4858
741
9859
-3988
4044
-1901
-4436
3103
-1948
9198
-5313
-5607
4196
-7786
2833
3570
-8613
-3740
638
9424
3780
517
-9231
-665
428
-1242
4260
-1333
2475
4946
3643
-440
-5474
-148
5576
2566
9933
4781
-9110
7931
-3324
-9235
-7113
6438
4193
-9374
-1529
-3524
6120
-2707
-9462
8209
-5648
-8691
-4967
223
9116
609
-9009
-6792
-3008
4552
-2756
8153
7192
4520
6765
4763
-1526
-4924
-3607
-5696
7681
4725
-1793
251
705
1625
7827
1869
-6391
-5617
8663
3514
-7210
-4499
1116
-4853
7107
-8386
4363
1958
4189
-6979
-4170
-3238
-7251
-8636
9791
-3088
1133
1061
-2836
1704
-3013
7158
-8144
8143
-4675
-4507
4529
-1779
-8187
-1097
-7315
-5207
-8729
4450
6354
5462
3320
8591
-3404
-4216
-275
3068
8554
4068
5396
7065
5769
-4492
1872
5488
-346
-7602
7755
-6603
9703
5748
7643
9651
-8475
-1963
5178
-6159
-8604
1868
3494
3411
-4146
-9148
7435
-9931
-3285
-9079
3741
9064
405
1956
-5919
-9030
8694
-2298
-1783
-3940
68
-4808
-3412
-1480
125
-2835
-1028
935
3666
-6028
-7165
-4499
3597
-7082
-7184
4024
6113
7408
8932
-3601
3595
-2433
-627
4748
1472
-4026
6919
-9451
-2552
4011
2932
-2899
-9111
-3421
824
-4275
8457
9972
-6432
3044
-5935
4754
5482
7731
8656
-815
-7926
-7305
-3342
-9263
-6244
-7044
-499
618
7541
1444
-5386
326
-2412
-7017
6600
-8389
-1057
4681
-8383
2432
4005
-359
9401
4980
1621
-5649
-8790
7776
5074
-9309
8251
-7641
7907
-5578
-5792
1918
3169
-1355
-6009
-9820
-6986
-4644
-2026
-9782
8472
9477
-3012
-3466
1578
-2627
-2784
3473
8849
8249
9507
1878
5967
1801
7250
-9468
-5293
-1676
-2478
4486
7471
-8158
3303
-7386
3586
6785
-4020
9526
2990
7619
8454
3010
-294
1622
12
-3038
6947
-3518
6107
-1496
9603
-373
4805
-1159
1224
-8114
5850
9038
119
-1158
2372
8752
-3319
-9915
3629
6536
62
9442
-706
-3607
-6057
-4788
783
-1103
-4370
-5115
-7252
-8886
1255
4637
-537
4395
-5405
6210
8505
-7449
371
8966
-2956
-1874
1074
-4617
5235
-3777
2567
331
-199
7409
5246
2591
-8539
-214
-2701
-8738
7828
-1979
1571
-9666
-9391
2036
972
-969
7047
-4980
-6343
1041
8347
-6434
-4654
2593
-8844
-6898
-6799
-4133
9515
1212
-7058
-1537
-9320
5980
-803
-4451
2461
-4131
6674
-9388
-4105
176
6272
8305
6274
4210
-8947
-458
-989
-2011
1428
1073
-9528
7896
388
4602
4794
9838
5147
3466
-305
-8094
4633
-4
-2929
845
9675
-7972
-1890
-2015
-3396
7044
7894
-2631
2720
-1921
78
9024
2755
2778
5862
-8995
-6967
-9994
-8187
1955
2877
-38
-1972
-6305
-6110
3547
3559
5438
7755
9425
-6511
4635
4991
5668
-2864
664
-408
-4306
-2228
4505
-6077
-4197
1585
-7652
1743
2981
9004
4053
-3650
2143
5819
-3230
-7375
-3771
-4472
-6954
-9875
9506
-3725
-6689
-4609
6737
6551
6360
60
7718
8856
5003
-6677
9507
-9171
8340
-8331
9291
-3308
-6340
-3944
-8727
1880
-5783
-2994
-3498
-2971
-6644
-4460
6113
9615
-7904
-2183
3012
-6843
2793
-9069
918
-664
6041
-8317
-7394
6562
7389
7760
1034
-9509
6486
-6030
3707
-4725
-6804
8511
2571
1052
-4373
3682
3033
6414
-6282
-77
-8959
272
-2378
-3958
9202
2485
-9692
9549
-3911
4579
-1906
8180
-3941
2424
8439
-3560
1919
-4932
1051
-7398
3415
1637
-3260
3418
-3274
3873
-744
9543
-7951
2620
2794
-325
-4429
-3390
1038
-6943
-1715
982
8516
5793
-2682
-3678
4894
9965
3512
-2710
2819
-5968
-7849
-7126
-165
9103
4667
-6398
8033
6198
2041
-6895
6489
-6344
7995
443
1285
9559
917
-3411
7576
-1630
3611
-9243
5672
8626
2910
-9549
-4223
-2950
-7479
-4444
-87
-2074
392
-4262
-7667
1615
-3883
-6091
-1452
-2178
2697
-417
-2900
5944
-4026
-6139
-921
-7979
-5433
8166
2159
8547
1768
464
8977
-2824
-262
-4779
-2002
4082
-8951
-7782
6426
7853
-7777
-6310
3066
9877
-3940
7389
-7696
1419
9649
9642
4987
9084
-390
-4543
4237
9395
435
3934
4242
8664
-8659
8010
-6755
-1458
719
-2107
1072
-3222
-4550
-8880
-1707
1339
-6017
2805
3081
9042
-5043
-5530
-2797
7743
9253
-82
-1316
9653
4163
-3325
-8153
-149
-5761
4686
4086
-4100
2027
592
8766
-2310
-3419
-441
973
2718
-1874
-8047
-7381
4941
-1269
6703
6039
664
-5140
3654
-1227
-6728
-1974
2604
2930
-440
-6257
3855
3345
5810
3312
-2825
9558
4846
648
592
-2787
-6347
4727
-1655
-7862
-9899
175
6481
5334
5742
-4846
5454
5269
-5899
-4473
5676
1725
4418
-217
-2124
-5475
-9474
-9300
-6906
8487
-5177
-3797
-1320
660
1534
7193
2886
7241
7474
9301
746
-2144
-1916
-9858
-3704
-7191
8228
-9346
429
-5578
-9886
-3800
6377
6938
-6895
4021
1258
4477
728
-1372
-7413
9318
3020
5553
-1230
-7765
-9786
-4622
-6133
6325
-4403
9829
-2221
-1906
-8343
-4562
152
3801
1935
1513
2306
6765
-6039
-3374
-8097
3449
-7900
4399
-6171
-1822
4174
-8410
5784
679
7276
-8468
-5347
2783
5197
2524
6155
-2068
-624
-6681
-9623
-9120
-9230
7526
-6492
-9200
3228
415
-7591
8600
-7544
8003
2643
-6838
1370
2718
6674
-5799
6194
1192
-252
-3891
-895
1257
-9328
4024
3948
-2463
2885
-3897
-8571
429
2843
7504
-837
627
1279
1293
6492
-6653
7524
-2629
-9726
9242
-9342
5957
-269
1539
9755
-9161
-8200
-450
5281
-213
1760
-6944
-4277
5946
2550
9737
3497
5965
9805
-9022
-2064
-899
1151
6802
7781
-4369
2206
-7216
526
-8350
7008
1480
4948
-47
6276
8941
4644
8217
-1814
-3194
-3358
-4917
3374
2466
-7168
-42
5609
-4209
-4409
-423
-2909
-9817
-5600
-1755
265
9641
9276
-5317
6948
-4868
-3930
-1771
-151
-426
5462
-6490
-255
2837
-3798
5772
2613
3763
-7712
-2921
-9683
-8485
-5606
2104
-1366
9969
2570
8952
1081
-1000
-3797
-8971
4969
-9379
-1517
7279
2299
8202
-1398
6321
9830
102
7315
-4408
-6397
-3060
-6546
-1898
-1614
-2214
-3789
2650
5154
-4875
-3978
1734
-371
-3875
-1186
1639
2483
-7064
7473
-5297
-8870
-9927
8012
-9869
-3109
9187
2223
1554
-8865
2538
-5402
5351
-7944
-1097
4660
3471
9807
5852
8382
5956
304
9297
-9895
-4393
-5143
-8953
-1950
-1940
7737
-2347
1006
8031
-3857
7976
-4020
5386
-22
-266
-3357
-9635
-7895
8813
-9184
4215
2611
1479
8601
9868
2609
7090
-1471
-2691
-5146
4817
8834
-8297
-6819
-1314
-7700
-9086
7991
-2041
-5555
-1332
4248
7082
-4696
-8866
1932
-8937
-5323
-4777
-2856
1665
7946
-8184
-8033
-8333
-2961
-8117
5407
-6829
-631
-3784
282
9479
4721
3544
-2023
6496
-6039
-6693
-9170
-4405
-1355
-1265
4504
6376
9026
4286
-8311
8548
6671
3131
7400
-9228
-5401
-366
777
-5421
5171
9390
-2507
9692
7447
-1889
-8754
-2669
7415
-9038
-2342
9239
6434
2919
3135
-2331
-1311
-4408
1202
6143
-6954
-5322
-8087
-3010
-6532
-4561
-3133
-9495
6782
-2613
-3064
-6216
-258
-7235
-9642
412
9751
-7506
1880
-705
1313
-8116
9859
-8187
3143
2315
-7739
8035
6497
-5876
-5101
2262
2536
-6271
-5555
-8982
-7437
1649
3222
844
-4340
3179
-7490
2107
4722
-9526
-2865
-2664
7192
-9977
9378
-6250
-5450
-6950
29
1688
-1648
9389
-65
7689
-6093
4430
9082
-3664
-7297
1621
-5428
-9913
72
-4107
6113
912
4706
-2354
7805
-6548
-5268
1202
-8824
7896
-7420
2479
2682
-1786
7753
7768
-1823
-4789
-9643
-2606
-3526
-9129
2451
2874
5990
-2149
-4219
-1999
-5602
3651
1273
1251
1349
5982
-4639
-934
-885
2175
-8863
-9251
-7935
6631
-1102
2977
1238
6094
-8298
-8578
1014
-8771
-1703
9240
-6394
-1776
1376
1586
3870
-7026
9197
-2656
6853
8540
5809
-6462
3298
306
9736
5608
-6917
-6391
-8533
-7716
165
9381
3009
6983
7976
3482
-8659
-3606
-2880
3020
-8183
-9759
7500
-2844
-4260
9156
6251
1617
477
19
9310
1032
3742
5470
-8757
-6344
5361
3932
-1654
4877
532
-7261
8131
-8761
2417
313
6137
-7235
7073
1973
9004
2741
-708
-1578
-9646
2256
-5458
-2034
-6537
-6337
-1358
4697
2717
-5048
1733
9869
1069
-5614
2115
4928
-8000
-3883
-3282
-4649
-7776
-4220
8330
-3084
7684
-6661
4563
3824
-101
-8938
3779
-6056
5203
1515
3947
2387
2126
-6586
8505
-8812
-3886
8303
2626
-2976
-2886
9282
-7302
2578
4653
-1041
-5597
-3013
6943
829
-9857
5952
-5153
4141
-921
-600
2568
-6978
-5386
-6540
3151
-6284
135
2932
7879
-4746
-8447
8650
7995
8730
5722
9817
6812
5382
8713
-6707
4662
2729
6365
3739
2025
-3264
5264
6878
-6213
3427
4836
-7251
6844
-3650
2207
5084
5441
8035
-3943
-3822
7187
6145
-1782
6893
3854
6994
-9845
4140
1269
3238
-7029
-7882
170
-4803
9087
-27
-1182
3215
-8198
6109
5191
5453
-4719
-4182
395
9758
-8367
-7294
8611
5582
9467
7519
-8258
3881
2765
-2108
143
8089
-7392
9854
-3241
-7761
-3835
5242
-9423
430
2838
3198
-2229
1690
-6057
7468
5161
-89
-7319
-9492
-1758
-4238
8731
7301
-3912
-4823
-4784
3425
-4345
-9508
2879
-1985
-4375
7370
424
8908
-2190
-6140
-7277
4907
-6914
6547
6214
8768
-8769
-2147
-5660
-4446
-6949
-8154
-5671
-569
8823
2192
-1312
-1683
7282
7710
9129
1226
1434
-9608
7743
-5610
9587
1417
512
118
4830
-1337
-6999
9420
-2246
-7311
-4914
8325
-352
-922
6126
6697
6280
-1555
975
-8828
1017
-8740
-4296
7116
-4253
6795
1071
-8892
582
7113
-2599
5412
5570
3207
9726
5668
268
76
-4821
5028
-7992
-2305
-5026
3327
-66
6040
-8358
-9056
-3587
2325
4335
1674
-4641
6094
672
2823
1216
6811
-8609
-8557
-2471
6269
-8474
-1517
-3306
473
8217
996
-9949
4352
5131
-6223
-1681
9167
-455
2948
-7558
-9539
-9285
-4518
-1171
-5106
-5104
1867
8006
6402
-7026
-7143
5272
-3939
9590
-4823
-1711
3433
8701
5055
2433
2280
4202
787
-7998
8659
-9372
-6952
-4714
-3354
-1676
-833
-2791
-6915
3277
3274
5859
-5926
-2693
-5763
6883
-2353
2708
5792
761
-7876
3041
-6997
1873
-6792
-6433
-2321
-9645
-6869
8208
-1989
2113
5984
-2773
6817
-4546
1714
-5847
-9633
-8630
2686
4705
7955
185
-9755
-8760
-5240
3429
-3736
3039
-5414
-2034
-499
-8494
-2307
1535
-2362
-9420
-7860
6638
-8098
9350
7131
1694
-9865
-9742
-1037
9018
-1251
5997
6431
-5543
1129
8567
7256
2778
-4903
-4946
4085
2491
-8973
1610
-4404
-3827
-1237
6680
-6920
4763
8897
-9341
340
-3153
-2652
8382
-543
805
-6404
6627
-200
6977
983
6662
-8985
-8368
7911
-750
98
3609
-9050
5806
-7280
3800
-9783
9020
-1652
7049
8121
-7248
-7889
-5677
7035
4445
4295
-6543
-8031
-5314
-8987
-8216
-2002
-6380
2
1806
-8413
-7975
-6804
9150
-3414
-3531
-7103
850
-8372
647
8556
-3771
-8111
-7122
-5610
89
4322
2277
2017
-9993
9014
-603
561
-3656
6415
-7672
1250
6358
6640
-8106
-4754
-6869
5579
-9123
-1380
-2677
1617
-5406
8412
4591
-2728
-5654
6659
3850
3373
-3484
4862
-3672
-3326
6815
4967
929
-1516
-2557
8118
6001
2139
-7627
-6793
-4626
698
7709
6213
-808
-3462
6562
-2942
8557
-1386
5217
-1061
1303
-9091
7358
4533
-7545
-8755
6677
9987
4525
8536
-4879
-9887
-721
5286
-8702
-3843
7469
3256
8668
4072
-6008
9079
-6736
-2680
-1196
8055
1831
-6017
2357
2132
-895
6458
-3083
-669
-2330
3620
-8935
1915
-4794
7318
5593
-9591
-7200
7365
-1272
-1063
-960
-6786
7425
5934
-2855
-6876
4028
-127
-7351
620
9331
-5646
2886
276
-2653
1519
-3143
-1523
9013
997
-363
-7578
-1453
-3853
2100
3063
-5991
-7869
-7026
-7937
3819
6467
7104
2385
6003
2757
9285
-7855
288
8258
-2858
8365
-4333
-3018
582
-9657
-6581
-8050
9875
-5709
-6012
829
-4782
9626
9657
-7151
-3035
6694
7175
-5454
1508
-1638
-1418
-1647
-7936
3047
-6986
8046
-4841
-7585
-9678
-7622
-1625
8423
7676
-6242
-9753
-853
2867
-8686
-3128
6763
-326
8870
2645
305
-6407
-3142
3016
382
8017
-6869
7052
1998
-749
493
-5928
2975
3468
1342
4344
-5872
-7637
-1697
8350
-8741
-9110
4796
1030
-9132
-5556
-6744
-531
7692
-8796
-6489
-4610
2752
-5164
1877
-5930
4787
834
9747
3399
-4832
-5825
-2589
6732
-735
-7128
-5588
4627
-3743
-6197
-42
9323
-4461
-5202
-1807
9412
-763
7519
317
8393
-763
3501
-5098
-5795
1077
-3916
6123
-8518
-4566
-5390
-7065
-8891
1408
539
910
-4893
-6595
-8386
3859
1519
7153
6594
4539
2445
1650
-7328
7676
-1329
9967
-6890
3850
-475
6393
1901
8578
6905
218
5609
421
3503
7195
7691
1027
-8027
8282
8696
-5150
-8896
3748
3713
2031
-1385
-7032
-757
5453
1619
3162
-7015
-9438
4852
-32
4219
-9470
-1761
9207
-7882
4442
-8333
-6219
3180
8502
2701
-7276
-1269
-192
4450
4111
5476
-1386
-3072
5722
-6902
-8002
-5534
7432
296
-7681
7943
9780
-5456
-6826
-3034
8998
895
3801
-2500
4107
-8830
-6612
-6956
1784
5233
-5262
-4895
-7864
-4519
3967
3098
442
-6564
-8505
-4857
-2692
-4234
1114
4811
3500
9300
-7003
9519
3240
3508
8140
488
-4674
5176
1829
1411
-3460
-9061
5964
-6358
5212
-323
-8673
-6336
2160
5511
3806
7528
7065
875
3967
-3769
-525
9689
5393
-2323
3629
-5783
2609
-739
3541
-9801
1468
-4420
1147
-7190
2118
1264
7709
-8138
4624
-1428
-1827
157
-1117
4382
1057
9830
8406
916
-2094
-7051
-3094
9289
1832
7172
9713
2303
2254
4641
-3880
-8046
1977
7992
8486
-92
8469
3542
1262
-5192
4040
-7068
-351
5432
-3662
-1244
1615
-4137
2748
-9945
9748
8770
784
5956
285
6714
-7136
7467
-248
4230
1763
-7435
652
-3882
-7529
-1582
6384
9049
-5062
-4176
8964
5720
2549
6665
-6207
7899
9876
9320
844
-7789
1619
-5633
-1792
-4811
3244
-251
1379
-4854
7162
7724
4625
-4660
8853
8521
3919
-3482
-6352
-1138
6489
1676
-4849
8277
-4334
2866
1936
3403
-3829
3622
-9052
-4662
6134
-8354
2639
-6737
1051
-7365
-9553
7722
9259
3318
869
3174
-6134
-1466
-7545
4815
6795
-4845
38
-9139
4153
6790
-2607
-3881
-3042
2934
7193
-2869
7588
-6751
1152
-7186
-2108
6430
2806
-2723
7482
-9597
3526
264
-6088
-152
-2169
7786
7724
-5288
-4233
-5216
-1196
-477
5414
6092
-7044
2883
-189
-3915
4859
5549
7756
6070
-1206
6122
6699
6592
-5790
-6259
614
4333
9268
3309
-2071
-1989
-6497
-5234
4996
3480
-5589
-2439
2431
-2344
5561
2321
8741
-6916
-1620
690
-7394
7838
1389
8568
808
795
6817
4087
-9307
-9962
-3469
5163
6425
4888
2480
5044
-5250
9131
4335
-6342
-3688
8126
3361
-8378
2288
968
5854
6386
8679
-5814
-3740
-2844
7325
-4097
-8227
-9926
8118
-9518
4303
-118
-9248
-3747
-8906
3560
-240
5546
-6424
-7162
9273
8503
8136
-3687
-6901
-8408
-7330
5212
5028
-9994
-8120
375
7017
-7999
9149
-7332
2309
9304
173
-2274
1495
1448
-655
2298
8638
-6365
-905
-7745
9846
-412
6635
3019
3095
8881
-2132
6158
9543
-15
8447
3111
5463
-8382
4507
-4603
2938
1326
7249
5770
-7625
5598
9452
2735
621
-174
-1606
6760
-973
7744
-2535
-4804
-9580
-7779
5995
-2771
9533
7585
-2789
-1291
-3212
-6788
-6390
-5907
-908
-2239
8924
-2474
-2128
-3444
2112
-1201
-395
6121
4431
8498
-3905
-827
2225
-7808
-7650
-7769
4075
9209
-354
2517
2873
302
17
-3043
4430
6812
7769
9575
-868
-6061
-7953
8386
-5835
-6989
-9408
6739
-7526
-393
2367
2197
4194
-5100
8829
2688
8811
9322
8924
1002
5028
616
-4008
-9972
1861
3928
8908
4776
8685
-3486
6461
-8315
8741
-95
2892
-7299
1553
-8557
8224
-1205
2822
-7442
5438
9538
3095
-5429
567
-6326
-9580
695
5302
7910
4356
-8202
-7589
-2156
-2253
112
-295
-3287
-1578
2635
6115
7981
2354
7746
-2006
-9454
6953
56
-7492
1201
2880
8366
-8663
-4897
2891
-5373
5266
8234
67
-8314
-3443
8204
5609
1030
-1763
-3403
3304
-7214
-5443
3652
-5154
-2419
3881
-9988
6231
5138
-8393
-3389
3580
3336
948
-5978
8899
4729
827
2213
8108
-7004
-2829
4059
4459
-6507
7594
-4953
-5339
-8881
-9540
-3161
7929
1067
-6434
-8533
-4676
8623
3732
1789
3658
-401
-7576
-1020
-5196
650
-4273
2648
-6257
-4857
-7611
9375
-7083
-9786
-3799
-8146
4122
9782
-7020
864
-6065
-5217
-6741
-531
-5971
4247
-3710
-4143
619
-3611
5321
35
-3522
337
5786
1412
-8252
-5779
-8802
6288
3346
9185
-5068
-5703
1115
9405
-3374
-9982
5098
-6443
7009
-3356
3547
2260
1362
6466
-7245
5069
8425
-1613
-1013
-4046
38
3826
-441
-1347
-1168
-7758
2762
-6581
1448
3937
-5510
-5602
7501
-928
590
-1132
-9575
-8472
-9224
7902
6233
-3430
6784
-8126
-7638
8975
-8067
-5224
627
7573
250
3073
-2883
3836
8090
1410
7319
1475
-639
-4728
2335
-3532
3621
4254
1400
-8541
-5401
5220
9696
-5322
2834
611
9034
-910
-6085
-4923
-9075
-8492
1151
4410
-7844
1494
-8459
-3719
6047
-6291
4963
-2081
1341
6370
-1537
2869
8851
3820
-1258
-1660
4209
-1519
-2874
-6830
4172
5777
6290
-5853
-3417
5444
-101
-8182
3547
9221
-5572
564
-9349
-980
4447
2336
-9758
7345
-7173
-2521
-9076
-4043
-8813
4691
-6481
8111
5019
9838
-1280
7119
-9186
2036
-4854
7899
6764
9438
8170
-5685
3666
7289
-4433
3298
-5094
-4774
4166
8065
-2758
6085
-431
7753
1007
6419
8985
-1596
9534
24
-296
-5687
1577
-6356
-573
-9447
-9725
81
-4127
-5420
-1743
-1807
776
7126
-8331
-4035
-5883
998
1768
-298
3101
-4594
5881
-8126
4020
-8871
3397
660
-8062
-923
4611
5758
6837
4462
-1524
-9465
7349
6444
-9935
-7215
8642
-2639
-6198
-4678
6070
7997
9190
-4180
-3431
1478
8851
6919
-3138
-5851
-4956
4359
7506
5359
-7784
-287
35
1969
-4719
-1559
7432
-640
-9232
2886
-9439
-3329
-9717
9324
8323
2698
-6162
4166
2217
-525
-9822
4849
-3056
-412
-2949
843
4327
3164
8525
5047
1465
8601
5349
-7828
-5716
-4489
2483
5824
6686
6216
-1667
-2448
1607
3763
9814
-2415
-9738
2399
-5648
9599
9311
-4030
2937
-8792
4236
3379
1758
-4204
8877
2703
1780
-9692
4351
-6301
-2254
-5446
-7753
-7667
-7870
5623
-2824
-6758
-6719
-8359
1659
322
1026
3592
77
7332
-6216
-8384
139
2685
4246
5560
9020
2677
7986
-8653
5057
-565
6405
-9558
-1405
-9205
-6881
-537
8946
-3393
6724
-2721
-5250
-2672
-270
721
484
-9306
-1082
2984
-6376
-8284
-6227
-8581
-505
4126
-1795
2150
-4295
-4848
1038
1323
5312
221
-8681
4036
-8358
472
6769
5976
7684
-6597
-7958
9682
4620
-5298
-8060
8213
-3589
4035
-2924
-8923
-2279
-803
-9565
-8699
5487
-3812
1977
6224
-1493
-8286
4845
-457
-6475
-9575
4504
-310
-2713
-1942
6315
-4096
-1098
-7045
5385
-2557
-5637
-3781
8567
2119
1327
3809
2608
-8656
3425
-6968
6944
1252
-9947
6553
549
3573
-7269
-9482
9945
2588
-5143
-4714
7739
-8898
-473
3849
-8840
1533
-5222
-7000
-1065
-1039
-5018
-7047
651
8197
9172
8275
5126
-8463
7087
-6291
8106
-2494
8595
7034
1153
494
-7477
9982
-324
3938
5836
4515
7367
-2690
7386
591
8355
3247
8056
3471
-7014
8142
-3354
-468
-2753
7832
-8861
-9297
6709
4783
-9957
-8487
-3864
-1278
-2918
-8108
4784
-3610
5284
-9442
4882
8788
-7357
320
-3151
2331
-3184
-3983
-6733
-4469
-2593
3581
-3811
9760
-8522
2538
-5225
5474
705
5042
-2965
3537
9122
3005
5419
3349
4276
5298
-7516
-4347
-535
-1682
-6092
-7301
-1524
9107
3187
-7022
4168
5456
5647
1800
-1183
9637
-8758
-7913
4356
-3603
-5032
-8089
3501
-6898
7495
-2556
9917
-1409
-7069
-3105
3656
2886
4171
-6252
-1764
-6257
-412
4862
-2741
-2243
1356
4520
1370
-2143
506
3408
-4338
-1578
-2575
4725
1113
-6037
3852
765
-5222
8316
9131
1651
5721
3893
430
3161
1743
5735
8351
6583
3904
-8162
-6190
7188
1236
-8692
7284
-5893
816
-4278
2243
-1141
1055
-8747
-9267
-9341
3408
-3565
-7368
2184
9164
5811
8355
-2389
-1605
4047
7983
-4074
-48
-1294
-4238
-1340
-9745
9643
-6586
-86
7473
-4060
6363
5257
-3631
712
5328
1494
8994
6484
-5061
13
8988
-3439
-592
2337
5653
-9276
-5103
2286
1985
-9157
7461
9062
275
-3113
-3776
-4557
-310
-6252
-3260
9956
-7253
-7805
-9511
-769
-9622
8531
3974
-9879
-6452
1650
-2138
-9845
1206
-5825
4157
5350
1873
-3052
5507
5875
-4052
-5183
9950
7040
819
-348
-6309
-9563
-2445
-6300
7674
-9238
107
4629
585
4758
-1120
3533
-4344
-7248
139
-7880
-9960
2107
-1136
1080
2844
8688
-1301
7335
-5932
-276
-1908
-3564
8343
5634
7307
-9544
-1258
-1171
-2623
619
-6419
653
-1702
-480
-6134
-7310
15
-8591
-3643
455
9237
2476
2567
1963
-9433
-449
-4177
8435
-5260
6318
-9397
3590
1404
-4255
7967
-9137
-5548
5129
-4897
-9492
196
-7015
7814
-5095
8581
7233
6181
1178
3017
-1616
9958
-559
-3461
-5520
9322
-3388
-1574
-4556
-5495
1530
-9377
4623
9344
599
-2662
-8935
-235
7743
5453
9741
-7093
-5230
-6481
2607
-5959
-1113
1895
6143
7888
6263
7736
-7374
2585
9598
-7278
4831
9138
-4310
4730
-1743
7335
1092
4758
-1159
-6103
-4481
-5587
-6859
9
4726
-1847
6018
-8639
7683
-4671
-3411
-5182
-9064
6640
4610
-9171
-990
9793
-6013
2596
-2797
-8259
-5411
-6810
-7887
-7204
6453
3660
-5029
-4439
-9886
8590
6467
-1145
8476
3431
4277
-5770
8083
6579
-9163
6022
2700
2961
-7743
8432
-8972
-6216
200
2461
9760
-4810
7070
9317
1202
9567
-6648
3024
-1238
-7859
-8919
-6439
-8152
-17
8313
6383
-7699
-9837
-3465
7331
-2229
8539
6830
4592
8857
6859
7118
6395
-3244
-3537
9728
3415
979
-4933
6880
2542
-2591
9173
-6999
-1385
-2964
5556
5110
-6657
-1011
8682
-2823
-9562
4754
-6401
8681
-652
-2962
8480
-4302
9078
9983
-8813
-5574
9251
-6369
1345
986
-5803
1568
1524
-7076
-1652
-428
-3284
8105
6759
-4152
3958
2230
-9141
-6209
-3418
-6598
-3071
-5417
-3999
-2609
-8406
4887
8202
4152
-1070
-441
-4462
9043
-3262
4906
9215
-8178
2015
-8242
-2083
-1772
8878
-246
-1980
-5071
-6256
4693
-4469
5784
-9795
-3987
-1847
6386
-5382
-7498
3499
3878
2870
5337
-1120
2598
5467
7649
5538
-9632
4301
-6358
-4219
-7730
-2564
7797
-7963
2626
-1375
-3130
670
1272
-7507
2718
-4216
6962
-3673
-569
-5383
6653
-2452
-1937
7025
6630
6807
-5608
4772
-4880
8458
4537
9230
6111
-1135
6674
-5120
4078
-7652
9299
6581
-8317
-1078
9898
6829
-8015
-1605
3040
2745
-3317
-2984
2789
1943
-2290
1011
708
8047
8147
1368
-7560
9524
8811
-7427
-4983
-3983
9350
9910
3653
-2458
-1767
-3506
3414
6752
-2028
8745
-3004
-3276
1113
5607
-4824
-8689
2559
-3658
-1373
9998
-7037
8184
-9547
-6715
-1686
5304
7215
7619
9628
1437
-7542
4173
8211
-4681
9779
-1091
8423
-1886
-7960
-3718
3728
5874
6305
7555
5632
4682
-9046
8367
7939
2454
6878
-5963
-1526
-7200
-5533
-7158
7025
-4750
7534
-9658
-7524
4862
-9325
-6780
5155
-5070
-2128
8091
-1861
504
738
5551
9001
-2317
7646
1677
849
-9740
-7337
2207
-3684
9464
6330
-1648
-4403
-8956
8435
8417
-7221
-9904
1722
5048
-2568
-8223
-7691
-772
-1572
-9240
-1223
-941
-8099
5089
2572
-8800
-4642
-931
756
-7879
-3303
-8790
8688
-4401
-1201
2328
-6763
4120
1529
-7701
7235
8986
-1064
9289
720
4574
6917
5381
-1691
-4328
8834
-9141
-9543
-6745
8146
-9067
-978
8655
1359
-2346
5011
-619
-5472
-1466
-2726
981
6818
4849
8002
-217
6694
-8973
-461
7819
-4440
5243
4173
6802
6172
5693
6348
-4602
-6539
6912
5782
7929
8047
1622
-1455
7402
6292
-5855
7200
4049
7181
-8198
-2818
-5910
-4038
7330
5854
4947
8184
-1544
2128
-32
9195
7992
-4391
-754
-6107
-5280
-3334
-1502
3866
523
7726
-530
-2120
-4086
-5251
-9059
1770
-5383
4879
-3851
1820
-827
-60
6898
7
6090
4901
-8332
50
-6911
534
-5963
7382
-7559
7702
6030
775
-7564
9091
227
-743
-8097
8636
-4156
874
3971
9717
5707
-1794
-4331
-9261
-7609
4742
492
-5708
6513
-893
2469
-7076
1262
2288
8258
5414
-777
-9187
9936
9202
-2217
9765
5207
-3634
5310
8701
-7275
-8658
4025
-7985
-8796
-3988
3366
2868
4358
-6174
6788
3997
1163
1462
-1888
-6340
1378
6112
-9188
5874
5096
2329
5633
5618
-8994
-6865
9946
-7519
5705
2191
7185
5855
-7575
-533
-8121
-5885
484
-4791
7183
-3015
7090
1194
-4271
-9099
3190
-2145
7417
-4141
6452
-7651
6322
-8793
-7805
-7805
3426
-6348
2381
2590
2114
3861
-1930
5773
-5580
5672
-4444
8357
-9022
6903
-4428
7057
-148
9989
4771
4013
-8435
137
2867
5842
5152
-1742
-977
7902
-4614
-4549
5809
-8466
4402
-8765
1888
3441
2996
-7177
9343
2282
-1349
4713
4633
6094
49
284
8449
5613
-260
-5272
165
-4360
-2391
5029
-1569
125
8530
6178
3736
-8116
-8175
6309
7332
-8544
-7656
5358
7761
5968
7020
9669
662
1035
-7628
-3001
4501
-4629
141
2593
-2412
-9364
-427
-6281
-5288
5398
9056
9936
-62
4307
9707
-7015
-5693
-8730
7463
-7907
-1573
-8961
5592
7295
8365
-2412
-2089
668
-2075
2637
-2592
5464
-7359
-3599
4258
6430
-2937
-4339
6533
-8157
-4835
1065
6494
9305
404
2503
-2653
-2862
-2651
5121
-2831
1132
-7247
-1546
-2789
-6566
8530
-3972
7897
6598
2956
-9146
-8679
-9533
9678
-136
-6594
-2354
-7017
2416
-5568
