4120
-8207
3570
-6270
1030
-2851
-4716
-4675
-4411
-3714
4546
-8598
2254
6523
1423
4414
639
-3093
6531
1339
-3138
-8450
6282
2640
5155
-5082
2959
9354
-4046
8773
3331
-4134
5395
-7116
9220
-3794
-1675
-8078
-8304
-1714
-6645
-5518
4302
5239
2581
-3920
488
1886
1736
2981
3510
7993
-5771
-5142
4694
-3898
5589
-9464
-5846
3616
8056
5357
-8974
-8248
-6766
2528
2096
-5280
6077
5199
-9468
-5561
1887
3491
4000
-462
7393
-7449
-7268
5760
-9124
-1018
-7589
-7501
2420
-4153
-4694
-8879
5262
-4939
8644
-5776
-6032
3770
-2983
2895
1571
-4921
-6809
6145
5986
9035
-579
3269
-3814
3251
-3782
-5352
-8521
-3991
79
441
1825
-3670
8791
-8180
-6466
3120
-473
-4686
6963
-1309
8053
-6940
-8297
-172
6725
-6542
4830
-6380
-6514
-4924
-7148
6018
1552
-2596
4256
3313
8883
-7007
8000
-1729
-1431
5269
-8331
-7140
-699
7209
-588
5017
215
7788
-342
-1589
9530
-6417
2355
-3582
1869
-6893
-6630
-5302
364
3057
-8740
6071
6307
-9159
-6054
1559
-3749
-4124
4776
-5345
4670
-2473
4947
-3287
2242
4363
-6277
2157
3160
-4915
6106
-1074
8332
-262
229
8196
-6740
3514
5092
-9299
-3084
-9188
9398
323
4092
-8676
-946
-4170
6151
-8051
-7961
-6572
5771
-4924
-4981
-5910
3058
8161
5346
8063
2153
383
4975
904
4762
-5932
-2548
3650
-2939
813
7669
-2602
-8524
883
864
9813
-3559
678
9187
-6622
-1392
6131
-9542
4339
6791
401
5846
-5236
9271
7790
-6848
-2786
8848
4292
-3133
1362
-3743
8487
9948
-7229
-7929
-7535
1756
-1305
1692
3844
-1717
4
2415
-1295
60
-567
-843
-3195
-2290
-5794
-2589
401
-6097
-1501
7740
-3105
1077
2232
6328
-4801
-1205
-5273
-1957
-295
-7734
5050
3039
1400
3495
-450
-1438
5856
7591
921
-6845
3868
-8701
6804
-1369
7824
5307
3623
7456
-2996
9235
5521
7393
-6840
-7844
-4601
-3288
-4498
1677
2708
8813
499
1099
-5386
4129
805
-3594
-7517
3392
-3885
7622
8847
2764
-5181
9089
-9364
-9059
-1951
5061
2636
3326
370
-5482
3367
-7276
2669
6912
8506
8602
-9953
-6623
2499
3435
3883
-6821
4451
5339
-2365
6967
-3803
1425
-4693
-6429
4616
7058
4202
-3630
-9002
496
8450
-7397
1011
8085
4947
2542
-1711
6460
-5474
-1491
7558
-5573
5298
7119
-1016
-1667
3942
-6827
4765
-6456
-44
-8464
-9000
413
-7676
6553
9963
-8355
1238
-3400
8569
-3176
-2124
8572
9067
9182
-373
1966
4767
1662
7819
4239
-3882
3429
-7793
-1737
999
-2934
1870
-7203
-8839
1256
8120
-5518
-6764
2037
-3256
-5552
-5944
1699
8621
9808
3686
-3162
2163
-6479
-6188
-8186
3840
-4626
6718
1257
4763
7427
-3294
6003
6458
-8134
1694
-6028
-4007
9003
-3974
-2302
-6148
-5860
1492
-7587
-7570
-8483
97
9301
-9251
-2869
3544
3561
5120
-1586
4178
8938
-8278
-6030
2877
-8898
8103
-1468
8626
-6950
-9243
9950
-1832
-2595
-3229
-3389
4178
6085
-5401
3005
-5797
-2256
-4423
8044
-6514
6219
2062
-5628
5820
-9778
-3352
2871
5977
-6728
1904
1483
5930
8424
-9085
8977
5989
-6014
7849
-1554
4925
468
1731
-2097
-1138
-5102
-1638
5240
2082
8145
4308
-2187
-19
-6320
-1241
1742
-3512
8967
-7585
3404
-8476
1199
7961
-3951
2925
5300
-1654
-2018
180
-1263
8275
-4429
-3605
7132
-8155
-5603
3158
-8694
667
1902
6585
-4898
8681
-5759
-9296
2259
675
9975
5629
-8017
-6335
-1360
860
-3739
-279
-2851
-7216
-4538
2107
1933
-3060
25
2526
267
-7346
3041
-3082
-6284
-6997
-6285
7918
4162
7370
5500
2533
3054
-5076
7958
4698
9154
4879
-8487
1170
-4719
6780
-8250
-5901
-4499
2262
5036
-2023
-1936
-2174
-1438
-5463
1229
-469
-9572
6638
-3859
-5512
-1176
2759
-6139
9307
-4461
8592
-71
-1536
-6683
-7933
-5248
-151
-8673
-2840
-8167
7948
9063
3252
-6577
9016
871
-1673
5808
8828
7678
307
8170
-7803
6649
563
-5133
-2871
1945
8389
7207
6397
8582
3575
-5112
-440
-5980
9110
3535
-1737
1258
3547
-5441
3144
4297
-5357
-2175
6202
-5169
-9746
1830
-500
-8995
-2375
-2831
-7271
-1253
-5909
-2273
-4711
-8989
6646
262
-3952
-8294
2560
8984
-669
8908
-2181
491
-7507
-3798
8592
2326
1708
9791
7762
-3014
5635
-1796
-1022
1756
7376
-7950
8235
-9442
4610
-6763
2041
9240
-4454
3006
4419
-4078
2227
-9007
7488
-9623
343
8258
82
9968
-2045
-7447
4253
180
-408
-3046
-2955
-7443
-8002
-9742
9966
5963
8066
7500
-7321
8713
-6800
5534
-8321
-9693
-7481
-8960
-9882
-6662
950
-324
6299
7776
7069
304
-8292
4980
4148
7538
5064
-8903
8442
355
1682
6479
-9192
7697
-2663
8187
-3783
6886
3833
-8701
4777
5333
3689
-8452
-3078
-4179
6352
4597
6782
3288
7491
638
385
-5065
-9889
7694
1771
467
261
9288
7960
-5096
7020
-2130
-7100
-3686
5573
4982
2047
3032
2670
-1876
-810
1236
-2376
6687
6829
7031
-9889
-3396
1940
4519
-8564
7711
7688
-6002
306
-7437
3300
-9097
-5677
3110
-4967
-2963
-7229
8115
2665
-5288
-3818
4426
-5134
5728
-9415
-7504
-2458
5197
8800
-3308
155
1117
-4918
-9652
844
855
-9596
9166
-3751
-690
-3811
-9590
7631
-5737
-5415
3397
-9149
-3689
2005
-4486
-5711
-2040
907
-274
-2302
1699
1088
-7737
-3713
6462
-3619
1201
-6579
2662
-2800
-3784
1033
679
-3914
-5849
5558
4734
-7729
-6431
1887
-3097
963
-4687
-3020
-7793
-6628
-5881
4386
-7860
6341
3248
-3085
5526
-9316
-4819
-3220
7706
9464
-1489
6393
-7009
-1571
1705
3159
7676
4110
-6886
7229
-3747
-707
8696
9563
1154
-2295
2838
-2454
4303
-3399
512
-9974
9437
-8475
-8014
5539
3159
-6410
5876
-6285
5314
3619
-848
-4701
5579
5165
884
907
-4805
996
1142
-3690
-1569
-747
8083
-2896
-2477
2356
3923
455
6662
4781
-9803
8866
2566
-9886
4279
-3793
8411
4590
-8162
9022
3226
-5408
7110
6450
2884
-683
-4870
-7546
8691
-9125
-4594
-3459
3452
9444
4257
3050
-4523
-2803
3063
-5786
-9953
9378
1246
7842
-2347
9776
4790
5284
-8873
-2875
2828
3904
-6346
901
-8296
-573
-9749
5727
5015
-6187
994
-908
6708
3120
-7664
-1989
2041
-5702
7282
-2343
-1643
5302
-9867
9600
-183
-1746
5433
7345
2780
8539
-5722
-809
-8032
4472
-7085
-3032
-56
7681
-9834
4016
-3132
1797
-7938
-5692
-3300
6177
1940
3195
-8543
-8317
3358
5915
1235
3652
9486
2622
4784
-7438
-6227
-3153
-2004
3284
4348
4615
-4634
3537
122
-3704
-2599
3321
-611
-2892
1830
-743
3076
-4479
-3047
-1714
2371
7968
-5561
7755
-6255
-3485
6679
3231
4961
-4749
-9044
-5395
8688
-3205
-5559
242
-6064
-8942
-1556
2545
-8787
5151
9890
7643
-6084
-9900
7260
3254
5657
8575
3874
-7465
8642
3926
557
-8456
-1788
-4219
1447
-6379
-4386
9010
81
-1883
929
5322
-9003
6074
5692
4972
2075
3926
9557
-4639
-8693
5376
2537
4560
394
7220
9521
3493
-5645
5210
746
-7601
-8181
6172
-1828
-3291
-62
-3047
3608
-9603
9626
4493
-4271
-3645
-613
1264
-3694
-4190
-582
-5736
-6954
-5966
632
2456
-9665
-5110
-3173
5967
7045
1642
-1075
2095
-5647
-4323
9068
-44
5494
2339
7911
8522
-7410
-4300
2429
1352
3974
-9039
-4318
-2099
8700
-4726
-5110
1877
2093
5932
2585
-6244
7327
7094
7083
-4739
-7034
3660
-8793
-9896
4227
63
4441
-6801
-8151
-8603
4315
1105
5045
-4581
3971
3396
-2321
174
-8798
4030
8799
8653
-8822
-6635
-6514
-9266
-7377
1658
-7464
2498
8140
2760
6282
7270
1595
-962
-1661
4664
3254
6307
552
1338
3759
4953
7777
1061
4721
-5294
9151
-2831
3567
3716
-1796
-8214
1109
6391
1745
-3899
-2853
9136
-1930
-1240
2199
3310
-2308
5740
9461
2323
434
5210
7771
2422
3033
4329
8277
-2130
-18
4328
3428
-2003
-3463
-2164
-9733
4064
6909
-9834
-2802
-4337
7867
373
1187
5942
8379
2248
-4551
9006
5114
-3578
-117
8223
-1555
-5139
-6621
-9610
-8879
2165
-6563
-257
-9531
6443
2882
-5623
5240
-2953
-1974
-5253
-5328
4183
3685
6405
-1984
-2245
-3094
-1889
-624
-7668
2436
8046
5679
2871
3323
-3593
-41
-7693
7987
-8444
7382
5774
9089
3280
5872
5811
7195
5975
7262
-1340
-1711
2435
2485
-7955
5082
-9800
-357
-1495
-7007
-7109
-3587
1868
9418
-8836
-6209
8009
5468
-4996
987
-2720
1232
-1140
-1774
-2663
1311
-7987
-2986
-6174
-295
7723
6810
-333
8919
5118
-1132
-3019
-5711
7526
-2376
-6560
6832
-9111
-9091
-4795
2918
6829
-6098
9738
1158
-2770
2364
834
-3576
3994
-7761
-9266
-2421
-3935
-7959
-1557
-2829
4903
-7505
-2509
4863
-2357
-7671
529
2776
8918
-6567
1498
-9088
-5715
9377
-6360
2938
9073
5116
797
7048
-4743
9296
-9808
5128
-3573
4500
4949
9044
1439
-9999
3868
9312
-9143
4063
-4385
-7729
-6935
-8463
3541
9814
-8959
-1323
6324
-1752
-7840
3175
3247
-8284
8876
-1375
1928
924
3635
7964
5435
59
-6071
-1802
-1055
-8665
5720
1402
204
3575
-9186
9824
6828
-7684
6404
664
-1927
-5743
-6866
-7247
-7019
653
-6209
2643
6869
-3880
5023
9355
6282
2776
-7467
7684
510
-4402
-4271
8512
-8750
5502
-2603
4240
7910
9730
8034
-6015
5236
-5502
-8902
-4337
5830
9659
-6491
-7876
8642
4695
-6250
8004
-4034
9452
9057
-889
-2663
7870
-2949
3632
8067
2310
7989
8608
3918
6093
7481
2083
7926
-8232
8048
-7210
-169
-5248
-4323
-4720
-8128
-6393
-5049
-6379
-1166
7891
678
4316
-1011
7116
1071
5126
5250
465
-4352
-3701
9741
-5422
609
-6135
-1593
-2204
6680
5017
8812
-7359
-6061
-663
9531
5448
9554
-670
-5757
-741
8149
9505
-6678
-367
3186
-2359
1999
4158
-6034
1612
-2229
3170
-4156
-5378
-8440
-2119
-5328
-3390
-4982
-8762
-6604
-9189
-8665
2986
-1905
-3161
4200
-9472
-9003
7406
-6104
-7094
-4694
-3191
-605
6540
2644
2627
3597
475
3200
-5185
900
3697
154
225
4027
-5087
-7588
-4801
6998
-6428
-6053
-6219
685
-3075
555
6461
9267
-7475
9195
-8048
-3500
2834
-339
9022
949
-1184
3838
867
-7396
-4710
2475
5349
731
-7394
-1611
-6202
-7784
-56
2101
-9099
8949
-6150
8481
5502
3855
2668
5018
4971
-9316
6577
6997
-2320
2806
8516
7271
1012
4475
-9324
-3772
-1964
2879
-8331
9672
9803
6428
8758
-1906
-3799
-6723
3681
8942
-6175
-5403
-2863
6947
1708
2518
-77
1259
-8876
3302
-5830
-3337
3733
6392
-5805
4455
-3338
-8460
-9460
855
6442
7459
-8129
3133
-6594
89
-7623
4096
213
9197
-1553
-8029
-4643
2516
-9523
7449
-953
4130
-7975
-9796
8963
-8633
4151
-4793
-6273
5965
-3514
128
9830
-6148
9651
7936
-3464
-5980
-6313
5750
-4274
5509
-8260
8073
3672
1082
6125
-5922
-9194
-8527
-9109
-7086
4486
6892
1305
-4830
-8305
897
2228
-2253
981
-8170
5659
-8680
-2498
-818
3131
8479
-3073
-4867
-288
5183
829
5670
-4567
3545
-7558
-9663
-1642
6038
2185
3335
-4546
-4442
-4875
-6463
-3455
-1933
-3150
4498
-7461
-3092
-3330
2371
5131
9735
8167
-7513
-3233
-3233
-5092
-8982
-1815
1233
934
4996
5025
-4802
-4911
-5989
8950
6649
-9863
1958
7190
-628
-9542
-5458
9552
-7447
-2805
75
-6954
-5953
-9625
5023
-2744
984
7395
9399
2033
-2536
7548
1550
-9855
3562
1575
-8474
-3541
-7495
5247
8687
5705
794
-3316
-7917
-2120
3068
9030
5340
-2202
1882
6599
7261
-9873
-695
-8674
-8601
1758
515
3163
-3697
-7856
3470
-5931
6276
5391
-5657
-6883
9589
-6593
5512
-3238
-331
-7665
-8088
1439
-8685
-5059
4783
6345
-9768
-3678
-4874
7008
9515
-5823
-5274
-2610
-6274
0
9738
-5231
-4049
-4250
-9543
6553
-721
9209
-4557
-3092
3087
3688
1856
-5011
9510
-9748
-1626
-7847
5508
8944
-6786
-3438
5493
4636
-8113
-2347
4306
-774
-4453
2207
-431
340
-5048
-2214
-8834
-1924
-8530
3178
8610
95
-7033
-9040
-4554
-946
9493
1671
6109
3794
-566
-122
1505
4735
-8066
-5703
4755
1367
-9486
4239
-9750
-4697
5894
-5211
5385
-8676
12
-8394
1916
8548
-2966
-5984
5960
-2991
-1857
-5630
2667
-7932
8212
6346
6307
9550
-156
-1815
4674
-9783
-4736
-786
5859
7189
-8067
-4746
-5451
4237
-5827
-2614
-1363
5338
7488
-3464
-2097
3114
-566
-2744
5423
-2442
-3026
-2875
-3646
9189
-1292
8876
-7356
-6496
-1157
7310
-8297
3693
-7994
-4950
129
-7952
-7061
1530
4810
-1706
-2634
-4686
1657
-9911
-6938
-7811
6984
-1900
7646
4399
2354
4783
5668
-2720
4388
-5980
-8810
-9383
-760
-4576
7956
-899
2311
-4654
-3335
-5057
7571
-9925
-7072
1421
129
-33
-2500
9762
-4647
-5306
2278
-8842
9268
5320
766
-8826
-9922
-2230
6215
3643
6217
-6045
4437
3069
5008
6775
-9987
3015
902
2127
677
-9383
-3436
-7829
7490
-426
-1805
-619
2828
-8857
-8212
1678
-1624
5689
4527
776
1145
7392
-3964
623
-7751
-9135
-9139
-594
4756
7123
1460
-2895
-2095
1419
7623
5517
444
-604
1978
6730
-3901
5967
-1151
-1870
7733
8143
8178
-5518
9875
-3097
1022
3400
-1694
-924
3548
4300
-6029
4105
8853
-5827
2006
3771
3789
-643
-6459
-1154
-4592
7938
-1745
1640
-2552
3789
4521
9553
-4069
-3615
-8332
-6441
6887
-620
3278
-7998
7481
-855
-4185
-2713
8213
-7279
600
-2673
-344
4444
-3458
-2295
9139
9579
-263
1664
9777
6576
4276
6614
-3406
-3822
4945
-3233
-3290
5756
1071
-8983
-2804
-5733
8224
-8138
-6830
-558
8792
8493
5264
3077
6863
-3924
-7665
-191
-7854
3005
-4587
-8249
-1573
-3703
-1166
-6683
4276
1835
-6969
-3283
1908
6236
7718
8425
-8952
3711
6260
9664
-1306
-6275
6322
-3154
1305
2733
3652
7044
-5040
413
-8186
5547
8013
1806
9883
-6092
3079
-4149
6456
4543
-7018
-1475
7291
2346
-5804
4622
-6911
3148
7033
-1050
3324
-4476
-1733
-3727
5965
3183
-4548
2641
-8354
4945
-7655
5310
5473
4578
9136
-6
5364
3061
1185
-2668
4735
7207
-7466
-9427
-1902
9608
-6291
1073
-4106
-6989
-5561
5833
-8727
2741
-6266
-8532
-9039
-4706
-1659
-3302
-255
4322
2980
2967
-3877
-833
2803
2070
-4664
1192
967
-6229
-672
-8745
9280
8328
3746
880
-4839
5985
-7867
-6133
-3192
8500
8903
6569
-3058
-9163
1818
2255
7089
3535
256
-9257
5807
-6789
2895
7899
2559
-968
-1662
7779
-3699
8879
-6957
-4707
-5923
8246
-4564
-3848
-8539
9720
3048
-4233
7945
-2181
2921
-3956
-9438
9400
-359
125
-4430
-129
8957
7210
1652
3275
7177
-2006
-9049
7024
4775
-6332
8299
-8090
-8246
-4537
6804
3046
-4926
-615
8989
5406
-9445
-6843
678
-8496
5277
-287
-1174
7278
-3021
-5023
-1821
-7868
-4293
-2227
8288
5724
8972
-6863
7580
4701
1212
-6003
-8916
6176
-3559
-1384
2020
7390
-2105
-2166
-7499
-9236
5222
9646
-7981
373
-1634
-2840
6691
275
-7293
6461
-1774
-8438
-8739
-2743
1445
-9880
1473
-6422
-8364
8325
2792
-5690
1090
-5686
-2948
-8367
-1803
-3379
-5690
8050
-6518
4558
6697
-1320
3222
1051
6155
1262
-6353
6002
-1116
-5408
-1414
-3003
6526
-6196
-4438
9246
6325
-978
6998
2050
-98
-8262
-1569
-6199
7470
-8214
-9855
1308
-5062
-141
2699
-8226
6353
-5804
5194
-9942
923
9742
5944
-2774
1353
-7607
341
9681
6014
-5318
6008
-3193
1528
-9892
4988
2317
-6650
4738
-2014
-7448
9767
-9503
6178
-2122
-730
937
3762
2646
3368
4005
5246
-4226
9866
665
5149
-2470
1299
-2133
85
-5443
3070
2730
7476
4202
8696
1956
411
9753
8015
-8083
-5793
2171
6350
5301
-5875
7914
9649
-369
-6644
7148
-3842
7728
7631
4089
509
-3929
-7308
-6071
-1957
4057
-4586
2877
5544
-1424
1941
4186
459
-9131
-5589
2155
-8149
-510
-3575
-8701
-4469
-3045
-1772
-7635
-4879
4250
4864
-9684
-1304
-6478
-2413
-6305
9909
356
7124
-3601
6633
8624
5583
7845
6437
6072
-8492
-3612
-6448
-1256
-5036
-6705
-44
-8436
511
-4039
2817
-7544
8217
6230
6487
-7162
-5857
-2639
6109
7525
-1074
-8083
2420
-5481
-2334
6770
-8060
6028
2383
-6364
-3832
-7235
9487
-8107
-5585
-5959
4540
-9378
5212
2883
345
-3824
-5776
7768
1199
-1964
-1437
4420
-5569
6153
-6965
-9837
1439
2662
-6187
1900
6600
-5803
-1940
-75
2290
-3523
-9524
-6596
-9226
-1440
342
-2185
2000
-5701
-3852
-4721
-7493
2729
-5511
-3614
-7744
6275
7338
-9532
3884
4497
3140
1660
3781
3708
-8937
-3451
7340
5246
-2146
-7767
-642
-3073
9239
240
-7291
9725
5835
7442
-5159
2663
7009
9710
-9261
-9671
8189
881
9944
-8695
-3657
2331
8135
-1977
7483
-4931
1403
-9094
8565
7479
-5963
-8203
8
-9384
1904
-980
4515
289
-8040
-8623
-2403
4847
-4532
-8175
-502
1226
7189
5540
-5171
-5862
7933
2124
2578
5543
4473
-6528
-5965
3459
4216
6269
7743
-5792
2624
7138
8043
-6274
5197
-8766
-4112
1717
-4351
1480
-7313
-9833
-2660
-5871
-616
4745
-7566
2673
-3680
4462
-6906
2340
-5488
7023
-7632
1254
2372
2174
7864
4094
9676
-2321
-2857
1577
-5172
3447
-134
4852
-7100
-5624
-4106
-7548
2041
8292
3127
1036
-3459
5851
5933
-8264
-8494
301
-9445
4922
-6835
6919
-1072
7457
-9475
3856
-3528
-5654
-4782
6110
6845
-9691
5203
7658
-8854
944
330
-1604
-8335
-2464
-306
4260
-7613
-2086
-548
-3968
-7016
-5422
4535
-6909
9416
9670
-645
5624
1420
6388
2330
1884
-5868
-8476
78
-1858
-1478
3406
2953
-3185
7608
-312
7700
-5981
-4071
-5230
-9208
1750
6669
4517
7615
7743
2471
-8575
2937
9376
-3743
-6889
-6120
7484
-7284
1725
-660
-8271
-2585
3846
2932
4012
-8339
-4772
-2328
-8778
624
-2917
9040
-1542
-1518
1199
-4562
7192
871
6074
8005
-1751
-5126
-4469
5710
-71
-6306
7560
-937
-1463
6710
9285
-4656
711
-257
3596
-6600
3023
-639
-7734
-1338
7197
7126
-8620
1112
-663
8178
7242
826
-6543
4441
2952
-8627
1905
-8727
1829
3136
1623
-3370
-2780
2623
-3137
-3356
-6308
4146
-2630
-3246
5621
-266
-1727
-3992
-7012
1405
-666
-8623
-284
-8971
-3960
8187
-3051
-5635
7636
-322
-1931
3891
-4267
-6967
-8513
7233
-4255
-9017
-8946
676
9103
-7468
69
6840
-9931
-8110
2968
-9166
-2023
-858
-6880
-8731
7335
-4708
1513
8086
9118
-1423
1336
-9453
4509
1257
-9655
-232
-2611
-5071
328
-8599
-6784
-2834
8383
-1649
-5521
7611
4634
-9590
-7880
-5135
-3676
3201
-7996
4876
-911
-6571
7198
-8961
-4810
-2142
137
-1212
7067
-9535
-304
-7456
-9343
-3178
8798
-5461
1510
9506
7013
340
-6772
-4068
8068
-8406
8458
-7710
2268
-6431
9871
-1551
-6224
-4705
-2732
-158
-724
2901
-6493
-5861
6763
5220
-9622
6382
7097
-7197
3608
-5048
9801
1877
-9092
-5614
605
7658
-2735
-8742
7404
4426
3275
5584
-3319
-6189
9536
-6117
-2751
-5057
8214
1800
4439
5473
2780
9338
9981
-9426
8501
-6846
-8666
-5913
-6765
-734
-8710
5458
3256
-7978
-8799
-6446
3779
-1192
-4098
171
-8721
3204
1707
-177
-6961
2843
-3865
-6509
-7376
1389
-5158
8058
9947
5974
-174
2629
-5923
-9390
3241
-147
-4677
6353
2686
-5742
9515
-9644
5603
-4441
-4317
4010
-5944
-5394
8321
-7669
-8544
2596
4614
-8267
-1789
-9880
-6511
-5175
-5705
-6616
2897
-1416
1854
4376
2811
3752
-4905
-1936
-7456
-7540
1723
2937
-8609
1326
5456
-2911
-764
4637
-6832
45
5653
5481
4624
-5449
-3907
7006
2224
-9953
8357
-8363
-9587
-1781
7585
-3394
-8155
5450
-8383
-4133
-6211
-150
-6514
-8637
303
-776
-4918
4628
526
-2638
9457
9767
2988
-2800
-5898
-9468
4098
2438
-5449
4698
-9778
-13
-4472
2436
4550
-7234
-5495
-8870
-1254
9474
-4983
2633
2042
3402
-3088
-7658
2165
20
639
-946
-296
-9923
-8437
2053
1217
-326
-7903
-6587
-4868
-7984
4737
-1661
780
-6536
5124
-4801
8043
-8475
4833
7407
-1641
-9811
8939
-6360
-4569
-497
8068
639
2438
9858
-7014
-7318
8080
9532
-8635
3854
-7220
-1027
9645
-1092
-3487
5384
-9965
-528
-2450
-3281
-4870
-4519
8347
3051
9366
9316
3303
-2832
7598
9093
-4760
-6300
6194
4811
8548
-8190
-5447
3008
2533
3939
8810
9606
-5836
9453
121
2793
3596
7733
-8217
2445
-7618
1614
-9010
-9680
8975
-8481
4207
8670
6437
5694
-6910
7658
1787
8844
7423
3611
-3802
5034
-1830
-172
8149
-8730
-9277
-6988
-9343
6558
-424
-1918
-2834
-3524
-8309
-1741
-7387
8037
-8436
9758
2033
-5000
6547
596
5536
9427
2194
9163
9211
-813
3471
7745
-7832
4982
-7218
8725
6768
-9400
4440
-9227
-2597
-6607
3214
8118
-1641
9775
-7364
4992
9098
2613
2866
5817
-3313
3682
9878
-8961
6570
-5594
-7161
6259
-5937
1606
284
-7040
-7399
8487
-2778
-7864
2201
7656
-380
-8111
2262
3152
-8941
-788
-1111
-9538
-3820
-5506
-214
-5134
-7978
-6022
4380
-4700
8747
-1300
-3118
-9901
-1565
-3376
-9799
3589
-5928
7263
-2007
-5335
-3132
-8212
-3822
7611
4520
-3087
-1888
-9480
-2925
7934
123
-5272
-8895
-5968
-6216
-1271
1317
-8406
8167
2728
9889
7540
-994
7230
-3069
5669
-5122
9393
-7941
-5472
-1185
-1406
6272
-3949
-4046
-1344
6031
-2594
8487
5031
3026
5567
9190
1774
-2140
7358
-9898
-4312
-5000
5887
-1150
-8277
6341
-9546
-3460
-1747
4067
7150
2420
-6260
-7291
5927
-9161
-3600
-19
-730
9593
-7963
-1756
-3658
1157
7467
-5375
-8380
1085
2790
-3256
-8885
1041
-6679
-1444
-6264
-4739
3099
4893
-9574
-87
-5722
516
-1432
8176
-236
1413
-9877
3017
5304
5785
-4825
-643
685
-6322
-4439
8958
8203
3199
-5040
-1328
-1350
-1394
-7502
-6889
-6354
9468
8938
3482
-3187
-1479
-7
3025
-4443
-4718
2491
5083
5577
-3635
2452
-6944
-8209
-6192
-4317
4129
-1924
-87
-9843
3656
9789
2272
7434
205
-1806
6538
4451
-3095
-7583
5496
-9544
9811
-2935
7079
2711
2359
-9087
-1441
6985
1082
-3799
6307
-528
-9665
-2847
1534
8676
-5181
5740
-6311
8671
-7555
2624
-364
4950
629
7204
-5070
4223
9306
-3892
-3870
9582
3281
-1657
-1603
-4299
-9648
2393
-8937
947
-3396
8545
-3967
-6965
1177
4689
8565
-2046
9678
-1160
5653
-3055
9822
-3793
-8789
-7663
-7291
5067
-9660
-716
6776
-7656
-8124
9591
-613
8506
-7294
584
243
-2665
5477
2195
-8854
-7852
9313
-6472
-6136
7794
7223
1665
-2972
7713
-4737
-6789
9567
-3271
-6091
-8163
-7199
9484
-2511
1052
7901
-3308
-4549
-2536
8208
-9916
-4949
2603
-2796
-7630
5593
-1813
5560
-2560
-9415
-8159
1058
-2713
8087
-251
2856
-5583
-7692
6871
-4149
-3069
-9447
1609
-7591
-1073
2370
-5701
-8239
5454
2812
2953
2557
-7438
5531
2972
-9993
3909
-9539
-904
-1353
-6913
-2625
1226
-6464
3570
1817
1693
4368
-6340
9917
-4775
3163
8244
6717
-49
-6582
-1669
5331
5314
-4122
592
-541
8530
-1896
-8444
1688
926
3558
-1971
5735
-3239
1346
-3652
7455
663
8791
6903
-6185
7096
-1493
-4992
4077
6463
-6854
3136
-8004
-7068
6799
-1752
-8313
8339
-5434
4140
-9778
-9827
1535
-8186
4437
2118
-2789
2475
-9352
7402
4946
5097
-3006
-9860
9896
2220
-1056
-4386
-9086
-1066
6682
-1565
1973
5963
9548
-7173
9495
-4286
-7425
-4111
9209
4778
-6832
2138
-1558
-231
7846
2202
1354
3300
7840
-3108
9917
3372
-536
-6713
-9134
5063
-6380
-2825
-1042
-4943
-6332
7305
-7406
-9887
4604
1729
9673
-8845
-9623
-364
-6052
7857
-406
8544
7467
1470
-2725
-9236
1195
8181
-9554
-4328
-5155
614
9045
-7100
-8654
-486
9251
2851
-5138
5797
25
-1378
-4271
7476
-2234
2969
-354
1343
-9214
-4085
7606
7099
4789
-2206
4276
-7665
-9199
-75
4614
-6916
-3865
-2
-8158
3855
-5809
8800
-1902
-5204
5389
5969
857
-5877
1261
7200
-4889
-2562
1135
320
4761
9519
1498
-4748
-319
1990
5309
290
9528
-1067
-5497
6825
4621
1540
-8533
1795
-2728
548
-3654
-3344
3659
1302
-9353
7835
-1278
4385
-9449
4400
-2803
-3167
8727
2345
-9973
-5898
-9180
8719
-6819
3086
-3879
-543
1205
-9112
-5753
6490
-8499
-4434
-2626
-3947
8575
2229
-9364
6924
-3295
-491
4508
-3856
-2571
1517
7243
-4601
6970
7349
-7644
-5805
7158
-2109
1444
4509
3119
9947
-3853
-1673
-8166
7855
-9327
-5422
-6399
-4754
-1862
-9543
2990
224
-4469
-7796
-3526
693
-3807
8
1353
-8102
-5056
-6287
-1064
9376
7274
351
-2670
604
8632
854
7312
-5181
-8657
-7668
2875
-8419
-3595
7015
3741
-5272
-6877
2317
-2244
4803
6983
-8271
6346
1547
-6336
9984
-2793
-8621
8826
792
2418
5019
3739
-7701
-2297
5989
-3288
-1885
-6998
2311
5700
-4333
1139
8648
-6795
-5667
-7890
-4015
7834
-1548
-735
-6150
-2969
1290
-4628
-4177
-3093
-9564
-7416
2743
-7864
-2362
5216
3178
6689
3643
-7745
7897
-7216
8863
2775
-7414
-5079
-9731
-6983
4776
2379
-3707
-40
-1824
-5059
-6283
-6409
-9385
-551
-4471
-9086
8236
-8649
4243
-6046
9172
5580
-8859
-5735
-9272
1039
6110
-4779
-6475
-8296
-4511
6561
-668
9098
-3315
-736
-991
5560
-3696
-8551
-1535
-1033
-3475
5614
-2088
9051
-5937
-6867
2555
-160
8405
7944
4212
8399
-6332
7824
6585
2184
7361
-5015
8013
5724
-3076
5880
-8704
7742
9489
-9776
-427
2722
-3872
3257
3567
-7339
-9445
5156
7315
-4594
-10
1668
-5025
-675
-791
-5101
7502
-2849
-2118
1381
-5809
5645
2741
-4357
3523
-2855
-6750
5957
1616
1073
5137
-1207
-6483
-361
4484
-9166
6073
-3390
-6411
-4482
5546
8282
-3732
9191
-7215
393
-2022
9538
3824
-6054
7236
1166
-8929
-3355
-1986
3134
7266
-9158
-343
3836
5843
-4426
-714
5735
3079
3732
-1684
-6388
94
-9801
-3520
934
3946
5543
-7022
-6946
3047
2240
-2499
9787
2761
-9684
-3219
-6497
-4672
-8675
-9030
-3435
5122
-3555
5087
-6554
-3406
-2376
7379
-3802
-8288
-663
-913
7948
4528
5057
1389
8642
1905
6785
-3160
6153
-8012
1068
-3303
-3360
3259
4270
5393
-6696
1094
2256
3518
6155
-6236
4743
5379
1215
-7039
2613
8063
8159
1230
5702
442
3422
-1362
5588
-360
7806
-5217
1445
-8778
2104
-8397
898
-6258
-8290
-9415
-3973
4457
-5494
3416
-9647
-5112
9252
-1784
-6107
7051
-4579
-4670
-6946
-3431
-3432
-2566
-5472
9675
-426
9212
9022
-4337
9441
-6630
-1005
-7908
-4455
-3113
-2871
9854
1415
1425
791
-1996
-5785
-8777
4941
2162
-7670
4219
562
-358
-6830
2024
3597
6189
-3769
9273
-6709
2255
-9575
-2582
5514
9302
-6179
-6171
7252
1343
-971
-3960
-8047
-9674
-3580
5866
-7747
-6762
7826
-5840
9204
-6542
-6856
8505
3545
-864
-3822
-3325
-2081
-1459
2920
6631
-2282
6895
-9292
-7748
-3927
-8792
-3599
-8620
8626
9033
-7772
-122
8717
3234
6545
-542
-2216
-7158
-6647
3596
1861
8009
-584
-4601
-5748
2903
-3549
2277
-8978
7997
-1998
-6691
-9002
-2420
8655
-445
-9124
8889
9497
-726
-7157
5144
6574
-1839
4296
-9867
7238
-5951
5876
3885
-6670
8866
-6362
-5025
-9799
-5951
359
-38
499
-7894
7858
1815
5023
8034
-749
-1162
9527
78
9473
8488
5756
-8860
-3357
5755
-8864
-2783
669
2465
4487
9669
1002
14
-201
-4157
-7747
-5216
7091
486
4280
-9787
-2325
-7345
2399
9928
-8807
-3450
2676
7203
2959
-5413
5409
-3661
-4260
-4983
-204
3793
-3932
4253
-21
444
-3752
1650
-7873
8000
6109
-5290
-5820
-4357
9578
5472
-6489
510
2944
-2366
5848
9224
1443
2549
-5930
6387
2128
8219
-7670
300
-8115
-9236
6718
188
7934
-1014
-691
-2489
-4408
-3414
-8523
-2747
-3086
2872
-3343
-4699
-8188
3382
-6953
-7764
-9275
-7364
-1468
-5301
-3794
5146
7325
7712
4925
-8803
-2032
276
-2149
6615
-7774
-2265
-8918
4100
-1963
-563
-6856
-4956
-9953
3998
7041
-7179
-5613
-442
529
-3286
3629
6891
4208
-433
315
7650
-8596
-8008
4383
-8579
7361
1262
-3778
879
-8830
-5501
-8653
7716
-2539
1899
8289
3923
6901
1306
-9795
4281
-9318
9354
3035
636
9699
-79
-3210
-5471
8849
-8831
-5069
4318
-9576
7490
-3083
-1097
9203
1975
-605
199
-5814
8775
-8480
-870
-8641
8985
1103
-3483
-5565
-356
9178
5962
6577
646
9142
8600
-4160
-2851
1618
234
-5434
-2300
8493
-6282
-7896
-6538
-5146
8027
-1752
-1422
-6628
-9776
-6409
-7847
6786
5184
3272
4447
-1910
-909
-4809
1047
3852
-4673
-2925
-6506
8438
-3999
-8422
523
-5742
3815
1513
9101
9191
8485
-8968
8773
-8627
2379
-6575
646
-1741
-5052
6562
-2023
-6617
-1260
-1884
8923
1903
9642
-4726
-1299
-7162
4281
-7163
-4956
4976
-544
5938
9854
-4769
5480
1957
2117
-3645
3877
-9199
3939
-7447
-6850
-8270
-9996
3492
-3352
-8123
5042
-8153
-8236
1511
9221
-3170
-2639
-7442
3493
8171
801
-4592
-2291
-104
-3643
-7487
-5743
9360
4686
-2912
-379
-1360
-1727
950
5129
-6182
-4143
3325
723
1488
7994
-4559
-6523
9473
-4226
7816
6816
7677
5348
-2385
-1345
-6130
-1446
3115
4001
8844
2241
-2579
654
-329
1486
5179
-1903
-2395
-5137
9816
-5720
8729
2107
943
3168
3884
5177
3636
-6341
8102
9471
440
-9633
7969
2043
-4100
-804
-3047
5764
7497
-8216
5420
-6851
-3543
5240
8185
-1790
2578
6437
5111
-607
3534
-7163
-1845
-1933
-4506
8608
5550
-3850
-834
-7514
-4223
-1525
5795
-850
1067
-3793
1461
-7006
-1148
-5652
-4337
575
6862
-8073
2945
3888
7279
-2246
9995
-5433
2696
6051
6755
8531
9780
-7871
5675
9726
6777
-1459
-7990
9312
-4079
-6700
2995
3260
5142
1852
6071
774
4850
-8309
7168
-9137
-7439
-9728
-2588
7416
-9415
-5802
7092
-7520
-1827
-8665
-2872
7423
9749
-688
6030
3722
6930
9385
2376
-7403
-9177
-3713
-3047
9779
4478
-527
684
6848
1187
-8169
-8632
2302
-4966
-8380
-3626
6219
-8729
-7763
2756
9243
-1575
4746
-631
-9865
4744
4202
-4398
5718
-9492
-6140
-1436
-4282
8505
-4616
6849
4868
-6811
8815
7086
-319
5404
-9039
-4756
-2830
8369
-3448
-3650
4807
-6443
-4707
-2815
-4455
9468
2095
-3168
6745
8237
-8126
386
-8360
5019
2406
-1221
604
-3699
6804
-5047
4941
-3792
4053
-9945
495
-6169
-2999
6136
8718
-299
9411
-2728
-8977
1844
-3083
8612
-1129
-3846
7320
869
5675
-9890
-6549
6837
8606
6561
33
-7269
-9428
5190
3213
2260
-1730
2457
7265
8873
-6112
-345
-9684
-2843
-5460
182
8285
-827
-3696
-1347
276
4470
-20
2340
6789
6151
3482
1461
9541
246
4538
-3466
4073
556
-666
-314
-8587
-8247
9271
2639
4601
4952
9402
4436
2823
-667
-5366
5045
-5641
-1758
3521
1494
-6414
6207
-2674
-1020
891
9561
-3553
4541
8686
-7382
-2992
3245
-2820
1419
-7383
2377
7552
-7051
-9331
5095
-1035
-2362
-470
-4586
-8610
6772
-6342
-8171
-662
1096
3034
-2770
5550
2622
-2211
-6018
4472
-2509
-5759
-6466
-1651
8117
-8091
-8006
6867
7685
-8096
223
-8283
1391
-8831
-6451
2798
-7744
-6466
-5353
-4703
1610
2133
42
6560
-561
8141
8546
1229
8815
6506
-3960
4645
-8013
-3245
-6292
-9533
-1395
-1149
9287
6523
8661
1645
7389
8325
1740
8554
-3157
-2466
-6903
4385
7507
4364
-5007
5982
-4510
-620
8180
-5021
-1644
9894
5005
6708
-9465
3017
3919
9129
-3807
7944
-4695
8956
-3047
9852
8466
1568
-8288
9114
2613
-4245
2882
-919
-675
-4465
-8336
-6872
2753
-4871
-6365
-3907
-9
1582
8172
-4650
-8149
-3849
5416
-8835
3614
-9594
93
-2760
-8685
8962
7071
-5437
-9816
8025
-5999
-7054
-4617
-3884
-6275
-8384
-9194
-2998
-5361
9587
-6153
3180
6795
-1030
6181
-9383
-3811
-2330
-6650
-1366
6016
-9676
1956
730
-6095
194
6554
-8865
5379
5916
3513
-480
-2854
-329
9636
-6181
-358
7019
4017
4872
1722
-3538
-5903
-5459
-7066
730
1636
-3692
-7798
-8109
1157
-9869
-1417
7909
8434
2274
-2622
1524
2839
9061
867
1273
8721
-750
6188
-6595
-5148
-8553
-4644
-4988
-5774
6632
7767
-4351
-6754
-1505
1689
-6939
-9858
9776
-3441
-2400
1413
6009
3641
6332
-9642
-3459
4978
9499
4497
-2611
-6916
-1241
-93
-8781
-2102
-3216
9879
-1673
1695
-6565
3636
7465
7078
-2967
8704
9597
-2397
-5300
5784
-6518
-4250
2571
3625
1216
-4366
-2942
-4326
5791
3267
-4099
3589
3871
-4214
2838
-5636
-7880
-6826
1555
4360
9895
702
-6261
8633
-5191
6805
-9045
-9341
948
3265
5978
-4911
2178
318
-1512
9843
-9945
7276
-7145
6960
-7620
223
7340
9661
4134
-2692
-2428
9297
6660
-8547
5603
-5171
4597
-1446
-110
7237
-9723
-9508
2194
-6642
9548
7052
-1876
9926
-1417
-7907
-5516
-1408
7151
-4045
1232
-816
-9868
3932
7838
-1234
736
-1382
8511
6066
7689
8837
6635
323
2703
-1550
3934
9997
4784
8217
-5336
-6198
694
7914
7469
-3097
292
-938
6303
-8122
1718
-2033
3300
-8448
2241
6867
8623
6630
7756
3315
-3416
2961
-6992
-7319
9457
-2021
2184
2855
-6694
-4748
-7688
7000
2369
3792
-2429
-1866
-9185
570
-3416
-4136
-8612
6978
5457
4908
9497
3552
-7268
-7345
-8556
8109
-9970
-3437
9374
2000
6023
9528
-6487
3423
3380
246
8623
2119
8786
7926
9545
2705
-5766
-2329
2918
7138
-9158
-6893
4685
-2977
-9207
4138
-2950
-4658
764
-5897
5188
-2105
-6177
6615
5970
-644
6563
173
6833
1033
-5094
5030
5809
3915
-1481
-3767
4221
-731
-4083
-9598
1670
-1776
-9147
848
-9135
-1619
-4631
-1994
9167
9890
-6809
2305
7752
-476
-9582
-7638
3093
2747
-9723
-4749
-6493
-9378
2478
5338
5443
7517
-3746
-5775
5365
-4507
5757
1400
-9570
6120
-5462
7616
-8729
9561
-3533
-1865
4227
-372
-7906
-2825
-6042
152
6869
2921
-7677
-7513
-6102
277
3366
5676
-8502
2074
6033
7806
-9711
-5182
-443
-4130
2270
-1532
6309
-726
2759
-2415
-8603
420
-6171
-7239
5878
4565
6446
4684
6038
-3397
3218
6708
6094
6042
-3999
-6598
-7700
697
4898
-3594
1536
963
5001
-3902
-1906
4158
-330
3026
8584
-6971
3105
-7528
2866
-7809
2596
-3220
-6229
9592
7502
2723
-9045
-829
6163
1494
-6398
7066
-4575
-2
7845
-1144
-5891
-816
-7071
-5043
-1385
-6359
337
-5175
613
9219
-6749
-8040
-5246
-6148
4368
2807
9580
4119
-601
8703
-9437
1115
3170
-3491
-7921
3631
5187
9251
-8758
-480
5553
1954
-8185
6773
2926
1298
3306
-4893
730
7756
274
9913
-1131
-5149
1871
198
2381
4733
3631
-6017
-1228
4304
-7842
6026
7642
-685
9873
7190
-7671
-9587
5216
3988
527
4112
-2335
-3833
-7653
6795
4171
5134
6491
-8036
-7495
-2761
-6970
-9601
966
6116
3094
9141
58
3138
3801
5718
1204
-72
-1885
-5362
9673
6287
592
-1265
7974
4503
3049
-6258
6459
-9350
-5191
-8770
2568
-8207
-9081
7217
9306
9013
8768
768
-9318
1937
-7940
2020
2427
9602
-7946
2863
-8440
6291
-7092
-4534
9189
5929
-8072
6467
-7522
9071
5147
9652
9072
1294
-6843
6258
-2405
8362
509
-4041
-7800
6470
6098
1442
-2683
-5190
-358
4983
-5092
3526
732
-1328
-6187
9911
-8988
9302
7488
-1020
-9327
7838
-1200
-3723
478
418
7404
-7357
-1660
-5870
-2423
2280
-2667
-437
8755
-603
2089
-1082
-7106
3644
7552
-8606
-6960
8799
-244
-8990
-2473
3080
2167
-7914
1187
-4960
-7187
9198
7447
4676
5134
-4482
6690
9573
2427
5833
7614
-2924
-8102
-7313
-434
5496
-3148
-8635
771
5600
4564
-4665
5071
5273
9998
-1984
-7701
-7730
-4088
-7959
686
-350
-668
-4198
-8170
-6765
6210
9240
4509
7215
8435
5005
-1345
8833
9520
-3251
8099
-7524
-6429
7379
6240
9942
692
7884
-7819
6200
2453
-301
9261
5301
-7959
-6445
8880
1464
8640
5022
341
-2812
-6593
13
1533
-3389
3161
7131
-6848
4308
-1918
6205
-2281
-4106
-1016
-2301
6836
4759
7504
-7090
-6639
7641
-4115
6562
5163
9887
-7871
7868
9496
7388
-8881
-5745
-129
2923
8864
1331
6512
8400
-5156
497
1771
-3447
1392
9081
-6346
8132
6413
9708
3184
-676
-4625
284
-2349
-2971
-3652
-9304
2724
-1110
3299
8711
9035
9397
736
9073
652
3255
-9443
-3274
-4381
-2961
1991
-8119
-844
-454
-1788
6822
-9686
-1433
-5656
3927
2015
-1015
1411
-3510
-4176
-134
-7540
-3979
-5069
8502
6678
313
1645
3701
-3854
-2030
6923
-4230
-1488
-3423
9685
-5607
-4072
-6274
9765
5479
8427
4596
-1965
2134
2655
7516
3365
-1157
-3830
-2363
-5821
-9384
7508
-1811
-2151
7309
-8505
8534
-7308
3090
1660
-8783
6749
161
3598
3277
9194
-3500
6705
6402
-3752
8045
-4878
5827
-1238
3217
8492
255
-2023
9179
-8610
4222
3150
3226
6953
8145
-110
-3464
-791
-194
-468
-6355
-803
-8934
-2538
4836
-7711
-6587
-9391
-4206
-2448
3398
-4150
-7873
4914
-2110
3347
3813
8028
-5217
-6598
-9080
2647
4756
-6325
-9466
-6808
-4615
-4894
7475
344
-7290
-9684
-1990
9807
1881
-6871
-718
-3303
1099
8535
82
-477
-2089
5690
-64
-106
-9251
-7383
-2961
2257
-4022
9976
-3229
-8498
941
7613
-6591
-3361
3176
9039
8611
-4542
-7337
8217
-6506
2798
-1108
-5627
-9293
1986
6255
7174
6789
-2823
-7423
8661
-3507
-8587
-5793
2871
-2118
-2296
5162
-4966
-8354
-3897
-3010
751
120
-6557
-5145
6914
680
-1587
-3422
4933
-6414
1425
-5625
-8801
-5412
7741
-320
-4492
1476
-1724
-1832
9800
-237
7153
-5183
448
5882
508
8983
-8466
-5349
-2761
-3077
-9280
4121
-3307
3994
-3649
-7712
3811
-17
-6852
-3688
-5081
4395
-7463
-4930
-527
8079
-8853
4110
5090
-5438
-442
4345
-5730
973
-678
4026
3935
5922
-1872
3577
-2658
6732
-1622
2741
-8590
-875
6944
5511
-9212
-860
-8784
9788
3914
-514
-1569
2857
-2533
-6651
-6868
-9546
9759
-9273
-5170
-4342
-291
3933
6974
2537
-4606
4869
9664
2968
-2536
4162
-4554
2473
6433
-9108
-1059
-1995
9843
-8224
9557
-2244
4501
-6291
-4392
1115
-9187
5447
-8805
-3615
-3928
-1537
-6542
7721
-6179
-8356
3899
7528
2464
-829
-6447
1732
-9179
8788
3424
5041
-3750
-7249
-2671
-8818
-3399
-7177
-1083
4514
-9121
1819
8420
-7642
6308
3337
-1791
-1991
-4409
-2783
-6233
5701
-346
-8243
6704
-2477
-6117
4070
-5358
2889
1774
3352
8636
-5812
-5775
83
-2944
-6800
-7367
-3462
-9827
4788
4130
-8790
812
-1570
4310
-1951
8960
2699
9602
691
-4264
9264
9640
-5441
-1463
-4656
-3629
-7921
7998
4033
-6651
-2149
5617
-5107
-4734
-6321
2859
-5592
3264
-5757
-6010
2492
-9525
7674
-1160
-7402
-4567
7869
1948
3045
-2686
6222
633
-8199
3466
-7051
-9313
17
4446
-6654
-7249
3169
3786
-1888
7071
-7427
-5492
-8144
657
-9931
17
5702
3986
-1265
4019
6387
-3775
4887
8758
-617
4418
-6154
-7997
2722
5851
-4947
-7367
1533
-445
-3200
-6426
-9418
-7692
-5431
-1796
-9586
5511
8809
-7306
1929
-374
4098
28
-5614
9941
-1120
-987
-403
-2916
-8858
2016
1433
-827
2208
2337
-916
9187
-5548
9491
-2882
-2286
-2200
3059
-3246
1541
1118
2804
-4364
-2499
-1019
4210
5760
-6789
-3175
3060
5843
7606
5213
-2920
7196
-1506
5665
2793
7142
3151
495
-6427
-5196
8189
3497
-9319
-2842
-1996
8207
3161
-1964
3669
4775
2955
3480
9137
5510
-6525
1715
5059
3108
693
-5877
-6554
1819
-5606
1760
6611
6604
-3983
-7555
-2998
-7066
-1274
9241
326
-6483
5213
3972
-6992
6908
6161
-5312
4556
3403
318
-4565
-7992
-3219
-9622
522
652
4842
5189
-3063
-8840
-6886
-546
1934
9335
-1411
2727
5914
-9264
817
6187
2725
-3567
-843
-6709
-8868
-8879
8348
-4748
4976
5736
7416
8398
-9476
8529
9437
-1314
1906
9570
-4014
9635
-2023
6621
-2782
6332
-5358
763
-443
8571
-1217
1656
7841
8093
-2004
-3148
-9209
-8043
-7525
-7621
-5897
-8158
7701
4337
-1380
-9411
9728
3676
-970
1790
-5408
-7158
5150
5794
4832
-3356
-1240
-7545
-8432
7986
-470
5343
-101
-1828
-8108
3467
-4052
-2781
-2956
637
1974
6347
-8767
-2676
-6175
2400
-4742
7327
-4482
-9886
-7938
1441
-5200
-436
-6411
2798
-5353
981
9311
-6614
-8846
1698
-2659
9772
-5321
5742
2401
2692
-2923
-135
-3095
-72
-3614
-6449
-7417
-3929
147
-6789
2599
9874
-3392
-7810
2218
-474
-3188
-8481
7386
-8673
6861
-5573
-6176
-4891
-3864
7265
-1940
-4988
-3644
-389
-2429
-2773
-9026
2153
-4120
4187
-2858
-6705
-5587
-9614
-9196
-842
2527
757
9453
8489
2176
-5977
-6197
1432
3847
-102
6577
-6842
-288
3349
2258
7217
-9474
-744
2330
5701
-633
9547
5701
-145
1055
9753
3706
2268
-6106
9346
4639
-3537
5794
-2355
4014
-6767
-791
1032
9620
-4959
-6547
4326
-6931
-6136
2499
-4281
-1633
475
4839
2570
2742
7578
-567
-7729
-1896
-5458
-3939
522
7689
-3793
-2718
-9049
8566
-3143
2737
3719
7974
-8327
-3766
-8130
-9254
614
-4404
5128
-6362
636
-6287
-3884
-355
-2363
4236
-8146
-3759
817
2461
8902
-7081
5132
193
7171
-7575
-7844
-9760
5371
-4622
823
2945
683
455
9575
4858
9345
-6139
-9594
-4410
-7168
-2199
-9493
6315
-8068
-7787
-5648
7838
5255
2260
-5724
3439
6320
6823
4415
2397
-5954
-7991
7730
2535
2006
1097
-1521
2424
8168
5626
7367
-3157
-1092
-4471
6571
2146
1535
-582
-193
-2614
-2306
8741
3600
7092
-26
-6658
4845
1881
4821
5667
-3609
-4535
5426
-2789
-1209
2100
-3705
-1144
9019
-9729
5852
-276
8462
-5593
7692
8347
5956
-1164
4880
3835
-8832
-7392
590
4164
8773
4440
819
-2241
6935
-2353
-8411
7688
2775
5511
1258
6880
-2289
-454
8070
-8145
-7416
-6167
875
9876
4435
-1311
-330
-4039
8625
6507
1324
8332
5919
6851
1081
4084
4729
3715
2491
-1330
-4070
-7930
8477
-2017
-9626
-984
1611
8659
5452
4157
9171
836
8816
-6672
-2641
843
3673
4919
2118
4380
-7090
-13
7824
3683
-3169
1319
-1209
7950
-8044
-5509
-1119
-2863
-3805
1242
5939
-995
-8976
-730
826
501
298
8851
8584
-4113
-4555
6171
8997
-6012
-8824
-7845
1149
1290
-849
8274
4575
-1945
4337
1330
-985
3264
-9220
-9509
4249
-1272
5960
423
-6216
2979
2713
4204
-6707
7073
4407
-2385
-1426
-1559
-6501
-2039
9719
-2038
6183
1721
3096
5726
4629
-210
-9555
-2047
9545
-3152
7962
-8460
5245
-8358
5057
-648
-7508
-6023
6831
6004
6624
-3463
6071
8183
7160
-7829
4253
-7230
8773
3507
-450
7120
-4113
5464
5871
2872
-1915
4350
5089
-3234
9333
-3320
-6354
530
-495
-4112
-2806
-77
5958
707
-2408
4210
3110
-9015
-3068
-2389
2803
-8138
2916
2466
-86
1750
-2881
-467
-2397
-381
-5014
7787
-2773
-4698
-8049
-5165
-9772
-1047
7932
-4002
-5387
4397
1945
-382
9832
8122
4348
-4434
869
1209
-4073
1762
-595
-2043
-8399
2699
9195
2895
3241
9337
-3206
6518
-5775
5348
6725
3423
4640
5809
94
3725
6448
1134
2916
4163
-5399
-6608
4718
-2796
5925
-6859
9950
-7856
5068
-7163
-3498
9593
-5138
7155
1095
6552
-8645
-8554
-3785
-5420
-6906
-2366
9936
4168
7632
-9790
-7241
-8514
7918
-7359
-9218
8178
-2181
-5570
3012
-3423
-7104
6438
-4473
-2193
333
6644
-9137
284
-4532
-3331
-8088
-1987
4717
-404
-3398
8058
-6581
3421
-7703
-1893
-4965
5774
2982
1817
-753
8457
-7827
-1145
-1614
-2572
2393
-6392
-4354
-618
728
-8160
-6589
-8560
8519
3328
-2662
-1596
1061
7046
1983
3292
3622
6345
9044
-3713
-1552
-310
8690
-7137
8007
-3692
-178
-3349
-3798
5722
7316
-607
310
2011
-2018
7062
4711
-7811
4753
-322
9380
2047
-3818
-3824
4727
-9069
-9864
1541
-4915
-2238
-3271
-9354
5836
-1315
582
465
-9081
-2037
4763
6629
3501
-51
-842
-3708
9773
7213
3337
4701
2464
4048
-6114
-8035
2814
-5955
-9060
-550
9157
2053
6037
-5116
-1387
1416
2543
-2017
-9342
-3819
-7078
-6819
3686
8646
-5535
7346
-5051
6425
-4633
-4003
8219
6061
-2224
-6489
4195
3550
-2937
-3718
-9747
-7470
-8139
-2632
-6684
4086
2435
-4970
-871
3401
-7402
-6740
-3382
-1386
57
9870
-965
5134
-9973
-2236
-7384
-5220
-5660
2402
1444
1684
-183
7997
1858
-8506
-3203
5761
8439
-3115
-3066
9173
5665
-6933
9427
-8450
4175
8483
6530
9535
-2857
6758
2435
8612
-7735
-452
2009
5940
-8882
4566
8361
-3821
2409
-1622
7795
-4671
7470
6962
8091
7908
-6438
-6594
-9324
2808
1078
1325
-1362
-283
-8506
-9958
6971
-9845
2495
-9279
-1401
1954
2254
8360
2604
1435
-2102
2739
-7956
245
-5734
2207
1807
7219
4102
-4679
-7882
-1403
5631
7528
3971
618
-492
-2297
-7073
1587
1357
781
-3314
2283
2429
-9442
5342
-6756
2305
-5121
-8168
-9186
3730
-104
-394
9664
-1010
4707
-7199
684
-457
-728
-4547
-6562
-5477
-3271
3247
-972
2550
-1603
4199
9379
-2894
5639
5587
-4071
-6526
-9207
1177
-145
-8026
6269
9417
-3247
-2395
2790
-7360
2224
806
-3454
-7462
-1606
2758
7995
6525
2142
1435
-6988
1343
3316
7279
6305
8657
-2605
7735
-2542
-3814
-4959
4977
4160
-5239
-8189
2468
1603
8999
-4405
-3612
8101
8826
-9802
9353
5682
4545
5566
-7337
-4961
6745
-8155
-2803
-3775
721
-263
5552
-4726
-9747
926
-3127
-2891
-9599
7936
-2663
9017
6193
-9239
6312
1541
-9736
-284
-5389
7726
9855
1777
3027
3806
9898
3767
4180
763
-8771
-1554
3815
-8737
8283
7517
-4892
-7610
5724
-8968
2711
4381
-2336
-5365
-5749
-7108
-942
7482
-6416
912
6894
-9482
6016
-9931
-3234
-3687
9592
2307
2274
6715
5275
-4229
3002
-326
3060
-181
7822
-6376
-1801
-9041
-1936
-8705
1221
8965
1026
-8275
-4964
9578
7561
-5555
5285
-5740
-5446
-1728
533
-6181
-8450
-1403
-1838
9182
-8782
-2373
-4449
-1768
3260
-6500
-3298
-1619
-7043
-3296
-9406
1024
3248
-9268
401
3091
8993
9760
-4333
3226
7027
-9955
-83
-7493
660
-763
575
-7262
1294
-7978
-64
-7903
6643
9170
-5206
-2533
6369
3260
-5117
5734
-3872
4897
-4211
6648
4664
9858
-4279
-8075
-8298
9055
-4231
-4181
-2667
2704
-4539
9865
-8272
6316
-3592
7155
9293
7509
-3433
-1585
7333
-4171
6871
2665
-7294
-8362
7337
-7601
2403
1056
-7087
-9283
3072
-6907
-2909
5912
1570
9089
3534
-8485
4835
6725
-5470
-8762
-297
4185
933
115
-4858
7302
6198
-5158
2900
-6450
7193
4379
1375
-2529
-6186
6881
7119
4948
8965
9226
9345
-2365
-1218
-8185
2851
8184
-5543
6000
-7137
5150
-8017
-1365
-7876
2982
-6563
-8339
-6458
2180
8711
-8051
6637
-5217
9941
-748
3795
5000
2354
9159
3127
3094
-6323
1317
7706
6039
2109
-5529
4462
-529
6898
-8180
2371
-9735
6184
7567
-5553
-9949
-9366
816
4539
-4936
3013
-8463
5182
-3862
3135
5341
8159
4374
-7604
4439
9936
-1166
-7468
1477
-918
-9965
-32
-9717
9640
-3077
-4134
-4231
-9509
4603
256
-9820
-3911
-5638
3257
-9929
5263
8123
-6593
-989
-2944
-9686
2785
4200
5403
-3520
-4184
8737
2181
-4798
1050
-5006
-51
-1968
6740
50
6049
-8517
1777
7060
4285
7420
-9442
3902
2694
2830
6945
-2460
-34
-9012
-5117
6704
-9563
5980
2693
1068
-349
4655
-6093
-9115
9876
-1821
-6535
7567
3388
-1771
1106
7506
5427
-2833
-9016
7442
-5159
-7705
8674
3218
4821
2564
224
-8006
2438
7100
2161
-3999
-3509
-5379
6923
-5179
3714
7990
832
-3307
-509
2918
-8560
-9415
-7673
806
219
8651
-3500
-4089
-3466
-199
-6796
2511
4623
-6996
7136
-8694
-8494
1546
-399
7761
4530
8940
7793
8374
1042
-5761
-2064
-7471
791
-8820
2865
-734
7087
-4009
-7203
-8736
-6451
-6500
5834
7503
4368
6665
-4015
-760
6740
-3702
4456
-6850
7499
1487
3211
-9058
6250
-8873
-5029
5517
-1713
9143
-4297
-3445
-2538
-5299
5013
-6905
-8726
1696
6206
-1722
2820
9177
5541
2893
-6961
-5011
-3322
3214
-5042
-8947
7592
-444
4294
-5738
8433
-8030
6243
-1666
-2141
4058
1331
-7541
4531
-776
-4465
3207
-5079
-66
2942
8939
-6475
-7365
-1725
-4227
992
-8141
4464
5598
2019
6363
-6303
-6501
-8046
-939
9363
-3887
-717
2690
-3633
9067
9059
4269
-4431
-3768
9764
-2807
-4164
-1571
6904
2118
-1211
-5715
-8555
3220
9351
1652
3780
-7880
-373
-8161
6428
-2556
-3533
6381
2718
9824
-7854
2715
-1056
-10
6295
-8465
4994
-4538
-9414
137
-9631
4075
-716
-4241
6809
-283
-4659
8636
6954
-6993
7832
7725
7520
-5520
8619
-7765
-8623
3318
5174
-347
667
418
-9542
4094
-6075
-6186
5339
-404
2845
-3999
1402
-8889
8619
8861
974
-7459
2924
7135
-6763
1
-2505
8294
7675
8619
-1256
-1524
-8563
6722
-4725
-1109
-971
9414
-326
2392
-8901
-8148
4649
-6206
-5775
1615
4818
-537
1178
-4845
-5264
-1921
-5552
-7054
558
7968
9502
7738
9868
4901
-9961
-5081
-4151
2574
7101
540
2639
-3362
-5277
-8299
4336
-2171
6332
7695
9767
5738
-6256
6918
-7819
-7622
9840
5096
2162
4738
9859
-313
-6255
-5173
3804
7625
-5449
6635
6781
-9436
8099
9953
-5870
7128
-4687
299
9842
904
2948
-4615
-3910
-1633
2604
-3709
9465
9132
-2263
-3945
-4555
8192
-8479
49
-9363
-9806
7131
9137
3145
-7790
-6378
-4593
-1650
-880
7309
8448
-3668
1449
8107
-4114
-212
4359
2697
3358
-1236
-3401
9661
6821
2836
-9515
8923
-1517
1866
9788
620
6258
4252
4349
-2780
9295
310
6504
3523
385
-1866
-8714
-2673
-7947
1929
-3940
-6005
-5315
-6350
4663
-3920
4388
-5235
3991
-8952
5400
3428
5592
-7458
-8991
-9126
-8326
5232
4445
-4860
372
446
6788
-3665
5646
6311
2897
-7121
1720
734
1993
7828
-7138
7353
-5502
5034
1609
-5355
1353
-7615
7325
8029
-1642
7370
8862
9909
-3628
-3186
2985
-499
-3248
-6610
-3327
-2107
-1400
-7306
-9401
-7079
1220
-4887
260
3708
-2823
9682
-8333
2645
-8300
5336
-5414
7772
5848
5917
232
-9519
-4747
8080
6850
6831
-3205
-1859
270
9460
3932
-9280
-1710
-8476
4065
6033
8654
-9310
9472
8433
2442
2577
6672
-7490
6232
-1448
6670
-9329
-6292
3359
5476
3042
2145
-901
6417
4667
7634
2900
-6243
5579
2670
-155
-9889
3752
-4716
891
-6620
4696
-1207
-7803
-8908
7943
807
-6221
-9908
7287
819
-2413
8031
-6700
2938
-1552
-3541
-9702
7269
-7906
-3833
8779
797
7218
-5606
115
-508
-5563
5972
1067
4962
-387
-9657
7172
2061
-6229
3557
9168
-7078
3190
5088
3691
4911
-4351
1556
187
-2185
3101
-1591
-3130
-1897
446
-6682
7401
8997
-5276
4724
-8849
8993
6775
3473
9050
2514
-7173
5783
3263
1715
7909
2712
-9100
-8333
3621
-3862
-1218
-1198
3695
-4511
1313
6368
-2624
-4408
-2767
-7533
1016
8258
4656
5369
-3031
-6973
8463
-7042
7733
-1273
5237
5962
4478
-3591
2794
8410
-4117
-9892
6346
8890
-4913
-3834
5449
6745
9520
301
-6462
351
9847
-3657
-1076
-5523
-4925
-4168
-2441
8702
-7869
-5458
2588
-2310
1859
3355
-1453
-5522
-2028
-7598
-7939
-2033
-3791
3622
-5928
1520
5985
5927
-6219
8316
3715
9181
-1916
-8907
3482
7723
-4227
202
-7983
-2443
5510
-2482
-771
5055
2028
8975
634
8207
9544
-1783
9463
-7086
-6008
-7473
-1633
1839
-3696
-7917
8100
-9687
-9693
-6662
9067
9086
-5301
-6109
-7807
6378
-2592
1304
3604
9813
-254
9660
6207
-4979
4958
6518
-9871
-8969
3820
-8287
-8268
372
-4349
3652
5778
-7744
996
2304
4611
5068
2321
6579
7880
6908
-6369
-7213
2508
-6029
2613
8164
7715
-5491
5162
308
-557
-1999
-490
4692
-3671
8876
-8257
3422
-637
2742
8179
-5794
-6852
7465
4620
3772
-9967
-4381
-3667
-7026
-3392
583
1336
8045
4339
7418
9978
5125
-3863
-7324
6121
-472
-3223
-4162
-2938
-5907
-8138
-8386
-4572
-335
-3657
5092
8312
-5901
-524
-7763
6854
-6333
-7172
-9742
-2869
5950
-1242
1649
-4634
6312
-8891
2453
-9225
3442
2882
5317
4870
-9062
-5856
7863
7182
5907
4901
5769
8366
-5453
-6105
2936
-5663
8456
6894
9980
3665
1052
-9604
-1631
2903
-8748
1451
-8870
-5745
-1524
-4518
2535
-2900
8921
-3130
8419
-6244
673
-7915
-1747
886
940
-6280
-119
-9303
3953
-2942
7192
-8754
7883
8593
8474
-6089
-8637
-1785
6993
7986
1664
-7467
-6420
4024
-3111
5593
3731
-2775
2099
6137
1413
-1643
7074
-8185
-5941
-1765
8751
3349
-4133
-658
-7013
-135
6040
4221
-5330
-5579
-3009
2515
-5249
9399
4447
7174
2578
330
5872
6393
516
8839
2978
-5804
-4515
969
-8001
-8146
-9166
-9367
-4331
-2106
2772
3381
679
-1133
-225
-4609
-6339
-153
5261
-553
-9016
5401
2222
3280
-7109
4288
-5506
-1049
5291
-7251
-5298
4126
-2291
-356
-2874
373
-9490
-6893
-988
5734
5140
-3278
-6659
-2759
224
-7991
-6663
1207
2328
-5203
-6037
6135
2758
-9369
-8117
4913
-6894
-4296
-5799
6496
6059
-6486
1044
6942
4114
602
5784
5309
-3739
-3886
3467
-920
-7373
1863
-7560
-3555
-6995
-7897
9735
5411
-7343
-4126
1951
3849
7533
-7318
894
-847
9690
-1630
3259
-1120
-1281
-9834
-5428
-3652
7965
-7796
-5581
-9303
-9606
6535
-8449
3996
-5958
-8607
-9921
559
-7904
5376
-2663
5998
-1922
-1915
-23
3238
-4433
6671
9364
-5313
5159
-8536
-7800
-8506
5364
-5588
-2738
3535
-2824
-3588
-9221
-546
-738
-9542
8787
8219
9913
-7225
9984
1571
-8682
9052
707
-3156
3834
-7884
-2408
-5629
-8253
5436
9974
-9386
-5277
2311
1271
-4571
-6080
1502
-9585
-6526
-3291
-9562
-5991
-7151
-9564
3682
-8533
1858
-3295
8230
-6659
-5519
-9839
-716
-5983
2007
1165
5801
-1446
-6963
4229
-3628
-3768
1719
9967
8712
6293
7352
4653
-360
1514
6919
2105
689
8902
9986
1137
6927
-5071
-5109
-6294
2537
-1919
2642
4487
-2073
-8861
9981
6110
-8380
-2426
842
-8553
-8229
7143
6335
7055
-6801
-5456
388
2291
2621
-2107
5538
-5100
-5820
2714
795
4525
-3058
5143
8122
-6409
-8798
9565
9288
-5753
-317
4341
-8904
7124
-981
-3680
-1068
1346
-6545
8276
-6263
-1296
-2140
2302
6121
9078
-8838
3393
7418
-4145
41
469
-3353
-4590
2091
-4167
7876
-8751
-6018
3183
7819
-4800
-3878
9669
8760
3518
8004
4593
-3579
9317
5195
7878
2139
-5432
6242
6618
2243
-9768
6077
-6623
3205
5833
-3936
7938
-7266
-777
8004
1152
-9262
-8025
-8923
2515
-9029
-5976
9956
5088
-104
544
-3527
-3933
9100
6930
5112
9746
-3441
3980
-3925
3322
6796
-5622
-4465
-9356
-8032
-3941
2513
-8312
9360
-8684
8774
-9460
-9825
-8856
-9241
-408
-5532
-3017
-2915
8301
3299
-5928
3445
5324
-2845
-4240
4853
1167
-7985
-8223
-9090
4095
-1755
3554
4727
-142
5927
-1938
-9022
6791
5913
-4779
-6151
8634
-9106
5394
-1614
5325
5653
3542
5644
-9824
4924
3828
9208
-2316
-6820
6399
-4334
3655
-5090
5022
-1461
-481
-535
-9235
6408
3329
-6052
1807
2488
-722
188
2884
3296
-8459
-5906
-4635
2843
-917
-7467
5914
-7268
5024
4235
2204
9577
630
2316
6681
-196
5439
-7649
-3869
-5116
-7941
-8307
-2973
-9459
-1112
6948
-2999
3258
7931
-3346
-8115
4180
7788
-109
9465
8386
7311
1459
-6464
8679
472
-3617
40
3820
-8444
2693
-3080
4981
3579
-3496
6100
514
5757
-2330
3256
-9159
8167
-4351
-1684
-4893
-2846
-2903
-9988
-4943
1990
-8323
-9184
-6251
-4701
2957
-9904
9819
5756
6991
8683
-7432
6661
-1070
-4954
-8720
8805
-7008
-2782
-5621
-3433
9152
7895
-253
9275
7176
-1345
-4705
6471
-891
8230
6336
3514
-2171
-7957
-4095
2601
4566
4328
-1765
240
1884
1747
1635
7217
8025
2919
-6290
-8378
-364
-3298
7664
-2250
8892
-7205
-7728
5911
9312
-9898
-4245
6127
1271
5213
8293
7654
929
-19
-6400
4790
4060
9803
-4910
26
-5180
8510
2916
-4920
255
9852
1684
-5558
-2019
-5287
-209
5244
-3631
-2432
6417
6991
9785
4656
6356
3438
3435
9580
-8254
6959
-7983
7263
-9356
5041
3223
3454
8346
6887
-122
1650
34
-6897
-8924
427
-6596
2579
5434
8880
8506
-5984
7951
2674
4070
-9584
-1765
-8949
-1105
-9806
-7717
4580
-380
-1014
545
-5423
-7842
8519
130
9905
-3802
-1495
-5053
4559
8094
6700
-6211
-8298
-6361
-7480
-8148
9840
-2300
5503
-438
-8134
5271
-3511
-1004
6621
926
-8805
-7090
-8976
8028
-2024
3664
1715
9628
473
-9718
-9702
7850
-5978
4351
-8531
6210
-6786
7601
-3045
4128
-6557
-9402
-9492
-3212
8723
-9126
1981
-4170
-5588
495
-5591
-6679
7660
4233
-1792
3030
6295
1969
9416
1597
-8660
518
-9167
8042
774
4810
5469
9230
7080
-7258
329
-2286
-4953
-6578
-9759
-6129
-7068
-8165
-1927
-6694
-3299
-9502
2392
8936
5304
7335
3997
1952
-4243
7279
-6745
-4158
917
2935
2650
-1643
4827
-488
9840
-4362
-4711
3513
-1845
-9330
2247
9019
4087
5203
2423
1182
-5250
1687
8413
-8666
-2720
2445
-1795
9318
6617
1345
5499
1963
4274
-2307
-9965
3994
3399
-2745
-1413
8474
-5493
1271
57
221
-3764
2436
-2477
2703
-6124
768
-3385
-7156
3365
6131
2693
6525
-8302
-2258
-2675
5441
-3152
1565
-2717
-5442
4820
1124
-5443
-4685
-969
6300
500
-4023
1779
-8814
9094
-5760
-3817
1619
-574
2652
-3441
6930
-1935
-213
8374
-1107
3628
9509
-469
9738
-8982
5286
1348
7520
1707
-7717
733
-5342
9309
-9560
7563
1222
-5
-6180
4283
-5030
-4734
5727
5841
-8784
9951
-7193
-5361
-1237
-932
8202
8061
-1563
3026
-649
9890
4301
-1582
-3579
-2273
-164
-7014
-6909
2676
-816
-6490
7432
3351
4708
-5942
1315
-1
-97
4997
1187
287
4538
-7051
-1198
-2190
-2567
3047
-337
3718
252
-9697
-6279
-2255
5844
-1956
7839
-4460
-3504
9314
-1815
-6189
6852
3713
-9629
-3784
5188
7773
-6665
-8479
7833
5173
-6724
-6093
-9180
8375
-6815
6695
7164
3212
9862
208
-9495
-8445
2940
-4898
-6955
-672
-2257
-7483
-8164
-772
9859
-1871
8470
3501
-2688
1594
-2079
1478
-6138
4621
1466
2111
-5153
-7745
1119
-9338
5402
6741
4135
9356
3001
-588
2064
-2834
7674
-766
5888
9050
778
-1927
8833
-1367
1631
666
-4110
-3100
9680
3865
7068
-2513
6810
-386
5721
3581
2194
-2901
5341
-308
5949
5455
-569
2394
9422
-2933
-7613
-1358
8715
2913
4579
4427
-1735
5985
-9465
-4821
-6343
3319
-3962
-1173
1255
-2790
-1798
-2002
-4307
-787
2297
-1814
-2596
-7585
-4098
2596
-7810
8683
5031
-5202
-8937
-9076
5771
7629
2821
-7507
5233
6648
4417
84
-9869
3189
7437
-8948
-250
8986
-3567
-4276
-5078
4336
-776
9959
7239
2530
5877
4541
1779
-3645
-1396
7429
-2966
6062
7968
1643
931
-1339
-3033
7443
761
8113
-5932
9429
-3719
-7800
-866
-1556
9141
-9325
-9401
3555
967
-2077
9190
3174
2806
4993
-1124
-6562
8801
2731
-2231
7107
-7007
1369
-242
9433
-1232
-4514
-2932
5945
1099
-5236
-6834
-6545
-480
-32
2643
-6012
8242
-9682
-9561
-5516
7253
-2958
-137
5000
-7192
-7230
-8329
5352
7723
6262
-2860
2725
1187
2074
338
-6324
-5468
-3069
1265
3531
6151
3156
9441
8520
2717
7484
-1538
-7290
9690
-1381
4685
1804
-9108
2033
4282
-6277
4448
3295
1268
1773
-2076
9602
1732
9779
-176
2201
2273
-7071
-6464
5981
-5706
-259
1067
-1288
-3498
-3533
1427
-8332
7041
-2140
-1730
9305
-5913
7982
3362
3534
-7486
-95
6156
-824
-3990
-7677
7119
-950
-3463
-3726
-1929
4136
4868
1543
-1990
6206
338
-2245
5734
6129
-9626
9702
-9714
470
3996
-6308
4426
558
4676
-4352
-75
-2734
-2639
-8246
9519
8172
5827
-5033
-8953
8435
5455
5546
-4663
-5331
5176
6657
986
1254
6512
-917
-3100
3111
6475
-8605
-7175
9629
-3122
4316
-5601
7146
-6142
-8713
-2462
-3426
9567
393
-2309
-2718
7617
-2383
8763
2014
-8963
7442
822
3571
-7873
9128
-7840
618
4402
-5621
3375
2849
-6805
-9924
-7739
-5139
-8371
-4495
6927
5166
1761
3490
9851
-9732
5545
-1945
9691
7058
-9206
-8753
-4190
4803
3469
-3059
-184
3502
3751
-8835
-2831
-7129
9479
-7585
-1649
2859
9970
-120
6303
-5669
8009
166
-2564
3028
-9736
8909
-4477
-8665
-2305
-2358
4639
8367
9152
5450
2919
4716
1309
-5429
-2908
5026
-6314
-9349
4368
7283
-3442
-762
-4763
-6508
-365
-7356
-2426
4540
-8873
-9056
-4541
9384
740
8709
-1471
-7078
-892
7762
-8081
-7484
-1414
990
-2911
6277
-2765
-7741
390
3804
-1590
-965
-437
-1388
2805
7863
4189
-5177
2476
-2266
5186
3832
-5496
3976
-3481
-7563
-8859
-8829
-1755
7934
6032
-7739
-829
-2287
5069
1163
1835
-1180
-2651
-4724
-317
-2912
5114
4320
289
-6949
-1900
-4452
-7922
-7204
6029
8716
9099
9305
1035
-6739
-7307
7725
-4783
-4792
-8028
7372
-94
5291
7261
-2769
-9
2389
9414
-4891
-9601
7294
79
173
-2212
-6886
-7100
9059
-8603
-5924
4577
-9540
2644
42
-5790
-4280
-2991
-7788
9279
9807
6050
-4052
-6973
-8671
3861
2840
9892
-7325
4253
1435
-9721
3490
4970
-1456
9802
-3710
8261
-438
-8060
7704
-5284
2219
-6735
8796
390
-4612
8812
-7927
1725
-1100
-6387
927
-1518
-5276
-5820
-716
-4678
8801
6277
-8952
-3485
-7502
5613
4195
5943
-9747
1366
-1968
7822
6656
227
-949
-4421
1245
-9839
-9035
8529
-53
-3509
-5658
9879
8048
-7438
-1416
-9565
8943
1238
6371
7405
-1027
9067
-6421
1633
6608
7013
9798
6303
9164
-2747
1599
7091
-337
1346
4735
-2781
7259
-3997
-2728
-3177
-4643
-9361
-9684
-7316
-3831
8375
5670
9448
7666
-2910
-6701
-7651
3249
-6574
-5845
1794
-5082
1860
9601
7574
-1392
8023
-2110
4372
7410
5185
7257
9605
259
1415
-5698
-3725
4397
4787
3017
5054
1463
-7631
-9467
8312
6334
611
-6381
1152
-1222
-6600
6659
6937
8909
8246
-1241
-7931
-3379
3700
-3643
-8713
-8054
7
3645
8585
-4315
3498
-9652
7684
-8415
5207
1
1421
8041
9796
4867
642
-3029
-266
9328
-9589
-9673
845
-6978
-9284
-4675
-2651
3791
-6464
4849
-5854
844
8434
-510
-8354
9972
-6278
509
-3121
3355
3211
3015
3126
2207
-8404
-1791
4682
-1318
2596
-2528
-3283
-7072
-1190
4245
929
-4732
4623
1898
5197
-4900
-7247
9214
5147
-2721
-3652
-2857
412
2538
-9929
3216
-3248
109
-1184
-387
5704
-712
-2375
-2556
7557
6055
691
-27
-2229
131
9308
560
-2166
4916
-2086
2151
9164
7947
-6969
-6137
9908
9078
9530
6366
5260
-9191
8136
4435
4998
4614
-6166
-1600
-1225
-3229
6226
3776
-7009
471
-6496
7788
-287
-6228
1438
2442
7947
7462
6905
3778
-772
5444
8181
2753
-1022
-3332
8711
7321
-9356
9237
2829
5923
-2759
-7677
2902
-7037
9326
-2655
7965
403
-1190
-6324
-9385
1400
4382
-2044
3737
2141
3770
-4975
-1873
9635
-6058
9594
-3632
4752
-5679
-91
-1671
-1773
-5786
-3891
6352
-3018
9309
-8778
2009
-3684
-6513
5355
7070
-6738
8349
-2201
-1620
-5833
2001
-2689
-6910
5100
3663
-3162
-4204
2630
-6256
-6581
9344
1636
-9138
5622
9737
5796
7962
2144
4364
-3431
6197
-6972
7263
-3780
-4118
4669
7529
-6227
-639
408
-6282
-7030
-3576
-8429
-9729
-3970
-9640
-7467
-6232
4679
-5693
4993
2159
-3432
7562
7389
1404
-1188
6664
-7195
-6186
-3408
-8090
-7189
4158
7838
6706
-4801
9788
-1520
-5657
5987
-587
7795
743
-5702
-9611
-296
-3915
-1195
8671
-6792
-389
7727
-369
304
-1936
8355
9514
-6682
-2190
-2136
-8632
6931
-6104
3213
3070
2810
-9394
-6095
611
-289
-9891
-7408
872
8990
9357
1929
-3601
-816
7116
5214
5508
-8775
-5266
-60
-1991
2014
9691
-6715
-4182
-6051
6094
2935
-2215
3179
1483
-4686
-6625
-3993
-9122
-4634
441
-8730
82
1976
-9857
-9629
1896
-5252
-375
-2175
9270
5185
4406
-5862
-5993
-8427
2671
-6933
7565
-8329
-5404
-9815
-2848
547
1697
8506
-5274
2873
-6521
5297
-1169
-2163
7083
-9902
-5537
4725
1236
8850
9911
-8817
-5620
7389
-2286
1701
8177
-6856
8236
-1581
4358
2208
5085
6982
-8167
8686
-6884
4896
-8526
2
-3562
-7750
-9052
-4949
3188
-849
-4401
6254
1406
9589
-9968
-1361
-8167
-5345
-9569
-3048
-7542
4395
75
-8025
-6484
-4982
-5442
-7181
8259
7122
6530
9795
-5512
8063
-2385
7600
-7630
-1102
5151
-5915
-3713
-3764
-8359
1199
-4828
-4247
2041
-6962
-1220
-4491
-4995
8329
2361
-9399
-9301
-3512
1298
-5690
6423
8681
-3129
-9672
2335
9659
-1610
6769
9589
-694
3529
854
-7770
-7986
6232
-9055
576
8276
4203
8289
9511
7138
8370
-2532
2677
7139
-7273
7441
1600
6603
-4392
9970
4107
9097
543
-8459
919
3929
-2214
3431
9460
3648
-9064
3129
-7538
-7783
-7492
-4589
-471
4956
-3330
5892
-9185
-6548
3140
2491
-7149
9859
-1409
-460
-3297
1598
269
4862
5452
-9557
-208
1324
4321
-4866
-7416
-1183
-2431
223
9005
2600
7385
-5251
9037
1725
-6214
648
8747
3462
-6433
4970
-5387
-7676
793
6094
-9044
6783
8897
-1625
-5872
-9524
6909
-263
7187
8814
-7072
2434
1272
-6908
1837
-9071
-7390
-8148
7675
8423
9639
-8442
-5573
-3372
610
5760
2645
7974
-8643
8531
2156
-9669
5944
-3360
-5727
5602
-6107
4467
8587
7421
636
-8728
-9738
-5043
1608
5161
7903
4872
4511
4251
9920
-694
2865
-2125
-9679
-2930
-3825
-2226
-5642
-6539
-5105
-9153
-4020
-9669
-3708
7640
3311
5095
-7328
5159
8608
-6959
8660
6421
6243
-4097
532
6321
-888
4
615
-8268
6476
-7323
956
641
-323
575
6558
6459
638
-4576
-5073
-6090
8168
-2003
-7215
1937
-334
-5219
7237
-677
8774
8630
53
-1850
3510
-4502
9788
8002
4204
4707
-2917
-131
-6365
1222
5418
2490
271
-1004
-650
1872
-9841
1837
7170
8152
2891
6686
-6894
6175
3880
-9939
-5285
-4822
1358
-4611
-3054
-9581
6926
-6235
-4548
-5087
7101
-2649
7555
-4093
-4827
-1068
7762
5831
2233
6429
5736
-9884
6822
2209
3536
-4679
7237
-2901
-6119
2350
-9542
3911
-7869
1535
9647
-885
8248
-6018
8485
3746
2637
-7505
-6257
-4525
2676
-2894
-4204
3221
-2775
6194
3003
-6094
3126
399
-4219
3127
-4487
-7776
-8556
-4571
9990
7678
8184
436
1074
5408
-2209
-8002
8763
-3031
9158
-1876
-4470
-947
3970
5226
-955
4617
-2868
9107
-1299
6273
189
6492
801
5686
-7759
8232
7080
1468
-2029
2506
-9286
-7069
-355
4634
2984
267
-4889
5894
-6225
-5039
-5443
-3775
-3599
436
-2868
8032
-1085
-7780
1465
9031
5583
3126
2217
4155
-5934
-1437
-616
2977
-7724
-1888
2208
-2951
9318
873
7774
5728
8159
-8052
-4858
9874
-2283
-9951
-9140
-1982
8344
8057
-4698
8787
-1588
-1867
-353
1432
-4087
-446
2004
-1190
-8635
-6955
6109
8927
5344
-6732
7893
-922
-9737
2661
1258
-4964
2785
-3217
-4207
1587
8266
3006
3989
2890
5748
1507
-8371
-6976
-7562
7380
-6928
-6620
-8848
1924
-9748
-1053
-5061
6248
3305
-1198
2192
4955
2057
-6607
-6179
-430
8463
-9712
1218
704
1308
7634
6008
8774
6485
6503
-4225
-4252
-8946
7649
3274
5741
6274
5251
-3006
-232
-2202
3955
-6986
426
6990
-2614
-5889
8383
5705
-5004
-439
4073
-4990
-6974
-5605
-2824
9913
-2010
8887
-4469
2554
660
4984
-1898
-5250
-4275
9416
-33
2201
-5837
7221
9627
7311
9953
-7872
338
-3929
-4489
1899
9058
9750
2090
9155
-7152
-6079
8696
-9655
-9777
4123
9011
2907
-943
-616
8061
-7424
7078
5861
642
7474
-777
-7231
6982
8201
7564
3478
4819
5239
5350
-6290
3908
-1926
68
-1087
3925
1735
-4715
8550
-6765
-2681
-144
-8609
3123
2832
9588
8205
-6479
-1539
-5536
-1137
-4899
497
6552
2393
-3553
4441
311
-6930
-9501
-4333
-5858
-3408
7113
8759
-5054
8605
-9844
-6617
2225
132
9601
2351
8089
-8945
-139
-3718
5355
4496
9869
2765
1983
-3856
174
2450
5701
-1548
1564
4835
-2063
-9469
-588
-756
-2611
-2310
-3390
-4007
-7805
-6741
4486
8446
-6503
5526
4303
5000
-3813
4278
3460
-6410
6346
9142
-2801
1965
1394
2869
-2423
313
9287
-3281
5308
-6818
-9271
-6198
-1163
7873
-1002
4010
-585
1800
5941
-1196
-5242
-4131
5592
7721
-9969
6492
-3655
4908
3932
-2980
-2410
610
-6610
3621
-6
8294
-2954
8585
7702
7556
8479
7247
-7520
-181
-9348
9328
3718
-1007
8873
-7398
775
144
4159
-5250
5642
-8600
4287
-1844
-3481
6976
-2065
-8473
-3863
9030
-855
2712
-7314
6555
-8
-3506
4213
2903
1203
-3039
-3955
-3359
3275
-8674
-4316
-6386
-1161
1331
-2214
5293
-4643
-2160
-7876
-6263
-8947
1054
-7711
-5702
7034
9156
-6394
3017
-667
-1371
-5268
9657
2268
8698
-4245
-6658
-9915
8488
5848
-531
4808
4448
1581
5296
1386
1657
-6833
6554
-2972
-3660
-5508
-8420
9511
2343
9737
-2287
-2011
3340
308
-6776
-4761
648
3454
-4197
1102
9861
-9707
-5389
3008
-7095
4771
2160
-7759
666
3884
-8421
6656
7156
-6037
496
-6285
3552
6638
-2730
2456
9436
8292
9357
9494
-1081
-950
-2052
5974
1628
-3013
4755
-1238
2080
1592
1849
-746
-8912
-6223
5612
8777
-7134
-2059
-7303
-3613
965
2542
-428
-9361
3204
-23
-7601
988
-6830
2775
9467
-3424
-483
169
-8394
-6164
4637
8508
2209
5603
-8200
6598
6683
-3615
-5278
-7379
393
8037
-3687
-3436
-7938
6290
216
-620
-2466
3735
-8365
5733
-1747
83
-5238
1382
-3673
7826
3353
-7262
7956
7449
-6769
-9768
-4350
-6461
-397
4632
-2419
9043
-6871
-9512
6862
-3359
726
-863
-577
5004
-2741
-7720
5955
4475
2905
1127
7191
2347
-5728
-9293
5069
-8405
1205
-478
-7960
4490
5064
3096
-2749
-1491
2455
-5289
5690
-1140
6843
-9883
6143
1279
2472
368
625
-907
1599
-294
6211
9248
-8497
5857
843
5484
-7269
1141
-8316
7458
4721
-5885
7449
9529
-8688
-9849
474
4711
5107
2447
6963
6760
9394
3207
4931
-5075
-5940
4556
-5202
-5344
8901
-6613
-6135
-8243
2131
6844
-4137
8284
-7164
-9000
1452
4192
838
5244
2576
9885
155
-6611
3037
4646
-2315
-5397
-5565
-1003
4095
7608
4243
5510
6956
3507
-568
-9351
1852
7491
-6851
9852
-8530
-6427
6634
-5372
9153
-9619
3293
7167
267
-1277
1477
-9815
2985
-5761
6933
-5900
-115
-8198
-1710
-9470
9285
-6833
-5178
8181
-5559
-8637
-5330
-3475
9131
3886
-8247
9974
1517
-1017
9862
4601
3541
-1110
2924
4016
131
-6325
3469
2746
4848
-6549
-1460
3719
-4912
4729
8425
-4659
5002
-53
-4599
-1953
9848
8563
-628
-14
8362
2922
2226
3726
-5767
9183
6924
-9886
8826
-497
-7551
7740
-2846
-7293
-8138
7125
564
-935
4632
-5522
763
2215
6874
-3876
-4110
210
-9766
2947
-1756
-1696
-2015
124
-2799
8957
-2490
4370
-1741
-9066
5105
-4855
2510
263
4044
-2858
5590
3489
-9454
7046
-4354
-3304
-1128
5148
-353
834
-9297
-3386
-2369
-8720
-1344
8982
-1484
4615
-235
1597
-8119
6433
8368
-1822
2283
-7520
2743
1592
4991
-5938
7098
812
8102
192
9839
-4472
4022
5146
5326
-665
-9770
373
9694
5455
581
5672
4453
9053
4175
-8298
-1993
7128
714
9751
8780
7505
-239
-7844
-4438
-3969
640
7114
9443
-7662
-4316
6949
-9834
8310
8400
-4454
-9352
7911
2981
3836
-6795
6954
4104
-9578
-6993
-4926
4521
3424
-8665
-9310
7281
-4145
4505
5280
2720
-2953
1297
1879
2564
7493
-7389
1746
889
-215
-2441
-1031
-5230
4735
-377
-977
-7139
6745
4872
-3591
-297
1510
6742
-1697
-2536
9612
-5233
-4176
8362
8728
-3109
8139
7433
-2719
-285
-2198
2615
-9903
5611
9748
-3648
-4201
9627
-4101
-2656
-9601
4954
1377
-2022
-4836
-3880
8184
-416
8395
4719
-7210
-7287
3843
885
-5423
-7184
7621
3308
9147
4063
6175
-3892
-6933
-5167
7996
-4501
-2812
-5124
7291
-9882
8152
-520
3745
-6558
7519
-6020
4920
-3641
-6588
4589
-6252
-6970
-3882
13
3464
7085
4928
686
-3283
-5008
-8826
8642
-4103
-8576
5128
-4016
4397
9007
1131
-2359
5748
-281
-928
-1332
514
-1290
9826
-4953
8746
-5247
9323
-9956
7703
4605
9888
-5355
-2177
1877
-9328
680
-8581
5192
7010
2861
4820
-1139
-1323
-4227
6254
-2806
-837
3942
458
3926
-1512
9057
834
-4940
-9251
-7062
8443
-5957
-1036
-4055
-9340
-6324
5967
-1541
9907
-6830
-8159
-1280
-1526
-4282
7325
7381
6001
2890
4628
-3007
2441
-6849
-8559
-7588
-1998
-2139
-3163
7252
-4198
7140
6180
3642
1227
-8091
4811
2994
1953
2142
2143
-6970
-73
-4093
3327
-9851
-5549
1430
-3919
4051
7301
1630
1926
-1592
-6019
-4268
9684
5610
1731
6721
7665
2729
-855
7419
5195
-4771
8263
9932
5498
-9727
3923
5884
1287
5222
2395
-6195
5948
2914
-9128
-1637
4974
3521
-3933
7368
1866
6581
5413
-3449
-1573
8484
-4544
-8513
-9802
2491
6593
5514
-5882
-9077
-2266
1547
4364
-4517
-5654
5202
669
587
4728
2930
2728
-6971
-8161
-6374
-4787
-76
4381
-4978
-5712
8201
-4766
-3104
9240
-354
-4622
5540
5943
4706
5007
4718
6624
-2005
-1615
188
-6347
7470
-6503
5201
2029
-2289
-5153
827
-3195
511
-8792
944
-5451
-188
-3003
7620
-8787
-4764
-5148
-646
-8204
-935
3672
2352
-6663
-7492
-5108
-9135
1905
5746
-4533
-1774
6804
-601
-8968
-2970
-7568
9213
4127
4622
448
7269
3460
5169
-8316
-3109
-8526
3389
-3576
77
4179
459
-9933
-8006
5064
6092
-9095
2238
-4950
-3100
4844
-6033
-9833
8198
-2874
2819
-8993
7312
-9901
8156
2987
-7268
-4322
-5462
4827
6265
3430
2825
5586
-1970
2845
5413
5806
875
5082
1532
-8619
-4904
-558
8213
6166
3217
-6270
-337
7744
8387
-7538
-8978
-7855
6151
-5156
6393
3182
9797
7314
-5563
-5418
8132
-5011
6849
8053
9654
2506
-1297
6574
-4741
8798
3039
-7113
-8938
8540
9896
-5648
-5570
-8440
6451
-9236
8370
2182
791
-4441
-7550
9329
5101
7677
-6160
8060
-2952
-4582
1748
3779
8709
2719
4493
5806
-4924
4238
-9897
7719
-3009
612
-6161
9764
3925
8072
-8316
-1967
-5463
9283
-8680
5497
9355
-8495
-4096
-9770
-1463
7489
2746
-2185
-700
4937
-6410
-6384
-1358
-3864
-7818
-120
-1259
1628
-8465
-7683
4678
-9121
-4234
-3115
2400
-9586
-1899
2674
5228
8894
4042
-66
5813
-5121
7509
88
893
5273
6408
2670
8385
-2142
1505
-2588
1670
6934
-6392
8317
1633
-6063
-6932
209
9102
3464
4065
3009
5850
-61
6452
2518
7926
6767
300
-4312
-155
-9336
1846
-2531
7341
-9211
3518
4409
9057
-5589
-3692
-2311
557
-5034
-4496
7551
-965
-8083
8179
4939
8871
-9265
-7311
2435
4550
937
-8796
-1200
-5009
4865
8483
-1143
1753
1499
-2823
-7057
1075
-849
-1371
8894
7344
8116
4033
-2386
4438
1723
-3885
-9322
-8076
6141
-7727
-6610
9991
-6281
-450
-7287
-8366
332
5657
3319
1481
-998
-810
-6228
7975
-5567
-8316
6343
6673
7472
1859
8593
-2651
-8900
1226
292
1069
3354
3441
6991
4686
1807
9200
6417
-4315
-2826
-1060
6521
6501
-7448
-1418
6400
555
6052
7856
-5450
6251
-7799
5007
-5518
-8436
9623
-2361
6796
-7671
8399
3967
4880
8628
-354
3799
-228
-2575
-3650
-5566
6957
5138
-9097
167
-256
-7458
1610
9766
9226
2165
-2197
6670
-7253
1236
-9336
-1478
-9755
-1261
293
4044
8998
-9559
-1254
-5954
-1746
3083
-3295
-609
-7684
9968
2297
-1035
-1047
-7341
0
-8497
1226
6316
7276
4654
8948
2500
-4343
-7867
-8748
-8951
9905
-3638
6702
-2180
-5497
9946
-5365
942
736
3591
6096
-8439
938
-6419
-3533
-1286
9421
2882
-2798
6710
-940
-6939
1612
3066
2815
6840
2510
-5901
-5236
5363
7083
9826
-109
4731
-606
-9158
2168
6495
1768
7631
1436
-707
-7379
-3000
845
2162
6883
-3591
7637
5986
1187
-4857
8414
-5858
630
6486
-3674
5733
-3524
-6980
-1690
-3274
-8886
-3975
4875
5607
3537
-8075
-1109
2715
-9395
8503
8973
-6926
5882
4534
-7735
490
424
6233
506
-2647
4353
4223
-2524
2188
-4148
8406
-7466
-6504
-8623
-754
7545
6463
-473
8409
2527
-6752
-551
580
5682
6150
-8357
6920
7883
-4117
-259
2959
-6332
-9929
3254
-1781
-3575
9171
-3302
-3108
4250
2058
7354
-8800
6778
-8292
9890
3246
-8997
-584
8842
9684
3505
-6603
-3476
2549
-6908
-2740
179
-6294
-8001
196
327
9411
-1406
6073
3970
-7800
-4564
-3786
3561
-1345
4747
4699
6646
-6734
-9200
8203
3248
3377
393
6116
-4307
-7471
170
-444
7026
3534
-2792
-7991
-6909
7747
-7278
-6347
7704
948
4551
9248
5140
-360
-4474
-8865
-7170
-7695
-4397
5624
1016
7105
5290
5564
-1976
3865
3081
-2418
-816
-8378
5694
2270
9290
4760
5174
6077
-3715
6388
3114
-1687
9948
7476
-4175
2416
4959
-5729
-9423
7013
-8137
9869
-3146
-230
-6365
-7837
-1315
6410
-593
7048
-9662
5718
1602
-6190
-4164
6027
-7418
-4564
-2518
-6542
-5448
-3808
-8766
4135
8169
3773
159
2662
-2151
-6853
-5576
-1115
4169
-7673
562
7797
-7541
6782
-437
692
-4011
8177
-2003
8637
-3450
-1636
5846
-738
-6572
-2288
-328
5648
-3508
2875
3390
-913
-7676
-2604
8210
-4378
9610
-2135
-6633
-679
-69
9306
1300
-2289
3300
-8109
8169
-6242
1765
8266
8673
5014
-2902
9758
1510
4936
6023
1903
-3307
1356
-7891
-9026
870
-6157
-2408
6549
-6640
2781
1319
-9050
2372
-9775
281
-2022
4817
3667
4488
5475
-5726
7540
4598
-7837
7991
-5296
3416
-280
-4540
-4374
9275
-5762
5673
-2639
-2822
4403
-698
-3044
-1467
-7817
4406
5045
1264
7740
-9224
6901
-8510
-9226
-3019
2015
8277
4278
7541
-2790
-4586
7894
-1481
4808
-8396
-8280
-5397
7601
-6189
-7712
3856
4557
-9973
5941
-5442
-2729
-9877
4083
-458
-2153
-5796
8215
8437
-1601
-4963
1101
-8400
4908
-6942
1715
-85
-8698
3893
3284
587
-4646
5544
-185
-5129
9845
3157
-9602
4204
1129
8847
9106
2898
779
650
3467
6397
877
-4724
-9374
-5674
-3607
2277
-5288
7735
4951
-4437
-1965
-6978
-9139
8497
7180
2954
-4631
-1458
-8603
1671
1705
7048
3049
7579
-677
6585
-5024
-5057
-6034
-7747
-4236
5359
6088
4010
-8827
8629
9923
2392
-4379
6556
-3558
-9191
-3413
-9461
8832
7947
6968
-681
971
-4702
729
-5950
-4417
9115
-8278
5448
-2571
-5238
9083
6629
-9801
8299
-1396
-6602
-8869
9135
1290
-1129
-8528
-231
1262
9319
-2665
-3235
7290
-9273
7137
1854
-6083
-9066
4417
-5453
-9598
4490
8631
8158
-4543
-5717
-9701
-6620
-5633
2977
1817
-2704
-5052
-936
7595
50
8110
-5728
-3739
-698
-2827
1041
-4288
-4745
-4907
728
4182
-3396
-5866
-4008
-1816
4009
1833
5379
-231
-8767
21
8304
-5739
-5913
7615
7449
7093
9939
-2576
4916
-1824
8386
-153
-3704
5599
-8507
9156
-1168
-1248
8044
-9576
-1614
7581
4644
-6941
-5430
2905
3014
-9831
-4345
5633
1192
4541
6271
7238
-9371
1665
8756
1066
5924
7611
-8203
-7785
2067
-2391
-173
-3045
4744
6448
847
-3146
-996
2245
-7332
-2012
611
-5272
7304
-2597
788
4126
-8727
-6051
9836
-7298
-7027
-1456
-1623
8776
-7583
-232
-8128
2426
8513
-9130
1517
-969
-6937
-2420
7638
-8322
6791
-3221
-5474
-800
2672
6091
3499
2523
7154
-6400
-9529
-946
-193
-9430
-5437
-3118
-4150
-1715
1056
-2602
-9940
7017
-1443
-8362
-1270
-5185
1754
-3614
313
-5093
4717
-2825
-4123
6036
-2065
-7480
-4544
-2047
-7289
5782
9987
6829
3989
4705
-6401
8747
8973
-3260
156
241
-1557
7603
-9972
-5620
-2270
-2769
4999
6415
2255
-5059
8337
6336
228
269
7743
-8598
-9584
237
-2514
6215
7857
7257
-7876
-3412
-2069
-9033
-3103
3792
3110
7045
-4136
-9587
8307
5608
1495
-5512
6844
-2454
-6628
3091
-4987
6405
7466
-4417
6553
2561
3349
-2400
3128
2698
-7834
6768
-9279
-6638
-9874
-51
1543
6256
6113
2243
-2807
9336
6718
5854
80
-2261
-737
-1409
-5531
-3622
2715
-1109
-1146
9643
6248
-8774
-3771
4339
-8802
7966
3629
5282
918
6199
8491
-9971
-1018
8309
4717
391
-9875
-6139
8050
-3042
1401
5618
-8630
5524
-4077
848
6407
-177
3573
-1044
6854
-5298
-9791
-1928
9439
-2031
-2541
-1286
-7291
-8299
3235
-1062
-7426
4074
3429
4910
-6019
-6980
6132
-6136
5677
927
-2810
9728
-3798
-1117
-2574
-8263
954
8671
8303
-5039
4382
-6018
9287
-6032
-5892
8430
-1039
-8641
7611
-6931
-4111
2462
-8413
1711
1809
-8000
-3576
-9514
-9871
-218
9779
-4775
3728
9907
7159
2837
677
8747
6600
-6930
-2731
-2277
-7688
-8466
-2076
-8896
3341
5232
7137
299
-3360
-9640
8492
-8190
4548
9979
-6396
2387
867
-8882
4425
-3528
-2675
8684
6768
190
1220
-4126
-4875
-6587
555
-3736
-147
-6744
-9455
6319
8539
-2929
-4990
-519
-8823
-768
7333
8591
9533
8902
-8391
-7583
8395
7337
4121
9160
3779
4411
-6028
-7684
5207
-6160
4888
6600
-8557
-5909
9449
1652
8746
3270
1703
65
528
-1558
8658
-3139
4184
-4901
900
2558
7372
-1758
-5663
-382
2571
6044
-295
8190
3971
-3683
1118
-327
7082
8660
8871
-9039
-4046
-6489
9964
1588
2658
7856
-1351
6951
-7945
-8075
62
411
-62
-551
-5440
8146
-6564
-3126
-7070
4530
514
-5109
5352
2921
7307
-1553
7526
-2499
-1051
4993
8559
1722
-1274
-2776
-8867
-8648
-6538
-9891
-5464
-5927
-2627
-3784
5694
3653
5762
-4406
-578
2987
4565
-3414
-5367
-8325
3436
3932
-5288
-1050
-1155
-5995
-6059
-9918
7413
2553
-1121
2334
6792
-2339
-2214
2423
-5673
-5072
3299
-1098
5950
3929
-750
7789
-2355
-598
2952
7423
8439
-1265
8057
-1679
-6444
9951
-9763
9891
3450
7363
3019
3519
-5413
-9191
7
-9125
660
-1279
4371
-6005
8822
-4365
-3899
2645
-5834
-3221
2489
-1123
-4314
-9820
2697
2061
1113
6607
6898
-9089
-8169
9138
-4087
1185
534
-7330
-2549
-887
3876
-2710
-3742
-3663
1606
9190
2910
-3454
-6145
-5354
-4057
-3354
-8942
-7893
7767
585
8812
-6221
-8184
-6086
-4285
5841
3653
-2568
-174
-7992
-3862
3024
-3565
-8669
-9893
-9580
1637
-6628
-1673
-1475
7793
6922
4277
-3603
-8829
4697
-8826
4962
302
2449
-8741
1338
440
2623
3295
8052
5287
-6816
483
-8836
-6954
-8825
-3636
-9136
5832
-9571
2735
-9916
7005
279
2928
-1962
443
-4359
8445
-1967
6287
1084
-7617
3654
9930
9104
-9194
-2107
-2689
5975
7115
-4138
7685
7786
7681
-5790
-326
4017
6690
5601
9468
1296
2614
-4220
8845
-6241
3329
9562
-6974
-3561
-1906
-5616
6904
-8414
-3427
6171
-9076
-5276
8515
7371
6935
-3342
-8993
4188
-7484
3802
5331
5658
2262
-1183
-7091
3413
-1034
1432
7191
-5031
-1502
8714
8976
-8682
4469
7760
-7701
6613
-6743
6926
1154
8139
-4116
1991
-9862
-2197
2900
-1472
-8827
7122
307
1190
-4529
3067
8149
3913
-9309
4055
6368
-5210
-4297
-646
-8565
8765
-4035
5694
3073
6035
-7575
8759
6069
595
-5246
4324
-3707
-5101
1534
5464
73
1531
-3001
-5760
4098
-8041
6451
7397
-2731
1692
-4376
4099
1765
2405
7436
2946
3784
-5307
-8015
-3249
3969
4750
2978
1218
-3895
-6150
-9787
-6980
-8597
8673
5011
2427
3515
-9497
-685
-2769
749
-8051
2791
2245
-1535
5258
-160
793
-66
9190
-7831
-9314
1563
-9371
-3869
-3627
3705
7883
-8799
9044
-6757
3909
-673
5388
-4963
-6664
2970
7757
-2304
3955
-2861
7103
9834
-7983
-2886
4177
2609
-9327
1698
-9535
6864
-4618
-2279
-8684
4358
-9406
-2297
-2893
1700
-1906
-1485
-5835
-6012
-7371
3718
-7823
2987
4636
9965
-3424
-3951
6143
-5989
1452
-9269
-2978
4671
-1498
1595
1989
5947
6367
-5748
6885
3313
-3782
-5401
6034
1292
-3130
-901
342
-7690
-7699
-6912
-7415
-8637
-5639
-2013
3403
-974
-9755
8639
-2924
-7337
-5417
5000
-2716
7406
-7245
-5577
4174
-9315
-7774
-6316
-3309
2854
-7186
520
-641
6238
7425
2468
-2335
-1468
2837
3876
-2726
9804
3846
-647
5968
8481
-295
-3290
-8171
6303
626
-7626
-4097
1449
-8323
-5504
6359
7634
-9202
-3398
3855
-59
-4773
-6516
-1628
8546
-8518
-3312
5656
2102
8461
-3755
237
4754
975
1420
-4325
-2850
-6519
-8147
8147
389
7396
6386
8995
2207
9364
-5236
2774
4060
-8905
4954
3898
7274
78
-3886
-7259
-976
-862
6681
-8900
3977
-4004
5121
4166
-8172
-2611
-4071
-7259
-207
6043
-1673
1028
7784
4357
-1804
-1583
-9482
8586
7519
-107
4582
-1986
-4514
4087
-2770
2953
-653
-4498
-24
-7842
-6035
3431
-7479
6537
5898
4698
-411
5854
5763
-2653
7222
-5315
-7831
4079
-1476
2382
1461
-941
-3828
2710
-6959
2175
126
-1454
-4027
-2850
-4710
7080
2685
2988
-1877
2917
8806
-8638
-9454
7324
5470
5710
-4573
-1255
3273
8058
-2838
4019
4883
-1375
-7642
-7322
-9330
2608
5900
1468
8224
-490
4092
3456
-8791
-1015
-8772
8861
2379
-4511
8271
5331
-350
-2076
-2050
-1599
-1066
-2063
-8366
7802
-5217
3296
2321
-7190
8355
-2880
-5738
-3607
8372
-7454
4776
-8654
-6736
7372
4410
1931
5012
8775
4556
3487
-5997
-5356
-507
-4518
-5447
9995
8542
-3020
1074
-8523
-4928
-6980
-8038
8679
-5552
-6683
-7486
7016
6784
-4876
-2704
1920
-6177
-5686
-5416
-1140
9375
-4969
-1631
3282
-1050
4673
4491
5986
-2321
-3477
3040
-6341
-2439
-5485
4439
8800
-8095
3050
9306
-7107
8161
7466
-7568
-4698
-9884
1743
9977
6318
-2754
7569
3085
-3177
5811
3111
6711
6550
4224
-5413
8618
793
7517
6717
-5251
5136
8415
343
-5723
-9111
-8129
8171
-4625
4989
-2479
8731
8230
-6137
2257
3501
-1308
9530
-8768
-3305
8675
4654
-3713
6631
-1630
-3039
-8268
7317
646
7652
-4956
333
2505
5129
-7693
6003
3628
-7052
9928
-3611
-5930
-1682
4911
-9204
-4976
4212
-6646
-9213
-7762
6091
-6016
-9945
1899
7496
-574
2021
-6511
9231
-1254
-1915
5844
-6760
-3486
-509
4895
-6715
-6596
8773
6859
7961
2260
8212
-1954
1063
5153
-7224
-5513
2894
9474
5051
7384
-5931
-5447
-5506
-893
8237
-8626
-5837
3119
-8163
5836
3819
9129
6839
-322
-8332
4241
1988
6086
5302
-8420
9070
324
-7718
5714
-6979
-4320
2392
8574
1018
9956
3999
-2030
-1529
-354
-956
3242
-3556
-9306
665
-5101
202
-155
-6004
2459
1264
5984
4298
-9407
-9733
3854
-661
-5263
-5533
6127
154
-5793
6910
1847
139
3116
9802
6707
-6424
-7276
9041
5233
-3756
8783
-704
9104
-8541
5674
8010
-4304
-2652
-3124
-9586
-3271
1309
-8297
-4752
6661
9435
6007
-2824
556
-2921
-7697
-4805
-8468
-8901
-6762
8628
5069
-7225
-8413
6017
2132
4964
7041
-211
3849
9009
2968
3884
887
-4918
7537
8599
5703
-4509
-9499
-2034
522
5558
-1779
2341
6482
-9345
-5967
-8639
2455
-7914
3429
8284
8570
-6024
-3439
-6785
-1322
2266
-8601
7883
-9327
3632
-5084
-6418
1720
-9798
-5499
8883
-9242
-798
-770
-8223
2075
-1306
4010
4123
-5830
-4192
8000
-4848
-1311
51
6735
-3594
1509
8149
6881
-7217
4847
-431
5340
7050
-9193
651
-4548
-7433
-216
9571
8047
1744
2681
-3106
737
-7355
3978
9889
1818
-8392
-2513
4276
-2168
3322
-9647
2603
960
5862
9710
-265
8440
1644
4572
835
1329
4335
7686
1451
-1824
8129
7349
-4622
9559
6467
-7986
-3702
6249
-7590
213
4647
-7148
-3172
6119
4160
9269
5899
3390
-1874
5993
-9227
4275
3960
-1328
2381
-9719
1880
224
-6960
8605
2187
2706
2132
5064
3133
7953
-3468
9792
6829
6879
-7432
4356
-3029
646
940
-2012
713
6165
-8560
3788
1383
8222
2952
-4375
5869
2526
6024
2262
-6848
5122
-6161
7794
-5683
3994
9247
4854
-4263
9585
-2674
-3440
7518
-5498
-2077
-7318
-5613
9107
8117
-8704
1583
7059
-2612
9807
-1515
8970
-7121
-6597
3744
6222
-4011
1314
3593
7161
-1814
5584
-7222
7265
9244
-795
5849
6171
2824
4317
2907
-7760
934
-8326
-2938
-7695
3284
-7752
6270
9457
9712
-1204
-2975
6984
8543
-1823
7988
7315
1896
8054
6379
-7749
5354
-9865
7132
7907
-2693
2307
4806
-6646
4650
4874
3825
-1505
1571
6317
-7248
-8507
9007
5211
-1116
-7445
-1821
-7084
-5591
-8356
-9503
8185
-5762
-394
255
2803
4855
6046
-8099
-6238
-4655
2626
1177
3297
6961
-7571
-3709
-8580
-2147
3154
6627
-880
-5502
-5602
-387
-9664
8274
-8663
-4440
-2445
6422
6898
8525
9388
1264
8462
-9983
-6874
-5417
-2464
-5817
5917
4163
-2443
-5297
-3663
9824
-2880
-1412
9595
-4376
238
-8479
-1318
-6991
-6001
-2418
2280
1881
-1357
2494
4034
-2362
5589
-9418
-3773
1314
1951
4190
-1267
1120
7402
-1186
-1011
-4468
3698
4160
-6679
-9003
6427
7125
4175
-1689
-7702
6036
-6821
4514
2281
8081
2434
-2470
4506
-2807
5727
2351
-1306
9053
4629
-9009
9805
9690
-2569
-5014
-7853
-2200
7369
212
3608
-8475
-7594
3118
8746
1162
-8221
4545
-6007
2056
-7651
7586
2512
-9070
5551
8571
6182
1308
8022
-5451
-7296
7917
2542
9151
7355
242
-6998
-8792
544
5967
-1999
-722
3943
-8157
1000
-7431
3689
8392
3499
1590
7828
-1045
1995
9037
7171
3159
-4041
5207
1825
-3702
-9458
-289
2158
-1044
7874
-5052
4505
7361
-4315
1173
8231
257
-6631
-1506
-7285
-870
-9164
8465
2446
-6602
-4503
2289
-8921
9641
-3484
-8267
7654
794
703
-5133
-3559
-9175
8930
6747
-6680
-5608
-7959
-9677
-5798
-3027
-5737
4410
-1979
-9751
-3375
9572
-1790
8229
8401
-9992
-2669
-9411
-3145
4617
-309
5064
-6820
1129
9240
-3636
-3529
1877
-7409
-3350
8851
-3613
-9181
613
9092
-236
9198
-7099
-3695
-4151
-8181
6603
6570
472
-4512
-1747
2578
-8376
-4771
-691
-733
-3702
1558
7596
1650
-395
-1044
8477
538
-2086
9528
-791
-3752
-928
-129
1365
-5325
-4258
-3961
6158
-8897
932
-2945
-8670
6622
6371
-203
8820
3765
-6183
368
-9215
-1176
-4991
-2633
5707
-1581
-346
-9099
2365
-3804
-4512
-2487
4368
9871
5897
8073
4271
-1861
-1130
6750
1445
-7100
-6413
9855
2542
-8555
-1722
6820
5724
-2098
2870
-3702
5651
46
-1836
5856
8988
-2439
1251
-126
-972
5637
-3922
4118
-6105
8911
7126
-3659
1552
8391
1415
2487
-9987
-6773
4814
-723
3026
8603
-3604
7590
-6569
-3949
4131
-2226
-2548
-4732
-5241
-4845
-5254
4260
-2790
5560
2400
-2033
-8210
5979
-5581
222
-8294
2802
-8002
-2970
-4299
9796
-595
8752
-2509
9664
8735
-7363
-5227
1323
-4081
8686
1504
-4935
-5606
-3317
4794
-9592
-3160
620
3065
466
-6721
5766
9957
-9516
3465
9673
-2481
-776
1498
-8144
2737
-8971
2006
-7236
-9550
-5345
-1894
-553
-8523
-3381
-5309
-7277
-6507
4447
1219
-1984
2055
8606
1598
-8958
-8143
-3980
-3067
-9079
7396
6742
-1106
9416
-5076
-6494
6483
-4901
-7940
156
6926
7012
-984
-3854
7755
-912
-5223
-3155
-3276
2454
1215
573
-5899
6951
-9144
-7147
4312
3023
1554
5370
6062
8475
-8928
3703
5990
3871
-3492
-7628
-8047
1135
-7681
-2332
-3900
-6203
5782
-9171
-7911
-4710
6338
-6357
-457
4720
-9411
-8118
5511
1712
977
-5509
-4595
-4137
-820
-282
7699
-773
2689
3406
6784
-2107
-2281
-5719
-5668
8638
8389
-9913
8977
6642
5404
3147
9488
3684
-1026
167
-497
3269
8642
8208
1710
-3053
4398
7272
-9525
1798
3374
6998
-8677
-398
8820
7090
8996
8208
925
-6351
8582
7124
8521
-3974
-9030
4367
-7173
-4240
7033
-2927
-6797
3631
-7097
1235
1794
5161
-9039
5716
4838
-565
-2652
8923
3478
3149
8800
7359
-1399
-3491
-9866
4196
-4734
6161
8776
6368
5151
-9672
-4760
2940
1219
6317
3540
-9235
7881
6066
-8129
1959
-4703
4239
-4593
7594
889
137
-6511
1747
-5356
-1687
-2290
-5671
-780
582
-617
8336
-1706
-3505
9424
-2481
-7528
2707
-7805
6847
-8587
-1404
-1968
6492
4104
361
633
1260
5640
-1531
9500
-3400
-8578
3856
-8877
-3463
-9010
-443
9227
864
-9047
-6955
2083
8614
2843
1853
7012
-2730
5342
-142
1270
5116
8778
-8932
-2028
9752
-7319
-8034
9237
2941
-646
-1444
-8195
9988
-6744
6491
3368
29
-3272
-1541
3461
-3640
8052
-214
8355
3671
8334
-7559
3877
3802
5594
-4616
3447
6977
-6833
7090
989
-101
-62
-3607
5911
2558
-1600
-2831
7016
-9681
-4334
-5684
4885
-3338
-3941
4278
4154
-5844
6088
-4131
2705
-3189
8957
5897
2751
-3940
9979
1950
9002
-457
-9082
-3696
-9365
1907
-441
1578
3899
-2607
-3354
-7340
-4493
2663
2210
7032
9449
-194
-2127
-9732
9442
-2993
6830
-1616
-8560
-3769
-7266
1149
4779
7719
8752
-7833
-6500
4766
-7638
9415
1635
1402
116
-7428
-5248
-8412
9811
-9953
-8447
6710
851
8435
-5926
-9443
1475
-9866
-1053
1411
-2204
-9503
-7770
6527
-4932
-1299
-1284
-998
-2472
3146
7090
-2991
-287
8660
-284
4318
-8781
7721
-7490
-6031
921
-7008
571
3101
2411
3606
1815
6094
-9165
2181
991
5219
-6104
-9137
3797
5258
9339
-6165
3145
6125
5805
-5584
4770
3189
1949
2430
2248
9386
929
-90
-1630
-1567
-3313
8460
-1711
9120
-325
9650
-4979
5677
9823
-7200
9901
-4024
-8601
7811
-6896
5985
-1080
-4377
6604
926
-4527
5706
2617
-6034
1643
-8347
4922
-7734
-5303
-7984
-4421
5902
3065
9536
-1951
2672
2994
8532
6519
1291
-4087
-4849
-8023
-1873
-7870
-8351
-7856
-6091
-3655
-9493
9641
549
-3916
-7602
3559
-6645
5214
9145
6652
-1952
4268
-9368
7371
-1990
-3528
-6587
-2324
-9519
7442
5260
5372
-8614
1895
7599
1601
