7897
-526
-5303
-7036
4625
-3875
-2968
8169
6818
8828
-7660
-2291
-9931
-3990
-292
1896
2915
6304
6819
-4158
-6675
7920
-5598
326
-3347
6755
-3520
2721
3399
835
7208
7842
-4525
-3684
6889
1136
2816
8665
-9094
7673
2547
-9734
-2615
-2110
5047
166
3608
-8144
-7706
2092
5088
-2819
4660
-4065
6371
-2256
-7796
2582
-3436
7264
9094
7260
-9171
-8912
9638
-5023
-9917
9392
-2911
-4333
9891
8018
-5181
-6548
-6234
-1762
8697
7109
2357
3755
6558
5089
2446
-3450
-725
1673
-8689
-6156
7585
846
7251
-2718
1839
-3594
-3611
-4975
9669
-181
-6053
-2096
-5788
-2111
1361
2908
-9440
5317
5417
5056
9240
-6439
9469
-2088
1785
6430
2968
503
1854
7147
-3139
2752
9477
-9714
-6502
7265
-3058
-9948
-1274
-2294
-328
-4035
5190
-3845
4325
5138
-7112
2043
2063
3463
-6696
3727
7167
-480
3019
-795
5284
-8840
5815
1481
8733
-3917
8410
907
-8009
8057
172
-897
-499
896
3002
8883
-972
-2469
-4765
-1891
5815
-9004
-9033
-9175
-3776
-8241
9643
-8392
2998
5109
-9088
-5499
-5903
-323
-6913
-1124
3709
-134
-3764
-8135
9337
-7811
-6115
-5182
-4538
-3864
-4428
4849
7550
-1028
-933
872
-3333
7646
9459
9295
6767
175
8786
3132
-3290
6915
997
-3299
3403
-4970
7623
7013
783
3079
4848
2739
-7391
-4404
9007
-7450
-7023
-3218
403
-6472
-4743
5130
5805
9211
4466
5588
4878
8888
1368
8354
5951
-844
-9424
-722
390
-1701
8552
8244
111
2619
-5244
-6965
3671
-7478
2433
1391
8354
-7574
-6974
7323
-291
-7677
-2016
7598
-2400
-6206
-9488
-3538
-103
-9089
-6773
-5455
5085
9552
-7078
-4841
-22
9604
6205
-2023
-6152
8790
9012
-9299
-3459
-9018
8635
-857
-1845
7425
-6378
-3945
9650
8049
7728
3781
655
3629
-3169
1721
-9648
-9414
2836
9452
-7851
6208
660
2169
-5908
1915
8508
704
5149
8441
-5699
3026
-6858
-9098
-9781
-1086
-8678
-5024
1369
-9425
7966
-420
2230
-5809
2721
5319
-8119
-4925
7736
1494
9585
1671
-5190
-5363
-5668
1277
-8193
-654
8
-1556
-3529
297
-2938
-1633
5152
9241
-5580
-6399
-7121
2784
-2974
9272
5407
-37
6239
3925
822
-3362
4437
-6905
-5972
-1648
9982
2527
-3264
-8324
2446
3783
4085
-1268
7255
-35
1063
6616
9169
1746
9999
-9453
8446
-947
-2381
-9750
-2541
1855
9825
6575
-1297
2387
-3401
5144
-1934
8256
-9247
-1089
-3497
9923
8436
3476
-1008
254
-537
-8717
868
3988
-4248
1481
-823
-7134
-8983
3049
4084
-2128
-5194
-3203
-5626
3876
-4633
2341
6073
221
-6736
-1882
-1248
3349
-1316
-7175
6204
2413
-1467
-9721
6963
-841
5043
-579
-210
-4384
1544
9662
-6326
-5085
-1235
6102
-1277
-2922
6168
-9079
6755
-1265
-7145
-8392
9705
3494
-610
5133
6637
3848
-9810
3608
-9733
7821
-478
6130
-8182
6040
-9136
3574
8342
-575
-8429
-5839
4526
-7616
-4706
-2159
8287
6362
-4880
-8951
1849
7808
5659
-2753
-2489
5669
5173
-1199
7633
3409
51
-4195
4426
-2987
-26
-5686
-3515
-6178
8658
3061
-3311
-8269
7295
3684
2284
-3275
1446
-9407
7509
-1391
-6480
-2111
1086
-7063
8160
1936
-5716
-7949
-8686
4984
1120
-7283
237
-6163
-2255
148
-118
1468
703
296
-7147
-8022
5453
3030
-4604
318
-4128
3664
8617
-4999
9289
2828
2398
2170
-3729
-1451
3215
-8482
1787
-7579
-2995
-1494
9944
-5691
-4652
8360
8233
9131
-4637
7617
102
-4116
8971
-7072
8855
-6531
-4509
2531
-4341
-6188
-844
5309
5066
-3459
1145
-9038
-8948
914
5927
-4173
3508
7711
7297
-6260
7283
-3142
1115
8402
5710
-6634
4602
-7651
1361
-3572
47
-7517
7606
3214
6580
7426
4307
4360
-6789
-9420
2735
-4495
2609
8935
-1282
-2048
-4523
-4430
678
-4608
-5411
1638
-2049
6607
-7600
-3536
6852
8955
4936
3395
3901
-3320
2495
-1217
-6264
5924
7084
4280
7098
-9840
8090
6852
-1971
7492
4483
6994
8201
-5456
1477
6997
6584
3516
-2617
7142
522
2467
541
-4353
7886
8585
4099
-1807
3
-320
-9444
-429
8569
1171
-9515
8653
7621
-7314
4684
6341
-2827
3994
-1049
4076
3029
7356
-7530
-3758
1723
5375
8826
2833
-6014
6160
-5581
5424
-5368
-9432
5106
-3811
-8089
715
-6472
6193
6966
-5832
-9469
4207
4995
2992
-2619
7267
-8675
-746
796
-2584
3298
-5667
9423
-7681
7060
-6566
-7610
-4539
-9309
-7674
-2463
1563
-9679
4281
-2058
3218
-6792
-8715
-5864
-659
7543
-1602
-2280
2043
-9734
9647
1082
5153
-8990
-9914
2526
-2695
-671
4700
425
734
-8995
7472
6052
-1762
-2051
4889
-8421
4120
7964
-8699
-9062
4060
-9719
3031
-5229
-8724
-88
3964
6744
-8185
5316
-5534
6261
-8443
2674
9617
2736
-163
-394
6508
-2845
197
-9585
-11
385
-1869
7318
-5913
-2293
-9906
-9231
9529
-1183
5172
69
-3639
-7094
865
-6365
-2316
-1841
376
5573
1589
5332
-4932
-4692
-1091
5915
-6634
-2348
894
2143
2919
4987
5482
9667
-1440
-5549
5306
5177
-7407
-6511
6846
-9930
-4129
6733
-7804
3658
4111
-9771
9861
-3083
-3648
1258
9658
-4492
-8345
-7276
9026
2779
-1350
7436
1041
1478
6742
5504
-7154
8524
6036
2750
-4899
3790
9912
-9324
-495
5628
-5909
-9269
1906
3780
-1731
-7230
-1286
1919
-6077
196
-8257
9898
6279
-9950
-563
4735
3160
-7359
7961
8438
-1549
-1681
7602
5414
4755
-9351
-5965
-5960
4928
7962
5258
-2736
-4575
-535
-9210
-4459
-9941
8040
-4238
2803
7393
-1485
-8359
-3043
-5308
2875
-6449
2757
-3976
-8670
2715
5703
-4083
-5174
5125
-2708
-4610
-6134
-7730
-5020
-4549
3606
-1288
-1004
-2901
2081
4361
8310
4903
5231
8627
-8055
1855
3666
-1155
-4339
6397
7948
3539
3147
-1654
-6481
8211
-4990
6910
-5068
-710
-4672
-1358
-2636
-7369
7608
-3076
6587
-2415
-5879
-6210
1701
-6531
5461
-5363
-6471
-2937
9924
-9523
-8168
-7717
3851
3989
-9041
9232
-1209
-6670
2133
-164
-580
2602
-2394
-1236
7720
8461
7602
-9134
1629
-4465
-4393
-2660
-5551
-1748
8172
4390
-4990
7857
742
2790
3887
-3138
-3719
8717
8666
-9713
2979
3147
-7398
7568
-8261
3740
-5465
-36
-2107
4122
-6394
-8905
3901
-7588
8819
3388
2908
9810
-167
-6384
-7745
1431
-5758
-2844
-9391
7231
7416
-9741
-9780
8007
-3400
1538
6584
-8791
2577
-2629
4314
-5161
-9910
-417
-3171
-3690
-7559
4778
-7656
6552
1715
9565
-1161
-605
2841
-2675
8541
7885
2276
8904
-7545
-3672
-9317
-7689
-4226
3713
6672
-8101
337
133
-8979
3950
-7510
4296
348
-7548
9027
-8132
-736
-7046
1164
5536
-8937
-654
-8809
-998
-3835
7213
1315
2877
-2141
5581
8669
8962
6290
184
1395
7772
-9442
-7650
-1031
-4317
-7271
-8043
5149
-8522
-9775
2619
-8654
-9801
-7705
-5211
-3901
9871
-7415
4482
2492
-4451
-8318
-9050
-6835
-3063
-5769
-7329
-9934
-3715
275
-4313
-3113
6824
-4797
4658
-7819
-8134
-5446
-952
1985
6609
-3450
-4989
6050
1844
-2228
-6492
593
7036
-6273
-8633
-2520
3341
-2432
-543
-2983
4123
6667
3457
-2678
-6959
6096
-3209
-6863
-6518
-4928
-9030
-9980
-7527
-1728
-9642
1293
-532
-3670
-9851
8046
8546
-2690
9870
-3218
-5074
3617
4926
6246
3572
434
8222
9211
-5227
-609
8815
6212
1928
1812
-5238
-7547
7283
-3431
4109
-3103
838
-6393
-633
-1201
8599
4372
2098
2051
6893
-4497
-5718
-6792
-1773
3300
8333
424
1627
-6554
2884
324
8220
-6300
-5745
8093
-9378
8923
-2897
9096
-9238
-6058
384
-8237
6378
7233
-1912
1604
-513
-7210
-9278
9910
-5245
-4573
-5619
3369
4535
-7522
6337
-6810
-9372
5565
4692
-1738
-527
4073
-960
-8819
7742
-6730
-5356
-5727
-9142
7374
6759
8125
-4132
9179
3840
761
9951
-4410
-4963
-9428
2632
1378
-8302
-5746
1566
6230
-1620
-7166
2358
-7119
7047
319
9778
51
2472
731
-8638
2998
5581
4185
-7518
-4552
-1321
-3187
3016
-9163
3747
8584
-245
5506
9231
-3657
7284
3071
2247
1377
-6315
-9200
9990
-7204
9478
-1936
7649
-1765
3687
6126
-7830
-7984
-9575
2354
-5635
8221
2705
-3574
-654
-6719
244
-8596
4025
7246
-8304
7180
-5441
-7128
3438
1250
8699
-2373
9239
6084
4904
-5516
9995
-754
3628
8914
-3984
-1857
886
-7749
726
-5365
6062
-3443
-960
6917
2713
-3742
-1965
-6672
2117
-8237
8146
-737
488
2229
-7463
1059
9543
-1342
-478
-1046
9180
2241
4384
-2057
-4924
532
-8588
-7209
-7132
1364
-3415
8124
-1203
-4086
-5945
9607
-7023
7373
9218
-7809
-2515
-9506
-1151
-5570
9720
2397
-7322
-9510
-8858
6087
-8221
-4612
-9040
5191
9585
5027
6404
-7568
-9280
-99
-8857
2613
2216
3092
4031
-5526
2923
1796
-2010
3732
6575
-9919
-5577
-7017
-1690
1894
-3122
7593
1093
-2508
-1529
-1809
-200
-6244
-7530
-7074
1599
-9390
-8800
-1724
4859
-1308
-8607
8974
-8536
5251
2494
-7737
9524
6154
3509
9406
-2601
6760
586
-6945
289
1853
-3938
-2726
5884
-4986
-5298
3728
-355
3697
8077
2786
7619
-600
4051
8132
-8763
-2009
-5318
4700
-1326
3740
-401
3509
-8254
2295
1136
6032
-1382
-2866
-2744
-6289
9210
-7195
2599
6097
6620
3533
-6033
-1804
3561
7079
5576
1070
-5801
9091
-2618
7364
-7480
-9590
9801
6144
7835
9248
-1736
-4773
8463
-7518
7970
-6669
2651
-6827
6658
-4934
-6348
437
8801
-6492
6658
-4594
-9487
8116
-8325
-628
4867
-5861
9616
7883
-1056
-9720
-8944
-2657
-3193
-6219
-308
-7488
-3731
3951
-3107
-7831
4841
-4846
232
1959
4494
-57
-6174
-1650
6560
6501
-1828
8466
-6082
-3171
8106
-5869
7015
8778
-9681
-9165
-4647
-1455
6597
-1428
-6198
-3152
4540
-5711
-2592
-8198
1307
-5058
-6771
9626
-7611
-398
9109
-3706
-8697
-9002
-4679
-7263
4925
-5844
-8034
3367
493
-14
-9314
-6023
839
-3504
-3828
5680
-2017
-3027
3851
-4745
-2472
-1840
8344
-2417
-4150
4816
7170
5886
4011
-7558
-8276
2097
-2618
7532
4990
6416
5184
-801
9720
-5870
3549
9696
2186
-5933
679
9207
3632
4268
1506
-2944
-2598
4541
-1548
-3072
1191
-2383
-3885
-2590
-6942
-4379
9570
7454
9655
5063
8402
-1851
4348
-1541
-7612
228
-2932
1552
-5707
3576
-4324
-9182
-6459
-4033
-3932
5626
-380
-1507
-5100
-8534
-3378
-4797
6835
-5112
-3160
1351
-3152
-1230
-4778
-611
6850
-912
8600
7841
-9762
2870
9179
-7976
5399
9619
-7821
2814
-7195
-4814
4812
5472
6914
1653
-1487
5882
-1638
-8186
528
-924
-8310
1146
-174
-3089
-1875
4253
-3012
9019
-321
6489
3947
-8039
-1367
6566
3648
-947
5743
-8047
-9481
8847
5740
-5776
9633
-3332
7183
-5220
4585
4913
7293
-5030
-6482
-7401
9158
-3337
1585
-8224
-1705
-7240
7463
-2122
-4184
2198
8340
3119
677
7748
-9476
1454
-5640
3816
1249
5935
7698
-3017
9410
9844
4330
-735
3895
7079
4707
-1235
-427
-3806
7098
9542
3441
-2261
-8750
8116
7813
7670
-9706
9384
-5314
7753
4955
6176
9699
7825
4016
1345
2297
-1166
7110
3420
-3200
-199
-953
-3515
7529
-7336
-9106
1405
1644
-1689
-1382
2626
8190
6346
6042
1663
7505
1426
571
-7720
2868
1648
3902
9567
-3062
-926
-732
5735
8110
5207
-6230
5211
-4084
-9308
1134
-5867
3492
9672
7153
-9078
3416
-2682
-1238
6770
7842
222
3862
-9566
-6650
5207
7652
6497
-8674
2545
-5255
3742
-6603
7240
8346
6190
-1585
6232
-1540
-8044
4113
3137
8221
6213
309
5250
-5307
-6335
-8645
-9949
7840
-8758
-1571
-6447
-6820
875
7962
-2088
-8055
9335
-2963
-8529
-986
467
2350
2106
8883
5181
-2682
7541
-3480
3506
6992
-773
2784
6783
-2093
374
-4159
-1279
6257
-2997
5886
-1652
-4209
4412
6383
-827
8925
-5213
713
6714
-2452
-582
-3023
-7835
4725
7084
5545
6697
9766
-5291
-8554
7848
-5654
-1752
5322
-3504
-2760
6753
-5739
-6615
2629
-8921
-9091
8666
-2415
-8102
1409
-4689
-8471
-2370
-9515
1224
8374
-4500
-2125
9952
-6644
-8447
8199
5939
-2467
1808
8972
5384
4804
4146
-974
7110
8480
6498
4474
4673
1316
-1248
9525
9771
4957
6562
5133
3292
841
-8169
1315
5060
5986
3115
-7732
1381
9293
5291
-8273
2058
6722
880
-5264
2301
8958
4504
2733
6005
1249
2243
-8451
6916
7564
-8121
-5404
-8631
-3727
9223
7672
3174
811
1281
-6968
7743
5811
-4111
-37
4004
-2778
1323
6848
-7356
3542
-4900
7243
-7450
4895
1093
4052
-7173
-2357
8201
4135
-2226
-402
510
-6735
-4638
-4211
-6057
-1834
4352
-5525
8513
9022
-9778
6506
6820
2546
-6304
-491
9733
-9192
-5944
-5743
3447
8200
-9694
-1561
3193
-4423
-3816
185
-5998
-9277
5737
-4246
-8998
-1889
-627
-4017
-4931
-373
4980
-8900
1208
-665
-2837
-9558
-7899
6845
1892
-1941
-338
-4403
-1438
-4148
-9508
-7939
-830
-6582
-8725
5922
-4255
4217
444
-2080
-3175
-5809
8582
5658
-1797
-1177
-7743
-5065
-2408
377
-7938
8146
-6999
-1249
-4906
-734
2302
-9815
2967
-2742
8092
-3489
-174
243
-7361
-6871
-6134
9522
3299
2638
-1876
5017
-9160
7117
-8932
-8452
636
1123
-1534
-9254
-4290
-4259
-9749
-331
-416
678
-7783
1120
8743
-3944
-5756
8064
1111
4661
4024
9206
-6775
-9362
2849
-5862
2757
-7610
9825
6683
9592
9948
-5367
-8652
-5183
-4668
6254
-3215
-4932
-7524
-603
-9678
-8476
-1095
2734
5787
9040
4738
-4800
6200
762
-7277
-7789
-4682
6925
-6406
-3107
-6947
-7798
-7308
-4206
5580
7988
3901
-8585
-3732
4808
-4222
1996
-1594
-4815
-8414
-3013
2202
892
318
9420
-2351
4563
5971
4845
-320
-1286
6116
-4450
9910
-5245
-3658
-5135
-7199
-3562
9092
2245
-3152
6783
-4005
3786
-4639
8432
9070
-2491
671
-5597
8656
6491
-8222
-2472
8873
-1376
-5816
1020
-615
-5999
3997
7626
-8262
4378
-8993
-9975
-9729
-3784
3300
-2507
3821
-9053
1502
-592
-3533
-888
-5004
3077
-2989
-2154
4170
3639
8245
-6225
-8647
-1949
505
-7307
-1176
675
4318
9835
-8452
-3418
-7746
259
5425
7909
2473
-3895
61
-6529
6830
5913
3475
2804
-8765
7804
-4925
555
-182
-414
7895
2193
-5703
1040
3858
8617
-6076
-8863
6196
-590
6196
1309
5942
7595
9109
3258
-7869
-7216
7846
9955
1363
1186
-1070
-4362
-6664
3470
-1218
4556
-8251
8305
7168
-9486
6738
7866
-3642
-6318
-2077
5257
-699
8531
-7602
-7783
2689
3765
3946
-1967
536
-7033
533
-5307
-289
8571
-8154
-9779
212
-843
-9238
8342
-3208
1852
7086
7544
-9284
-4509
5185
-2261
-5807
-1112
3272
-4077
-5285
-8456
678
7926
5214
7241
6200
2322
781
2050
-3908
-2605
725
-8463
-5130
-577
-7907
7025
-5176
-4443
-195
-6023
3379
3715
-6976
5452
216
-1615
-9880
-4023
-3333
8616
-335
8276
-763
-8304
2591
1065
7472
8578
6933
9399
7994
1552
9603
8673
3876
-1138
-8957
-1922
723
-3912
2717
2539
-7912
5179
-8175
2636
7035
4857
-6155
2919
-2114
5319
4312
-9727
-2592
-3422
-6062
4960
-2967
9154
9883
-5033
2689
-9513
-6349
2474
9190
-9152
7297
8544
-6497
379
-3822
463
8384
8141
6574
-1356
-6185
-6505
1815
4379
9611
9073
2250
-7851
-2712
-502
-5984
1999
3874
-9282
1273
9105
5453
9496
-5938
6423
-677
-8844
7404
-3333
-5300
-2528
-8
-7854
4463
1598
8950
6991
-8512
-3079
-60
5630
-8035
2401
-8905
-548
-9479
7562
6798
-9715
2607
5297
6929
422
-2502
-9145
-8848
7959
-6722
-8575
-7800
-2089
1799
-628
-9966
-3789
3607
5998
-4876
1236
4100
7219
3389
2375
-3488
8069
4092
-6111
-1844
-6100
-7482
-420
-8099
7702
-4976
3065
7969
5422
3173
-2825
3501
4239
-2183
-8247
-3422
-2430
7851
-759
2555
-5738
5558
-4256
9828
3486
-9970
-4699
2232
5044
5590
2108
-8883
-9854
3759
-820
-1658
-7871
-7825
298
6898
8593
9890
-5022
-9695
-9825
5127
-6534
2161
232
-5167
-8658
4486
308
-5935
6556
9664
-4663
3413
-4621
-4135
8810
-6119
1307
-3286
-8345
-4165
5552
7408
-1687
-5705
8679
9144
8976
-2222
-3264
-7744
8798
-586
-8615
-2434
-8760
3314
4912
6907
8646
988
-4256
-6174
2086
-9714
6871
7958
-628
4720
4751
7753
-3537
1471
-7074
489
-1379
4718
2247
1379
1061
7137
-6174
7899
-9941
-1081
-9407
4215
-3682
-7069
-2660
3891
3829
291
-1375
-5939
-8817
-2666
-2529
-5960
522
-9601
-9040
4661
-1451
249
-8706
4307
-3535
-1476
4258
-8879
-5387
2015
5498
-6709
3788
1950
7465
6799
1449
-2904
5459
5808
7226
7446
-3907
-5807
-4526
-9824
3454
5898
9749
8385
-2705
-8147
-7003
-6852
8219
-5759
2787
-2433
5849
58
-4924
9165
-8976
4282
-7630
-7908
2305
-1143
9833
-3486
195
-9788
4029
6122
-9810
2185
-2843
9175
5301
-8523
846
-861
6631
3450
-9672
5033
5006
1692
-9861
-3698
5167
-6099
4250
-3271
-6896
5140
-7950
1000
-8987
-1111
1555
-9283
1220
5200
2276
-1138
-1291
7580
2580
-7121
2295
-188
-7861
3489
2922
-8721
-294
4215
-8820
5732
-8974
115
-2686
-6750
864
4856
-890
7550
-2390
568
-4586
-4923
6903
-2324
-629
115
-8179
-2557
2408
3557
-8162
-4735
8449
6
2763
894
-8992
-4083
-2897
5149
-3653
-5435
8891
-688
-8232
-1543
-9212
-1659
-2822
3683
9435
-38
-6938
1152
9905
2737
-121
1727
-484
-5944
2881
2095
9878
5717
-5137
-4889
8864
-9622
-7292
-7250
-2576
4421
8936
-5193
6568
1020
-1758
1137
1785
1817
3036
2027
-106
-7247
-6945
-2953
-8726
-2158
-3737
9982
6391
-5546
-6927
2741
-2761
5630
7508
-6511
-1595
8604
2692
-6709
2588
1127
-5393
9753
-7108
8256
-3078
199
1718
4245
4179
6245
-5666
-6799
-6235
609
-4106
-9309
-2241
3022
2704
3576
6363
8333
-9664
1138
-5963
-351
3521
6731
1803
-923
-2252
61
7691
-1282
-8925
-3134
-479
-5306
-8285
179
7220
-491
-9854
3879
-6940
-7869
-15
6145
516
-1461
421
-8147
2142
1834
-2833
2809
3917
7229
-1587
5528
-7318
-165
-116
6305
8409
9432
1469
3007
-3761
-2545
7505
7665
-9833
-6579
1763
-5386
-5378
815
-5027
7043
8571
1937
-4534
-6327
-8680
-1549
-2287
928
-5412
2547
-5656
2076
1562
-1785
8446
-9904
-9553
-5695
-8932
6983
-1247
-1126
6821
1757
463
7204
-4319
-5894
-5511
5142
-3988
9957
7811
6352
9065
1049
9560
958
3053
2950
-8351
-9087
-7562
2069
2045
-1766
-2321
9573
8133
6838
-7569
-1579
-4312
2621
8641
-3850
-8212
9795
6264
-1349
-7851
909
-8745
8984
237
4867
5144
2768
7417
2603
2801
-3721
-5207
3644
-3135
2218
-2801
3899
3634
8777
462
5983
1150
-4047
5609
-4222
5428
8446
4422
-911
8115
3560
-6306
-6510
787
-4502
-8174
-5589
1689
6196
-1290
-398
-5217
1376
-3028
3305
-8430
439
-9363
-9983
5259
9274
8435
-4733
-6459
3470
1180
7119
9021
-427
882
-2380
9148
3492
-5190
-8670
-5151
-7204
5875
-6723
6975
7171
4675
9931
6866
2276
7481
-5542
1978
-2785
-389
-8506
-8134
-286
-6133
-4559
9790
-5983
4709
9845
2444
-7590
-6531
5316
9498
1128
3070
2675
-2695
-4145
-1352
-7626
-7881
-3525
-9817
5075
6228
-2584
2185
-378
1369
-2431
1881
1721
2555
7184
-7776
509
4254
-1457
-8323
-1857
7544
8367
5442
-6850
-2452
-5583
3259
2594
-5689
7469
-6114
-8934
-7641
-9494
6002
4710
-1191
5210
2808
-3915
-5721
-6658
-8743
-1849
-2570
-7435
-2356
-4317
-5740
6108
-6361
-2545
8951
4136
52
7992
-2709
-1871
-3561
-1368
-7411
8487
7558
9455
8065
7280
348
-1035
598
-5637
3111
-3217
5281
5953
-6467
-1106
-7105
-7710
-1860
-5344
-4188
8139
5434
-6878
4458
6419
-5461
-6558
-8502
2178
6373
6173
-5025
363
7822
2351
-4792
1041
3650
9965
6636
-2126
8509
2092
-7168
8148
-9398
479
294
113
-2673
-266
2109
7393
6361
-9891
544
-3448
-1226
7066
1953
-8780
-78
4187
-8160
2475
9944
4944
3840
-1926
3361
4328
-2474
9011
2994
-6640
-801
7404
9949
-4127
-7416
58
-979
5121
29
5282
-8218
-7404
936
1472
-9356
-3363
-8662
-8102
3775
-1941
-3413
-8708
1935
-1214
-2236
-3266
-5004
-5089
-2030
6330
2657
-9432
4378
-7334
-1122
8112
-7850
-2504
-4270
4104
2796
-3341
-1439
6047
-1310
180
1457
4202
-1964
-1023
3051
-938
-211
-1658
-7753
-3587
-2541
2355
1220
-3597
-1814
9617
4949
9438
-2811
-5179
-2641
-4594
-1338
3481
-3817
4825
9600
-5020
-4619
-7543
696
-4404
-7432
-2181
-685
2021
1852
4817
-2743
4390
-2990
6228
2927
9228
-5775
6614
-4258
-6472
-1522
1650
-2338
6620
-9367
-5929
-1878
594
7683
-1401
-400
8065
48
-8075
-5800
-6616
6854
-890
8708
-2153
2134
8806
-9615
3888
8245
-477
-9439
-6089
9752
-2384
903
-5751
1077
-9056
-203
5333
-1790
8741
-3916
-645
-5584
6943
-4579
-2761
-994
6700
-1524
3536
-573
286
-7154
4689
5141
-9906
-6388
-8461
-7289
55
7696
2424
-5018
-9265
7087
-8881
-344
1984
-4870
5793
4224
-5554
-5526
9607
5977
9972
-5768
-7816
-2568
-9849
3534
4163
8287
948
-4117
3105
-2269
5809
242
1624
-3312
-7536
6014
-6639
-9579
837
2186
-3416
3154
-9382
-8547
8653
-2532
6356
7319
-966
-7457
-8595
8478
4177
-6712
7845
2428
4437
1824
490
8971
-7846
8389
-1619
-9302
3777
1455
-2583
8916
3435
-9516
-6688
-8957
1364
-2280
7969
-5179
5295
3336
-7025
7152
-7360
-9388
7780
4362
-2247
5703
4108
9140
763
-1636
1816
9863
5519
7740
4570
-9837
7577
9006
-211
-5297
4701
4757
1038
-1321
-2224
5043
-2050
2566
551
7540
2638
6814
4209
-1910
-4127
-1486
-1213
7254
8205
-5196
553
-5404
-6220
5450
-2418
-836
-5844
5479
3685
9557
-4404
-4296
1365
1260
9896
6878
-542
7146
1162
7367
3168
2649
2696
984
3800
7597
5354
1115
-235
1308
2154
1066
-3770
-6810
2476
-3411
-4831
-8494
9618
-9940
5219
4270
-5328
-765
7174
2956
4398
3937
-1488
-5179
-1834
-3884
-1926
4828
2140
-3154
-5387
7141
399
-9353
-3406
3911
9389
-7683
1919
7002
-3586
2378
8363
-3599
2104
6258
8940
2340
7349
7078
-737
324
9784
-6418
1237
-9384
-3476
-8175
-7652
3620
-666
6359
5266
-7163
-9963
-5258
-2323
-5117
-5434
-8860
-732
-8762
6977
-7780
7918
8593
-1225
3257
3794
1744
-6480
7920
3388
5940
5646
7440
-5091
-9651
6485
9297
-7722
8618
9516
2928
1145
-37
-2598
-1289
688
6105
3435
8154
3931
7502
-311
5315
-5791
171
1677
5270
-3608
-5883
-3865
-6424
-1441
244
-7242
-4444
1867
-146
-3468
-9848
-8396
5123
-6295
-2721
6926
-2526
-6598
-2225
-715
430
2553
1171
9089
773
7842
-171
3564
-5351
2952
9322
3862
-8640
-5468
6846
1879
-1039
6230
-4734
-1168
-5254
7766
368
4272
-7520
-6139
5444
3777
4675
7808
-5655
-2343
-8814
-4028
1782
-4749
-9418
6699
-4209
7363
3039
6925
5590
9204
5801
8845
-6222
-815
2165
4803
-1919
-1960
7536
7101
9889
-9870
-6727
3467
-8049
706
-4610
7133
4984
-298
-5255
4837
7856
-8196
1113
7793
-3841
-3936
-561
-9787
-3032
9984
-3981
4594
2332
656
-8733
9940
1462
-3758
9958
8305
-2802
-4427
5908
5918
8772
-2638
5718
6239
1800
2518
-3749
-5048
-9637
2735
3593
-5548
-5939
2137
7244
3989
8937
-7779
-3379
-1142
-8035
9414
4662
3759
8388
-5198
1487
8404
2794
3579
-3495
1271
-4510
-9698
5679
-1647
-1016
5112
7492
2234
-1224
3844
-8357
2640
-7396
-5371
-1279
7587
-6094
6768
-4072
4857
-1354
-470
6196
9814
-3685
-1877
5530
1932
3486
3981
-6070
5367
69
-707
9388
3135
-1940
3082
-9322
2944
-839
2177
-730
7598
8286
6352
713
-4685
6163
4808
3665
-771
797
4726
5530
-2582
-9796
-1804
5059
3843
705
-7891
1683
5431
-8376
-2202
-7356
-4191
-4963
3337
-5061
-4138
2859
-9642
6470
-5970
3102
-7372
3937
-6036
67
8053
-3619
-6492
9004
-7976
8148
6791
-8005
-671
4399
-501
-5718
-9436
3191
-7311
-6265
-6545
2145
-518
-3687
378
678
5975
-2345
-5826
9904
-6320
1113
-5822
-590
-3946
2305
-2636
-9625
-5307
-7940
-5395
6623
1211
-7180
-3074
-7297
-538
-1608
-1575
1813
-84
-5008
-4982
4862
-8667
-3863
2625
-5265
7679
1844
3170
-1565
9429
-3780
-9874
-9614
7567
1191
-9189
-5750
-8898
-5370
-7364
-9770
9750
2316
6793
-5972
-118
7965
9050
-9092
8567
2364
-6834
-3435
3256
690
-6410
-6186
1038
3721
1662
-2291
8138
-4890
-2513
-4962
6510
2144
-8385
3883
-1563
8947
-737
-7511
-6566
-7458
-7040
2955
-2090
4913
-6290
-2063
8590
3023
-4545
-951
-4447
-8672
-6276
6027
-906
9893
-8252
645
-3280
-6393
-2761
-2829
-3108
4531
8308
-4522
9721
9043
-1937
3597
2566
8119
-1704
7357
9323
596
-2473
4396
-7879
-2728
4913
-6343
-2042
-2671
2381
2058
5974
2540
-2174
-6949
7409
-6151
6775
2150
9513
-3271
4267
-1756
8953
-687
9414
-8204
5635
5428
3016
-9712
8682
-345
6710
-1437
8494
-9628
-6697
-6429
-4360
4008
9064
2417
5123
2594
6771
8654
8413
-7047
7039
-397
-6137
7764
6095
-663
6566
8157
3663
-3372
-8562
-8347
-4313
-5430
249
2795
5022
9112
7055
9015
874
2217
-694
7904
-1079
1687
9218
-5490
461
7159
-5984
-6567
8907
992
510
-1643
-6340
4469
-2702
-8606
-6673
-4177
-1794
4752
972
4890
-512
-6558
-7427
1792
-3515
-2116
-9980
-5326
-5922
-7715
6374
5419
-606
-1120
-6862
-5574
-235
1097
630
-108
5940
-1848
-4392
-4498
695
-9817
7664
-1151
-3249
-3402
-7009
-6809
341
7423
6186
563
-9761
-1609
4838
-2809
7991
-5670
1629
4077
8468
7360
-1305
4033
8923
-5393
-5672
1812
2404
-9387
-7698
-4122
-4996
-7503
9302
937
-45
3593
6385
-5167
-7858
-16
-6277
-4031
-5722
3358
-3067
294
-1212
-5193
-1492
-6213
-9183
-2529
4507
-2879
-8946
-1176
-7406
-5084
1345
-9080
-173
9527
-5280
6351
-7816
1597
-2384
-2206
-5121
1845
3854
737
-4553
6595
5981
-6769
3909
-3083
5408
-6396
3824
2188
-3621
1317
-7049
796
5558
-2209
-8936
2569
8665
7646
-7088
3337
3602
4331
-9065
-4444
-3556
-221
-363
-1569
-6848
-4255
-110
-7455
-718
-9099
-3978
2235
-1772
1181
6105
6600
7877
-5372
1350
-1392
5262
143
-2621
4467
-8041
-3079
7682
-8198
3281
658
-5443
900
-946
2941
-247
2218
7166
5008
7208
8385
-2148
-5640
898
9665
-9865
1323
4868
-808
2236
6002
-1048
-3721
5295
-1305
-8915
5197
1489
3394
2591
-2966
-2429
9601
-9012
-1321
-2286
1767
7130
-9937
-5372
-8593
7952
2741
-6850
277
-7392
-9063
-7612
-1428
-7582
-105
-1113
4485
7646
-4007
-2556
3537
-3756
-180
-7107
-6541
8521
-9976
-23
2693
1240
5813
1697
-4481
-480
7792
-4874
-9606
-6972
-1474
5456
5347
6643
-288
7331
-9780
-55
-9525
5758
-2436
3375
-8344
-16
3339
-6185
-7907
-3710
-186
8120
713
-6658
2913
-196
2306
8942
-7776
2080
9270
-6055
8319
-1461
-2300
1816
-1029
-5935
8228
6966
6698
-2866
-9346
6997
-2823
3482
-7098
1913
-1562
-8018
-3710
3780
1029
-2296
2845
-7091
-9858
-6742
-5910
4457
-942
972
-933
3300
2702
1633
-1267
-4310
8773
6142
-1043
-5736
2245
6776
644
-954
-3267
9301
-7796
-7636
-7093
1948
-1792
1297
-8702
3100
8458
3078
8372
-7602
150
2345
-7658
-4518
-454
-9680
-5971
7965
7179
6751
-5317
-5007
-6667
-899
-930
2463
-8866
1491
3366
-511
-6518
8472
-4082
4009
1357
808
-8032
6566
-3529
387
-5982
-9041
-8601
3409
1218
-1915
-1211
-7097
-3217
-9505
-9153
-3792
-6066
1161
5382
-4610
-7792
-4263
6851
1175
-6479
2676
-4069
2304
-9778
-17
-4401
-1978
4305
3409
-5713
4725
-8652
6496
-524
6644
9231
1172
2911
4289
-7499
7708
9657
-7256
8640
3643
3496
6389
-1546
-5518
-2275
7926
-8681
-4609
-8202
7421
1405
-4774
3024
-1033
1115
1971
7173
-9430
6792
1838
2119
-8352
1599
-4252
9085
3749
-9395
-4526
-9280
5342
-7780
2908
3246
838
-2091
-6279
-7799
-2199
5980
6710
7929
6221
-653
9968
-5852
3724
-6685
-4340
9432
5220
-1743
-149
496
-418
-7052
-2748
-6641
2318
7111
3991
-1435
-5575
9093
-7407
8394
3455
1772
-8941
-6121
4423
8044
8108
-1321
4875
-1454
-6657
8455
-550
-7091
8218
6858
-1259
94
7180
-3172
6016
-7045
-8372
-5102
8140
6480
3824
-2117
460
-65
-7657
4588
4628
5685
-3761
9356
-6681
9768
-7483
7161
9539
4337
-9928
-4638
4676
5509
-1468
3300
7566
-9877
5967
-3207
-9130
343
6848
-1646
-841
840
-3456
-4123
6892
-7015
2415
574
6937
-8223
-6014
-5757
7838
-8206
-8557
8152
9637
6065
5559
-7303
2155
-6911
8810
6099
9866
609
677
2940
-6775
6288
1461
1148
-119
1548
4939
-8518
-7414
-3786
9911
-6891
5240
-2167
8205
260
3657
2600
9446
8932
9825
-5146
-1940
627
8998
9074
4261
1077
-3090
-1615
-2858
4649
-1584
-6441
691
4621
4698
-7837
-3994
6510
-2101
1208
8067
8040
7357
1467
-9762
-211
7006
7748
-522
7180
-668
6052
-7503
-659
-457
8451
3508
5395
-9768
3769
-1242
-5617
6707
-7291
2211
3061
2329
-6567
-505
7707
-7063
-6946
-3233
-1113
-21
8803
-8815
6641
1535
-4395
2338
6263
1011
8293
-2889
5198
-7037
-4703
-7101
-2514
-848
3694
-5411
-4466
146
-8112
7597
-4869
2780
-5658
3249
-4265
284
-891
-9054
9973
6548
-3944
-2354
-6957
9357
941
8186
1534
-4428
-4390
-7791
-2832
8288
-5270
-1569
-6709
4187
386
8624
6658
4689
7977
-2204
1027
5862
2612
-3348
8120
6118
483
-6797
2660
-717
-2191
-2847
5769
-9442
5066
-4279
-7036
-747
1898
5745
-9149
2490
-8812
5189
221
2092
-6208
-3034
-9130
5606
-899
8592
7934
-5396
3163
1833
4733
7293
3819
-9495
-3574
7627
5834
1390
6385
2282
-587
7529
8361
9117
6634
-2450
-6323
8883
-6594
6450
-3092
-8161
7921
-4524
-6820
-3510
-9057
-9885
-1824
4500
7933
-89
9631
-4990
-2319
-7339
3641
-2063
5898
-5736
700
4866
3632
2094
-1972
-6772
5117
-9315
-9493
-8096
-5790
-5683
-8134
204
-5106
-1738
-6766
-27
5783
-4696
7749
-4880
-4097
4161
-9768
-7572
7033
2703
2728
-1184
-1183
-8595
7938
7467
-4940
-4596
-6156
6596
-2188
-9649
6170
9586
1559
-9395
-6450
-9275
-5497
-4600
3271
885
2679
4757
8387
8292
8580
2578
-4392
-7830
9898
-4395
78
3189
2989
164
7258
-9524
-5040
-6239
1062
5356
-7705
-6322
5627
-9754
4760
6204
1946
1501
-136
7282
-8769
-1197
5936
-4600
9271
-2231
-2725
2260
-7951
505
1202
2052
-5514
1889
-742
6287
-5806
-3123
3988
-6094
-6231
-5638
4750
-7218
701
-7133
-8502
2239
9300
-5977
-2683
4660
-2497
-6706
-159
7295
4043
3678
5649
-43
6305
-7813
6574
4510
-496
-9753
-28
-1721
-1160
5941
-8223
-9965
-8063
-8769
-7991
-2645
3836
2211
2423
9780
-8152
-176
1474
8201
-1165
-5462
-3236
3633
3041
-4498
6918
5212
9606
-2992
583
5782
7188
-4968
8827
-2582
5513
-316
5971
2947
1403
-6905
-1930
-5025
-1596
-5052
-781
5444
2103
-1713
-7062
-19
1713
-6754
6399
-7047
9980
5663
-4460
7288
952
4188
6100
6100
1647
-280
7913
4654
8427
1715
-9065
-8325
-7521
3733
1049
-1905
-6851
9963
-389
8837
6977
-5195
5933
192
927
7869
-1290
2548
-8278
-7682
9927
7163
-3681
-5872
-2255
-8887
-3379
-556
8979
-5911
-8010
-2025
8910
9959
6542
-4871
-9487
-581
-8257
8729
9082
-6649
3597
-8401
-2324
7806
-8466
-6974
7658
4341
9657
-629
-4196
-9527
-4643
451
8789
33
-1052
2474
5277
-2822
3000
1341
-424
-8071
-1444
3049
9250
-1593
760
-9162
-4082
3972
-5059
-8881
-6368
6790
-858
-2297
7563
4747
5065
6783
3572
-9151
-2895
5999
-5704
9781
8902
-922
4363
6908
-3723
-8112
-3350
-8462
-7119
-5676
-5936
7081
110
-8067
-1580
-5498
-6546
-3520
4171
7975
-8396
8609
7880
7389
3750
6998
4811
-3030
-5557
1542
6964
-1302
4801
7086
4219
7020
-1364
43
7424
-9829
-470
-4454
-6154
5279
3139
-1784
-2518
-7042
-9761
7677
3455
-9926
5924
6108
-1134
-5734
6033
7296
-6038
6544
4217
-9272
561
5044
-9041
-2169
238
-2314
7922
-7532
-3298
7512
9170
-3027
1887
-405
-377
8598
-5967
3250
1599
5701
1152
987
995
-8671
-6515
4853
-6413
5790
857
-5609
4381
7197
2193
9731
-2315
-9835
7271
-2552
-1356
5795
3540
5912
5362
7744
-9910
8581
9785
3228
-8838
-6674
-2883
6489
-1051
6929
-8479
-9546
-4140
-7736
-6930
-4724
7815
5171
4503
1471
2859
229
5258
7092
3193
-7438
-4611
-3890
4425
-1560
-4863
-4054
5942
6690
-3367
-3861
-6140
2794
5884
-5845
-1963
1997
3348
1215
-1549
-5595
9837
-9680
2279
-5943
3483
-9901
2412
5728
2985
6716
-6561
-1769
770
-5159
-514
239
1747
-8295
-5527
7688
3013
-7377
2646
2451
4840
-8852
-4455
3026
3633
1240
-4673
2396
512
28
-6271
-5874
-9385
2216
-974
9945
-6290
-932
1706
-8458
653
7774
6524
4251
9212
-8860
-5603
-4810
-9031
6897
2822
-1158
9012
-3330
-3765
260
1882
1983
746
5924
-7660
374
3679
5288
260
-9680
8206
9577
-2281
-616
-7109
-4299
3413
-7709
9505
-1876
7766
-803
-2402
-4719
5181
5935
5827
-8086
-1125
435
-8739
-3049
281
-3946
8851
-2515
2626
-9842
-9937
6563
3223
5001
5052
9683
6880
7466
941
-9489
4258
2747
-1498
4938
-1393
9152
-8425
1927
-430
4571
6828
-8606
4721
-6622
3039
3212
-4276
-9682
6946
-1454
986
9519
2294
4949
-7179
-1991
5123
-7347
9940
-1195
7217
-4694
9489
-3617
-1167
-2128
4180
136
-5756
-791
-9878
-9704
-9185
-1968
5652
1107
5854
-2583
-8748
-8949
-6714
-2357
-3857
-4472
-4575
5559
-7097
7401
-80
-5278
-8872
-4240
-8299
-4576
8243
-1210
6435
-2912
1703
-567
-124
2247
460
-4320
-2129
1756
7858
-1464
441
-9859
7936
387
2370
5126
-5045
-5631
6027
-9048
-5619
-9782
-6597
-6637
-4830
1020
645
8405
-9324
-6614
-4213
7101
7944
-4239
-6040
3724
4269
4931
1459
-1772
379
9204
-9854
8221
-6729
-3116
9048
-4495
5914
-4418
5757
3789
399
-9255
5172
5115
-1401
4540
3538
7495
2549
4021
-8651
8778
445
-352
5198
-8964
8189
-9326
4020
-3714
-1148
7635
7303
6658
-8616
-9215
117
3652
7273
1020
3837
7438
8465
-9701
-7892
-3536
4781
-1240
-1332
9972
-7559
-9444
808
9120
-1307
350
2958
-8129
-6050
-1628
-5332
-5688
439
653
-4815
-8180
1243
-5641
8074
5518
-1818
3364
4526
5172
7060
-1107
7125
2818
-2352
4605
-3729
-6115
-7125
3216
-1706
8762
6662
1981
8974
6680
-9280
5455
-5479
2813
1528
-3339
-8730
-8227
2045
3524
708
2300
8546
599
968
7462
-9517
-7406
-6876
481
5385
5210
-4467
-4475
2188
-4405
172
4450
5403
79
-2683
1926
-1919
-8781
-7120
393
-1551
7638
8199
-159
4044
2279
-4130
-4078
6523
-9534
-685
8028
4792
6734
4965
-6516
8215
-2503
-7015
-6611
5347
755
-8224
1928
-290
4531
-5677
4849
-2242
-9964
-7012
8059
-1439
7727
-6965
2435
-3516
-6940
4132
-768
3531
-9579
5946
-8812
1375
-4380
-2485
-9118
-7004
-7149
4083
6567
-1363
5769
-3836
-9383
-1052
-3429
-2083
-1598
-7193
-5458
-5926
-6225
-4208
-3781
-8504
-2461
7617
252
234
-7277
7205
1286
7316
3480
1080
-1032
-5609
596
8699
5076
-4690
-7997
-6321
-6680
6779
-3768
9087
1116
3585
805
1573
3277
9750
4342
-5045
-9287
9672
-8181
9437
2797
5489
-1040
-3370
8144
-5969
-1142
9547
-5577
9871
-8952
1300
6336
8964
6462
-4673
-3700
-7325
-347
1957
-2716
4592
8065
7702
8574
9179
-9660
-8178
8326
6354
-6919
38
-3707
3272
-6658
-6334
4484
-8629
295
-2081
2301
1862
-7298
-2280
2717
-4278
-252
-5579
-4767
-9127
3103
2883
-876
5645
-4607
-4865
6702
754
-9527
5051
5893
-795
3989
7141
1828
-3868
8959
3120
9371
-7704
-325
2612
-5223
-4467
-4513
-3232
539
336
6595
-937
3825
-7397
-5484
-9425
-5144
2246
6889
-2389
3338
9512
-8998
-3001
4651
6871
6410
9771
7540
1645
1809
-3397
-9305
9096
149
-7812
4943
-8463
-6841
-7781
9839
7018
300
-2770
7063
-5059
-7333
-8049
365
-6325
-941
-5728
8731
-9411
-3111
5022
-8549
-2281
7323
-2974
6324
-6979
-7492
-1418
-8020
-5615
-320
3052
8596
-6778
-1615
-9696
-981
-9261
104
998
-96
-234
-1681
9697
8010
-1591
6763
-6924
-8217
-3099
3355
-1402
4680
6971
9914
-5197
1723
1003
-8531
-4924
5056
7582
-1364
2798
5502
8021
-8561
-839
-5347
-8619
-8887
-9170
7277
8588
-8469
3876
-1843
3072
3575
-1980
-5116
710
-8300
8853
1056
-8565
-2326
-9837
3443
-3967
-5642
-1846
4755
-2949
-1387
7934
-9483
-8601
7363
-821
-4057
-9836
1575
5134
-4076
6672
-9676
370
-3140
-4329
5435
-8006
2894
8698
-7621
-6866
8604
6784
6281
2230
-61
-3339
3642
-4312
6826
2644
8321
-7590
-793
-9630
-6612
-1178
6681
4418
-513
4062
-706
-266
-2469
1312
8490
-305
7272
1912
-5489
-3167
-1158
-8468
-3369
3556
7043
282
-159
-4577
7591
-8636
-5916
-6967
5018
7824
4617
-6676
3469
4660
-2442
6481
9403
-33
1998
8957
-3517
5618
3983
6350
5450
8084
8250
-4762
-1477
-9526
-5206
8893
-8288
-7602
-6702
-9708
-5014
-1562
8170
-3117
-1920
1465
2704
2703
-5178
-5530
4777
4
5400
147
-1214
-3423
-1316
-9357
-854
-1537
5320
-7715
-2233
1263
-403
5916
-5455
-3532
1774
-1454
-8934
-7856
-3565
-3363
7832
9785
-8503
6110
6828
9247
8146
-3498
-2209
-196
2516
2963
-6306
7880
6815
-6946
1642
9271
-2243
-8872
-875
4608
-5924
-4330
-3893
652
701
3204
-5443
2630
9952
757
-9572
-9581
8315
-1281
-8621
9400
-6227
-4660
-5318
-4820
9086
-8368
-7213
7787
7208
1265
-2149
-2720
1315
3153
-3959
5744
-5034
-1573
-8767
4176
-5633
1216
-9360
-585
2620
7348
-4528
-3817
-8692
-9626
-16
8579
-283
5165
-569
-412
-7564
-6594
-3567
1421
6839
-1885
304
-8383
-8756
1223
-1799
5115
-7537
5693
2763
5194
1406
-5756
-8171
-5569
-3991
-1974
1255
5322
7565
-8765
3198
4921
-2727
-372
-7014
4559
-2207
-380
-6364
-7872
-1174
-2724
-3288
5375
-791
3864
-6842
6505
-9447
-2194
2535
-879
9216
5881
5919
5947
3859
-6494
-4510
-1994
5063
-2470
5450
-9802
1360
8831
-7657
8570
1321
8941
-4026
-9595
-7450
-3209
-79
-8839
7568
-6172
9409
4674
-2093
1104
-4114
747
-4010
-6867
-8539
2420
-1145
-8390
-5109
6636
-7561
3615
-5759
6644
-2685
9878
-1709
9597
4902
3662
-2367
3587
4223
-7952
-6668
4551
-5535
-794
-927
1332
6696
1797
-1708
-7197
357
9372
-4692
-3411
-2161
-952
-9116
-9802
3839
-798
1691
-2106
-1868
8515
6939
-3958
483
8884
6901
-2911
7684
7141
3716
9885
-4113
-4714
358
-5044
-1409
-3129
-9722
-4241
-7702
-3270
-1295
-2965
-6871
-4486
1417
3111
-2309
-3781
-3792
-120
-1614
5302
-1067
-5264
-7123
6063
-5775
4788
9325
-3472
-9201
-2864
5151
4169
-371
-6003
6993
123
-4868
6636
-5719
5911
4824
-2559
2889
370
1342
-3551
1615
-5184
-2102
-6652
-4671
-7419
-4674
-7350
6475
9101
6964
-1121
-2604
-1701
-2430
6375
-3319
-5454
3236
9020
-9615
5581
1082
-6731
-2095
1579
-8082
7591
9479
8891
-4332
-1486
-6023
5704
2156
-5943
-1686
-1565
-7773
-1048
-7759
-2257
-3690
8657
-9491
4751
1343
-8312
-4019
-4072
4518
-6427
-7554
1200
3083
1115
-3611
-5725
3135
4695
5698
6733
4457
-8732
1964
-4584
4069
-183
9446
4299
-4066
-492
-2322
8338
3133
-4948
4419
1181
6583
3586
-6024
-1415
-4632
3162
-5093
9913
5343
-5416
-3177
357
-4843
-2664
215
-5082
3465
-1508
4241
8099
-4099
2410
-7004
-878
9218
-3740
6455
8510
-787
-910
6209
-5644
-1018
1837
5581
-5499
-4494
4625
1322
-5368
-1238
4298
-8445
6859
1895
-4218
7972
-6063
8035
-7342
-6828
1791
-9480
124
-7201
-574
1901
5802
1025
-4496
-2572
-1979
-3026
-2597
-8741
1873
1699
-850
5662
1702
-5370
2322
-2135
-9446
51
-1451
8667
7274
7630
-302
-4819
-2839
5501
-7996
3091
-4095
9034
7738
-2552
-7747
6985
9350
-3425
7213
5673
1593
-7419
-4446
-6372
8215
-5859
424
7494
-6094
6019
-743
-4310
-9834
8447
125
3776
-3122
7084
-4861
5231
4895
5795
-4956
6766
-881
-7393
-5547
2550
286
-7079
7022
4523
-3504
-3104
2389
-2355
768
808
9885
5367
4196
2487
3883
6565
9654
5428
8394
3942
9627
-913
1438
8966
3728
-1454
-7440
-9516
-7726
2360
4382
-2655
-1689
4647
-1049
-8763
-6803
-1639
-4517
-1755
-5214
-9847
5355
-3274
2979
7233
-5863
849
4474
8241
1448
-4760
-1567
822
-3820
2378
-6082
1758
8100
8147
6021
-1005
-7359
1469
5735
5967
-1170
-7631
4925
47
-1300
-1550
2652
5573
-8486
-9687
-6242
-514
-4653
-4096
4390
-4564
4638
-3798
-2768
5892
-5694
-442
4709
-4586
-332
-7262
-8561
-8472
-5488
3974
-5152
-7887
7664
-8543
4091
-7589
2063
-5524
6469
-803
-2126
1149
-6372
-2681
7547
4464
1948
-5842
435
7596
-2719
-3035
-9044
3797
2513
-5477
7851
257
-3837
4133
-2705
3215
6234
7838
4905
6036
-3207
2804
-3965
-184
6035
-80
5923
972
2818
1208
-1147
6277
1958
-1536
-3007
9914
-3030
-4369
9342
5414
-4105
3377
-434
5882
-1039
9201
3329
-9600
-8838
-3907
2807
6126
2607
-6610
6706
7434
-2287
-1481
5327
-9215
3925
1289
-8354
-297
5396
6734
-1946
2578
-8738
-9161
139
-6627
-2253
-6321
4857
4152
-3849
6622
426
-5923
6563
-7410
7400
1094
8536
-3718
7190
-9311
-2317
-5338
-4420
8002
-2338
-1548
6186
-2656
-3634
-170
-9627
-293
8398
-5665
4874
1335
-7514
7400
6543
274
-9346
7373
-995
-3585
-874
-9618
3900
-6156
-5850
1428
4895
9519
2520
-2896
7412
8489
-2058
-1036
-3940
562
-45
8608
-7537
-880
-9210
2240
5774
-1525
4182
-3207
-9717
-4818
2849
-8472
4018
9412
1663
8748
8772
9274
-4073
4500
-8279
2520
6890
-1796
309
-2455
-4426
-5799
-2765
-8215
4837
-6186
-9550
-5120
2959
2066
-305
1028
4026
-895
2527
-8219
4679
9275
6717
-3164
1924
-7951
-369
7193
9927
372
2601
-5714
-3330
-5853
-8206
-2275
-4283
-9454
-6636
-5398
-3331
2015
1886
2392
2000
8534
-2453
1060
-4703
-2534
2445
-7324
9186
597
-7060
4036
-8780
4697
-49
2417
-1016
-4970
7215
4546
-1095
4337
4357
6574
-3234
1641
-3254
-3641
-9899
3543
8939
248
9137
9847
667
-8303
-6359
-1692
3513
-786
-4567
-7165
5963
4612
8099
-209
-335
8063
-7016
9100
6950
-7689
-2486
6769
-565
5235
243
-9248
-7308
6414
-8661
6525
-6067
3181
3016
5436
-338
8074
-791
2957
-9425
8267
-7016
-4306
1733
5934
358
-3992
-7155
-5270
-3601
2110
-8541
-1990
-5308
-6911
-1810
3773
7155
7510
-9542
4894
-2939
4193
1553
2265
4504
3900
-5007
-9544
2821
1634
-8397
-5719
-450
-8552
-5149
-4807
-2876
3406
-7919
2167
-2267
9938
8566
2414
655
823
-6504
-7428
-8303
1185
-4233
7470
4212
-219
-4234
-1815
5813
-4474
1101
4700
-5148
4326
5323
7036
9529
6945
-7439
1219
-2966
6154
-5502
-9410
-3074
-4859
-3770
7129
4131
-3486
-1307
-1443
-8685
-7121
-9524
-6098
5496
4627
-3207
-9669
-5268
-3451
1526
-7875
5044
-7556
217
-5716
9731
1199
-7543
8941
-4225
581
3524
6237
-1774
-9249
-6479
-9866
-207
8279
-4487
-1780
9110
-2314
3808
1085
-6679
-6564
-4436
-4623
9235
-3318
188
-633
-9912
-1042
-9256
9403
5789
5902
637
7769
-3280
8891
712
2404
-6082
200
152
-6654
264
-9252
9306
-6285
-4293
-2477
-8256
-103
9151
-7091
5295
8318
-893
8567
-7983
4064
3067
1126
7476
6018
-5171
9958
4637
-6925
5243
9827
7551
-3134
8036
1879
3474
7293
4528
-1250
546
6727
7210
2101
2374
8494
9538
-609
9066
429
-5986
7997
-9356
-2688
5378
1111
-1496
-4192
2265
-4748
-2612
5753
-797
5553
8507
-1851
6002
-7502
-5945
-9361
-5736
6324
2604
3010
890
-2898
3867
-8750
7552
-3088
-4537
730
1931
2513
7364
114
-9853
-1779
-52
-3364
-2529
-7982
-4726
-4419
3712
-5473
-5587
-6166
-7026
9182
-552
6052
6458
6910
1525
4882
3500
-9501
-8966
3363
-2716
5853
-9000
7417
-8822
5821
5779
-4863
6901
3684
-6967
-3280
-7469
646
9597
-4411
6498
-7398
9914
-7111
9509
5228
-802
9377
-973
-8864
9589
-8692
7536
-6232
9150
-730
9881
-2355
-1409
-6396
-4859
6391
-4703
-6369
-8996
9362
4740
6406
-4730
-1286
905
-2670
6433
-9697
814
-5983
-91
7890
-3359
8568
-4407
2433
-1264
5593
-6919
-2895
-156
8112
2582
609
-4951
-1134
-6686
-1929
4689
3080
-2577
6465
-1688
675
-985
-595
-5686
-7716
-7908
6923
-2095
-8480
1796
2136
-8465
7889
-3001
9920
-2402
-9259
-8156
250
-8353
6903
-7772
-3229
-6908
-9780
7714
-1084
-1479
-7570
-8759
-8531
-4850
3302
-1952
5152
9582
4938
-8770
-558
-8235
1498
-9867
-1099
-2793
-3546
-6475
-8949
541
987
-1709
-7769
9339
-5353
195
8886
-6573
2873
-2015
-4458
-161
-3040
-7777
5645
8756
5812
-3895
-4794
8445
5792
2434
-173
9158
723
-445
-2687
4460
4160
-4912
3460
-5369
6355
-1251
-8583
-9078
7139
3628
-3130
-2724
2655
5365
551
-835
9928
-7968
9317
6976
3868
8394
-3041
-7918
-4681
1057
-4319
-6104
-1671
-4040
-5683
-4853
-8975
5015
4462
-8226
2485
472
-8829
9031
7938
169
-5260
-7585
4786
516
-7185
-8335
-9647
1475
7557
7515
-3503
-8788
6061
-699
-6762
9509
7918
8932
-5751
-9146
-3369
7389
2860
-933
8277
-4399
2519
-4000
2584
3440
9957
1423
5329
-4791
2994
-7818
-6344
-7967
-6001
2807
989
-1221
-348
6253
8569
-2282
-6419
3173
248
4286
4782
-9834
-496
-31
5174
8103
-1921
3833
-9380
-1658
-4907
-8212
-667
-6106
4037
-508
2257
5770
7686
-70
1746
-9338
-3735
2489
-2825
6512
9988
-1649
-8376
-9919
-5120
3457
-1924
-1652
9573
9221
7754
6014
3223
1901
-5155
-1666
-4567
6999
305
3960
-3502
8691
-8696
9450
3322
9498
-8681
-3497
-9324
2614
-2733
2694
-9824
-1288
5638
9367
927
-3401
-8695
8917
7315
-9772
2627
-5602
-852
-3628
-528
1911
3617
2839
-2148
-2701
4376
8363
-2525
425
8056
3761
8916
-4033
-1156
-6319
2277
2822
3767
5872
8468
9392
-6049
-1951
9901
-4801
8229
7916
-3381
-8535
-9363
-5063
-1736
-5499
-2399
-7867
-6998
-2634
8707
-7060
7126
4267
-4560
9176
-2073
2977
3037
8190
-2871
-2264
-3535
-8159
-862
1790
-924
9107
3178
6
2084
-7328
322
-8138
-4127
-2406
-1465
-4481
-9978
-3407
-3845
2346
423
7607
4216
-8365
-9788
4270
-2126
-3672
-3010
4852
-5878
-5303
6581
-552
-5724
4572
1404
5529
6734
6379
-7237
-8430
-8003
4549
-8367
249
-7775
7922
4079
-6297
8611
3991
-2683
-8046
-574
244
-7983
-713
-2899
-2939
-6515
281
-1839
5838
1917
-3256
-5353
6696
-1793
5178
-7173
-9154
3827
7164
-978
8994
7506
-8817
3603
6482
6211
5616
-1683
4247
5332
-5431
8258
-5921
-1063
-5928
4741
7667
9172
-3321
845
1144
-4881
6196
2976
6252
-1299
2357
-882
5238
-9156
-8184
2733
-7660
-5981
-4318
-5812
-417
-146
3292
-8740
4013
691
4256
-3572
6104
-3259
1438
1113
-1422
9165
-53
4400
-1186
-9983
-8111
-7362
-526
-1219
1805
5221
7510
-4374
-3452
7522
2602
-1619
-7337
-6376
3074
-6046
-6967
8715
-1181
-85
-3081
7585
3437
-2991
-6542
4664
-4292
3424
8039
-75
-9591
2571
5411
3102
-6684
1532
-1846
9432
-9208
-7303
7274
-1031
-701
6288
-6750
-8715
4886
-2416
-8850
-4084
60
-6878
-2001
2886
-5956
8855
7338
5122
-723
-9449
-2164
6318
-9402
-3251
-8432
-3085
5377
-164
-235
-1828
-6066
-5581
-2316
2095
9197
-7701
4964
-8304
-9593
-2545
-1939
4436
-7324
5644
-3910
-3874
5420
-4288
2152
-4381
3949
-708
2776
-2047
5873
-5547
7036
-7374
-2587
-8276
6542
-455
-3317
373
-5777
4404
-5537
-349
-994
-9841
9769
8352
2602
-5433
2266
6920
-7480
3622
6044
-9570
1317
-3270
-4816
-546
6038
6299
1579
322
-2615
-3880
-5862
-1966
-130
-8239
6906
-2038
-9218
4821
-2554
2323
-8239
-2388
5715
-1193
-4320
4978
-9696
-2825
-67
-9314
-4474
11
-7928
6302
-5522
8714
6317
-8311
-3908
8594
-5456
3592
-6719
9883
-1807
9815
-6800
1936
-4296
-9042
3838
-712
-7180
5586
2434
4159
-8185
-1898
8354
-6026
8533
8034
4854
-3210
-8881
1235
4770
-3426
-5254
5178
1733
9315
1596
-4227
-9625
-4972
-341
-1628
9011
448
-7734
462
-575
8212
-6445
7351
-4412
-5793
4287
-6497
-7439
4719
8556
4108
6889
-8318
-5618
-6015
-2947
-6417
-8348
4857
3904
1904
8756
5544
5142
-9791
-609
7128
5666
8115
2251
379
-5902
-2878
2111
4023
3808
4815
-1790
-7273
4775
7048
-4650
-5917
9664
8208
9490
-107
-4786
-3441
6547
9570
-6332
-7662
5380
6250
-9859
-614
-6549
-2792
2124
109
-9558
-6308
-1117
-4624
-9864
3386
-1795
1638
126
-9929
8725
-4294
-2399
-6055
-3040
-8979
-9068
-1070
7323
427
597
-6448
-8768
8389
292
-75
5449
8145
-1799
-7440
-4070
-3604
9613
-8132
-8878
-907
1787
1378
-269
8989
-5015
5113
9019
-3950
5031
4349
-1785
-7537
-2234
-7723
7636
8247
-3530
7233
7577
-8435
8875
-6929
2154
-2957
-6094
1329
1187
-9117
-2957
-3922
-6087
5905
1901
-7500
2307
-3578
-2484
5858
-1658
1933
-6935
5055
5059
-8177
4445
5111
-3428
6094
-817
2277
3055
3669
7601
9084
4679
4314
5744
4975
4501
8966
-9628
9751
-4649
9412
-5270
-7983
8837
9312
9427
-2676
-8457
1164
5915
8558
9688
-9776
9911
-212
6758
-6917
6041
4948
-4095
-2496
-8247
-1222
9970
-6814
7933
-9674
3626
-5929
5802
-6387
-1
-3213
6792
-9734
-9330
3063
-7950
9259
-6268
-7307
2570
4915
9437
-6210
-9598
6701
-9314
2554
-1177
2536
-2774
612
7583
-3375
6890
9769
8019
3581
-2076
7736
-219
7997
3981
-8997
-1230
2864
-9466
3150
-1138
1657
9472
-6976
-1558
-2050
6743
4025
1746
2334
8875
-9485
3706
7359
4078
-1493
-9098
8159
-7642
-7980
8389
-3518
-2938
4760
-9755
-2955
8068
-5764
3528
-4839
3969
-472
-6881
-8601
4212
3796
3565
-5127
-4039
5136
-203
-4715
4504
3503
-2030
-997
3960
-6395
-263
1386
8033
-2184
5839
1916
-6749
6530
4581
-7704
8357
6428
-8096
4481
2633
4143
5171
2426
-7151
9441
7999
-8874
6948
-5192
-6887
9882
-1072
7325
-1057
-240
-6512
-5296
166
1866
380
701
4212
-2943
-5390
1407
-22
1507
-9387
-7072
3284
-8511
5563
-4806
9108
-4452
-8744
-1324
1108
2000
6046
-8205
8470
-1868
-454
8213
-646
-9537
4694
-1811
7942
3368
-6427
4229
-2979
-174
-4703
-5495
-7386
3925
2953
392
7410
3761
1971
-5748
-966
9831
7193
5116
2101
1580
-4919
-4399
4459
-7988
401
-23
3847
5809
7301
-1170
-5626
-2682
5278
-5747
5911
-7346
-1698
-3268
7343
1020
-2509
-9683
-4680
6814
4896
-3371
3668
-6394
-1980
-3120
-5828
-7557
-4381
-4182
4717
3057
3904
6252
4271
-4637
7780
4711
-1763
9078
336
-7195
5292
709
-451
-2214
2407
-298
-1866
1271
6307
2983
2360
-811
-5876
9807
2538
-1831
1261
-5144
-645
7514
-5553
-6139
3278
-5935
9504
3250
-5444
9889
6846
-2260
5951
-1602
5687
1474
207
-6720
-3202
2443
-7681
5295
-4731
6959
4994
6677
-8720
-8413
-6744
-6822
-4409
-8475
-5680
8815
1745
-5029
2286
-7182
-9608
2385
2210
-8055
7539
1078
3902
9634
-8320
-1210
7970
8863
-1538
-1616
1011
1391
2249
7043
3031
-6014
-4706
-4498
-2980
-5303
2177
-8977
2716
-1456
884
-6574
-5529
3365
3979
-5665
6798
-8897
-877
6416
4078
5695
8070
-1617
-7766
3414
-9622
-6608
-9685
6319
-1697
-1123
5783
-5113
8850
8096
-2345
-7989
1038
2560
-851
-6181
4709
-856
7860
3674
5947
-2592
9160
2410
-555
2747
-4050
1241
-6411
-4213
180
-75
-1648
-9632
-9221
-4739
-2658
4059
-5428
-5796
6574
5167
-9946
3831
7704
-4312
5836
-9032
5604
95
8027
6594
-722
4097
6452
-262
8256
-9804
6544
-6608
-3770
-453
3472
-5884
4146
7554
-7573
-6799
-965
9442
-2611
5819
653
5514
6255
-3682
4099
-1007
2624
-8932
1029
3282
-9393
-6746
1346
5729
8146
1120
-4962
116
-8494
-7437
-4272
-67
-3038
3409
8682
-399
-6478
4768
3743
4589
5546
2002
-8025
8475
9612
-1937
7951
7802
-2265
-5711
-3377
1976
7997
-979
8910
-5710
-7357
371
1715
-5980
735
9007
8189
-7030
-6835
-2223
-3445
3404
-655
6507
-2637
9248
1610
-5325
-2420
-6200
-3313
-6218
4670
-8590
7841
4219
2909
6540
-3888
-1704
-8143
-63
6589
-9226
-164
-1445
1260
8449
-5207
-4507
-9421
9401
5388
7508
-4401
6506
3442
3986
9456
1102
4806
-8121
-3912
5456
-5739
4135
9836
-4593
-4192
-626
-4210
-6577
1004
-80
-4531
6310
6758
-4290
-4098
5520
-8593
-2023
-9557
-5927
-7811
-7721
-9188
4376
-158
-5776
-1338
4185
-5144
1680
-3843
7902
1515
-7167
-6445
8924
9812
-5023
1768
6037
7469
6233
-2986
-9908
4195
-3560
8815
-7902
-5105
-3407
-475
1785
-4389
584
-3162
612
9402
-3814
7962
8012
-1299
-8449
-279
7378
2917
3130
3042
4157
125
-7869
1286
-3053
1918
4761
-1829
9167
-3893
-2610
5483
9519
2887
-2591
9121
8325
-9370
8217
-5770
2072
823
9886
-704
734
7093
3380
2812
-2649
6543
2420
8546
9517
-2225
-1355
8877
-3755
7218
4541
-1380
-7368
-8263
2066
-9647
8075
2314
9516
-1667
7107
45
9913
-4029
-5447
1128
-2491
-3294
-1457
4991
-4952
-9237
9625
-8261
-8734
-4236
-3473
-9570
2654
-3807
3692
1391
-588
-8673
-1523
-2951
-1144
-8716
7202
93
6945
-4462
4268
-6645
-7896
6376
-4615
-7670
-4958
8763
7387
9460
7790
-2542
2507
-1050
3729
-940
-4662
-8698
-4921
-3004
6775
6259
7855
-505
6914
4499
6218
6399
7739
4270
-5928
9483
5817
-6727
4088
-4682
-4631
9058
6128
7735
7195
2706
5233
-413
-7619
7952
4141
-5745
9697
7636
-5312
9387
7452
-8230
1453
-9207
9907
8491
7832
-8089
8215
-1477
5676
-4184
-5193
-4254
5652
7431
1081
-9572
9147
9085
6763
-8241
7930
-5337
3326
9480
-939
-5602
9434
8260
-7244
-2963
7738
6843
2051
1755
-4921
3402
1456
-8565
-5490
-6669
2685
-3388
-9777
-1660
7475
9427
-2779
-2490
-6874
420
-6549
-6900
1891
-7620
-6596
-7244
6903
-8894
3833
2530
1737
-3944
-9487
7910
2895
4857
1724
-1619
8119
-712
8501
-8405
-469
2648
-4837
4282
6278
6380
-4188
-3635
-4296
2931
-8753
1075
-751
3628
4797
2858
-8390
-5534
1269
2471
5978
1727
77
6225
9034
4118
-2227
-8421
6014
2669
-1843
7519
1764
-9719
-583
361
-9674
-8764
-9429
-1408
-3721
5328
-277
-3274
-1154
5498
3515
2591
-6123
2655
3796
986
8323
725
-8484
-442
-9855
-7692
3801
3983
996
1524
-3859
-2269
5999
-3497
-909
-9842
-6989
-2363
-3214
8276
8574
4531
6715
-5962
-2173
-3926
325
4588
5828
-8561
1008
8571
-8058
6014
-7480
-9103
4427
-5299
-8229
-6650
-3754
-4457
-4840
5994
9358
-5173
9588
1030
5498
1726
118
6736
-3140
-7677
6158
6964
-2562
8217
3236
-5267
-8078
-9442
756
-1676
-6207
8565
3736
-2349
6010
3511
-8192
-5345
-3955
-4014
1317
7857
-8316
7566
3378
-7019
9657
-4946
-9822
7232
-899
-4462
-3672
5391
1087
-7842
1847
8445
9963
-1970
-1615
2962
-9629
-5634
-3437
9553
-2401
-2053
-7276
4726
-8419
-6832
-2015
-9382
-2589
-1770
-8675
-3399
6402
-5135
-2531
8948
-4104
1704
1752
3008
8859
7061
1593
-7860
-4093
6233
-2926
2569
8486
-4984
-5891
-3468
8859
2983
-1635
7193
9311
8989
-2760
4192
-6091
7980
-979
-9528
-2958
-795
-2406
7977
-1578
1837
-4580
-6414
9343
-1561
-6237
7650
-9426
7316
-7074
-6009
-1484
-305
-2502
-6402
6337
9649
1516
-6018
3541
4603
-3103
-3188
-8743
-4040
949
-6876
4047
-6474
4108
6337
-239
37
-2950
8408
9147
-5348
7673
-8920
5518
-32
-3607
-9599
-7514
-6572
-2821
8928
-1920
4775
9282
1838
-9899
-3563
3437
-5555
26
5419
994
-2104
-5534
5619
-208
-6709
-8551
8960
1187
-3759
-693
9210
-4356
7950
-3072
3777
-5018
-1623
-984
-6370
6723
-3798
5888
-8911
9507
4639
3115
-4546
9060
-5300
6954
4788
-2915
9514
-3032
-5517
-628
8491
-2616
5945
-7612
-98
-8593
-1188
4336
8047
7499
8134
3456
5086
6472
-2370
-1771
-4074
-6921
2509
-5864
8818
9623
-5674
-1615
2984
8493
-1081
4663
5066
3875
-7132
-7864
8933
6906
9729
4718
-8477
3338
8738
8195
8292
-2411
-6153
4288
-481
3853
943
3208
8427
1068
5915
570
-2965
4596
4045
1791
2256
5118
-6042
-6501
1095
6359
9714
-1981
6680
8921
-3392
6853
5579
-4197
8026
4893
-7041
8248
41
-3476
5461
-7429
-7798
-8247
3519
-9020
5786
-5651
2907
-9083
-5637
-1031
8558
5922
-3010
4363
2486
4596
-4297
-1244
3254
5617
-2439
896
4245
-4146
-1834
-3268
-4581
-7787
-922
9788
8331
8312
2115
-1630
2813
-9321
-5823
-4158
-3512
-3182
-866
8043
-8743
-4025
-1806
-9726
-4588
-4530
3468
1677
-6514
2151
7050
4888
-2441
-3686
-1494
7473
5561
4427
-4789
6051
8289
4932
7130
7736
-238
6528
-2436
8948
-7905
6178
-8769
-3517
-9135
-157
-4069
-6846
-8919
500
-2701
-7187
-289
828
6164
2042
-2825
1706
-8450
9241
5437
-443
-9618
6503
-1666
-3483
8857
-3862
-919
3009
6679
9309
5000
7999
2677
9055
4941
4094
-8903
-765
-282
2036
1697
4296
-4306
-3318
8079
5766
437
3000
-2889
-8572
-2470
7241
-7568
2345
-3576
-8004
-2818
6804
-4304
-4168
-5388
7781
-5621
-822
7867
9192
-434
-7791
-4154
8726
-1021
2980
-3108
-9510
7644
-9015
-3776
-5599
2506
8848
-7349
8954
9774
2438
-8595
-1041
600
4556
-3017
-2622
6242
1939
5847
7871
-9038
9048
2906
7481
-6709
2829
-765
-8030
9461
2812
3017
8398
-992
8246
8879
8035
5042
3696
5170
-2073
72
8979
-944
-7658
-4537
-9762
-8008
8596
3306
-4939
-4890
-1723
-2874
-2024
-3089
7042
6787
4783
-7537
142
7746
5951
8204
-928
2747
4692
-7533
-167
699
3962
-77
-1834
-4978
3146
7089
-8774
-3685
-2176
3381
654
-8316
-6195
3096
-4297
-5846
5652
-3740
4053
8010
6055
6038
6716
2751
-7058
-2210
-4469
5099
-6225
7768
-475
-8511
-5291
5064
5479
7580
-6714
6362
-292
-5157
1909
-5415
-7232
7060
3358
5243
8598
-7242
187
-9188
319
5141
-9178
-8569
8732
9128
-7442
-7000
678
-6388
2915
-2002
9391
8451
-626
-7959
-9072
606
5551
4330
9884
-9575
3264
-7916
1353
-6987
-8213
441
6086
-865
-3057
-5204
-6673
-4985
-5470
-3904
3309
-6036
2828
1234
8263
2137
7945
6302
-3442
9667
8595
-471
4930
-4552
1733
-6464
5976
-2489
-2761
-9303
2371
-5658
-8418
-9214
-7034
3517
5653
6646
7885
-4515
5195
-7593
-5416
-2588
2808
746
1740
-5386
-8980
-7242
-8408
-6135
-2338
-533
-9594
-2153
1231
-3134
7120
1987
-8185
-7476
5741
4990
-1527
9675
-6327
8119
-4189
-2229
-4461
3870
-6210
2635
8587
-1074
-8025
-6997
889
7157
-5908
-2838
-8019
7412
-6466
1318
1677
4099
232
7553
-3527
-3842
-204
7035
5200
888
-8958
1991
-7761
-5214
-1737
1418
9031
-9590
-9791
-3473
-8408
-1519
-710
-2464
3415
1785
-2381
-2376
8758
-3944
3293
-6166
-74
-3297
-2041
-4300
-515
-6854
2552
6142
-1609
-2299
3997
5155
-8695
6764
339
-629
7264
-305
-332
7043
9662
-5973
-6073
-3720
3723
4383
-6587
-6721
-1277
9574
-5258
4467
9864
-6733
858
-7808
-7601
-6683
4109
760
-2894
-9776
-1980
-6128
-6167
577
1836
3689
9800
9710
-2266
4657
1151
1725
9627
-8014
-6251
-5688
8831
6810
6802
-2313
8754
-3995
5771
3466
-6273
8254
-7818
-9135
7806
9743
-4314
2516
7467
9095
6057
1998
2561
-7389
-6097
-5178
-4319
7414
3776
-6064
-8860
5983
9546
-1454
-7866
-9677
6921
-5554
4848
4818
258
5785
1873
-8966
-8543
7507
-4439
-347
-9273
8494
-4891
751
2000
5922
-5096
-1576
6765
3712
-8795
-1996
736
1110
3698
-2771
9683
938
-6286
-3956
-5430
9743
2495
5836
8361
-3272
-2884
-6682
7466
-7775
9731
2058
3875
5621
2801
-5746
-645
-4875
508
4901
1036
-6150
-5192
3319
-5048
8185
-111
-5500
-1926
3984
6197
-3001
-1566
-4166
-2195
-2392
5353
1618
5616
2934
5481
-476
-7317
-9970
-1595
-5025
-8384
7826
-3503
3128
8534
6033
-8139
8657
-5246
-7131
1536
-3635
6846
2210
599
496
8970
1526
-3642
-8819
-2990
-4998
-4486
-9938
-3347
960
9293
-4382
424
8748
8315
-9110
-1605
6883
-6602
8372
-7818
-5222
-3731
-5385
-9772
3869
-7999
3872
-9998
-9834
-6771
-7154
-8636
4613
-6483
8364
-811
2611
-2815
9254
7904
1924
9987
-5284
-705
4928
-6962
6100
-6398
9040
1121
2825
4536
168
-1839
9507
-7864
3516
4336
8642
-3470
9194
-9300
7814
3727
6695
-6095
5266
-7006
3469
-1931
-5933
-9342
-3810
-212
-5899
-584
7767
1830
-3823
36
-3635
-7157
2120
3508
-1409
-4688
7987
8224
-5062
-7996
3381
-6061
3632
6101
2243
-9728
-636
5068
-4368
-8456
7392
-9444
6669
-2658
4310
4308
1008
1468
5150
-3014
1514
8761
-3736
4661
9558
-9011
-5740
-5231
-8379
-1915
1968
8758
7861
721
-5983
2311
4640
161
5238
4887
-4706
-2420
-2999
-9220
6539
-5597
-981
1565
8836
8042
5442
6490
7749
5248
2180
-4824
-2695
6938
-5563
1789
9637
6498
-1078
-545
-3360
3445
1415
-3658
3231
-1119
-7193
-7629
-6232
-7486
8413
7815
4731
-7605
5986
1724
-4350
-6100
-4973
8546
-9754
-6593
-8223
3876
-6735
-6853
-4956
620
-5965
7036
-2398
-8431
-7362
5790
-1761
-4975
-591
9543
-3515
-6958
7460
-5102
-3631
6782
-2525
-6396
-5286
2156
-9676
-716
-2926
6853
-6391
2235
3493
5946
5746
-1232
6445
2924
4468
-6573
-40
4717
-5046
-1594
-4200
9274
-1342
3974
887
7590
-8081
2589
4886
-4425
-3454
263
-9236
-4186
8284
4412
-890
-5796
-1321
1075
-7841
339
6020
5166
-7753
6610
42
-2375
-6177
-9060
6010
-8549
9040
-9356
-5199
4111
-159
7876
-4072
657
9211
3174
-989
-5768
-2311
9584
9198
6260
4446
-7114
8006
5273
-5885
4287
4108
-5616
-5940
-6096
-1239
6326
6730
-4426
-4719
3119
-3716
9574
