2769
9172
-6945
-7454
-824
-7012
-6440
7060
9490
-3723
-4951
-8393
-2176
-9288
801
-2113
-5965
1822
-2290
-4144
-7983
9218
-3100
4795
7884
-4188
-2846
-7650
-1734
7324
8376
3637
-1146
6952
4852
-6006
6249
3611
2094
-7755
-990
-5102
-5555
3573
-3387
-3737
-7419
-9533
-7341
-2061
-8137
6202
6383
1135
7616
-6021
-2198
9270
-2501
-6889
-177
-2942
8348
-1859
1652
5148
8825
8021
-5259
-1094
-2884
132
9870
5310
-1206
7946
-6305
6171
6593
4154
-481
-9875
1477
5381
-6048
3955
8497
-27
4089
4923
8751
-7760
733
4715
3504
8912
5554
3566
691
6017
5460
2555
4316
-9794
-7337
9378
-8947
-4910
378
9975
5882
3584
-661
-7067
-8236
9771
2589
-6702
-4423
9057
-5755
-9063
-4908
3212
6683
8110
-2037
-1123
-1444
-7334
-3040
-4118
3983
-7781
3862
-7270
-600
-3528
-6609
9162
2833
2151
-702
6745
-8649
-8479
-1432
-2591
9565
4026
6954
-6437
5040
-9352
1054
7403
-2502
4562
-2204
1567
4121
5096
-55
-1957
-8463
-9573
-3036
9971
3553
-4600
-1115
-1862
4910
-3850
3684
3585
2679
-4766
3647
6202
-4935
8580
-8976
-7869
6826
-8117
5138
6400
-7575
4576
-2698
-9831
7615
-4938
6953
-1914
9343
-8563
-1815
-4283
-7203
-3520
1112
-2068
-2589
-6328
4945
433
-6148
5364
-1060
3495
-9925
-6899
2958
-4159
-4974
-3008
6282
-8379
5012
-5208
-7969
-8847
4145
-5231
-8435
1642
5182
-2267
6786
-8257
-589
4297
1633
5411
2403
-2618
3006
-1282
7240
1488
3870
-9344
8335
-9288
-3855
-8244
-7498
-2998
-3105
3160
4978
-1558
3511
5042
9896
780
2356
-9428
1343
8844
-8660
7583
915
4647
-263
2184
1547
8822
2553
4195
-6646
5782
-2332
-8145
9023
2415
-522
5575
1719
-5444
1426
7395
-2811
5710
5348
-1495
4653
4229
5991
9944
4975
-2451
9726
-6141
5919
8719
-6530
-4968
-791
8186
-182
-2920
4885
-1255
2939
5142
3048
-9465
-1693
-174
9809
-4444
-3982
6484
-5211
-7438
5547
-1147
-7426
6428
8453
8359
5013
4658
-5438
6085
8185
-6398
5080
-9580
6243
9085
2796
6848
802
-817
-1678
-5750
-404
2020
-2510
8661
-3909
-3621
-2629
-6134
-9084
2216
6511
-5992
8589
8447
1553
8933
-8507
-839
-7984
3736
-9102
-8853
7185
9932
-2594
4758
-7917
1374
-5989
-6121
698
-7132
-5779
-6987
-3186
3254
-8749
408
-1694
-5217
4737
-8845
9483
-2822
3678
-7992
4053
8706
-3844
2303
5126
3499
-6266
7562
473
5648
-4242
-71
-4207
-5006
8676
3004
-1799
-2293
3795
4624
3715
7824
6410
-5576
-3471
-3260
-7115
-7819
3332
-1660
-4232
-8728
8823
7705
-7733
-8336
-9585
-6994
-884
-4208
-7356
1925
3636
-2802
6081
-5938
-7270
7088
-5506
7797
702
-8080
-7929
-7001
-974
-7299
-1692
-9759
2026
7111
-1883
9419
3280
5106
9336
5363
-9880
-4698
2190
-2900
4462
1365
2382
-5498
509
5839
-6798
-4574
7053
6084
9144
1530
-7368
3484
-5834
6398
5704
-1219
4450
9871
-3468
-548
7882
8089
7792
6187
5900
-2858
8438
-5288
8629
-3323
2225
-2345
-4602
671
5814
7126
-1396
-2641
8310
768
2364
-1355
834
-2310
2896
1520
7506
1122
2048
592
7890
9929
-2904
5762
2986
8704
-7588
-8691
7623
-9940
997
3712
-4160
-1057
7151
-4419
-55
-505
-6239
-9805
-5119
-3384
5948
7520
-5951
5566
2027
7746
8935
1323
-3279
2277
6521
-640
-5133
-6052
2932
5963
-3492
-8997
4189
4637
8613
1081
4317
8493
-6805
9255
2642
-7063
3440
5098
4505
6731
4508
2672
-5827
-4167
2579
-8369
-2759
-6591
4807
-5589
8770
3154
3724
1466
-7886
-5452
-611
-3520
9397
4206
2804
8872
9459
8264
-3751
-8554
4383
-6860
2467
-7912
9222
-512
-7634
-9051
1222
-824
-7741
3036
-1048
-8569
4012
-4847
-7622
-6256
-3802
-2160
7597
9577
-8555
-5660
-9284
4574
2420
-1243
-6166
-3554
9544
7913
2395
-1405
1801
9800
-7366
9712
-8423
-5340
5597
3222
9171
-957
5748
7193
-6073
-2109
5275
-4237
4188
9716
9393
7120
8810
-8533
2368
-4469
6385
-788
-9048
235
5830
-7698
-8719
-7141
3631
696
1167
4243
4936
-5280
-6896
-5825
-8653
6963
3569
9270
-5229
6193
5580
8111
-1939
-4597
8680
-6640
2465
-86
-8895
-8470
8596
2418
3948
-8463
-689
5519
-9108
9948
-1304
-1875
-6895
-1244
-5108
7934
8573
691
-2590
793
-214
-8561
9926
5061
-9309
9192
842
-2922
3578
-4875
8065
-6313
836
3321
-6618
-395
-8084
4186
-1385
-4181
-5059
6178
6371
8245
-552
-1025
-4040
-4984
9879
5267
920
6034
-7503
-1772
-3323
-2134
-4908
-815
7152
3559
-3737
-9781
-668
5080
-9418
7713
4864
-6502
-8213
-9600
-7208
-9552
513
-993
5790
9632
-7767
-1456
8779
9721
5956
9760
-2757
4118
-5218
-2518
7636
9737
345
-8404
5360
7658
-6022
-3045
314
-7591
4740
-635
5353
1149
-4915
6482
-9620
-7787
2466
5014
-423
3443
5422
3982
-3625
4778
8052
4043
4270
7290
8214
9760
-107
3616
-8057
-9917
-5195
-3685
-7439
7699
1454
5002
6184
-4136
6369
4868
-9841
-4431
94
1921
-7573
-2964
-9996
5325
-6888
9134
-2870
-6050
735
-486
-1080
2929
628
-8022
1274
2381
-2609
6185
1726
-7042
-9392
3014
-2103
-5087
-4879
6363
3423
-9085
8246
-155
-5316
-7389
8073
8285
-6191
7360
6670
-7338
1720
-9451
-6960
-8672
8460
5102
7892
6423
2497
5397
-7614
-9594
1365
5236
7395
5235
-1323
-8158
-6940
3503
-6945
-7548
-8504
3408
1735
-7538
4448
-5172
-1213
2495
-2066
-3127
-3262
-7403
-8926
-865
9418
-3046
727
4903
6171
-1129
-2502
-1413
8759
5773
1136
5781
3860
-1308
572
9362
1873
-6334
-1529
-6196
7891
-3548
8485
6782
-8101
7610
-5119
52
3629
6823
8088
-5581
4871
1507
-8087
-5051
-6809
-7107
3735
-3549
-8267
-3774
-9104
-9863
5437
-2431
-4833
9669
5308
1757
-53
-6857
4578
5370
9096
7165
-87
8638
581
-1006
5066
8917
-3839
5135
478
1807
-6273
1203
671
140
1727
-3010
3880
5240
728
9897
-1980
-9359
-1376
1826
-6829
642
8482
-4456
70
475
-4678
-1888
-8340
5848
-9524
7964
7245
6080
-557
862
9357
-5631
6538
3848
-2978
-6960
8751
3723
3650
1974
900
-5068
2865
6793
-1210
-8742
-7044
-9920
2929
-2917
6956
5418
-2249
-6964
-4760
-3497
-6707
1758
-441
-1680
4004
6845
-632
-1442
-5922
-5260
-2143
-7570
-5699
-4251
7139
-5845
5026
-3533
8253
8912
-3486
-1076
-8958
5287
-3863
-9674
-1169
3019
9411
4889
1737
9972
2835
229
-42
-5434
7105
1926
-3515
-4378
-1130
4594
-3524
3557
-9028
5540
5069
-7309
6348
1885
-601
-6726
-1279
1069
-3743
2341
-5552
2025
-6961
-6519
6710
4150
3873
-9501
-9186
5992
-8302
1533
5286
8678
-6152
-5117
9303
3960
1890
-1314
-3131
2159
-6551
3455
-666
4436
2384
7268
-2077
-3571
2714
-9388
-9931
9231
7569
7861
-7860
-2346
-1959
4756
-2490
-1298
4213
-9391
-1947
4845
-596
4424
5845
9067
-397
-5088
-2766
-7326
3461
8191
-1837
3148
3352
9046
-4000
3043
2150
-4615
9674
-1015
8760
-7888
6645
-7003
3943
-8674
8929
6174
5375
4866
-1149
9212
7355
28
3186
-8487
-6869
-592
4832
2439
8130
-482
8858
6634
-7792
1791
-2821
9653
-4280
-3751
-5289
-4900
9117
681
3769
9223
-1609
-842
3889
-1710
-341
-3852
-2681
6292
-7115
-7921
5674
6336
-2488
7138
-3638
-9241
-8993
2724
5881
3023
-5638
8671
-514
9307
-4783
-9201
3826
9560
-3698
8939
-3000
2904
7802
-3032
-632
9329
-5160
-6434
-8698
-8324
-9722
1548
6329
7497
5097
5674
8800
-3225
2446
-7541
-8621
3816
4219
-2063
-9839
-7284
1877
-9530
-6500
6872
-6759
7864
3501
8766
-3888
-571
4890
-9679
-8559
-19
9795
5287
-1809
-1571
1065
-4907
-6292
3975
9880
-5201
-50
7533
-1595
-9347
9664
5082
8107
-5625
-3844
6263
-5045
-719
7068
3557
-2793
-2466
-6086
869
-8688
-245
3012
-8552
-5425
-467
-5895
6041
-3351
-2322
-1625
7957
4458
6322
8300
7970
7701
6845
5552
9873
1909
-2712
-8646
9938
-4200
-9707
5562
7987
-6017
-6971
-2057
6349
-7059
7273
191
2506
-4526
5565
-1321
6358
-1808
7310
-7317
9890
-8599
46
4230
-3137
6705
-2862
-54
-3424
6937
-4978
-1236
-2322
-4351
8320
-6706
-186
-7162
3989
9986
5964
1106
6094
-1831
8658
-840
-440
-4407
-9501
17
3216
9564
5329
7126
3669
-310
5749
-129
1750
-2486
5560
-9685
-2732
-8748
4875
8249
7396
-7307
-176
8907
5547
-8872
3870
-6605
-6663
-5923
1927
5717
-7328
-3237
701
-7467
5740
9509
-2849
5755
6909
-1569
-7014
1932
-5255
1672
9907
340
-390
-455
-6139
6228
2812
9916
-400
-4877
1039
2040
953
7959
1162
-8741
-6175
-3684
426
7685
435
4267
-6141
-489
3203
2719
-648
1984
5231
3334
-2435
2818
-6895
1969
7812
8296
4022
494
-3148
-540
-3212
-6268
7889
9196
2743
-4757
-4926
8539
293
9950
9976
2396
6361
-1495
4656
7955
2717
-471
9615
-6627
-8325
-5938
-6434
9935
-2703
1472
1833
-4028
7239
8349
-2964
-4383
4007
7913
-8484
-2505
-5417
7699
-2041
5756
-2777
-7922
-2585
-5330
9339
9716
-2067
-5987
5031
5500
-685
4154
-9233
-8756
-9918
-1902
6115
6652
6641
-9481
1028
1442
9600
8311
1502
-5321
1845
2558
-1061
4417
6634
4905
3571
-5370
8128
8383
9745
9122
-2860
-8439
9358
6348
-1315
5448
-9640
-2630
-9457
-904
743
-5532
660
4239
-9059
-9834
-4827
-143
3582
-4722
6746
-1154
-2996
-1610
3676
-2325
-1376
-2552
1054
4904
-7691
7801
9232
-3009
-137
-92
-5441
-3707
-8870
7868
-1820
2041
4453
7030
7200
-3970
1321
-2126
2466
-8896
-6814
1446
-3126
457
-4838
2620
-1393
-3183
-556
2396
-298
-6202
-8126
7904
3501
-9762
-5463
8289
2733
-5397
-1489
7533
-8210
-1857
8830
-560
1358
1216
-4567
1876
6485
-329
-4998
1031
-1729
1506
9679
-6660
-5511
698
-6706
-7554
7330
1120
7662
-9224
3057
-9557
-7439
-2113
-8989
6809
3749
-6470
2370
-7543
8894
189
9091
706
4191
3798
8273
-2044
4018
-6207
-1526
9792
5192
-9324
-3296
4338
-9796
9497
1240
8467
1604
-1310
-418
-5510
1931
279
-7090
-1246
8855
9285
-5786
6249
-5198
951
-9243
7334
-3323
-1225
2244
-6185
7099
-6407
4060
4240
-1719
2383
8121
-3177
-5164
-7994
-2681
1867
1333
-7089
-8129
-566
5142
-5234
-1657
-2717
6515
-2943
-9983
-2323
5260
222
1443
9070
1797
-8887
-361
7126
-5189
-2536
553
-9201
5088
5773
8062
1974
-6908
-2402
5178
-8893
-2174
9463
35
9872
-2070
2645
2795
8252
-2143
-2664
3252
2216
-4284
-4625
7041
7818
3030
2070
-3217
6032
-2377
7040
3632
-6540
-9086
-3094
-7564
5939
3877
-5888
-6517
-8495
3082
-9767
2170
-6586
8593
1899
-135
7157
4272
-9609
3137
-8999
1875
7801
-1606
7153
-5797
-3472
-3813
801
-2012
9568
-4989
2367
4753
-5298
-5200
1688
-3331
-2664
-2498
9699
7805
2378
-5126
128
-1301
-6330
-6655
1019
6181
8715
-8740
-753
9390
-1378
-589
-8449
8683
2647
2892
4432
-4757
-6737
-3310
-3797
589
-5773
-7201
-4155
5073
-6581
5457
7619
-4474
4172
3521
59
3206
9132
4592
6798
-438
4709
-7317
-7055
-7842
-8544
1968
2455
-8188
-5409
1008
2415
-2630
4584
-7868
4495
-7318
1556
-367
-6801
-3270
-2998
1093
5191
-7172
8366
607
-6536
3190
2648
2440
9987
-8500
5028
-8742
7983
6112
-7284
-6092
3882
1118
7487
-9973
8398
2835
1124
3008
5958
-8938
6433
-910
-6571
1614
4203
-8487
5509
-7452
-4084
-9389
2633
-3406
4884
-3804
395
-4876
5926
2473
6923
-8630
5249
7246
-7300
-7547
-7027
9255
-5541
5681
5718
-4180
-7370
3340
-4172
4294
-4020
633
5353
-8231
6968
67
5482
6815
8891
-6631
916
7918
1288
-100
-3258
7815
-3058
8135
337
-4281
-1057
4819
667
6183
1580
8792
-1086
-4160
-68
4671
5695
-5299
-2338
-9032
8870
48
-9189
8035
-1050
3728
2983
-3877
2478
-3143
3112
8076
-416
-3403
-5512
6727
-8776
6940
2275
-659
-7435
-8282
5139
7571
4653
-4870
3907
-6041
-1977
6554
-6381
4799
-1297
5197
-7030
1237
6101
679
7626
-2057
7337
-3444
9236
2557
6138
-6356
1667
-8501
-1489
247
6447
5597
7367
-9228
3066
3211
-9589
7963
4365
9795
-3104
-3474
9053
-1431
-3579
-4081
3441
7379
-6076
-3888
-1615
5410
-1277
3070
3556
-70
-7742
323
2619
1363
6630
9447
-6413
8369
4173
-7814
787
3774
8923
2247
-5324
-7618
1586
6228
-3730
-3910
1648
9752
3217
-6317
-253
-3248
-5487
-9696
-6423
-52
-6755
3501
780
6575
4542
2420
3952
7193
-962
-7963
-2797
-1034
8454
7437
-9094
9731
-3439
3302
-4345
485
5341
9885
-2663
8121
9755
1259
89
2680
4572
8087
2141
-6146
8731
-251
-7019
9891
7919
7311
-6400
-7231
-3562
-9310
-1507
-105
-2479
-1395
6296
4115
-4260
-6488
4974
-1075
-9270
5764
-1019
5779
-1069
3207
7488
3935
3499
9269
-6139
-9582
-2628
-9469
-5894
9343
192
7571
-3991
-9837
-6538
4997
-2299
7238
-8967
-1598
-6805
-5067
9507
3043
-6405
-2865
7761
-5832
49
-2534
-2659
-9839
-5505
-5036
5499
5056
2658
3361
-4116
-250
-5569
9080
-6294
6830
-1832
-1968
8477
-8543
1456
9033
-5944
-1901
-6980
-9159
4127
4728
88
7278
9276
-8700
-6186
7702
-5623
-3211
-1785
-9300
3801
-495
4598
-4170
4369
-7841
-4315
-861
7143
-7172
4122
6573
9222
1896
9158
-6049
-1836
7777
879
-5851
2075
5762
-5361
-8677
-5142
5863
6759
-6041
3006
9685
8209
9105
-2692
4035
-7650
-7673
1096
-7015
1962
-7964
4741
4873
9095
4833
9305
-4162
5622
9631
3386
-4410
6313
-4267
-40
-5640
6898
-2610
4192
-5100
8863
-5375
6277
-1903
-2888
4662
6010
-1448
7540
9282
9621
3822
-8566
1622
-6504
1379
6942
7856
-1139
7422
9090
1944
-7824
4817
1232
-4738
6923
2091
6063
4486
-3887
2427
-7207
-7781
9286
6969
-7991
-2396
9146
2503
309
-4265
-9402
-5458
6973
5745
1600
-5612
-8846
4021
-227
6987
-4217
-3344
-459
3815
-8227
1215
-4213
-3314
4
-123
2942
-9535
4055
286
1513
5229
-8063
-491
-8173
6723
-7009
5641
-404
2430
6533
1878
-6763
2529
9608
1825
7193
7662
902
-4140
9487
-6327
-8787
5060
3558
8856
9159
-5386
1365
-7363
-7633
4881
3248
-7730
-6147
8413
-712
-7626
2582
6329
-6080
7870
-5918
2354
9791
-2854
9410
-2102
4417
-176
6936
-1578
6553
-9523
-8695
-3768
-5284
-2092
-5511
-2882
-8808
-8914
6325
6108
-3431
-2021
-3244
-2995
3348
2432
-287
-4360
1265
5963
-9960
1778
-4966
-7732
1800
5771
108
5649
9112
7743
4245
-1065
5652
1187
-1990
2213
586
-1625
4791
-3220
-9583
-6013
2851
-2552
247
-3230
-537
1859
-3850
-3763
-7870
-6405
-7537
6707
-190
4089
-3470
-1934
-6693
6322
920
5222
48
-2917
3769
1226
9754
4042
2408
2526
-7119
-5250
-2138
-2960
-5718
-1302
5321
305
9968
-5915
-5107
-5192
-9719
3457
3674
1051
-5410
8682
-2083
745
-3585
-7120
-8012
4568
-1214
5302
7397
5979
-1859
-3754
-4116
-7930
-6721
-4512
-6809
-9163
-4454
-3346
-9578
1074
-5756
4427
7828
9389
3111
-1886
-9373
8050
-8316
-6367
-5466
-8970
9480
1471
2667
-8251
7082
206
9479
-5041
-7258
5259
3479
7162
-7476
3380
6790
2710
-9597
1416
5869
-463
-3301
-5597
8954
-2955
-7054
-5612
4919
9582
-8362
3912
-5684
5337
1716
-4181
4707
-3896
-8985
387
-7864
3722
6155
2709
-3649
-9373
1433
-8934
-7631
-7952
-173
8218
-6930
5499
9967
-7147
2829
-4919
-2229
-1584
-9452
-6506
4082
414
-5010
657
-3797
9335
-9836
-2772
9517
-2992
5437
-1982
7173
-5373
341
-5125
83
3636
7958
2431
3479
1979
3187
-8678
5750
5315
3762
-9771
5694
-8795
7567
406
1150
5439
188
-9760
1773
8703
4436
-556
-7057
7904
-2043
-8241
6311
-636
-6849
-9085
-2538
-7033
5770
1317
2438
1177
-6622
2167
-9237
-3550
-2723
-822
19
-5478
-8129
-3429
7679
-8096
-6773
6612
-2158
-4697
-9120
-5367
4320
2416
9486
-6534
-2657
-6621
8478
8787
-5723
-3396
-5714
-3235
7421
7149
9443
8820
-2635
-4860
-2017
-3249
7450
-2332
7329
928
3087
5561
-8619
7020
1837
1006
9929
-4702
713
-6830
-3773
7076
4638
539
8830
-7788
-8126
149
4029
-8335
-632
8867
-4941
-3383
-2187
-8946
6210
6242
-2564
-1243
-6598
-5514
-1573
353
-4092
3397
7050
382
-6506
4672
-4297
5610
-3331
8980
-5208
8556
7728
3722
-731
-8953
5970
299
1613
-9236
554
1889
559
-7861
3101
3708
-410
2668
8550
6135
9948
-1825
-7745
-5752
5387
-1370
1321
-2894
-8235
6435
-2073
2199
-2693
1483
4089
-4427
3632
-176
-845
9740
1050
-4183
-2150
7792
-7508
8731
-4599
9183
-1346
-9329
-8549
8872
-1587
-5843
-9814
8732
-7499
7764
526
8474
-4999
4698
-8820
-2796
-857
5500
-9689
3905
3442
2075
-7407
-5167
1864
-6723
1364
5639
-9549
2773
-7862
5354
1706
-2765
6031
6210
760
-1836
-4301
4229
4612
7155
-136
-399
4496
8589
-1929
-8562
-3882
-455
-5366
-3212
-7638
3037
-5878
-8794
-1537
3047
-1568
-7801
8052
6404
-7441
-1179
-8026
-2613
4285
1049
7753
7569
6019
6297
1340
-378
-3972
747
-5464
-6785
-346
-3392
1931
8541
3379
5236
-8389
584
-2997
2168
9768
-9139
-7432
1952
178
1408
-2548
6516
-9626
3277
4577
-8844
-3613
-6061
-9317
-8242
6929
7608
-566
-3801
-4271
4222
3899
-4306
-2736
-9892
-2406
-186
1869
5708
-2159
8541
4506
1954
9648
-2025
7233
-4078
-6990
-7597
321
8601
-2022
9111
-8933
-5710
-9256
7733
-4353
2927
-5132
2910
4010
-7560
-189
-3113
1109
-6614
1582
7021
3536
9123
-9113
110
5915
7174
9413
160
-3846
-5728
-479
3023
-6575
-8262
1436
6117
8431
9977
-9062
-1888
4666
-753
-2876
-4618
-4820
-2255
-5451
182
-7852
-728
8900
2356
-8990
-5447
1030
5482
-7731
-2557
-68
-2876
-1410
5399
-818
8665
5645
5519
6929
-1012
900
4712
-302
9425
5778
-8277
2977
5446
3583
2269
6747
-257
-9774
-8489
5668
-3844
5820
-9616
-9326
5117
9697
1333
1779
-4535
-8903
6727
51
-4281
-2273
8671
-6974
5502
-8304
-2406
-7402
1550
-9540
4057
7163
-4203
-7104
-7040
-1203
-239
-3307
364
-8456
7974
-1905
-9197
-585
5556
-3122
9876
-6905
-2591
7230
-3004
-2676
-7671
-934
-4446
-3291
7135
-5127
-8763
-908
2416
7905
6122
6914
-1767
-7231
-8660
-1603
-613
3074
7789
220
-3694
-4135
1678
-7156
-931
-1326
4721
-7277
-216
7615
-5803
-1501
-3072
-9829
-16
-9492
-7382
-8015
7722
-9868
9162
8156
-468
-7195
6683
-4234
-3313
3499
-8949
7058
6321
130
6535
-919
-6481
-4750
-90
491
-6145
-9029
1486
-2464
8672
-3464
9637
-3916
1140
-8524
8831
2552
2448
3855
-807
265
-9646
4543
-6296
1391
-6574
4184
9123
5617
-4665
4260
-7445
1868
3560
-8223
7013
6291
-9529
-6173
7803
-8151
-4301
-8869
-1855
9701
8517
-6446
6051
8145
-5682
-5293
-8716
-6178
-1872
-3985
-9102
-3877
2543
-6097
2846
3531
-6007
-751
-8890
9134
-9791
-9677
5272
6387
7730
3969
-2518
-9567
7623
4751
-7925
-5742
7269
-7335
-6044
-6650
-6262
4061
3654
-3875
-6097
-7626
-2329
-2100
1895
8888
2651
-440
7680
8145
5663
-3921
-1990
-1623
1771
4203
-7317
3797
-6174
3290
410
-3589
3964
-1777
4515
8337
-1997
1194
-8258
-932
-2629
-6880
3603
-8372
-7368
6022
5724
-2271
5556
119
4205
2517
-1726
-4009
-5095
1744
-2366
1279
1908
-9572
9690
-7302
-6253
-478
8323
-6357
-9979
-1568
3362
5470
1839
1238
6393
-5941
-6252
1258
8190
1897
3873
-9591
-3396
9732
-556
-2188
9160
-2247
-8221
-8221
4935
6399
8623
-2788
-4935
1550
1034
-586
-2849
-5538
-46
8461
7997
-6254
-3003
-2937
3155
-6840
-479
-521
3675
1696
-8554
-4547
-6242
-9249
321
-2993
-8212
7585
-5040
-684
-5235
-9348
-9347
319
5432
-9321
953
7899
2637
4227
-3307
5756
-9848
9029
-8737
-2393
35
-7328
-1196
9076
3776
-3922
-3671
-930
2837
250
1985
-7163
-266
-3062
-784
3786
450
-1000
1558
-4685
3065
-933
-3486
4193
-8369
-704
-7793
7858
-3192
-3703
-5429
-773
-6212
-8044
1571
7236
-2180
1694
2550
6703
8531
-977
-8632
-8918
-2563
2993
5797
-2190
-435
4646
-5375
-5446
-6571
-8901
6823
3811
-7961
1713
4246
7869
-3604
-7053
478
-2500
9260
-6736
-1960
-3989
7699
-6126
7057
2403
9606
5912
2056
4571
3706
2321
-5402
2820
5809
4854
-6027
-3823
65
9243
8390
-6706
5958
-5127
-106
2185
-721
-3666
8688
7687
8649
337
-1340
-2716
7295
6738
2311
12
4393
-9033
-9176
-1892
5502
8628
-3777
6853
-1500
-6072
-5503
9264
3161
-6311
-2412
-3760
-4234
3640
2453
-1499
-3309
-7513
6601
-9648
-2664
-7523
6262
-8906
-3308
-3221
-719
-9129
-8146
3337
3174
-3175
-7688
-8795
4471
237
-3795
-5610
7657
-7727
2813
-9911
6362
3907
-2774
1167
4203
8032
-64
5086
-2878
-8284
6801
639
-78
-8899
-6246
-4361
8776
9062
-1494
-9408
-5955
-1515
-5092
6112
-2788
-7655
4520
86
-432
9899
-127
7550
5636
3061
-8607
6869
536
6697
-3936
396
-3308
396
-2830
3913
3364
-8338
-1135
-5570
-6273
-549
-8581
-8606
9446
-62
-8259
-7165
-9358
-5633
-2747
8706
-1838
8860
8447
-7459
-466
8578
-4756
4246
-9644
2903
-7418
8540
6663
-9452
-1659
2533
-7319
-6849
-9554
7072
-2706
-7833
7088
-2619
-8764
5103
6858
-2883
-2955
61
8645
6208
-8488
2929
2971
-3051
-4011
5476
3080
5357
1035
-2372
-7047
1024
-7910
3783
-3582
-5919
-1103
4507
3923
8237
-1625
-6973
3012
-9513
-6303
9310
2794
834
5964
9512
1445
460
8182
3176
-2681
6718
6442
-2647
-7112
8666
-5337
3241
-2517
-8996
-9607
2389
-9474
682
4831
8944
5038
-7765
-4578
-8542
-786
2137
-8818
2499
-4725
-7642
-5394
-8543
-3824
1022
8567
4849
-5366
-5909
7978
-6922
69
-2138
3253
-4779
6645
-1332
-3334
6632
767
7247
9037
-1281
3684
1346
2210
1469
-5771
9143
-577
6478
8750
148
3383
3530
8840
8414
2305
-9927
7468
5010
-6732
2202
1719
9903
-754
484
7692
-7509
-4086
7726
-7569
-1922
2843
2084
-1168
-5881
-847
-1400
-6176
-1703
4326
-2410
-707
8632
-4216
1988
-88
-1579
-1144
7689
6824
-847
6326
1426
-5019
-3413
-8382
424
7069
2493
6784
-8566
3736
-7363
2532
9602
-4659
6191
9189
6052
1606
1147
9748
1612
2703
-4633
6938
-4134
-1413
-753
2837
-3444
-9606
-110
1085
7271
-5517
7638
3540
-2882
-4535
3888
-3220
4137
-2432
5775
-4070
3802
2283
6209
5261
-5516
-2045
-5061
-9556
-1710
4721
3147
-5675
-9749
8995
-3356
6218
5721
1620
7243
-6227
-3659
211
2550
5011
-9837
-2965
-5168
-9529
9776
3529
1569
-1636
-4310
1254
5919
-8815
-2803
892
7502
5831
-9213
5200
561
4687
2202
-1203
2072
3309
-1529
2993
9981
1118
8191
5744
-1170
-9580
-9568
4108
-9643
-148
6585
-7411
5157
-4949
-1017
2957
2716
-3384
-9675
-3442
5613
8605
-3964
-8431
-701
-1077
-174
-729
-2993
-1568
8388
2129
-6664
1792
-1650
1105
7826
8088
1429
-304
5892
-7531
1924
-7183
4366
6744
-8735
-5950
-3180
4740
9179
-3186
5392
-1458
6775
6440
3895
-8996
5679
9220
2602
842
3721
-7819
5680
4929
-6226
-2960
956
3620
6086
-428
3916
-2890
-9355
-5994
9792
4499
4675
-8930
8425
-7947
7122
-2044
3144
200
4169
5794
9365
845
-3782
-3975
3302
2164
-498
9236
-1799
3993
3395
610
9794
1274
9696
-9367
6944
-2830
5375
-2010
-7783
-8538
-5871
723
-8013
-6705
-5976
-9306
-9065
-1450
-8862
3246
8606
3130
7431
3138
759
9064
4692
1032
4359
-4359
3790
-1935
-1428
7205
3055
-4161
8686
-3306
4312
4645
-9253
-83
-2570
8165
6103
-2948
-6306
5598
-2296
-5496
8191
7296
2680
9059
-4141
-760
8864
5446
3521
-2958
3997
3406
5575
1609
2402
-421
-2731
1814
170
1256
3748
-2041
-6753
20
8694
-6835
-192
-4523
-1329
3155
9556
7957
-8201
9902
1165
-7943
-7077
7409
-9802
3474
3166
7579
2982
-3486
-9248
4355
6637
1746
-2724
8964
-9121
4195
1926
5343
1756
9839
5983
6700
-7066
560
-678
7933
-1335
-2038
-4393
-4941
7138
-9676
-7815
4498
-5632
-7215
532
-9303
4062
-7599
543
4113
5994
-2600
-3558
1613
622
-4982
-5962
-2466
2369
1645
5159
-6608
7189
-4980
-3255
3669
4435
-2181
-9145
5025
4502
-5536
1934
-9557
-4917
-1609
-1706
-6658
-5057
9149
-7325
-3629
-7538
-5287
-720
-3491
8057
-2447
-3791
5357
-7531
-1218
7621
-8926
-6798
7760
-6059
-9298
9652
-943
6245
6643
5518
6411
-5177
5101
992
-7459
5275
2635
-9987
-3292
-2391
-4758
2118
-8600
5224
6100
1478
-4157
-4877
6806
-2402
-28
2998
-8966
-8675
5779
-8704
3451
-7121
-555
-4305
-3288
821
4092
-1194
8886
1814
6332
-5155
1872
3660
-5273
-9058
1597
-7439
4568
6420
-7071
1435
8310
-2359
3182
-5184
4484
-4986
-5145
2359
3649
-4909
5814
4693
-1063
3615
-3763
2934
-7425
3188
4933
-8945
8282
2068
-4053
5158
5674
9644
420
4698
-4532
-8719
-5411
-3695
-2052
-3654
8317
3604
5924
9595
2246
-2047
-1857
-2243
6060
-6924
-9548
7845
-7838
-5754
-446
-3716
6461
-8546
-6801
-2405
-8518
-3549
4526
-4207
-6032
-9663
6974
-303
-3130
6142
-2212
2904
-5771
-7257
-3740
5319
8843
-7679
-9614
-8877
3329
7282
3899
-1854
459
4800
-6874
4732
8212
6128
3469
-7426
-141
-671
8263
-763
-8754
721
329
6734
2199
7431
581
-5734
-8305
-6241
-2857
-3378
-2393
2952
-3827
7134
-8275
-9396
2478
-8656
-1730
-2070
-7557
-9996
-930
2546
-4281
-2212
-7765
-4381
1252
-9364
-5898
5649
-4699
8299
-1953
-107
-9795
6712
4209
2704
-5006
9403
6197
-1800
-7476
-470
9036
783
-9209
-6199
1615
9717
-505
-5709
-5756
-5629
-320
4910
-2603
-9848
4518
7104
9232
5126
3264
4755
-8544
7349
2790
-2193
-3828
-5443
-333
8662
8235
-8855
5758
5542
6058
3936
-3435
-4376
-891
-385
4719
3346
9313
-748
4350
-8066
692
-2736
-7924
-9166
5646
-3557
1471
4633
-7186
7221
-8989
6737
-9841
3128
6881
-7297
-2481
-2108
4770
2896
-2938
-1681
-4290
9598
6957
7215
827
-4885
1908
-4736
-2108
8523
8094
-7375
8500
-6865
9965
-1928
7067
-7283
-2696
109
2624
8122
-5055
6879
3482
3295
-2231
8530
9125
6296
55
5104
3486
7720
-6064
7244
1837
-8571
8452
-7670
-9650
4191
869
8659
-4367
6828
-9980
-7547
-5648
-6934
-5236
8155
-8583
-5178
-2681
9162
5901
-6588
8158
6153
5273
9383
4664
74
-3326
2827
161
-3506
9383
232
-2985
5498
1565
7551
2760
-981
7702
-2342
9891
8807
3741
5754
-1395
-3672
4778
-2832
6223
-8313
-6986
7187
7696
-3980
5588
-4305
-9476
5450
2663
1869
-9375
-7244
1640
5824
1891
-1473
9871
8519
4362
-8072
1111
-5438
-4538
-788
2211
5815
-6206
-8658
-9693
-1777
730
6382
-1468
-8811
1144
4350
1899
6023
-2513
9583
-6712
4756
5747
-6169
4744
1309
-5625
8217
-4237
-5677
-7135
-2758
-4376
-3528
1134
2316
-3889
-9875
6073
-3161
5751
3394
-7586
8401
2773
852
-2090
-7198
3684
1253
1627
-6222
-9347
-4098
-2702
3340
7298
-3380
-3537
122
-914
2708
5699
-5588
-5942
-4753
-312
8525
-6860
3214
-6319
9108
-9281
1300
1354
-8901
3626
-7601
-5427
-7651
-2738
-7704
-2192
-5084
-2564
5214
-6532
-3372
8073
5754
-5035
7279
6632
7676
-5830
2842
-6062
-7703
-8104
7414
-2067
4506
-5195
-4340
-8950
9982
-3442
-7118
-1066
-1690
7209
5349
8042
1132
-638
-5156
9393
-2552
5339
3200
2698
621
7318
7190
1613
697
-8661
2883
-3278
7450
1262
4698
-8971
6669
-6304
6196
321
9924
-6824
2220
-9901
4389
3456
-1186
-6783
7170
6423
8352
4017
-2987
-155
9771
7995
9322
-836
-9061
-4293
7052
-9760
5520
5735
-5634
1414
-2915
-3124
9045
6088
7962
2949
6308
3926
1719
371
6225
-7479
-2702
-5950
-599
-1999
-288
-5247
-4534
-1711
-9914
1028
9818
-5553
-7927
7440
-1286
4749
5254
495
-2025
-7258
5441
5381
9143
-3734
-9151
-5436
-7430
-4841
8533
-5805
-1473
7716
6110
-9296
-1611
-2441
-2440
7102
-654
3191
7963
-7815
-9679
1363
-2160
908
9814
6252
863
2896
8727
6319
-2149
-5075
6743
-3877
-6178
-8789
9648
7460
-3121
-5016
4753
3164
4505
2126
5714
7025
-3383
8666
-2413
-1880
-5183
6439
-578
-1492
-3956
9207
-3569
1761
7340
-9457
6962
-3554
-943
1263
-8067
-1219
2112
8830
6028
8122
5470
-5444
-2958
-4780
8980
-7360
9096
4123
6941
-3060
9864
2553
2717
-4821
907
-5749
7195
-1513
996
-3835
-9178
734
1521
-4163
371
-3248
-1571
4627
1421
4142
6377
1227
-3483
-4000
2409
3394
9245
-6013
-6791
7916
-811
-2168
-853
7285
-2796
1547
-9584
5407
-7837
8633
-9976
-2143
-4700
-5735
-2244
7080
8606
-3700
6169
-5314
-4156
3565
-3107
5061
-4238
9090
-7222
-3372
9676
-2382
-1890
-2671
-9978
-8491
-7290
-6287
-8110
-3545
-7396
-4866
-7564
3658
-18
1767
7777
-1987
4048
4546
-4770
-6303
2371
5074
9913
4693
-4870
-1878
3462
991
9242
-2218
9372
-4903
-4166
-9214
3138
-3778
-1206
1485
804
-9047
2014
-5288
9378
7335
3831
-9037
6780
7155
-8134
3733
-7604
6472
-3761
-2398
4254
-2765
6769
4775
-5682
-9532
-5336
-5193
3073
4854
-9911
9948
-3098
1054
5006
-6897
6195
1924
2172
-3637
-2700
8141
-8903
-1
-7852
-5908
8792
-9952
8932
-9374
-361
2053
7315
5869
-8374
-3533
-4133
-7378
5217
6835
-6086
9901
5250
6865
-8031
157
-7306
3605
3799
-466
-179
-6064
-7074
4714
3731
9579
3512
6449
-6320
-4108
1323
-7163
7730
5898
1346
-1642
1142
-5014
-1720
7168
6487
-8457
-2151
6318
-538
-9059
4383
7058
2144
-3899
-912
9345
-8552
8681
-8320
5504
-3544
-6393
2109
-1657
7379
7885
5991
-9218
-1251
-1185
4695
8331
2280
1394
-6822
8926
-2394
8953
7618
-7843
381
7272
876
-1118
1582
4226
-7030
8761
6280
2507
346
-6648
-5069
1756
242
1729
3466
6942
-5333
-4978
-4989
-9848
-6534
-6255
4533
-9669
-4539
7663
-2395
-803
-8211
-6670
-8180
-2656
2009
3941
-8691
7067
-960
-8134
808
7850
-4643
6553
9616
-2151
-4048
-7699
8571
-3342
666
7785
-5924
4677
-1557
2678
862
-8760
3927
-9565
780
-1508
-8850
-1270
7398
7191
-9380
4795
-9589
612
1289
8690
-6705
-3763
-493
6036
-8610
5254
6096
5195
1553
-6070
-4594
7652
6689
1769
-9168
-6738
-1763
7728
-7397
4522
5322
5497
-6019
-2465
1828
5354
-9927
-3574
-3198
-7401
4660
-246
-9373
-3606
-7275
-2572
3630
8848
-1575
-2087
7265
-6699
-5035
1043
9096
-2204
-8327
-3009
-2171
4255
-3973
-9812
1222
-2585
-7162
7443
7619
-8131
-5458
3958
2902
-1281
4585
-4189
-1773
-7966
-7571
-1711
5827
370
-749
6336
-5169
-583
2684
-9831
-9053
2876
-85
-7795
9858
-5733
7902
-9280
-1682
-2388
-7356
-5897
-9201
257
1588
6188
-6523
3866
-3608
658
5527
6037
-4884
-7872
3012
5919
-1109
-5407
5922
7120
-6322
6086
-1249
6092
8232
6717
-9018
6772
5696
-1931
-2066
4454
-3772
863
5473
552
1020
-8504
-7852
-3535
9099
8441
-3521
-4332
-2399
-1950
-4404
-582
-9683
-4343
-3941
-825
-7853
-1778
1514
4975
3737
-3588
-2095
443
-5369
9242
-9858
5795
7302
7692
5053
8934
4228
3610
67
2548
6557
-5978
7914
4139
-1669
3986
3672
-3970
-8234
-6451
5347
389
-8403
-7387
1262
3322
-8079
2025
-2967
9505
516
-8780
-7100
8691
5510
-4183
-1944
7323
-9296
-1719
-4616
7556
7468
-4213
6120
-9367
-7273
4468
7492
-6796
5397
5036
8552
-1909
-1259
-5921
-4013
-6511
-516
-8431
787
7589
-7317
-7838
2787
3704
-2446
-9189
3820
5590
4114
-2481
-4203
7058
-6891
4661
-3258
-7550
7420
-7748
-162
3432
-1977
4549
-5113
4251
-9265
2030
-4450
82
1374
9385
47
707
6026
-1888
293
6632
-8371
-6330
-254
-2180
2960
-5555
5126
8732
-7091
2044
9136
-7833
1259
9114
3394
-7563
-3411
4186
-3438
-3207
-2262
2378
7660
-9599
9875
-4628
-9543
-1108
7284
-5602
950
-3659
8316
1549
-4954
-7265
2362
971
-5402
-4182
1720
-1381
4980
2325
-268
-9036
-539
4523
-2881
330
1068
2694
9977
-4470
-2504
-2656
7155
-1795
-1374
8813
8871
-3951
-1182
-6816
2855
6781
-585
-5904
8700
-7567
-8488
1171
-4673
-5067
7591
-2423
-1256
1252
-4478
677
9316
9538
3577
-1310
-4985
-9141
5915
-2232
-9155
-9603
529
-4580
4343
1274
-4671
5501
6340
-5426
8469
-4796
4566
2563
-5940
1800
-4837
-5109
4550
-5444
9689
-2649
9162
9283
362
3485
-9161
5865
-3678
-531
-5995
-2803
-1224
5996
3173
-62
2077
9068
7098
-9703
-4567
-2596
7964
-1168
9231
-3304
2002
-9651
37
6127
3277
-2071
-3312
-6695
-3320
7748
6766
-862
1335
4935
2746
3921
8393
-437
-366
5630
3637
-3377
4952
9566
-8867
9043
-1207
-4372
-9263
-5468
-7197
-1660
-6357
-2303
5985
5374
-7242
-5725
-698
6998
6114
8166
9776
-8668
-5049
-4964
-8284
4952
2482
-2434
2586
-3405
6768
-502
-1920
-3586
-6749
-2739
389
3673
295
-9951
5254
-7687
-1865
-7484
-8424
2504
7535
-3313
3587
-721
8769
8905
2931
7550
1605
-1000
-2824
-6570
-5231
9963
5785
5004
-1262
1400
7566
-9239
7460
-7906
-1538
6070
-8799
8694
4565
-4105
4346
2474
-2952
3121
8649
5607
1446
2382
5544
-2598
8054
-1035
7716
4589
-9866
-6778
-8692
9678
6914
-4102
-9521
-9534
3734
3928
5912
4266
-5670
-8648
5756
5907
1159
9624
660
9232
6143
-4662
2602
-1315
4639
-6197
-1268
-867
-3865
-3426
8097
4304
-381
5475
8601
9529
-5664
4373
-1264
-1793
-1724
4481
-4355
3601
-9682
1146
1202
-1171
-6390
357
8231
4689
468
-4409
-6002
2936
-3560
9878
7190
-3057
4274
6532
-5621
5975
-8409
-1821
8920
-6813
-7838
-2061
-7472
-2015
-688
-2694
-5585
-1752
-4020
-9278
-4931
1161
2427
-7644
-2085
9651
9724
4364
-8587
-2613
-9835
-8598
-3291
5640
3715
2449
-1996
-1970
-556
8006
-477
8543
6801
4509
-5810
-9582
-8035
964
-5920
-2119
7700
-2498
-2211
7120
-947
-6644
9367
38
7785
2496
-6162
3650
1180
-4254
4277
-7946
7845
-341
1376
-7812
-3279
4332
-5947
-9874
-3813
9564
539
-8555
9857
-9812
4369
-3178
-23
-609
1039
-6926
-3562
-6459
-2670
6785
-6618
4180
-6265
7885
3637
-4385
1842
-9079
-6995
-9345
-8292
-5478
-3873
3039
-144
-7562
1247
-806
8518
9302
9415
2797
8724
-3874
-9350
-3699
7336
-1270
-1867
9343
9600
-7240
-2542
742
-6874
4534
-833
1878
-8329
3725
-8411
6006
-8086
-7244
9060
5848
5791
6770
9161
-2157
-3481
-1124
6739
-5072
-6730
305
1909
-6705
-6155
-5847
-5475
-4491
274
-9917
-150
3348
7548
-2446
-6372
-8079
6996
-6067
7689
-7479
3865
6200
-5296
-6023
9317
-3569
4369
8538
-7228
9108
-3358
-9266
-7914
1260
5049
-4643
7228
9082
-7799
-3662
5998
-7003
2604
-5846
5499
3179
3795
-3173
-1357
3725
-1274
-7834
-3004
-1707
-3101
-8426
-6347
-271
-67
7349
4618
6267
-7911
2833
6702
-3766
-8828
-3412
-9779
8624
2525
-2630
4366
-1767
6522
1414
8099
-7202
9329
-724
-4427
-8049
-3840
-2730
4738
-4198
-6811
-1002
-8046
3108
-9107
-1818
9714
-7910
-2357
5414
-7115
-9550
6914
8441
2089
3085
7644
651
-6363
-2563
3129
9701
-7876
6800
-845
-5206
3728
-5876
-4537
-4083
-6641
1998
-7207
-4574
631
-2794
7943
-4689
-3709
5070
-2075
8566
4473
5868
-8328
6218
5125
-8837
-430
-5931
8667
-512
602
3024
-6289
8094
-7278
-7270
6648
3798
-9117
3598
2122
-8138
-3857
-7500
7628
-137
4294
702
-8515
-1641
3361
-5130
-9784
-3356
5858
-6357
2099
1603
-6029
7145
3791
5039
-1110
-9087
8841
-7386
8028
7857
-4393
-1313
-2713
7477
9809
4095
-2217
-6000
1902
-7517
4017
-2260
-8268
9843
6130
4872
675
-2027
1036
464
-2474
6115
1697
-8944
1498
-48
-5742
-751
8427
-8298
5837
-6945
-5878
341
277
-3370
-1536
1888
7566
66
8073
3711
-5565
2199
-21
8852
5663
6112
7137
9510
2059
-6191
-4447
3726
-124
1829
-5558
9281
4531
-4462
7444
9858
2669
-3942
1723
3175
2746
1303
2712
-5609
-2770
-5290
3954
3252
9402
-9631
-2966
-734
475
-4624
-429
-5270
1736
1388
5381
8030
6950
1885
-708
-9116
3234
-7486
-6320
-3939
5587
-2010
4854
-338
2340
4690
8990
4135
7621
-5793
-8350
-7494
9785
-7578
9199
3468
8513
6334
-4173
-3860
-9435
-362
3579
2791
5395
-906
4533
-6737
665
-6934
3110
6238
-7833
7814
534
-4471
6057
-7219
-3957
4295
7733
-7207
-3866
3731
8304
-5011
-3364
-9111
850
3045
-1486
-3880
-8995
7423
1885
-5626
-5364
-5406
-8403
-7070
7407
-9609
2030
7002
5841
-8381
-438
-8473
4200
-5548
299
567
6861
-4978
-9035
6234
-8312
6318
-218
4643
817
-7545
4140
6515
-9625
-8208
-895
9937
771
-7788
-1273
-7127
-3624
5373
-735
8476
8935
-2435
-4392
7080
-6116
2985
3269
-7170
-8214
7076
1436
7208
7181
9180
695
7465
-7345
-6262
9248
-1322
-2431
2362
-592
1536
-2342
-9968
6281
8021
-3478
-7643
2420
-8963
7778
-4220
-4906
-8702
2222
7591
6340
-3850
3868
3325
-7230
4195
-4496
-3255
9021
2859
-7751
-5382
-1348
-2863
-6460
-4291
-5166
-6438
-2021
-5284
-6336
-9955
-9299
-7042
-1956
8173
-6007
5778
-7760
-886
-3457
5979
-8807
-2343
-1077
9484
-2336
5694
3942
8402
7590
732
8664
7273
-7508
1478
4468
-3951
6056
9153
-24
7748
-7265
-9813
5096
1344
-8003
-7774
-1191
9132
-8545
6118
8470
1602
-5296
107
8375
453
7103
5367
1266
-7912
-9467
-9613
-8593
5722
-5153
8442
-2170
7526
-2178
8099
326
-6065
-7148
680
-84
4392
106
4198
2290
2925
7443
-248
8149
-3022
-403
788
6695
5961
676
-1214
2146
9771
7920
-5191
837
3613
9591
229
2920
-7123
7817
1871
-7571
3195
6429
-2544
8855
-3288
9906
9280
-9157
867
38
6523
8692
3305
-5334
751
6821
-3912
7006
7292
-8451
-2857
3892
-2522
4631
-7607
6665
-9571
-9489
-6823
6066
-3044
1447
-5710
4433
-6457
-4526
-2879
3300
-8708
8159
-7332
-9542
-665
8453
-4436
-3653
6106
6248
9175
4899
2917
6386
3797
1767
3358
-5702
-4752
-9429
-6458
-1149
741
-1038
3115
-2048
-3614
5991
231
6706
-6985
3673
3315
796
5436
6281
-7943
5445
3652
4370
1726
3531
-9518
-2041
8945
-9410
9561
-755
-9957
-8996
2608
3097
2885
1335
6321
1700
2433
-2063
5622
9304
-4642
9227
-7765
-7515
2740
-5963
-6163
3615
-167
-2646
-8260
-572
-9894
-43
6668
7077
1468
3270
4963
9835
-3864
-3178
-927
-7170
-1460
-8774
7323
-6594
2544
8900
-134
755
9487
6376
-843
-1570
-1822
-7270
-7189
-4332
7549
6869
-6113
9829
-4149
4818
9650
-5457
4864
-6952
9741
-7072
-7806
8394
821
4826
-2897
-3365
5041
4527
-3908
4521
-7681
-2780
8194
9865
-9774
-3753
9925
1189
-4127
5304
1478
3334
9480
-5531
-8110
-799
7243
-381
5043
2205
-5071
-8907
8109
-6244
-204
8071
-2411
9780
3492
1787
123
-1268
7399
9159
-5251
-2334
1104
-4573
493
-2707
-8524
1877
-788
-1
5846
-2571
-8371
-8921
-2281
6053
-3768
-125
-7074
5042
-1803
-1594
2352
393
-4156
-6507
9494
-6711
-9134
4859
-9944
-7996
-7697
-8507
1956
-1461
-7978
1976
-9006
-3206
-71
-3923
-9438
4023
-8916
3488
-2684
9977
6225
3070
3456
4568
5199
-4658
3052
9161
-7990
-7183
8043
-5
2399
3455
-2350
2887
-5780
-9000
7557
-6499
-9449
-9026
6137
-6171
9415
9119
5961
-841
-7968
-6172
4774
6722
-6875
8165
3910
2698
-4089
6827
-4485
3915
-6924
4534
-2523
3056
2806
4372
-464
3124
-6076
-6175
5519
2331
3471
5883
9330
1212
-5438
1764
6514
4712
-4622
3025
-5073
-100
-8111
-2974
383
655
-9562
-1183
1806
-7814
-1172
5630
-6809
6089
-7040
7728
6506
-7236
3510
6499
3485
-3055
7275
3256
-7296
202
-8962
8009
2748
-969
3872
7732
-1783
-7736
-6285
-1394
-5843
-7084
-2005
-6586
-938
-2807
163
-5957
4939
-9391
2905
4457
-2719
1725
-4914
6506
-7936
4856
-4233
-6104
-2357
-6560
7235
7333
2035
7615
4813
1386
6946
-6538
2082
2760
-7293
-3680
-7
-3431
5183
-9603
-3976
-2248
-6602
5219
-4062
2785
2511
9579
-1469
2487
-7731
8055
3278
5845
-1559
-8638
-3570
-6599
-5453
3542
8785
3274
-8807
-5946
3174
-4244
-162
362
4553
-1255
6919
9601
-4269
-4596
-2813
8876
2176
-8187
-5152
4408
-8129
-3537
231
5499
-5056
6586
4640
-288
-6946
-9215
-5559
6067
5586
-7944
4493
3681
7981
4505
3399
4811
-1902
-1611
-4183
894
554
544
-4053
2744
1918
15
8325
1249
6978
8471
-6760
6813
-7054
-4230
-1430
1389
9056
4547
-7066
621
-6017
-7444
-4872
138
-3702
-6790
1328
9159
-8538
-9174
7525
7509
-8882
-3896
-2629
1852
2220
-4868
-6900
9453
7766
120
-7733
696
5825
3568
-553
-1741
-7118
-789
-4720
1736
8912
346
522
-6933
-2218
-8316
-9797
9788
858
3609
7614
8012
7656
-1958
1133
-9981
-1720
6041
-9054
2610
-1538
1109
-8777
-6999
-2636
437
-3721
-7979
-1982
-3347
-7737
-8948
3621
3801
-7199
-7032
-607
-8261
4092
6235
-3034
7219
598
3653
70
-7445
6387
9785
-418
1300
-6494
-2505
-4370
-4829
-2688
-4585
2837
1952
2580
-3565
-4240
4337
-3388
-3558
-9770
6446
6767
8101
-6871
-3326
-4588
-5675
1191
-9143
3784
2758
-991
399
9677
7324
-6702
3289
9455
8377
6122
1823
2877
7764
-7659
-3430
4604
-568
-4692
3699
9927
-6492
7746
4384
5376
3907
-2297
-2601
-4433
7775
-8409
8191
1633
-7520
3082
425
6831
-2135
-2218
9960
-4909
961
-1824
-9576
6731
-4154
7441
-9711
-6494
-8249
4479
-6383
-1177
-2338
1122
3685
7368
-2336
-6046
6865
-1436
4889
-8301
2875
-7465
9807
7635
-5674
1606
7649
-7913
-3664
-1623
4391
4901
-9444
-2410
-9544
4667
-9538
-1698
2761
-2040
-6174
-5292
9772
2821
2040
6789
8750
-4022
-690
-4515
-868
2235
-5458
-6088
2000
6972
-1304
-3268
-2973
6017
5376
-7358
-6299
-5644
6756
811
-5584
9952
8827
-6577
7882
-3389
3469
-3746
-7518
-2227
8701
-3201
7238
-2470
-5002
1674
-8531
3142
-6823
1589
-9863
-4181
-393
4868
-8706
-750
-3174
3045
-7343
9407
-7870
-457
4118
8662
9266
7191
9118
4526
9259
9144
6089
723
748
6842
-3289
-6292
-9373
355
5805
-8674
-7309
-9505
7547
6795
-7820
5924
5251
-8489
8372
2941
-6430
-7044
6904
-5534
-4889
7632
-88
797
-5480
-675
68
-9964
836
5776
590
5971
4024
1421
-8459
-9260
-4364
8145
-3242
-4767
9263
1779
8499
2411
-2871
7888
5866
-134
-2835
-2937
5087
5584
-7714
-6545
573
-5414
-6214
-1632
-9295
2654
-9040
9033
4038
8613
2613
9705
-3339
5741
-6637
-9625
-8140
358
-1637
-1117
-8569
1546
-784
-8233
-9859
-6547
-130
-79
272
-1666
5511
8127
7655
8196
4347
4177
-7630
-4938
1196
976
-2974
4160
-4860
-9134
-2754
1651
8379
9117
-5371
-8745
6737
-87
-859
-3238
7332
-194
508
-4716
3987
-5705
1419
7566
7789
-5341
3491
4483
-2589
-4364
-6341
4852
579
-2433
-1205
-3213
3395
-7992
-4337
-5419
7551
-8736
-2783
3611
6363
7247
6607
9198
9717
6712
7764
-3785
-7381
-5746
-2629
8970
-9231
9793
7455
510
4757
-7380
186
6078
4696
3514
836
-6534
8908
5522
-3883
-2111
1578
5460
-8002
7855
7134
2535
-4006
6273
-2925
-810
-5112
6995
-3995
9823
-6051
8979
-601
1810
-2371
-9862
9237
-2418
8160
6613
-5477
-5870
3473
4997
9671
-1106
-2860
1911
7578
8136
-493
7137
-7813
-6854
-3172
2043
2117
-7295
-891
-8111
-4668
-5595
4852
-8333
8274
-8575
4984
4339
3515
-5269
-9056
3053
-1062
-1783
-6306
2297
7366
2881
3761
236
366
-8132
-4665
3524
9793
-6894
4377
2947
9020
-5882
249
8592
8338
428
7675
-4702
-8609
-1469
-9576
1253
-8806
3206
-854
-7992
25
8252
-3836
1500
6510
2963
4706
-9681
-8791
2280
1306
5243
6282
5252
-5310
-3248
5649
-1370
-5645
1197
3889
1432
2248
2518
5692
7145
-8670
-7033
-7133
-6395
-9728
7721
-9218
405
1946
8941
484
4281
1031
-2875
7646
6455
4449
-5107
-1839
2182
4337
-8438
6026
551
6540
-5238
8207
2509
-6503
-1606
7076
5441
-5248
8366
-1907
8416
-1449
1669
4112
8524
-285
-4155
-4759
3602
8932
-2350
-7777
-4417
-4168
-8675
8551
5790
-1968
8731
-2462
4020
-790
-7984
-6707
2766
528
-7976
-108
-6797
-3098
-6414
-9689
4885
1281
5700
-8207
-2270
-5692
2921
-2208
-3257
3050
84
-5379
8510
-6564
7565
-7043
-7451
9975
-4405
-767
9427
-2581
-6263
370
5
7800
-3896
4347
-6204
-4253
5479
9919
-2270
-8060
6377
-6642
-2309
-8935
-1281
9187
9194
-5064
5056
-3322
-7839
7092
8349
4397
-8518
5172
2206
-9605
9336
335
-4522
5837
-3819
5255
2508
1686
6056
8489
-2697
7994
1092
7752
5869
-1498
2172
-3546
-3511
6404
-2582
5680
8142
5363
5045
6831
-836
5055
6789
-5686
-2073
-6162
876
-5191
-8839
8219
-3240
-3068
-9585
5493
5938
1693
1060
-7476
7027
-2178
3105
9232
-32
3773
534
4575
-2730
-7080
-7899
-2427
-3234
-1495
7687
-7040
-8601
627
6013
-2511
-2457
-4917
7189
-5396
-4892
9099
-6324
8192
7946
6378
9042
-899
2750
-4710
-647
2099
9309
-8632
-1657
5615
1480
5229
-3586
-8842
4622
3833
-4103
-7648
4062
7253
-3197
3574
-2593
-2564
-4047
-5405
-8194
-5903
-1360
-8736
-8433
7544
4412
411
-6503
6427
1644
6533
-8719
5544
-9505
-2906
4381
-3747
-444
-2477
6127
8238
6469
-8207
4041
2669
4872
-118
4551
6909
-9397
-1103
865
-8171
1059
9341
-8532
4161
236
-6931
-5317
-7317
-4307
-5991
3905
6577
-6796
9165
4340
-7831
-129
4478
1716
7570
3418
4940
1559
-5581
-9751
9955
-8077
2501
9017
6359
2852
-2289
-2576
-4906
-4505
-6025
-616
8311
3391
5045
3393
6956
-6914
537
-5064
-411
-3235
-3378
-3911
-4173
-229
9291
-1956
5113
6728
-6088
-3657
9821
-3486
1155
-261
5820
2560
-2603
3015
9077
-9699
-925
9866
8820
-4540
5861
-4047
5307
4656
-8584
-9789
-9685
7963
-4425
-171
1990
4344
903
5008
2349
6058
1307
2421
-7286
-5780
2215
-6699
3345
-5994
9347
8461
5175
-7930
3883
-2423
129
7728
3287
-1070
7723
1684
4543
1788
-3479
-376
-4931
2822
-7226
7987
-9685
8495
4286
-1868
-2726
-3463
-3114
4554
6178
-5382
4790
6721
-4373
-7967
9057
-6035
-7303
225
5383
2755
9511
-2889
9463
-2139
-4601
-9107
-9982
2904
773
-4141
5120
1939
-3278
2605
3535
-2883
-9131
1371
8628
-4548
8369
-665
-7749
-1994
-9663
3506
-3626
6447
-1429
-1795
3190
3220
-6818
5672
-2055
6782
1340
3086
3653
4495
456
-3490
8918
-324
6035
-7965
-1137
-2911
-2431
-5939
1942
6927
4758
-442
-2671
3218
-5655
-1527
-4665
-7380
2226
5762
-849
-6432
-227
896
1437
-3153
5008
-9768
4307
-7599
3618
9461
-7066
2557
850
-5493
4352
-3587
8504
-850
2016
899
-2816
4612
-5032
-5015
2891
-8131
-3418
-9253
1916
-9251
4427
-9922
-2308
9775
-2965
1692
-560
-4521
6057
6849
-5145
-1850
-1250
4796
1381
-2524
5641
-8137
-1658
175
3872
-2373
-8568
3394
-8959
-9590
-6071
-5163
-479
8010
6810
39
6699
-8362
527
6506
6490
-2292
853
8638
5290
-7916
8590
-3213
-4308
-4271
-2480
8991
1095
3043
-6537
-8346
2062
4900
-1310
5251
-579
-2113
3368
-5023
-2212
-5602
-449
5077
-2880
-4195
-1944
8994
-5938
-9209
2607
-4160
7590
-1174
6023
8226
8220
-2893
5106
4473
-1604
8641
-5465
1054
3483
-1189
-9999
-9073
-8233
-3264
-4889
-2702
8431
2572
-7305
9773
7084
-4083
-6272
-3259
-7294
5211
-8292
-9878
-9746
1870
3105
-1690
8852
-6124
-1105
-7019
-6563
-9623
-5530
-7699
-3082
7670
-9542
8316
5259
4604
-6621
1817
6207
290
2891
1448
3486
-2770
7721
-8995
-3090
-6895
6840
4040
-2168
-2085
-1291
3741
-1217
-5230
4284
5495
78
8162
-1057
-9379
4351
4078
-5407
-8666
-7305
-4703
-3694
-5773
-8762
4646
-1001
-8700
-4065
8089
3478
-7265
-9741
6511
570
-2951
-6153
-5598
808
-3264
7859
1896
-4191
4659
8621
545
-9565
7485
3321
4894
2957
-6075
-9665
8321
6721
-6707
-951
9660
9914
-1544
-5036
6778
-1998
-7767
3823
-5025
621
9490
3254
-1059
-9490
-5782
-9384
-9810
409
-1421
4007
-9414
-4594
4779
4047
2249
2539
3003
-3266
1551
-5552
-8788
106
-9649
6564
-3990
269
2824
6648
-5912
9525
8791
-7382
-9317
9882
6803
-9908
3166
6989
-4947
-3106
-8623
7927
7658
-3762
3627
-4194
-7526
-4810
9076
-6390
6049
-862
-5469
-844
3205
204
-6414
-5643
3694
6767
1070
1342
179
4854
8902
1815
-1591
-8307
-5355
7689
9023
7122
3708
-1926
788
885
969
-9727
-144
-4164
-9259
-6338
5064
-6888
-5683
-556
3409
-316
-4043
-8589
-8684
7951
-4978
-6357
2602
6775
9993
-6173
-4991
-3307
2610
4193
-6225
7395
-8711
-5092
3907
-9903
522
2536
-8009
2603
6676
1029
-3813
2042
-7828
4881
3079
-7105
3995
3460
4749
6541
6400
-6
4926
-2114
7298
8976
-7173
4181
5112
5162
-3362
-1220
9908
7275
-9184
-4715
-4142
2888
8705
-2768
6723
-4412
2744
-8060
-7867
-8141
8264
5126
-9328
1881
-5011
3856
-648
-194
-7178
-3655
-5534
1200
-9493
-5881
3506
6342
-4116
-7124
-2413
-7472
-8674
7859
-313
-3760
-6006
-23
3760
1385
-2923
16
-9668
4596
5275
-2369
4083
8794
-3177
-7500
8320
-468
-6765
4737
2801
-2381
8135
-1940
3513
-9099
1240
-3562
9480
5323
5319
5447
4775
-7844
-3171
-7333
-1794
-3180
-7096
-3800
9463
4780
3863
-2783
4965
-3593
7721
4031
715
598
-8258
-6520
4515
4964
3958
-3963
-6248
-1419
2561
6584
-2449
1624
-207
4172
-4109
-4760
1697
-6148
689
5255
-7975
6129
7992
1572
-6388
-5883
-2791
-9252
8369
-3214
-1245
-2261
-5741
475
-6414
-1922
5865
-3384
7750
2356
-1309
-1938
-7696
3720
-8994
3142
-8327
-7925
3914
2111
5336
5358
9830
-6464
1724
690
2453
-5046
-7689
-6806
-5618
5326
5897
2401
-2403
8234
2147
-4286
689
9315
4221
3108
-4762
698
7182
5072
3006
-4756
2039
8215
-8908
3267
3869
7630
9780
-4828
-3942
-1852
8033
-6512
-5683
-8583
7320
-4869
-1422
-1669
3744
-8668
-8304
8786
-9768
1513
8251
-9295
9228
-3218
-6384
-1503
-5803
-9366
-7085
-7220
1237
-838
9421
1480
5808
6933
-2968
-8080
-9779
-1850
-6418
2638
9500
5264
6423
4246
8062
5850
2583
-8477
-2117
271
-3597
6154
-9503
574
6649
2248
-1074
-5162
-4011
2297
3304
8110
-2686
-9038
2493
6531
-6421
5111
3046
-9910
5334
5545
2748
-4054
-124
4707
8114
-2145
7405
-3982
-4636
8923
2140
-4405
3196
1142
6531
3635
-2988
2891
-434
5564
5666
-1177
9573
5755
-2895
3926
6379
-5551
-9606
-7545
4685
-4481
323
4056
3054
5080
6563
9468
7747
-339
-6855
-1360
-6599
6942
-5900
8952
-9232
-7285
-2136
-371
-8150
4903
6618
-4446
-3097
-9621
-1457
-5931
-5157
-7261
380
-7821
-761
-8967
-7967
946
-3820
-2656
-4688
-3279
3126
-7923
2713
8750
4031
-5555
-1464
-727
-1807
-1780
-736
-1179
-1603
798
-5548
-7430
-9486
4539
6133
-4217
4825
-3051
5989
6781
3516
6444
-9435
9540
-408
1832
-5703
-2448
7859
2666
-6443
5386
-7567
9523
1459
-4302
-1495
-4610
-1886
-661
-981
4221
-5422
5922
115
9365
-774
2053
4285
8021
-9623
3549
-4381
1441
-4749
1102
9541
3976
8138
-245
-7680
-7905
393
-5558
7805
3583
6843
-6849
-4841
5074
1842
746
-6585
9651
-9406
8928
-7400
6106
-5970
-7845
-5001
-3181
1713
2994
1071
-6138
1953
5850
8978
6515
-9816
-5649
-3709
7491
-2217
359
-8090
1482
-8994
6976
8027
-7003
-3505
-7498
-1739
434
-5993
-9315
440
8459
-7527
-2635
748
-4157
-1024
5589
544
5684
6978
1119
1882
5223
-8616
8816
-7698
-1562
-4830
-3745
6326
886
-9743
2819
-1740
3074
-2021
6767
-9739
2668
5399
-3391
-3775
6085
-435
6114
8854
-9118
3450
4043
-9617
-763
-2671
2141
5702
-3240
-3189
6672
-1864
-9843
8049
-8497
9734
5439
1068
2325
5873
5631
-5749
-4284
-9693
5345
-8226
-4404
4812
5143
9272
683
-7167
-1208
-4567
-9127
6602
-8557
-983
2419
1306
1549
-498
-105
-6877
6345
-5643
-4194
1006
8639
4114
7454
5995
4935
1729
810
8379
6207
-4770
-9773
9051
1489
-4105
-1056
-1677
9713
2985
6510
-6993
-7438
7372
-3552
-7096
-7366
-2592
-4827
8999
4795
-2538
5617
-6933
8992
-3100
-2439
-375
-9847
-2000
8170
1276
4318
5847
8747
-5945
-1952
-5317
-2928
-2987
-3135
8593
7823
-2170
1806
4888
-2273
5181
-7978
6395
-5741
7177
5533
-90
-5190
8632
7594
1802
-6991
5885
62
-7255
-8907
9725
-6585
7920
1049
-161
-1260
599
2253
4326
-2915
-8849
2146
-1693
-4541
-8940
7144
5664
-2476
3251
-385
-6092
-8853
5366
-2481
4633
-8929
1678
6839
6664
5400
-7806
335
3825
-5889
1325
-6344
-6494
-5552
-7493
-3172
-1906
-8619
-4572
-2013
-1149
475
-469
3759
-1781
-5037
-7528
-9531
-6368
-1830
-7192
1108
-5373
9886
-842
-5843
-3435
-9020
6518
-4853
8926
7508
-7909
-6556
-2547
1211
59
-1029
9519
-6852
-9758
593
9235
-4596
2712
-1129
-302
806
2592
2892
4033
-5311
-304
2039
-1509
7956
-2507
-7619
-3490
1681
216
-2243
1800
-5997
967
-2478
-5905
457
-1335
-298
-8982
5379
6516
7240
3957
-8051
-1137
-5611
8711
8639
8234
-9004
5488
5297
7921
974
-6579
-9729
3319
-2699
6856
-7411
-2462
1419
1415
2516
1989
-8500
-5828
7310
8241
3712
2091
3302
5610
-1200
-9434
9182
7013
9901
-5212
1503
-1471
7897
-7815
-6537
-9322
-4713
-705
8960
-5319
3795
1737
-3756
466
-7211
-4042
3705
-9504
7050
-5899
-9165
-5197
2251
-4303
-1953
-8498
-728
9414
3127
-7619
-8016
9038
5595
1535
3269
-382
-8544
-6223
-7559
-6911
-7698
6009
352
2675
9299
7721
-6362
-8601
39
6145
7605
-7144
-9052
7052
-4840
3109
7577
-6537
2459
6442
-89
-6788
-8313
801
3597
-3572
-5504
-5337
-2174
-9512
-1110
-3508
7583
3059
-9618
1102
2031
7315
-9610
9011
-1632
2238
1065
-9467
2379
6235
4739
2705
2128
5214
-4826
-4272
8337
-3924
5677
2067
4652
-4863
-1877
3823
-9087
2245
8829
8608
9521
7007
-6424
8514
8659
110
-221
-1785
7280
-7664
3166
-9941
6501
-9749
5940
5861
234
-4738
-5888
-8171
1009
9529
-6288
-3061
5536
4642
-8380
-3479
5912
5188
-5678
-4996
1235
2552
-8919
6527
187
-2491
-8045
6316
-6969
-2213
-8912
-3333
2529
-2734
-7686
-8706
8470
5937
2225
3172
-9329
-1350
-2493
-2126
-5701
-2199
9124
-1884
97
1927
9957
9684
-9293
-911
4233
3356
8247
4713
-5781
-8642
5018
9682
-1208
3970
-5616
-2820
4171
-8924
-4275
9000
-5480
2110
2561
434
5066
-6512
3544
-2934
9495
7829
208
-6754
7652
-5075
7302
-1325
7467
6820
5681
-7563
4616
5293
-2435
1740
-3774
-286
7351
-5423
-9702
3780
-2678
-8485
-3498
-8584
-1133
3709
1261
-5037
5377
9261
214
9123
4953
7586
5337
-261
4009
-2047
-6551
-3044
-1069
4366
-7422
-7771
3513
3070
2255
9178
-1231
-3858
-7151
616
-3827
676
-4153
3829
7632
9918
-7276
-1165
-459
1833
-9475
-6659
3001
-7693
-7009
8184
526
-4335
-8458
-9968
-9428
-6838
-9978
1885
-8584
-9863
-7781
4210
-3753
7635
6375
5475
9602
2694
3613
2496
-8096
8560
-541
-928
3158
2277
-1036
-8100
-8343
-8315
7422
-3184
7545
-8439
-7428
-2934
4526
-9745
7803
-2483
1979
-8902
4126
-1649
-4680
1586
5559
8822
-2430
4458
9188
7748
-3205
-7906
-5086
-4642
4292
-8315
1629
5504
-7291
1504
-7208
-1676
-5666
6759
-4896
-2209
-9763
-4858
585
-7621
-6571
-7611
-90
7953
-1014
5083
9901
-985
7098
7258
-116
1972
3895
-1031
-2952
-8373
-3126
-5148
7934
-1522
-8084
-283
8213
2375
5102
-6244
6278
4913
5783
7807
-5479
-2332
-6496
9690
-57
-562
-7943
3918
6684
7342
-1532
-7069
-5869
4220
3851
-5587
7989
-2531
7916
3169
2780
955
2787
-2756
-7359
-9550
-700
-8698
6021
-1508
5587
-8258
-2905
-5221
5406
-3041
3698
489
-7850
8611
9168
1212
4752
9155
6356
2398
-5150
8671
-5480
1172
-1293
8564
-2249
5615
9377
-8588
9146
-3520
-9512
2296
3885
1098
7183
8504
981
-4891
-6671
-1899
-5659
-4219
-8644
178
-9619
1275
873
-1221
8594
5044
1607
-5892
7142
-8753
1445
-3140
1377
-2107
-3239
9528
1644
9075
-9855
4523
4295
-6057
2766
-4864
-520
-1989
5319
1050
1331
1396
-7058
6812
-8316
7489
-3712
5154
336
3541
4614
-2095
-3856
9329
1081
-8482
4351
2688
-861
9751
-481
9396
986
-8356
-6226
-8496
8994
1073
9544
-9699
5439
5533
1685
-2764
-5278
-7206
6230
8376
-8979
-5962
8394
-8387
8427
1615
7784
8501
1435
-7985
-4418
-6086
-6381
-3526
4643
-3359
-9615
-3451
4410
-3309
6817
-3549
4276
-4761
-1535
-2931
-2992
9645
1147
-6464
2095
1274
-7949
-3095
1330
-8424
9871
-6527
-122
3555
-1679
9849
6586
5763
3091
191
-6889
-3938
7794
-2180
7574
7312
4255
3376
816
4125
5098
7676
1477
-9201
7664
-6765
6721
-9284
71
-1166
-9734
2189
-2677
4411
-3242
5590
-6347
-1206
-9844
-5367
-5513
8501
1532
-7948
7549
-4528
-146
-9232
-9776
2899
2753
-9893
-9505
5626
9550
5887
8471
-5865
8264
7417
-7615
8650
5747
-924
312
3984
-1870
6730
-1715
9905
1425
-3046
3992
7977
-6541
2441
-2726
-9845
4445
-2078
-1637
-5131
-5486
-5786
-5230
-5660
2887
8042
4727
-88
5406
2137
-3157
2615
-490
-1959
-6439
-6990
4742
-8702
-8773
-4853
6147
-8309
-8138
6236
8581
4513
-4589
746
-4748
7705
-7562
-3636
-453
6035
2333
4509
-3299
-4407
1205
-199
4322
2513
7347
2638
698
-2318
-4856
-3770
9086
3617
2549
7342
1052
-7137
7506
662
8078
5003
952
6866
7250
-549
-754
-1287
4858
-6585
1769
9971
5529
-2614
9873
144
2130
5931
-1832
160
5658
3414
5696
987
4404
-5298
-482
373
3548
-5808
-5595
4350
2381
-9263
-4555
2649
-2624
9047
-8621
-2169
7236
4992
-9442
8855
-4553
-2717
927
-7358
-2865
9422
-5297
-3587
8064
9793
-3744
5764
5683
3877
1369
-5668
9675
684
1990
3153
6384
2445
2860
-8730
6834
3406
2063
-9607
2046
2264
-2574
2264
6649
-4647
-4896
-925
1931
-1602
2688
3013
-3123
5065
2478
6669
-8732
-2979
-2487
-2931
-8156
-6462
-1626
7672
8028
2118
1257
1787
-783
8923
-83
-5510
-2189
-8038
6692
-3281
7580
-5825
452
-199
5024
-2915
-7458
2445
-4939
-31
-4081
-8625
4183
4778
1187
2724
-9863
8412
3893
6953
1201
7377
2121
-3714
6587
4759
3204
-162
-1854
38
-5649
-1784
-2802
-5516
5215
742
1455
-211
-7848
8879
9092
3037
-1564
-1061
4542
-8408
-8737
9082
-1574
-1854
4418
-2159
4095
37
650
7731
-9248
-5436
-5299
-3786
7599
6957
6944
-239
8634
-9512
7622
-7589
7073
-1526
8908
7130
-2042
7710
-2972
-7784
4240
1610
-8803
-4009
4974
8914
5401
8935
4217
7579
-7229
-6731
-8480
-5315
370
7521
2338
-8386
3645
-6833
6680
-504
6355
-8873
-5123
-4427
7530
-3174
-9405
4439
-8830
-8250
-6199
-3631
5582
8104
794
-8104
-62
5240
-6712
178
2414
-5
6992
4863
2450
19
-1991
-2741
3495
5366
7108
-3203
-4949
-9721
4789
-2675
2484
7742
3547
4919
246
-3145
8933
-8140
-6425
650
1018
-1860
-7842
2096
-1272
2348
2641
-5821
4290
-7250
6897
-4328
5798
-2112
-4277
-6759
-1921
-8750
-3574
9673
4884
2380
-472
6887
-4948
-6182
-2911
9929
-5140
-979
7326
9840
-5939
-9260
-9192
-3084
-8775
9562
-8189
7857
-420
8396
-7336
373
3123
-126
-8001
-8183
6792
-3308
-5165
-2282
3946
-9160
-8036
-4957
-3629
3798
5315
1418
919
5465
413
-7850
-2774
6403
5293
-4208
-6786
-8576
5869
6010
9599
6818
-9079
9950
2351
-6385
1153
705
3597
7014
-5925
-8529
8824
4546
5641
3289
-3740
876
4784
7405
9911
7631
715
-1910
1042
1296
8574
-1240
2853
7855
4693
8194
8521
2249
-9718
7559
-1492
-5600
7828
2471
583
6727
6382
-635
7962
2834
7233
-6095
-3599
6272
-4857
-4733
5288
-7944
2052
-9072
-6217
-8778
-9303
-6175
5748
854
6457
5041
6393
5651
-4889
9986
-5055
-1108
8658
-446
1352
8452
-7454
8044
-6009
5958
5889
-9062
-2823
-7486
-800
2758
8692
2685
-5234
-6653
-1547
-4515
-910
3704
9236
-4410
1592
-2950
-5370
8448
-2332
8931
7831
-682
8355
7069
-802
-5034
5946
-5910
1771
-9037
7815
3171
-3507
-6361
3400
7659
-810
9924
-8107
7902
6203
4460
-1336
2438
-3164
-314
5801
-4309
9129
-4115
6044
3034
8832
7803
9411
7792
-8298
-1592
-2819
8941
9095
-1528
-5635
1021
3041
4462
-8929
-6073
9384
4076
3605
-1878
8532
4241
-3444
-8125
-1086
-5019
-4133
-5414
1629
692
9192
-8955
4340
8793
1505
3832
-1622
-4623
-6964
7440
366
-4905
7297
6451
8329
-6238
1726
4663
7076
-2571
-7430
6766
-2628
-2241
4811
-7644
6145
629
-4054
-3897
-3003
-3909
-7706
9396
-8553
-1033
-888
-3903
-1562
-9344
6465
-9410
5474
3505
-4375
6529
5418
5153
1243
-6707
-2810
2862
2909
-9275
8761
-1760
3804
4855
1535
-9527
-8273
9525
5821
-8661
-2619
8863
3107
-9789
8186
6209
9705
3733
-8020
6565
6135
7067
4157
9304
2453
424
2713
5262
1021
6239
-5293
-5867
-7088
6079
492
-7856
-5507
6859
9375
-6009
-5417
-816
4977
7017
-3060
-4651
-1150
1818
-332
-149
6285
2034
-4657
-6039
3911
-7467
-1624
-6816
-677
6913
3646
-2881
-4214
5753
8544
7929
6503
-2655
5431
-3440
1369
-2786
-8042
1368
-2692
9522
9842
1117
-3130
-7078
-9091
-8546
-1251
2521
4015
5951
3419
3521
4952
-8233
4043
6524
9386
-989
7097
7693
6569
5620
-7567
7238
8925
-3505
6455
1793
3552
-8303
-9303
7091
2007
2282
7366
2496
3828
-847
-7049
6758
6125
-9464
9373
5309
-5215
2734
7715
-8103
-6688
7251
-532
-5815
6653
-8486
7966
6232
-463
-8854
-4531
-8909
3646
2044
8693
-3569
5351
1543
4503
-6808
2184
-6598
