-628
-4220
-1508
5216
-7080
4066
3409
7910
-7965
570
-6705
-4794
-2046
-7935
2624
4074
9362
-3106
8892
-6758
-1245
448
7948
6793
-2316
-5343
-9586
3716
-998
456
7954
-4426
4712
9481
-7175
-314
-3048
9311
-7275
-3885
-4244
5
-3888
5497
1038
8500
-5006
59
9897
4464
-6639
-7238
-7633
1186
4608
1135
-3820
-4974
2004
-2521
1294
4075
9797
8905
7923
5035
9413
8781
-9400
-5008
2343
4506
-4145
6158
-4900
-8893
-5231
-8955
-9007
2867
-4941
4210
-8521
4895
482
6838
9763
-1112
-6081
5270
6488
-4668
7773
-9905
-7527
8238
-620
-539
3761
-4358
2360
4978
5572
-247
1890
-6089
-7603
-3456
-233
-4789
2452
-8715
671
-1857
-2155
9555
3038
-3904
-8298
8565
2357
257
5022
-4107
9056
-2331
-2313
-4270
3485
5516
8464
-1982
51
-2072
-6584
5400
-3163
3637
-7532
-7694
4710
-1678
2185
948
7068
8062
-9321
-8275
7472
-9119
3661
-9248
9115
-5112
5055
-1993
9404
-6689
4310
8825
-2490
-9407
9827
2106
-9904
9928
20
3538
3702
8766
8666
-4239
-9619
1376
893
4090
7958
8663
-9842
7536
3317
9248
-5909
-1880
-7137
-1423
5571
-6579
-1286
-7022
-3214
2715
8598
-3266
271
-324
-6883
1287
5815
6312
8302
2851
4432
815
1538
-3176
1675
7475
-9390
2968
-9919
-7437
-8227
-6806
-1398
-9734
-8238
5257
4736
9724
-6126
9114
-394
-7573
-2528
-4942
-4748
5928
-4335
6843
3160
-1672
-4556
2373
1133
6943
-9633
-7663
-2010
-9113
-4526
1209
-382
3718
1280
-7600
4390
8452
5767
1626
8295
-9851
-1595
-9955
1946
6303
-3674
5577
-579
-9900
-1044
6900
-2855
-3348
8986
7614
7877
3858
-6375
1868
5283
-9507
-4896
4608
9301
8317
3836
6886
1857
1270
9829
-8871
8151
-6472
-6078
9004
4546
3679
-2720
-5386
-3481
-393
-3346
-3933
6531
-3505
-24
-6964
-3588
-5299
-1146
-1571
-2448
-4860
6087
1422
8047
-4030
2864
-604
-53
-192
-9683
4328
-4074
-2940
-8571
-4978
-7119
-6563
-5064
4442
-6308
-9333
5371
8292
-1261
-1948
8464
-2930
-405
4887
-9602
-6485
4178
-4910
-7476
763
1635
-661
770
-6765
4733
-9890
-699
-1271
-8358
9412
-8850
7550
3323
-5963
3535
-2686
5667
-3137
-6328
-6114
1305
-7172
6826
-844
-256
-943
-2653
-3690
-4113
7390
-7197
1511
-8707
-6791
1741
-2150
3185
-2885
-6612
554
6187
7976
-2081
-1645
-8101
7978
-1992
5137
-5378
-9533
3434
-6252
3202
-185
-5646
-6435
4062
4358
-2906
-9135
-4731
-4847
6701
8322
-1609
2495
-3677
6483
-9756
4514
5618
-8178
2496
-1095
9635
8163
-5853
1702
-4967
4166
3850
-6615
-7377
7256
-6909
7662
609
-7555
-6634
-6983
2266
-9645
-9330
3252
3035
5891
1224
4138
-9234
9451
1277
5342
-9113
6597
-6019
9008
8461
-7208
-3499
9310
8784
9260
9877
-6274
-153
-1501
-2794
-7381
8360
660
5630
838
1514
2702
5321
1549
-7685
-6049
-6703
5571
-1861
4533
3330
4572
-957
-1864
-3824
8680
4997
-7264
-4254
-1459
440
-336
-3379
-7146
-2357
-7597
-8587
-2886
-2110
-1168
-5463
6130
-1977
5972
-6653
-4795
4129
-692
7478
-4488
-6960
1425
-2225
1932
-5836
-9971
3232
5313
-8390
-405
3171
-1767
-3228
3364
3334
-8853
-5212
8798
2900
263
-4378
3082
8544
7079
7669
1498
4463
-3457
-8563
7776
-785
-1705
-5506
238
3888
-9649
2073
-4451
-3745
4987
-3302
8173
-9196
6745
-4719
-1421
5324
9390
3601
-9165
4708
67
3575
-5358
-9285
-3102
3330
3792
-7813
1
-509
7623
4096
-2095
-8917
6873
-3643
2787
-4462
8141
4525
-4307
-8938
5986
4941
4799
1211
-6088
-331
2957
-7464
6460
-8418
8429
-596
-7778
-2127
-5733
-8074
-3711
-2313
3114
2757
-417
4147
5583
7171
-100
5797
3982
9811
-4764
-5597
2657
8081
-3562
3813
8136
-4067
3430
6903
-9957
-2227
-1706
-397
7516
-3437
7259
-18
7852
1906
1915
4583
1244
-4816
-5834
4105
7612
-5323
-7043
-5544
-3731
-8430
9522
-5186
3848
-5153
-2875
-4973
-2757
6429
2277
-7106
-921
-1419
-6275
4097
117
-6519
9519
6796
-6133
-1465
6807
8717
4673
3612
6452
664
2442
6134
3284
-1412
-8417
-7599
8475
8419
-8959
1114
-9442
597
-9704
-2820
1734
-1777
-9508
5272
7475
-8476
4162
9378
-8430
-7761
-2638
-1476
-33
6839
-380
3469
-2371
-2794
-7702
6429
5327
-6865
-4730
-6119
4025
7534
3075
8325
-805
9643
937
-6105
6739
4002
-5751
-2348
-2369
-8277
1795
842
-6385
-499
9905
2683
-3842
-4181
-4256
-3658
9312
4539
-6127
4174
-4190
-369
-8944
-3250
-2997
-6238
5038
-5917
9545
1306
-502
-9983
-9679
5435
-7051
-5938
-3057
7065
9445
-3461
-3076
260
2781
1970
2210
-9436
-4629
-695
-2531
8592
593
2639
-471
2768
-1822
-5357
-759
3331
3790
6918
4319
-9436
4003
-9291
-1772
7985
-864
-8990
1035
6009
-600
2006
-2528
2437
-3337
512
-5400
-2744
-7564
3729
-9825
7725
3282
8962
-429
-7
7495
9325
2914
3746
9400
-1971
3782
-5625
6380
-1229
8305
-4053
-25
8581
-6611
-7604
4098
3025
-2937
7577
7833
-4088
-6173
1419
1449
-5415
-793
-5184
42
6643
-6700
3197
618
7056
8655
2267
-9537
-4296
-8950
-8446
-2829
7401
-8888
7527
-3132
-770
2899
-8011
-9670
-1412
-8053
7288
8427
-2107
-2886
-7593
9790
7103
-8817
6870
6311
3247
-2247
385
-3671
-3091
9817
1713
8887
-4795
4212
-9753
-2525
6367
-3560
869
7205
-9718
1547
-9556
-6113
2739
-8190
-3988
-8927
-4784
-8707
2022
-492
-2897
3118
1402
-7480
9513
-6894
-9518
3736
-1905
-665
-1532
4022
5361
-2036
-2784
3713
-7424
4593
1684
-5935
-5664
5355
-4873
-253
-7328
8268
1429
-2193
6718
7577
-9789
714
6100
8719
1557
-650
2566
-1589
-7671
1007
-6610
-7286
7885
4456
-2611
5559
-4333
-8437
-579
1924
442
9204
-2855
-3162
2887
-8950
-6740
-4850
9876
164
-1426
9311
-5607
9444
5473
-6169
-2841
3416
1826
8098
520
9957
-9946
1509
-636
-9022
644
-9587
-3440
7889
1919
-7187
-1566
4117
-8636
-2891
-4532
4493
-3033
773
-5107
-1648
-3906
-4777
4208
7701
7742
-9657
-7894
9216
1779
-3904
7603
-3078
-1523
9506
8245
8232
9560
772
7701
-2124
9625
2745
-5682
1552
5960
-9096
-4771
7510
-8351
3610
-1971
-8927
-8910
-2535
9453
228
672
9575
-2170
-2608
8135
1266
-3699
-1616
-744
-1929
8362
-404
-829
9100
-2867
7238
-9090
4259
1947
-1599
696
7089
2965
-5701
-5147
-9148
3153
-6102
-4332
-9560
-8378
6756
2842
-1850
9177
-1337
5918
8279
-6265
-5711
2595
-3425
1898
-904
-3506
-9986
-6158
-2981
-8935
7347
-5490
-524
-3914
5961
-7428
4189
2239
-7928
173
3634
1398
3259
-6433
-7545
-3597
3625
-5747
-5191
8583
-2
-3394
9365
353
-2904
9142
-5455
2397
-4889
3205
-2850
6383
9200
342
-178
8833
9527
-6834
4481
2894
3926
-2066
-3804
9725
-7307
6730
225
3381
-7524
2119
3982
2946
-990
-7770
8969
-6636
4101
-1302
-6020
2215
4895
5075
-1568
3201
-827
-5746
-6600
3013
4703
6886
-6021
-3241
-470
7749
3156
2181
-1191
3687
-551
4563
2187
6328
6216
5140
-6860
-5311
1592
-6898
5788
-8050
5780
-3742
1505
1337
-2673
2789
6142
-8235
9021
-2898
2076
-7152
7122
-9735
514
-5870
-5935
-8664
-1497
-6186
-3029
6712
-8949
3952
-484
-7680
2993
-3960
7718
-8212
-4217
2668
-4687
-2857
1833
1579
4078
8090
8545
8290
6017
2030
-2034
4856
-8221
-9083
9458
3209
-2933
-3265
5540
-5291
-144
-4039
-5671
-4938
5942
6483
-5437
75
-4440
-8868
7365
9678
-8628
9935
1826
6512
-893
3761
6929
1105
6677
-493
-1236
7056
-8926
6391
4869
-9729
-6804
-56
1806
7515
-8495
-5155
-8832
-8451
507
-8761
5728
667
4598
2109
7383
75
7213
1230
1887
-2856
9656
-6357
-9864
-3768
-9039
-610
9170
8013
6876
7342
2465
9691
2860
4795
6439
-2467
-8285
-2079
3873
4383
892
9101
-886
9126
-9930
-6187
4415
-1872
-8222
3010
3631
-2169
189
8242
7740
-4031
-901
-8341
5658
-3494
7039
8018
-6467
-2778
9478
1016
7743
13
-760
6291
8758
430
-8745
5897
-7926
4543
85
-9191
-2008
-8741
4151
-9614
5638
-1937
7278
-9953
6011
8272
-1551
6331
7314
-488
2005
-4455
7836
617
8456
-2173
-4905
3052
-7241
-1150
-427
2650
1378
4367
-4372
-8681
-1191
-7654
-3639
8545
-3701
-6208
8912
6369
7641
-6368
-7871
-805
-789
6475
4243
6443
-6035
8938
7468
-7092
7351
7154
-4535
546
4731
4425
-7358
2431
-8113
4536
-5886
-2282
-5838
-8423
7086
284
-7011
-3227
-1154
-1196
3935
498
-8232
9126
114
-129
-924
7341
903
8097
-2382
8985
3557
-9601
-3474
-2571
-1909
9874
1916
-4639
8690
-279
4177
7695
5873
8943
6393
-3579
3226
-2073
-1936
-5693
-930
6239
9217
49
3837
-6916
-3464
935
1794
-3786
5484
-1793
-7434
6452
-2638
2786
-2330
-1375
721
-1902
-383
-7612
2133
-1535
7466
13
-4328
-9380
-4538
-6845
6355
-3385
-6127
8324
-486
5602
4099
2026
8493
6541
7859
2672
-8566
7065
-5869
3229
6661
-9601
-6183
-2391
2075
-1838
-9986
6937
-1961
-4065
9594
6694
1242
-5877
-8851
-1648
5054
2772
-6647
2472
-7360
-2522
7929
-4510
149
-9788
-729
-764
-1650
-7662
-9753
-6436
5132
-2833
-2821
-1165
8674
8703
-1160
-1167
7019
8642
7007
6980
-7568
1844
-8502
5395
1951
7434
1015
2549
7952
-5827
6545
-7710
9596
-8483
4151
4936
7185
7164
8510
1197
-1010
3123
9221
-5121
-7758
-7537
1527
3607
-6863
2486
6192
3338
-6441
2240
883
5613
4131
3049
6861
-8071
4859
7684
-7620
2062
9523
-3338
8714
-216
-824
-3647
8094
7582
7885
-9394
6812
5097
-3866
-7626
-1169
-6647
-2633
5249
-6926
-7535
-6580
-7652
-2416
-7729
971
5793
-1817
8795
-3370
-4853
7980
43
-3369
8510
-3570
-7099
5197
9598
-232
4627
436
7850
-7432
5044
-924
2555
-2702
4160
8135
-3956
3046
1079
1930
632
957
-7067
3038
1090
1177
-5749
-7618
-6646
5166
-7721
-3662
2407
6235
5680
-3783
4572
8090
5449
2247
-1908
-1724
-2188
3205
-4651
-5331
-5344
-3710
604
-7998
-234
-631
2771
3778
1103
-7083
-4829
1435
9405
9616
-5132
-3521
-4359
-4308
-6434
6104
4526
3386
9038
-9180
-5873
-3211
6839
9683
-2367
5239
-3865
-5663
-9806
2549
-6416
-9764
-5141
-798
5042
7970
422
-4986
-7451
3079
-8325
-6315
-2490
3305
-7827
5819
-7431
2977
-1043
-620
-3143
3840
5086
-1800
-9741
7193
-4178
-3435
-234
-8316
3929
2314
94
9625
-4891
4443
5416
7108
-5036
-5085
4010
-6626
7227
-5746
9306
-4134
3936
-1825
7390
-5514
5861
-7228
6421
2479
-5559
-7210
-934
5511
-4517
7110
2799
-5813
5389
-3562
9254
-577
3580
3641
-5954
4708
-3252
-8766
4419
-7798
-9566
-9014
2519
6310
9864
9116
3282
-6675
-6171
-6957
3119
-5852
6610
-9665
9434
-7568
-2447
-353
-9957
-7035
8114
3242
4129
-8598
4933
-3578
5631
-2128
-1654
-5608
4969
2189
-204
-7543
4308
6904
3355
-5572
9770
1749
7402
3063
3155
-8183
-3701
4562
2613
4662
8206
3509
-479
-9138
-6154
-3478
7137
-2691
1633
3706
-9880
1751
-7609
-1332
-2929
-774
6264
4836
5055
-6289
-8723
669
-3234
-4007
-873
-2359
5625
-9927
-3226
4852
-7493
-7014
1850
-6706
4243
6494
-466
5617
-1936
-3698
-9361
9051
3139
2552
5251
6825
-6867
3530
-1434
-4398
-550
8451
4290
-935
-3764
-6263
-7615
-4657
-6446
-4311
-5459
1941
8932
6591
4096
-3381
-6480
-9343
4184
8133
9424
7374
3786
4457
8099
-5057
2128
-1730
3005
-9980
-4898
990
-5944
-768
7593
-9269
-6341
8460
-6
597
4206
5519
-8825
6493
8893
5609
5587
-3999
3763
-2191
-4277
8443
6268
4838
-5273
8273
4983
6767
9220
3245
-167
5171
-8592
629
6407
4860
-1845
-4389
-5196
9666
1695
-5559
7137
-2667
4781
6742
-9920
-6707
-9865
-3212
-3249
-6278
-4311
76
633
-8132
764
-6485
-9877
-3678
7419
-4001
-5790
-8178
5950
1526
-2642
-1304
5959
9384
1092
5631
7079
5996
9682
6166
-6204
8962
6084
-5375
735
-1989
-2745
6682
-4985
-9235
-6740
3717
759
6776
-4112
-4739
2906
-6207
-7779
2132
-470
-4326
-3704
1897
-317
-5867
-8775
-6862
-1571
9632
-6597
-7332
90
-856
-4904
-2309
9593
-3327
2289
9364
2468
5032
6112
6819
-4508
4278
4795
6920
8111
3561
3774
8696
3136
-3300
-1063
3792
-190
6564
-6421
2467
-9719
310
-291
-9806
7008
2595
-5438
831
-5810
-5648
-4681
5698
-6763
9146
-1911
6051
-5395
-1357
6105
-2500
8625
5275
4379
-8710
-9184
-6712
-7504
-8469
-5982
7239
1963
9127
8033
3860
5402
-8394
2839
-8272
-123
1152
-1851
1968
-9286
-8386
8150
-5541
-4118
9041
-9883
9850
9482
-465
7111
3023
-8008
-2573
-4045
-2371
-4896
-3383
-5670
-8284
1726
8853
-7925
-6061
2277
-2065
-2197
5764
-2286
2994
5643
3978
-9283
-6895
-1810
-262
-4146
-1655
4555
-880
7697
-3238
2585
4360
-6598
8708
-5662
9621
2463
-5552
-1915
-1068
-2881
8287
2441
646
-9379
-3366
-3990
-7222
-3724
2736
-3995
-1725
-5964
5892
5557
-5451
-8344
9062
457
2566
1533
-1114
-5232
-6333
-3453
-1533
7276
9014
-5917
1654
5200
-5959
-9753
-6403
-6495
-9662
5013
1330
3890
188
8279
-1337
2145
2645
1367
-2984
536
1916
-7658
-3167
-8977
5194
2232
7831
6843
-1861
-183
3903
2888
3449
-2720
-6520
-2842
3143
-9168
-1108
-289
291
-4928
9970
2256
-399
3460
1778
643
6126
784
-4357
-674
5277
7509
3959
-354
-5200
-7714
2362
381
-6370
6542
3444
6840
2008
9493
-9022
3887
-6122
8058
-3588
-3267
7175
-5757
-2084
-2049
-7199
-2618
9459
2964
-3611
-6135
-5185
3019
-3956
9831
159
7179
9121
4235
3939
6648
-760
-458
-7252
645
-9809
-9999
5772
-9541
-551
8045
9909
8126
9377
-5608
-84
6387
-3896
-3893
7220
-445
7481
-7049
-7425
-1064
-2623
1236
4107
1895
-9550
-2371
1553
-2169
-8367
6125
3763
3042
3396
-1479
7302
-4149
-7950
631
3407
1742
-6109
2945
-1128
-353
-6884
-2349
-9925
-1111
-9004
6371
8404
4363
1516
-8963
346
8449
5089
-8202
2172
-1235
-215
-6315
8404
2367
-378
6649
-6266
8125
2419
-3995
5958
4463
8930
-9667
-2293
-5680
-4540
-8821
4767
4582
-2122
-9372
2199
6250
39
9041
8924
5506
-3552
-3599
-8021
-1442
-6106
3965
971
-9255
3692
2570
4694
9126
1296
3109
9225
-530
-1591
2701
4585
-5067
9304
2984
-5970
-875
-8175
6800
-9151
4267
-7878
3170
-5712
-9214
-5818
-6269
-826
-3368
-124
8430
-8831
-1896
2489
-466
-747
6835
7861
1854
7659
-210
-2912
9213
9233
-2070
-2874
8749
2370
7234
-2910
9333
-4139
8822
1762
-2226
2598
-6470
3535
2814
5963
-2460
-4669
3697
-7703
7785
-1375
-2955
-512
5908
-5559
-2558
-5418
-1592
1054
-1929
4913
7527
2935
3714
-9235
-4865
3767
-8847
2543
-3136
8542
-5355
-4251
-8764
-6061
-5370
437
-450
4183
-9591
-5046
-2817
1221
-5455
-3190
424
2436
-3365
-6223
-4452
-1820
-9150
-5418
-1717
-6630
-4702
-2632
580
1075
-9615
2239
8026
-4124
-2926
9998
8642
742
3300
-9879
6401
-8655
5803
-3683
-8585
-5142
9745
-3113
-3285
212
-1327
2374
9216
3630
-6778
6911
-1009
-4061
-4565
-5761
2516
4195
9391
2196
-9660
-1326
8853
9177
5122
-1424
7343
3131
-7804
7466
5622
-7014
3148
-6110
-2530
271
1685
8929
5452
-8598
6929
-7553
2479
-6945
9957
8254
-9032
1586
5090
-3266
5476
540
1126
9214
4294
-1123
2169
-898
6548
1400
4728
353
-1192
5385
9580
-6957
5781
-1293
3607
8706
1487
-2678
-7524
-2487
5331
-9826
5588
-4743
8048
1104
1982
8644
-9625
-8658
-8116
-7052
1758
5940
966
4382
2946
-2304
1555
4783
-5845
-5021
1022
9080
8675
-1311
-1501
-9452
4344
-6003
-7956
-9235
9161
-6301
170
-3373
-7659
-2166
-4756
-2458
9049
1264
-8821
540
3986
-6032
-3985
391
-3394
-2766
-1868
563
3887
-7120
8660
4190
-6863
9733
-3675
6211
-1151
-8373
-366
-6934
-774
-9244
-9178
-1169
-8896
7923
-7133
-127
1184
-6092
5336
4309
1249
-4179
-7858
1304
-4269
3337
-8721
-2368
-9484
5331
8127
8550
3933
2361
-116
-7447
-9967
-7395
-2868
6304
9157
9714
-1636
-2936
4607
-6140
-7148
-1012
-5174
-8550
6911
7890
9569
4365
5017
5047
5483
704
8861
-5342
5769
-2952
8652
297
-294
-6424
-7442
8591
9562
-3567
-9398
-7100
9879
-6159
-9703
2502
9354
1181
-9479
-4891
-2607
-7865
-6222
-2765
-6375
-6177
1490
-799
5400
-6918
5678
910
-8508
-1121
4710
5145
-8700
2911
-8353
-4413
4556
-6019
-1454
1114
-7314
1280
7700
1464
-8784
-6756
-8715
4774
3416
-823
-7129
8256
-4296
4303
9171
-9454
-6317
-1687
-7670
272
4627
-7229
-8871
6538
-1688
1068
6512
-6394
2876
2758
332
-8663
-9616
-4308
6684
5535
-9991
776
-9300
5895
5277
-2509
-4091
3512
-4440
6087
8355
-2235
9813
7500
-8280
7862
-5614
-7849
4393
9823
3433
5750
-9788
-2327
4761
-5313
95
-331
-3841
-8809
-4627
1422
6171
-8459
116
3926
6987
2274
-477
-9188
4307
4287
8237
-7685
1632
7502
2743
3941
-1079
5594
2847
2127
6559
-1942
-5273
-414
4301
-7196
837
3340
551
3019
-5233
1516
2347
9799
5183
-1621
-9165
8709
-7627
-1561
-1601
4219
-8465
3087
-2374
-1901
5320
7086
6886
2654
-661
-7490
-5986
-2797
1050
-4786
-7886
2820
8805
4817
-1148
570
-7298
4065
4362
2983
7096
-1717
-6678
1062
-4850
242
-7864
633
1441
-933
1140
-5059
6360
2659
641
7894
8728
9011
3831
-4090
-4486
1203
-9390
4258
3020
-6143
4304
-2776
-9113
-8897
3600
6745
6450
8981
8719
-6684
-6714
7697
-3844
7339
-3420
8222
7727
-8826
3562
362
9739
2754
5829
-3296
4301
-5080
9523
8157
4959
82
-9862
-2162
519
3672
-4136
6604
-9503
-8296
5593
-3000
6449
3547
-2969
-2318
-536
-769
-4795
8554
3498
9425
-9623
2842
-6601
83
-4185
-2853
1881
-3490
3181
8254
-5578
4584
6223
-2260
4961
-1735
-5231
4957
7458
1721
3089
-2013
8217
-9123
4261
-5345
2543
6450
3222
-2830
-5497
3073
-351
8727
4036
588
-4711
1677
2524
-4553
4063
-8747
-8560
-737
-3790
6322
6627
-2471
-4625
8933
-6860
-9144
5370
-5612
3479
-5321
9924
2538
7378
8710
9955
3878
-3677
885
6910
4721
1355
9495
-8816
787
3327
6826
-8400
9177
3211
-8079
965
2324
7657
7117
4108
5777
-4879
-1021
-8931
-2669
3090
3969
-9836
-2125
-7250
-2862
-9563
5950
-7719
-3974
7844
496
-8223
4842
4520
249
-7102
1677
-3205
-6688
2574
9930
5840
5368
5009
2531
-7480
-7669
5857
-4754
9947
4425
5586
-9163
772
-1517
-7253
9201
6026
-4622
-9374
-4454
-9236
8748
-6890
-1299
1442
9951
4227
-6604
92
-6383
247
-5753
7037
-4288
-8450
-8585
9079
6742
9700
-7027
5798
1935
-4772
-738
182
-3920
-8197
5543
5626
5596
1210
2722
7108
-9684
-9924
8699
-7747
6317
-654
1573
-3577
2724
-2057
-4962
-2101
-828
-5525
-1047
-7577
-3048
-2170
2774
-9104
4134
265
-8264
7023
-4648
8898
103
-7924
-1589
6544
7169
7054
829
9617
1928
2169
-9637
-1579
9794
-8132
-2393
3976
838
-4266
-6872
-4527
-1361
-719
3756
7531
1330
-4496
6664
-4415
-7966
4712
6210
1106
573
2281
8053
4277
-803
4038
7531
-8409
-5904
-8212
356
-8368
28
375
-6677
-3040
-7634
6402
4567
4244
6859
-7128
4757
-7879
2644
5704
7270
875
-2563
610
-3521
-9034
-9972
9467
-8932
-498
3812
3475
2113
2281
-2978
-8126
-4461
-233
-899
9741
-1001
-9667
3101
-5601
8491
8763
2141
-7448
8788
-7047
-3818
-122
-8706
-3484
8615
-8826
-6706
-8038
-863
8257
-1776
-1747
8728
-7675
9780
-1135
4520
1691
-6212
-1733
-4821
-2425
9468
-2993
-7914
-923
2650
-9367
3533
-3445
734
9854
8170
-3631
-5663
3326
1896
-3430
-420
1192
-2189
1494
-4859
9096
7834
8024
4388
-1922
-3982
-6013
-2226
-2609
2037
-6262
2057
6332
-9956
6290
-5582
-3856
8275
8329
7111
1078
5312
5739
7516
-9354
-7265
1451
3276
-5566
-1282
6927
4357
4282
2954
-9134
4120
-2949
5849
-9413
-4673
-894
3696
4055
6793
-713
-1091
5084
7332
9062
-5274
-8510
-1897
-4910
5462
-8940
-9879
6407
4748
557
-616
2545
4141
4867
-1421
-9585
4719
-3597
9442
3177
7605
9698
-8622
-7250
3862
4093
1936
2529
-3174
-9532
3685
-4899
-4396
-8199
4827
2800
7643
9718
-2856
-9050
7328
964
-226
177
-3018
-7202
1997
-1327
2276
9365
-4633
3216
4332
8775
6776
-2375
2460
-429
5636
599
652
-1033
7338
719
-1690
-3176
7043
8437
6858
-5059
1970
-3980
-7760
-5766
1941
9804
1871
2596
-3547
-216
-8456
1238
-8716
-2892
3017
2557
-3171
-1458
6907
7938
-6453
-5185
5313
-3610
7456
4907
-630
4558
7580
1616
3738
136
-3105
5271
6065
-6893
-7407
-7621
-9017
9605
1698
1993
8490
5768
-3103
9610
-963
6972
-4156
-7043
289
-268
-6620
2804
-6365
-5977
1530
-8638
4863
-2219
9230
-2369
4603
-2257
3262
-2777
-2818
-7591
-4183
553
-6017
6719
-1527
9216
3949
-2299
6718
10000
-4798
8561
8352
-30
8367
5604
-6171
-8516
-5915
5518
-7501
-9730
-5434
7565
2476
660
6420
7481
-1771
2158
-6104
3798
5605
-6588
6946
3465
-170
-9068
-4699
-8186
-6726
2123
-8235
-6287
1296
772
-8039
-6314
2098
-5631
-7029
-1456
9498
-5681
-4366
-3244
-8015
4138
3175
-3070
1946
2851
3444
-5144
-4676
-9563
7514
2242
9346
-2779
1084
3111
1519
4927
-9041
1241
-6794
-5465
-4885
-5928
4322
-2591
585
-3110
-9537
3900
8827
-8726
9141
6656
-6210
6800
-2295
4957
-3202
-5400
5782
9821
6957
-6774
7777
118
-7166
-9905
817
-1838
6835
-2645
4140
5317
3938
4307
9693
9203
-9635
3496
563
-531
-8408
-1697
9268
-8851
-6083
3156
-8311
8869
-8505
7956
-385
348
8649
-8670
-8314
-5540
-9865
4159
-3561
-5274
-5700
9310
-8784
7487
-6903
-4658
-3352
682
-940
2793
5508
-1814
-7249
2768
9236
8375
6469
-2756
-730
9195
-3440
-9004
-5638
-2810
-3349
1334
-474
2812
-6699
-4214
3817
4231
5108
9948
9793
-319
4092
-7146
9333
5563
-9894
-4178
1219
4052
4224
-2384
8910
2892
-3021
-9526
-7235
-1793
8814
3240
9444
-8673
-8613
9790
3285
6265
2113
-1785
-3674
3456
1695
-5159
-1156
7923
-9340
-6284
720
1072
-112
6763
-3618
-5424
-8670
-409
-2082
7032
-6057
4475
-4021
-4799
-921
7316
4336
9719
-7246
-1225
1059
1846
833
-3566
-1275
8428
4766
2519
-6748
891
8772
-9856
7625
-7036
2258
-4639
9701
-9811
-2962
-5627
-5654
6220
3213
4095
-4633
-6632
-159
8269
8081
9548
4788
-5183
144
-3485
6500
7516
147
6376
-1585
-2831
1817
5882
-3401
-1369
9949
-9645
6243
-8258
-3520
-9512
-3024
7252
4342
-6061
-8389
-844
8981
-9750
6864
6832
7460
-8586
7578
-8222
-7884
-5094
668
-5455
100
9011
-4273
7384
-5189
4360
4314
4162
-4289
9818
-8979
-7975
-4977
6803
3126
3850
4924
6379
7209
3109
9861
2947
-701
8944
-3026
1507
8055
-1771
-2719
1556
6932
-8
-6337
2431
-4657
-5273
3931
-2251
8724
-833
1156
6528
-672
-5309
4276
-4256
-3679
-6047
4851
778
5311
-1160
-960
-5451
-9136
-1339
-8780
-5958
3952
-4943
-161
-2123
2612
-5399
-276
3861
-1978
-6174
8081
8582
7608
-7368
-2506
5199
3466
-727
1211
-6056
-7121
-9857
-6528
-2700
2322
2127
6823
5279
-1050
-6615
-6526
7736
-5105
-8273
651
-454
-9376
-9856
3218
9818
7352
1056
-5592
7821
6268
-9659
-7360
-378
-6645
8083
3956
-4497
-8035
-2555
-6097
-5118
4429
2537
-9134
-394
2676
5790
-6432
-6413
-1786
7607
8206
-2731
4038
2248
7995
-6210
-5011
-895
-6508
4431
-1460
1896
5905
5961
-7442
-2109
9031
1690
-6237
335
6478
1659
2745
-3964
7432
-1116
9296
838
2237
1916
8341
8652
5218
6489
3982
-4798
4497
-2601
8246
9675
-4615
7541
-1943
-1349
-8535
5528
-4701
-467
-1489
4517
-7490
-7518
-3567
-9365
572
376
1866
-5260
6039
3686
5544
8774
-9870
-1939
-1217
-739
3163
4532
4691
-9670
-2186
-1427
9307
3928
8160
-5461
-9722
-3459
6304
3330
-2938
-9913
-7051
3924
-33
-5875
7282
-7579
9794
-3502
-7861
-6537
9557
8504
1447
2578
5107
7871
-1487
-3225
-5037
-3305
1841
534
1749
-2492
614
5140
-9657
-5305
-5745
6703
-9366
-1039
9166
-6132
2046
6322
3241
5707
-463
6234
-7332
7791
-939
2454
1892
-3246
6843
-6685
3684
1490
9095
-290
4899
8875
-6294
-3683
-9985
6909
-6930
5725
-5746
2411
2805
8777
-9689
2479
808
-2753
-1619
-2550
3378
3187
-894
660
-4224
6564
7006
8247
-1431
-516
-4573
-2011
-5157
-7355
-5740
8206
-6452
-4466
-2681
8686
4069
-2118
2626
-9087
3770
-9929
-8912
-7785
-8284
9010
-8474
-5117
-7510
2691
5717
2858
-6569
5005
946
7686
4618
-333
352
9537
327
-590
5890
-8074
5247
-7289
-7972
6824
-6117
6507
527
6695
4670
-3451
7801
-1589
-2108
-6696
-9039
9206
-4254
-5329
4101
-7773
-6196
6679
4014
7186
-4844
-217
-1032
7415
5844
8502
8339
-6324
-8963
-6353
-5292
2923
82
-4925
9929
3654
-4015
-3430
-1145
6909
1085
8614
8742
-3265
6673
4457
400
5833
-4672
5803
-589
-851
69
3815
-8488
4341
-2789
-9394
1831
-3227
1804
-7585
-2782
624
-2179
-1942
-4271
-8002
-904
5176
9013
3398
-645
977
9269
-5250
4532
-4112
-5350
-430
9585
1312
1837
6017
-9665
-2295
-7853
988
5818
-193
-8403
8912
8270
-9463
-783
-5435
-2187
-4207
2278
210
-3163
3890
8209
-1329
-6109
-4046
7240
8758
-9018
9134
669
7446
-7263
913
2146
-9400
-2639
-4516
-9913
-808
-1976
8631
-9385
-1572
-7979
-7511
-9157
-6960
761
563
-7877
-4770
518
1842
3716
-4361
-4250
4260
-5085
1741
4370
3713
-8502
-4216
-7837
46
-791
-5462
-1854
376
72
-9426
9868
-1063
1467
-2495
-7777
-5994
4536
1837
-7850
-8706
952
4429
-1914
-1443
-8898
6126
335
-6815
-3028
9478
9049
-2836
1195
-5461
5588
8373
2639
-479
4589
-7040
-6204
-7257
6771
2861
-7977
-2368
-1841
5456
233
-3075
-3848
-6461
2254
-9994
1417
-1547
1946
5935
-8379
-1887
-9360
6002
-4499
1860
4944
-3683
-9976
-8298
1118
-6483
-2343
-9829
-4076
-5779
-7060
3525
7902
-9420
-6076
153
1318
1665
-7319
9345
-9012
3759
1200
6249
-4161
-2666
-2612
5538
-3409
4630
-1086
-1490
-6014
6481
8252
9981
-9697
7503
-4421
6437
-3427
-2226
-8872
3569
2447
-7573
7233
5253
-9517
-7680
-4662
-9696
-8384
9911
4117
2323
6683
9261
438
4880
-6374
2873
2672
3365
-6703
-3129
-2213
9218
-3597
-5093
-6072
-8060
3636
6957
-188
-6652
-6894
-5067
8655
1559
9434
-1784
-4346
6464
6965
3902
8311
-5945
1349
-1936
7873
3510
7253
-30
-9937
9377
-3518
7331
715
-3879
-3224
-8684
-6296
-6520
-9516
6975
-5216
6761
7038
2208
-4353
-6018
-7217
9998
-7873
2500
-4594
5356
6414
-3867
-9625
-5618
-4199
3476
-7494
-2396
3004
-8119
-1015
-2480
8774
1517
4286
909
1270
8510
-3517
-4773
9955
2673
-4458
-7665
7177
-5786
-7963
-7821
-8982
-4778
-8608
9318
-38
-9914
6492
-5905
9480
1922
156
-1202
604
1819
-5493
-5482
6597
-9540
3042
8514
5263
-6342
-3266
5593
-1753
8361
-4396
738
8790
3297
7375
6163
-8441
-1831
-7104
1750
3586
4280
7516
-3375
7968
-3471
-6664
7852
-2167
5344
-2491
1258
9126
4453
-9691
7942
-3501
-5952
7605
3596
6722
-9324
8043
2137
-1348
-6356
8765
-2852
-6674
9019
-9930
-2256
8289
3990
-564
8353
8192
-7943
-8816
76
-4475
-7715
2420
7161
5726
1967
5134
-5208
-6200
7844
-8611
9901
8346
-8913
-5253
-6942
3078
1354
-1387
100
5584
5554
-998
-5852
8696
4575
3704
2885
8489
-3023
-3966
1136
-2369
4399
282
2747
-9421
1356
-1932
-4154
-6801
-3115
1390
2045
4809
-2000
5373
-2761
-7929
-9368
4228
4780
-2093
-5677
-6582
3134
1112
1401
-4690
7161
2698
4555
3850
8208
9879
3814
3968
-1345
-2876
7755
5410
-6854
5313
-3714
4951
-6499
1067
-1811
-5641
-1261
-4949
5158
-2539
9049
6750
-5860
-2432
-7939
5698
5756
-1488
-8384
-230
-4415
-7824
8685
3625
5830
966
-1533
7244
1913
6939
6144
-8283
2693
1105
371
6423
2932
6064
-298
-635
-1041
-5838
8724
-5242
8842
5541
5246
651
-6209
4462
-5219
-5554
-6054
3514
7755
-2060
-5210
3644
9454
-6832
-3261
421
-922
-4889
4029
-2874
-250
-5685
4465
-7028
-9606
-6767
1577
-6092
-8352
-2486
191
6513
9525
6121
-9760
9582
-4779
3320
-2808
-599
3439
1007
4402
-5794
-8448
-2384
9345
9592
387
5991
-1784
1864
3131
-1201
-422
5446
-6688
8514
-8202
6720
-707
-1785
7275
-8709
-4580
-1901
-8796
-5285
-6003
-3376
2833
4118
9953
3947
-4409
3969
6737
1147
-700
8269
-7349
-2552
8615
-2086
-8927
6941
84
-7637
1185
-5041
-5397
7111
8696
9754
4432
-3751
3208
-1475
7598
-8101
-3315
-984
-4253
1656
-7019
9463
9464
4926
-3212
-7591
-8114
4353
6107
-7929
2305
2318
-8368
-7208
847
-5839
4486
-2144
-4632
3762
6744
1874
203
9163
-7276
4898
1005
537
-7380
-561
9081
5295
2481
-6493
-4491
-2138
2657
-8503
-7959
6602
-6728
-1544
-6733
-3352
-9618
7540
798
6196
3855
8640
-2327
-5746
5165
7167
5634
-5181
5895
3421
2835
1642
3748
3538
2608
1616
3903
-9870
-2605
8684
978
-6396
1244
709
-8428
3645
-3965
1692
1061
-9256
-3960
2534
6840
-9550
5518
-9010
1511
2234
9511
7229
-5580
3771
-9919
-8651
3382
-8765
4472
-1896
-7548
1939
6856
1268
-2481
2525
-8979
-6848
-238
8607
-2230
6356
3410
-5957
7542
8923
-802
-6691
-7681
7283
9280
2493
9959
-9935
-9792
-8452
7456
9158
2604
3777
4528
4162
1857
7551
-7470
-359
5264
5764
2936
7788
2673
-821
-9105
6422
-8156
7198
3682
2783
2079
9279
7423
-3495
-4934
-9680
-636
-6207
-1645
-8687
-3872
5276
2874
-1815
-4590
6050
995
498
1794
8304
-6449
-6775
-5022
-4801
-5122
-8252
-4563
6055
9274
-9046
-892
9095
-6553
9070
157
-7175
6786
-3
-6858
7573
3046
8014
-894
758
-6140
6831
-6451
-5048
207
532
-4919
-4531
-2669
5614
-4674
-7499
-2145
-6666
-6212
8537
-1807
8172
-9437
7893
-6583
-8659
-4864
8364
4211
-8471
8267
-307
1793
-370
-7265
-3496
4800
-8932
8842
-600
-4531
-246
788
144
7307
-2264
914
3245
6903
9462
1446
-515
8429
1645
835
8602
-6693
4927
-7811
1471
-7909
-4975
-739
8327
3129
7903
-167
3067
-4075
-5734
2136
4607
7698
-8284
-4928
8430
-269
-8383
-3032
-8967
-4841
-3146
-4847
-6441
4054
9412
413
-6297
-8809
6719
-9509
8053
8507
-7737
3758
-2422
9300
-5314
9615
8387
6235
-234
-8712
2055
6533
-4823
5229
-9654
-7054
26
1978
3298
6707
-8495
5177
-2896
-9968
1354
-8320
7598
-4559
-446
-6754
4466
-3366
-3875
4466
-3847
4204
-4819
-2030
-7810
-6865
2313
9346
3611
1972
-4319
-4103
3944
-8729
-4517
4893
7079
-2152
-8991
-2496
-2228
4117
9961
5236
8753
-4774
-420
-6829
-4285
1932
7110
4417
-8117
-97
2507
-9079
5779
7499
-6370
1526
9113
9348
400
8766
-6953
6346
-4293
-2225
-662
-1942
3176
8094
1973
2996
-1743
-8557
4000
-6693
8464
-8657
4411
2904
-3102
-8606
3271
-4591
-3619
7
-3224
810
-3319
1535
3774
3346
2562
-1030
8179
1139
184
7262
4219
-3267
-9882
9471
5159
5452
7019
179
1447
1350
-1989
-5247
18
-9802
-9657
2648
-7338
-1593
-942
-6550
-2656
1064
9857
-5158
-9609
-4764
-6375
7708
-2439
-6292
1012
9912
-889
5418
6472
1135
-9548
5927
319
-2952
3730
5118
3913
-6354
3781
8744
-8990
4801
8176
-9989
7497
1115
-2863
-7265
-2242
5477
-1379
1743
-5188
-5246
3228
-8564
5951
8179
-804
-1534
-9986
-1687
-2080
-581
-4697
-5226
7000
-3851
6359
-9323
4679
-9918
-5343
305
8820
-4691
-4922
8220
2540
8648
-9628
7311
-3268
-3013
1278
7114
-5774
-303
1064
-7332
-9129
872
-6572
-2553
-478
8657
5590
-9612
7813
7974
5098
403
-748
3344
-9655
1649
5471
5033
-1329
9910
2040
7431
5932
-8100
7720
-6349
-6334
-6285
-731
7895
-7689
3776
1081
-9405
8408
-3381
4151
4996
3086
-281
-3269
-6124
-5542
4392
2441
9640
4193
-7524
-6872
-1483
6414
5513
-6071
-7932
-8831
2757
9131
9786
9157
756
-7598
-9607
4952
-9193
-7585
2743
-6482
8081
-1140
-5629
-9128
-7820
3141
6659
8846
3395
-7179
-6405
7757
-9071
-3943
-6715
-4460
-4980
7762
5892
2858
9285
9209
-1401
5029
7874
-7137
7252
7795
-8350
5074
-3343
1725
2297
-4373
7573
5836
-5308
2596
9717
8075
-3624
5651
9743
477
-8209
6816
8944
5478
-3428
-3116
3047
-5897
1689
-5192
6327
3756
-7243
-3642
6634
-3905
-7588
-6670
2419
-9706
-9204
-4722
4991
2074
-1559
6558
-1
-6522
-7970
2165
-8686
-396
7813
-7112
2964
7491
-2124
-2090
7575
-3295
-4855
5142
-2753
9201
9861
-2402
7141
6951
6049
1323
3233
-4357
-5832
2683
8099
9585
-3162
-4454
3637
-5312
4055
9986
-4076
9723
-3183
5716
1608
2155
-27
8765
-3898
-6020
-3144
1005
6101
-9987
-379
-1239
-4772
-4752
4910
-5894
-3499
8026
-2710
8582
7995
1890
4227
6395
6557
169
3594
1658
-83
-2478
-2342
-2495
2866
-1409
6771
-7952
-423
-3117
-7728
6322
3413
1817
-7470
-7265
-5511
-1839
-2041
823
4026
-7538
2342
-4764
-158
7205
-3266
-4129
4286
6731
9905
7312
-1408
506
1488
7335
3591
-1565
9273
6171
7244
8791
-5827
3294
-5508
-3888
6192
-5410
-9361
-2582
-3251
6610
748
7058
-8855
8819
-9877
2806
8405
-3406
6421
2971
-609
-5526
2591
9995
4312
-3336
2244
-1347
-5431
7227
-9714
5864
4110
936
-3773
-6425
-7001
3231
9277
3245
-2859
1443
4254
8678
-4167
-3352
-3706
5739
-128
-9675
-5887
-5280
-7191
4861
4640
5460
5091
4349
-4564
-6580
3474
-1295
7449
2953
-7063
-1946
8122
1194
5781
9451
2302
5372
-2170
-8762
-3024
2550
-1118
9560
4287
-7025
-6883
-7467
-2595
3407
-8064
-784
848
310
-7674
460
-5408
-385
7952
7967
-6948
-6370
102
-9545
-3042
6980
7159
-890
5016
2981
4847
1891
2220
9254
6936
5941
-5017
5450
-3612
5610
-5316
4831
-7232
5692
-3764
-4853
2779
3006
8691
7597
-8115
-5607
-3915
4383
163
4348
278
-2679
-8563
-5314
7016
4713
6295
1021
-9550
-5980
-7961
9397
1374
-658
-653
3719
-6600
-2183
7476
5815
6331
-5500
-8156
3337
-6250
-5809
-9430
-5122
-4256
3064
-3422
-8340
1418
-3001
522
-8220
-5318
4667
-6549
2123
6018
-3881
-6807
631
-4806
-4819
-1207
600
-8590
-3348
3300
956
9073
3108
-3583
-5670
4397
6347
3626
5757
-9158
-854
7066
8290
4912
280
-2576
-1889
5111
5933
69
9351
3763
-9435
4251
-705
-8735
1030
-2847
-8805
3828
-2347
-1106
-6779
5183
1670
-3687
3851
5549
-7285
7592
-7482
-311
-1457
7191
-7550
3872
-6539
-3970
-1069
2992
-9897
-5863
-545
578
-6189
-7960
-7481
-5393
5285
-6436
-6756
-964
-9649
975
-7462
2893
2948
8628
-774
7455
-8062
601
7644
6160
4271
9833
6109
3092
6918
-2458
-4513
-7278
-3380
1159
1736
-4212
4856
467
8923
-9076
-8021
2023
866
-2568
8227
-2414
8601
-9065
-1122
-6820
6684
-4874
5751
2224
-4476
-2624
-8392
253
-3231
4997
6784
-7453
-2593
2721
4021
-173
-3868
-4893
4785
5880
7036
-8063
3831
-3897
2735
-3922
-9774
4482
3671
-416
8108
-9383
256
-3291
-9585
2413
-3659
5567
5146
8981
-4998
1088
2629
1165
2254
5381
8057
2549
-460
-6230
8020
3109
-6860
-467
-3988
9290
9892
2038
3405
-8928
1379
-7832
9176
-4333
8018
9785
-4492
6386
3515
767
-5479
-3351
-6847
-5818
8432
1971
-8743
-8754
-1826
6072
1740
-5673
-3015
9675
2511
8218
9070
4124
2767
-8585
3559
5688
2530
-7674
779
697
8808
-7203
-1079
43
-6957
-6170
-4946
-7892
5505
-8942
-7176
-4916
-1260
8464
9773
953
-1929
7706
1565
6870
-5567
2463
6517
-3717
3917
3028
-5098
8611
5061
7631
1542
-537
-8662
-6500
-8763
7607
3043
918
7397
-1405
959
-7466
-2555
3176
-8806
9411
5247
9753
-1778
-1444
-1614
-9796
322
2838
1791
-2737
-1379
-8327
9633
4638
-611
5195
4669
-7301
-4548
-3961
3304
-453
-8753
-9164
2588
-3994
9057
3977
9405
-4201
-7072
4749
-2944
-4130
-4537
-7147
-8392
-7173
-1039
2232
2741
8392
6174
-2916
-1563
2234
-3896
701
9249
6336
3876
-488
542
1927
-7055
-826
-6648
6905
2844
1622
-435
1062
5503
-1981
4186
-9168
-5968
5802
814
-2790
-6415
9709
4916
-27
-4060
9460
-6521
-1656
-5860
2257
6763
-5497
-5976
5653
7524
929
-3294
7552
5770
-6971
4134
3834
-6949
-2914
-895
1648
7874
6629
6224
9404
-4697
8860
8296
6638
3197
1537
-420
7077
-9601
3756
-1175
-1389
6067
-9803
-7326
1173
6550
-5065
-9459
8853
6950
2163
-7967
-1604
-7276
8317
-5670
-303
9010
-3873
4955
1775
2799
4815
2015
302
8650
9578
8697
4743
-6546
-4048
-4969
-2203
-7394
4413
-7045
-553
3107
8971
-4169
-8259
6834
-4180
-2857
-6473
-9741
-9293
4604
8006
-6989
-6714
-7635
-3259
-2609
5575
-5500
-8440
4583
-4064
506
5617
-5756
-5782
5026
-9522
1012
-3447
-9988
-2810
-3952
-920
4716
-3937
8628
-1171
-1702
-4191
-1062
-8774
7696
9717
-2742
7832
-6705
3440
-98
-5059
6087
9096
-6035
4902
2997
6613
6254
8687
-2770
920
6779
4463
9766
344
-9915
5029
9218
9708
2957
1812
9086
-8229
-9225
-8905
-9228
8083
7198
-9749
-551
-8816
9324
1518
-6276
-4913
-4357
-2340
-8201
235
1726
1259
8991
-3189
5568
-1720
-9079
5241
-5197
-3486
2481
-1466
-3937
-8378
-121
-314
2089
4441
-4434
5730
-6168
6706
-1347
-8887
3015
-6560
6689
-9784
453
-6337
9614
8780
5021
-1624
3664
-1098
3571
-7675
-6267
468
-2506
-9475
-2022
-6545
-9270
-5626
5262
-7998
-8491
-9654
9785
8040
477
-325
-8414
8185
-5671
2798
3377
-6732
-4608
8006
9264
-7646
-7155
-5302
-6969
9814
-1212
-5980
-8879
-4976
-7041
-8785
-2498
9923
-5009
-1442
-7377
-207
-8256
-4168
-1577
-8392
-7762
1943
681
-7221
5323
-9317
2508
-4738
9343
3221
7627
7456
-8024
-8556
-7263
136
7595
8229
-259
1386
-4148
-1916
-7492
-875
821
1204
-8887
3643
-4436
-8292
-7906
-7462
7974
1472
6352
-9708
7259
-798
9245
-4903
5144
3978
-4036
-6113
-5684
-9929
-8630
8647
-3507
-7336
-586
-1794
7948
9433
4240
8913
1001
681
-8872
5095
-6192
9102
-5632
-6257
-5714
5000
-3360
1209
2365
548
2672
4232
426
-6052
-3641
-5408
-8732
7531
-3353
-8390
7689
-4433
-3094
-2816
-2204
8009
-8631
-1839
1456
1791
8764
-433
-8709
9528
-6343
4445
-2830
7709
1070
5741
8650
4926
3013
8317
3176
3150
2149
-6258
9360
-6715
7798
-1776
9278
5567
-2815
5760
2768
-1866
420
580
-233
7571
7922
-7271
-2382
-1258
2966
-927
9259
7135
-5306
3730
6695
234
-910
4214
1522
9151
-5573
3886
-9291
4912
-8622
-7621
4731
-2582
-6890
5996
-1010
-93
4215
112
-8834
-9125
5664
376
-7257
5591
6362
-8351
8645
1179
4825
-4417
6451
-772
-9793
3965
-3600
7709
-1368
5494
-6874
-2566
4768
-679
-5759
3377
9100
-3806
-4257
7969
-7237
-4311
2091
-3590
-8005
8269
9268
-629
-1344
5587
-9296
-3348
9714
-8831
3598
-3748
-8995
-6019
5053
-3440
-1260
-8680
6310
-5618
1450
3278
-4452
-9500
9503
-6938
804
7835
1946
4418
8905
9084
-6765
-3697
7354
2583
-3918
8306
7928
513
8861
7900
4622
6486
-7912
-5180
-4981
3698
7333
-1340
-8190
-7199
-7612
-7960
1978
-9453
-3546
9440
112
7886
4779
4702
4797
-6202
2375
6620
-3449
-1649
3337
-730
-6463
393
6861
2030
-948
4457
4355
-9555
-1606
2960
6065
6286
6603
-2549
2467
6769
7079
8690
5657
-4190
-6933
-8028
-3836
-8150
-4714
-5768
-2062
1644
9175
-8316
-2308
-2981
9865
-4925
-6062
-6384
5884
-4074
1085
-4198
-8657
2555
-4004
8784
-4859
7679
483
6799
-4996
-2847
7810
1714
7864
5175
4412
-6512
-4602
-4862
-681
7880
-4338
-1780
1485
4928
-2563
9137
-6244
-7169
8894
-2234
-7
-707
1051
-1464
-6085
-4416
954
8807
524
-5702
-3355
8145
-3502
-7689
7302
6977
-2464
9702
-9896
-5727
-8725
-2679
-982
3056
-7891
-2564
-9755
-5208
-7211
7615
-3924
-6702
7510
9371
-3836
1575
-3782
-4990
8826
5560
4999
-7261
-8317
-9738
5952
-1066
-3419
-7005
-3806
2680
332
-5844
7744
-4545
5746
-896
305
-8347
4216
2774
1052
-1330
-3673
-8588
5609
-9037
-7100
-7028
-7933
-4620
1754
-3772
9644
-7059
-8823
-5707
-4548
8137
8078
-9077
-769
-5566
1492
9974
-7352
-2086
5157
9291
4830
4178
-97
6930
-2859
2220
6708
-5991
-5807
-8739
-5643
8613
9808
7515
4002
4045
5057
-8665
-399
-9946
-4813
-1760
-2443
-8820
1052
9058
8592
-6818
1247
20
3293
3807
-156
-845
6808
-9066
-5644
8014
-419
9086
-7356
2493
9077
-2280
-2193
-764
366
3222
-5443
6845
-8970
-7990
9999
8103
-7677
8690
-6175
-2532
7896
-9989
8198
3541
7581
3137
8811
6742
-6511
-1536
6558
7173
2781
1789
7460
4964
7058
-8029
-2554
4993
-1668
-3967
-5240
-7647
-2784
4876
2447
-2799
4941
-5211
-1693
-5180
-3979
-5236
2711
9462
-909
4043
9437
-3251
8435
-3471
-4512
4259
4425
-7091
6272
-3044
-6551
8516
-3928
6243
-570
6690
-3040
-3217
-4959
3391
-641
9345
-3992
-8501
-9860
7685
6403
-5601
2840
8835
-6016
1938
-1394
4182
3720
370
-6038
-6012
6511
-1085
-7364
-5467
-4873
4903
2397
-91
3823
7248
636
5050
-571
-6651
1924
-7496
-398
4915
-2123
3089
3054
-5095
5730
5070
-6135
-2468
7958
7849
-9646
-5886
-8208
-8142
-8630
7081
-9208
3303
8963
5511
9859
-9206
-4880
1800
5320
-6449
-8567
5860
-5166
9732
142
-636
9840
4890
1872
4183
-8915
4796
-7658
-5413
7164
-2044
7681
7721
-6536
-1061
1103
-5830
-9362
-1866
85
-9112
8078
4791
1612
-2870
2477
-1746
3857
9202
6779
-4756
6021
-8339
-9398
-9273
8921
-5407
3421
-4201
8038
-5245
-539
-8909
-7925
-344
-7483
-6328
9114
161
8581
-8267
-5115
7113
-3819
-846
9285
-4326
7850
-8025
-2975
2191
5694
3061
-5060
-4849
-9738
-9814
-3856
-2348
-7335
-5149
2036
3010
4536
-2075
-5015
-4970
7418
-7585
985
-7711
-5241
7104
9272
-6874
-3635
9729
712
-2832
-1792
2428
5506
2393
859
3820
-1972
778
8765
8763
-5002
-9701
1053
6523
8317
386
-8344
-7975
-1227
-7106
3568
2050
7850
-5049
-9633
-9016
9927
687
3740
8553
8338
3075
6378
3679
-3800
1665
9042
4601
4445
-56
1214
1487
-9343
-5437
1260
8872
7747
8735
1662
-488
5042
-6982
2831
4068
274
-7859
-6243
3881
9477
-3849
-3287
3859
-3689
-4134
-8870
3117
-9666
-1998
2602
-9521
-6797
-6557
8
2814
-7791
738
4067
5392
-7360
6410
8217
8428
23
2925
4660
5778
-1084
-2612
-6368
-2071
3224
-3733
8648
6317
8267
-4543
-4808
-6467
-2939
-8140
-8658
-9944
-3382
5918
-6813
-2471
-6051
-565
-4385
2901
-9738
4939
4636
-2059
2967
643
4141
7984
-7087
1898
6195
9754
1391
8216
-6872
803
8202
-6853
5973
-3570
-2378
7264
-3500
-1525
-8231
-1292
-1614
-6998
3017
-4632
-1352
1432
-979
2794
-733
450
-4569
3022
-1382
6530
-9053
-419
9786
-2957
-8827
-8277
3975
4757
-6448
-5315
-7468
-2913
4973
-6613
-6473
-1
4410
1840
-6234
5371
-1268
8405
8382
-1762
-1910
-1346
4026
-613
-898
-7475
9224
-9504
6896
-748
4634
-4378
395
4758
7747
425
6308
1221
2627
6536
-6932
5836
4871
3791
3259
9008
-9010
1835
-4075
-5749
2205
7991
6906
-2521
9542
1849
5913
-7870
3528
-5105
4882
7001
-4073
4751
-2082
-9754
-8553
-6105
9247
4872
-4890
-5109
-4646
7388
-3673
-4341
-9467
7808
5571
-299
9756
8081
7629
-3091
552
2666
-1888
-7335
4802
1627
-1638
-5806
-8069
4089
9798
8248
-7294
-3676
917
-5776
-406
-4294
-7240
4177
8916
8442
-6953
-2549
9256
-2971
-5467
614
1295
4773
2358
-4258
230
-2723
-9507
5908
6846
3150
-7142
-6437
8641
-8941
-2367
7660
-5315
-6141
2402
-9059
7766
-1570
6427
421
-7605
9538
7019
-5019
6383
-4025
3943
-4070
-8158
2335
7041
-9287
-7302
-4024
4135
1837
6179
4767
-6343
-4543
-4026
-2627
834
9210
-2655
-2241
-5752
7038
7589
-3293
-7008
-3563
-5653
-548
-2930
8323
-2633
7574
-8405
4986
-3173
-746
1006
-5388
-345
-8561
-1701
-5290
-703
8196
-6174
2472
7573
-4936
8106
-236
1828
7242
9531
4616
8799
-200
-3954
3328
-8074
-2288
3377
2899
3734
-688
-8393
7777
7445
-8727
-7827
-2666
-1909
-2221
-4250
7225
5957
-8341
2404
8933
-9394
1533
-7061
-1254
2407
-4138
9992
-1838
8451
6909
4579
-1432
-9738
-8187
5658
6469
-6596
9278
563
7690
8804
-1731
-298
9674
-4369
-6493
-9622
-7765
5103
7294
-5670
2440
-1483
3564
-6025
788
-5182
4039
-9837
8276
-9948
2003
-7269
224
-2322
-30
5990
-6351
9520
3480
8000
2457
-8667
-9762
-1896
-9288
-798
8468
-3539
-5848
6140
1862
-5670
8714
-3620
9403
-9391
5132
3608
4546
4639
-4044
3155
9137
-2449
5384
-3542
-4601
-412
-8321
7446
-1872
-8531
-5716
4312
9461
-3329
9307
-5076
-2802
-1440
7200
1513
-8450
-7595
-2096
-9165
-4926
2846
-2346
-687
-7523
-2151
1505
8426
-6604
-3286
-3357
2971
5226
7065
-7958
-1430
-6318
1847
4671
170
-3959
-8321
-6851
-1195
-759
-6022
-9544
-7767
-598
7154
-7304
-5933
9581
8466
-9865
7549
-5216
-4560
-5492
-4626
6748
1592
-5908
-871
5061
6187
-1612
9555
-4022
-1642
-6367
255
9792
-7335
-2681
7511
-3394
5078
7927
-8482
8035
4584
-2003
512
-201
-4536
7923
1992
9401
3920
7434
5566
-2999
9054
1730
-4869
9992
-6512
4082
-9674
3074
2805
2175
-2133
8780
-901
2873
6044
-2713
1169
6905
-5433
4590
-3284
-8135
251
-1226
6371
-4475
-1827
7062
2600
1049
2981
-90
5155
8142
2372
8384
937
-7184
-5545
-698
1922
631
2725
-5358
238
-2420
-4772
5622
-7796
4266
1348
-5390
-8787
-997
2431
-3385
-1592
-8805
-7954
2659
9941
9010
-638
200
1376
-772
6257
8762
-6695
9962
-3403
7296
8785
8133
8157
3957
2820
8776
-9393
6112
-6429
7139
221
-6446
-2401
3372
2635
2175
5030
1526
9404
7599
-8885
-7731
4589
-5656
7965
-8786
8317
-1966
1809
-2074
-2489
1108
6229
4083
1224
5270
3868
7732
9145
-8117
557
-2090
4890
-9976
-2086
8964
-8862
3458
-8090
3910
1863
-1060
-8139
3656
-5191
1529
4347
2373
3804
4678
-1866
-162
7612
8002
8168
2636
-7009
9735
-2285
-9229
5605
8270
-3014
8721
-8440
1358
9456
-1406
-6700
-9637
5460
9174
-4951
-148
-8871
-1121
-6531
7706
-6650
-1403
8015
5025
-3998
-1496
3071
-9603
-6680
-7839
-5809
6678
0
-6263
224
-4256
-8843
4763
-2128
-526
4082
-2902
-8574
-4149
-6357
-6981
-3781
-5796
-1432
2591
6378
7064
-3114
-1551
2211
-9219
-5063
-9675
-646
-1576
4681
-8882
-7943
-2992
-265
-9572
-4341
-2280
-7288
-3451
-7091
6668
3617
7836
-4054
5715
4988
-9464
5110
9215
6790
1270
-9
7996
-9447
919
8072
-464
-3346
7334
-3841
1938
3955
5319
-3457
7105
7955
828
-6614
-5705
4363
-2576
8672
-9912
7732
1596
7412
-7504
7285
-6528
1116
-1270
-6410
2080
-1945
7502
8760
-3890
2940
-4933
-5265
298
-2097
8114
8060
-7562
-5722
-7413
-5674
-6123
-6181
-1639
8238
3711
9538
8791
-1060
-9260
8843
1379
203
3142
7178
-2318
5403
1134
1231
1399
5795
7354
-6154
2903
5432
5795
4919
9040
-9662
-8717
6953
2373
-3824
-5636
-570
5807
9615
-7059
-1115
-1580
-5588
9456
-2161
-3746
5006
844
7165
-6938
-7702
5891
9820
-8287
9042
-7435
4423
2969
-4828
-6957
-6642
-9470
8298
1015
4161
4487
-8670
8544
-1635
-536
-9037
-4226
6633
-400
8905
-140
-1389
-9052
4820
-2095
1296
9545
4762
-2239
7362
-1839
-3778
-7903
8039
-131
6214
-4914
-7375
7289
-7311
8279
6342
-2163
702
5344
-9401
2473
2247
-1413
-4071
-9689
-636
-9370
1406
1011
3014
-4624
-4954
-3110
-1563
-7005
-419
249
5960
4132
1964
8597
-8297
-2515
-8643
978
4570
622
-9951
-1551
-1782
-8369
-6180
-1452
5988
-2575
-2994
-7750
1047
7137
-210
8374
1669
-249
-8903
816
6761
-7287
1425
-7134
8727
-3441
-976
4385
-4757
-1726
-9352
-5474
-5728
7809
6173
-7743
5173
-6517
-4088
3108
-7857
-7738
7781
3288
1380
787
2449
-3984
3844
-5071
3789
-7505
5564
1152
-6858
2341
-8530
589
-4977
5137
9095
8416
6236
-6796
-9353
4902
6058
-6833
3743
-4330
-3467
-4407
1562
-5083
1719
-6221
7646
3516
3731
-3063
7793
4609
4756
-8103
-1030
-9534
-2152
-3616
-3191
-1235
1897
-8250
-2520
-9934
1692
-9802
-212
9750
-5622
-7917
-3209
-4317
6455
-5684
2728
7932
3327
-8571
-3135
-6363
-8688
1750
-9074
9333
-628
3641
9062
7059
5890
6345
8659
-1145
6495
6155
2775
-7702
-4860
443
-8062
4583
8154
9783
-9880
7837
-3718
8737
7078
2690
-3498
5913
-9063
1822
-2620
-9017
-4822
6862
-8376
-474
-7437
7827
-3831
-1634
1837
4611
-3485
-7431
9960
715
5107
-5967
8298
207
2593
-5914
-4389
3315
-4787
-6414
-5255
5696
-3228
7441
-7213
8645
3757
-519
-6849
6745
7226
-3907
7751
5869
4872
728
-1866
6259
-9159
9027
-5002
3268
-3647
1609
-7045
-5200
1615
-28
7996
2822
-8711
-9114
7903
6816
-5748
-558
-8282
8171
-5812
978
-6713
5325
-4800
6758
9028
797
787
2132
6281
616
6470
5233
5524
5883
4531
-2520
2998
5935
5041
3312
9550
7117
-3015
3060
-204
6953
705
-95
2603
4510
6041
-429
2107
-4770
-7786
9069
6031
6709
4456
-8913
3864
-6629
-6699
1025
1323
884
-5105
3253
-1089
2671
1173
-8183
6271
8932
1032
-2343
-5781
-1406
6195
-9616
3991
6481
-2264
-8403
-8535
-7365
27
-5802
-6078
-7566
-4542
7783
4723
5281
9538
2652
-1439
2791
-3808
-4234
2519
-176
-4375
5675
-7460
7893
-9775
1801
9464
3015
-1748
108
8532
2901
2852
9487
-5160
-910
4399
-6214
-7353
-9083
-981
5004
-7396
5473
9920
486
5992
-2137
9244
-2278
-3757
-5890
-6015
3442
-776
-9485
2216
-8457
-3095
4191
-4703
2059
4379
2498
-8003
-4308
-9984
-9123
163
-687
-6024
3517
7161
6096
9544
-6559
2424
-7342
8496
-4376
5873
-7913
-5795
-8896
-7164
-3039
6659
3417
7240
-5990
1592
8156
-3098
9823
6701
9338
2700
1580
-5444
251
7952
-3861
1755
-5845
-3479
897
-4744
5620
7540
-7368
3139
2945
-16
-3119
4589
-9314
6546
5341
-3965
-5305
5006
7607
-6680
-2420
-685
-7717
-4564
-7083
-6116
7079
-3855
6136
9951
8231
-8432
4943
3090
7801
5804
4286
-5954
2201
-2961
8404
5186
5668
438
7509
-1967
577
8296
1255
-116
-2615
5495
6267
3788
-3471
9526
9150
-3894
-5740
9672
2972
5442
-6072
4439
7296
-6983
5378
-8949
-6479
-2190
-6247
163
-2808
-432
1055
2796
4649
2908
-4884
819
-1381
1344
-2171
3096
-9094
7959
-2912
-5314
-6810
-6005
4456
2482
8816
8109
-2665
2189
-4665
-9588
3555
-9027
-2006
8441
-8337
4268
4628
7183
7989
5456
-4882
9557
2621
7541
-9772
-1626
-1533
335
4568
8337
-5266
-2237
-3451
-9511
-2610
-4196
-8324
-4072
800
-5186
6392
-5957
5720
6709
-7272
-7534
-7239
1895
328
-5910
-7343
-8326
7754
7767
-6854
-1837
8282
-7059
-4065
-2454
6472
9801
7654
-5936
1628
3916
-7764
-7820
1115
9898
-5922
-9997
-316
-152
4099
3356
8887
-9964
6192
5029
3582
-5012
-2598
8525
5961
8478
-8838
-9685
-8992
-888
2470
-8790
5505
-1531
7705
-6268
-1666
-8733
7231
5507
-9405
-6309
-2439
4748
1273
-774
9571
5509
86
-8378
7823
2273
-371
-6244
-6317
-5090
-1006
4500
-8007
3918
4844
7014
-6441
-3513
7024
3350
-3137
-3626
7476
-2720
5929
-2630
2623
8731
8197
9673
8478
-6632
-2557
-3306
-285
1535
-6491
-149
3189
-6241
-8354
-1575
-771
2726
-4228
-7051
2884
-9146
2725
-4000
5418
-1476
-3321
-389
6660
-8950
-2797
5920
-4748
-7705
636
-1142
2895
5182
4277
-707
-1374
3666
-3496
7521
-9839
5966
-8572
-2452
3284
2285
-629
-3850
-8165
3290
1872
-6676
-9746
-4451
-4187
-1413
9017
-4345
-3752
-9430
-6721
-2068
2267
-3966
9309
-3013
-6685
-6574
-7137
4906
-1364
-804
-423
7226
-8566
9669
8304
8778
-2013
-2339
-1143
-8422
-1475
5672
3863
7843
-8693
-309
-6281
-7570
-87
-2405
-8276
8375
9741
-4438
1987
-2317
846
-7254
6985
3008
-1878
8019
6343
564
-9183
-7853
-1288
-1523
-954
5465
2766
-8119
5963
-5852
9756
9388
998
1153
1346
6346
-9177
-7627
4216
-1153
-9155
927
-4454
9029
-2277
-5434
-3346
4335
-8251
5826
-5620
-6259
8016
-2736
-145
8274
-8333
-313
-5551
9631
-6705
-6745
-6426
-912
-565
7048
-2808
8147
2936
5663
-409
5386
4416
-292
-6573
6561
-6621
4098
-5556
2464
-8271
3411
9032
-2547
7336
9407
-9018
-767
-8932
-9181
-9866
-5346
5166
5718
2335
2975
-2776
-2070
757
865
8873
5318
7805
6800
-1141
9954
-7130
4709
7273
9045
-1364
-2174
-5202
-3068
-1859
-6667
-2196
9604
-2709
-7523
6683
9557
5717
78
4984
8871
-5438
-9497
-8321
4036
2175
9776
2519
7444
3324
3346
9265
6526
-2308
5561
1882
8488
1633
8246
7463
7242
-3220
-9777
8527
4908
-9403
4038
1686
-59
-2981
-7060
6207
7012
-6949
5689
-3158
4497
6281
8604
7435
-9305
-3075
-9046
9159
6146
1130
-8223
-2113
-1362
6020
9056
-5207
-5560
5651
4327
2920
667
8511
9293
-44
-5149
468
-1646
-2169
8455
-2652
8355
-6427
6861
9655
774
-9563
-8212
-3555
1840
1422
-2401
7211
-7506
745
-1961
7397
-1607
-2709
128
-2204
-9461
4044
-109
9523
7219
2631
2351
6202
-5228
528
6077
-3042
-7265
-8195
523
1782
-8344
-6371
635
-6000
2318
3292
6153
-5430
-2544
7217
7612
-5590
-4211
-251
7641
5260
2574
1331
-4085
9092
6483
832
-425
-3873
-5307
1322
-1740
-7647
-2920
2437
4052
6171
3001
7242
6221
-4975
-9068
-7506
4962
-124
-8345
3759
-1092
8167
-245
4281
9551
-3888
-7474
-8034
1247
7634
-4430
3860
-9126
3946
1723
-1713
7407
4303
-9497
4590
9938
3712
-3342
-6368
-8019
6700
-4349
24
8672
-7535
5442
5398
452
-2680
-1597
154
-2137
3571
2200
-7469
3365
-3793
7756
-4410
3602
-2306
5287
-1459
5932
3082
-9583
3851
-9343
-3251
12
-3947
-6738
205
5232
6840
9095
-218
-6496
-6747
8748
5986
7539
4798
-187
-720
-7397
-8694
4127
-4852
-2329
-3378
-9416
-224
5653
-6907
-1896
7399
-4748
-3707
-3905
8213
-3777
-3277
1666
7846
-1818
5087
-5694
-8607
-3931
-8087
-4653
-3933
-3474
-327
4573
5905
3808
-5041
-6084
-7366
3066
3377
6075
-5500
6861
-489
4808
1373
-4267
-4914
-6785
-9007
-954
-5269
4703
-2708
8994
-9836
-2840
7218
-2231
-8994
7096
6465
-7155
1390
-1285
9069
934
-7178
-6795
-865
8885
-5231
3636
-8615
8987
4388
2997
9641
9965
-6974
8513
4091
7258
-6016
-5654
3652
-21
-6201
1829
-1964
8093
2251
-2163
-1007
4465
966
4698
2019
5085
-6884
9045
3727
-4938
-3323
4699
-9919
1149
-7439
2707
-1139
-1187
2859
3727
-3878
3660
-8040
-2206
-2263
-9457
-888
7388
-8206
7906
6374
-5046
-7845
-7141
7415
2971
9355
-63
-507
-9968
-2998
-4262
743
-6291
-4340
5446
2864
-432
-9120
-1566
-9474
-1765
-4997
6315
7768
4456
1761
-8540
2130
-790
8400
2374
-186
7688
-7063
-4518
4755
-1024
5262
-8873
-4616
2700
5714
4841
3560
-6082
-847
-326
-9187
7268
2360
-2575
9644
-7164
3883
6300
-7185
9078
4833
-3520
-2990
5649
-5463
8939
-7947
3160
8662
-4952
6982
-9959
2868
-6282
540
-9543
-8744
-8745
4245
-6608
536
-9234
-5903
6439
-2189
4701
-5176
6429
-6059
4207
-1766
-3980
335
-2538
5543
-1297
8647
-6666
8371
993
2975
-518
6602
5636
-111
-9149
7149
-3511
-9200
8392
-1118
-1978
9167
-7926
-9616
-1635
3297
916
4313
-1928
4684
-4419
3252
7958
6028
7599
6825
-8160
1409
-2627
6087
-2773
-8726
-499
-6847
1390
-7889
5440
4483
8489
8683
-3850
825
7742
-6380
6913
-693
-4011
-9830
6943
-9260
2389
-7232
-8351
8276
4447
-1233
-9286
-460
-1048
-5165
2474
2228
2195
8647
-1121
-232
-5906
-2931
-8960
4518
3369
-6543
9295
-7223
-5859
2583
-5862
-7288
5420
5482
-7508
-8210
5819
-9284
-1036
-1238
-6911
2184
-237
2816
-2040
6571
-8427
-6941
-6261
-4886
7099
-5408
-2965
546
-6590
9978
6530
-2030
8561
-6723
-7758
2319
5337
-927
-1060
-3574
-5733
9697
5365
9213
4542
-8441
7519
-7383
6209
299
-47
5364
6063
3189
-3885
-5233
353
-4661
1212
3849
-5721
311
2472
-6953
6663
8453
1646
205
-6371
256
-4993
6978
2260
-5854
1684
1300
-4152
-6125
7626
9694
-8409
-7427
-7037
1136
-7347
6177
-3567
8670
-1980
320
8989
-480
4671
-7878
-4653
1057
3255
-4206
5213
4909
1059
-6288
-2146
1141
-4343
-2712
-9362
-280
-6271
-4663
-5496
-3117
3876
-6118
-6972
1763
-5656
9233
-7901
6727
5623
8604
-7441
-9147
-1963
-862
-4156
3792
8945
-6687
-6304
8495
-9641
-6382
-7484
4215
8171
3466
9563
-6818
6350
3452
-8567
-8739
-3229
-208
3465
-4824
-328
8357
-1964
181
-7560
-8377
-4515
-2851
-8558
1004
-7537
-8473
-5970
5346
-3608
8948
2876
-2843
4929
523
-1566
-4253
3611
1378
4751
8810
2006
-486
1186
-5299
-5119
-6791
4112
5252
-8136
-8941
6548
-5459
3370
629
-7835
1033
6524
-7413
1698
3194
8390
-9266
5527
7876
-3226
-2339
679
-6192
-6150
4980
4257
-8852
25
-6912
6902
-7018
9501
-3087
1501
-7951
-6438
-6450
3486
9821
361
1450
1134
-1957
-2002
2549
1759
-4834
-1900
3489
-7322
-8441
8681
9032
1585
8377
-4019
652
3947
-6280
7324
1190
-7644
1416
6330
-4216
9806
-5168
-703
140
4144
2411
-3929
-9435
-7908
-1169
-366
-4274
-6312
3407
-8083
-608
-2639
-601
-3281
-833
-8152
1962
-8582
-5334
-3251
-219
-9184
7776
1097
-3865
3571
-1644
3023
-4642
-7956
8112
9050
-4414
5694
9313
480
1322
-3802
-2055
-5938
-8554
6109
7613
1546
3622
-4507
2551
4053
7190
3069
9048
-5136
-6136
-4237
-3805
3273
-5852
-5067
-5021
6784
-6388
7344
-8975
-3548
-7352
-9440
150
-1205
-7940
5460
9981
-6635
3059
-7094
8340
5659
-8445
-4140
4632
1895
221
2290
1705
-7720
-1653
-8358
-2631
-6723
-7922
9456
2493
-7811
-5214
-9529
2628
-3913
8759
2678
4447
-1416
-3304
4221
3533
4284
-9466
9101
-4832
-2626
-8768
-9194
6572
-4566
1035
7463
-4383
-4546
2304
4740
-8250
8442
-9838
8466
-5134
9749
-4013
-9302
-1100
-3550
-3017
-1255
-9917
-2082
-9705
-5694
6917
-5398
2897
-2686
7873
-281
20
720
4546
-4876
-7668
-1449
-3724
9440
-3285
-9515
-1728
-2889
-6939
1770
5823
6308
-511
-9437
3186
-8349
6392
5771
-9704
-9777
6022
6786
6057
6444
-9158
-8126
9126
4965
2592
-9924
5138
-1968
5081
5051
-3773
3093
5670
-983
7874
-6347
9239
6293
3735
8712
3670
1258
-9417
-6938
-349
-1949
3800
5558
-8289
-8314
4801
-9571
26
-447
-8051
-3123
3645
500
8866
9483
-8478
7678
-5979
-2545
-3651
7943
97
-5761
-3591
9200
-1306
-6471
-6569
34
6929
-3771
8164
-5270
-6953
8807
-3618
-2724
5096
3586
4264
3300
-3262
-3702
-8337
-5067
-7870
-3204
4106
-3664
-1283
-2512
235
3777
9718
-668
9279
-6074
-6779
9985
-1158
9705
4123
7773
9942
-5204
-9876
9212
2628
5543
6184
-6653
2547
3418
-275
1343
-101
-4228
-1470
-8547
6610
-712
-7700
8500
9134
-4667
3737
-6793
4786
1117
-2652
-2995
-194
8822
2582
-2782
8049
-5480
-3830
4781
6558
-1816
8507
-2792
-4630
6277
-137
-5106
-6493
8591
-7652
-2904
-5953
1106
5763
680
-8068
-5932
-6405
2437
631
6828
-5014
-8051
-6195
-1485
1736
8147
5286
-4100
-1302
-2567
-6645
8826
5057
-1071
4669
9337
-7416
6596
1082
-8565
-5271
5356
-221
629
8718
6987
2873
727
7324
-8166
-3185
3543
-168
-8979
2278
4059
7436
8124
-7585
1944
6479
9330
-1898
-4523
-5259
-317
6320
-350
6001
-3530
7249
616
-4
8210
-7880
8307
-893
-8139
7956
-3893
-9935
-3436
-962
-6141
-8337
2360
320
718
226
4208
-4658
-3821
7743
1813
2383
-1968
1802
1470
1939
6517
-7391
1926
2648
3336
6581
-8185
-999
-3213
-816
1374
-8798
-3006
6839
6704
-9283
9016
2568
-6272
-9499
-176
6330
3594
-1889
-6149
9875
6654
614
4108
1179
6788
8174
7050
9971
2169
4238
-7909
2064
-2923
-5459
-6619
-2835
7177
7979
-1586
3915
-326
5754
-3408
4139
-3655
6174
5076
-9897
-55
5247
-7773
-8445
7621
4064
8934
-1151
5110
9465
8638
-2775
4450
-3374
8458
-7303
6860
3268
9009
8621
-3228
-1420
-569
-3694
-1174
5757
-2721
9242
5358
-6464
-5473
2532
-5364
-5783
9684
-4762
7979
-7965
1835
-7198
-2580
-9386
-2551
-5274
9564
-5000
4804
-6023
-6513
4392
-7120
5457
8678
-3914
-1441
-6073
-8011
-5792
-7740
1597
3629
3129
750
6802
9809
-9676
9810
6306
-7830
-306
2217
-3601
6514
-7020
9589
93
199
-5321
-3359
-8968
-9025
6698
-5401
-9733
8362
-8017
431
-5208
6212
-6155
-678
593
-5718
-8051
9838
-871
-7060
-3520
-8978
-3320
5606
1076
3888
-6353
-6465
2319
-4247
1133
7615
-3862
1537
8979
-1906
-3983
8054
2402
9658
-8224
-1042
-2148
5578
-8200
7101
3659
3554
2197
1544
5574
2206
4765
3441
-5366
4757
5792
2929
-2991
700
-724
-1921
-7954
6733
-330
2827
4011
-6432
3888
396
1533
-2078
2593
8256
5202
-3182
1024
-9863
6802
1932
904
-574
-6185
7860
1182
-9440
5944
-2733
4901
-7970
-4397
-5409
-6102
9452
-3089
-5750
7277
-9407
4405
-2922
1427
1254
6685
-957
8416
259
-6168
4749
7034
-8017
2298
7326
-8293
-9746
-2508
-173
7917
-1753
-6809
-4257
-5052
9389
-1911
8738
27
-6831
8760
6356
7338
8667
8495
1847
-7595
-3625
4424
2186
-2791
5980
-7132
852
-8313
-4323
-4271
-8355
-7596
7494
7856
-2432
-9094
3876
9615
360
-4066
-6423
-8930
444
-4690
-486
