-4630
3586
-9701
-9070
8672
-1356
-7709
2493
-3364
6422
-5643
7522
-4619
-8123
5059
-9929
-6144
8895
8768
-7336
5571
-7096
403
827
6259
-8117
2269
4331
-9422
3507
-4248
5253
-1129
9981
-7175
2038
8509
-9834
-1390
-1904
-6148
-451
93
1391
-8789
5776
8227
-2790
9024
-6023
4801
6062
9052
-6931
9316
1885
7341
1782
-9707
-5729
-1094
5787
7915
-9416
-1447
4074
-5800
279
-450
-1040
855
4916
4838
-9739
5146
836
6068
4703
6829
6601
-8953
-4527
1607
5132
-6787
-2710
26
-642
697
6842
-4160
-3535
-8187
-7704
4276
-5247
-5257
-1303
-4064
885
-3084
4658
1382
-4358
-1543
3217
8150
4533
-2971
2846
-6888
-5230
5723
708
8992
-9484
4935
-6913
-226
-2207
3281
5710
5095
-6448
7780
-8676
-7070
-5576
534
-6900
8264
6126
1224
9063
4993
5291
-7962
2929
-9591
6720
-5191
-709
-4514
1415
-1802
773
-2265
-4244
-9154
4572
9957
2780
9210
1349
8534
2746
-617
9422
3697
-5807
-3618
4399
2508
8527
-3127
-8246
7992
-3814
-9176
-5638
185
628
4989
-8558
9904
-4102
-8861
4991
-9058
1256
3277
9752
3022
6955
-9746
4948
6639
6048
8635
5088
-1455
7805
6661
-3997
-5908
80
5167
8866
9257
6343
-3116
-8091
2943
-8767
2163
-7982
5896
3034
-5365
5550
5183
-1171
8411
-4944
-2744
-3402
-7253
3677
822
9511
-8507
-4219
987
-7001
-1075
6721
-5010
7924
-3502
7888
2276
7790
9221
-7332
7962
3183
-633
-9874
-7699
-9741
9962
-8543
-687
-6544
-3484
2876
-2472
4560
9655
-768
6645
-4831
-8146
4168
5659
3831
7957
-464
-1166
9179
3775
-7099
8946
-5329
-3454
9814
-8922
-431
-6387
8010
-9658
-2018
-5735
82
-9398
-4668
-3806
1987
4634
-3191
-8331
3130
-3403
-2299
-1315
-7543
-9428
4097
-8750
-4553
9057
119
4851
-9973
3018
405
5889
524
-79
9131
-4281
-5944
-6390
9701
-3111
-5429
9222
5660
5646
9093
-8986
1614
9085
6329
3589
9539
-360
2322
-2476
2222
-4685
123
-6991
5989
199
9620
2277
-5537
-1774
5341
-962
-1186
-42
-1012
-85
-1027
8877
-2081
5889
7194
-8378
4126
9770
-685
7758
2567
-8677
-504
9026
1039
7992
616
-2289
-914
4297
-7406
7701
-9667
8144
6130
8912
-7243
-9565
7718
-2624
-981
-5104
-5619
-669
7622
-4216
-2829
9313
-8022
-7308
-9119
9030
-171
8587
-4597
-8764
6017
7707
1891
-3442
-9538
8075
1568
3700
-4678
3015
-8025
5698
-9006
2160
-2598
-7959
8866
7642
-6277
5388
-2301
-8138
-6395
-9571
-4173
-8569
-8874
607
-8496
-9975
-9770
-8670
-2109
7107
8035
-6149
-5320
5543
4779
4642
5869
-62
-9524
-2746
9919
-6293
-8738
6400
-2976
-4928
-5309
8400
3342
6380
-2853
-7766
8924
-2167
6038
3079
-3497
879
-9700
-323
1956
-9000
-1306
9768
-2496
8652
3039
9360
-8266
1037
-6872
-2742
7334
7035
2830
-3811
-9341
1768
6014
-2613
-5803
9889
5140
-599
9461
-6881
8240
-1285
134
-8206
-6974
-6769
3276
2584
7407
-9320
8639
1126
6756
1603
-846
-5637
8404
-1382
-1884
-5949
5704
5603
1516
4328
-4839
1056
3051
1338
8969
8845
-5879
8107
4592
1584
-9009
7446
59
5984
-2079
9797
-313
4087
-2242
-4362
-6307
-9797
4078
-3945
-7983
1090
-3513
-2643
-8462
1148
5607
-3573
5064
8090
-5809
289
7260
-9680
7275
1809
-1027
7740
-5647
-4971
2156
2088
-528
4899
9442
5184
-8657
3701
3935
8281
5199
-9697
285
-7762
-1879
4646
-511
-5933
-9146
-2739
2001
4447
9736
-3688
8338
-6391
-4035
4280
2937
205
-5682
-263
-7271
5294
-3417
6255
-2559
-1894
-6275
1518
6455
4316
9102
197
3430
-9502
5162
-6291
-1551
-8572
2981
612
7041
-6066
8609
5867
9615
-3166
7020
4036
-9931
7399
-3355
-6527
-2434
7837
-746
-4045
1661
5553
4034
8549
5259
-504
3411
2450
4730
4822
1620
-7713
7400
5505
-5939
8772
3609
7941
-7355
5734
9538
1560
5514
8151
5138
-6466
-9961
5699
-4136
-8519
920
-685
-2489
-968
2674
-8520
9278
-165
1263
-3823
138
4261
9554
6573
-8257
-7134
1656
-7938
3625
-6201
-356
-2437
-7929
-7424
8365
8502
5641
-6956
-6513
-3797
-3156
8394
-9278
2703
3121
6692
-5340
-5107
5680
-5514
4533
7626
1329
5594
-5695
7520
2811
5959
427
-4855
8592
-8353
681
6822
3221
6152
-16
-9530
-1024
8022
-6749
4510
-6290
6109
-9212
2013
5986
6110
-3401
-9282
8149
4646
1788
2386
6233
-8800
2726
3914
-9470
-3340
-5366
-2019
-9686
3216
-8437
-4370
4357
4751
-1764
9718
6666
-6545
-9044
4236
-5870
826
7339
-9993
-6898
4422
7124
-2386
-9245
7768
-6533
-7606
-5962
7017
8654
-4670
7855
-7757
8352
9504
-8537
-8142
17
-1919
6606
-1186
-3358
-5230
3039
8951
-8851
240
-1459
8697
-9553
-2061
-295
-7684
-4895
1889
3341
-8198
-1214
-125
3151
-1556
640
6958
8178
1200
5969
-3267
-3916
-7260
-7460
-6343
7037
-9631
4160
9889
-1710
-568
3183
-3132
-8225
6976
-2802
-5397
7121
-6190
580
-6086
-5874
8799
-7867
9011
5458
-9687
-8356
9658
4761
-1422
6832
8156
854
8384
-5552
1653
2770
-9001
9015
1043
3278
-4491
2739
-7200
4913
-9387
3157
-6389
8923
5849
-3792
9768
-5553
-3302
-3286
-3051
661
2647
-2483
4941
-7233
-5449
9385
-3877
799
3981
1273
8046
6368
6675
9001
-9184
1811
2019
-352
9338
-5029
-6395
6001
-2679
-4970
-4911
-5069
9836
-5072
-7359
-2660
7181
4198
6352
-9872
8081
3399
-5349
4351
5514
-7446
-8113
-3713
-5058
-3989
9163
1443
4990
-838
-1543
-1487
2616
-3767
9896
-9571
-386
9665
5492
-6420
6234
4552
8603
7971
-6550
-7817
-9333
-7538
1056
-1739
-3410
4128
7822
2824
4554
-6632
-4200
-4244
5901
-4250
3387
-763
2060
-5881
-4070
1020
6659
5556
7554
-1925
1484
-5454
-2037
-3689
7338
4070
-319
-17
-6129
7433
1205
9285
9779
5083
6533
3649
1265
-4185
9818
-4502
-6642
2409
-4991
-4609
-7794
-8385
-7457
-9096
-6289
-4076
-8138
-7792
-9426
7088
-4132
-7471
-3078
3560
-2854
-309
2649
-8952
-4761
931
-1094
818
-906
-8488
-4132
-7916
-9116
6909
3102
-632
-636
3203
-7205
2493
-7883
-2663
-3739
5538
-4460
-2519
-4568
4516
3301
-682
5301
-1895
-6608
5636
1128
3771
-656
5591
-396
9464
-6133
907
-4169
-1895
-7001
2109
-7350
5330
-5610
-2895
-9527
-2315
4742
-2539
4063
9174
4179
-9511
5874
-6609
-2648
1225
2356
1154
-2616
236
7143
-6628
-43
5751
-3488
6773
-149
-9376
-577
-9052
-9916
-2915
-1801
2087
6098
-4936
8661
3735
-9785
461
8085
5747
-5779
8936
-9731
-3
5299
-7940
6260
6690
-8993
-7560
7817
-8369
700
4813
3796
4403
4481
-2444
5817
9200
2323
-8075
4755
-2694
-1453
5539
-294
-8517
-8543
1793
-8086
1243
4700
-3481
-628
-9938
5615
-5153
-4465
1543
-8674
-6794
9662
5643
4450
9185
6592
4486
153
-6586
3518
696
-7209
9826
-4372
-7457
7599
1286
7224
-8144
-5714
-4895
-6220
-1869
3461
-2373
-4639
-1339
7417
7301
-8242
7040
-6663
1669
-9338
9153
-1948
3391
9444
9041
737
-1151
-6858
-5819
1148
9248
-4649
-2410
-9115
-1673
-2601
-9477
4489
8540
3750
-648
2414
-6542
-6398
6966
3054
7130
1895
-4470
7763
2363
6784
-2279
9603
-569
2437
-8622
-8309
-69
7777
-2827
-2639
-8996
-2950
-9078
5306
-1869
-4787
9657
-898
1599
-8076
-7799
7122
5979
-8000
-8033
-7146
7314
-4450
-7081
4139
-7421
-586
410
9052
-9248
3328
2295
-3487
-3902
4112
4544
9055
8150
2630
-5
2022
5040
-3206
-745
-4880
-8722
-918
4479
-7866
860
1697
-7994
5465
-5426
-1547
-9122
8909
-5306
4438
-7198
2624
813
3248
6397
6466
5720
4869
2262
-3247
-7950
-6988
6921
9495
1181
-103
8903
5395
-9145
9998
4359
-8793
-7192
-4530
-1204
-7798
5347
-9313
4483
-9996
-2530
8852
2477
-8688
-8255
8057
9351
-5115
8213
4236
2961
4631
2165
-4146
-6481
-1158
649
-6929
-9713
-8450
5766
-661
6922
8016
9757
-1691
-3731
9038
5133
-628
5876
8480
-3876
-1424
9
-8102
9032
3311
-807
-5051
-2579
-5114
2902
5787
4964
-884
8428
1755
-7341
-3432
-7171
8062
-1038
-3666
-4695
-8500
-5230
9776
-8112
-6350
-9298
6592
5312
-6221
-4289
-6205
8957
-4285
9322
3616
523
9873
-6265
-9141
-6213
-3940
2767
9068
7739
-6233
1445
-4709
2105
-1051
3024
-5381
3528
-5530
9417
-3127
9533
-6966
5385
-729
-9854
4820
-6512
-3049
4211
1239
1473
-633
-2691
638
-7606
-2589
-8987
-9707
3761
5944
5205
519
-8258
-1595
5366
1488
-1362
5931
-4616
238
5829
-6281
-7140
7035
-4744
6373
3093
-6629
6376
-4240
-541
1961
-8564
-2198
-1907
-6628
-1269
-9048
-3056
5585
5419
-285
6010
-4549
9887
6710
-9951
-3816
-3027
-5993
-7676
4310
-1568
2197
-9907
7779
9668
-6583
-6658
-55
-9120
-3090
-1360
2354
-7784
-8844
-605
-6535
-9289
-6876
2188
-4451
1724
5488
5242
6131
-9695
-7571
-1541
1856
9007
-8911
-3462
-6458
1244
6590
6297
-8957
8644
-8433
6465
-3880
6966
-641
8814
-4059
9128
792
-5540
-7969
1713
-1372
4860
-8153
1906
589
-2726
1005
-306
-5741
9378
-828
2985
6417
-2782
8344
1214
1936
-6132
8872
-8716
3014
-792
8107
-2391
7141
5286
180
1481
181
4648
8899
-2615
-2792
161
3166
-8469
-4487
3501
-7200
-4537
4326
5141
6015
-9010
3156
3134
-7425
-2991
-6582
8770
3228
6238
-2491
8268
-3775
-1618
-7858
-5855
2792
6696
-9275
-2406
7250
216
3554
4194
-6637
-1859
-3933
-3216
108
-3206
779
-8089
-2724
-4111
3628
8176
7126
-76
7256
-6900
6211
543
-1217
7896
-7073
-8457
1575
8029
8809
-7822
-558
9996
2287
-4659
474
9038
7132
-2500
3252
780
-210
-2557
6255
-7139
-9793
4950
-4894
-1685
8848
9655
-469
8045
-2439
1357
2586
7356
9243
-9628
4606
9276
-2575
6165
-563
-2451
4573
-1667
8294
-3685
6677
-5995
9546
2472
2212
8017
-589
-5139
-2264
8717
-1277
4704
9798
-6970
-1335
1389
1714
3787
-4607
1510
7702
-4608
2753
-1622
4116
1888
-2408
1470
5023
-9200
-7404
7621
2978
-9430
1550
-7579
-2947
-8359
-1504
-2874
5798
-1748
-870
-3407
7549
4823
-7443
3895
-8039
-7803
6113
3344
9431
5623
4977
1486
1447
6229
6291
4001
-2653
-365
-6704
2487
-5896
6655
-7946
-7211
1583
-6079
-6519
-830
7785
1470
3201
5142
4626
9824
-2369
-9310
4664
-8940
-7832
-8093
9464
8782
462
-6680
-4009
2156
6264
-3568
3522
8880
4965
-7635
-1261
-3932
-1716
9203
4767
-7933
7506
-3341
-3997
-4412
3965
-4307
-7619
8987
-7683
-2424
-8027
3109
255
2245
4074
2595
-404
562
3857
3439
-4683
-3879
345
3743
-7230
-7437
-5772
9357
-1189
1758
-2018
7980
2475
2711
-7552
-9713
-5465
3768
-7477
1288
-979
8226
3387
9869
9834
-5947
7603
-8496
9788
9631
4209
-7530
5493
-9776
8293
-9688
2100
4707
-3995
-4376
6918
3559
556
-8782
9937
4984
1426
4719
-6131
4226
-5002
-7619
7106
-5579
3226
1325
909
-7965
-7141
5546
3728
-141
3080
6116
-4829
-3208
1584
8076
2071
-2811
-9546
4815
-2588
-4507
-832
8899
9615
-6457
7711
-7453
-6910
7458
1203
-3809
2396
3492
-1370
-2465
3781
1520
243
7496
-4232
-1489
6431
-3240
5203
-3903
2566
8236
7227
6694
-379
-1335
1683
-3820
-1270
-5655
-8139
3952
-9823
5407
-1683
3572
5027
537
7622
-7902
3600
-1037
-127
-6530
1239
-5466
14
-5675
4039
-511
5636
-7790
8714
4985
8541
4603
-1045
3536
102
-107
-5618
8510
-926
227
-5997
-8340
-3134
9649
-9686
5320
1410
5594
4040
-2392
-3426
5425
4694
-1442
-7043
8887
-8327
7379
-2725
-2085
-4847
1630
5883
8207
-4283
-1008
5933
1960
3222
6621
-6138
-5612
5649
3023
4786
-4837
-3766
5148
-9145
77
5474
-2909
4231
6599
-61
-4280
-4338
-2692
2715
2052
-4320
-4221
-8026
8364
8172
-9653
6023
-6908
-7725
711
-8108
7516
-9259
-7364
-9326
-8071
-4248
-6796
-7050
4164
-4276
-2211
-2319
4938
7903
-9710
4496
7685
1016
607
7247
-3372
-8180
-5289
-628
1998
-6217
-323
3923
3923
5838
9369
1941
6701
4095
-9752
-8033
7020
-2132
-4587
-9226
-7756
9263
5479
6812
1555
-5696
-2951
2071
-4422
5302
7758
-4632
3530
-4180
6552
1426
5925
-7325
402
-8079
-9211
2099
7383
8816
9649
4947
7672
1193
3189
-9587
-3862
-3914
8640
-1389
-1886
-2638
-1319
7945
-3523
5262
89
-7340
5335
3950
383
-8476
-1427
-9201
9979
-8976
-4913
8451
3926
9597
-2756
3039
-7874
2898
-2153
-6489
6169
-6037
4212
-4910
2057
3184
6096
-438
7895
-1107
-8410
3845
1853
-8030
7775
-649
-9612
-6400
-3544
-5162
-8357
-167
-2818
-7568
1608
5914
-7470
-254
-619
9533
-8119
5972
-6204
128
-6650
-2492
2562
-7249
-1735
-4899
3612
-7942
-6488
-4728
8466
6911
-5306
-7413
-1007
3141
7805
-9986
6472
1782
-8348
-2922
-2541
8898
-811
1714
2473
4556
899
6843
184
-3099
-659
8797
1301
7345
51
-544
355
8589
9385
3939
5179
8993
9676
-339
1201
-9241
-311
438
-3671
-9278
9599
8376
-9473
8234
1079
-3490
6183
939
-2335
3396
1295
4586
-5564
7115
-537
-144
-727
-4071
2615
-3774
-1996
8505
2559
8055
-7878
1778
239
1854
-6619
-7382
-8312
7251
1475
-5379
-7337
4109
-3006
3397
5305
-4081
-9594
-6252
7165
5337
-2705
2065
-3200
-1722
795
8143
1614
-4121
-119
-7150
6040
-3206
-9926
7589
-8983
-4661
-9358
-7917
-374
-4708
4061
3927
6789
-4436
61
-1548
-5051
9920
-395
6574
-8164
-6277
9341
-2170
3920
1067
3652
-7683
-6380
-2248
9519
5288
505
5914
-4400
8992
-8271
1137
9050
-5950
-8743
-689
-6614
535
2878
9315
3018
9209
1150
2218
-3125
-4443
9335
8480
8020
-3280
6156
-9627
-3110
5896
-6923
-2718
3479
8413
3632
-7446
2782
1960
-6265
-8563
-5456
1418
9184
-6255
900
3502
9708
7761
5791
7213
7548
2819
-6746
-3456
-9986
-7056
-6882
-147
-5360
9142
-3089
8849
2857
7765
8927
2063
-3302
3139
834
7015
-1524
9074
-9889
-9802
6790
-1128
7391
3417
7
8850
84
8862
4497
5577
-8480
-6049
7752
4238
-6285
4022
7076
-2067
-8797
2302
-256
-9836
-6482
-3957
-6156
7800
4904
3039
8757
-485
-7578
9750
-2975
8796
-7523
1904
-5881
4575
-1373
-467
5709
-9849
8528
5076
-4399
6384
249
8672
2721
5135
-985
1839
7286
8455
704
-4437
1049
8863
-3139
-873
-5419
-4014
8632
-9147
717
-4550
-3080
4117
3183
2960
-6955
6448
-6244
-5626
507
-1572
-4319
-1598
9478
-8127
7328
-3945
1602
-9956
-2192
5279
7519
417
-3235
4449
7460
8764
7603
-3839
3904
-8741
-7910
-4895
-7476
-9154
1444
-4240
2597
342
9621
-850
3952
-3071
-1736
5309
-1753
-1759
5641
-7327
-7125
7682
-7837
4376
9145
-3921
5108
-1768
-1695
67
7018
831
2399
-769
-2309
-1928
-3337
3003
-5797
-5210
-1096
-2028
8496
-7031
3296
9198
6887
-5335
4216
-1617
-2291
-2251
-4501
-4903
-1760
-5550
-6556
-4452
-262
7374
7800
9196
9311
-5970
5515
9367
3543
-4790
-8866
7717
9475
2640
-7387
6365
5221
-1620
-5394
4330
4675
1203
-5050
-7067
7388
2787
-5658
-8506
2161
-2371
-1298
-8905
6147
-2345
7934
-6865
8593
-1305
4161
-5204
687
-3489
-1890
-5902
-1864
4518
-6082
9113
7659
-8972
-5091
4718
4933
7310
3901
2613
8057
-1291
-1305
-4882
-2448
3865
-1550
7888
-6272
3134
-1800
-4402
9923
185
-9670
9196
-4999
6243
-9749
-4848
-1564
954
2078
7250
7687
-2615
3023
293
7849
8889
-8604
-850
-4000
7182
-7997
-4259
8761
-4953
3267
-353
2082
-2561
-712
-4839
-4118
-3670
-1822
1202
-7733
-8920
3480
-2470
6335
-8895
4178
7445
-3050
2689
-3192
-2209
5756
8251
-8396
1087
-65
2157
-5075
8758
-6347
4928
5610
9008
2708
3568
-455
1042
-6286
-9956
-5050
6302
-5075
2004
4342
9534
-800
9663
-9107
8382
379
-8605
-9595
-516
-8521
9506
-1300
7573
-9829
-9780
602
-9587
2878
-3855
6452
2391
3010
-6260
2942
4474
-6986
1134
6268
-3342
-2671
2706
-9818
7901
-8752
3663
-2998
-8617
1869
-4850
-587
-2541
3967
2024
6551
-4227
-3019
1954
-6574
-9296
3676
-7176
-5496
2467
-9510
-7572
7628
9213
5651
-9543
-1967
7474
-1295
6742
59
-783
7302
1997
6883
-6509
-4914
-5256
3683
4678
8308
5418
-6723
793
-9819
7138
-1959
4315
-3682
9754
3163
8685
-4274
-2180
-8901
9520
9846
3471
-7449
-5923
5463
7436
-258
3231
-8188
-1163
2243
1254
-3783
5718
6916
9801
-6881
7067
8267
-8694
-2889
-4118
-2283
-345
1403
-5386
-8196
5947
-5380
-8340
-5634
-2243
9674
-2785
1419
-7726
9060
-8454
2465
1651
9708
3652
-3453
2223
-4607
2953
-1988
-9710
2333
-2847
-9982
7635
-6157
-6349
-6809
2247
-7256
-3931
3536
6059
-850
-7217
167
4647
-4622
-8744
-1257
-9262
-9947
5117
6891
8375
690
-7313
-8332
1056
4639
-5475
-927
-7788
-7965
2850
416
-7273
-7589
-9609
8780
-8368
9320
5598
-3692
-2468
-9029
-2076
-640
-7567
2710
1773
-6165
2073
-7092
6873
-6154
-727
-5353
8465
-6954
-3754
2902
7352
-1571
6227
1998
3355
-4570
317
-9443
1692
5873
1083
6335
3763
-5110
-8334
-6414
3481
-2644
-8144
-8030
9679
2731
-6670
-2844
-8841
5510
-4372
7392
-4780
5842
-1351
1761
5950
-6566
9600
307
-7641
-2846
-3063
402
-861
8201
-9320
8593
3030
282
-9643
-2994
8297
9972
3028
-8081
-8806
2198
8763
8975
-884
-6278
5811
-3537
-2
1201
1462
6854
-7402
-9959
1351
-2467
-5301
2718
2333
7737
-832
5155
5376
-1080
1403
7303
-7854
1326
950
-4827
3228
-7085
-7291
6134
9195
-8926
1019
7920
836
-8622
-5828
-2748
-7275
-6105
-5871
-1552
8202
-8099
-3312
-1365
6214
-6577
5863
-4712
1330
8216
6290
4930
-9031
-1541
-609
7204
-2958
5663
-128
-534
7504
-3937
-9707
8841
1474
8104
-3385
-9037
2400
4994
-4755
-4783
2217
2266
-2638
43
6237
-477
5926
-720
-6327
-9062
-4186
-3412
7740
308
7580
-2623
5663
-1390
7694
4732
8773
5748
8700
9392
5754
-4904
-6777
4733
3289
-913
1310
-1825
-3616
9941
1552
3637
-6070
8308
8308
-2623
190
-7028
3038
2363
4271
3649
6239
3687
-5417
5447
237
6773
4022
-5529
-3148
1258
-6209
-401
-8572
463
-3832
9701
-9206
-5994
3095
3141
-9334
-3703
3644
-9391
-9594
-6191
2099
1757
9695
-8120
-1290
8724
-3305
5144
5645
-3030
5965
6519
4010
15
-5363
-3739
-3315
-2412
-3328
7030
-7109
9301
-3040
-9195
7048
-7498
-800
7313
1648
-7673
-375
3781
7867
4972
-5643
-6020
-7547
2020
1091
-3508
-4713
6301
7161
9449
4296
-4175
-2086
2672
6177
-8470
-6293
7404
-4190
4609
3137
3597
4947
1119
4233
-7683
-6948
-8173
6962
8967
8286
6045
9273
4671
3697
-4683
-1719
8672
-8197
9059
79
-3498
-4475
6999
-1714
-2127
-8214
991
9610
116
8837
7457
1076
7023
-1034
3605
-410
6506
-8078
7535
-7359
4346
-1466
-1934
8255
-5731
9051
-5028
5299
786
-8368
6612
6144
6241
-277
9822
293
-5371
49
881
518
-1850
-1428
-1242
9043
4221
8002
-298
-2894
3124
6747
-8335
8070
6656
-1073
3076
1533
8435
5975
-5361
-4570
6512
-4911
-4500
-3223
5102
8821
8253
3588
6123
2734
-6462
-6233
-5458
-8415
9647
-1974
146
9160
811
7669
5012
6764
-272
-5604
3745
-5963
-3421
4831
-2778
7680
3037
-3868
1305
991
3397
5799
7072
-6094
2403
3086
-4883
-6064
-229
456
-3007
7003
-9411
2147
5826
4807
460
9557
-2903
-2951
-2098
-2305
7117
5788
-339
-4939
-2387
-1902
392
8000
-522
-2727
-8942
-7974
-9967
2849
-8408
9648
-4782
4633
2575
-9664
3168
5834
-6117
-1903
5558
9881
-1290
897
-5170
2615
-7296
-3828
2727
3340
9088
949
5981
2089
-4020
1391
-5491
-973
9165
8787
9750
-5792
2173
2815
7230
7432
-2224
-6905
2507
-1527
-7851
-6728
-6091
3169
5074
9261
-9635
-6503
-1137
-4103
-9723
-7955
7736
-3020
-5846
-1857
3170
-8070
8238
3697
1703
-2094
-5752
7362
-4436
6893
915
6993
4081
4012
584
-9653
-7625
-2277
9041
-8885
-2773
333
-3462
3829
-5057
-2769
-8321
-9904
4511
-4643
5307
8937
-5294
8255
1351
7471
2650
5873
8426
3748
-3539
-8705
2743
4133
-6503
4001
7445
-3364
-7256
9784
5853
1873
1196
-989
-3586
8944
-9391
1719
2857
9009
2717
7889
4861
-746
-6566
-7695
-1089
7602
8968
3963
-348
-5131
-7623
-4635
-9485
-3851
8038
-3659
8299
-6179
-4296
6199
-9838
-1247
735
1500
9133
2961
8582
7637
2227
-1794
-1507
6797
-9956
6747
5319
1519
-3221
-6445
-4838
-5704
2624
8444
6952
-6167
-2666
-728
9800
5392
-531
2003
-4871
-2207
-6649
-7935
4314
9313
-7407
-5577
-9281
-580
-595
-7395
1223
543
-7848
-8816
-242
-7459
-6385
2761
-13
5695
-6255
307
-1536
-7798
8956
-1933
2905
-2944
3751
6181
5815
5896
1562
-5597
-8411
2196
6973
5244
2903
-4022
-6620
-5796
918
5613
-1716
576
-9386
317
9694
1883
-3511
4225
-5198
1990
6577
6817
6661
-5756
-3122
-8762
-8107
8053
-938
191
5326
-2490
-2816
5829
4324
4892
-461
7282
-285
1096
-3366
-9499
6749
243
-3260
-1598
6193
-9009
-559
3840
-8435
-1443
2796
9676
-9889
-5459
-2953
-227
3898
-2633
-2857
8953
8726
-7822
-19
-5035
-5957
-1072
-6149
-9902
-9554
-2604
3633
6587
-1978
9775
8822
52
-3614
7371
-2232
-5451
8339
8148
-8212
-1857
-2025
4888
-6001
9460
308
7794
-2760
-4224
3628
-2773
1449
1641
2156
-8497
-9504
-6495
-5547
-2203
8040
-2144
6464
-9692
9217
-5449
-4915
5406
1932
-2630
-5949
-3038
-4139
-4664
9046
5921
-7995
5269
-8723
-6253
-8955
-4140
-5525
1853
7554
-3193
-7877
7197
186
-1278
7322
4154
2495
4678
6115
9173
3638
-2778
5235
6543
-3917
7928
3237
2487
9175
6854
4603
2872
-638
4487
8741
7939
-763
9251
7884
-8778
9718
-4845
8168
-5849
-9094
-1941
9595
6073
-8131
-9400
-5682
-5669
3522
4209
4356
-8572
-728
-2161
8972
2958
-7022
8870
-6266
-6967
-4248
9041
9973
371
-2975
5341
-2847
-9708
4001
9068
-7017
7042
5355
-5182
-9406
9878
-3298
4014
-5844
5014
-1235
5517
8100
-7510
-8017
7798
8798
-1263
-8103
3486
-3518
-87
4754
-2544
-3772
7393
9887
-9739
-4340
-8068
-972
-7230
-3822
827
9888
3634
7740
6564
8816
-5829
-4667
-1790
6704
1076
2128
1821
-1645
-128
-4626
-4084
-8361
6064
4572
-6444
4051
5009
1010
-2691
-7666
-9148
2844
4912
-8321
4519
135
-6173
6588
5115
-8812
-3470
-8605
-2867
7997
-6409
1687
-6062
2043
-3954
-6776
7528
-3152
-9022
7429
-4829
6813
-828
-9968
2532
-473
1364
3310
7580
7612
-6100
-3939
9149
5799
1429
-4937
-7434
3544
7583
8897
-8422
6025
-3232
-2299
-7008
6308
4118
5937
627
2032
-2056
8641
6863
2515
2739
-5557
9707
2290
5126
7899
9862
-9132
5455
3612
-3892
-9020
-8918
413
6474
8015
-9574
3870
5209
-7803
9646
7232
7973
-6278
-8813
-1156
-1424
1748
-8893
-1578
-5605
-2674
8782
4984
-3702
-7236
-5737
5120
-3767
2669
-2475
9775
9783
8685
-6676
-1093
-6266
4867
7961
8476
4224
-2557
1411
5692
5306
175
-775
8871
4074
353
4040
-1839
-8463
9825
-1973
4013
-6351
5728
4269
5738
6142
-7617
-2133
-587
-3932
8468
9424
-123
-79
-205
3312
8500
-3263
-3502
-3719
995
3682
-6613
7152
-3029
2456
-6504
9284
4749
9451
9566
-2326
-2263
2609
-7420
444
5010
-3174
4654
8886
-7272
6909
4973
-2053
-2709
-3371
8278
5483
-4972
1822
4023
-6775
1891
3422
-3151
7130
4688
892
-8241
1752
9508
5512
2967
1333
260
9245
-7602
4554
6411
350
-1574
9138
-2014
3883
9419
6303
-9137
-2505
4339
4656
2626
-2485
-4436
4908
-7291
2341
-3672
-389
-5961
4936
-4333
-7181
-7017
8726
-9167
-1486
-7236
2813
-3067
-6252
-7250
753
8772
8600
-797
1245
-201
4652
7300
-5225
409
77
-1369
8791
1760
4703
261
512
-2796
-4423
-5281
1985
812
7968
-615
-8827
7726
1867
470
7686
-4813
-4634
2248
386
-2594
9026
-8381
-9072
-6115
-1946
-3852
7902
-765
-6525
8012
3393
-2972
-2634
-5163
-7177
-2294
9154
-7089
-7474
6339
-1290
-1694
-2731
598
3653
-1361
-6823
-5522
-8282
-7666
4512
-4911
-9899
870
1980
-7938
9807
-703
-907
4423
3538
-9220
-1532
7439
-6361
8860
-5989
-5891
-3652
7662
2811
-3203
-1235
8742
-9828
594
-1877
5900
3134
-3304
329
213
6925
5601
-2557
-4777
5446
-8881
-3455
3739
1510
-436
5520
5492
-3280
6282
-7399
-8230
1204
-8207
-3290
-3594
1446
8351
1138
3753
3156
9705
9024
-9757
-3719
-6368
-8782
-895
-5239
-4043
-3821
5358
9941
4215
7845
4952
6581
4229
-3293
-7159
-7026
23
-2062
-3266
-52
2152
625
3034
5261
-804
-707
-6306
2403
-9148
-6509
8107
-8595
2040
43
-5588
-1405
515
995
9552
6647
-3103
-5221
7183
-2182
1928
-4350
2236
-6126
-3400
6063
-880
5260
3398
9654
6933
-2583
3275
-4265
8641
8319
-4063
-3485
3234
5746
-77
-1292
-5137
-7204
4164
5729
791
5039
-3115
650
-8516
4595
-9118
6576
210
1674
-1798
1881
-8830
1619
-8304
-4
169
6611
-9352
1458
5920
5925
-3009
-2624
9889
-6229
-4682
639
2811
-3628
6654
-4404
-1121
-7946
324
8279
-118
9619
6295
-9698
-3343
-1344
2129
-659
-751
-7256
254
-207
-3875
8422
-6153
3398
-1131
4158
7594
-5385
-2273
8584
-7686
-1989
-1477
-301
7330
5061
-3140
8501
106
-7764
5780
7007
6863
-8410
8127
9932
-4439
-366
-7333
1905
3122
4054
-774
8697
-476
8161
2699
-7387
-4659
-3207
-7633
6857
-664
-8264
-3733
-3038
-3747
9795
-6906
-6872
4697
8898
8886
-3505
-4018
2603
-5127
5476
-8738
8482
476
3608
-703
9427
238
2870
1448
5475
5083
-393
948
314
-2851
-7156
-7745
6055
-5460
3473
-6942
-9643
6541
-3750
-4525
-9413
-9299
-7298
-948
1629
4925
-6300
9227
5104
-5846
5931
-9814
3002
-8788
717
-9346
-672
507
2726
-4983
9792
7451
-270
-9023
9776
-2176
-9658
-1197
-1891
1494
4089
7144
-6830
-3898
-3847
7095
3078
-2435
6286
-6014
-1064
4967
2287
-183
793
8928
-9758
5160
1102
642
-5176
1356
-7569
7732
4657
8791
5053
-6232
7703
6202
-1728
-3638
4242
986
8126
582
-4732
-6135
392
6603
1926
-2866
-8932
-3060
-1731
5806
-2871
1762
303
7969
-5652
9277
1234
6573
-835
3308
1693
-5853
7238
297
9595
1107
5014
2362
2421
-9180
-7211
2161
5748
5289
2725
-413
-6186
381
-3742
-3654
-5742
2651
3778
-5371
-3920
-6643
-1686
-6402
1444
715
-4221
-3139
9763
8543
-311
-2886
9688
-5629
-7578
2372
-644
8069
-2242
-647
-5553
9062
-9763
2501
-7010
-5904
4259
-1755
386
532
1407
-808
9896
2943
9327
4353
1777
8735
8382
-1282
-3049
-4834
-2884
-1512
-6550
8018
-4392
-2937
1464
371
6768
614
-1899
-2292
2800
8920
419
-554
-277
2100
9047
-6172
-852
-2138
-5607
8475
4555
3347
901
135
-896
2870
5327
8741
632
-5917
-9271
-7154
8701
-2431
-5130
5344
-9047
4662
-8468
1551
-9867
2367
-6812
-9340
-6450
760
9236
1955
4295
7550
2779
395
-286
2682
-593
-342
-1996
-8110
-3043
-6927
3047
4438
-6701
-9039
5429
900
-1824
9171
-4194
2965
-280
672
-1878
9698
-1523
7807
-5170
6507
-787
1071
-8271
-1168
-9485
4096
5352
8115
-4305
-2364
3201
2512
-9125
4129
2156
3601
-2750
-3022
-9912
6077
8638
1764
9742
-672
-3442
-8229
2833
-8855
-6760
-1275
9447
-6289
-127
5953
5490
-2586
-908
-230
4168
5390
5466
-7590
-9852
-4550
188
-8402
6236
-9027
3360
-6121
-7992
2681
784
1562
3113
8286
4441
9184
-5456
-6817
-4627
-5052
-3461
-4695
-1896
1920
4890
-6838
-7227
-4810
-9523
8357
2480
7525
-2590
5714
-8095
1264
-7483
-1595
-7027
2730
5685
-7554
6347
-8169
4015
6664
8738
-5184
4131
-4701
3637
-7894
-9807
5009
2381
-7976
-8603
4409
-3176
9213
8667
-3629
4316
-7026
-3348
-874
2972
5966
3806
-7353
9536
-5702
-9789
-1454
6634
-9708
3158
-3605
9699
-5036
-1319
9515
5456
9041
-6779
859
349
-493
-8763
-9529
-7993
-6595
6901
2883
9960
8213
-435
-5405
174
-8106
-776
-8023
-2832
-356
6496
-168
-8326
-456
-7253
4153
-468
8833
-8137
-7199
2078
3067
-7275
-5883
9990
4925
3759
-9260
3605
617
9909
-6630
1107
4559
9936
1594
2467
-6730
9230
6665
-4069
-6939
-9205
2046
4180
1328
-7445
5678
3147
-8915
4819
8316
8721
-3729
6127
8627
9846
-3096
-9111
436
1631
2824
254
9431
314
-1365
-288
132
3293
1054
2778
5595
2413
6124
7835
5147
5254
526
-6962
-8294
-3737
639
-3309
-8773
-2920
600
-8797
-375
-4953
7832
-1519
5521
1382
-4499
-8716
-7029
2732
9582
8323
329
8125
-6350
-6742
3569
7365
-3543
-2721
-6358
-3159
6947
-6475
-5009
-4308
5723
4139
7099
-9057
-3030
-4259
-2340
8339
-4717
5927
-6982
623
5959
3691
-5319
-1577
-8542
-5454
-3777
1910
-9319
-4112
7590
-5273
-6857
320
-4561
7103
-8160
6482
-3016
4140
-7860
-9832
-4593
-7745
433
-148
-2191
-9219
3530
8719
-8441
-983
-2206
8184
3881
9102
2296
554
9800
-6907
-1660
-5547
-6336
1880
-5955
7542
-2270
-4148
-1368
-6239
-2661
6441
3797
-4226
8301
9296
1013
-1327
3873
6219
2500
8096
-5964
-1715
812
-8738
-7482
-4238
8364
3288
4499
4645
6440
8817
-6207
6685
7292
8087
1939
-6077
5290
-7768
-1916
-9271
9617
-6365
2892
-300
-1033
9415
8043
298
-3010
4445
497
1998
-3472
-9522
-1813
8196
9747
-7197
824
725
-8523
4650
6969
4088
786
-3317
5389
2199
5678
-935
-6802
7012
-5805
-9346
1981
-2142
-6770
9528
766
4631
2153
-8078
-4203
-6957
-7430
1183
-7005
3926
5548
-1215
8185
-1325
-6379
-6404
7386
1515
1675
-6424
6642
-3719
-6323
-4935
5306
5263
-7677
-1164
-763
2560
-9067
-6777
7854
-8724
-6889
6354
3818
-7975
7196
-7729
-3411
2911
-1462
4835
31
-1032
3881
-2751
8639
-1853
6947
-8194
-7969
1522
-7993
-7221
2019
3410
8388
2109
314
-5694
-3403
1658
-4724
9573
-3271
-2086
-7164
820
9673
-7300
8925
-7316
4494
7607
-1611
3763
8663
182
-4092
8836
-9163
-2015
8965
-900
6742
8481
-9490
-8793
-5223
6000
2255
-97
-8719
7274
-1151
-5071
-6516
5960
4149
9660
-6919
8524
4045
-3770
-1669
3168
3482
-221
-8396
-2959
-6028
-5068
-6190
3931
873
-7940
-6292
6838
-9466
-676
8296
-9325
2034
-7366
5915
65
-6694
-9144
-5386
-9805
-7128
7856
-2742
8654
-5163
-4180
2986
-9160
-1927
-9012
1521
-3401
9021
1141
9297
1862
5652
8146
3445
-502
700
6334
-8002
-7879
9274
5554
3120
9495
-2894
-7780
80
-9298
-9204
-8373
4668
-9080
-5584
8508
6487
-3520
-4324
-442
7458
8723
-4627
-4244
-7629
9374
-494
-3248
2663
-5149
3845
-6312
4077
-56
-94
8157
1734
-8501
-9935
3579
7767
6093
8223
1066
2228
-4651
-8588
3017
-8129
6887
-6110
9777
1565
-4204
3727
-4980
5085
-8933
2043
-8793
-1980
-9412
-9855
928
-4904
3559
-2643
-3819
-5619
7572
-4224
-6009
9828
3679
-6241
-6057
8641
-860
9687
-6602
7315
1228
8449
3144
-7644
-6765
-7724
-9967
-4277
-6499
8295
5754
8359
-6257
8934
547
7806
8069
7353
-1181
2976
8950
6543
1460
7034
1198
-489
-5622
4742
7526
-4622
-8333
5427
4208
7481
-8241
-1547
139
8698
-8340
-6623
-8872
3904
-3709
-8555
2199
885
-9157
-2168
4585
4844
4886
-186
7059
2526
-8716
5923
6611
-6827
-5493
6372
2263
2808
5265
-5407
4391
-2427
2156
7270
-8175
-2127
9951
7078
2555
-9417
-1964
-2889
-4908
-689
7395
773
-6720
-9799
-5143
9934
-1478
-7589
604
-658
945
-2934
-8114
-143
-2961
-7238
7960
344
4180
-5676
6090
-5783
-530
6998
-6087
-9575
-3976
7558
-1049
-4694
-9338
6125
1631
2716
8307
-8622
3677
-5702
-876
5090
-912
4557
4012
-7814
-4884
2609
8728
9276
-667
-8535
5057
-4614
7104
9106
-4365
-6443
9749
-2933
-5338
5269
4358
-5651
497
834
5576
-1413
5914
-4629
-4806
948
3956
7069
7861
7034
6230
-1828
5937
7370
3640
-8729
7399
-944
-9901
-4120
-2647
747
203
-2084
-1768
-7105
3057
-6860
-3363
6715
6389
-6734
-5482
-5758
-6846
5851
-667
-6137
2777
1190
-2238
8019
-938
3713
1235
-8584
2150
4534
5318
1620
-5286
-4799
8033
-3160
-3307
2279
7486
4779
1024
-754
6594
9053
6871
2943
-2823
2039
-2390
-7662
3951
4439
-409
8433
5154
2566
-4188
4274
-7636
3270
-456
4926
-9335
-4671
6898
-3120
7063
-2108
-8471
3267
1917
-2637
-3935
-2777
-9688
3692
153
-8415
-562
9804
-5273
-4153
1552
-6484
1833
-4334
-1254
2298
-6247
7819
-5706
7238
-3652
2257
6445
2758
-309
8974
6173
4921
-5630
5258
2003
493
-1998
2291
-7968
1362
7707
-576
7108
5172
2976
386
-3903
721
-3634
7902
8873
-8164
-9807
3255
-6087
-1099
1213
118
-2109
3510
9284
-2175
1702
-894
-7606
-7065
-2456
-7446
992
5338
7598
-4438
-9449
701
8223
6659
-6582
6217
-489
-4595
1870
-448
578
-9211
-3551
3896
-68
8589
6648
18
1914
1112
7642
-5215
-6268
-1581
5453
201
-8324
-3483
-7541
7903
3580
-3207
4731
9037
3441
-635
-3733
-3840
4189
-8231
6637
3522
-680
-286
-8258
-3836
-9823
-6492
5379
9784
-4784
-5082
7579
-1811
-8413
4592
-400
753
5790
-937
4210
-7193
2224
7950
9075
7599
5551
1925
-628
-208
4523
1663
259
-889
5539
-6954
3870
5286
-9109
6605
5140
8366
9774
-9771
-1190
3901
9128
-3418
-7740
4042
7518
-948
-8443
7933
7988
4577
-1752
9284
5045
-7274
-7328
-740
4663
-5491
8041
6281
-3435
4195
1286
8654
-5652
-4118
2785
4403
-9150
-5242
3755
-908
7631
5752
-9398
9086
1970
-7372
2522
-6999
-8837
-1188
-9658
7682
-6585
4941
-2990
9372
909
-2138
-5201
-3071
-7988
-5966
1759
-6002
-5483
-2211
2011
-5318
5098
-5103
-5373
668
-7939
5143
-9632
-3994
1994
-586
400
-2928
-7312
-7721
4683
-3484
3060
-4120
7994
-810
7395
-4447
-8833
5877
-1573
1751
9017
6761
4374
8720
5222
-3017
1183
4236
8874
9099
9594
-2998
-1602
9884
3854
-5619
-2401
3395
1156
3346
-1663
7354
-733
6293
-1695
-6763
7595
2274
-158
4174
7023
4348
-2801
-3292
-5426
-6436
2860
-1917
7433
9181
7004
-9560
-6851
1875
-5647
-6217
-7422
-8347
4408
9095
-2361
-7004
-4798
-6620
-1757
-7007
-4174
-5567
-379
-9937
-8953
-6875
9299
9126
-7351
-8415
37
-5667
8520
4113
-909
9120
1182
5262
1245
-3880
-8723
3027
836
6345
-7301
9681
9714
8938
9063
-708
4897
5539
-5677
2259
8884
5811
4078
8312
-507
-2520
5992
-5844
3460
-1491
3526
8737
-8773
-8413
-6118
-5724
-5809
3671
-7838
-9829
8823
2087
-4522
4753
7472
-9410
-8837
2774
34
-4965
9660
6691
3427
-4100
8239
-1725
6500
-5418
3231
-8165
-8702
387
4318
-4849
-7339
147
-8689
7506
7063
-4285
4062
2504
-1536
4972
1474
-1593
2546
-6761
-4388
-2329
6353
6529
-4762
-6760
9323
-9041
-3353
-3551
2374
924
4068
-847
4694
-6599
-556
8766
-4976
-4231
4808
-9264
3955
6792
7549
3488
-1672
-8139
4725
-8888
-8702
6545
-3132
3916
-2574
-9964
5684
9716
8730
-4446
-6611
4751
8613
9554
-7245
-3101
1730
-4032
-8527
-9294
-3130
8576
6344
-3641
-1793
1223
9242
8523
-2886
5016
9374
-6382
1370
-2277
8892
-3428
-7747
1298
-5382
1495
-6773
-8727
7468
1100
2913
-8146
7667
6038
3586
7420
7403
3484
-8721
6047
4283
-6551
8362
-8297
-3000
-8884
-9760
-7394
-1706
6349
-7690
-4093
7590
-7043
-3913
-3268
-5257
3133
7505
1766
-9550
-2043
7930
91
-3023
4867
-1418
-9872
-2352
-7928
-2535
-8455
1370
7901
-3097
-5628
1995
8950
-3178
-9721
4281
5840
-4359
7
2718
-2225
-3865
-8349
-742
344
-2830
964
-4857
5643
-471
8088
238
-2430
6144
-5701
-117
-6854
2327
-4491
3972
-4424
934
4924
8842
-3694
-7534
-5030
-3322
-7320
2063
1074
709
-7328
-1972
7036
8465
-4909
-9696
1560
-3555
-8509
2292
2700
7303
9998
-4870
-2247
-4442
8845
8293
6275
-3250
-9901
-6178
-619
5858
-3716
-5640
-6291
2766
-8704
3134
4864
-7860
6121
-8482
4629
5832
-4540
1251
-1214
155
259
2606
5701
-94
-4365
1999
-4385
6839
3552
-9738
-1180
6933
8278
-6775
-6138
2265
-7271
5162
414
9170
-3504
4437
-8776
821
-3716
-7322
8871
7891
2439
-3949
1293
1938
3963
-4605
787
-7729
4928
807
8315
-7191
-4693
5729
-9118
8674
-4017
6532
-4175
475
6530
3680
-8620
1361
-7856
-5722
-5773
9850
2448
6997
-7716
4864
-7401
9213
-1961
-1994
-4958
-8791
3719
-863
7313
-111
-9955
3618
4810
-329
5186
9401
-6775
2080
683
6154
-9611
-3080
7959
-1915
8805
7848
3145
-62
5941
5792
3256
-3239
-7763
6541
-4237
-7980
2982
8623
2550
9609
4976
3838
9652
3857
-3544
1369
-360
4463
-4387
9635
-7340
3047
2382
-502
8221
8962
8930
5068
-309
8916
6441
4359
-409
-2806
7029
9475
7124
-3275
-6934
-453
11
-1112
1645
-9122
-3856
1372
-601
-7430
-3258
5334
-3851
1141
6636
-6783
-1449
4703
-9609
-8031
-8971
8635
-2762
3031
-1592
7056
3866
-7326
7051
7457
-9337
-4737
3917
9565
-8872
7277
6668
5784
7224
298
-1454
3205
306
6107
8227
-7246
-5071
-4096
-6815
9533
4424
1330
-7677
-7758
9272
-8660
5108
-1801
-2454
-1734
6984
-2376
5020
4289
9421
9818
7715
-4851
1250
-2626
1827
3957
-9072
2558
-9164
-4213
1525
5442
-8184
8475
1764
-4805
-6193
-4762
2906
-6344
-7595
-2077
6772
4864
-5067
-6584
-102
4702
1128
-1008
4667
8560
-4534
3642
9916
8927
182
3389
-777
3123
-9867
-2667
-848
2466
-1704
-4834
-7342
-9292
-9827
-7888
-6355
6790
8326
3497
2066
-4409
258
-8494
3870
3095
-1021
-6515
4701
6835
-5892
293
-8640
-6516
-8676
197
2482
-1181
8636
-3682
4222
-8340
-8706
3245
7058
-4243
-1112
6594
5461
4361
-7749
-1089
8142
7813
4064
7737
1497
9223
-3770
-2853
1092
-1756
7799
9216
9251
-3428
5484
-729
-9338
-6916
9452
-3460
-2665
-8265
-4979
-6940
-5005
-2678
-995
1550
-7440
5187
-7138
-258
7266
-1357
5188
6277
-6206
6081
7412
-1157
8109
-5110
4295
-701
-3493
-2948
7938
-3764
6847
6952
-8311
4198
8039
-4538
-6835
8317
4057
7547
9934
-2894
3806
-1222
-1509
-4215
792
-7986
-9946
-632
-8056
9476
-6744
-1895
-4459
-3144
6962
-4209
-9123
5225
2837
-8180
-6593
2149
-2526
7437
-9411
1474
-6116
-9555
7351
-134
-3980
-5275
-6428
-5837
-7998
5847
-4644
747
-2743
1285
6036
1497
-3977
-5119
1592
6333
-3255
7799
-7098
9917
-4626
3198
2223
-2232
-9552
-2500
-878
-6560
-4705
2839
-2303
-7918
-9022
2195
-8748
-8153
-9994
6508
-3260
-2696
4479
7385
438
-6125
-8912
484
1662
1425
2405
-4828
-5955
5980
-6419
-1875
71
-7332
2763
5929
4962
9464
1617
1144
8536
-3674
9750
-7321
-7790
-5047
7740
-2979
9817
5176
116
-3767
-4115
-6081
2059
2405
-6728
-8373
-2396
2596
-3336
-2017
7092
-3742
5187
6122
6926
-6769
2584
6320
4334
-8838
-873
3622
7988
6325
335
3629
-1061
3558
-3439
-8958
-9398
7459
-3832
-9953
6604
450
-5974
95
2280
-2792
-7312
2683
-1064
-5412
-5884
-4324
-9138
955
6826
8798
6060
-6018
8588
-8367
-4152
-6161
-7045
5565
-9687
2128
-3868
-5456
-6459
-7042
-2301
-3683
473
3770
1588
-3539
-1890
-7008
-8043
-9352
1936
438
6290
-131
-4865
-9463
-8583
-4699
-9597
-8339
-276
-8091
4260
8027
8171
252
2920
4892
-6130
6253
8980
7826
4318
-204
-9226
-8038
1694
5047
-978
763
3281
-1915
-7318
7328
-867
-4605
-5749
1803
-1024
-6474
221
-8933
5909
-7565
-272
-5614
-2896
-8263
1188
-6780
3074
4118
3406
8932
-5331
-324
-2743
4158
3121
93
-1276
1038
-2032
6979
-2107
3069
390
4291
-2767
9067
-504
6192
1846
-5376
-8647
204
2093
-432
-4074
-8053
-544
7908
-260
-5990
552
6673
8121
9962
-4828
9738
4724
-2806
-9662
5908
8790
8529
-1137
-1176
-679
3678
-7153
8001
2412
6309
-75
-2012
-8537
-8567
-9608
-8408
5201
7216
-1270
-1984
-6906
-5893
-1283
1705
3177
9380
9019
7418
-4948
-6784
4520
-2015
-1058
8315
3292
647
-9935
-4579
2698
5753
9494
-788
4608
-2026
72
8492
1829
510
-834
-8650
-4072
-3666
6772
-4601
9205
3093
619
-5383
-5188
-8358
3500
-2464
-9284
407
-9
-3605
-6910
-2491
7216
-8500
-9174
4960
-7321
7636
-6606
-1753
-203
-3167
3920
-89
4846
6793
8905
-6779
-2634
5112
-6879
1849
6743
8283
3265
-5286
-4460
-4470
-8273
-7876
-5476
-9014
5449
5169
9698
7369
2821
550
-5442
9262
-5206
-7517
-7430
1885
-8570
3691
9316
5883
2930
-9926
8170
-3646
-2882
-414
-6185
4590
-8431
-1263
-5789
5810
1224
-2615
-6588
-1400
-1902
4438
-8894
-3213
6324
-7074
-4420
3959
-2969
6650
-5431
6522
-5928
-3020
-3280
-5636
5537
-3530
1127
7071
-6890
5165
2087
2340
2576
7777
-7085
6957
-3198
-7330
6599
-8030
-5301
-4970
-1400
7453
2052
-3055
-927
3332
8999
8100
6314
-3200
2121
-8753
-9675
1395
-9835
2006
665
-3624
634
2836
-476
-4807
-8336
-5961
1321
-2132
-3114
9235
-5123
8008
7929
-6106
6191
-5834
4237
-9513
-2095
1761
7003
673
-1177
-1580
-6550
-6772
8221
-7392
9952
-3276
865
-9158
2870
-3137
-7127
8225
-4133
-6631
2943
-1835
1694
-8787
571
-3489
-4204
8081
-2222
-3267
-4138
-9280
2470
-1919
-2626
7499
8425
-6107
-3635
7140
-2257
419
2171
4586
6319
4902
5487
6799
4133
-7869
-5219
4132
-9197
7094
4358
-5965
-3133
7867
-5359
693
-9243
473
-1732
-1077
6881
-1637
-9726
-2735
32
-8165
4848
-8640
-8715
6892
-1686
-2301
-6745
1306
4931
6728
5042
-6456
-4389
-2885
-8856
8551
8385
6521
657
8550
-8567
-5764
-662
1883
-7289
7672
7654
-8414
7909
-436
-4654
-75
3308
-6664
-4082
-7629
7838
5143
5016
-8179
-3393
-7278
-5845
-7166
-2913
7661
-1311
4479
-2971
4675
8007
-9796
-6815
-7840
-276
-6817
-4928
3258
-4339
-668
-5600
-8190
8452
-3409
-3047
-1933
5701
-3926
-2833
-5025
-9160
-9309
-4339
9231
-3359
2498
-9624
-7117
-1244
-2020
9756
1775
-2955
-6544
-4931
4347
1384
3747
-6089
918
-3094
-4631
8857
3356
6876
-3626
3767
-4403
-5614
8995
5978
-6049
-1487
-7321
-6380
-2638
3874
6245
-3768
-2576
7327
3689
-514
2911
6868
-1886
-7132
-8127
-2635
9736
-9137
6791
3640
-3294
5404
7483
2571
8962
5929
-7016
1075
-7277
-3610
-8618
371
-8783
-6787
-4774
2622
3953
4597
-2712
-4010
5509
-5358
-5278
-2305
-6054
9029
-6561
5174
6629
-1044
8239
1860
6797
-5093
-9722
-7900
-2593
3525
101
-7130
115
4705
2198
-5841
2530
6167
8610
6833
-6009
-5377
8559
7337
-8185
-5322
9763
7904
4911
-5341
-4723
-977
9294
8908
7852
-8943
-5424
5408
6727
4038
2192
1772
-4111
-4699
-3257
-2207
6725
473
-1663
2698
-339
-4384
-1301
-7666
5187
-997
5343
1511
-4877
6214
5721
9144
-1767
2819
-58
-3507
1044
-5377
6261
-5198
5285
943
4165
-8959
-9527
-9683
7369
-1516
9957
-508
-242
-5844
-9605
-9
7105
-5011
9619
-5017
1247
-443
-2103
6596
2460
-7001
-4258
9012
-5550
1606
-3182
-8271
-5785
6485
280
-6727
-2751
-6302
-4995
-3740
-1353
3474
-162
-5088
3217
422
-510
4455
-9412
3783
2937
1677
3240
4352
2768
6337
-1685
6704
-9576
-4374
-3171
-7543
-9781
-6005
4019
-8207
-3494
-2327
-2958
-8221
-3180
-4990
-8078
-4966
5231
5385
-2178
3500
9796
6254
9562
3561
-7313
-117
7174
2378
8174
4753
-1995
4406
-5148
-7956
1720
765
1770
-2840
3681
-4983
9638
-5265
9957
-6895
9270
8357
-7585
685
-4743
-245
-5844
908
8756
-3075
-3452
-8017
1878
-1676
-5222
-4632
4686
5364
-8100
-2332
-9094
-2663
2992
1666
-2906
2498
9958
-2354
-9339
3163
-9083
-7631
7991
-9427
9626
-2364
2294
-7845
-4055
9213
3742
2369
-4641
7271
4233
-2942
-1984
330
-4275
-7087
-388
5724
-6777
8087
7404
-2970
-5423
9192
8478
-1344
-8146
-4757
4222
-5819
-498
2850
2194
-963
-4450
6172
-8933
-8494
8949
-8715
-7867
-7122
-4263
6755
-5704
-6065
-9137
-5379
-6211
7814
-5831
3849
5460
-9620
-2871
6130
-7264
5010
8092
9487
-4054
5052
7118
5558
-9396
-1841
-2012
-7607
9402
8543
-8678
8048
8254
-6280
8031
5471
3112
4781
7749
1311
9268
3889
4863
-9463
7939
7153
6887
-8159
-8734
-9873
-2243
-874
6942
-734
4646
3549
47
-4841
-5260
8050
-8465
2596
4805
1870
-3118
-9977
-1981
5697
-5257
6558
9973
5463
-8768
-774
-5807
3526
3612
-231
352
-7884
-9490
6282
-3419
2785
-9570
-2991
-6626
-8831
-1100
8475
6342
-5606
-8233
-9391
5913
-8624
5612
1475
6259
3127
4716
4530
-8544
1812
5336
4670
-6836
373
5644
9398
-7975
-7150
-5721
3818
-4391
7398
8781
-874
-3560
-4280
4187
100
-553
-8206
-1144
-1421
398
4969
2122
-2775
-7415
8860
-558
9028
-4744
3276
-91
-1914
-796
3389
-6108
1962
4816
6745
-5721
6642
-4397
-9391
6017
2545
3257
-3132
423
-4594
-4297
-2361
4092
-4972
1615
-3178
-6848
4417
-9378
-2485
-865
-2250
-9729
347
-9126
-2683
3506
-9353
3183
109
7849
5517
-631
495
7873
3801
-9695
4887
-4252
-6301
4105
3387
2993
9978
3860
-5122
6303
4639
-9347
3609
-8827
-6124
-6153
-4287
8784
-3833
-6064
-781
5850
-9554
3553
-169
5334
6398
5175
7502
-3645
3077
-894
6510
-9185
-7007
-1198
-2095
-7497
9462
9743
8059
7499
-2455
-5937
2330
7817
4577
2382
-161
8241
-2375
4866
4738
6401
7068
-4501
4612
1652
-2624
-4380
-2250
-7374
2297
346
9654
2974
9147
-4881
-6885
-7766
4536
7246
8392
-8792
-2774
-5498
1181
-8604
1577
6900
-7741
-1901
-5158
-5339
-7191
1609
4368
-2189
-7337
1284
-1082
7520
2788
3054
1449
-5179
7098
7515
4779
-1314
422
-2004
-5571
109
2921
9910
5315
2603
164
5059
-73
-8959
-3931
8511
5667
-9046
-9503
5607
-5846
718
-2178
-8852
-8026
-790
3021
5241
-3126
886
1667
-3218
-5425
-5409
347
-4373
559
2808
-274
-134
-3935
2793
376
3789
-5071
5943
9710
2865
-6
843
-180
-9539
-8769
304
5406
5795
-3285
6436
-2104
-8113
6792
2850
4148
-2936
-3798
-8155
4098
7072
-5509
-5137
-2553
-2313
6872
1789
7323
9130
3410
1070
-9565
-5895
8662
-2783
-4878
-1774
-2109
9621
5526
-1516
6156
-3207
8660
9958
9935
-640
6076
5383
1957
-4615
-6763
675
-6998
-480
-1227
-4860
4630
8573
-5609
-5250
5868
2416
-8109
8547
6110
-226
1926
-2448
5771
-8261
4013
6636
-6370
9185
-9766
9213
-7206
-5206
-1091
5250
-8511
-2608
4533
4442
-6053
-5742
-8084
-6296
3312
7777
-1709
1495
5123
2648
7487
8434
9669
1694
7628
3635
2133
-8110
-1137
514
848
-6214
639
6920
4375
-2717
7523
5450
-4736
2304
9206
-9413
-6604
-7506
19
-1438
-8869
-702
-5802
-2483
3979
-2612
-8590
7489
2923
8678
9668
9905
2565
-860
-4099
-554
2350
6963
7183
-4801
683
3201
-3468
9068
2658
5008
-5064
4896
-8828
7
-6512
1864
-4820
619
6376
-4490
7338
-5498
-9890
2085
2301
-8832
-6440
9991
1645
8701
-6517
-3008
-8948
9666
9991
-7754
-4260
858
5944
8470
-8865
-3636
6477
-9262
434
1404
-2960
1612
-6149
-3364
-6635
6061
-1379
7312
4970
-5665
3053
-6518
-2431
-9317
9776
-1088
-7519
3143
-9689
-5651
5697
-5119
-6181
-3286
2363
-4771
7051
8414
-8028
8157
8828
9216
-9266
6444
-9367
321
-7718
-3580
-5019
-8914
6271
-4651
9322
9902
2584
7403
-7600
-5675
-9446
4910
5804
3059
-2825
2784
9867
6626
9323
3554
877
-1935
4545
-3035
8851
7769
-2985
-925
8900
8193
-6236
-3530
7370
1785
7231
9834
4140
-8118
6757
2516
-931
-387
-6677
4155
-3158
-8152
-4511
5049
2562
3798
7433
4726
2509
1953
-9807
7207
9832
-3744
5547
7188
-1322
-4065
4102
-9459
-5014
-9355
-6740
-8973
944
-7169
6675
-8062
7147
4748
-4282
-782
-6515
2502
576
8262
8467
8431
-8630
-5663
3293
-4558
9190
898
-907
-4682
5002
-6936
-3725
-5060
7482
-9848
8000
296
1017
-691
891
-7582
9602
-4245
320
4314
-2190
9109
-6879
9404
-6867
4133
6875
-3953
-1571
-2296
-1480
6554
8180
5926
-500
7646
-3065
8188
8483
-694
-7175
-3436
2300
-1724
1021
2602
-6468
-2797
-5649
8101
5510
2486
-4310
-8671
-3143
1565
-9080
-4912
9809
-4004
-1769
-3989
9272
1354
8484
-5827
6058
-3280
1032
2003
-1605
2190
-3345
-3999
-8971
7639
-1520
-9163
-9040
798
911
6043
4575
2945
8574
4384
1047
2671
1570
-6424
2027
2554
4645
-4592
3716
6222
-1198
-7999
-2269
-2147
9620
-4740
8478
-1439
4148
-6312
1101
-47
5663
-1363
1675
-9766
-8627
-7382
-8566
9324
631
-3806
333
5544
6583
2478
272
4637
6802
-8358
3512
5408
8663
-8010
7783
-7434
-962
-1115
-5484
1292
-8936
3775
-5869
-6654
-3649
-7160
-6591
-2470
-8804
5715
-6654
-1099
-943
-5094
-6495
4044
5560
3236
8435
539
-5768
3604
2129
9835
7930
-2915
-8762
5301
-4360
3734
5958
3455
-7144
-734
-4560
-6489
-477
9774
-5081
7480
-1992
8853
-5708
1240
-2648
-713
9361
9033
-8546
7197
-8922
-6923
-1827
5144
-4413
8855
4502
1018
1454
-5101
-8802
-7273
2662
-5759
8930
-7488
5193
-822
1225
-4371
-7375
-5399
7699
-9585
2484
4125
287
7662
2268
1148
-3181
-9288
8059
6512
6847
8153
525
1105
-6646
-4165
-1686
6136
-1104
-6995
8066
-2896
9522
6087
5865
9090
7598
9651
3992
-9354
1400
4529
853
-4215
3830
2647
5821
9947
8007
-9088
-8719
3241
3792
-3508
-513
-9520
-9455
1759
7679
8517
7889
5
-4205
-8994
5786
-9859
-5116
-4720
-6107
-7128
-9299
-3332
-4591
-5406
-6083
-8519
3573
-5204
2614
-9244
-580
7415
8458
7609
-9616
346
-4079
-3579
-5610
-5671
9595
-4216
6218
-7191
6915
-9273
-5588
3801
-3619
-2536
4301
5233
4524
-5969
-7134
4301
-113
-6204
3047
8319
6995
-3775
8536
-748
-9176
7220
-7201
6203
-358
-2579
6205
8904
9409
-155
4382
2269
-9550
8829
-904
5044
3166
-9495
-2854
-1773
-9090
-7609
-327
-7575
8336
-5870
-7273
9321
6495
2882
-4747
6199
8971
-8992
-3370
2285
1746
1913
-3802
772
5604
6158
6552
-6754
5839
-516
7239
-4895
-5365
-7727
5292
8386
-3254
-4517
-9206
154
5841
1526
7472
6991
4174
4554
-1015
5989
-5641
-1611
-363
-1664
3904
-4462
157
1549
1165
6374
333
7303
1072
-5779
-3077
3503
5559
-2383
805
1609
8704
-2415
2906
5693
-2175
-5205
-7723
3034
2385
3546
-9587
-6967
8421
-7252
-5792
9341
-9747
7705
3901
2738
-2320
4207
376
-6519
-6531
9087
4767
-9884
-5484
-3887
9471
441
716
-4837
-2034
274
7651
-7085
-5566
4078
1914
-5073
8447
-1151
8622
3383
2717
5826
-1446
9649
7189
216
6156
6663
-3592
-3938
-621
-5694
7588
2240
-9552
-1586
2246
-670
5904
1156
-9776
5485
8585
3069
-1309
-6938
-3350
7822
7383
4857
-9724
-3448
-3393
-3981
45
-2178
588
8868
-9344
-6514
2008
1778
6348
-8923
9766
-7304
2599
9833
9725
-157
-1779
-4017
-1643
-2106
3571
-7214
7183
-941
4702
-6211
-2249
-4852
7029
-2177
-9968
4745
3351
6113
-8286
-1189
2995
-9384
4599
7408
-420
9158
9142
8763
-8062
-2952
-6822
9395
7974
-696
-5743
-3800
794
1409
-6087
-9895
3254
4344
-6791
-946
-7046
1823
-100
7227
7624
-7297
9387
-2251
3580
-8291
-92
3500
8870
-1851
-8252
-8575
5273
7166
1405
-995
6680
1960
-8080
-5072
4712
-2211
3118
6405
1913
-559
-1489
545
-2242
-4507
9531
-3143
7414
2885
-1617
-1517
-6567
-623
-905
7636
990
-409
5605
-2599
-1868
3686
6299
5958
1110
-2832
2623
-1507
1469
5206
-1320
-8096
-4605
446
9921
-3169
2763
5317
2655
-5906
7715
-3114
6263
-7814
5856
3375
1487
5677
-6243
-9797
-8317
1992
9925
1562
7166
1928
6388
-8878
-3095
-8709
-185
-1651
-7489
7613
8989
-9399
5352
4220
-6099
-6556
-3984
8062
-9319
7603
-2092
-5127
3168
-1056
5659
3049
5994
-8357
1915
-4342
3033
1491
3497
-5545
-3450
-4166
2956
-1187
5195
2556
-6454
3623
4242
9489
4339
-4288
8766
-4539
-3131
-6359
1377
1127
-4326
-4139
1245
-6056
-5339
5715
-3635
5029
5194
8709
-2808
1496
5083
4686
-3549
9645
-8277
4560
2954
4345
2426
7517
-3070
1593
-5072
-4857
521
5183
-7556
-2741
-4920
-9758
1143
9596
1113
-145
3061
-8853
-8798
-2764
-3934
411
-5759
3157
-8548
9059
-2359
-6442
360
7556
-1960
-1339
9012
-2631
-93
4019
-1612
8090
6241
9352
3618
-7659
5423
-6398
-5059
-2644
-6193
-3039
-4008
-629
-4370
6987
-4403
-7972
-9653
639
-7758
-2064
-3825
-4148
7483
531
2844
8118
2140
2533
-4691
6103
2567
4631
-4739
-2909
8372
-4993
1846
4752
5049
-3338
9722
2237
-2444
-6096
9520
-1532
-9045
6634
-5595
9000
8927
-4548
-7505
351
-2158
7499
-3100
6118
-5025
-3636
-2716
3652
3655
-1695
-7861
-4200
-5269
-870
4390
3637
-8822
1397
-2853
4913
364
-1596
5290
-3382
-5719
4294
782
944
1651
-5845
955
6927
-7572
-1297
9840
-8211
4584
4361
-3356
406
9685
-3826
-4534
6313
-4604
-8327
-6510
-1729
-5194
-8827
7566
-5809
-196
-7316
5905
-8120
-7457
-2732
-7071
-4012
-5677
7851
-2179
2637
-3740
9274
-1456
4946
2210
-7374
-1371
3506
-167
4563
2242
1303
-4714
5340
5942
-7711
7559
2514
-3059
1218
8121
-3612
-2807
9107
6264
3293
-2955
450
6633
9275
-4056
-6755
1565
-9221
-3536
-3386
-816
-7276
-4083
-1512
-2757
-1148
6898
1807
-2949
8062
1367
2150
-7958
-4051
2692
3420
8652
-3526
7288
9145
1633
6468
-1831
3866
-4000
2711
-3421
-5399
-6092
7197
-2079
-2630
9410
9590
-8648
3874
-5582
-2203
-3467
-4786
8232
9891
9813
-113
-7263
9432
-3467
-8604
6424
798
6351
-3006
-225
7863
4061
8943
-9214
-4532
6266
7835
4115
7874
-9154
8040
-1901
7720
-675
-8002
-3096
2792
178
6066
-8274
-6633
463
1632
8130
1267
3358
7663
5648
-9183
-1956
-4727
2109
-5206
-8367
-2789
-6809
-5056
-7295
1967
-9994
-1325
-4324
3479
7102
6354
-9795
-7537
3940
-3994
6738
-5803
-4760
-3520
107
1535
6051
-2116
6558
5474
327
9154
4318
-9288
5540
5499
8211
-7717
4152
2781
640
-2205
774
-4017
5307
5294
-8706
-5825
4094
5231
4486
-7282
397
4591
7098
-711
-1299
-6892
676
-5716
-3571
2454
3080
4809
-9776
-8707
-7504
-5391
-7883
5548
8356
-7436
-4
-7965
-2382
-6776
-6423
5622
2153
3983
7998
-5759
8673
-3453
7937
-6974
-4011
4983
-4237
8372
-2951
-6044
9216
-6278
9564
-2480
2006
9031
-622
6477
-8426
-3569
918
-7158
-4236
9196
4094
-8202
2332
4911
2846
8947
-4605
-8477
873
-8044
-5461
-1103
-312
-2568
-7378
1734
2726
-4518
-1249
6105
4664
-7662
-2151
2568
9444
7853
3091
3889
7320
-9823
8760
-2573
-4205
8986
-5538
-8459
2150
-2806
3454
-4204
7822
2558
6038
1340
-5493
-1741
8271
-3823
7939
1331
4028
6489
2733
-3178
-5581
-772
8570
-6491
5432
-5947
-7924
7619
-2207
-9589
-8067
-6195
7290
-8036
-869
-3146
-7879
9924
1896
-5604
-310
7160
-6161
-8741
9204
-9649
1924
-6941
8912
-8243
-1109
9623
7584
3620
9906
-706
9639
3763
720
5340
3917
-7117
529
9044
8500
-9403
-1197
6613
4333
-8107
5367
-9094
-6430
-1392
-42
4500
6205
9220
-6972
101
7404
-6158
-7740
-1317
-2429
-629
-2822
-1859
-895
324
1133
-4375
-7245
-5621
-6161
-2283
5468
-7354
-5261
-2819
-2110
-2786
-1143
-7653
-8065
9976
2135
3000
-7259
4378
-421
-3510
2328
1344
-8683
-6751
-126
-690
8389
6345
7381
4643
-7502
9899
-5450
2521
-1875
1759
433
-9855
-3964
2106
7890
6747
-1737
-9980
-4770
-7572
3236
-5043
-9441
-8282
8133
5443
-2071
4726
-6674
5571
7352
-6080
8082
5007
7419
-9683
6877
-5263
-6785
8964
2593
-4749
-7141
9444
-3479
1219
9070
7621
6261
-7187
-1388
2154
8893
4688
8321
5368
-7040
4373
4130
-2082
-2177
1365
-3397
678
7956
3255
-6380
1817
4839
2148
2492
8727
-2584
-9274
1874
4119
-2056
-1577
-7612
-2452
-4029
-2475
-7864
-4709
5262
6608
2813
4969
-2417
5513
7459
1461
-953
-7969
288
-4830
117
1116
7913
-7118
-7187
-3367
-4292
-4943
7806
-243
-4197
3926
-6594
-4184
-8831
-4447
5622
7955
1374
-8910
2327
649
-6346
-2803
9383
8741
-1169
-5279
-7577
7818
-8869
3406
3438
2059
-1703
2197
-2850
-6021
-1949
-8215
5571
1043
-9197
-908
6909
4857
8709
-4832
935
-3187
6131
-2469
-7266
7016
-4502
-8367
-9540
6025
-2308
-6531
2851
-7162
7469
8509
696
-7682
-3755
389
-4304
3039
-4519
9084
633
1109
-5912
-2563
-4784
4575
-1171
4751
929
8573
-1754
6298
-5942
7818
-231
1925
6499
-3913
-8797
-6638
-2205
9780
-634
-2631
6191
-3661
1092
-9688
830
5185
-5067
9641
-2519
-5747
-966
9687
5929
-6198
8499
5055
6164
3773
-7166
-5524
884
-3719
4721
3105
8904
-5633
9535
-8947
-1348
574
7366
-379
5903
3349
7776
689
6260
-2407
-1079
826
-4064
7761
-1119
4054
8213
-2676
-9710
-4055
-4721
4025
753
-7050
-9773
5714
-6486
239
7598
3451
7878
-5191
3012
9184
5160
9323
2383
-2719
-222
-8800
-4455
-3417
-3163
7061
-499
2871
1986
7522
9978
7344
279
5514
8135
-2827
5006
-3186
-6782
4756
2632
-4498
1555
8542
3969
-7881
-1123
-9810
3531
-1969
-5490
6455
8018
3166
-5764
-9372
-1531
8370
-9079
-8588
-1494
1177
2486
2051
563
-3199
3148
-63
1720
8747
6862
6363
3610
3320
-8227
-9566
5009
-5917
2335
583
3745
6444
2730
-2792
-3448
753
7193
8030
-5403
9380
6605
5272
7394
-7075
8593
-3080
4243
5358
3369
6928
-5954
-8772
6432
-4921
-2535
8881
-6604
-4031
-6580
3503
9824
9545
8493
3677
249
-1684
-322
3425
9862
5704
3742
-8409
8520
9266
5513
7985
-1847
-9749
-6371
9209
5470
939
7725
-9759
775
-5487
-2935
-2507
3197
-3615
7388
1216
9677
6175
2405
-2273
-9086
8147
-7649
-8870
8695
-1880
4651
-3056
6642
-6782
-7441
8587
7289
8286
-6136
7255
-9194
-7367
-2525
-5211
-2873
1691
5291
3612
-5109
-7476
8425
-9793
4043
-7780
6446
9127
6463
-9310
-1621
-7937
7173
9469
-6122
-7875
-1919
3952
2594
-2030
7511
-2233
-7481
-8797
9190
-9592
-7244
-2758
-2674
6279
8592
-7787
1584
2680
662
2947
-9282
-1457
-6066
-1699
-8650
7427
5751
8465
-842
-71
-2014
2075
3448
8879
7160
1875
-2126
-3335
-1002
-970
968
5148
-4027
-3927
4008
-1810
5811
305
7509
7078
5142
-2559
-4913
4743
-1773
-3209
4109
7985
-8405
6637
3316
-1271
1327
9346
3072
1655
9164
1933
3786
8601
-4672
7983
3391
3159
-8112
-3209
9389
-678
-9639
-2151
-3464
-7277
7240
-8400
-4256
6426
-6966
5023
-7174
8326
7
-3740
-4682
1563
-2186
8792
-3625
-2131
348
-8520
-2902
1328
-4462
-7596
5977
3088
9963
7526
-9614
-4779
-3844
-4319
-612
6296
9561
-7987
4813
-5085
-5582
3352
-4881
-6843
7256
7086
-6994
-8779
-9825
-6707
-4366
8108
5398
9250
3205
2193
-5299
-3021
-1237
1690
2859
3108
4893
2275
-1138
-5992
-7756
-8862
-1912
4831
9705
-2936
-9068
-4845
5346
-8035
-7909
9361
3328
5586
7694
259
-396
-134
-1015
-8359
6201
-8890
9266
829
-3960
-8598
2467
9276
-1439
-5890
9663
7301
-961
448
3544
-141
-4144
-416
-1790
5967
9998
-7836
-8055
3324
-2471
7646
-9782
-7504
-221
-3558
5151
-7639
-8443
-9589
-658
-6694
-6466
6932
9396
-9958
-2007
8361
-3023
-7373
-9228
-8030
-8663
8128
-1902
-9993
-3012
4352
-4881
1587
518
8075
9035
6840
5483
-9667
-8703
-6151
485
3118
-9762
-6621
8779
-5404
-8315
6936
-2773
9484
-7733
5012
-1151
7801
-9444
-5373
-1514
361
-3758
7798
7443
1301
-5611
-7960
-3313
7095
2328
-824
-1962
-1561
-4222
-9546
1189
519
-1119
4120
-9927
-5360
4953
1236
-9402
-1278
-9740
-3171
-7007
4123
5544
1269
863
-1718
-5141
-7901
1119
5079
210
4633
9609
3125
-5099
-3366
3219
7744
8801
-1363
5086
-5574
4813
-8520
9993
1990
8111
3751
-6808
674
-7548
-1975
9806
7507
8491
-7941
697
-7194
4474
-8097
-3384
-3581
-7349
-2766
-4396
-5538
-3666
-2482
4764
8299
-7743
1953
-5838
3758
-4753
5012
-2040
-2146
-5192
2865
-746
-8409
7210
-9679
3751
1375
5419
1777
2397
8023
-180
2021
-525
275
2015
-6289
6919
-2009
1392
6167
1090
5922
-3404
-7390
807
9690
-3001
4776
-2181
-5235
2062
-9731
107
4694
-1148
-2195
540
-348
-6591
5138
4219
-5991
7176
6046
-1251
76
9882
-8333
-3412
-8885
-9055
-3337
335
-7379
-2144
5080
-7150
-3254
9825
-8868
5662
392
6863
-782
252
-4253
-989
7313
-5454
-8103
-145
-6904
-6924
7037
-2007
-6863
5021
1262
1217
-2283
-9077
-7174
-870
-7807
6577
-1770
-1027
-4800
-5219
-2841
-4177
9552
2042
140
-1827
4795
-1747
3458
-5347
-6354
-2681
-1504
-2419
4340
6510
-5192
-7637
3012
-4561
-7259
675
93
-3482
-295
3785
-6339
8263
-5408
-7187
3463
1834
-9551
-4894
9689
-9610
5071
1007
-8891
-451
-9086
-237
9159
-4682
2244
-6330
7372
9452
5860
2758
-3235
-7002
-2485
-4687
-9660
4608
-1386
6231
4511
6661
1286
-9077
-5661
2745
640
-234
-5344
5231
1986
-2160
-9962
9889
2768
-431
2329
7608
818
-9090
2475
8558
-4977
-1796
3073
-8095
62
-6042
864
-4672
-7965
-7829
-204
-798
2568
-6905
6765
-1796
-3489
8557
8948
-5539
-8282
2797
-4402
8050
735
6051
7345
-411
6998
-6079
-1858
-9128
1558
4448
2802
-5883
-5570
-6220
3377
-5566
-300
9226
-7425
1114
1039
3073
8064
4921
-9381
4672
-2601
-6628
13
8943
4692
-7983
-9278
8067
-330
-817
-8949
4461
-2583
3274
-2577
-5652
571
6823
-5937
8062
-1885
-8972
-3897
-9320
-4563
-1981
9929
1638
-9447
6425
-3853
2635
9526
-2454
7972
-6709
-6184
8992
-856
9218
-7531
-2273
-6640
6636
6596
-7484
6017
4243
7776
3838
-8985
4945
-4898
-6256
9697
-4511
-1044
2549
5717
-581
6878
8504
