8898
8546
3234
8579
979
-704
-4256
5291
2177
9306
-7585
7493
-4117
6948
8968
-9685
-1085
8323
5331
517
332
7849
-5836
8429
-4394
5446
-6720
-7020
-9883
-2692
9681
8326
1001
3087
7510
8569
-9267
3487
-52
2423
120
-5258
5973
5560
5924
5614
-4120
-8856
972
917
-2998
-4116
5673
9882
1113
-9344
-9897
2961
6540
-4444
-4745
-7231
2000
-4206
-735
6335
1076
6196
-6341
2398
-7154
-7654
4826
-5232
150
3831
7653
5799
4592
7269
-6555
-4664
-68
2915
9260
4070
-7198
9391
-7470
6733
114
2628
-6925
-3763
9847
-9170
-7964
6657
6980
9231
8129
3857
-1620
-8773
-7170
3332
2764
-3154
-1587
-7221
-6530
1187
-5411
-7291
2633
5947
-3477
6983
-4675
2091
895
-5500
5879
7706
702
722
-4631
3293
-2983
-6627
2210
8068
9541
1142
-6884
-2141
9910
223
-3414
-6656
-7460
-5356
-8930
-4487
1561
-2282
-8585
7967
6256
1955
-4108
9657
5073
-3496
5355
-1471
-3027
3162
6148
5561
-3015
-9504
9173
-418
6499
-6222
-4904
476
-2555
7212
9400
-5701
-7572
519
5931
8624
2754
4769
-2187
9467
-7964
9516
457
7857
8387
9679
5224
9175
-5659
6256
-5243
1235
7388
-8103
6308
1812
4571
-1425
-7922
9099
-272
-8555
-7363
-4587
5123
3047
-6000
-5835
-9367
-9792
-9238
-6352
-2858
8300
3956
2864
-8456
-8722
-9185
1149
-9043
1531
7735
-4618
-8823
-6941
4846
-2381
4570
-650
2534
-7333
-927
4345
6837
-8218
5794
-711
4769
2992
-1679
5288
-6420
4290
-5065
766
9644
-5797
-8895
6413
-6199
7590
-1154
-2359
-7765
-8271
-5351
3973
7185
9855
-9182
4485
-7969
-6859
5989
-7732
-7443
-1388
-5210
32
8528
2049
-7788
1152
-9487
613
1096
2570
-8679
-9366
-6350
-95
4678
-2927
-9614
699
9628
3872
-3527
-1249
4887
6528
736
7482
8308
-2054
-6422
-9526
-8683
-6182
-7122
4828
5184
4943
-7638
6569
-8950
-3265
7332
-8843
9714
-2209
-9296
6132
-6144
5146
-7328
-2269
-5240
11
-7155
-6091
5426
-1436
9351
-7687
1018
-4466
6301
6006
2746
-4336
-774
595
-7334
-5941
-1769
8858
1705
-4501
-8910
7426
1244
-6522
-8691
-2031
5588
2695
5235
-8079
6568
-952
8004
-6897
9265
-8653
-3503
-1543
2261
-8475
-9822
-2679
3107
3545
-8228
4294
-7062
-5702
-7534
-4804
-9333
-7703
2422
5277
-6115
-3150
1297
5435
3559
-5789
-9847
3130
-5338
1183
9227
1961
-1421
-4193
9570
5070
9586
-5082
-3210
8418
-9245
-1193
699
6804
-8206
-9653
6976
5098
9826
-951
-1851
4427
4771
405
-2012
2671
-862
8255
1356
1219
6911
-7536
4077
9254
8628
-1714
627
-9246
4074
4957
5143
-3882
-8112
-9189
-9162
4286
6769
2434
3859
-7982
5385
9616
2946
419
6744
6269
-7534
-5422
-1237
-3411
7324
2334
-3062
-6866
-1404
-1521
9377
-4940
-9259
-6738
3800
7890
4234
-2361
-7874
2787
-6888
-6188
-2059
1511
5564
-9693
-1386
2357
-4969
-8232
-2990
-7293
-442
2222
4132
-6630
6703
-7169
9071
6004
-1956
2689
-3770
7305
-9133
8189
2657
915
7292
6016
3607
-389
5398
1936
9861
-3055
-6880
3291
4907
2708
-9870
3532
-1596
-1452
1895
-3521
-6784
8876
1125
-6884
2280
5862
-7653
-4420
-2110
646
4089
7093
7557
7375
-932
-7590
7616
-2277
-8145
-5006
-9898
6537
8223
6671
2489
3343
1793
-7556
-10
-2857
-8336
-4164
-7302
9972
-5732
337
5334
-832
1766
9712
-7119
-2331
4090
7190
-4278
2375
-306
2964
-6104
-332
1815
4179
-7150
9451
7482
1648
-8964
9608
-8206
-4939
-1365
4051
-6732
5322
2589
6798
-5463
-1927
2897
-5453
6400
5678
-798
3835
1722
-1713
-9659
4036
-9396
4062
-6818
9630
3363
-2543
-3885
-6136
-3611
-8894
3746
-4739
-1055
4036
-3765
1470
3676
-7052
-5671
-5574
-8634
-9159
1595
-2358
-7515
-4527
-7258
-5725
8200
-9987
-6583
-4065
1503
2660
2038
-4600
2843
4536
314
7662
5533
-6719
-3223
-7923
1685
2645
7301
2624
-9595
-8384
-8327
2038
9790
-5792
3097
3374
4672
-5097
5737
1658
3062
-2710
-9088
5765
1487
5237
-4990
8905
7461
-9064
-4120
6870
-1620
7812
-9717
-7382
6349
-4312
-472
-8525
-1960
-5545
-3199
3177
-1764
6594
-2249
-4706
-5199
3501
-5132
-375
3913
3628
6929
8895
4831
-7466
-3326
-6005
-2992
7440
-7856
-1590
-4829
1338
4976
-2213
9952
3359
7079
-214
-151
8062
-9832
2419
-2789
-6373
1591
1588
-9959
7534
524
-9992
1040
258
-8344
-4429
-8955
-5610
8209
-4337
5583
1720
1525
7405
-4776
-3226
-1303
-9395
1002
4863
8572
1667
-1248
-6295
-7953
-7428
-1063
6524
-9689
-1939
-4217
6627
3698
-5803
-8593
-5348
7802
-15
-2442
2293
1358
4249
1387
-629
4170
-5769
8077
-9490
-8423
-5537
-7211
5688
6610
8080
-1500
-6016
-5354
-2660
-8487
-8307
-9278
5082
6399
-4135
-985
2492
-8698
4783
-5703
7194
-772
-9296
4900
-2861
1686
-5664
5410
8455
-2862
1105
7235
167
-1656
5692
8719
3463
5403
-1395
-6219
-6931
-959
-3901
-216
-7457
7361
2926
-4975
5285
9798
8166
3242
-9224
1448
-4638
2843
6435
-3130
-6841
-5717
-2801
-680
-4346
-6201
2576
-9007
-7318
-7137
5212
-4407
9489
-5778
-1157
-5856
1219
-7054
3103
5326
7035
4352
7425
-951
-2304
-9710
4743
6616
-4489
-7111
-8153
-5520
-9608
751
8479
6430
4675
-6556
-2851
7813
-1611
9877
-9581
8601
-1239
7967
-8350
611
-1638
6047
-8832
-6255
4828
8676
-9798
-5280
3040
-6451
7296
-4651
-4793
241
-8729
-7471
-9208
-3636
9876
-239
-6005
-9171
-994
5011
9884
-3345
-9089
6853
3993
-369
2115
9891
8399
-3776
4053
-5406
-7692
-6734
-7043
-9376
-3526
-88
8058
-1005
-7945
6475
-3958
-7945
9721
-8366
6047
1595
1253
-9382
-5481
8232
6278
-4786
-1427
767
2561
8725
-1611
3947
4153
3948
1056
-8495
-5906
878
8912
989
-7029
7346
196
4025
406
-4400
-7815
-1852
-5051
9967
-1453
8292
8814
-3318
649
674
-3665
2550
6683
331
-9923
-9707
-1805
238
-8943
4313
-1833
-9142
-9126
-3475
-2538
-5359
5315
-3402
-9745
2570
-1099
1784
-9342
6597
3486
7081
-7023
9173
6845
3191
-7400
3160
-290
6068
-742
-7732
8646
872
-9592
3286
9198
-1215
6554
-8322
8614
9320
8573
-3977
6317
8104
248
-7800
-3207
5802
-2106
-3412
8749
2103
8006
6898
6281
-795
137
-9541
-8
-7760
-4476
3761
5237
9953
-7026
6678
-3967
5311
892
-2321
-1482
8468
-8863
7792
1764
-200
1355
-3310
-5960
-5934
-7853
4658
6882
9587
-9503
-3240
-5240
7134
-9027
-2821
4002
4302
8480
-6413
3551
-3625
-4680
-7241
6627
-1220
-9464
9035
-2731
4413
-1918
-8783
-256
6271
-6692
-7028
-8103
6617
4717
-3987
-9262
3451
-6805
-8663
1187
8833
-1521
6649
-808
-1686
-3124
5908
-8431
-7469
8042
-8811
-8529
-8326
825
-1739
9954
-4338
-8264
-1435
-6405
-8847
9819
-3903
-7960
2778
-9963
-82
-2980
-976
-4306
-6366
2409
7076
-8878
-4205
4322
-9538
7257
1997
-1845
1038
2051
-1016
-8863
-8752
9594
-8822
-8638
-2663
-6651
-8255
1076
3370
-9238
-4336
-227
8074
9121
3840
8922
5414
253
-4316
3541
7443
-5563
-8212
-6671
436
1725
6945
-8286
-9213
4797
-6867
3214
-4695
4407
8222
1466
-7631
-3468
-6266
1712
7099
-246
7086
-2203
9630
6820
6936
4843
-6509
431
-6380
-6087
-8456
9866
6390
9002
7854
2385
-7835
-6877
-6399
-4040
145
-1661
-7728
-6392
-7352
-2771
-3741
-209
-9385
-6894
4298
8032
273
-2683
-8167
-6795
-390
2262
3842
6589
252
-9298
-4223
3200
9699
-3976
-8046
-8902
5458
9582
-5659
1294
-1631
8017
1337
-6352
-2696
1678
3075
-3075
5482
1047
-4620
-7100
-4298
-7058
-6918
-2233
663
6685
-5243
8011
-9886
-5736
-9175
-9512
-8764
7458
4581
4334
-5206
-8390
-8939
-8728
-5036
4484
-854
-888
6087
9266
7337
-4157
1152
9229
4210
5710
-115
-1122
5834
4885
9533
-5773
-5546
-8480
-9182
763
-2597
5418
9103
-9291
-4423
-6341
-4601
1653
835
5998
-3835
8436
-2691
-5744
-1587
3162
-9463
5105
4989
-126
-6527
-78
-8673
-3322
-1107
-4356
-2780
5236
-3179
-7678
-2367
-140
7697
7220
-9300
-9004
2007
5602
-7942
7463
5750
216
-9245
-8086
-656
-7056
-2417
-4029
-7313
-8015
4124
8630
8076
-7729
-2613
8633
1791
2748
-1741
-1087
7993
-984
1970
-7967
2143
-2669
7451
1445
-1412
414
-4489
-3102
5697
-5802
-1992
1871
5035
7025
-9406
-4227
1009
1953
6998
3879
5385
2427
5939
-8973
-6583
-9243
-7974
7658
-4796
-346
-6732
9192
-977
-2730
3118
-1245
-6693
4447
3396
841
-7736
2483
-2711
4207
7047
2229
7149
703
-3263
-6391
-281
8592
2123
-6859
6304
-8681
8762
-4333
-8846
4685
-9116
-6138
4658
-1676
726
-7362
-9055
4282
417
-7943
-7923
-4861
461
8947
-483
-8336
9915
997
1656
5020
9609
-591
-2656
-2908
571
-6554
-724
4655
-2720
1634
8867
8370
8643
-2702
-6972
5591
-7540
-96
5281
-2157
-8617
3219
6261
-1334
-7880
2288
2050
-441
1204
-7473
7241
-4267
1662
5618
4857
2394
-3849
2871
-4621
-2690
5365
-3049
-8003
6736
8726
-8990
-5913
9903
7507
980
6111
-8308
-9894
-9382
8063
7971
-8711
8587
4412
8127
-1671
-5802
7865
3220
-9527
-9061
-6359
-5374
476
9214
4206
-3536
-8295
-3751
8423
8394
8853
4810
-5330
-1136
-4428
7619
7455
6932
-3021
5389
-5441
-8006
6440
-8307
6884
-7645
9292
2607
4631
-513
-9875
3071
-1799
5059
-5219
2052
-6213
9243
-3139
9312
4961
8377
-4095
-8883
5143
-1863
-2342
-704
3137
-2172
3530
8393
251
-6016
-6473
-4473
-3680
-599
5070
8917
3826
8652
-836
-7415
2074
1502
-9149
8266
-5820
9482
6672
-158
1529
-4403
-7701
-325
-4530
-8432
4328
7979
-2850
-2571
-5987
-2911
-9803
-3040
1372
-3612
2967
-5231
-6607
-2232
9729
545
-2739
8313
-1951
5835
-1284
8008
1034
-9076
3423
3545
-9185
-6487
4711
8942
-4610
-8765
4231
2250
-9337
7903
-6984
1843
269
-5229
2252
-7649
-6443
5511
-1788
-5052
-611
-1153
4900
7534
-1914
785
5286
7718
-4906
-1369
-3618
8354
9533
-9835
3946
-9007
-4315
-9192
9593
-296
-951
2699
-3804
1631
-9072
6534
3998
1991
-3614
-390
-3188
-6803
6657
-6872
-1270
-1488
-5115
-2798
9163
313
5093
-1677
9718
8222
8690
1060
-2627
-7537
2563
5588
-4194
9690
9468
-4070
1903
9632
-1335
38
9525
9422
-3672
-1399
976
323
2873
-1058
-3974
6907
-5267
6455
-2478
-7024
513
4994
4482
6554
7142
9901
6755
5306
781
4286
1314
749
-7998
3049
3557
9113
-6084
-9992
6003
-9911
9147
5709
6602
-7992
-8105
-9144
-7839
-2599
4241
162
1752
1459
-9708
-6683
7948
-67
-1896
8154
7443
-5528
489
-6289
9426
263
6095
9541
-3007
9594
8049
7086
7185
-5201
3294
-4754
-9348
-2615
-7803
-9378
-9935
-5370
-7911
-3984
-6560
-4990
-7319
-1760
2301
-9375
-6484
-916
3740
-6197
3349
8845
-523
2483
387
-5638
8315
5684
6334
-9318
4693
9810
-6361
-6421
-4656
8855
-6363
-9844
9576
1707
7924
3309
2823
-6685
-2789
3160
-6790
880
-8419
-6240
5780
3814
8173
4417
6993
-5059
-9838
8879
-4722
-5144
2047
8034
-1598
-732
8253
-8877
-2611
-1349
6910
6780
2558
-1483
5593
-7782
-6829
3900
6807
4520
-9394
7053
7793
-8432
5145
-5980
-5139
910
3818
7609
-7648
7377
165
6497
-3531
6560
-6482
6006
-7094
-8386
6016
-4050
1851
-8998
-552
-9094
-3859
7993
-7398
-4225
6869
1435
2836
-9947
-1795
-9266
2001
-6005
6374
-648
-5518
-8904
2343
-3404
-2674
7632
8580
4660
-4811
6741
-7821
-7831
1566
9918
4158
-4806
348
-1457
1283
2209
195
2799
2400
-9393
7380
1220
7371
8983
1057
-3713
5892
-6447
-4150
-6859
-6843
-108
-5671
-8107
-6284
-5494
-3258
9758
-3690
-8156
-8176
-1216
1872
-8438
-4031
-3316
8157
939
7615
8796
-6189
5851
-7219
-7858
-8117
-2565
-2490
7006
-2749
1560
796
-4503
-7234
-724
1505
3649
7549
7039
3053
4431
-956
8946
520
516
9916
5641
-1173
9319
-8737
-7629
2326
-8975
4492
-4995
1339
6893
8982
-1520
8624
8065
-3966
-648
905
-6315
9198
3212
-6624
8407
6522
-376
-3401
78
8270
-1395
-5600
-7872
-5120
3067
5827
-27
-8090
1355
-7328
8884
4958
-9007
1771
-3821
-7836
-5108
5183
2611
2804
-9393
-545
-4013
-5476
-9415
9784
-9463
9844
-7273
4338
-3215
5603
-6265
2674
-2617
5800
6451
-6122
-4524
8177
-9604
1041
9123
4920
-7972
1268
9126
-3998
-4202
-7044
3956
-1130
3244
1929
-7370
-47
-5242
-1918
-4519
-2219
2686
-8837
-3495
-7617
-1128
-120
663
6433
6093
-1076
5953
-6341
2962
6209
6146
-5824
-1017
-3739
-6633
9054
-7656
6769
-2726
5206
-8508
6924
-4539
-6246
-8038
5557
3870
-8817
9694
-7799
-8131
6710
609
6010
279
6576
-3839
-5876
-6377
406
-2490
76
4731
9446
-6972
-1556
4977
7210
3318
-6171
-2362
-8749
9706
-2811
-7079
5302
-472
714
2565
5421
9485
3965
-7953
5455
-355
3785
9783
8121
159
7866
3078
6175
6198
-7938
-5351
-8743
-8348
-9930
6002
-5719
-8905
-9139
-9311
2194
-6081
-2229
8980
-1123
-7624
-635
4895
-3624
1126
1617
9775
-3503
3054
-8473
-1691
-5522
8849
-4801
9234
-1851
-4714
-8751
-5088
-6876
5724
8756
-5637
7796
947
3822
5023
5897
6174
-1589
2617
6561
7118
7432
-325
7369
-5303
-992
-2604
2741
-4496
-6208
1222
-4781
8935
-4535
-9774
130
-7208
-7989
-7030
-3816
-8660
-3359
8163
-6583
1271
-6114
3169
1872
-4517
4015
8524
-3934
-593
2349
-6555
314
-1043
-4064
-3769
-7603
9781
-6634
-6550
-9092
-461
-8963
133
-8553
-1335
8952
7646
-5612
-8045
-4380
9193
218
2808
8728
605
-5108
1873
-9985
4459
2578
-2118
-8259
969
9995
4311
1793
4130
7563
-7623
7210
-3648
8752
2696
-5602
-9995
-50
-8925
-3298
-2208
8492
6316
-3299
-439
-1604
9348
1798
-9064
2131
3048
7331
8704
-631
-7781
-3316
1024
-1771
9585
1230
-8657
-57
4749
-1339
6700
237
6551
-368
514
-9255
-8989
-9561
-6868
-7558
9774
-1196
-7068
7349
1113
7611
-2718
-5281
5264
893
8346
-4030
-7821
6000
309
3058
2898
7271
-795
8166
-3572
-6627
-1910
-70
5848
-7195
-6448
-416
1678
-3935
4761
3097
6210
-94
-2441
9850
4544
-3483
-661
-7115
907
-647
-798
8103
6375
-2378
4339
5315
8599
-8846
1818
5034
5663
-359
3644
1452
-5436
6493
6340
5362
-2613
4951
-2279
410
9219
-6625
-2986
-760
2571
8833
7138
2919
9865
-4106
8957
3699
-6297
-8578
-229
7178
7329
-8013
2031
-354
-3819
-5903
-2677
5769
9741
4166
-995
123
6620
1243
-1462
463
-3681
-9422
3991
6720
6658
-1628
-9410
-1560
-1260
-2070
8377
-8545
-4790
9414
9008
-5967
7693
9546
-8644
-2914
5126
-2965
-4548
8224
9523
-3669
-1587
2032
5996
3399
-3066
2284
-3527
2141
8449
-977
-9689
4321
-8489
5422
6541
9012
1969
3518
-7694
-7388
-9552
683
-7458
9145
-969
-317
2763
2611
4980
1008
4486
-5203
3857
5591
-1406
2637
2547
5814
-2661
7340
8001
-150
-4455
-6245
6696
-9717
-8916
7553
5598
-8988
8493
4328
-9345
4569
-3941
2683
-7758
5023
8509
-5604
7530
-4004
3221
3205
7396
-3882
9823
-6122
4594
-9319
-662
1960
5504
4247
-3071
7468
-3077
1665
1164
1304
4785
-4536
-5120
4892
-8088
-9389
-6723
-1252
-3949
4797
6590
-9363
6219
-718
-7551
-4865
2560
1554
5553
3597
-4120
9298
-8925
-9733
-1485
2404
-5345
-2897
6704
9521
9890
-6255
4396
8037
3530
6669
1029
-7256
9092
1068
-1618
6475
-794
2783
-2306
2220
2167
7590
2426
-4939
4865
-8607
4091
4917
3288
3763
-8695
4636
-9747
-2558
4668
7324
-3457
6022
-5551
-5042
-1937
-2619
-5060
-2528
-1465
-1938
3057
2364
7954
-8166
6130
6674
-8708
9864
9100
-9873
7406
1888
-6674
8991
-787
-6899
992
8676
991
2766
-6472
9303
3619
1802
6491
-6680
-5965
7532
-295
8682
-4406
3416
-911
1990
9893
1991
1895
-644
2991
-9954
-3089
-6364
6401
8849
1725
701
-4704
5352
-7417
-8363
6161
-1354
-4389
-1877
-5143
-8790
-711
-8243
1913
7468
-9729
57
-7562
-6149
3730
3312
8881
9329
6645
-9537
5636
8156
-9104
2255
-1396
2546
-3007
-2194
5531
-2272
-2522
1881
-9827
2715
-5162
-1898
6891
-6879
-6236
6370
-1558
-8287
-7735
9589
7833
-6794
6998
8135
8288
7786
-3162
8288
9322
5803
-1071
4549
8097
-4938
663
8191
-7770
2281
-8008
2574
-9557
-7010
6221
-1880
-508
-8863
-1868
-5672
8353
-6791
-2607
318
7120
3512
3174
-497
-9649
7329
-1603
461
608
178
-6018
4884
-5486
-8352
5989
-3635
5077
-3893
-3731
-8166
8934
4030
1600
-2029
-4173
305
-922
5644
9936
-7930
-6602
-2340
900
-7973
8041
-3189
4425
-8957
-5911
-7727
-8315
-2195
786
7097
4331
4714
-1117
-2702
-4478
5331
-2398
773
-6179
2205
-35
2380
-7639
-5878
2896
9948
8170
9567
4987
-3489
-2474
9510
1379
5529
-9744
105
3503
-2503
-8510
6284
4532
8964
-8500
-4225
1840
9125
-9840
8013
-907
-5160
-2924
1975
-5753
9159
6511
-4423
9478
7589
-8308
-7151
-4842
5165
6320
7997
-5497
8963
39
-554
-8523
-2623
-447
2977
-4899
4742
-8666
3946
8300
8907
9407
-1037
4511
-128
3857
-6965
4784
2694
236
-6986
9946
-9593
-4120
7809
-9645
9406
867
7661
4181
753
-436
-115
-3747
-7342
5717
6090
-3999
2462
-3518
-3577
4231
-2485
-2483
8392
-4690
-2453
423
-6024
-5664
2208
-1762
2136
9595
2178
-2809
-1058
-6452
-4340
-5865
4515
-8610
7811
-145
5871
3876
-5279
4558
7076
-6561
9282
-5583
5211
-8500
7179
-6358
-766
-21
-6294
2588
-8494
3253
-808
-1658
5636
1170
5901
-3643
1149
4910
-3391
1663
-3648
-6029
5435
7244
-4375
2759
-8896
-7990
3874
-8196
2273
4914
5087
6673
4059
9123
-4323
-7327
-8333
-4503
5176
3075
-3912
8815
1558
7086
2484
2632
1044
7753
4981
5480
-7499
-241
-3995
8697
-8718
1577
-1913
6795
-1432
2605
8917
1604
-1072
5507
2271
-1584
-9438
1645
-4469
8725
5939
-2410
8534
-5860
8679
2391
-40
7483
1303
5958
-8068
1007
4060
-9710
-6465
-8369
-3861
9653
-945
-3330
531
-4397
3171
1203
-8699
-5624
-4093
4194
-5691
7282
-5425
-1879
4330
-3920
-5915
599
9209
2715
-6280
2211
2646
8522
-2602
-1865
5619
-1136
-3303
6414
-5056
-2943
4789
-5095
-2974
-2407
5753
668
-5978
-7442
-8785
-8231
1277
-918
-5677
-5587
6254
5204
-2142
3549
-6664
-7543
4797
1165
-9079
-6419
9006
2364
-5793
7613
-7961
7079
405
-3888
2462
6979
-5358
1972
-7137
4073
5756
-6863
9549
6275
-9234
9066
-5070
9747
9348
8975
9666
51
-456
8291
-5813
-9235
9159
-6942
-1908
9844
3929
9512
3221
-5486
8131
-75
-5400
-8666
-2053
-1243
1491
6111
2924
3266
-1800
6655
-3884
-4010
-7499
6248
-9205
-9042
-1227
-5229
-4060
-2722
3993
-8453
-7464
-5384
-7162
8293
178
3241
-2294
-6319
3567
-2553
-2578
7548
2435
-2973
438
-390
-1102
5247
-9640
-6282
3712
-4565
-1647
4004
-4497
-4950
-4808
776
-5826
-7741
-2834
6786
8393
-6148
5219
4385
2666
3838
-9980
-3630
7382
-6662
-5771
5004
-6064
-1822
-1695
-1191
7718
-8231
7788
7892
-3428
-5225
1761
-5998
5255
-7950
8874
596
-7567
6051
-6753
-6373
-7657
-1739
-5052
-4151
9589
5755
4249
4161
-1615
-4777
-434
6659
-9128
-5627
-8104
9825
-4288
71
-219
-1619
-9913
-7642
8105
7055
8125
6246
3128
3344
-5199
6280
-9280
-8095
-1775
-7732
5964
9289
-118
455
-1143
-1538
-3061
2124
-1923
-5102
-9345
-2336
7829
-4723
-1297
8460
-8066
6039
2827
7414
517
-4415
-6040
5647
8942
3493
-7401
2769
-1072
-8780
-8805
9723
7743
4401
1098
5835
4328
7835
-9805
-6648
4981
9053
-8572
-3472
664
1329
7299
-7358
1557
-9692
-4490
529
-6801
-6335
-382
1757
6255
-5972
4710
-7364
9755
1817
2393
8746
-9222
7366
8635
-4895
7451
7552
-9085
8303
-8674
7481
6475
-7190
6701
1822
-4135
-5075
2103
-2281
-1612
1597
-7767
-1637
3456
6143
9356
-1565
8243
4374
2696
-9449
3503
-7937
1969
-7289
342
8496
5198
-1849
-7704
-3678
-4335
6322
-9439
-3254
-5107
-636
9632
-7695
-7400
-1464
2335
8733
9440
-1406
6201
6586
8296
-2913
-7442
5630
-5214
345
6930
-2407
-807
-707
-8457
-8211
-1958
-2182
2696
1120
-1526
7901
-3395
5245
-7143
8364
3003
2277
-6878
1240
4333
-2122
4994
-7985
-6975
-4405
-7713
1683
-8705
7106
557
-4527
-4999
9007
6590
-9007
-6243
9634
9804
1284
1223
9559
-5978
-1251
6298
-7594
-7113
-3367
6301
-695
9849
1624
2980
-61
-2339
920
1936
7396
-3991
-1024
-3696
-8495
-7335
9792
6016
5982
4469
1408
8726
1283
7192
9795
5977
884
-8906
3670
-3398
-1013
7669
-7130
5363
-2877
9179
9866
2178
3031
-9635
-9786
7029
-117
6064
-4513
-3577
-8982
120
-4612
9309
4317
-5462
4876
-7292
-1960
-7696
78
-6513
9831
3993
3986
-9984
-3008
-9346
-1034
-2889
-1504
7495
424
5873
-6804
3487
-6628
2842
-9606
-7192
-9905
2444
-5098
-4755
-3825
-8041
-9827
4567
-1871
8155
5162
3067
9260
-2561
7834
7846
7556
-137
9615
-8742
6695
5017
-6018
-2666
2748
-2047
-5446
-1391
3182
8159
8969
5099
1906
6619
-6118
-1903
3802
-7890
994
-258
-2852
3125
-6654
-8908
-6069
-2875
4703
-6070
4428
3218
-3785
6733
-684
-7854
6900
-2968
-5183
-9360
-2367
606
7985
3469
9858
880
-6406
389
7885
-2430
-795
191
9846
-8856
543
-2457
6561
-9283
1960
-4112
-1452
-1472
-3053
-1718
-4776
-5043
-3592
6713
-2723
-9409
-8068
-2894
-4397
315
-4355
-6101
2133
-8380
3780
-6735
444
-8111
-7484
-4679
-5536
7537
8598
264
1994
-1271
-7904
-2198
4168
9868
108
5122
5432
-1357
6317
4964
9414
-5684
-6876
5962
-2041
-4306
9154
9164
-237
6461
-7805
-9189
-4860
-3413
7372
-7056
6447
-5894
4541
1728
-1657
6663
4012
-5879
1214
-2717
-760
-8715
6681
-7962
-9418
-3371
9360
-4012
3107
-9851
604
2932
3245
7159
-9370
-257
-9405
-9982
-9435
-7287
-3655
-9317
3226
-7803
691
9970
1287
-9848
6077
9854
-7724
-1123
9062
-7814
-4459
-605
-8813
-111
3728
-7767
-6579
4472
9074
6115
5431
8875
-9696
1864
6157
3257
7983
9962
-7840
-5507
4012
8002
-1958
-3177
-4108
2224
-8033
859
899
3883
-8319
5123
-3890
660
-807
-8153
402
-9487
729
-8126
2470
6447
-3686
-2601
2678
2250
-9734
9148
3741
924
-4821
-6714
6258
515
-1736
1683
8929
2714
-6055
-8106
8400
6011
-122
1263
1554
-1983
-6067
-7653
1036
-8116
-4893
5393
2086
-615
-525
1769
-8834
-2249
-5549
-8855
9777
7357
351
964
4841
-4841
-7640
-361
-5602
-6400
6925
-5917
6858
9412
6750
-5209
-9728
-8756
-4402
2267
7361
-5536
1962
5224
6095
222
-2771
-6833
-8280
9377
-6042
-713
-8057
-4188
-7014
-4196
-4348
-8979
-3204
-3286
3624
2539
6612
-2460
858
-6932
-7826
-3150
3472
4194
2357
5274
-9702
4346
-960
6178
-7994
3432
-1629
-1504
5646
-5055
-2720
-8720
-1161
3766
118
-5192
-7774
-4894
3778
2756
-1631
1790
-2918
-9248
7417
-6428
8528
-5503
9170
9326
-176
7783
6514
-8161
-3147
-695
-7774
-188
1244
-7902
3047
-4811
-8791
6923
7788
-5783
3420
6605
5708
-7163
-7152
2432
2587
-6078
4416
5261
6197
5570
8273
-121
4373
940
3195
1053
6747
6273
-8501
-1980
5471
-4172
7914
-6398
-762
8020
6973
5330
2864
-8615
-5934
4799
-1897
-6161
-6234
2406
-8341
7287
9912
-8678
1584
6893
3704
6765
-1282
-2372
-6299
4478
1243
2002
6867
2139
8686
-7141
-720
4358
8249
1157
-91
-4631
150
5221
-5440
-3846
-5555
1733
1643
-9141
9811
-7895
5791
6778
5630
-1101
1429
-3596
-9588
8572
9272
-5675
7275
-9906
-4052
3928
4791
1489
9775
4243
-6795
-9372
-2503
-8674
1984
248
-4103
-9168
1579
6557
2480
4729
-5801
6445
-6108
7069
-9787
9578
-6183
691
175
-9651
-6239
5753
-7317
-1827
-6870
3885
4039
-3031
-4766
-4290
1091
889
3534
8317
-5535
7276
3739
4341
-701
-5650
-5767
4584
4150
-1791
-4005
-7606
-8136
-4932
2435
-6925
7951
2698
-3908
-4431
5814
-3140
3262
2763
9661
-8350
-6505
-9531
-510
9105
-4801
7574
6934
3533
-3902
2368
4662
8396
-9887
-5555
4011
203
-8640
2065
6266
-1586
3259
9094
6325
7960
-2345
-9323
-7881
-5814
503
-1730
-5203
-1461
5146
-1064
-5
6555
-5641
3493
-9578
4637
-2246
-9804
-8593
5448
-9405
-5358
5043
2055
-3261
4603
-2596
-4031
-4717
-9112
6738
-9162
9044
-8557
-3640
-4402
7509
3458
140
1747
-349
-1080
-3500
-9704
-9693
3456
-5872
-9932
-1985
-5104
-1915
-1603
-412
-9845
-8022
3144
-1668
-8301
-9714
2072
2894
210
4415
5686
8780
-989
-5857
-6391
9710
-1983
-7587
-685
-1906
-8888
5888
-2283
-3988
4749
-3350
-72
8396
2402
-9622
-8541
-3376
-2057
853
9844
-1285
7201
5114
5998
9806
5137
4305
-2557
-2543
1578
816
-3400
-5941
6470
2317
-9003
2093
3579
-9366
2443
-2586
6316
-8720
-8239
-5383
-8290
4523
-2528
-1679
2160
9569
8356
34
-5951
-3986
-7753
1087
2197
4643
5681
-9330
5451
7454
6035
9940
-2683
4892
6156
3894
1115
6548
28
-2984
4067
-9219
-2593
6203
5106
2809
5808
1096
-8364
3460
1819
-9243
-1781
4908
6990
9332
7125
7132
7031
3816
6563
7129
3706
6984
-4200
-3522
745
-2710
-5446
8213
-9821
2641
4366
950
-5471
9998
3286
-6733
-4003
7213
-6011
-4682
8161
3944
-8395
-3058
3319
8961
-8969
-5346
-4370
2749
-3136
9876
7256
6181
3195
-8692
8360
4345
-153
-5104
8663
-8082
-3233
6924
5941
5747
-8698
6160
-7299
8507
-8685
5801
8787
6350
7307
-9581
-3164
-2353
7923
7089
-7655
1122
4735
-2153
-1128
-3667
2639
4560
8703
3220
8254
4192
4246
-9003
5500
-4584
2659
-3546
-1541
5392
626
-1428
4074
-9540
9858
3423
-937
-380
1762
-4262
-6078
-1105
1501
3579
7583
-9357
-1916
6289
-3749
-8981
-633
-9687
2035
6639
-1090
3501
-1049
6346
-9130
8120
-4411
-2711
9211
-7445
377
-5283
-2452
-1493
-2138
-7360
-8108
8405
8293
-4885
-8143
195
1043
-8550
-9077
-3445
-3679
8327
-8020
-5133
-4041
7638
-5368
-6052
3625
4359
-3748
-3401
2701
-6279
3472
-3517
6432
4298
-1552
-4209
-1322
279
1982
3644
4890
4265
-2086
3876
7358
-9964
5137
9466
-9650
-711
5988
-5661
-7798
-5827
9538
3700
-2993
-7544
5224
8509
1211
7016
-4414
-309
-3511
625
2796
-2593
-3450
3862
5870
-165
3407
-9219
5750
5067
5262
9272
-8787
1053
1835
9684
-6038
7088
6311
6034
-1072
6693
4837
-4488
-678
-4369
-6439
8624
4613
-9606
-820
9060
8720
2625
9184
-3360
-241
8242
7742
-9794
9234
-962
257
-9902
8036
-9110
1436
3816
-1314
-794
-8133
-5489
1547
-9178
-5641
5489
-3981
5370
4168
-6696
66
-4420
-5565
4289
2152
-8667
9179
-9147
7353
-3633
6386
-4332
6789
-3324
4393
4490
-2084
-7189
-255
1745
59
-8066
-1617
1182
213
-1212
-7827
1865
-6399
2975
9363
4785
9180
188
-1461
6042
5810
-9526
-7336
-1454
4398
2768
-4917
3663
-299
-5553
7181
1470
5206
-9964
6861
9971
-9162
-1306
7227
8737
-6590
-2251
-1058
4906
8226
2028
9340
-1493
6915
-5432
8828
1956
-6665
-8088
7138
-3580
-9574
-3206
-4527
-1554
-6606
8986
5737
1530
7033
456
-7050
-3316
3581
4656
-6873
-7273
-5777
7374
-865
1050
4678
-7727
-5435
-7045
2232
-3214
8464
3929
-4156
-6633
-6588
-4061
3244
1674
-3453
-5528
-1839
3835
9068
-3395
-8462
1415
-9636
6072
-8555
-4968
5663
-3629
-1428
-5838
-8141
4896
-9950
220
6819
9902
6761
-1717
2639
1259
1023
-9648
-4862
3535
2399
-361
9412
2143
-990
-855
6936
-4172
279
-2473
9466
3951
3623
5618
6293
-1704
6473
3117
5663
-1232
-2233
-231
2063
-9054
940
-8422
-1641
-5019
9511
6852
-6257
4818
2626
-5521
-2270
1162
1750
-1294
-6932
7844
-6487
-8454
9839
4757
5010
-3227
-6843
-6557
-5571
8602
5327
8186
-6965
8143
304
-3110
982
-3113
-9628
-1190
-8775
7860
-2818
-2028
-4934
-9749
4051
-2606
-5280
9203
-7251
-1194
9334
-2068
-9365
-9218
-7757
-2432
8149
4374
1564
245
8324
1428
-2269
-2104
884
-2245
-3892
-9862
7416
8889
-3391
5244
-3701
6314
-6337
-9955
-8627
-566
-7284
-9806
-9663
-8696
-1452
-3322
-497
2963
3837
6396
9481
5143
6056
1563
3740
-2047
6658
938
4501
8826
-2914
-7380
-5134
1900
8447
-916
-7219
90
-1748
-1231
-9842
-2857
7133
7180
-7480
7691
9616
-1058
9287
9715
5011
2245
-3447
5872
4763
3190
-6205
2982
-4586
6412
9175
8369
3653
-8243
9804
9353
8279
-5591
3653
8381
-2749
8171
9992
2140
9821
-5606
-9910
-6577
-5104
9657
-6914
8177
7329
-5470
7612
7695
-7837
-9424
4839
-8087
-9699
-9669
-9611
4162
6210
193
-6820
-1948
-3473
-3462
6861
2589
4262
1369
3643
-2536
9705
-7899
1818
-85
1389
-9706
7290
6171
1365
1781
383
6168
-2727
-4099
-517
-551
-8786
2252
8740
3219
-6466
7850
8650
9481
-2270
9018
-5942
742
-8592
-7709
4788
-8680
907
-9169
-2912
-828
2311
-2845
3966
-1201
7369
4937
3647
9782
5804
-2606
6711
2100
4987
74
6073
-6998
-7743
712
1172
2053
7552
-5470
-7556
8085
8371
1986
9377
-7105
-5884
7846
-2968
5557
-2504
-2521
9695
-1327
4135
4937
-7822
6846
-1448
-6392
-3798
6464
51
2110
-3491
4389
-9040
-267
9539
-7136
2267
1781
-460
3031
-5694
8392
7328
-7012
-7280
1323
1641
-2879
-1967
9767
-1964
8918
-1153
3323
-8618
-5576
7468
2491
5115
-5507
-3964
-4439
-3354
5119
-3821
7685
-1765
5180
1921
-4650
-9771
-1147
9245
-2398
8546
3007
1832
51
-9356
-8400
-5280
-5292
-4041
-8002
-2185
4299
-1310
3272
-2874
-8607
4149
-5312
-7338
-7458
3342
9068
485
486
9873
-3282
-333
4302
-2308
8816
9129
5975
-1059
-3146
-8456
-2256
9375
1522
-5806
-8396
-4495
9721
3543
516
-6566
3865
-8920
-3881
-2646
-6775
9033
3490
8753
3463
-6187
6529
-7974
-314
-4016
8140
5130
-9677
-8607
2358
-7922
-9581
-5827
-5424
-5575
-565
5609
2570
5651
-5002
583
9725
-3768
-5705
7633
6116
-1322
-7667
4045
-4772
1331
-8652
-6557
-1573
4633
-8196
-9741
1694
6622
2834
-609
-7580
-5325
449
2395
-7809
4101
6753
-7651
3756
3255
6171
3834
3038
-4391
6515
-9302
-243
9341
404
-2591
2752
-3270
9664
3779
-6998
3904
-9867
-7596
4085
-9473
-2997
-8322
-6
-4570
-3668
-5738
2145
-5475
-8301
4076
-9582
-3905
-898
1495
3809
4772
1022
522
-1966
3010
-5210
8434
1044
815
-9649
3754
1992
-7916
7634
-6654
-3658
-1713
-212
-9570
6838
2169
6195
-3082
9003
-5652
-6715
7172
-4795
8646
8382
7769
-2520
8115
-2922
8618
246
5687
-7396
-3329
4753
4549
-9177
9218
-6811
-123
-9400
7225
2609
-7432
-3600
-7831
7056
2208
-4617
6012
8039
-687
-6492
1348
4138
3110
4862
-4566
2602
-7445
-1961
8206
-1860
9788
-5869
5891
-9101
5666
5301
-581
5136
-1148
141
-6457
4289
8224
8723
7050
1036
6945
9658
332
-4757
2730
9355
3228
-4244
-5797
-934
-4598
-5014
-1681
-8906
-5056
4883
9543
6516
6355
-4600
-8937
7803
-5985
-1103
6225
6447
-7146
-8933
9558
9611
8760
-622
-1242
-6607
-355
-1497
7663
4729
4851
274
-8249
98
-6835
-6263
-9595
451
6587
3601
-4356
-1985
2419
-4899
-8882
2700
-3560
-2103
-1652
-581
-52
-70
-4028
-8370
-5460
-8540
-5706
9301
8094
1335
6690
9742
-8378
-4075
-4742
-4737
7840
-7850
-2939
9470
4577
-8127
2702
-352
-2784
4790
-8910
-8221
5707
-7566
-2384
-7106
-6964
-4036
7032
-5778
-4666
-8983
3008
8401
8885
3876
7586
5449
7631
-7667
7392
-1286
1720
2538
9677
-880
-3107
-8286
2811
8075
-1552
2063
4642
-5288
2078
-4663
-4744
-3249
-8455
4754
8564
-4042
-3788
1175
-1150
740
1957
-9171
9961
-7744
-7520
9235
4453
-6121
-2767
4387
7406
-6211
7966
9095
2565
-9774
4159
9986
-9527
2270
-7925
530
6612
5753
-2370
3041
9124
3876
5867
-7870
3254
9092
6494
1402
-2232
754
-2892
-2101
-5661
7962
8652
7481
-227
7877
-8824
2140
-5948
6946
-3787
2367
-7438
-3486
8496
-2150
701
-9266
-9381
-3065
-7182
5662
6781
2600
-2673
3448
6351
2807
-222
-9126
-374
-4954
8035
-4651
-8265
1773
-3056
2832
7601
1286
-1763
6779
5179
-3687
5387
4400
-9936
-7792
-4784
1402
9495
-9658
-6150
-6044
-6687
-320
1910
-7806
0
8613
5859
5525
1381
-4651
-8270
-6
-424
-6186
8002
3843
3348
9736
-1836
-5445
-6769
-4147
-3525
8608
-4018
-713
-4609
-2023
1854
-8735
9933
-7836
4785
-3183
4260
8535
6548
-9640
3169
-6375
-4660
7366
3670
1050
7904
3695
5079
-5294
3043
9644
-4357
-1187
-4667
-245
-7833
-5086
-6124
-9998
-7808
-2702
-4185
177
5554
-1996
-6204
3360
-9971
8627
-5440
-7226
74
8679
3780
-7531
4501
-3604
-2444
6068
-9191
9734
-3835
1563
-2377
7866
4388
-7060
-7305
-436
-9802
2637
3771
8018
-6405
-2703
-5157
8804
241
-2248
8177
-8452
-3563
-796
-5388
-1790
8445
-1590
-1957
6287
9203
5881
-3109
2262
4803
1071
8811
4534
8883
-5135
-499
-6589
-4846
-1506
-358
5383
-9450
5700
-9684
2547
-3518
1226
4437
-3625
1374
109
3324
-1007
-1337
-4550
-9972
-6259
2059
-8963
-668
4052
-545
3252
9441
-4258
-7255
-8909
-8981
3763
-5789
-2013
9669
4360
-1444
2392
5266
-3964
-9911
8633
6665
-9423
-4858
1370
4757
-6558
-8879
8134
8532
-5227
-7346
2431
6261
4007
-928
1137
-3749
-6760
-6499
-4940
3807
8817
-6430
6854
6814
-1520
-1039
-3650
8313
-3279
-7389
-1163
1891
7280
-4009
-780
53
2656
7704
-4233
-1993
-8108
-1143
-7721
-5903
2748
9837
-9541
4698
7446
7721
3939
884
2876
-2131
5078
4173
4849
-8859
237
-1666
3222
-3974
-4950
5110
-2602
-7770
-3695
-2814
-7101
-4456
-5658
4832
-6162
5583
9920
2985
6418
-7596
-9236
-8668
8850
814
-740
-4558
-3902
-2587
9374
9057
-1073
-3413
7508
7031
-9160
6585
-3974
-958
-683
1263
350
8788
-8435
-6512
2174
-7089
-8265
-8780
-6838
-8931
9150
-2843
8927
9456
-7209
9064
-6778
-4378
-8014
-2895
-8345
-8276
-5818
1952
2505
-3731
9076
3557
-5763
2589
8119
-2991
5773
-1904
-9217
-4506
-6600
6547
7299
6882
6033
6948
9732
7124
8354
7629
-7801
9193
8165
6679
-1481
-9331
5420
-7916
4153
8093
1247
-9047
-9567
-6921
4103
9893
6540
-2472
7891
7464
-2240
-3989
6982
5256
9734
-2527
-9047
7049
1302
1088
7453
-2883
-7463
8628
2922
-1332
-3247
8831
-531
-1795
6234
6398
8584
-3696
-5950
3394
-4665
1063
-4598
7742
5180
3949
-4500
5439
1605
8284
-3436
3254
8785
-1449
-9990
5347
4141
-8647
-5839
4909
7377
4528
-1684
9794
-8484
-1552
-981
-8418
-9394
3859
146
-2960
3631
-4817
-7277
6139
-1433
-6856
-2396
-833
-1942
9571
2164
-5141
-2514
5044
2018
5707
-7257
5429
-4471
2229
287
-2121
451
-1348
-6444
3610
-7121
6014
6171
-8959
-9454
-560
-229
762
-4813
1529
2784
2561
-9005
-2254
-1853
-165
-7603
-6032
478
-811
-9537
8573
6040
8309
2427
-1999
1294
5352
-5813
1869
-6926
-7457
1822
-6739
5315
4637
6163
-9440
21
-1672
-1134
-8644
-3262
-7456
-7269
7291
5587
8297
806
7738
7617
6833
9518
5509
-6790
5663
2880
-2843
-5256
-5924
7317
4567
-2026
-218
-7055
8702
1132
9183
-7378
8825
3510
662
5800
-9378
-2428
7030
-2017
-5638
2626
1792
-8082
6510
-2261
-7395
6487
-4941
-9437
-9366
2261
-897
4309
-7491
-960
-8312
-5368
-5476
4766
6162
7448
4560
-5172
-1686
-9553
-3626
-8538
-6180
-6358
6681
8760
-3955
7873
2777
-7007
6515
-5725
-5186
7976
-1664
6684
3106
-8154
-5669
4064
2516
-7428
-9465
-379
9361
-4780
-3510
1902
-2213
-2063
-7365
6742
-898
6409
456
2156
1991
9161
3015
6056
4319
-5370
3833
-1842
4317
-7345
1921
-534
793
-245
-7622
-9127
-2874
1024
1849
-5953
-3874
4266
9919
7211
8028
3010
-9082
-637
-9407
-6902
-7531
-195
-4480
-4693
4967
-1313
-1252
7766
1388
-263
-7347
-3612
9239
-8737
6303
-6135
3879
3897
4058
-3518
1906
-6903
2534
3925
-6739
-4999
-9345
344
-142
-606
4506
-9301
-4494
8398
-9964
-9251
1383
8684
-4934
9538
3735
5590
2053
-3806
-4217
6444
-3392
8813
-4876
-5302
-2911
-5240
-8675
-8096
940
-4935
7942
6574
9200
9165
946
-3864
-5258
-6315
-2870
8257
5593
5839
-4855
1702
-4648
-3016
8214
442
-9552
8995
-7736
-8009
-7594
7123
2926
9378
2967
8090
8791
-1290
-9030
-1751
1675
-3574
-7332
7781
503
-3524
3315
3736
-1098
5533
-6276
4392
-5353
4183
2919
-3735
9901
55
-1000
998
7753
5299
8285
-7314
-3130
6825
4073
-5264
8606
-8557
6468
-9747
-6531
-8817
-9761
-9816
8431
1084
684
-3413
-5382
5619
-9928
5823
-1013
-4217
2609
-225
8642
5595
-6344
9034
-109
-7957
8526
-9774
4257
4067
-5757
-6839
-844
7539
-4003
6050
-2346
6555
1977
8016
-7477
-1687
9886
-9957
-2564
-9890
-4205
4622
3766
6434
-9669
-4541
9930
-941
-3474
-4628
-5966
-9789
5682
-6712
-8655
7585
-1908
1891
125
-3671
-4381
-8286
1003
-6868
3932
4703
-4905
-8683
-1281
-3551
-7095
2031
9758
505
8854
-1831
430
-5942
978
8522
-7628
7027
-314
6433
7023
-8871
3485
-7275
289
3453
-8604
-3598
-1192
-6141
-4547
-9557
5612
5194
5167
-3180
-2971
4550
3267
5380
9908
-8768
8803
8150
610
1435
8023
-9945
1098
3447
-4872
4362
-2478
-2901
2094
-1346
2207
6072
2904
32
-2297
8180
-2832
2474
1395
-2924
-4939
-8263
-8798
-4196
9285
-8916
-5572
-5965
-714
-1524
6668
-1134
-8301
-650
-6163
-9320
6037
2270
3052
-8926
7710
-2394
-3679
7740
3875
1880
-3857
-6935
9712
-8512
9771
1767
-7233
-9886
-9721
4305
-4165
-7522
3010
1078
-5182
-7305
3724
3439
-7715
-1435
3558
-5823
-8424
7317
8846
6406
-1797
-4974
-2583
-1237
-8684
3372
-1251
-1556
-2512
-1574
-1373
9265
-2251
3185
-8233
-6274
4787
-4493
-5267
7900
6996
4534
4413
-5337
9553
-9544
-8068
-5455
6948
4645
2300
-8871
-221
-2666
4206
8074
-446
6098
-2563
2484
5141
5125
5142
-1468
3651
-9790
-7636
-4976
-7315
-6962
-3887
-1027
9340
-1842
3168
-3246
1365
3913
-1726
481
1599
-7661
443
-3347
-6346
-4491
2482
-5027
165
-9868
2495
3297
3151
7098
7695
6259
-1532
-2891
2783
-3420
9487
371
-7347
8809
7255
6742
-5104
4271
-6987
1987
2874
7154
6247
9535
1972
-384
6505
5776
958
-9120
7955
5472
5451
6173
-3898
9192
4111
185
-3526
-2464
-6232
-3643
1492
-6370
-4669
8264
-8665
5359
-4336
-9296
-6363
5214
8172
-1624
3094
-229
615
9078
6574
-2426
3458
-5341
-8979
3433
6744
3310
3027
5639
-5441
-2178
-1335
-403
-4409
-5962
-8285
-7750
-5128
6936
9892
-8393
-8098
7381
-6562
7710
2519
-3797
-2169
-6771
4511
3626
-4130
-308
-7666
3633
-9241
7791
-6928
-6781
6711
-7866
3800
2140
4392
-8708
465
8884
-5228
-2645
-4839
3907
4526
4843
158
-8083
-6994
-3110
9944
-5683
-7723
-7977
-948
3338
-6258
511
9127
-577
1653
1203
5306
6252
2551
-202
3542
-9169
-9135
4686
6423
-8231
-489
3932
-3456
4552
-9065
6135
8087
8207
6658
-3451
-9164
-994
-6620
2885
-7290
-1738
-9478
-7776
-1741
-6312
1722
-7896
5275
-8716
-9798
-7799
2410
8446
-4597
3490
-6502
-1715
-841
5666
-2777
2973
-6232
8768
-504
-5846
1962
2305
4470
-6820
9498
-945
5117
2365
-4888
-2667
-5044
-318
-329
366
5856
-7911
-74
-4036
-7724
1402
-9396
6484
-1814
2663
1200
7977
-2465
-6205
-3752
4744
-769
5474
9773
4054
-4545
-4599
-2130
5034
-204
1171
-2335
1819
9502
-654
-2381
-2921
6360
-8519
-755
-6214
4465
-5193
-2583
-5108
-1715
6109
2600
-2044
4898
79
-5943
3814
-4278
9872
5690
4568
1396
4303
-9589
6382
-6992
-3390
5697
-9433
3510
-9104
-1111
771
756
595
-7175
1264
-4779
6551
-4288
9358
-2008
-4493
9580
9195
-6645
1068
-2850
571
6904
2305
-8913
-1368
-6857
6788
3656
-7269
-1214
-2428
-4309
1964
-4058
-7103
-3914
-6437
-2702
8698
3039
-6783
-89
-5608
-2472
4968
-7091
3235
5593
-6259
-4135
-3950
2511
-6146
9829
5100
-5129
1333
1877
-2858
6297
2135
3070
6235
-4718
-1551
-6634
9667
8771
-6607
7831
-6345
4031
4969
8526
-6723
-8001
-1450
2886
3944
4510
-3550
4124
-5133
-274
3276
-23
-6093
-8138
6699
-8298
9198
-2260
-7523
8065
9601
-3063
2061
1111
-7052
9377
3237
7294
6833
3405
-8803
-7305
7962
-8549
9283
-3946
9527
-6450
5490
1185
7093
-671
-1373
3337
-9500
-6626
-6846
6963
-7769
-8080
7168
2525
8355
2543
-4940
7523
4821
9221
984
-1487
-1865
-7600
7684
1097
1388
-8194
-4823
-1181
-2537
-5245
471
-779
3620
-1637
7409
-3483
9986
7282
1580
5876
3834
-9565
-6850
-314
-1099
4275
2980
-8207
7714
44
729
8074
-7169
4808
8985
-9876
9815
3360
5106
8493
-6716
-2092
-3354
-5997
-1373
-4436
-5707
3217
-4223
-5735
-5257
-5357
-7261
-7804
1173
3870
5745
8044
3206
-4626
449
-8556
-4390
7745
6310
8432
410
2299
6247
1432
3110
-1859
7441
4391
-7591
627
-7998
-8622
4998
-9115
720
-6225
9822
-7822
3940
3266
8923
1961
-742
-1325
-4136
-3894
-380
-7499
-8335
8778
-3857
-4850
8431
7138
-9562
9629
-9721
-9463
7150
-1266
9921
6788
8189
-7343
-5685
8260
4912
2117
7720
3212
9857
-5198
-9150
-6437
364
1249
5418
8010
-8408
-5629
8301
-9869
-8973
5692
7564
-8050
-4911
6987
-7873
7935
7454
6104
5776
5792
337
-3461
-4792
-3403
-9909
1451
7919
-5610
-6174
2490
-5542
2538
7528
2485
3528
5438
3420
7693
-8967
4757
-8737
-9003
4981
-6614
678
-8852
-7947
-9948
-3100
5302
-1010
9649
2127
9882
6656
-9301
1341
-9912
1196
2831
269
5795
3339
275
5420
-4798
-3820
-9494
688
-7656
-7101
7554
9966
9720
-8104
-5735
-1968
-3333
-3815
1291
-8508
-6345
5416
-3861
-7868
8964
3697
-7883
-6707
-6113
2470
-1236
-1691
-5195
-5646
-3583
7164
-8087
3305
6422
2579
-4137
-6645
7106
5061
147
6592
8903
-8321
3137
-2879
3999
8262
-6505
2198
1171
566
4944
-7129
-2240
4033
-7972
8395
77
-7879
677
1394
2509
8366
7339
1251
2101
547
1281
-1306
2291
7287
-7336
8269
-9890
-8040
-4459
-1968
108
-771
-3316
-4266
-1365
-3027
7237
706
6501
9114
7137
-6305
-4292
-2064
6720
-4577
3745
-6419
-3707
-8634
-8280
2767
4919
9769
-484
-8620
-1305
6304
6751
3325
-2999
1178
3092
-2678
-1139
510
-2208
8273
799
630
-4473
764
-1247
-7447
3633
5818
-8860
8010
9005
7106
-3718
1356
4131
-1114
1578
-5208
2299
2648
-2190
-6778
656
-4818
-9848
-2081
3819
1195
-6274
1610
3765
2770
3902
8498
921
-3261
9041
-8722
-867
501
-1748
-8278
6790
3801
-7441
-1058
3952
-6623
-5876
-2263
-7568
-2791
-66
1305
-6387
-5490
8328
8195
-607
2734
2672
-3101
4944
5491
-8229
-3033
1782
-6487
-6703
1874
1191
-7382
5823
-2684
-5493
-5576
-1768
-6511
1200
-9495
-9680
7193
906
-2527
-649
3265
-2656
-9948
-3706
5425
9409
-9896
-6993
-8915
3517
-7106
-5535
-2298
-4548
6283
-6786
2656
-2235
7052
-6024
-2660
9577
-4978
5046
8813
7142
1376
9320
2573
7692
9400
-5371
5907
-7710
-5213
-937
822
156
-4573
-9361
1472
9542
6844
-9922
1769
-9987
3457
6643
5540
3951
7829
-5696
6313
2071
9475
-1575
5673
7256
4525
1485
2512
4517
-1613
-4111
743
5564
-8336
380
3785
2282
-9711
604
7296
-1448
-3660
-5435
-6866
4312
-9800
9545
-5862
3045
9644
-3813
3179
4969
3827
2964
3074
-635
2062
6654
-3449
-7512
4879
-9785
-2498
-3334
-7606
6510
2253
-3363
5707
-5398
8325
2875
109
5584
7827
-5283
4568
4647
-1736
1901
-6669
-2967
4642
-8269
-4031
-6381
-7389
-7173
-296
-8451
-3415
-1457
3008
-5336
-3499
9339
-4453
-1580
643
5410
-442
-7201
-8002
-7404
5735
-3737
-3491
-1027
4478
5556
6919
3161
-4194
9214
6386
9601
6317
-330
6278
3072
5614
-5315
5658
-531
8816
7658
-5925
4403
-5922
-6731
-3781
-4077
-5681
953
4942
-8435
-5563
3783
6433
-6449
-432
-6226
-6642
-9881
6707
6006
3466
3224
18
8974
1865
7506
-7747
-9422
-2393
-6749
-4061
-5795
4150
-6975
9424
-1386
6567
-6984
3368
6402
-5322
3096
-6678
-92
-594
-802
-4429
-3648
-4217
5295
5345
2460
-833
677
-1155
3272
-3643
-5116
9800
929
-1668
-5741
-6794
1899
1706
-9967
-7176
4294
-3571
7398
-8837
5298
4447
-4585
3122
3585
9700
5285
-3149
-914
94
-3588
8555
658
-9713
-3500
-316
-5550
-788
5196
5679
2687
-3095
-1525
4347
-3053
7661
-6982
-936
-5092
-7290
9020
-602
8538
-9864
-1120
9023
-3707
-3587
3553
9126
1034
-8994
6499
631
7687
5858
3504
-6974
7182
-7293
9436
4303
-8689
-9551
3899
4990
-1388
8565
-4652
2856
5144
-5434
-8550
-3667
-9927
-3637
-8048
1367
4773
981
-1458
-6092
-7097
-6006
8623
-631
-4760
3361
-7278
-4185
-6343
4181
-9130
5465
3375
2453
-9127
5158
-8769
9857
-3039
2673
-9006
1507
4230
-5579
-6374
9214
-5367
-1406
-2272
8594
6275
-8410
-1297
9570
-1891
-9037
-5481
236
137
-7513
7775
1435
1898
-2660
-1459
1675
992
9690
137
-2718
-6623
-5997
7625
-7383
1808
2163
-2493
-6148
-4740
6394
-6669
-6346
1262
1734
-3639
-1364
-7515
4704
8730
4127
-7426
-8510
7000
7537
-9425
2002
-1555
-5103
4630
-3656
-5523
9857
-8464
-7028
7308
8835
9602
-1302
9095
4149
-9527
-4519
7463
1787
4171
51
-4113
-6005
-929
-7682
-287
-3396
3000
-5611
-1674
-2891
5792
153
496
-4157
200
3316
-3109
8577
3392
7762
737
-4318
-1891
-1345
3989
8549
-4695
-6152
7681
-5158
-8110
2848
7584
-6452
-8939
2431
-1807
-6526
3159
6522
4767
-8743
7863
5958
-917
6338
1634
998
2650
7066
-2480
-4705
2076
6676
2029
-1710
6492
-7417
-9024
-2185
-3012
-8189
6531
9269
2284
1061
2130
1737
-1837
3622
-570
-517
-2330
-6091
4299
-5943
2911
4963
4384
-8290
7747
3065
-2415
-6274
7579
-9244
-6362
3850
4631
9658
3700
-5244
3493
-7050
1490
369
7437
-7656
-8185
962
3079
2362
-6633
9224
5339
-3344
-2788
7766
7508
1355
4723
6422
2211
7828
6577
5901
6365
-7806
-5282
-2560
-1126
2516
-1146
-919
6023
-9553
1249
-6957
-8557
-194
5680
-5833
7465
9595
-1607
-2980
-7214
-373
-6437
-7703
-7233
2837
1520
2384
-7490
5464
-1186
7620
-3690
-4709
4093
9201
-2989
-1815
-1397
9105
6621
9049
7302
6101
9845
2303
8783
7800
3843
1086
-5571
-7039
2050
264
2141
7017
5008
1537
-7224
6778
-3112
-9928
9509
-4471
7148
1362
9274
2852
2261
-5980
6883
-8412
5822
3240
5946
-5315
-9557
-7457
-8280
9256
-1762
1695
-7315
665
6297
4072
7716
-1490
-4972
-7850
-4843
385
-6780
4011
7501
6850
9382
3272
-554
9428
-3096
4912
-4102
-5520
-3265
2587
-131
8371
-3746
-4654
-5563
-3900
-1917
-8885
-7905
-7669
-1531
2901
587
-3660
-1845
-7306
-9935
7349
7506
3905
608
-8492
1916
-4793
3989
3265
4149
-3137
-6006
-3044
-1624
181
-3354
-5163
8421
-5071
-1177
9154
1724
-7916
7096
1529
-1317
5592
5155
-8687
-9605
3487
-2542
-6721
85
6195
2984
-9287
-9742
-7234
-3167
3921
2691
6657
-625
3330
-931
2182
2955
-6372
6036
-7094
9732
-1242
4428
-9447
-2277
3558
2554
-2933
-1547
-3290
3662
3182
-5591
484
1045
-8348
3367
-7086
1344
-5382
-3241
2159
-7654
-1151
2607
8161
-9323
5618
7221
8930
-112
-6332
3297
-7956
6364
9938
-2775
5019
-8856
-5412
8721
6053
-9249
2566
-7449
5149
2324
4257
5896
9341
6825
1063
4846
-3907
-4528
-8358
-7564
-7932
8905
7610
2262
-5550
-7546
4626
-9275
-3484
1415
-8345
-3717
-6470
-6932
-4050
-9593
-2127
9002
3611
2795
9982
-3931
7991
-1558
-90
8521
-3063
5241
129
-7541
5085
-8255
-2012
-9887
2580
-2531
9370
3955
-4445
-8108
-5571
6959
-1776
-8971
-6134
-3961
-1571
-987
2771
-1699
-2280
7986
5946
9909
3004
2166
-1237
3253
21
2663
8671
-9190
6840
4977
-1628
8335
1053
1116
-342
495
5499
5025
-9023
-1269
366
-3141
-2356
-1455
7595
-2169
-7797
6126
5756
9101
-2692
1050
9838
-7176
-8002
-2730
8842
3944
-4961
5869
915
-5838
-6094
-6408
-4804
-466
-9263
-8659
-8222
-7596
6270
7286
-2789
-813
2206
-6557
7652
-1454
2030
7809
5916
-332
-5079
9965
5773
4787
-7056
3814
2378
-9197
-5039
-7989
8049
-7797
-4619
9599
3050
653
-7859
-3415
-624
1864
9780
2328
1072
2460
-1932
9860
6984
-6566
9756
7078
4558
4044
5384
-6943
-82
-1783
-5805
9857
-1338
-9101
2186
-5469
1354
100
2088
-1146
-297
6616
-7788
-5488
6443
186
-9141
2747
-6439
-7443
-5679
7662
-2672
7000
6704
5715
3379
-8305
9151
8821
8593
1022
-2754
8362
-2905
-2966
-6878
7676
-3078
-6181
-2667
-3369
-7234
-4309
5165
8898
577
-2130
-7466
-8371
-5249
2483
4097
596
9597
-7357
-2007
-1648
5500
2595
6894
-2961
7242
1931
-1937
9320
-7133
1595
-8534
-3387
6789
-7972
-1906
-5295
686
5524
-4754
6828
-4075
-8266
8500
-7847
-6669
7850
-5736
7645
6816
741
-4766
3606
-8803
-1084
185
6556
4042
-8221
4521
-384
7822
7600
-8763
-1669
8271
-5740
-4140
4268
-7630
5112
3131
39
-9771
-234
1447
5242
7578
5602
5479
-7441
2068
-4436
-4352
-9594
1292
-3097
5514
7892
178
2472
-1790
-6789
4412
5724
-7576
7211
-3979
-5055
-108
7122
-4196
8968
-3787
-2347
-9702
-5545
9130
2234
138
9598
-3417
-1397
-4876
167
-4288
-6975
1959
-9268
-5656
9497
-5984
310
-3440
3522
-9793
-7417
-852
-6712
-6488
7427
-1497
-831
-3862
-2288
6838
-6591
-5625
-7981
170
-3799
-2713
5908
-3924
-3675
4082
-9078
9726
-2476
2788
-8807
-5839
-4255
-5691
4327
8530
-411
-8921
-8985
6774
6821
2281
6798
-4534
-1040
-7116
5516
-5558
6613
9477
4469
-8952
5769
5110
-9374
4248
-9029
-3773
-2957
6429
-4703
4334
-6914
3670
-2309
1201
5390
50
-7137
-8994
8083
-4246
741
4622
-2100
-8623
6756
-8135
-1144
1447
553
-2521
-8757
-1267
-5964
2345
7297
763
275
-5229
-4635
5072
210
7515
-3836
-5829
5916
-6670
5611
8541
3347
-7124
-6351
-3318
-9351
-376
-958
3051
-3339
-9944
-2469
-3344
8378
258
-2710
4672
9706
6248
-9492
4908
7385
-4500
-4983
-3124
9617
2272
9512
4399
-5163
-5915
3746
-5779
-8124
-3231
9880
1743
-2248
-2681
-9430
-5783
-6987
-1051
4866
-2116
-1633
63
2571
-6012
1614
-8139
3288
1196
1546
6833
-5915
1263
-7730
-4141
-8616
-5883
490
3301
-2480
-9156
-9974
7119
-1896
7735
-239
7973
11
-903
-3174
9614
-8441
5668
-46
5914
-8722
6538
-4885
6019
343
-325
4279
2669
-5220
2465
9397
2103
6536
-6624
4827
2417
-7463
6299
-8211
1691
-5254
-6520
5085
-6727
-3387
1767
6338
-787
-3842
8305
-9976
-1424
7351
-9105
9028
-1829
2143
-349
2243
-8282
-7460
-122
-5892
-9299
9187
269
-1275
5410
7428
-7329
9835
8500
7834
-7473
1955
9746
-1995
8523
3509
2265
-1682
-7552
8915
-4642
-9224
-4852
1367
-782
-3205
-2050
8734
3559
-4747
9347
-6301
420
6291
8708
6306
-6129
3243
-7114
-8909
-9978
-5211
3626
-618
-4592
-9141
6984
6100
-4399
-2955
2180
-5142
2763
-2541
4070
-2839
-7930
172
2322
7343
5263
-3188
5916
6311
477
5157
7438
1913
9893
-8032
9791
8563
-2610
764
-863
6846
181
1794
1705
1892
5448
-2148
3172
1953
-1767
-593
-1123
5719
3858
-8910
5790
9699
749
8476
-7856
679
-5956
7993
-6167
3295
6605
-131
9817
359
9178
-2633
1118
8072
-7321
6871
1972
5711
-6181
8057
1758
-2623
-2522
1520
-3318
-449
-7473
5279
-5907
-8221
3292
8494
7503
-5660
5342
-3792
-4584
-6613
-6085
-7969
2512
655
4127
303
-5784
8040
5710
-9828
-6648
-2898
8471
5726
6500
-8804
9777
-5119
3229
-3997
-4016
-4101
-3346
-4636
-8875
-1607
-6102
-2216
4448
8967
4077
-532
-6989
-1730
-2777
-2424
-8948
5304
4911
-9810
2985
-8847
-6792
-3961
-4367
-3114
-6382
3022
-5627
-9520
-9435
-4872
-9378
-4479
428
6099
1040
-9021
-520
-3938
8862
5660
-5512
4750
2874
-7361
-1799
-9094
3166
-4429
-7789
8403
-1416
-8047
-2526
5250
-6872
1052
-9830
-7208
-575
-3410
-6572
-709
-2641
7726
5412
5241
7987
8458
4988
-8205
1344
-6497
-5551
-1639
6269
-3289
-2623
-4895
9392
-917
9775
-2018
-2039
-7935
3589
-4311
-9841
-6339
-7875
-3558
8888
-3861
-4775
-3920
-5485
9915
4488
1813
1146
-2282
-5494
-8303
-619
-963
-9647
-1638
3140
-1226
-1659
7730
-3281
8817
1100
-4823
-5596
4727
2326
-7682
7450
4777
-1278
1875
-8512
574
532
9220
-8120
-4503
4900
4478
-4729
-4790
-7583
-8844
1400
-2554
9236
1540
5586
-4548
-8272
-1256
3536
-8090
-7950
-4951
-2849
4613
4193
-2465
7104
2975
-4792
3080
-4673
-1683
1009
-5330
8701
1419
4646
7838
2043
2830
-1717
-4818
-6831
7099
5673
-4439
8605
300
-9461
-3361
-3308
-8907
8376
-5583
-9921
4592
-3029
-6171
-3800
6204
2983
-9809
-9874
4277
-631
4285
-211
-9281
5940
5606
1123
1224
3460
8166
672
108
-8095
7803
-1751
4666
2994
-84
6368
5691
3104
489
-2252
5601
1949
4719
-8655
1559
-2041
7296
9100
3781
3929
1859
58
-3353
-982
-6900
4922
-5325
-3864
-4951
2067
-9083
-2146
-5686
-9447
-7281
3497
3584
-2503
-5962
1592
-1763
8700
2216
-9975
-6444
-687
5639
-7232
-5431
-8874
3316
5964
-336
-7546
-5022
-5703
9413
-9961
-5403
-4186
-2458
7608
2357
2718
-3925
9217
2035
-6047
-4262
883
-4397
5062
3853
-2
9518
-7145
7857
6302
1975
-2771
-4850
-6735
-1303
1650
-5417
8248
5761
-2265
6405
-6522
-1708
-4523
-827
6601
1240
-3672
6258
-8376
7057
-7796
-6545
1439
-8221
-9717
-3115
8746
7058
1665
-3318
9013
6206
2706
9032
7593
-6759
1387
8756
-6298
-9523
-9922
-4147
-3528
3455
-1298
-7135
-1882
4160
4559
1163
-7361
5571
-3598
3382
-7144
5089
2201
2612
-8822
-7904
-4723
-9770
-797
8737
-9578
-6302
4005
5865
-6859
-8456
4730
-2776
8553
952
8047
-8619
-6397
7802
2419
-8815
-1077
-5453
9611
6605
-1347
5939
330
1554
-971
5103
-9907
-7959
-3713
-3489
-8015
-7024
-9429
-2176
-6856
7744
9363
9274
5341
-3772
1279
-8744
5573
-7807
-5362
407
7370
7152
6391
4827
6227
2135
7301
-687
-2311
-1260
-5505
-3525
-3149
7575
-2398
-8007
-7446
-1835
-6296
536
-4012
6308
7177
4498
-5964
-6549
7104
-5492
-5554
5861
1754
4168
-4715
3391
-5217
-2722
7885
1039
6295
6029
5276
9420
-4509
5070
5204
3293
6624
8441
7906
-6430
7728
-7797
3292
-8729
-2977
8197
2820
2162
2993
4948
8669
-8451
-5240
6521
-2549
9720
-7252
4304
-8727
8830
1338
-3450
-950
-5196
-8229
-5753
5859
-4961
394
7185
6896
-7638
-6583
-5559
-8777
3857
149
-8237
-5317
-4021
6395
8495
-7046
-5780
-8028
-2244
-1157
-8071
-2100
-2371
-3476
-8889
-2642
-5749
9190
1969
-3110
-645
1725
144
4397
1265
8050
7061
3486
-2924
-276
8811
-9653
989
8139
598
-3835
-5579
7801
-5135
-1133
9516
1284
-9573
-9197
7777
6462
842
-5522
2429
8298
-2586
6113
7280
-5551
1037
-5216
769
8498
4159
183
-4246
-916
2087
-2074
790
-8416
-6336
5328
-1917
6428
-3058
3600
-9204
-6142
4756
-906
-4302
4989
8149
4443
6463
7450
3263
4448
1723
9572
-3612
-8536
6030
-2074
8889
9250
5026
-8905
-7336
4281
-5116
-8385
1446
-9449
6744
4683
3469
369
4840
-4816
-9054
-5838
-2069
1255
324
2313
-9467
-3266
-8082
9660
4558
2854
4189
7010
1167
-1717
8225
-1324
-2455
8734
-8
6883
-38
6660
-470
-1298
-4295
-9065
4211
1511
-6787
4551
8097
4998
7453
3738
7784
-6859
2231
2280
-4195
842
3997
2604
6460
3142
1678
-4572
8507
7449
-3896
9811
9610
4308
-2663
2465
1683
5946
-39
4410
-3874
3017
4354
-9227
7277
1319
2001
4789
8549
-783
5583
9237
-5254
8407
-1058
-7570
5778
-59
3158
-8712
-4685
61
2802
-9908
1298
-4465
-9990
-6879
2862
1280
5303
189
6127
232
-7146
-1764
-5980
3029
8743
4055
3648
-3144
-59
4352
-8703
-5405
6729
105
2466
-2139
6630
9813
8059
7357
4540
8726
-8944
-5593
4179
4519
-5135
9884
7939
6934
-9211
-6929
871
-6605
1957
-3195
-3043
7009
1425
3127
-3587
7540
-8852
5467
8578
136
-7587
-3483
9692
7823
-9804
-6656
8379
5323
-8555
-9944
-1350
1082
-1078
230
6458
-3045
-2326
-5299
-3182
727
4164
-8542
4808
-4838
-724
553
8623
-2073
4675
2232
-4376
9560
6517
-2838
8232
-9132
4066
3414
115
-3082
7409
5157
-2266
-1364
1580
742
-1833
5803
-1837
-2587
-7135
4868
-5677
5812
7292
4037
4662
9995
-435
4775
-1029
-4637
2232
-7560
-8473
-3658
-6881
-1155
2795
5267
5131
6626
9235
-5504
-3186
602
-9555
4968
2088
-3720
-3033
5982
-9275
5139
6899
1397
-461
-79
-5375
1492
2312
2663
9640
-6427
1993
-4732
3378
6753
7099
1913
3066
-260
1306
-1133
-684
9791
-4966
-2309
9551
-8897
8985
2179
6845
1393
442
-4246
2696
4893
-7256
6287
3032
-1521
3617
-8658
9672
-9579
-5242
863
-1307
-9715
-3446
-7781
6552
1367
6122
-9388
3915
-9944
6274
-4923
7847
6785
-5176
-6625
-6540
6390
-2920
-23
-6570
-9928
1802
-2518
2520
-3189
4103
-9838
3231
-688
6651
-3018
2902
770
377
-9880
-1244
7895
-4592
6546
6591
-9665
2950
-9745
-6226
-7234
5847
-9038
8967
-8483
-5465
8292
2532
1928
-6081
-4900
2193
-6694
-1367
3861
6443
-7531
1585
-1915
-3369
7905
-7710
6038
890
-4943
734
-6417
-7292
7662
-2903
-320
-933
-2576
3149
4390
5047
2444
5130
-933
-3301
6143
-3405
-8080
2221
-3562
-2773
9140
-8784
1825
1471
-2463
-20
795
5065
2871
5319
-9355
9573
3726
9338
-5510
308
6220
-9005
7713
5432
-4207
-1896
7745
6970
-7951
-7855
-4054
6734
846
-5238
9935
-62
-6582
336
-4048
-1730
-292
4289
-983
-5502
-1545
-8872
-6263
-7210
-8982
2055
6797
-8420
3142
-2889
-7253
-7618
2024
-5117
-2294
-690
-2293
1526
1443
6647
-6776
34
4667
6042
-6763
134
5974
-7520
-3666
-9781
8644
-9259
3564
1878
3615
-4846
-2468
-3656
8759
2516
-633
-9875
-2357
2815
5972
2227
9301
-5421
-3390
-1047
-4513
4472
-55
4005
-5919
-9258
-1937
-6355
9609
6245
969
5725
-3482
2358
-4342
7482
3613
7750
5769
7999
5764
-2888
402
9164
8681
7572
-7815
1025
-6889
3144
-3700
-5482
-3191
-1650
-9002
5420
-5493
1825
-6501
7977
-3379
8823
9879
-2042
5894
823
-7019
3938
-6692
4626
24
-6992
5847
5582
1068
-6915
4656
-4006
932
5985
-1628
-3233
-6663
4681
-473
-398
7285
4655
5451
6602
-9867
4570
-2235
1239
-5276
-8707
-487
-9329
2502
-3067
9844
-7022
-3611
25
-2146
-9577
3214
-8504
6384
-2062
-3061
-4866
6995
-1062
-4747
-604
3941
9569
3145
-5248
8136
3077
3126
7924
2076
1127
6457
9027
-3845
-8742
-5345
-8864
3453
2365
-5362
457
-4402
6074
4052
5139
-454
3911
-3401
-419
2600
7574
3136
3075
-4541
758
8696
5682
7139
745
4133
-9458
-9665
3206
-1687
3085
943
-4846
2696
9581
-799
-3416
-3818
-9248
4484
-1381
-4978
-5222
-579
6348
-5182
-4675
-942
-8918
7992
-5686
3066
7874
6712
3368
2680
1478
4596
-6811
-5190
-5755
-8664
-4148
8192
3579
-8376
8053
49
-6506
-1600
-3599
-2133
-9804
5466
7919
6240
2435
7642
-8892
2810
-6646
283
738
-8978
3765
-6263
5293
-9832
-1638
-4832
4334
3995
-6928
3356
-8713
-6049
9739
8858
6438
9415
8516
8471
7233
8127
-248
-9253
1448
3954
-8000
-3580
3445
5012
-9814
3625
2870
3334
7068
4031
-7265
-1401
3168
-9376
5150
2703
2157
-5597
5425
7607
4945
-6977
-9241
-1420
3327
6935
-1247
53
2663
-5299
-2414
-5517
-4927
-2258
-6404
1809
-4196
3175
-9901
-6342
7196
1625
-6809
-9723
3355
4178
-2772
7067
-6129
5292
-7484
5774
891
8327
5800
-2715
6879
3254
-5883
3419
-8454
8390
-1197
-7000
-7469
2049
52
9972
7935
-1733
-2796
-6942
-2163
6850
8722
-3409
5847
1500
2924
61
-4862
-4336
2272
5203
2986
6917
-146
-6675
9686
-7243
-9297
-7705
4883
5843
-1205
-4165
-937
1326
-1713
6797
-5909
8863
4769
7537
-4234
6945
-4097
-9672
-7753
142
1543
4137
321
6830
-6028
-9044
5551
-5919
8379
-9905
-9609
-8107
1068
6473
3218
3985
2225
4171
7137
-9613
5316
3853
6769
3379
-279
8193
-3656
-45
-8238
-2800
-4001
3178
-7873
-9184
5508
-9933
5463
4039
-7975
3896
-3960
6020
-7082
-8854
-3347
7779
-6276
9250
7440
-9862
753
7452
449
1085
9055
-6766
-8909
-2390
-624
-4889
-4320
-6447
927
3725
-7097
8060
-8575
-8548
-1825
5979
7194
9051
6682
-4943
696
-6919
8175
4584
7421
-4171
-9090
6471
-2092
9931
-5519
-4055
-6935
3965
9208
-1625
-6903
-8166
-8176
5049
-3823
-1246
5566
3486
-8719
-9005
-4806
-7961
-5035
-1666
-2318
8821
-6627
7827
-8594
-1729
6618
1761
-5511
-5831
-7679
-322
-3168
-248
-5890
489
-764
-3369
-6661
4502
-4215
-8585
-1763
-174
-3529
-6082
5180
-203
-8173
7353
6325
-8835
-1287
-4719
-137
7223
6170
-5193
8698
-4907
3678
2699
524
5466
-6881
1287
-5907
-2192
4568
-4313
8957
9693
-1372
-8708
7505
3687
4889
4550
3069
-9985
6249
7529
-1213
-7906
6103
9209
6217
-7078
4869
-1412
1091
2189
-653
-4040
909
-4931
-7158
-6900
1453
9755
6839
8973
5796
3677
-4053
5650
6502
-3708
-3423
4760
9279
-8467
6042
5168
-8495
7636
1030
4729
-9516
5802
-5611
2985
-4478
-2707
-4792
1651
-1198
-766
8540
-1272
-9052
-5051
-9651
-1243
-1318
9721
-5747
-9862
-2364
6957
6826
-128
-4577
-2435
-9360
8418
-1078
-2027
-1151
716
-6358
-6291
1426
-5854
-8663
-6205
-9985
-1412
-5232
9345
-7927
8093
-2263
4333
9393
-5434
7257
-6442
-9563
-4690
1974
7054
6838
-4505
3791
816
2772
7542
8154
247
-5199
2718
-3388
2946
-6929
-6479
-6796
8698
3222
9818
-7802
-7147
599
-2056
-6192
2873
-9024
-9070
2913
5494
-7454
-6719
-3347
-188
2748
4578
9177
2666
-6682
-5855
-2771
-115
143
-5408
-1184
-8474
-1250
2220
-1913
-8108
-202
-5644
1433
6995
9494
1416
7648
3526
5812
700
3462
-7537
-8577
-1561
5309
9211
-8494
-588
-9640
994
1040
8442
-6339
-4169
5183
4180
3334
2810
-9743
-9355
-3434
-1525
-1810
6025
9902
3631
-7175
7651
-5834
-4027
7016
108
9379
-1333
3162
-4261
-5709
6964
-5075
5756
-788
-8752
5504
8904
-1818
9026
2858
-4528
-3743
4564
5455
777
-4853
1614
-2937
-693
8063
-1398
3162
-2696
6079
-7579
-4390
2646
989
6740
9795
-6507
-2591
2461
8517
2467
-1890
-5912
-7236
5758
6609
-9059
-8902
-3051
-1613
4942
6285
-6610
5879
1779
-9823
-1197
1923
-8425
981
-7838
995
3640
-2228
-6861
-8473
-9901
4503
4324
-8545
4248
9179
-7288
-7269
7430
-6236
200
2495
2885
4347
-3573
-6312
616
6764
-6853
2863
735
-2319
-365
477
-6942
9183
-4053
2108
-1134
-4044
-3163
6767
-2590
4372
6509
6032
9143
5706
2980
-7542
-4139
2760
6382
7891
9502
-8674
354
2184
-2326
-535
-2339
4269
2476
5877
-6938
-2109
-1717
8281
-2660
-5179
2760
-3452
3285
-8068
3805
2411
-8222
7269
-688
-5781
7450
8989
-2003
1994
9714
4601
1165
1394
2862
-7998
-1501
8152
-8471
-9207
-6840
8468
6997
7763
3795
-8316
7005
-6137
-3432
-1421
-5433
7853
-991
-6518
8903
-618
1090
5051
-8244
-1120
1935
-8929
241
-377
-5587
7279
-1321
5878
-5829
-6605
2492
-2640
-2857
-1544
1683
-4885
-8562
1705
287
6963
7966
-6154
757
-3657
9630
-7567
-3548
-886
-4071
9503
-9051
-6464
-5872
-812
9094
-6678
1633
6203
3032
8188
-6043
-4681
-6932
325
-8319
4236
5680
-8901
-2137
-7459
-3247
-2189
7154
-7527
2842
4077
-2322
6960
7995
1176
1441
9567
-1147
-3635
7835
5600
6311
-5
4655
-3303
9009
-5229
-1096
-9645
770
4678
8042
-2032
7369
-2311
6142
-2824
6340
-5654
-7263
-5676
39
-8330
9771
-6971
-711
-943
-6069
999
9959
1831
9725
9119
-4737
-5393
1948
6734
1336
-3570
2801
-9890
-5646
-2171
-8981
7457
-7699
300
-9233
9410
-300
-8692
-2607
8078
5567
6560
-1522
-3582
3105
8217
7928
1829
-5828
9337
739
-6556
6959
1685
-8811
-9440
1882
-3800
3132
8256
-8747
-2142
-9072
-5549
7762
3299
-4467
4455
-9456
4497
-9094
-4449
2441
-8781
-6986
-3689
-8507
9821
-76
-5075
9306
5445
-7885
2686
6022
2544
-5502
-1940
628
164
-6542
-7791
-4231
9421
-4852
7447
801
-5735
5350
-1166
-8932
624
-2937
1760
7126
-3997
903
-2232
7089
3093
-4953
5677
-2617
-3071
9994
6639
-554
3674
421
608
-7374
9625
-1375
-1170
-4332
9082
8746
-8789
-2218
-9619
-337
2759
8580
9140
-6139
7028
-4125
7473
4622
-9242
-7303
-6863
-6077
1105
6777
-9988
1133
-2236
7489
-8679
6448
-3187
4476
-8354
-4623
6336
1598
1778
7269
9722
9137
1056
-6202
-2541
5592
4288
-6391
2474
1046
-5386
-1026
-6523
-5319
-4262
-8696
5452
9335
4607
-6206
3954
3986
6745
-2507
-3501
6663
-7477
5410
7596
5154
7795
-198
1954
-2074
-9180
7958
8835
1165
-8756
510
-5656
-9929
7601
655
7980
436
-8624
2700
8770
7888
848
1326
1437
-439
-153
-1038
-2495
6530
2157
-1780
-7769
-2455
-6798
3134
-6254
-1339
1363
-9279
-9793
9651
-7674
6989
821
-4654
6547
10
-2528
8742
-2622
1343
8724
-9875
76
-3543
-6606
6056
-3732
3132
8845
2531
3491
-4215
3614
1876
-5723
6403
-2359
8053
3289
-8621
-4251
-8170
-4716
6870
-3968
-3580
-8881
-7442
-7238
-9322
-7132
1790
1095
8092
6261
179
-7054
-9118
-1607
8988
7157
-750
-1740
-6623
1234
-2208
6399
-734
-4644
-2382
8220
6866
-7764
-810
5979
9351
-7597
8351
-327
-9660
-4239
-9558
8937
-1682
6383
5597
-4255
5624
-7418
7043
-6688
9747
-6003
-8370
7016
-6454
-1264
3654
-8560
4313
3470
9012
152
1003
5939
-3711
-9089
1852
-3974
-8010
9701
-3429
-976
9551
-3581
-7380
9658
8362
-3160
-7843
-4207
-2300
6198
-4808
-7998
-2308
-2383
-3900
-2373
-8886
-6962
5582
8783
9546
4116
-2421
2476
-3107
7418
-6490
3369
-7754
8050
1466
-8742
-2924
3248
-4969
7840
623
-7510
-7007
616
-2306
1617
-8209
3835
7124
4138
-5027
-9808
-8444
5681
-9059
-3699
-5520
8793
-8619
8690
-4608
9050
-2517
8977
4527
-1953
1478
-1117
-6591
8689
3623
8887
-7648
8982
-5082
-2756
-3485
-4372
3868
-9784
4574
-7357
7172
-1144
-6935
-2939
7213
-4890
-8958
1937
-2540
-7290
-8773
8219
6494
-5377
-9984
7577
559
266
5863
7901
-1209
9744
-8161
-4228
-3017
8083
7480
-500
9135
6905
-2538
5976
-7749
7765
9526
9277
9407
6027
-1944
4564
5437
-7426
7901
8068
7282
-6962
7595
4339
-2699
3907
-465
-2103
2140
-900
-9034
2142
2438
3389
9242
-3394
5505
2834
1891
-7454
-1100
9070
145
-1782
1922
-7311
-2823
4951
9704
8431
-1671
6165
-3703
1586
8483
3530
3069
6774
-7522
-4690
6638
2030
6885
2448
9706
111
6481
-7791
-4171
6985
-5358
4951
-554
6904
6712
-7072
-6246
-434
-1609
9227
487
-3978
9468
-8640
8993
-1069
3424
9398
-734
-5286
-5102
-775
4839
7239
5167
5956
-2177
9562
-578
4128
6645
1121
-6832
-6253
-5931
8004
4383
-4762
8151
-4972
6814
-9391
-317
216
7192
4285
8422
-9397
3739
-6282
-1893
-9370
-1136
-8997
1874
-7974
-5014
-9077
6175
9204
1733
-8125
-9327
-4137
6708
5528
1686
-6201
-2012
-6946
1625
7774
-3057
5942
-3598
3233
6669
4699
-2340
-8409
-4703
3011
649
-4141
7466
9590
8108
-7066
5996
-8963
9330
-6415
-5000
-2675
-553
-9163
346
2104
-3105
-5413
4198
8131
8851
2224
3360
-8805
-8622
-4760
9289
-2291
4715
-7591
2318
6066
1638
-9298
9094
-430
-4619
-2233
272
4554
2035
6666
-2406
-5745
-7884
8576
-4329
-204
1942
-5093
-4730
4242
322
9390
-1914
-8031
-2143
-9572
1599
-430
-7028
-9373
8906
1559
-9409
3742
-1301
7624
-2800
-2401
2445
-6193
-5428
2259
5096
-8897
3392
-8269
6707
120
9429
-8804
-1131
2490
4893
2993
-723
-7943
-2521
8752
678
5485
1954
1719
4663
6351
1550
5272
-5942
9495
2862
-9570
7030
-4553
-1643
24
-589
785
-7044
-5522
1246
8414
2046
2236
4406
5567
-5326
4805
7878
-9399
6186
5361
-7550
9311
1362
-6106
-8003
1420
-9372
-4298
-9601
1610
-5146
4958
-2748
-7864
7909
1600
-6000
7112
-525
-7512
7549
1015
5742
-782
1110
7532
1664
7897
3075
-7758
-7328
-6668
-3414
7132
-5971
8653
-9321
5678
9763
3322
-2997
5123
-8445
9570
-1551
-4043
-6130
-4110
8963
-7697
-5084
651
7283
-2706
-2882
-911
-3844
-7071
5106
-9815
5874
-2106
-4589
7540
4110
-1865
7624
5876
-5485
-8816
5037
-8841
1517
1577
537
-6364
-8515
4403
-8219
-2944
9930
6717
4515
3566
3221
-2081
-1969
1887
1125
9668
6635
9947
9636
-9450
1697
-3893
248
-2554
-7286
-2841
-437
-4218
-6980
4341
-6468
-611
-600
-7742
-7078
7529
6356
-6037
-3977
4711
778
-2071
6869
9336
-7431
-2374
-4595
-303
-1114
3506
-2347
3831
7318
-5022
-6811
-1672
-3863
3267
8725
532
5226
3663
1501
1859
4225
8617
-8629
-1908
4003
-7932
-5941
-9043
-8857
3007
-4463
459
-2270
1813
9055
5975
-3363
-5673
4300
-4024
217
-9362
1412
6991
5623
-5513
-3933
4400
-9560
8684
8954
4798
-6250
9169
-9945
5323
8670
-4258
-2432
1708
-4859
6359
1102
-6777
9936
4902
-1954
873
2883
-4405
8608
2
4637
-9162
-5542
7796
-5859
-6000
6329
-6726
-9361
730
1849
-5710
-4777
7237
-4018
5756
8408
8154
6785
131
751
1356
8333
-9534
3125
1897
-4507
-9903
2150
2994
-1785
6382
-7784
5913
-2779
-8842
6920
-1602
942
6004
-2896
9109
-52
3511
-3595
9548
-7528
207
-4049
7456
9551
5914
3492
-7306
8153
-6957
4650
3407
7903
-8120
-9801
2923
-1133
-9244
463
4644
-2122
9038
-968
-659
4935
-7166
-4511
-1358
1781
-3501
-1638
-1717
3654
1497
3565
-2079
-9236
-853
-7052
4228
-5822
1965
-4695
-7828
5979
5203
6944
3331
5401
4014
-1376
-5649
-326
-5271
-3844
-1136
-357
3666
-1785
-6846
7036
2225
-5284
6500
7194
5043
7640
-7517
-3290
573
4136
1962
4321
-5304
-4579
1955
-8671
-2093
3710
-6387
5054
-7666
-4740
-5677
326
-1041
-2160
-1647
-9740
3059
9116
9188
3080
-4418
-4655
-9525
-9660
-3015
7074
6456
7001
-1781
9178
6722
-9325
-3733
6286
1590
5901
-6893
1677
8654
7114
-7728
-7173
9058
-5086
9216
-8173
-5388
7739
-5759
113
8464
9454
-1822
-3446
3049
-6621
8412
63
-3948
5373
9543
6010
6031
-7520
-9293
-346
-4180
-8222
6322
3716
8687
-4377
6946
3973
-5581
-8796
-8342
6709
-6248
8765
-189
-5396
9132
-8685
-8565
3823
-1185
-6822
-2824
-7029
7823
-3728
-1152
3084
3990
1091
9979
2647
-8391
-8101
-7060
-7291
8521
70
-5554
-4785
8804
-1416
5170
-7740
-8998
1896
-6840
-2192
988
-2390
4103
2093
-5114
4472
-4669
8995
-7852
-8772
-4404
3285
-845
-3481
3214
-2232
-9700
-8190
-1375
-8899
5813
-6387
8494
-5853
4940
-7129
9210
-2657
-1381
8572
-1641
9932
-8539
-2470
4582
5810
-9013
5086
-808
9504
1016
9105
6198
2033
-6506
6934
9775
4130
-9109
2956
-3148
1513
6674
-2020
-7405
-7522
4066
-1620
-1818
3275
5089
7008
-1880
277
-7022
-8876
-7018
7372
-9538
-7928
-6642
-7552
-6797
4765
366
2468
8971
-7297
6036
7873
-5670
-407
2711
632
3288
3253
7784
-7940
-7392
5872
-9650
-2575
-1667
9964
2030
2932
8288
8915
-3274
4392
4779
-4318
-8610
9241
8841
-102
4691
5883
-3354
666
-5895
8059
-6910
-6221
5590
-1752
9172
3829
6242
5933
-615
-544
-4780
53
3385
-4200
-2785
5341
-7498
-7066
-7249
-3080
2945
-2519
-3374
-3812
8270
-6456
4976
-2532
-2268
-3365
-9476
7790
-5190
2960
1521
6333
309
4390
-9901
-1946
-8672
133
-404
7761
2273
3889
-3590
4178
-5980
9184
-1973
5923
2397
8210
1839
1855
384
416
-6243
433
-9158
-8640
1432
5263
-8880
-4353
2304
8
-9028
1333
-5024
-7990
-2771
-9829
2943
-2
-840
-5874
-646
9208
-1706
5751
-5494
1506
3012
3688
-8078
8684
169
-8844
3947
7453
2803
-4465
-4563
705
2333
-8629
-9240
-9959
-8672
-1223
-4196
-5573
-4312
-5703
-8412
8766
-2107
-8079
-3226
5579
4590
-4105
2354
-5761
-2289
8071
-2905
16
2355
-4070
-6563
-5881
-176
2839
-987
5488
-1825
-5913
-7232
1476
-6532
-3601
-7785
3921
1922
-9522
-9748
-1562
-6059
678
9591
-7310
1136
998
1472
2470
-9527
-3634
4180
6605
-2132
6578
-6247
-3841
-7379
-7761
-4903
4900
1904
9939
9734
-5583
-1853
8780
3641
1612
-8779
-8963
8960
1231
1858
6570
4226
5199
6102
6424
-5258
6274
-6434
8735
4294
4229
-7298
-3724
3848
4885
-2994
-2603
-2013
-5029
-1999
-3764
-9407
-471
9449
-4088
-8720
-87
3122
-5075
-7778
-5740
2964
-6049
9383
-6690
-7857
-3998
-6034
-8552
-5418
-4640
7892
6772
7276
2482
3116
3238
9469
5972
-576
5628
3366
-8734
9630
5214
-8389
8648
3567
-517
8411
-2951
-9992
3143
-8361
-8760
7305
1404
-7621
6649
-9404
3926
-255
571
-3505
7107
-5015
7199
2233
-6690
4732
9040
-1530
8060
-6777
8723
-2607
-2049
-3251
-5623
-7141
7329
-384
892
-4651
3034
6979
-6033
486
6908
-9559
-3930
4467
-7770
-7521
-6549
-6647
-1116
-3716
309
5285
-1791
3326
2045
-2827
310
4800
5581
-1111
6248
-9532
6320
3813
-3253
-8889
187
-6183
-3345
7214
-5957
6122
-7554
4755
-3592
1112
6608
8455
5449
8915
8954
-4735
-9148
216
7258
-9569
-4972
-1394
5592
-1262
7300
5315
-4111
-7842
-986
-5136
3478
-4270
-6229
-4474
2451
8405
7283
2972
-5885
3011
-1819
7603
393
-4617
-6873
879
1039
4220
-5774
6216
-6618
-3261
4165
7754
8839
1196
4758
-225
-9508
5800
-9749
-1316
-1694
-5465
8521
7294
18
-9517
-5997
2107
502
910
-2118
2237
-1331
2205
1752
2821
-9098
-8095
-4083
6847
2297
-195
6249
8581
-1339
9548
-5201
-2845
4312
-3663
-4516
1188
-5822
3230
-8693
-1510
-8322
8701
2479
-5026
9394
-8913
-6013
1454
-2933
3119
-1007
4063
-6243
434
-3886
7855
5721
-2159
102
3351
7769
-2234
6477
-8165
-161
8663
-7421
-5737
2475
-3782
-4772
-2978
-6036
-9581
9053
1534
-5950
7383
-9940
-1612
-1888
-7677
-1319
7452
5318
-6770
-8818
7584
-9735
2085
4609
6068
4029
-7874
4339
-979
-3386
-8005
-5913
6126
2433
-5321
-8791
-996
1306
9547
557
-6460
5295
8774
-1712
-1295
9842
1362
-5270
8663
1221
-9218
2513
-9299
3702
-4186
8645
-1876
1722
9723
-4795
9046
-6838
-7353
-9340
-3124
9332
5889
1684
6803
1137
-2715
3278
7553
-9564
295
1435
-5548
4161
-4578
4251
5901
-7543
-3061
-1508
8403
-4477
3283
6228
-8349
9245
-9414
-3604
-5219
-8285
-4084
-3694
7805
5511
-4143
1623
-658
266
-8023
3528
-333
3521
2693
3694
-7554
9149
-8537
9337
-6120
-9072
3813
-5128
-5581
-3779
7004
9366
-8023
-7058
5898
5128
6198
-1522
-6175
-4422
-3394
286
-3857
7714
4968
4986
-5199
847
-9866
-3805
-3786
-3043
-513
8734
3272
2992
-3184
6615
6484
-2458
105
2353
8516
7557
-5372
781
976
4845
-1324
1076
9874
8410
-4803
-7491
-5061
-1844
-7356
2676
-6307
-4581
5635
1670
-7362
-8535
-9318
-7473
-1403
8827
-7512
2382
-9780
9256
9509
-9581
-5650
9558
3290
-4500
-8741
-1425
4134
434
4953
5022
9639
9661
7492
43
6484
3288
-1123
-4979
-7948
1103
-8092
-6744
-7345
1521
-7630
9938
-6849
8377
350
-1489
-3368
5951
274
703
8209
9864
-9499
-1600
-8946
-1921
1445
9348
1100
5801
-9821
-4555
5684
-654
8359
113
356
-1980
-3369
-5532
3950
9699
-2743
-7493
9768
59
-3116
-398
-7142
8400
1301
1435
-1963
8681
-2420
-6266
7238
-7630
4682
-4565
-1008
-4711
-5535
5389
-9482
-8500
-3741
-3624
-2403
5910
-2903
4243
-2112
-1366
1985
9782
49
8193
-9009
7439
-7482
5630
2607
2853
-5626
-4309
-1309
-7917
-7965
8028
-1738
-3219
9956
194
6024
-3801
6909
-1196
408
4425
-3160
2434
8744
-6837
4244
8948
-1443
3880
9873
3072
-2733
-9580
9771
-4452
-5448
3024
282
3114
1705
-9450
-4051
7076
-3162
5759
3840
935
6499
7482
-1805
-70
-8057
-751
7476
297
4839
6209
7799
2620
9491
1142
-586
3214
-8986
-4385
-7891
3042
-7416
-6364
-9121
6276
-1019
6764
5425
-8137
-6818
3991
6958
34
-7645
-8090
-3193
-4110
-6470
3636
7486
2185
8253
7944
-8933
5423
8045
8553
-6050
4217
4701
-9032
4672
8366
-9676
8671
8629
1047
-6515
-4386
4255
-224
-1908
-3594
-36
-332
3423
8412
8930
-1320
-6155
107
9802
-3424
6165
-6554
7454
7504
-2929
3623
-1389
3042
7501
7836
3350
3426
-8070
4687
9391
-5001
7832
2864
7021
7260
2703
-6284
8705
-4279
4584
-3236
3109
8029
6739
2005
-2538
-4197
8732
7931
-6226
8040
-1779
3421
2495
-3785
7052
-3070
-8780
-3325
-6809
9688
2184
7699
-9141
1092
3228
-3452
8654
7691
-3337
3868
-2604
-4575
-2559
3978
2048
8234
4806
-2642
2503
-9307
6468
-5224
-4755
7805
-5972
2528
-2641
1357
9568
7824
-6103
-8640
-7655
3533
9366
5776
-9180
7482
4562
-9677
-2942
-2741
3525
1172
3089
8107
-5877
8826
8725
-1829
9202
8322
-1119
5114
-5985
7483
1104
-1655
-1415
2748
-1981
-1883
8992
8019
166
-1583
7611
-9759
7837
-8386
-6754
-5672
5808
4028
2254
-170
9602
1807
-1748
-7647
8565
7093
5411
3722
-5425
3299
-5529
-3301
1831
4996
9501
-3312
-3714
5795
9339
-1609
1716
1890
1173
4139
-3542
-6204
-6773
2345
-8904
-9411
2634
4814
8452
2529
-211
6475
7605
6763
-2984
3665
-7511
6141
5129
-7743
8661
-8026
-4131
8153
530
2739
-7581
-8814
-1391
2777
-7146
2045
8492
-13
9889
-5517
-127
1937
3805
1871
-2794
4379
4168
-3876
8740
635
7904
-2867
-5888
9047
-3863
3700
-6242
4729
2501
9063
8123
-9946
5938
7707
-6058
-1388
4172
-7830
676
2537
4978
8031
6338
-2907
-217
-6051
-1556
1854
5347
6469
4712
6720
-9536
-4559
7163
-4437
-1294
-8987
-3630
-9151
2780
-8890
-4375
-940
383
-618
3093
-4976
5113
1268
9552
-1672
-1623
-7094
-4961
709
2483
6361
7758
3313
6460
4864
8506
-7753
3862
-1132
7280
-3017
3978
5098
4903
-1144
9638
-2908
-5973
6012
9272
-1928
-185
2127
5692
-3483
-1668
-8577
1893
4429
-1451
6464
-1161
-6870
4705
-5615
-1639
2956
8674
581
-7405
9409
-2916
1160
-4971
5940
8183
5246
9477
5246
376
9810
44
3784
-6160
-5322
8009
597
3206
-1256
9912
580
-8805
3417
9335
-6817
1851
9039
-7521
-5720
-9591
-285
-6175
7998
-8863
7324
2168
-5344
9368
544
7492
3228
-7748
-8445
332
4650
8252
-3760
-4802
8572
-4265
-4206
-3040
1904
694
-7981
6111
-7738
1761
-5113
-6060
-4596
1750
4428
-4219
-7298
-9700
-1871
-4594
-4045
9563
2190
-5164
-1790
-2512
-461
7516
3503
-3253
820
-3307
-5422
-7740
-3522
420
9092
7903
-8922
149
2723
375
1820
-7414
6498
-4575
-4994
-3601
-4161
-4339
6711
-3106
-4203
-3819
56
-2691
-4929
939
6334
6849
3720
-7603
-2329
-3712
4283
-6495
3688
2282
4314
8545
-1386
9794
-1472
-4818
-2283
-4315
-4832
-2903
-2374
6129
4862
4212
-9117
-3977
4335
2609
6373
1505
-2844
-9819
770
-9342
-7273
-5131
1866
7023
-9388
-9110
2909
2135
-2140
4235
-71
-9049
7230
-5010
5878
-5842
260
-3237
-9990
8614
-8840
-2224
4601
111
-3476
-3583
-243
2135
7051
-8375
8447
-6092
2396
-2919
241
1985
-1369
-2439
-4759
-9008
-8094
-8018
4269
7375
-2689
6715
-4504
2306
-4380
6960
-1661
562
-7490
-3144
-2891
3093
-2642
-675
-9589
-7467
-5887
-6369
-194
-1433
564
-5913
-9814
-2566
5107
-1632
9106
-1844
9619
-1930
-1113
-861
7795
-1421
6479
9622
-7159
-837
6463
-902
8221
-854
3515
-1471
8174
-7274
8533
3895
-3321
9190
1071
9792
-7965
6866
5842
-9233
-936
-817
6164
8262
-9737
-8637
-663
-6210
-3870
5748
-3851
-6979
6656
7319
-8539
-5650
-9827
-615
-8438
9416
5491
1054
-4825
-7413
9115
-6918
-9794
-8209
8555
-4693
7506
552
-1920
9861
-8802
7296
-6502
-1188
5117
-838
-1241
-9812
-5580
7150
-3991
4154
6497
-5667
-1044
7819
5498
8527
5338
-6906
1984
2636
9018
-8617
4750
-8979
9896
-1005
-2049
-2710
209
4040
-8418
-3189
5823
4886
-4914
-8139
-2812
-6371
-5553
4104
-9433
9375
6197
1623
-6953
-5691
4088
-1780
7133
6809
-3794
4217
3819
8496
-4387
3227
6963
6970
2748
-1547
-8330
-8006
3469
964
-5614
3499
-3698
8376
-7482
-546
799
9182
-9527
-3314
-1978
-7103
-8056
1959
-5950
8313
5794
-4410
928
-7258
-2929
9549
3298
-7572
3256
-6718
-3550
-102
-5861
-77
-4364
-6282
3333
1441
-3360
-957
-5235
-3809
5895
-9496
-6373
-1870
-6623
6516
5848
7204
-8652
6402
3183
-1525
8171
6494
-2901
96
-1423
-824
5389
5781
-4277
-5812
5849
6743
7407
-790
-8382
-147
5630
3167
1279
6577
-6548
6544
-4862
-6455
1753
6916
-9455
3856
-6760
9346
-2496
-1074
-8574
8537
8280
-9494
7767
-438
977
8526
6157
9838
9154
1557
-1357
-9367
1838
-9171
-5732
6378
-9486
1604
-5504
-7770
-3138
6521
-7786
-2708
4265
-3929
-626
-5102
-8812
4719
-6670
9654
2873
-1760
8394
989
3061
8623
5190
879
-4972
-2183
-7532
2929
4850
-6664
8477
-4525
8655
4877
4911
-4861
135
-7253
-3733
1358
7085
-5749
-7279
173
8697
-1494
-5799
-2155
-8392
-6897
-3344
-8007
-1624
-7880
4062
-9112
150
6748
1481
-3015
-6393
-4926
-4610
-6647
-6618
3521
-3998
6863
-4260
-6411
55
2676
-9674
-8079
-2097
-9689
2297
-2467
-3432
-7694
4138
6438
9185
-6979
-8250
-5433
7133
-4512
1087
-1145
-1949
-3127
-1970
7476
-1301
9008
7884
-4019
-3674
-571
1576
6475
-6753
-2951
-7844
-1100
4159
3861
9676
-3152
-2066
-4415
-6122
3665
-8612
8403
-2823
-6624
-6170
2256
2343
2377
-2762
-2933
-6915
6650
-3442
4814
2955
-7600
-2523
7400
-3609
5650
6442
-2836
-7654
-1278
4933
-2293
932
3795
8434
-2316
8963
8396
-2066
5684
9499
-424
4591
-6284
-739
2852
9128
-8574
2621
7983
-1104
-1161
-5341
-1221
-8706
7922
9821
-9918
-5519
-3834
-6186
2093
-2398
4339
-8544
4944
-5900
-6093
-327
-6264
-3004
2383
-9759
1500
3977
5527
7946
4731
7316
8266
7438
-6020
4851
8562
2407
632
7362
590
6817
1641
5032
257
-7902
-1618
1092
8356
1149
3185
8055
-6305
2726
-305
-8675
-7614
5311
-6527
9259
4671
-6309
488
2723
-4451
-3853
3324
115
193
-1061
2249
7956
-7772
2095
-6022
8006
-8839
-1065
-2633
9037
3255
6423
4223
-5677
-633
-9821
-6862
318
-374
2032
-2091
-4659
193
8267
1907
-851
-9716
6098
4927
5775
8175
7115
-4657
6424
2850
-6615
1527
-2381
6455
3597
3892
-2728
-185
-9571
9648
4814
-1540
9172
-2282
7842
-2888
-5533
7526
1212
8427
9646
-9266
1886
6829
-8727
-1397
-6444
1049
-5476
4278
-5299
-1249
625
-9219
8507
9195
48
-914
6489
2963
-5003
7436
8770
-8668
-4100
2115
-1903
5053
-1937
-4409
2152
-8230
8972
6056
9865
3185
3952
-2570
5469
-6685
-4296
-3036
-6620
3085
477
688
8542
-1804
-1796
-9785
-5805
4901
-2385
9715
-3175
4183
9983
492
-6205
-5077
-6180
762
-440
8898
-7650
-8975
2645
-8330
866
-2746
8096
8472
-5337
704
-7799
6571
-8057
-4290
-3109
-9279
9650
-6411
1258
3589
-1549
-3916
-2314
1205
6063
-9496
-2442
-8054
-1170
7243
5169
372
-8289
-3741
1235
8861
-530
6777
9303
1491
-1316
1674
4477
3661
8007
-8943
6395
513
4887
-4507
5278
7883
-1591
3466
9815
2604
-1072
1261
-3902
1406
4143
7379
-8831
-5991
7983
-8512
-1461
-68
3055
9542
-5501
-6895
-7274
7441
7262
-6693
3146
215
-8444
-7608
-94
-5688
-1876
904
6641
1037
-5055
-8069
2833
-3544
-3500
6499
8207
-3702
9860
6862
6848
-7423
5114
-4308
-8723
-64
8416
639
5295
-6322
5416
-6084
-2244
-1832
1561
-3155
1379
3003
-114
-100
959
9863
1166
9929
4063
6601
-2251
-3529
-9120
-6514
118
1406
9435
-8154
9302
2369
8842
3465
-4897
-3560
-965
-7362
6852
-8803
-95
-4358
266
-4651
1534
2908
-6553
-4806
2489
869
3683
-5891
3190
7509
-5932
2869
-7638
5938
9484
7553
-1152
1013
3919
-20
3728
2784
9525
4054
-1893
2402
2507
-8032
-3794
3194
356
-4882
-4011
-2368
4088
2879
1358
-688
-240
-657
-7143
-5804
3803
6007
681
8609
5296
-9625
2048
4825
4749
4895
-1078
-546
8477
1083
3616
-458
8271
-5494
-6497
-291
8441
7448
-8918
-5228
-4052
-5227
9775
9967
7264
-2749
-2112
-9121
9621
-7234
4147
-9981
1555
-3736
2313
8802
-8914
-1170
3481
-2395
7294
-8
1477
8881
1969
4657
8587
5420
-47
-9385
-3062
-2340
-1451
9255
-7855
7901
-9148
8976
2391
5360
4458
4506
-3962
-8110
6620
2020
-846
659
-6013
-9960
5115
-7337
-7040
6208
-258
6905
8817
-9797
-2438
3213
-8563
-4597
-5930
-9397
-2582
1380
5923
7379
-713
-8986
2247
-6338
-8024
-2547
559
-6805
5482
7831
514
-3781
9569
-8216
-8402
4286
-4795
4547
5621
2862
3823
8505
6132
5334
3089
766
1088
8519
-632
-7822
-4140
6484
1457
6530
6100
-1579
-8272
-1125
8557
6050
-1502
4473
4096
3770
8615
730
7128
-3116
-7333
7680
-4087
-922
6983
-3492
-8526
398
5455
-5007
-3418
-3779
4983
-7585
-8043
9155
-4646
2315
-6405
-3765
4375
-3282
-2844
5259
3278
24
22
-2634
2837
-3949
6244
-2373
-2714
-950
7167
-5689
-4963
-3126
6670
69
857
2072
216
-48
7189
3255
4059
-8621
-5296
4005
-6489
881
-3841
7494
-6688
-9367
-1120
-4403
-6032
5888
-7364
7772
292
9444
1157
-6273
8906
-6770
-8770
3438
-3755
-1336
7901
6053
5625
695
-874
612
-6118
-4837
-6205
5995
753
-9931
-9257
-8652
-7808
4734
6945
-3925
-6307
-6085
2164
-3540
-8462
-7418
8866
-1635
460
1337
7992
-8589
-5867
-3985
-9814
9996
4780
-3927
-4973
-6505
5066
7165
-6156
-9688
-4778
724
158
1531
-4585
9174
-6050
8122
6434
-2945
4720
-2321
4704
-9225
-3808
-4911
2118
575
-1571
-3962
-7787
-169
-7053
-3148
-6431
3139
-1854
-2809
-3781
9371
8431
1211
-6653
4724
8917
-9432
-6610
7786
6624
5268
8100
2303
5178
-6420
9923
7615
-8758
-3558
-8671
-508
-7043
-6069
-6380
-1210
4358
-9172
-6269
-4814
4337
1064
8166
961
-4076
-5182
8862
1624
7797
-9003
-2302
1935
-1572
-3277
-6097
1523
7371
6761
-3533
9936
-4262
1959
9991
4802
-1640
-6609
-7946
3613
8402
-2872
3480
-8629
-1823
6421
-2837
5189
-1479
-1955
5306
6306
4251
7495
2704
4928
7516
-2304
8757
-8966
-7749
3652
7047
-7935
6442
1728
6678
7200
-9532
-533
4132
-2308
2351
-1369
6906
-177
-5943
8244
8136
2287
7255
1071
-162
-8917
-4590
4358
3649
-6694
2376
2934
3493
3306
9053
-1687
-8884
4041
-167
-7421
-39
9530
1517
-102
-2852
-3269
-5329
-9108
-29
1333
4044
-3508
9918
-6708
9938
-3588
2533
-825
-446
-9223
-5971
-795
-3764
2877
-4211
75
-4160
6022
-6970
-702
-5050
-8835
4958
9264
-2500
-7679
-7926
5803
131
-4554
9676
-7911
-3262
3755
1474
3668
-5487
-6193
8792
2390
-8901
-4690
-8756
-2534
7618
-1323
-5247
-3575
-315
-5780
-5106
7371
2187
-6268
3188
-7426
2811
7183
-3899
3337
-4272
-4150
994
-3513
9852
-5356
9466
-7911
-7930
7475
-3609
96
-1360
5015
-9990
-2882
-3236
-2872
-3171
-7673
6789
3813
9807
7144
-6687
-224
87
5958
-4743
-7292
7738
-3338
-7367
5240
2462
-7426
8455
-1810
8840
5854
-3982
-4379
-7791
-5570
-6674
-1846
9097
-1537
-1442
-3749
-3457
7815
-8805
-4548
9863
1107
9500
3893
7441
-456
-6954
-591
-8299
-6948
-5208
-1390
-3123
-2047
-8532
-9622
-7961
-330
8842
421
8182
-1449
-9463
7924
-379
-8908
5847
8603
2103
1640
980
7097
4135
69
-208
1810
-9786
-1944
7666
2301
-3746
5321
-7690
7994
404
1822
7066
1560
6891
-6450
1323
-8055
-4199
3371
-4102
-5257
-3867
-8866
2746
-4500
6756
-6726
3915
-6470
-6222
-1753
-8748
457
-2011
-7484
-1712
1444
4764
-4096
9415
-4220
8497
-1154
-1450
2701
-1918
-8782
6312
-9822
9051
-157
-1396
7970
-4011
-7990
3838
4952
3753
-1889
9285
471
-3494
-6716
-4264
9840
-6437
-3224
6435
6597
3926
-6788
6819
-5668
4084
8278
-6334
2430
-4048
-7764
-6545
-278
6742
8167
-8911
7494
178
7946
5116
4939
3389
2542
-1664
-1254
5751
3138
1754
9094
7204
6324
-2216
4391
-8862
-9549
8654
4889
-1819
4826
3359
7117
-4103
7145
-2442
8914
598
4337
-1640
9189
-8520
-9779
-4679
-7030
-6288
4933
-9721
-6259
922
5171
3401
-1028
7664
4555
1926
8923
-7917
-8613
-5414
-274
243
1781
5117
1314
-9292
-6623
3415
-838
7612
5419
-869
4295
211
-8679
2842
234
105
6599
-1353
-3463
630
-5291
7947
-9296
-8397
-7794
6349
-8687
4973
1190
-8550
860
2448
-3232
-1200
-1185
3968
-925
-8582
-8482
-8318
-873
4633
1470
-7868
-4697
-5810
3217
-4309
-9437
4461
-8036
5123
9970
-5272
8657
27
1865
8539
-6848
4207
-7769
-9736
5922
-3199
-2945
-6493
5534
4848
4709
-4466
-5639
-7087
5088
9279
-764
-1717
-4544
5041
-898
8772
3295
8276
-1675
-996
-9515
8379
1595
-5965
1139
7040
-3780
4940
6667
9645
-8023
9282
5747
-4218
4954
3915
7242
8271
5760
-1081
-8669
5335
-3672
1859
-7112
3792
-728
-2170
1234
-3231
9600
-5836
-7880
-8298
-1731
-1149
8962
-4999
-341
1866
6136
9388
-7320
4144
4821
-1737
6203
-8557
3456
-569
-7899
4037
-3701
4305
7057
979
4458
7995
7718
7503
9849
-4553
-3107
-9757
6688
2162
-2170
-1200
-1346
9810
-3500
5442
2193
8068
-2516
-5476
4620
7523
1162
914
2009
-6050
-6279
7035
-3197
5646
3688
5270
1271
-1405
-1930
-4046
3793
-2700
-5209
8374
809
8046
-8543
3104
-6948
6794
7845
-3577
-1435
-9837
-2954
-1608
-8732
1628
-5923
233
8516
5260
4702
-2308
-545
-601
9725
-5435
3777
9908
-6067
-4262
1378
-3507
-6498
-679
-4287
8811
8955
-6211
-1980
2994
4328
-1489
-4158
1600
-2275
553
3495
8453
-213
-9343
826
-8527
-6617
5680
-5652
2123
-137
3881
9420
5123
4149
-3557
-2221
8814
-4614
-3634
-8707
2082
233
-6416
7030
-525
-9948
-4793
-4819
-7843
-4466
7587
5367
-4686
7919
2930
6320
1843
8100
7815
9877
151
2359
-1906
-9721
-4951
-5235
5555
-8762
8579
7809
-7665
9875
-4268
7994
-4633
3617
-2238
-1363
-4806
-1832
-5417
-9028
7463
-7147
9824
2390
457
-184
-8602
-8787
-2491
4020
5213
440
-238
-9072
-6599
3018
-6633
5828
-4630
-1744
8176
-9724
-6751
-4248
-180
3015
1090
139
-9845
165
-409
540
-649
-3990
5371
-8875
-9692
-478
8162
-7475
-4286
2916
1679
-8975
-6901
5223
3090
2662
3825
-3876
-5414
1728
2037
1865
-5514
7978
424
6455
8970
3584
-5782
-4126
-9131
-2364
7199
3561
9721
4562
9486
-6174
-2892
-428
-1191
7078
867
-265
-3305
7003
-5863
-9744
-7389
-3862
-3626
2449
6740
-3339
3085
-8982
-4787
2728
-2369
6776
-2034
-3050
3923
3389
-8304
-9751
-106
-4843
-2568
4893
7757
-6051
-8785
-8881
-9710
-7856
5269
-32
-6091
-4138
9996
2334
-4807
-1118
9073
-5109
6501
-9481
6610
7413
-7423
7595
-269
-5742
5273
7161
-2592
-3684
-8323
2006
-9608
2424
6056
7433
-771
-7176
9437
-3258
-5873
6496
6898
-3140
4619
5846
-9950
5826
-4587
-1097
-1704
2565
-5474
1625
6281
5718
536
-7027
9530
489
-5402
3665
9787
2000
7190
3698
-4645
-6349
-2298
2614
7150
-1533
-4545
-4125
-8840
2797
-5202
3093
1066
2433
4651
-1205
-6851
7232
-6018
-8559
3370
6302
-2347
2644
1810
9022
-9670
3784
7712
-4052
-3498
-6576
-9604
801
-1147
3382
-8801
515
2973
-2108
2761
-1577
5062
5385
-2398
8579
-9085
6402
-5174
8173
4009
311
-4742
-5559
-7938
-2665
8509
-5939
-189
5422
4089
8234
-8265
4084
-684
9597
-5070
5089
2685
-1224
1094
-3173
-9178
1778
7433
5577
-8109
-5818
-2645
-5676
-5950
1598
-490
8205
-8951
-8920
-6252
9843
9028
4553
5725
-319
-2765
2138
-1570
-6463
272
-7629
5415
9585
-5972
9375
-7543
7503
-7729
5146
3072
1933
7267
7186
-2633
-1867
-9805
-1227
-1934
-5176
-9505
-2837
-3758
-9312
2441
-1631
-2371
9716
-1610
-1103
-1974
-1894
-7261
-2884
-768
1633
-4299
-8927
-3483
4030
5672
1985
1863
-7286
1178
5843
6842
9858
-9949
-4864
2665
-4973
-6437
2632
-2382
-4952
-6742
4647
7914
-2369
-619
-1908
-6197
-827
-5804
1414
4797
-5337
-5539
2138
8765
6795
-5869
-5773
-2245
4888
1424
7012
1673
237
-4376
-1614
-5970
7796
8707
9475
6266
2471
9095
-5899
-6326
4655
-1088
-467
-8496
9258
4923
4193
7015
953
-2684
-3130
7095
-7486
5438
6895
-2487
-294
-4164
-5394
-6630
-7798
-3088
3264
422
