5706
8876
4774
728
-7707
8225
-7712
-4216
-1196
6870
-8008
-8536
8874
6813
-3588
-6693
-2881
-4754
4823
-9929
2746
-3695
-7715
-7726
7037
-2629
5089
6408
3696
6549
7784
-933
-815
3868
7381
7014
-9647
8193
403
9996
6606
-7176
1908
6747
-2092
4008
2974
-9118
6107
-7351
-6103
4808
4313
-8009
-2418
2056
1352
5639
6135
9801
-2391
2175
-2435
-1725
8020
-902
66
9186
1899
9494
-1951
-4725
-2746
759
-6851
-7474
5306
-5220
5485
5132
-1094
6626
1272
3443
9446
6858
1137
6100
4911
-8691
1230
-8968
-3881
-5920
-1823
9464
9854
941
1507
-8093
917
-3242
9418
-7071
8599
-4438
6025
-5398
5327
7452
-7709
6683
252
-5314
7417
-2812
-1474
145
-7398
3222
-2602
-444
-5056
6960
-1266
8751
-4285
-5810
-967
921
9711
3551
-129
-6591
-5696
3983
-2827
5099
-7689
4986
5217
-1810
9083
-9216
-869
3957
7614
-1164
-1577
-2061
-9896
-9448
3827
5310
-4512
2460
-552
7361
-9938
-8777
-9497
2337
2861
9596
-9612
3271
1975
4898
5772
491
-7133
-3721
1164
3783
5085
5375
4154
-3985
-5799
-4855
-4096
7018
5109
923
-2821
4466
8447
37
3281
1416
2515
92
-3536
9512
-541
-1363
5736
5796
3223
-2178
-2402
1194
-580
5916
4360
2457
7279
-9821
2033
-7100
1015
489
4369
-7022
-1210
-1432
185
-6634
38
-8639
-6514
5300
6704
-8635
1322
9595
-7153
-2020
-1145
-6499
378
9041
-6704
2920
-7876
7682
-7418
3332
-7815
3477
9486
264
2071
1824
3439
6505
-4647
306
9961
4760
9721
-5471
4044
-7272
-3389
-3755
8779
7245
8065
2
7798
3223
-1228
-9178
-8248
9550
3857
-210
2814
9672
-5483
-5935
-901
1779
4332
1538
4446
-3950
-9057
9920
2838
-8209
1452
-4522
3127
-5793
-9705
-4803
9312
1251
-9647
-3126
-2000
-1748
-8528
-2372
2775
5178
-1281
9571
10000
-1229
-2506
2444
-1880
-2192
-342
-1257
4155
-9714
-420
9409
-8103
2444
-3222
-2701
-2743
941
8588
5697
2859
5413
-1334
-8456
1197
9126
-454
-9277
-4983
6740
7795
1090
-3865
9673
8636
-7919
5857
8807
-2971
1794
-6954
-2531
1687
3920
180
8924
-6959
2820
9998
8345
-4882
-820
6955
7537
4029
-3246
-480
5966
-9937
5213
-6825
-9417
2898
6847
9055
-318
-3911
-6983
4685
-5476
3805
4000
-6171
-6935
5947
2348
670
2780
-7418
-4144
-9328
3544
-4137
6338
-8454
8984
8682
7089
-1624
-3356
7540
-2428
2705
-6545
2572
9921
-4409
2352
8371
-326
2047
2163
8884
-3403
-1864
7724
248
9063
7944
6270
-1735
6051
-4215
5004
8112
7712
-2233
8120
2219
8204
1240
-8974
9575
8862
8673
-3247
-6461
-1685
-5813
8158
-7887
-1050
1540
-112
-7975
-4913
-9567
5996
-5906
9391
-3836
1000
-9007
3295
-4564
-8923
9624
-4852
729
-3755
-898
2291
-9419
-3544
3719
-4170
-5383
6894
377
-2817
8524
8514
-1056
-4254
-9815
5284
-5391
1719
-7350
-5845
3351
-3373
-7464
-8481
-470
-3211
5726
9645
-3636
-790
8977
4760
8631
-6072
-3762
9610
91
2197
8035
-8793
4533
3021
7786
-2284
-5739
-7297
4277
-3215
8144
9474
-2732
8342
7435
2137
9192
-4110
-7871
6668
-4860
-2285
3714
-868
2204
-7809
-5218
8101
5996
4391
419
8592
-7686
524
-1182
-5120
2531
2818
6665
2865
-9902
-3104
8975
9008
737
7028
-6599
-710
6614
-5252
1059
-3682
-9663
-2127
1213
-8532
9460
4640
3988
7151
-3897
-3735
-9684
-1979
-2959
-4936
8378
411
9304
-2959
227
-3154
-2303
3909
1379
444
4818
-8318
7920
-3235
1633
608
9273
548
5390
3429
-4890
1853
8302
-3161
1019
-6293
-4117
8144
-991
333
4574
5938
4115
-468
-8339
-7410
-4279
9175
-7898
7142
-4484
-2485
-97
-6247
5872
-768
2551
-7994
-2913
897
2236
385
4431
-5455
-8156
-1427
-4100
4982
-3897
2921
-4921
-8243
4688
-3800
2640
-9772
-2960
8563
-3866
-5093
-3930
-956
3783
-4754
2370
133
-1399
9560
5655
-6273
-1319
4055
-5409
3691
1564
7327
2745
2913
9033
-9279
-6301
6390
-9968
-5990
-1217
3425
3326
4878
-7628
5124
-5272
2295
4838
2579
2381
311
-4770
7257
8203
-6328
7545
-5104
-5686
-6845
4629
-8133
4628
-7761
5614
4422
-4324
-2253
-7706
-7115
6658
-228
-1408
-1099
-1561
1730
-467
1901
7056
3392
3063
9177
-7741
-3767
-7103
-6090
-2837
752
270
4194
-925
-3421
5154
-6847
1107
-5774
-2491
-5544
1231
-7490
-5988
7508
-6612
-10000
7325
-578
-1752
-8831
-5850
-1277
-3633
-2496
3220
2472
-4657
3031
2419
8410
-1787
-8746
8665
-9110
8737
3208
-4875
7465
4988
-7306
977
1107
5472
-9435
-7416
-2579
3160
-7865
7043
-2118
-5429
-558
8287
728
-3216
-3614
-1742
-8018
-6176
9077
-3161
6130
-1004
735
-8542
-7460
-9656
4191
2629
4459
-7017
7655
7396
-5531
-4728
2750
-5763
7098
-3701
-4887
-6403
-9097
-8319
2076
5150
-1485
3649
-1259
-7940
4739
-3434
-8168
-4759
-8762
1012
2470
-295
423
-5058
1001
-8585
4434
-2663
-1754
2620
5782
7522
-529
-72
-2002
-4223
1805
6041
7183
5338
-7859
-2653
-2531
2348
-6502
780
-9628
-9831
2281
874
5042
-3029
5336
8378
5677
369
-9270
-1388
9372
9075
9254
-2274
8724
-3507
-1789
-5052
-4884
8698
-9427
4734
9046
7322
5571
9225
-940
-3841
-6454
-1801
1015
7841
-2994
1990
-3770
4584
-9285
-5753
9755
7047
-7146
-4853
-3952
2247
-9222
436
2447
-3296
6300
-2942
4599
2982
-122
-2327
6731
-4683
7165
3971
-1181
-5692
4410
1266
-6209
-6984
3277
5545
-7855
-6085
3887
-6942
-8281
7737
8379
1619
-9305
7959
-7653
-4505
3137
-647
-67
6478
6345
2586
-5325
801
2494
2170
8847
2117
5977
-5470
9027
9997
5423
9657
8658
-4250
-9882
-5738
-8703
-5916
6933
5438
-9783
9215
1713
-7991
7416
-2049
345
-8717
-6737
-2242
661
-5194
2471
5891
-5672
1878
-3277
-7317
3642
6610
6886
-6316
-1839
-1199
-6791
-9178
5890
-6620
8380
6292
8070
3983
-619
4186
1966
-4608
5773
4426
1100
-276
9520
727
9878
4729
7761
8268
-1167
-1531
5832
-5927
5270
1543
6552
997
-9435
787
3294
-7752
2568
-177
3890
-875
6887
3742
-2269
-111
-2916
-4914
-2683
-9670
-7451
-4807
9612
-8456
4552
-9634
2317
-1067
-8761
2141
4144
-4016
-6333
-7290
1804
-5715
34
-8914
-6773
4032
-8002
-5441
6271
9295
4231
-9611
3774
4816
-6741
-9099
-6458
-814
-6316
9856
1573
1682
3714
-9714
-6637
-7456
698
3697
3974
2079
-9447
5955
-9539
3195
480
-4103
1295
5858
8257
-4351
4391
2281
7482
-5472
-2838
5594
-1135
-6385
3684
-8643
-8549
-3124
-2585
9125
-5169
9291
-284
-4612
-5529
1636
-7945
7734
-7334
9319
2196
4168
9015
407
4090
3845
-9164
-7595
5974
-4053
5021
1452
-3760
7397
-4682
7967
-84
2010
-2030
5732
8464
-6397
-4493
-8574
-7282
4171
-1195
9573
1022
-9167
-4915
1085
9466
5508
4000
-9152
-9719
9318
5879
-1682
6569
-7466
7597
2776
3128
-4220
5453
7288
-2820
-8212
9651
8428
-7468
-2615
9214
-7055
3666
5248
4520
-4370
690
-1975
8542
152
-6340
9301
-7570
1719
-5046
-1436
-9755
9790
8952
-6996
7787
7715
5785
4836
1990
-2273
9988
-410
9471
-9333
3372
8829
-3877
9282
-9405
-9275
9947
4811
3371
-1435
6904
125
-7567
537
-2863
8123
-5271
9375
7959
5799
3386
-9894
-7370
-1265
8132
6465
1282
-2471
-4734
-5886
-4878
6233
-6635
561
-7735
5382
-8595
-4911
-8449
-1726
1447
-8036
-2125
-1515
-8254
-7008
-8029
-6735
-8718
8623
-2757
9877
4347
1637
-6896
2299
-6148
5985
-4729
-7862
-1646
-1817
5452
-4165
-9674
-4550
2397
-5833
-757
9907
-9057
-1422
-8848
4612
2609
-7963
7264
8089
1536
-6696
9107
603
-8608
5871
805
2121
-5995
-9900
-1464
8805
5862
-4839
-107
1517
-8240
8429
7990
-9332
-8312
-5222
7642
-7137
-3050
9446
-2269
-2961
2294
4813
-8904
5333
814
9667
-6181
4632
7695
3209
-1950
8670
-8717
-8336
3417
5892
-9981
-3815
1496
-5992
-3306
8396
-8426
2421
-1614
-1429
1093
991
-9880
5494
-8297
-1688
-7849
415
-920
-1212
7064
-9821
9622
-6880
5555
-4951
-6013
1875
-7798
-2083
6836
-3030
4065
7147
3673
-1860
3973
6428
-5709
6227
1904
-8256
-1084
-5818
-1647
7011
-7860
9184
-5961
1654
-4232
-8820
-1193
-816
-7430
9360
-8329
4263
6152
-2026
-2450
-8257
2306
-5609
-4340
4523
-1053
-8483
3263
-4699
-3866
-6670
6323
-9358
9974
6787
4892
4921
-8014
-320
2254
2018
-596
9314
3704
-3253
-2684
3961
1687
5518
961
8883
4334
-5883
116
-5637
-2970
175
-6013
-8721
-645
-2602
6877
-5971
-1943
8721
2273
-1350
-9587
-5381
-9344
-3523
-7702
5343
4276
-8119
4924
7922
1026
3607
4012
-2881
8416
-8812
9990
-1190
-5708
2705
-4912
7872
9567
-2458
387
7219
6439
-5150
-2524
-5066
7031
949
-6575
4981
4241
4942
7743
5932
219
9656
-1137
-1701
-9673
-1492
908
-4905
9675
9345
2568
4898
-5145
-1327
-4550
4034
6497
-7264
5492
6828
1118
5413
-8298
-7895
-2640
7037
4749
-5727
-1066
-7062
-2905
-5514
3468
3137
42
5708
-9146
4307
-530
5910
-115
-1279
-1192
-8717
-178
-3697
-3793
-3854
-8026
-2600
8756
-3562
-1029
-9942
-5191
-442
5131
3904
-2741
9417
-6557
-6584
179
-9222
7493
-9566
-8166
-2160
1056
2223
2138
9667
-5028
-5438
-8502
-5650
-6290
5498
-6283
6193
7456
1317
717
5644
-6642
8750
115
-1966
-5597
-2647
-619
8731
5689
-3684
-4984
-9901
3849
-1952
-2871
-9424
1034
-9102
842
2186
-9058
4962
5330
-404
2525
535
-5013
-8202
5053
-7880
-3372
5798
5235
-329
2853
2227
-982
-6826
7238
-4575
6683
5907
5464
-4631
3790
2351
-2916
6439
-1928
7442
1249
-4210
-4797
5642
-3315
-6904
9331
-8915
-4533
3602
6815
-3759
380
3976
4532
4262
1677
7351
4516
5420
-7622
9532
9790
120
-7299
-3424
9732
6634
8061
-6391
479
4603
-8469
-404
-850
3948
-9560
2850
-7565
6826
-7343
8568
9324
-6476
8757
-9337
9577
8514
7728
9249
-3031
1341
5484
4136
-1150
567
8263
1142
5723
-7948
1991
-6836
3925
-4611
-2576
-6089
3766
4192
-6843
-8458
-5496
-501
6894
-3704
1697
6062
6211
5305
4291
4172
-1036
-6879
-8670
-2824
-270
-1369
-4020
-2566
-7854
5661
6975
-9392
-5953
2542
-8452
9291
1544
-7316
984
6179
5461
994
1790
3011
-338
-1518
3030
9236
3327
8750
8770
3008
-2175
4118
-7913
204
3489
-8705
1958
4854
408
7761
-4454
-8536
8934
-8130
-8359
9973
504
-1025
2147
2003
8357
-5143
-2279
-3670
5221
5883
8183
1039
-2034
116
6087
-6144
8344
-8344
9717
2163
-3009
4803
-7178
9233
-6076
-4116
7553
-6810
-3834
6542
6242
4256
-5744
9642
-3954
-9767
-4460
-4463
-1528
-3649
2664
-1308
204
4877
7143
195
-5975
-4955
-2178
-5050
-5218
-3056
1907
-1785
-9486
8526
-3206
9754
-9463
-4893
-1087
-5319
-8367
-8078
5380
2856
5674
2667
1510
2886
6083
9118
-8334
-9613
-8067
-5937
6434
4232
-8126
-4213
-2758
3269
-1126
-6897
-1049
-6147
3530
7568
-3014
1246
-4287
-9148
3189
-2077
-3634
-3139
-3506
-5908
9881
-6052
8328
3661
360
-6033
-8241
7168
3044
8395
-1954
-4222
-9162
4542
-9146
-955
7230
591
6482
-6531
6625
-5502
1243
8940
-7473
-6230
-7368
-7342
-1162
5037
-8042
4138
-2770
-1280
-9610
4215
-6132
4261
-2598
4367
-9505
-2713
-2902
-8257
-222
4987
9154
533
8924
5766
1053
8674
154
-8851
1297
-2844
-9328
-5992
5453
4876
-5268
-296
-5740
6433
9052
7264
2566
-7104
-7043
-8992
1812
4791
-7287
4852
9330
-8247
8213
168
-4330
-755
-3555
769
9715
-2542
-8302
2425
-2868
-4622
2849
1469
-2069
-2161
494
9851
-1627
-3515
6557
-9877
8832
5403
6723
-8015
7670
2766
-6438
-6805
1735
-7294
5089
-9735
6807
-298
-8914
-8805
4861
2852
-1448
-1620
-4075
-7046
4230
-7637
-1589
1887
5564
8142
-1249
1080
-3086
8425
-9390
5715
3069
-7011
7221
-94
-6702
2232
9474
98
-2965
6698
-6809
1846
-7272
4495
-7559
-5762
-4121
-5285
6453
-8643
140
8655
-7467
-357
-234
1534
-4225
1942
-8117
6431
-9718
-239
4868
-1253
7735
1486
-5755
-4844
7182
2242
5047
8763
8344
-8814
2746
426
-2511
259
-6527
-6651
8914
5155
3454
-4316
-394
-6116
-6846
-6699
5337
3637
398
-3451
3008
7393
2414
-6698
-350
-6786
-4994
-2961
5733
1516
4501
-5410
1633
-1626
-1729
-1144
4848
8936
-470
3847
-9558
-3612
-1077
-6478
7327
2402
-4151
-4232
9212
-3290
9918
-5119
6054
4080
-9855
-251
-3593
-9358
7795
6063
-9100
8338
7347
3133
-9336
-5108
7607
-750
8726
3631
4392
5874
-6635
9966
812
-5591
-9248
-5022
-2819
6779
4188
2654
6071
-9306
-6651
-8815
-8465
-4124
-8881
-5774
6664
4732
-3377
6802
-358
7916
1047
-5905
-2994
2582
5073
966
1148
-490
8194
-6980
-7673
-9867
-8087
808
-3664
-856
3648
1449
4940
2487
-9904
-8804
-9607
-693
-1247
8443
5073
-1001
-3444
-3843
8108
-402
-981
7505
7414
-8280
4733
5113
8565
-39
-1045
8637
-105
273
8857
9700
-7293
4354
-3936
-6918
7528
5807
-5996
-4981
9705
-9961
-9986
8183
1280
-7363
-1093
3465
8394
-6436
5240
-6829
-9451
-4714
-7967
596
2849
-5810
-4777
2161
-972
750
-7249
-5044
280
9359
-875
-3976
-2075
-189
8934
-6824
-4139
8692
4055
4682
153
1684
1247
2901
-7094
-9713
-2614
4225
3380
7575
-5480
-211
3046
-8832
-7781
-483
-849
4352
3723
-6752
3293
-8786
7068
5214
844
-6367
6579
2755
3826
2753
-8393
-3998
2109
456
1822
8586
9248
3058
1116
-1039
-9989
5831
-5414
3029
5494
-3367
-3901
2383
-6499
-7971
-4636
9610
1718
-7131
7082
3958
-4883
-6537
-9147
-7414
4398
-5619
-8353
9361
-1855
-3201
418
5504
-5954
-9615
8636
6578
6129
-1986
7092
8954
-2686
-5000
-2573
-8867
-3023
135
6180
9099
7934
6235
1673
5424
-6538
-3931
-7408
8242
2231
7989
-8940
2532
4995
9356
618
-7941
9542
7824
8419
6706
-6504
-6914
8205
-5214
-4776
3284
1087
3186
5901
2110
7337
3955
1356
4790
612
-5429
5111
-1910
-4419
8251
-6393
8588
7629
9371
-5894
-4686
-7185
609
-8737
-6371
-7883
5033
7086
4439
-6890
-7992
576
-3452
-283
-9812
-1309
-7258
5565
-7866
6683
-345
-2052
6260
-4192
5010
-5336
-9300
5892
-9330
-3621
-5149
-5622
3156
8400
-9561
1220
8315
-5865
7245
9030
5933
2730
7655
-1406
6162
9555
-2780
-9738
-8098
1428
2086
-1666
1095
-3742
-5528
9931
-1166
-7906
-2311
-3016
9409
9395
-6145
8084
9422
9536
8755
-3277
-481
-8018
3414
3649
6386
3668
8849
2134
3284
1129
-9108
-1714
-8552
-4820
2204
700
-2263
-3960
10
-8269
-6566
-138
2138
2448
9579
7966
-8239
4607
-4074
-584
-2582
257
2951
-7247
-552
5681
-7497
4533
5082
4365
5406
7004
-4881
-7920
7118
-324
3023
-134
222
2143
-8728
726
-2019
-3352
-4283
-7539
3217
-8084
1597
5442
897
7745
2063
6671
-7919
-4416
-6406
-5079
5164
-6682
1610
-3714
2937
1113
6354
9635
-3739
6803
-3298
4233
-9051
3575
-6803
-629
-3958
6085
-8460
6632
-4735
76
7330
5835
-1631
-8107
4078
-2819
657
-1717
-5392
-6299
4024
3455
-9277
-1172
1557
2303
8050
-4238
9019
4469
7311
-3170
8442
4579
-8465
7420
7688
-4345
2156
2687
-364
3923
-785
-2787
-7734
6550
5028
-3029
2965
-4396
-4418
1863
-892
4663
1572
4261
-1788
2783
8401
-513
7179
-3177
3865
-3182
-5347
5176
-4468
-8482
-8811
-4997
1067
-3618
938
8742
-2433
2187
-700
-8993
-9980
9449
-3438
-9079
-4206
-2389
3053
33
-1965
-5931
-3903
2751
-4182
6312
9389
8507
-9946
4803
9485
3211
-246
1311
9269
-5327
7649
-2053
-9310
6798
-9877
-2345
-8371
-3691
6021
1394
3697
9006
8799
5255
-3194
529
4438
-5635
6500
9339
-4963
3240
7762
3559
6070
3785
-4806
-4318
-5360
6484
3512
7108
3510
-3781
-4477
-4890
8847
6985
5768
-6338
-5862
6597
-750
1287
6046
-5718
-3999
5070
-6913
-2500
9831
2195
7920
-1426
7369
5189
-2741
5921
2749
750
9572
-1752
-8063
-6886
-4206
-4520
6374
-2184
-9755
-2057
3083
-6785
558
-8920
-4874
-2379
-4693
4689
-5038
3103
8916
6668
-5513
-266
-9908
2368
1607
-534
2170
2691
3872
-5827
-8319
4704
-2544
-7588
8968
9717
4795
-5382
-9206
-8261
-3366
-9542
5788
3153
-2483
-61
-2863
-3846
1089
-5048
9802
-5716
7114
-9343
3614
9255
6825
6763
-9944
-2017
-4301
5428
-6710
-763
-4716
9472
9625
-8656
-2842
4828
3273
2887
8675
3145
8371
7416
-8502
-5855
6808
-8118
5111
2837
-6929
-5664
-1107
-8620
3041
4380
6042
5179
8471
-2413
-6075
1740
5818
6212
-9522
-9149
-1260
7525
-3264
5838
3918
-6959
-4411
4448
-3901
7813
-6131
-8217
2531
7751
-5625
7727
5543
8983
-4211
4440
-9777
8965
8440
1329
4383
-2523
222
8290
-4191
-1358
-5330
-4367
-3207
7664
-6833
-5642
-6496
-8070
8170
20
-1394
3489
-6274
-8248
-8384
-110
811
7045
8263
741
1933
-4331
-3584
3747
-1796
-5905
-7394
-113
-4659
3693
4381
-5175
1354
-366
-1407
9732
6681
7610
-151
4005
-691
-962
7909
-3729
-8547
9645
6964
8525
-1163
-5954
-7890
830
-3872
9391
5129
-1177
1597
-8558
-7060
3322
734
8540
-8824
3927
-1134
5532
-584
-4961
-9162
2524
-5833
4385
-3946
-9090
673
-2602
2405
7489
-9708
-74
8651
3395
-5139
-261
729
7665
-1242
-9775
-5376
-711
4543
-7767
-9925
5576
-9222
5470
2364
4235
-3726
-502
-7112
-5264
-1050
9687
430
-2483
-695
58
-3180
8344
-287
-6454
-6995
-1243
2128
5150
-2581
2454
-5778
-7795
-755
-4101
2979
3218
6610
9833
7907
-8870
-8523
9286
4708
-7129
5743
1015
639
-156
6233
-8011
-9922
-1033
846
-226
-3160
9299
-11
-3575
2259
7542
6755
597
4276
-1254
2925
-6109
-1876
-7284
8594
-1353
9092
-1206
315
-2732
-9104
3044
4053
3588
21
-9692
4060
4263
-9285
-1094
-8716
3943
-6661
2425
-3414
-4747
4737
-9543
-2886
-7462
-2415
-3243
-6953
647
3914
-7688
9651
-3766
-7811
718
1704
7640
-7214
8647
-2555
5602
-1174
-248
-1833
-1765
-6631
-9299
-6132
-9045
-1491
8753
5862
3792
-6920
-3373
9734
2034
7595
245
-7813
-5568
6504
1559
-508
-5095
2163
1882
-4175
4068
-1818
9080
-5056
3430
-8414
-6569
5792
-4897
3377
3760
1289
-7348
-2242
8205
942
-5506
-5143
-4269
5815
8695
6614
-4725
9476
-4972
-5385
8747
2339
-1722
3654
1387
-6465
-2325
8428
7723
4226
5365
-7831
7814
-5694
9531
6348
-822
-4046
-8813
7831
-2678
5717
5625
-1412
-1990
-4141
5571
2378
-921
9113
-6337
-6735
6397
-674
9017
-837
4955
3394
1373
5914
9184
-6355
-8896
7977
-962
-5868
5405
-5096
-3443
6713
366
8549
-9834
6821
-3105
-9572
9010
940
5902
-1635
-7773
-5458
6042
-1790
4977
-8285
-6472
-9245
1443
5011
-4088
2538
303
-2036
-3626
-9911
-5324
3887
2285
-5089
3813
9786
3250
3217
8215
86
9645
-3080
4162
-3113
3251
-4132
-9538
-7846
-2373
2655
-8515
3712
6314
4647
-2436
-7795
-8435
-36
-1349
3676
-8544
4227
-2004
-7874
5882
6090
1592
-6010
-1784
9910
-9029
1784
5740
9781
-4058
8445
6267
8179
5573
7976
-1339
2511
5866
-2432
8454
-3596
8613
-9422
454
-6249
1000
-4495
-93
9199
4926
1740
-3792
3332
6084
-6859
4650
-6906
-5473
-5135
-932
-9976
1907
-5062
-1975
13
-4096
5896
-7350
-4451
-6996
8161
-462
8832
-2870
-1028
-7974
-1245
6147
3733
3649
-6686
-4829
-695
7915
-3853
-9540
-8884
4986
1972
1255
6173
8965
-9738
545
-6669
7480
-3615
-7613
1895
-2246
504
-311
-5932
-3527
-8182
-6963
5963
-8026
-5021
-1633
65
-7094
8363
-8992
-2413
-3103
-5281
-8244
-2401
-1637
-5191
-393
4395
4757
-7665
-6341
-6221
9664
5431
-800
4898
-5624
4968
-5674
4422
-6429
6939
-3772
-1170
8359
-5578
5041
7835
2429
543
8295
-5098
6900
-243
2878
-4802
-2607
8100
-8071
8037
7752
-9368
-1608
6996
-2811
686
5871
-6447
4050
8321
4813
-7565
1741
7329
-5739
4909
-8778
-7872
9192
-7145
-4625
-7704
2291
1426
7548
1637
-9979
-1534
2324
7003
5274
4416
84
-8918
8832
6987
-2439
-1607
23
-5051
8655
1014
-3190
-7042
8844
6259
6920
-7533
-4271
-9007
-9786
8213
-5318
2033
7632
2260
7681
9785
-8590
-2493
2357
-8467
-2522
-473
-3553
9693
-7941
-8501
2012
1991
-6184
-405
-6721
6219
3220
3528
-8454
6717
5587
-1181
1363
-1600
-8681
8365
4329
951
7240
3816
-6589
-9902
4067
6671
4715
-1158
-2
1724
-3061
-7566
9797
-874
6064
-8039
2682
-4477
-7400
-7451
-5428
-9506
8648
-6436
8928
-8276
5354
-6886
5632
-5712
9319
4868
-4612
-1360
6121
-3337
-2679
4738
8139
-3789
2707
3228
9768
-148
7650
6425
-9510
2863
-1359
-7373
8669
2587
1786
-1149
-7226
-7067
-4356
-4009
-5009
-9275
1571
-8619
-7580
2662
-8636
7395
-1035
1282
-9506
8281
-7886
-9718
86
-3838
-978
9622
7461
7547
-6127
2308
-1335
-8816
2828
-5008
9910
-3197
-2713
8040
5195
4922
-6985
-1346
4830
6083
8774
-9540
446
7671
-9086
-6203
1085
-448
-7498
1800
-7127
-4408
-3351
-2495
-8073
7645
1457
-2709
3118
-4802
4810
-6689
7443
-7078
-7748
9889
-8981
1832
7141
-8291
-6499
-8735
350
5270
-2258
3242
4607
-7602
-1768
8640
-5196
827
2665
1696
-8657
9577
581
5123
7832
4186
9437
7893
9432
6275
5443
3821
-9098
-5913
-7065
-8709
1658
-2927
5541
-2285
489
2987
-1367
8842
-5961
-4907
-2963
-5084
5493
2645
-7709
-6390
-4211
7876
-3250
-5075
7486
6504
-4039
9888
-9928
2967
-2143
3170
-6139
-2929
-1784
4953
-7018
-926
4119
7669
6612
-9485
2888
3174
8195
434
-3750
-3891
-8944
-539
8767
7491
1110
-9097
-4153
868
3684
-6153
-8739
-7535
-6129
7562
4889
6919
-3879
-2425
9480
-1429
5714
-9609
2524
1065
6939
-737
3023
-4777
-3356
1398
-9348
4779
497
-8715
2758
2990
-2073
9276
-4539
-8080
-8792
7872
9337
-6755
-4918
-9809
-1206
-4621
-4080
-8478
8442
7915
4075
-7819
798
1239
7733
-9543
9916
8850
3775
8920
6244
-6431
8678
1798
5337
-4772
-13
5043
-8987
5321
5337
-1609
3507
5758
1763
7390
4386
-7101
8188
-2908
-9175
9903
1724
4099
-8149
-889
3423
-5337
4735
-6538
2508
-9656
1980
-5838
5305
665
6212
8336
3406
906
6421
-8958
2577
9388
1422
9924
4897
-2835
-6350
-3847
952
7717
-5411
4757
-834
5729
-8681
-1312
3775
-9520
-1514
-342
2914
-4717
-3513
-7400
8914
884
7520
9574
7040
8170
6325
6715
-1798
7913
-4732
-6903
-6367
-1096
4297
6840
1555
445
7023
-9259
-8750
-4593
-9204
1551
-5750
5741
-5057
7954
5895
-1109
1387
7380
-641
3898
-2270
-1269
-5435
9964
-7250
-2360
2433
497
2887
683
7611
-6985
-5877
4921
3019
-6426
2064
-5341
7451
5884
-365
-1831
1505
-1522
-3381
-4737
376
5415
-3856
-2304
-55
-1138
5432
8817
194
-6410
6466
-3433
-4085
-6997
-227
1177
-3515
5452
-4680
5695
5663
6316
-5390
-6060
6037
7963
-7549
2697
-4790
8281
1868
-3987
8838
6147
-516
-4798
-2948
3717
2636
1187
-3733
-5713
-3317
5095
-9207
-5354
4861
-8314
-4618
1282
-3617
4871
-9797
-9167
-6388
-6672
1430
3112
9895
7110
-3061
9080
-575
-7672
-5240
8097
178
-2318
4521
-2380
-9739
-8353
8115
-8514
1610
9703
2717
8217
9468
2365
-8610
-7195
4955
3084
-8775
5102
-8817
1641
499
7494
-2276
1548
9151
9906
6094
9120
-4713
7516
8354
-7639
4454
-7087
1683
487
-5794
-5430
-9442
1464
756
-9677
-3969
7513
2269
-3235
4707
-4205
-1496
195
-8081
2214
-7005
-3739
3222
649
-5917
-5802
5061
5365
-6048
-3242
-7699
7780
702
-961
-4811
6826
-9210
7813
3916
-8221
-7836
-2548
-989
-4345
662
-8849
2871
-4289
2767
1813
-8150
-2528
337
2046
-8240
7717
-5005
-3981
518
9324
-7827
-6891
-5301
3002
6198
6654
-4904
-293
5987
-9882
6686
-8930
9639
9426
947
-9737
1567
-4214
-3383
5693
-646
-5898
-5737
-8526
3097
1078
-6364
-8427
-7036
-8664
-646
2108
1512
452
6822
-5696
-9932
2470
-1871
-113
-9304
-9145
-5492
-7900
4102
-3341
1286
5229
-6619
7110
-9981
304
-7264
3609
-5497
3613
-5925
3987
2793
-8781
5531
745
-9433
4390
-5276
9322
-1266
55
3390
3506
-4949
1623
6108
-4329
8069
-6773
6344
3474
9125
-5116
-6909
1322
5817
-9338
7122
-9392
-8907
4882
-9645
-8031
3794
9074
-9085
-5872
-7485
-8101
3384
4985
5284
4990
-9648
3040
8258
-1923
8095
-4853
6148
-7281
3010
5728
8416
-7744
-6333
1684
-1073
-2473
-1871
-4832
5781
-3969
-7899
7659
-7744
-305
-1348
5687
-8165
8665
3096
5797
5177
-4518
5150
-4060
3131
8665
-5598
-8903
-8867
-300
4808
4187
-4221
-444
9438
-9590
-5763
-4141
-3556
8082
-727
9046
-1164
-3112
995
2544
-4949
-8342
-7744
-7522
-8720
-9132
-6171
9059
501
2062
-9370
-1949
144
-8586
-184
3841
-7901
-8929
-1003
-6452
-7026
-7682
-6432
8224
130
-7172
-681
-126
-4253
-1481
6369
-5424
-2192
-576
7345
4711
-6826
4070
6102
1103
2218
-2052
8870
-9010
-6765
-1543
2169
-7641
-3497
1464
3419
3123
974
-3193
2744
-2819
7919
5056
3642
4005
6503
-9986
826
-4081
-7082
3174
3051
3778
-8989
-8823
-3386
-6336
9140
-1105
537
1828
1729
2705
7270
-873
3701
992
4775
4505
5748
1174
6889
-4039
-796
-2136
-9370
6458
-7664
-2350
-1081
-4322
-8448
-2941
-590
-7041
8237
9966
8035
-6309
5226
1908
9811
-7930
-7260
7619
-6380
-1698
-9645
7764
2853
1197
-2291
6925
-9175
3000
-4664
-8783
-1254
-9651
-5133
-4895
6444
60
-6650
-2145
2626
5056
6049
9344
5844
3108
-1670
487
1885
3596
-3805
6498
2409
-9848
4527
-7530
9483
1755
5769
5831
8427
-5723
-6052
-5422
-7357
-2339
-4927
811
-2579
1624
-2285
-9417
659
-9072
-2430
6649
-3249
-4769
2919
-471
-8377
8417
-5960
4694
-4011
-3106
5379
-3232
2785
-8272
-4871
4209
-9008
-1713
-7865
-6183
302
656
-4676
8715
6379
6347
7435
-8689
7273
9881
3058
-6963
-5123
2022
8171
2485
8269
7110
5228
1735
4942
-580
9604
-6759
-6669
-6105
7050
6495
9786
1781
2926
-1970
-9205
-7713
-7178
-3170
-8788
9392
8089
-9625
-3477
6164
2768
955
2842
-4153
-1111
-6520
-2875
-6576
287
-7699
-3667
-4628
-2821
3057
-3711
1534
-2797
4175
9414
-1699
555
-6068
6078
-5352
3896
-412
8171
-829
1580
-4032
7257
7446
2476
-469
6419
3658
-3416
4510
-6366
5165
9293
9101
4566
9578
-6459
5031
218
-53
1412
502
4847
-4333
-8033
5565
7501
4838
-4324
4826
-1623
-2394
-6668
-2459
2822
8916
-3805
-668
-3354
-3809
-3510
9976
9374
-2638
167
-8514
-4139
-7448
-8634
6840
1978
7130
-6834
913
9644
-8763
-8273
-5322
-2389
8724
8318
3113
9543
3962
-6051
-1261
2874
-737
-8539
2268
5700
8013
-4051
-140
-8034
2132
-7758
-1004
-5646
801
-9235
8534
4870
6018
9508
7393
2173
9426
-2853
-2942
9435
-1466
9335
7504
6937
9061
-8819
-4368
-7353
735
7272
-2354
8684
8427
-9603
8874
625
-8577
-1977
5110
-6973
3172
2864
579
3473
-3020
-1987
-1532
6411
-3644
-618
-1220
3175
4060
1012
2675
-199
115
-6033
-6987
920
6051
-7066
-6227
-7614
-7792
3904
6881
-9013
655
-1390
-4080
758
3316
-2962
9626
5849
3691
1704
3835
423
-906
-8402
-8725
200
-417
5240
7209
7954
-5883
8692
-601
-7546
-884
9848
-1636
-7212
9500
-8133
-6329
-591
-8339
-6494
2704
-4013
-1337
1411
-4550
9721
-219
9452
-857
7875
-5340
8668
8480
2146
3256
-7239
4006
-9041
3233
-5406
8933
-824
-5383
9485
-1742
-4058
9908
-2731
-2741
-595
-4429
-2652
4632
4442
-9316
5512
4001
7076
-1632
-3800
-2511
6351
2715
1499
845
-3243
3760
5362
7165
3793
1135
-4999
8364
-9996
3779
5362
3013
-5573
-1871
-7930
-1255
-6795
3925
-9175
-4144
-6004
-1254
-9782
-7302
8061
-9658
-4653
-1364
3396
-232
4292
-1354
-1283
9834
-743
9635
-4726
-4953
3586
8327
9920
-5487
-2420
-363
-7586
-5369
1339
-7018
5482
-5478
769
-6758
-311
6861
-7747
-378
-7681
-9712
-2845
1050
-7570
3848
3000
-5024
6303
-9909
3185
-2184
7517
8678
8348
4159
-3998
9449
377
-5312
-8617
9571
-4118
-5981
591
8627
-8252
6279
1674
-6241
9974
-4951
2273
4761
4916
9681
-1975
-1186
4361
1080
5781
1584
-21
-5222
3509
-3227
5917
-5809
-4660
-4562
4417
-4922
-4203
-3051
5257
2570
-9126
4240
-7960
-1819
4721
6858
1649
5816
-9175
-9195
9142
346
9693
-8778
8963
-6580
-6355
-9099
4185
-88
2735
3399
-6787
-2413
-3923
5260
-7803
-4138
7659
-5409
-52
5832
7404
-5748
7125
7681
6962
-8561
-2221
-7331
-1719
1075
-2088
-4407
-8462
-1452
7794
6133
7508
5684
6405
6070
3845
-8372
-4964
-7659
-6189
-286
7126
-5816
-9521
1932
-2005
-9842
-5000
9277
-3103
-5733
4278
-6919
7916
-1255
-4493
9931
7751
1354
-9374
-4514
-8883
-6794
4694
7245
3790
8394
-4788
-5719
5190
-3937
4216
4172
1538
-1491
-3468
-3630
2107
2810
-8278
6086
-1176
7047
7977
-3376
6471
5556
8044
7827
-4868
1627
-2335
-2505
2434
5227
-2766
6475
-4327
-9862
5861
4675
-5083
-5186
1859
3719
-3367
3587
-2936
6121
-9817
-6788
-3929
-2983
-1940
-6019
-88
177
-8064
-1621
-5250
-5031
6137
2172
9653
1110
467
-2798
-3583
-9771
-2264
2521
2517
-7133
-5134
-474
-8831
-5911
-579
-7395
5039
-8102
-8973
5616
-8035
-9825
-8615
6700
4791
-1420
4993
2388
-4315
-7299
-5042
3773
-919
8228
8138
-6741
-6164
7130
6618
-4971
-6629
8456
302
1443
750
1452
6463
-4628
-8433
-2265
-754
5699
4356
-1054
-8366
-6004
6686
-5136
-4812
-2222
7049
8842
-5082
-6016
1328
6273
-2007
-8535
-8674
-1179
-244
9956
-9428
5469
8670
7595
3512
-2335
3253
-1780
-388
8762
-1536
435
-880
-9927
5260
9175
-7005
4273
7699
-9228
-3284
-159
6364
-7852
-8776
3784
6301
-2526
-7841
5071
-7476
-8679
-2100
6258
-2534
-5512
-9566
-883
4746
-6820
1497
-5098
-7927
7190
-8498
4153
4247
-8047
781
-2685
2809
-5522
-1383
-1491
-2286
683
-3690
-6205
-5902
5833
995
7714
7226
782
7301
-7926
5302
-4421
8180
3351
-529
-3979
2819
-9235
3212
-3445
7267
5600
9526
7275
-9630
-516
7412
-6327
325
9351
-4892
-1203
3323
8476
-611
-8603
-3986
411
9253
-2064
4179
542
-1909
-6003
9583
8430
-9855
-6764
2181
-7875
-3730
8667
79
-4692
-4857
-281
1757
7526
9588
-3365
7321
-3347
-477
-2343
6143
8211
6439
-7407
7940
-6623
8577
7655
1502
4080
7279
5658
-3160
-1979
3367
3398
781
5617
9067
-256
1847
-5225
331
-4503
2406
5536
4008
-4572
684
-2078
-2862
-2410
3831
8603
-3825
-727
-2858
7441
-3726
6103
2280
3222
1504
-3271
3720
-3633
6009
901
-6552
8982
-3805
1212
-7447
-6816
9239
1173
-7476
7248
4448
-3944
3058
6793
9846
-470
-5877
-1205
-8297
9088
5571
-8971
-1056
-7213
5520
-5269
-697
7796
-4851
-6843
-5145
-5478
-1621
-1158
5159
8269
1912
2368
7937
381
1850
-8484
8858
2094
-8801
-6613
-2821
8638
-4854
-3444
-7157
-4416
7192
7101
-4203
1787
-1812
3363
-4832
-1619
6680
3849
-9123
9739
1724
-2908
9395
6173
1329
7223
4015
-3967
-6153
1866
5210
3146
8009
6931
9262
2224
9957
8773
-2912
991
-8705
-2420
5158
1138
-9350
-8747
-8381
-2094
2062
7138
-3956
3819
7076
2894
-7780
2695
-8466
-9891
1773
9884
-2098
2248
9271
9931
-1693
9902
1223
3290
-5859
5601
-3848
-1406
1626
6258
7093
-9567
5271
-5242
-1561
4431
-6725
-1876
7155
-1371
-4681
-5923
9292
-9874
265
662
-4830
-9234
8088
-8935
6544
-6098
-3585
-144
5598
6706
3755
-4163
-3108
-8088
-2391
-8549
-20
-3169
-2145
4797
-3086
-6959
3562
1120
-8886
2317
-1654
-3222
50
7558
-559
-37
3071
-4498
-1045
8266
-1951
-7199
9687
2079
466
927
-3162
-4589
1810
-8942
4490
-7086
3020
-4505
1966
245
2666
9012
-6357
4770
9462
7490
-7979
-3128
3938
7126
4686
9878
-9038
-2182
-912
2759
-4326
8654
-9858
5269
-6160
3811
4326
7698
6046
-3713
-5164
-9050
9940
5723
-4624
-5790
-3992
6983
-9847
-9118
704
3881
8732
-1552
8527
9832
4691
-2857
901
-8111
-2954
-5190
5313
-7520
4724
-5403
-4167
-76
-7477
4349
340
-2888
5899
8093
2578
-8783
7765
8542
1511
-1447
-7670
-8407
2828
-4329
-9294
7494
-6136
8369
9402
-5845
4234
1175
-2157
5941
6429
-5942
-3409
-9763
4998
8371
9018
1718
-1966
-5283
-2316
-8615
7744
-1211
-4002
3542
2644
6179
-4388
-5083
9203
-684
-1062
1919
659
-6201
-1793
7389
-4863
5046
8888
-4487
-6743
-4262
483
-5995
4977
-5426
-7542
-2322
-5024
-6667
-8673
1101
-3894
4004
6773
-6014
2655
3665
-6589
3255
-5980
5999
-1921
8014
-1448
5533
2959
-8692
-3989
4468
9408
5146
-2216
-5377
-5281
-4333
9226
-3335
9610
8443
3570
-6320
7297
9056
3919
-1592
3366
6052
-9418
-6962
2777
7406
9173
2068
-6371
1638
-8938
-8156
-548
-6666
9444
-9805
-9522
-9124
9449
389
-9650
4174
-3585
-2150
-4473
-6264
590
5619
-4024
-7109
-1420
7135
-3982
9319
9257
-1325
8082
-6652
8290
9473
-4555
8622
-7040
7393
-9912
-285
937
-7997
-8842
-4327
5990
-6814
-6467
-2267
-1918
-179
-3248
-5460
3392
5317
-660
4987
1520
-9605
-9835
-2699
-9284
5779
-4248
2115
-1094
6534
551
-3102
-8878
-812
1011
4624
8479
-2650
7643
-1313
4903
-557
9475
-7997
-1377
1466
-7153
-7135
1226
6193
9742
2490
-888
-8554
689
-2603
-8589
-4182
-4399
-9490
-5980
6191
-566
2288
4794
2869
-1930
-9164
5822
-5893
7435
-744
448
-2994
-4188
-7255
-5569
6684
9690
-9338
-4472
4682
-791
2455
-6604
764
-2372
1494
2449
-3760
5167
5446
784
-9040
1005
6352
-3741
-9419
-7803
-5123
9635
-9324
5822
8086
-6708
1023
-3835
-1655
-7
-2882
2296
-5791
-3405
6827
-5333
-3039
-4380
-3912
7034
-2595
4235
6591
-5684
8645
6876
9650
252
-9512
-2757
-3205
-7883
-2134
-465
4341
-5912
-9422
-3840
-632
3319
-7751
-5498
-4844
4570
789
2661
-9146
-8971
2987
-2519
416
-8522
1233
221
8001
3038
-2667
-692
-4089
-6618
-2126
8878
8921
9305
-1355
5480
2964
-3930
-156
5967
-526
6735
3281
-7926
5195
-2078
9648
4748
-2015
1822
2453
-3675
75
-9630
2320
3643
4115
2779
9390
5786
-1946
-7730
-2811
-4800
9865
-2935
-709
-1562
-938
-1200
-8399
5025
6622
4874
5634
-9062
733
8009
8288
-9949
2467
5133
-63
370
-6058
1143
5573
-191
-4726
947
-1659
4753
-2807
-8035
-4493
-2727
9615
7722
-2109
4848
-7544
6645
1953
-9012
6059
9981
1575
-8374
-3435
-278
-639
3807
-468
-559
-2519
-6614
6108
-2138
-8136
9265
-9452
-6772
-8242
-3504
-9701
3189
4233
891
-7576
-4690
-1780
610
-2223
8334
4095
-3004
2859
9388
1948
-1909
8886
5808
1229
-8465
-807
7451
8176
-3541
7619
8416
-2902
1571
5016
3993
1313
-8835
9625
-3832
146
-6744
-9935
788
9705
6783
-1301
1221
8776
4523
5275
3743
-5194
-4279
-2455
-5606
9729
-9106
-2324
9612
-155
-162
9121
-6248
7224
7000
3698
-2706
5604
7309
-2317
-2705
-7821
-1017
5867
-5334
9747
6658
-9678
-7219
2226
-2906
3400
8765
-4163
67
3849
-6318
9541
5261
-2231
844
189
-1253
-9302
5141
6264
9644
-5189
-3554
-8721
8683
-5765
7013
9625
491
-1686
550
9909
-8449
5831
6981
-6108
1009
-7567
6952
7965
2609
966
4723
5643
8671
4215
5082
3588
1890
3878
3908
-9978
6338
-2857
-8797
-2186
7125
-5576
2219
5829
-9338
8281
-4972
8404
2092
-4126
-3543
9222
-3515
-7596
-1850
-2217
-1894
-7590
-581
3868
4961
-2943
4500
9311
-1901
-8213
-1336
2595
-2390
-7120
6766
-6506
-2382
7054
535
1956
2275
2274
6535
-5466
1599
-3197
-3891
7391
-9331
-4228
-5625
8862
210
-3925
-5987
-4726
-9614
-3650
-4969
6849
9240
7443
7948
968
5681
8954
6113
6127
8637
5417
3056
-1400
-7977
6641
-5005
-246
1336
-9156
8431
-8056
-2866
-932
-8779
-7320
7287
-8254
-8623
9372
-596
3654
2490
2935
-8507
1220
8254
-2968
-4497
3424
-1240
1064
7840
9113
7278
9092
-4660
7267
5504
-6294
-6423
-2198
7573
-2558
-3907
9616
6518
7496
9223
4587
-264
-4296
-8672
3779
9078
4915
9939
8925
-5894
-2797
9834
-1989
-7795
6231
6647
1246
5730
-5963
-2385
704
5088
-3145
-1285
-1774
4306
-5768
-9895
-913
5050
-6036
-1373
6466
-6978
1354
1219
3553
1180
1273
6671
5770
-6703
-6026
5616
865
1399
-7824
-1691
6077
1745
1189
-765
-1073
967
1662
-1916
-5388
-7697
-7128
-1115
-8939
-4254
7377
-9768
-3646
-1569
-1966
-9626
4452
-440
9874
-1221
5823
1914
-2215
-9010
6244
6727
5608
3510
-4740
6222
8172
5959
754
4976
7584
4083
-790
-8889
5280
8332
7552
-2879
-5322
-6653
-7688
4385
-7129
3456
2143
1600
-7918
651
-9562
4836
5809
7095
-9918
-2505
-8456
-5391
-8955
-1036
-2869
7047
-4135
-7926
5896
-2116
-3040
-7450
-4137
9193
1351
2350
9669
7238
3315
-2344
-2753
-8188
-2877
8142
-9084
3082
1679
-6025
2824
-114
-1035
7236
-2514
-2093
-3109
1066
-7156
-7013
3664
-9818
-8027
-499
6821
-1279
-2065
-9075
-8517
-3020
-8503
-8380
-5798
2346
3866
-8842
3592
-7965
-6935
-3206
1874
2581
3781
5302
-8748
378
4975
484
-2057
5062
8761
-7082
3267
3078
3177
-6502
3880
2144
6899
5585
5358
-4568
-7191
521
-6309
7322
-9972
5987
8933
-6635
9445
-7077
1184
4420
-9482
-5106
-8184
3518
-7293
-9208
5828
9678
7418
6050
5264
7680
-313
9121
3903
-3868
8760
7720
5854
3141
7432
8343
6776
-4946
-7644
-4787
-6092
2862
4807
3776
-2010
8496
6927
2954
-3456
9867
9160
-2390
9019
4209
5546
-9244
-4982
-8135
9831
8445
3769
-885
-9656
-7742
7989
3152
4688
-8578
-6734
30
5570
4379
1070
-5856
8129
-4056
-4494
9938
745
6606
8496
-2341
-9267
439
-3162
6029
-9763
-1731
-8663
2569
1480
6403
2048
5990
1065
1519
-9890
-6405
-2493
-7501
-7546
8609
-2772
156
6972
-8747
-9653
-1505
8453
-2896
857
-5800
-7652
-7146
-3954
5433
6536
8394
-5725
-8989
-1060
1481
-5363
6648
3314
5981
3961
693
2427
3966
1322
-9556
-1554
-2120
2497
7935
9220
-2445
-4506
4550
-9771
-1161
9639
-444
-6331
3116
2375
-1262
4468
-7843
-9143
3714
-863
-6701
5487
1608
8811
-4497
-3531
7217
-2156
-2014
-2607
-3073
-9333
3911
-8819
-5472
8464
-5226
-955
-4972
-3111
4142
1827
2232
2226
-4587
-4152
4560
6565
-8152
-1333
-4619
-5135
6067
-7916
6683
-8283
7665
-4783
5010
-5331
-2271
5963
3005
-9312
8357
926
-8169
1881
7402
-3862
-270
-2811
-2632
-5166
4469
4603
-5359
7373
-6911
-3995
6331
5761
-9034
-9332
-6031
-7742
3874
-4765
-7700
8913
-5305
7888
2977
5278
4117
9238
-281
3624
-3113
7281
-747
-1548
-3438
-2206
-4530
3989
-5461
5846
-5640
-555
8519
-7261
7594
-1586
7691
9537
-4034
7409
-632
1958
6286
-3523
6208
4186
-8182
-9334
9897
-108
-1290
4026
-6070
2849
-9766
5420
5061
-6107
-6654
-7195
5320
-5116
-3250
-9649
-484
7258
-927
-6176
-6180
-6208
-8835
-7415
8887
1210
-7029
8345
-8200
1391
7974
-8653
2223
-7489
-2094
8063
8545
-3666
5971
62
-9772
4527
-4051
5242
805
-4692
6221
203
4249
-7905
-2053
-7794
-2757
-680
3573
-7998
-9842
-1333
-1697
7986
-1965
-6146
1861
-3509
-7455
6111
4246
2513
-5470
-6455
4677
-6669
-2715
6399
1417
1636
-2279
6405
-5892
-2538
-5065
3061
-2516
3162
7194
8789
9803
-9388
7068
2464
-491
1187
-6176
-103
-324
2116
9055
8757
-6483
6924
7001
7217
-3644
719
-5729
5238
-583
-2816
8320
4918
-517
-1114
6803
-8515
-4018
9996
-8754
-939
4348
5532
1069
-4103
3475
6754
-8207
5752
-1212
-2171
-7335
8738
2658
-5157
-1334
-6405
8060
3665
7166
4667
1983
5592
-917
-3751
3733
800
-5990
3477
4772
-6935
-8933
5865
-8266
6350
-201
-3295
938
5725
5254
-1170
1311
-5585
7806
-8012
-5806
3943
2961
-6888
3850
5884
-4587
1399
-3791
-4623
1117
-349
-4950
3775
-3793
-2391
-1479
3664
6141
3862
-1839
6583
-8892
-3920
-2250
-5774
-6083
6166
-5347
5455
6628
-7133
6246
-3918
7258
3617
-3489
-572
4310
-8022
-3436
6540
-5539
-5381
-5534
-1329
4934
-5699
3448
-9069
769
-9685
133
-2521
-3169
4918
-986
5952
4336
1825
354
-7331
1191
-6002
2504
-5691
8160
-7660
-7869
8031
1874
-2186
8262
-4372
694
-2737
7037
-9840
-4376
-2521
-715
9910
-4221
349
5740
4175
-8980
-7627
1073
-6390
-8606
-7041
7072
-8942
6107
418
9193
-1969
9547
3194
718
-6222
-2002
3862
7832
7568
-2798
9631
4111
-2317
-774
-9670
9636
8464
5184
-6952
-738
-3230
9187
3118
2828
-5864
-9453
7292
7889
-438
1822
7573
2470
-8601
7032
3752
-320
-2004
3037
-5383
-6034
-1618
-6314
7825
572
-6328
-1828
-746
1757
-5969
7886
6447
1857
-6850
2757
3684
6300
-6107
-50
-6511
6420
7021
-1117
8329
9552
3486
-7140
-4986
6781
6827
-420
-8524
9466
8670
-4277
6451
438
715
-3853
-7149
4489
-9848
-3348
-8930
3557
-7027
3555
2761
-3151
-5284
-565
-3499
-9656
-4773
7738
1461
-145
-420
8804
-7316
-6390
7036
-1997
6081
8003
-9693
-4668
-2400
1497
5066
8479
-9230
6743
-8076
-3094
4696
-8535
-2132
-7520
6593
6613
-9898
3991
-1981
-4326
-496
2708
403
3844
-974
9731
-109
3750
-7711
4062
6121
6278
-1253
9123
-7765
613
4858
8561
3340
-6159
7724
-3815
-1558
932
3660
-3531
2779
-5224
-8045
1979
-8068
442
2776
-6170
-7571
7542
183
128
7785
-9092
5454
-5743
-6266
9451
-6101
-3851
-1912
-5269
7608
3623
1690
-5758
-6329
7277
5984
-6544
-1479
5219
3543
5004
-3175
7132
4043
5923
2907
5709
9360
4917
9718
-1883
8949
6767
-2817
4210
6720
1152
-7964
1568
-8357
-9473
-7780
8973
1268
-8631
141
3272
8076
5991
-866
1139
-2078
-1594
5155
439
-4468
6856
-1138
-1549
4747
7930
-9748
-7433
-5405
2223
1113
-9131
-4283
628
8600
-8869
-4157
225
-337
-1195
5756
8413
-6711
-3385
1848
-4324
5299
-8259
-866
963
-72
3207
5630
1230
6973
-8862
-6350
4844
-1214
563
7993
9633
-5747
6048
9134
-7763
6452
5664
-4327
9917
-1741
1299
-1324
4767
-4902
-2504
4815
-5304
9706
3272
4841
4368
4351
9209
-8766
-1251
7325
-9138
-8608
1797
-6271
244
5051
979
8402
-2087
-3621
36
-72
2117
-3976
5837
-7205
-3181
-9458
8077
-1273
9817
664
36
-7949
-8767
-4815
-7037
3956
-4505
-5670
-6649
143
-1969
3814
4323
-4875
-2073
7756
-289
5639
-9425
-5108
-6345
5796
9323
-6089
7628
-5331
-9325
2692
2471
-7629
-5862
1008
-5221
2097
5741
9165
-5937
2503
-5167
-5008
-3234
1240
-6800
2489
-2905
-9615
5018
196
4621
-5107
2742
566
-7276
-897
1274
-9762
-1430
4516
7661
8598
-2058
-5747
-3945
6179
-3090
-7254
5253
-7227
-6972
752
-4179
-8396
211
6717
-3288
-3870
-2047
5238
9162
8187
3444
8296
-315
-5132
1330
-8589
-1384
-2965
4748
-3836
9539
-8223
8257
4817
2002
123
-6328
-894
6708
6290
6901
9548
-399
3518
-9531
8405
8195
-4112
1822
-4683
8977
-5085
-2430
2929
9562
-2573
-8190
-9076
3536
7473
4610
8539
471
3176
-8695
-9022
-364
-4293
6899
6692
7567
-3866
9045
2974
-5230
9885
-5182
-5136
7023
7151
8405
-8532
-1893
-6152
-3191
2860
-8735
9409
1805
-5100
-1951
9075
-4331
-6952
792
4633
-464
7812
9400
-7477
-813
9043
8260
2708
-1987
6742
-7614
1231
4718
-7156
4349
7967
8966
4598
5747
-7349
-7992
5669
-4819
-1128
3102
-5526
-5611
7190
6242
3060
873
-3444
-6441
-1910
9122
1791
-7951
-7750
1436
1108
-2352
5812
-1577
4429
502
-9613
1310
-1207
4455
8833
1829
-4088
5094
838
3729
5760
7269
4239
-3519
2533
-7352
883
1307
5389
7546
9633
-426
4900
-2003
7147
9593
5054
8629
-623
-3216
9017
9018
7291
-9799
-1458
4845
9971
1861
-3471
3264
-1416
3199
1428
-8663
-9064
-7099
408
3531
2787
-7408
-7818
-6426
-9557
-23
7840
4048
-9325
3914
-1859
-5184
6177
3670
5511
-9304
-6407
-3500
5222
1241
-7269
-6834
8165
-2748
-8562
-3229
-3285
-9956
4520
-6170
-7859
-2832
5600
9149
2450
-2760
8226
5165
-8227
4711
-3909
-4638
-9840
7489
3951
-2596
5315
-7263
3185
6476
-8396
-7334
-191
9849
804
-290
-1218
9550
-2579
-2195
-4951
7652
7140
-7256
2526
2314
-5152
7090
-2411
2622
4242
-2685
-5514
718
-2903
8241
6316
-8542
-2139
-4668
-7563
7830
-5650
-2428
947
5821
-9810
1830
-9411
-560
-7056
1526
2480
8797
-3999
-9757
-6506
5942
9685
-163
-5887
-5467
-9175
2460
-5240
-4630
-8940
6914
-272
7248
5487
-8426
802
-4513
8185
-1608
2745
-3407
5335
-9234
-8284
9172
-4723
7403
-38
1557
946
5480
8875
-4130
7994
-3586
1920
6991
8916
-2134
7221
-4878
9374
-4461
1932
-6259
3904
-1509
2713
-462
3634
7928
1536
-9444
-3306
-7039
-9492
-4782
6704
-1747
6293
-7568
8194
4303
-2240
-9867
-6169
4138
-8412
4971
7065
1347
9074
9747
4297
5973
-1180
-3140
-3837
9868
-8335
-8583
2732
7828
-616
3125
4164
-9337
3714
8149
-229
-2232
-1352
-5721
-2281
-5454
-6349
-5082
-9490
-8164
-9370
8401
5636
4361
44
-4085
-9033
4222
-3800
-9008
-4395
779
-4267
-3193
-3716
3913
921
6771
-5033
7857
5078
9403
367
-8926
-8320
4844
1149
-3610
-1500
-6516
-5929
8529
7306
8281
8651
7657
2408
3960
-5092
-6204
-3930
-2696
5309
-8583
2123
-4813
-7116
-9034
-8102
-8574
9313
-218
-2323
-7867
-8006
-9622
5049
5954
3082
4565
-8244
-6642
-2167
8654
845
8145
-9810
2039
-2259
-8028
8766
-1058
1199
2508
-2897
-5824
5696
2917
-1878
-4314
796
370
465
-8360
-2537
-2891
4152
4740
242
5142
-8450
5808
-2687
-4829
-9524
-9767
2136
-1085
9736
-2980
920
313
-295
-2682
5419
-4270
-7293
-321
-249
-241
-1573
-3288
6605
1094
-4308
8231
3959
-3532
3063
-2006
4732
3942
-7355
7769
3477
2718
8406
5186
528
9860
-4700
-3173
-2402
1333
8854
7863
-2148
-7156
1073
1935
8159
1392
-418
-6411
-5810
-9155
-4910
1677
-8086
592
-2816
7911
374
-7115
6038
-8552
1581
3057
5321
8087
-3112
6458
5816
5628
-3804
5619
-4991
8331
5615
4742
-2724
-7132
9367
6635
9854
-4474
-8962
8037
-3619
-9147
3217
-8862
-637
-3154
7470
9503
7410
-423
-6439
-1266
-9090
3945
1996
3405
8940
-7881
-5993
-7278
-9039
6127
-6766
6204
-6719
-381
5246
4267
4439
-4116
5649
-958
-9764
-2456
4542
4612
-1878
-2364
8104
-9590
-444
-3608
-6315
2620
-1793
9639
-1425
-2410
-202
7254
3744
9942
-7211
9042
-7977
-5436
1547
1882
-8783
6367
7430
3821
6037
-4656
-7513
6018
-6184
5314
8964
-6256
-8067
-4494
7541
4495
6893
-8398
-4573
5192
-2728
7467
1766
-2141
3130
-3160
9254
4783
-1696
3635
932
-5978
2474
-4723
3879
2348
-131
-2577
-2106
-1522
-6850
-8666
-6878
-996
-5782
2912
-7561
-1777
6812
3040
-5462
-6930
-3762
-4484
-6971
1232
-9379
-2544
4
-9401
-219
-5233
-3140
6483
8839
-5038
199
-9460
6906
5123
-5719
-5176
-3803
-278
-7346
-2457
-6134
-5451
-3717
2168
8586
1070
8547
-2092
267
-3431
-8253
2931
5952
-3207
2934
5766
1212
1247
4177
1937
-4690
-9504
1552
1074
-7456
9497
-8271
-4538
-4383
-2936
7363
9279
-8194
-4914
-9848
7060
1484
1881
2752
8102
-1347
6910
3810
3624
9842
3505
4213
-723
-1530
3934
-6042
3649
-763
-8026
-7418
7292
4725
5488
7109
1316
-3091
2280
7304
2606
3564
-3458
-1268
2968
9945
-2052
-1846
3164
6239
4065
-379
4560
-1974
7832
5382
-4231
8096
-4635
3960
4372
9691
4632
-921
5713
5867
8536
5803
-947
-792
-3721
4849
6448
6261
-1031
-7733
-2942
5367
-4842
-7790
3263
-3008
-6961
96
-3965
-5197
992
6623
-1825
8886
-4095
-3397
9562
311
-4685
-8532
-9347
-40
5126
-1408
3684
-2230
-7919
-1782
5091
7016
7793
-5944
6670
-293
5250
-4182
-6722
3258
5492
9220
1643
-7407
5573
8829
6209
-8715
8923
-8944
9144
7058
220
-8983
6963
-815
-6894
-1849
-3211
301
-2581
-8635
-6712
-3418
-7211
2196
-4725
-1872
-7280
4058
-1545
-6158
7310
-9351
-4054
5765
-5793
2457
1950
8993
229
2447
-9270
4382
1596
-2201
4859
4116
-2086
-5215
7463
-1415
-1753
-9015
-293
-3669
6095
-3540
8897
-3223
-9114
799
4261
7628
-8270
-4661
783
4168
8299
-2327
951
624
2840
119
-2583
-9292
3587
1141
-9128
-1810
9230
503
7532
2040
-3019
408
9210
-314
-8529
2681
987
8086
5397
-9321
3711
1656
-2471
-9428
-1847
8208
5301
9883
7895
4739
5327
-8025
-9887
5360
7458
8650
-56
6991
-19
-1421
-7940
-7836
-9000
1944
5319
5228
3969
-7362
-2076
6952
-7009
7050
-9594
2492
8847
-2510
1145
9371
7511
-1108
-9526
8130
-7274
1683
4269
-5593
5803
5045
4925
-7733
7591
2897
3482
6511
-7888
2256
-2146
-9633
-6267
-3604
-8119
-9830
-1313
1329
8710
9311
-11
-365
-4767
4325
-8099
8863
-1855
9236
-7997
-6428
547
8944
-7601
-2980
-4246
-5248
-2924
-4308
-5059
2275
-5311
3483
7904
4366
-1155
5489
-9819
7021
-7286
7434
2632
-4887
-1469
3312
-6813
-2222
50
-7199
-8495
3728
-4742
-9846
-3140
5978
-7292
-5815
-104
8163
-3655
1800
-1761
6815
7405
-5363
-6403
8529
-4226
5050
7011
-4894
-5207
6939
-5180
7955
7145
-8545
5529
6437
-9209
-3980
9203
7757
-5040
-315
-2857
-2611
1371
-1758
3849
9623
4840
9646
6841
6616
9978
726
-5491
-5120
152
9995
3732
7908
-949
1943
-4510
3596
5117
5368
4240
1837
-303
-4804
-2716
-9702
1196
-2148
7607
-7324
-6412
-1474
1683
-5935
-6552
-9516
-5005
-858
5300
4954
-7140
-5169
-3187
-3549
-6496
-4138
-7776
-1586
4043
4781
6803
9082
1970
8627
-1901
4205
-5323
-7232
-979
-2140
-5886
7384
-638
-1307
-5391
477
-2496
-4275
-3556
-7517
32
-172
2140
2097
-5736
910
-7041
4005
-1038
1173
3738
-116
-4340
2223
-2900
4834
-2057
-299
-7524
-1865
1124
2703
-8033
2570
9119
6602
9268
-5241
-6569
-8212
-4037
-5358
-9234
7204
8148
-816
-2431
293
-6718
8300
485
694
9619
6716
550
-9605
9008
2848
681
-2941
6340
8243
3038
-7168
8085
-5775
-1711
6954
-1466
-2042
3625
-3155
1945
8017
2122
5257
2076
2801
-1293
8234
8924
-9942
-8663
1340
548
-5939
5523
-2919
1494
-3373
-5991
3676
-4246
-6093
-894
-6966
-3609
9192
-1083
6606
-607
-4833
-3161
8118
-4968
5409
-4436
3315
-603
-300
9218
-9549
4221
9395
-4306
2525
1427
9641
-3426
8089
412
-3700
-7496
-6047
8221
-25
-9467
3240
-5355
-5521
7844
-8664
-6277
8023
9460
-6515
-3352
4701
6733
-5296
-3552
-3891
-6821
4258
4873
-9114
6589
6535
5036
-2147
-1854
-9338
-7368
3160
5908
2938
3333
7519
-2591
1951
6437
2088
2854
7595
-2411
7775
7190
9835
-4214
-9926
-2910
583
-1010
-8680
-4198
-8280
-5885
-3476
7402
-9940
-33
6574
-8928
-9769
6322
-4496
-640
5684
-6424
-7335
-4708
9569
-7162
4380
-1048
2849
2656
-6977
2641
8624
-1101
-1272
-1793
-6825
-939
-9876
7966
-5830
6959
-5930
-6907
5038
-2046
-352
-7948
-527
6374
-4167
2218
3389
6310
9845
32
2389
-3322
-4559
4625
-1932
4777
-4877
4570
3899
-7398
104
1660
-1793
-6106
4558
-9910
1986
-6131
-5676
9247
2326
-2363
-79
-6687
694
5883
2573
7338
-4486
5222
-6440
7759
-7333
-4494
-3852
6775
-5680
-294
-6030
-2617
5379
6917
-7459
3390
9409
-1888
-664
2653
-5150
-4399
4444
2256
795
-9137
-3914
-8875
-5954
-7635
-6489
3717
-9126
5698
7151
974
4630
-9347
-7942
-771
1769
7302
-2980
9800
1645
7610
1392
-3430
1548
-7965
-4846
-1266
-8132
-1411
5606
9770
-8282
-7136
-984
-1786
9282
-1444
-8159
7276
9805
2838
-6475
-9190
-354
-6350
212
3129
-2
2503
948
161
-8439
-2079
-9478
-1255
-6825
-8236
8512
3827
5808
323
2933
-3453
-4090
4021
-3414
8329
1469
-3596
-1384
9069
947
-4997
-243
-4638
1807
4423
6647
-3195
5929
3195
950
-9070
-9656
-7075
-6899
9656
4250
4704
-443
1215
-483
6687
3267
8341
-8843
-1866
1221
-5719
-7069
5382
-4203
-3449
-7732
2353
6235
-9239
8021
1453
4165
-4334
-8473
6227
-5052
1784
1080
2406
-4847
5021
3538
4362
7641
-9498
4127
-876
-3379
7647
-6666
2853
6744
6485
-31
-3692
-2505
33
-7027
-3413
3246
-52
521
-1283
-5045
-3064
-4869
-7644
7118
-5074
-5483
6972
-2102
953
9504
6897
2377
3623
-6345
-3685
22
8124
6505
3286
9863
-7141
4120
3375
-9807
9901
6595
-2944
-167
2083
3454
-3759
6302
-5668
6390
7121
455
4365
3351
-3076
-1343
-3669
9022
5578
-9948
-238
-8708
5635
-7207
-2089
-9085
3346
3875
-413
-613
7739
-3612
-8211
-9368
8408
6614
9269
-141
9163
-5651
-9944
8721
-3503
2420
-2091
-5007
-7651
2453
8129
-190
-7641
2221
909
-4190
9110
5732
8824
-6546
6143
3470
8545
8052
7170
3393
-3838
-5978
-5943
4876
4947
8481
9183
-4859
1480
3498
4814
8722
4488
3500
-629
-4302
-4981
8855
9648
9275
7548
2030
-7216
-6832
-4060
-2181
7426
5177
5278
5727
528
2684
4722
4672
-9596
-9218
-8478
7289
-2780
-5001
-1490
8436
176
-5424
-4894
7289
7292
3013
-3793
-8011
9763
-507
3321
-2799
2205
-1949
7419
7751
789
-6180
2058
5866
-9336
-596
-4377
7597
8323
8347
-5772
-3183
9661
-5052
-7147
-6688
-8459
-11
-8359
-3413
4899
-508
-1742
4699
1371
-8643
28
8410
7458
-2883
-3979
-7194
-5776
6466
-247
-8878
-4185
-3962
772
8118
3046
-514
4813
-5399
-9546
-7933
-2026
-4078
-4539
-4736
9747
-172
2776
-1062
1558
1707
-4697
599
-9040
-9298
5120
-7320
-2811
1517
-4918
-3040
-6682
5467
-1910
3635
8906
3063
7150
-4425
-72
5720
-9662
6149
-1546
5120
2424
-1713
5143
540
4141
-2565
9143
-7140
-162
1314
718
-1100
391
-5533
3048
-4009
-5596
4174
-5751
-2103
-655
-3401
-2695
-9320
7031
8812
848
7845
2721
-484
8398
9352
-5514
-1979
-3206
-4119
8040
-4542
2897
2857
9215
482
-2668
-7707
707
-7828
-3977
5366
3204
-43
-5817
-7188
-7430
-6435
-5189
-2664
-8323
-4239
8613
2717
8473
2845
-7232
5591
-9305
5618
-829
-6423
-7027
-4372
-3983
-4251
-8056
5372
-7075
7417
-9357
1534
4381
5684
-9382
8498
-7308
-3259
5142
-3793
1372
-1297
-3258
9114
9835
9576
4958
1573
4126
7104
9911
-7315
6388
-8885
7038
-3721
-1746
-440
9387
-3315
-3845
6905
2760
-3123
-4526
-7111
8026
-7785
7594
-5331
-4325
101
9438
3963
-6210
-9597
3434
9692
7192
5950
-2396
301
-891
-5137
-1764
-3404
8035
-843
-4965
-8698
2601
-5221
8452
-3494
4290
-2488
-3259
8753
6472
-2996
2924
8582
1198
5312
5899
1453
-3035
4431
-4052
3152
5101
-8669
-8241
493
2720
2502
-2635
3227
-2128
-3259
8117
-3960
-6249
8465
-8857
-8803
-2109
-602
-3893
-8892
892
5010
-6226
-4799
322
-8158
6171
-2965
-5855
4513
-3888
5943
2201
-4643
-512
-6221
-330
3030
-9247
9211
-2051
6574
-1306
5366
46
799
-6407
-9581
8858
-1261
-2126
-7957
8601
9104
717
-4147
8140
7530
-8745
8455
9175
4236
-4489
5627
7117
7476
-8122
5121
3700
-5807
-5771
-5201
-8962
392
4350
2317
1059
-4235
2150
-7992
6592
-9715
3406
-4728
426
4755
3395
6375
-9231
-5986
-465
6578
1744
9774
-7986
7746
-9896
-6267
-4442
6567
-6132
5709
-6208
5669
1581
2723
7597
-3549
-5758
8935
-7268
-468
1692
-35
-707
7089
8624
7833
79
1066
9508
1865
-5018
1426
-964
2742
1075
6301
7265
3088
6857
-1475
-5091
5331
-7248
19
-7413
-5039
-5140
7618
8698
444
-3610
-8998
-1814
9676
4771
8367
-4081
-9457
-5319
6104
-2464
-7046
-6324
9642
-8197
946
3424
-1572
8529
5687
6358
8465
7442
-4832
-8720
4489
-1402
-3026
-2870
-3932
8333
7406
-3970
-2845
-7366
-2959
-7897
-7253
-1030
-2963
8330
-6443
-9184
-4906
-3265
6295
-6479
-3214
3279
-7457
-4731
-8998
-7782
9824
2846
-1218
3744
7160
-4703
8726
9101
-600
-8673
4082
8696
9320
-3861
-6440
-7202
4937
4265
449
2637
3382
2482
6655
935
-9008
-2084
-3173
-3304
-1112
5101
-7712
4691
-6256
5170
-3813
5532
-6761
1249
3673
3067
1986
5692
-5736
2420
7559
-1358
-9033
4001
-9007
-3397
-7024
9669
6958
-1132
9226
-6546
3912
9590
996
6854
-1108
-7348
-4228
9381
892
9553
-681
-2326
-7513
8866
6889
246
-3270
-352
-719
-3169
-501
-7137
-5107
2066
-1188
6545
-9086
1838
-5448
-6023
861
5520
-230
5684
-6757
5952
6527
-625
-7064
5682
9876
-9397
-4176
2992
71
-9715
-5189
7119
5570
6859
9192
-5066
8129
3863
-9659
-461
-1555
-2422
-3716
-4947
6071
4569
6527
1340
8344
9742
-4471
-3962
-9093
4068
-5287
-6052
-3303
9812
-1140
-6063
-8353
-9059
-6645
3180
-9653
9745
-9467
3773
-3294
3658
-7722
-8039
2125
7210
2044
-1543
-363
-6015
6474
-793
-6318
-208
-5423
-4125
1570
5244
9443
-7912
3775
276
4724
4456
-898
-9553
-4009
-4046
-1490
5090
-2574
-4112
9275
-6695
-5829
420
-7269
8942
-764
-1041
1812
-6188
-774
3925
9460
-2470
-9081
5544
-9879
-8701
-2784
5813
-1787
-6050
5417
-8681
4184
-9836
-8569
2063
5394
-7167
-4337
-9129
-40
-6083
-2814
-3037
-9830
892
-2889
8326
5240
-8969
-5438
4002
-3582
3370
-2311
-6323
2818
2431
9193
6881
-7443
-5893
-2959
-7360
-9617
1153
-4947
2126
-1371
8576
9600
-9958
-5203
832
8953
-6805
-7805
-3778
1637
-4609
-2453
4354
-1926
-730
-8668
65
8004
-3922
3442
-4821
1440
3727
-1439
1558
-3697
2429
3939
-4822
6869
-3201
-7177
3357
-8725
-5126
-4457
-5078
4016
4634
595
2594
7650
-3472
4086
-2775
-8025
-9227
8874
-6900
7862
2705
8495
9417
-7413
2036
-661
2880
-4163
-9721
-1251
8300
-8406
749
-4444
-1622
-5601
905
-1016
6244
8918
9327
2058
9595
-7417
6216
8853
6265
9166
-2620
8587
-1198
-3950
-5952
-9829
1819
-2746
-8301
3505
-9897
6993
-9860
9761
-9435
-8562
4910
8286
4707
5187
9922
4531
9394
-6021
-971
249
-4728
5196
-5181
917
-4388
-1651
-2491
3215
-1216
9606
1555
8722
-4618
2093
5119
-422
1144
920
-7133
3093
-8301
2742
-6914
-830
-6843
-1473
3008
6661
1241
6121
-6635
-179
5508
383
7255
7780
-2951
-46
245
514
9863
-414
1452
-1716
7562
-5229
9275
-3327
8957
1069
-9165
-4444
5634
-1198
6150
-1166
1883
1303
-2993
8491
3592
-4511
-8619
3672
9427
-664
2765
-4770
714
1569
-4774
5326
-5903
2702
9600
-4689
-6311
-9055
8386
-9458
8790
-4381
8331
5824
3320
1032
6778
-4489
3232
5907
-8145
3458
3135
-2435
-3183
5007
-1277
9309
2808
-7194
9173
-6904
-9880
-5329
-5810
2282
-1183
6390
4625
-596
-7851
3593
-918
4779
-4656
6203
-633
-7536
4995
-3358
-1362
5571
4384
-5658
-6891
8182
-395
8902
-2181
-6286
-7500
-8941
3285
-2770
-7172
6211
-2814
4256
6898
-5739
8452
2525
6712
-6739
-3593
9996
-5566
478
-6461
4713
-952
-9390
-7429
4726
9216
-4569
9690
-3787
-3103
4781
6406
-7271
1711
5673
2237
-571
-1207
-7194
-885
-1110
246
638
7389
-6933
-5764
-5717
4322
2596
3587
7922
-5224
-6882
-7915
9314
9253
-6167
3104
2168
-1583
-9960
4862
7847
624
-4196
1988
7679
5037
-4461
5088
7185
-5004
-4684
-2562
-2510
9565
485
2482
-4419
-1331
-1031
-4327
-8195
-6565
5932
9345
-9543
-5754
7422
7792
5215
2613
7282
-3759
4052
-443
7583
-5924
8451
-9243
8095
8464
1535
-452
-7290
3741
1847
1935
5956
-7299
-4871
7024
-9958
-5974
7981
1715
1001
-7126
8983
2682
-5378
2691
9447
-6740
181
-2565
5831
-6764
9543
-3552
-3967
3538
1140
5841
5598
4450
-8018
-6986
1241
-5134
1696
-3285
7168
3511
-4903
5690
2576
4436
-7797
2208
-815
8519
2083
3537
4036
-593
-369
-5873
2682
-9827
7540
6603
5197
-3436
-9681
3557
-2120
-8737
4856
9509
-6635
-4417
-6731
-2226
9580
4750
-992
421
-7467
8449
2553
7520
-4812
-7784
4536
1712
3789
6469
2771
8135
6720
-8962
-251
-8000
-982
5313
4454
-5097
-402
-1786
614
-3383
9153
-725
-9472
-4834
1768
4485
-4321
-1613
6966
4350
-4644
-3490
9719
-9718
-3177
4351
8581
-3970
2363
-4183
3086
6435
4774
7534
3491
9035
2409
7910
-5180
-5807
-3436
-7288
1519
-2231
-3476
1503
4485
-5001
8890
5899
-9000
9598
486
3240
9980
7456
-530
5069
6465
-5516
-5091
-5546
-2476
1079
2842
9441
5779
-864
-4661
-7432
4006
2828
-7947
5466
-9142
-1649
7371
9696
4381
-180
1244
-3003
-5545
2263
742
-242
-5444
8292
-5433
2298
-3803
-4322
9077
-9469
-3443
-3905
-549
-3517
-3536
9073
-6245
9576
2293
-8268
-7409
3760
804
-8278
-6254
8692
-7190
559
9872
2574
-8023
-7436
-3501
3810
5149
185
-617
-1625
-7861
-1969
-3099
-1609
9795
137
3385
5356
542
4095
-6588
-3477
1535
-3121
2837
-3815
-8984
4646
5132
2594
6115
-5314
-8046
5363
-4359
9152
-7226
-2354
-4726
-120
351
-6201
6527
-1017
9433
-3954
9384
6564
-2893
5698
5407
4743
-7456
2581
2444
-1426
-6568
7635
-9152
-5379
1682
-5110
-6000
1266
-448
-6570
-8063
-8590
5419
-8839
4295
7099
-3783
227
7892
5472
-5208
-2830
-519
-2257
-4426
-5532
-4677
4812
-1962
2962
-4845
-348
-7737
-6355
1299
8759
2255
8412
-6215
-3318
2902
-8312
-3725
9423
-8770
-130
-4716
-6937
-7269
2096
-7202
-9900
-9636
-229
664
-8363
-6376
-974
-6251
8207
6179
-1454
-238
-2679
5856
2982
7935
1977
-7434
-9774
3083
1512
5092
8166
3169
6685
6232
-7676
3381
581
-2530
-499
-4899
-9706
-3574
-3742
-2782
9390
5731
9218
-770
-4449
-1151
-7339
-5673
5683
-3951
325
3491
-4402
-7578
-6107
9346
-4885
8582
-9471
-9408
-3315
5805
-8732
-5468
9709
8429
7356
109
-4476
3007
-3121
-5708
-1309
1967
7658
5816
-9190
2429
6826
3827
6512
-3624
228
-9808
2548
