6464
-9058
-1995
7010
-834
2568
-7013
-7580
-9055
2133
2692
4735
-3350
-2423
-4047
-6777
-1834
-929
-6707
-8809
4826
-8919
1494
5334
-2105
3090
-4867
4534
-8652
-8677
-8670
-7537
8390
-8737
-2902
3949
-8834
1568
5272
-1423
529
7372
-5651
7604
3513
5487
4448
-3803
-6575
-3442
-1285
4094
4516
9831
-9871
-8481
-1765
-7995
-1969
1125
-4743
4856
-5529
8633
2647
-8476
7663
5101
-5380
-4677
6867
-7788
-7920
-8592
-8845
-2218
-1453
-6710
1344
4386
3370
-2682
3737
7456
1698
-1681
6461
5283
5557
-2925
4413
447
6199
9777
3726
-7219
-5269
3303
6535
-5331
9836
-6985
-7992
5910
9406
4994
-9342
-9562
8944
5334
-5618
-2968
-3906
7511
-7712
9367
4773
7802
-8022
-5433
-9812
-6763
7154
6309
470
-49
-2184
-3999
1602
-9350
6565
7602
4205
-2867
-9700
7427
-5884
-563
1337
-2367
-4096
-1409
3435
9379
2812
4791
-7110
-683
5730
-7155
-992
8421
7736
-8241
-1264
3640
-7384
164
1046
-9495
3527
-3204
-709
7657
-4847
8973
-9867
6113
7225
4451
9112
-7525
-2944
3489
5396
9386
-4858
4388
-3513
-4324
-7776
-9413
-1100
9444
-4467
-8530
-6129
6616
-484
293
1485
3075
-6425
-8558
1180
-4199
-5868
-6333
7599
4282
-4523
3831
-6750
2412
-2167
8033
2993
-1914
-2341
4022
2416
9619
983
8087
-9674
1626
7068
3286
-1763
3996
5382
926
-127
-3865
6239
-9311
7367
-2291
1918
2571
-7244
8943
-5219
5882
-3261
-8766
-4089
-1453
6683
4872
-2227
-177
-8585
7743
-980
5260
9687
3780
-5610
188
3926
-8083
-4610
1993
8817
-9225
-592
-8547
-2496
7284
-3105
7521
4610
-1429
-915
-7057
-3572
1130
-1424
-6547
-7534
332
-2181
-9639
1921
621
-8697
-9224
6259
5645
8816
-1720
4603
-4072
-4888
-1242
-1071
-5464
-1978
-2087
-1161
3680
4266
2625
4281
8026
-4922
2699
-932
8802
-3174
-3546
4894
-4942
-7796
-1395
4495
6887
-9281
2821
-3604
-7407
1926
5935
2405
2009
9114
-5022
993
-380
2424
9016
6655
-9921
-6060
388
-9799
9148
-8255
3401
-1198
-4727
7840
-2026
-6706
-9268
7416
-5481
-3421
-5641
284
2553
-9407
7115
7942
427
-5145
-5229
9050
3793
4747
7588
-710
2268
7356
-3301
-6571
8485
8706
3083
-5998
402
-3235
-570
4736
2492
-4334
1303
4911
818
167
-4504
7486
7093
2477
5162
-1230
-8907
-6587
8355
-1837
7353
-2206
-7502
4547
-2453
5883
472
5934
-6814
3378
4882
-3387
6297
-7129
-2066
-7123
3790
-588
-2076
811
-7128
1290
4549
3886
-3513
-6057
-3091
4318
9041
-1892
1301
8366
-9173
5035
-682
-5342
4629
7882
9514
-2547
-753
4896
5252
2727
3444
4542
4970
1212
9758
-6047
6994
3011
9918
-6490
1483
-7965
-5459
-7538
-3164
-9801
6534
-4387
2168
-8153
-7691
8253
-9400
-1207
8317
-8056
1292
492
8267
-4808
-9854
-6248
7479
-811
5975
-4597
-9422
4487
7881
5711
-9824
-1945
2424
-5935
-4082
1227
-1118
-5317
-6912
5719
137
2846
-6313
-5366
9224
-3801
8446
-4496
7904
4659
-5715
8911
5113
-1765
5928
-2647
5848
4010
4197
-6983
6598
-5345
9131
-711
2602
-7537
8691
-9357
7367
-586
7981
3158
-341
-2031
3600
4969
-7358
8093
8607
7447
6429
-30
1651
753
-1185
1556
8135
1324
1058
7112
9410
6171
-4210
-4552
-3697
-8874
-1203
9338
-4102
-2152
3325
-5419
-4565
6540
-6481
-7654
8884
1687
7457
5619
-9580
-960
5913
-4751
2227
5624
478
-370
-5057
8961
-548
-6817
-2401
-2206
1325
2125
-2115
-5158
8465
403
8862
-3311
1054
5305
-3568
-8349
9272
-8344
1256
-7465
-7378
-3889
-5044
-5807
-974
-3915
-9394
-6517
2309
6393
4671
-4497
8896
-5965
-9139
8050
2316
3152
9087
-1936
6811
-4569
7883
-9116
-9294
9632
-7307
9995
5626
5122
-3063
-3718
578
6013
5996
-3808
-9956
4125
-5616
-6460
-6228
-149
1281
7224
2580
-2608
-2475
-7307
-4905
-6274
3889
-5073
1155
2676
-8731
-1315
3696
-2105
-5052
8651
8962
-2021
9703
8242
7889
-6722
-2889
-2907
8568
-3143
-3930
5837
-9821
1314
6722
311
2478
2081
1947
6192
8155
-3728
9869
7444
-3525
4564
4985
-347
-132
-1744
5220
-3338
6850
-6723
-1191
9799
-3202
-6581
-7566
2708
-6917
3548
-6678
8787
4813
4564
1502
-2635
-685
2818
-4471
-3262
287
-4542
-6593
-9793
7626
-2098
-6952
6353
-5445
6508
333
5706
-1369
4878
-3876
6673
-1274
9323
2466
-8759
4157
-377
8819
7213
8826
-2201
6251
-505
-2367
-8107
-6527
4790
-8335
-9733
-58
-2189
-8165
7149
-4961
-6443
9288
2285
-9152
9296
-4717
-6403
-1556
-4148
8499
-8751
7209
6875
4304
-9360
9083
-3856
-3653
830
6903
-7198
7609
-3285
-946
-5835
-9770
1798
2896
8190
-7488
9314
4302
-4909
-1385
5941
8265
-8360
-9862
8680
6000
6033
3621
-9007
-4796
5096
522
2735
658
7076
-9507
665
-444
7564
-8547
4439
2286
4131
3057
2855
1522
-8621
4655
-1191
-4622
-1203
-6658
-8662
523
-8206
-2651
-3642
-3955
8019
9185
7044
-6368
4517
-5602
7012
2117
-5583
-2636
4036
6739
-6131
-6129
-8351
-9176
5274
2389
-7515
-5661
-1016
7018
4431
-250
-7647
3307
6916
-6191
-7091
3402
1982
-6040
-7022
6821
-3404
5661
8011
7473
-5173
-4468
-207
-4447
-8648
3572
-872
-4788
5668
-2904
-8308
6021
-4593
-907
-379
3878
4366
-2404
6930
-8944
-9739
-571
-7259
4340
1523
-1356
-9385
7954
-640
8839
336
-1290
3043
-5662
480
1141
6191
-496
4652
3314
-1503
9187
4007
-8304
4556
-7640
317
9333
9813
4705
-5979
-6582
7655
5848
2376
-298
-2425
2289
-513
-1495
6425
3726
-1870
6244
-4150
7410
8863
4527
-6521
-5928
8633
2354
-798
-9003
6796
2816
-4415
8145
8095
-9081
-9557
5284
8544
4446
-6649
6292
-8397
-3
1494
68
-9792
9120
7654
-2034
6223
6550
8236
-8787
3112
1777
-1565
-354
6961
-7669
-6237
6048
-5927
-1936
-6455
8322
370
-9186
5411
-1060
-1972
2601
4864
2731
-751
-1416
-1703
-7512
701
6484
-9576
8729
-9167
5626
-5880
-678
7875
9512
-99
5771
4360
-4396
-9730
2334
-9512
9205
4105
4594
-7539
-2179
-8252
-3509
5933
-3154
2823
7048
-5676
-221
2516
2248
6644
-1727
-3016
-6370
-1488
-6807
-5973
9947
5633
4234
9538
8709
9198
6256
-2836
5840
5636
-6713
-6277
-5586
-9851
-4894
-5533
-1100
8074
-4025
-6449
6811
5928
9379
1144
2149
-1703
-9590
-6978
-6426
-9086
-1992
-3239
-3702
2149
3950
5698
-2392
5085
3896
-1429
-3278
-645
7562
8459
-9196
-5851
-8807
6190
-4120
9674
-3598
2507
-1949
-3924
4541
3813
332
-923
-5509
-3384
-3046
-5462
4029
-9089
6692
-5653
8967
-3886
4141
-1539
2397
-4171
1818
8328
-4486
-5297
-3063
-646
-3102
-2412
5465
-9322
1271
-8920
-5393
4091
-8500
6548
-6918
-5263
8985
-5451
-2529
6272
2674
-5514
5733
-7753
-6877
613
6391
8390
-9120
-5763
5483
8195
5030
-7959
-8419
-7170
5226
-4254
-8018
957
6012
-6772
-3762
-214
6302
9903
5715
-5951
5275
-2369
-2149
-3358
8405
-7136
6232
2503
-1844
6387
-5810
5808
-7808
6206
-613
5788
-9070
9061
-9726
-9355
9945
-4924
-3649
9263
2922
-3368
3694
-9897
6597
5810
-4181
-1072
3051
-7715
-9961
-8117
8057
-6686
-8371
9622
2629
-4335
4545
6634
-5776
9927
-2948
2901
-3697
-9209
6096
-3565
44
4962
-4297
137
947
580
477
-4264
-430
5150
1038
5571
-5323
-3081
8732
7999
-4765
-2087
1034
3741
-2843
1265
-2588
-1198
-6760
-8156
-175
-1431
-6410
4453
-600
2980
8851
7080
-1863
2182
154
-8399
-804
-2375
-6895
4382
-4233
959
3392
149
-188
5036
-2118
-8616
-8340
4584
8727
3479
9135
1646
-25
9142
4209
3218
5588
8777
-7519
-2726
5420
-2827
-4115
-3846
4945
3764
-7003
-8656
5126
-787
-516
-2813
-9092
8671
1421
3016
-2872
6975
9959
9354
180
-8073
-3747
7956
6375
6058
4122
3146
-3205
-5815
2273
5453
1376
9138
-5198
-4703
7397
4098
9209
2214
9575
4750
9746
3038
-3090
35
-6171
5137
-7
7923
4324
9666
-4239
-7987
6272
-5799
7085
3856
5269
1413
7204
2361
-3379
-2227
-8246
4736
-681
-7038
7030
6431
-6971
-8317
-1516
-9426
2459
1342
791
868
1758
1880
7994
-4794
-83
4593
7457
-9044
-7801
-7972
-7821
-4413
-2527
-8585
5726
5984
-1226
1020
8689
-1868
-5298
8184
-7477
-6984
-1065
9998
7422
9607
2128
2402
8245
8243
-3206
898
-6142
9102
490
-6770
-8484
-3739
-8314
3609
1800
-4204
89
3487
-2325
-671
-4676
6785
3524
1764
8569
-5408
-9248
-9650
-5361
3573
7556
-2938
8921
-2189
498
-1237
-4227
4703
6699
-8376
9306
1151
-7233
-9003
440
2722
3320
-1527
6362
6629
5854
-665
9081
-4419
4842
-6777
-7679
-4239
5173
4764
-1228
4534
-7497
7608
6348
8960
7065
5696
-5858
-6942
8255
-6497
331
-2872
6627
-9773
8616
-614
-6262
5748
7997
-8514
3196
-7697
-9600
6481
3916
-9501
1499
771
-7257
-5662
5851
-3382
4484
1462
6551
8744
-4482
-9484
-678
-3010
1033
-6862
7223
-8883
-6975
-9887
7214
-7565
-9741
8382
-7147
-3638
-2548
-9837
-6518
-3108
5387
3254
7466
7850
-2470
-853
4184
-7685
6397
-4510
-6281
9394
-9948
1249
7146
8432
-6253
-4556
6018
6919
-411
-3071
-4675
9561
-9589
-291
-5981
187
3214
-3471
9162
-4613
-9596
-6921
-2249
809
516
-6351
6862
6070
272
1815
5445
239
-3378
9977
-5167
1576
-757
7756
-725
2262
3018
5238
7604
-3153
-9523
-4414
690
-6387
-3414
-7221
-5390
-6752
7610
1534
-4312
6908
8317
-2076
-1886
-9190
-5170
-2592
5055
-5234
6764
4619
-3812
6657
8809
7324
-4378
-7050
-7826
-6696
4251
-7909
3514
-2450
-7929
3083
1705
206
6346
-9445
-6803
-9651
-2319
-4475
2473
-664
-1148
964
8945
-4016
1222
-549
2720
1040
-9589
-2174
4709
7026
124
3376
-1131
8973
-7686
-3943
8740
5824
-4484
8114
-1796
9756
9670
-7485
-6332
8108
-4572
-9133
-6577
8543
4922
-4423
-233
5980
-5469
-8518
4323
9689
942
-5556
9946
544
5688
-7207
-6349
-5138
-4779
-2657
989
-8828
420
-3948
-9387
521
5793
-9819
-2267
375
-3524
-4347
-2316
-3240
3794
-8119
-2177
8983
-4348
5997
6991
5737
-8542
-4369
965
5844
2473
-7762
1846
-3233
1128
-1055
7414
-3347
5851
2713
-8092
2282
-7742
518
9526
-8979
1713
6470
-7261
-6173
4288
-697
2939
2574
3022
6116
-7295
-2115
-1579
6182
-3322
-2718
3857
4564
-1805
-6910
3255
5028
-8026
1407
9776
-5334
7938
2954
9090
-9122
-5674
-51
-6191
-4680
-9796
-2708
-2927
2866
61
-816
5658
-8352
-5227
7345
1695
7973
-3660
8880
-3656
2074
806
-1351
-7514
-380
7891
-5492
9474
-175
-9122
-6170
-7023
5395
-5454
-654
-2359
-839
7132
1558
-7603
1303
7743
7692
865
3615
-9470
-7893
5630
-7136
-6345
-4398
-4282
3813
1280
5876
-2328
6196
-9262
-6196
770
8457
1688
-8361
7190
3896
-3882
-7042
-3989
7676
497
-2289
-2372
-9092
1373
3124
9720
504
2868
8018
4619
-5451
2466
-1741
536
-3543
1364
6798
4922
-885
-7526
174
-8368
-5618
8767
-964
-928
-7374
3895
4223
-6399
-4127
-6126
-2131
7241
-3611
1733
-2727
-4520
9758
1794
5047
-152
2321
-7726
-7273
4965
7540
-8612
6559
-8450
-3890
-5611
5074
9862
434
1751
8095
5783
-3424
1154
-1193
-5396
-4134
7069
9887
-3549
2752
-624
-2668
9706
9689
6388
-7937
-5905
5018
2280
-8183
0
8279
-8472
3544
6893
1938
-9293
5556
170
9097
-5735
207
-5277
-8408
-6029
9544
7673
-8191
-1189
7704
-5819
-8262
-5869
-8118
-6864
9273
-3218
2899
9830
-7006
-5449
-4710
-3691
-7631
-9096
-1642
-955
7563
-7649
4718
7268
6107
-7333
-4567
-1789
-322
-494
6996
7217
4709
3219
9713
-9200
-8565
-6955
-5185
-3878
3646
4877
-9196
-3959
6212
4255
-4436
-6623
7809
-9698
6558
-9899
-9993
-5661
-6123
4368
-3184
4218
5870
-1597
-462
-4078
-1329
-8623
5732
-7390
-3495
-736
4666
918
5761
-9550
5770
3730
9783
5842
6825
-4246
-123
8798
-8732
3949
1748
8187
335
-3207
7975
8928
-4646
1984
-7039
-5929
559
-579
-5741
4114
-678
62
-7871
-5142
9107
-4344
5976
-3308
-2159
842
-630
1199
9942
-2402
7620
-6461
-3796
3279
2456
8849
-8740
-1809
1687
8968
6391
8709
2548
-4445
-4214
-5441
1289
4503
-360
-1104
6422
-2480
2358
8831
2965
4058
5884
8431
-4191
7180
-1062
8620
835
-3497
-7477
-9133
-9380
9692
-491
-8754
-8547
-2687
-9835
8218
9094
7289
-3587
829
-8497
6188
-701
6081
1916
-3053
9568
-675
4796
1632
-5583
7622
4203
8362
-4295
1996
-8211
4012
-734
1155
8035
-45
-4665
9234
-1242
5054
-129
-5777
-8129
1386
5718
4228
8051
-2321
-8281
2722
-4886
-4658
1180
-842
4603
-5727
6032
-1670
4503
8640
3126
-1844
-2572
6964
1830
-5920
7146
-8172
9457
3724
3145
741
-2378
9320
2495
4904
2096
-1550
6554
985
-3591
1092
2784
1602
-6867
-822
-436
2424
-1240
-3103
6918
538
-8821
6665
8959
-1605
4729
7241
5455
8415
9109
-6588
-4884
3826
6715
1840
-2002
3534
7645
8917
-3497
-6919
-7177
-6280
5627
5778
7846
-2034
-9011
-5608
3560
-7613
4236
-936
5375
8608
-5273
-4763
6084
8602
5659
6554
-6666
8119
4605
-1394
165
-7558
-1570
5926
-8207
8390
-4868
7468
-2839
-1843
5247
-4628
-5360
9674
-5670
-7236
7921
840
-6909
-5662
6012
1621
49
-5321
-6664
-6291
-8167
6021
1324
-2052
872
-2170
1961
-7259
-2204
-4145
2931
3646
5741
-4562
3003
-8262
-150
-4314
1834
-2737
-9645
-9762
8760
-1970
-5044
959
975
9381
-8534
5551
-1235
-4496
3584
-1617
-8483
-3476
2171
-8353
-2103
6102
6
2599
9729
1306
9167
-5928
-4423
9674
-6828
7898
-6102
-6596
-7394
-3826
6945
4456
9624
-4039
7146
-7618
9056
8397
-5505
-9173
8741
-7047
7749
8530
7488
-3754
-5656
2687
-6547
9773
-6719
-6082
-4527
3825
-6412
6979
-5011
8386
-3016
-2720
-4613
3947
5282
5186
387
76
6316
-6558
9001
-9252
-9007
3161
-5156
9369
-7983
5213
-3327
-5176
-3339
4597
-1682
-7053
1593
-4314
-9069
7205
-8281
-9012
1978
-7739
-4525
9524
241
-4695
-6770
-5788
-389
-9931
2883
7923
-4622
912
-5583
7509
3419
-9902
556
6524
7529
5019
-4389
-4687
-9036
-5658
1863
-2854
-9709
-1287
-6347
8538
9880
401
1209
-2919
-5575
766
-2043
-8781
-8406
8374
8811
6716
-9592
2052
-8536
-832
6739
-6627
15
-3485
-4516
-6684
1173
-9423
-5656
-2745
-5748
-357
9048
-3251
6779
8149
6227
-9140
-7427
6259
-2797
-8648
-5054
2381
592
8504
-1486
82
2614
1998
2861
8977
3349
-1727
3802
8545
4822
1316
-7214
2579
2302
-5856
-6985
-4308
2365
8577
-5257
1050
-3460
-337
7388
8089
5659
-985
-3854
-4645
-7925
-5375
6521
-7107
9060
-54
1420
-8409
-9523
-5835
-3194
-3801
1386
197
-9472
-1541
-1584
-8347
-3857
-4190
-685
-1011
-6042
9969
5207
2323
-1970
-2813
3049
-5067
-6996
-7838
5164
5206
-822
-220
9802
7855
-1807
-8736
1467
-7474
5586
-9187
4725
7788
-438
-3160
-1988
956
-9272
1981
-6281
3811
2985
1304
1868
9216
-1494
-1147
3731
-112
-4256
2375
8466
5218
1093
2692
-1793
-9730
-2650
9208
7268
-9266
5361
-3191
9362
1886
-9001
2688
-8876
-5533
9690
2413
-9631
408
3242
3708
-1763
7782
10
-4706
508
-7357
-1907
-5371
-9065
4713
-6076
-732
-6858
-3805
6098
-8418
4435
-4340
-1987
2659
-4017
-488
4997
9855
3290
8185
3208
-533
3143
-2239
-1179
391
-9511
-4897
-9371
2898
9026
1404
394
-9804
763
-3615
-3696
-4200
7822
3111
4397
8496
-7583
-155
7176
-1389
7713
-1945
-9374
855
-6256
8656
-3922
4294
2438
-5137
-4478
8161
-90
2728
-9001
270
2061
-3473
-308
-9101
5099
8661
-6933
-6284
6794
-1258
-3412
-6218
8994
-9479
5340
1410
-484
8625
3855
-3911
-9252
6598
4791
6073
4214
9400
587
6164
-1406
-3694
-3496
5163
3107
-7826
4148
453
8926
3222
-7938
9276
-4407
-6774
735
4849
-8163
-3567
4352
-2749
-8662
7886
5299
8785
2198
5104
5980
6612
-1858
-3720
-7622
-4236
-5298
-465
1128
4597
-5669
1272
-1924
-6536
-1717
-1795
-5156
-6693
9688
-5228
-7102
-8541
-4023
7455
-3474
3296
2434
-2007
-885
5598
5322
-5618
-2861
4076
9352
-2507
-692
3478
-1886
-1352
-905
5926
4889
1460
-8866
4267
-6605
848
5386
5782
6738
-6845
3997
1599
-3596
-7033
-5330
-7756
-8102
2209
-9197
-5258
9366
-3687
7009
8575
8733
-9843
-905
1521
-3011
-3897
-3163
7815
-2994
1653
7942
-480
4876
-7586
5167
4835
-3214
4361
841
-1991
6579
-6997
-1883
734
-7367
-7995
1529
3651
7652
8356
-684
3739
7664
9475
6908
4401
272
-961
2213
3457
9947
4609
-4645
-1058
6636
-1446
-5867
7874
-4552
-2405
4109
-2936
2414
-9738
-4180
8914
-9312
-512
-6936
106
5826
-6814
1924
-6836
4118
7464
9342
8677
4772
2605
7168
-9207
-8665
-212
-1122
2147
2805
-8040
-5638
6545
3511
1956
-3246
-9824
1363
590
-5875
-1188
-2945
2598
-6204
292
3578
6359
1091
1847
-3855
4085
8566
1984
-9671
-5618
1984
7773
-7851
8886
6976
-1895
6003
92
2029
118
-7750
-3006
8011
8621
2617
3146
9877
-6864
8012
5429
3305
-9440
-4490
-4739
2828
2873
8488
7714
6179
-2549
-3405
-750
-9678
-3057
-6010
6896
-5852
725
8451
-5100
-3485
3724
847
2923
2998
5940
200
5708
2390
3071
-1368
2176
-7012
7977
8603
-7237
5176
5641
-8781
-739
4592
7702
-2143
-6356
8361
-1520
1266
-6969
2959
4776
4979
-3004
6628
-4763
9902
-601
2516
2931
-7978
-784
-7811
-4483
9342
1307
1929
-7145
-4024
2064
9194
-3950
-5023
-3144
9673
380
657
-4362
-8167
-8064
7499
-5156
-1047
-8810
-8104
-9062
-6712
-6786
382
2263
6320
-9500
624
-6741
-8473
-1624
3042
4426
867
3168
7633
-5599
-7569
2670
-3665
-5546
7823
-6182
-2815
-1649
-823
1586
-5958
-1463
2009
1422
8292
-1963
2182
6970
5445
-9389
8309
-7960
-3428
9286
1405
-6835
9407
5078
4985
5902
-7015
-1471
-1050
2753
3433
-2364
-2988
6939
9598
9210
-6514
7873
4677
646
9399
9459
9864
6199
-7175
7000
8415
1288
6155
-5793
2653
808
-4479
-7892
-1240
2366
-800
-1095
6797
-8767
-5211
8622
2459
-5174
1200
-3674
462
6474
-505
-6621
4999
2110
-7503
7154
-7511
-8704
6214
2023
-4908
1162
-5532
-3520
702
-2162
-3752
2660
-4863
-9432
6115
9191
9844
5250
-9384
5540
7786
-5503
9196
3566
-1975
1033
-1736
-9987
4864
4969
-4114
-1160
768
-2531
4845
2728
-7005
-2443
-464
4865
3506
-5758
81
-2935
-6219
8089
-8236
-530
-9016
-7720
2776
8656
-7458
6253
8734
3950
7759
8110
-2588
3647
-3621
2689
8308
6190
2090
3769
-5821
-4007
2954
-3134
6972
2965
2784
-1065
1864
7115
4569
475
8323
1892
9987
4896
-9098
-8715
-9207
7768
2617
-1727
9355
5492
1181
8813
9786
-562
-9349
-8097
-5700
-5607
-6236
5357
4063
-6273
-5851
-2663
7887
-6571
4555
-4565
-1851
-7511
5490
-1156
-102
-5626
1309
2608
8620
-8308
5071
-2041
-4725
5833
-1905
9222
1637
8653
9818
1917
-7255
1320
-39
7823
-8378
-2886
114
4288
-4675
2867
1786
1783
7296
-7196
-9138
6959
1146
-8634
8058
-1179
2054
-5417
-4942
-4938
-2478
9842
-1483
-7052
-704
5005
-5252
5892
-3768
7326
5786
6498
7981
9370
-8968
5992
5455
8742
7735
-8575
4344
7692
-4631
-1507
-7240
-7884
8643
-2652
-8447
-5408
250
-7621
-8918
1094
-9859
8799
-4577
-3314
4926
4396
-720
5050
-2272
-232
-6265
-6861
-7280
-7001
9381
9021
-6807
4560
1561
-7281
-3282
-4280
-2289
-9955
-419
-5541
-6343
7439
2530
-5297
-9259
2889
4875
-6815
9790
8863
-5562
-890
9874
7286
-9440
799
5577
7015
1142
8093
-2036
-207
8362
5375
3468
7311
5680
1843
-8279
-7044
8718
-1424
-7768
-4315
-8382
-8129
4033
7408
-7673
-2524
-6979
-873
-9152
9529
-7479
-7835
-170
6440
2375
-6499
-9880
-6444
983
6802
-8116
-451
2294
7170
9639
1006
6589
742
-711
-1981
-2447
-1124
7391
5386
6785
4277
-3812
8850
-9143
-8309
-9175
1596
-6407
5181
9767
2586
8318
-8063
293
7623
1353
-1317
-3080
1457
3611
5550
2142
1993
-9715
7392
-481
5415
-8509
1454
-6397
-5774
-1511
-3723
1996
4618
5589
8270
982
-689
2114
-8626
-9876
-8176
-962
6503
-7800
-3212
-418
-2042
5546
370
-2430
7071
8047
-6504
5194
8366
8386
-1798
9369
-8885
-9860
-359
-699
-7594
-4780
-4188
-544
2217
7836
-9891
3540
-2194
-4400
-1296
9455
1088
7169
9554
6599
-8911
-6461
9998
-3246
7014
-3428
1077
288
-9149
-5632
-3325
-1380
4925
-6810
5632
-2879
9526
8998
-9963
-6376
-8856
-3132
913
5704
-6284
-9190
-7076
-7178
-2065
-8825
680
8728
5497
7596
-877
-3897
6181
-797
-6228
-567
-4511
-2180
6042
-607
-8717
-7519
293
9038
9288
8429
-6467
3331
-1438
-4981
-9053
2696
4322
6019
-7201
4196
-6335
6546
3641
9069
7237
-7161
7351
3354
-1696
2380
-8038
6466
705
8020
5008
-6379
2873
-4837
3575
-9174
-5418
-969
-4746
-2082
9810
-9809
-3162
-2762
1215
-7552
-9528
-938
-7440
6979
2227
-7907
1181
-8814
3194
-2786
9765
-8159
-8472
-9903
9304
375
-7882
1622
8682
8335
9069
7283
82
-3551
-3908
-4683
-7758
2913
12
-6348
2673
5813
5590
5874
-6302
9167
-4808
-4024
-3868
466
4799
9610
3818
9869
-3818
626
-6551
-6373
-8526
-6855
4079
-1665
-8734
9788
-1249
7682
6101
1374
-6974
8588
4280
-447
6946
-3497
-6608
7958
1870
8767
6012
2579
4953
-794
-7612
-9505
7028
-4246
-246
5660
-1260
-5710
7321
8978
-1340
987
914
5526
7268
6895
5152
-4764
6145
-5753
2370
8571
-357
2815
9167
-1999
-716
1315
-8942
-5836
-4495
238
-5874
5193
4253
518
-5975
-5211
6553
-9188
6949
31
9294
-4949
4156
7018
-8233
-6330
2657
-4913
-357
2189
-3983
-6508
8965
8548
-1414
-6420
-5905
901
4509
9802
72
-3203
2455
7675
-9440
-462
-4452
5476
-436
-6318
-220
-9074
-525
-6850
-5959
-3790
-818
-5926
4372
1673
-5461
-4744
-3471
6498
7742
822
7309
7218
-8764
-2064
6044
-2111
-8822
9470
-8867
4870
1409
-6264
-2789
2217
-4851
-868
-1854
-977
4437
9603
-7834
617
-5952
-3098
-8468
1821
-1922
-3232
6674
4285
5612
-4415
-8991
7884
-4869
-3776
6804
-707
323
9530
-5059
462
8479
3496
5122
1057
9862
3266
-1134
-9439
6024
-6708
3278
6344
-302
5795
-3302
-8784
4134
9686
2914
2134
-4656
1652
4597
3798
-8846
9351
-9921
-1060
-9470
8909
-332
1283
9442
9697
-5063
-657
-2350
1498
7711
-3528
-7207
-2146
-1628
-4229
1743
-3458
-7447
3958
-8926
-9750
-3531
120
-5065
8547
-3163
-2219
-1460
-4791
-6668
-91
4617
-2959
7239
3951
7994
2347
-5329
-1736
-617
-7554
-4433
4123
3618
-1578
1365
-9478
8353
-5696
-3737
7272
-1624
6798
-6423
-6496
1503
-7935
3648
-1645
6765
3603
6658
4305
7483
-3157
8991
7692
5149
377
-284
-5872
9301
-2390
186
2224
9921
9238
-6668
-3317
5257
8741
4413
4217
-7629
7219
-3728
-442
-6326
5957
6952
-7885
1271
-2796
-9551
-8437
4528
-3365
-651
8750
-6899
4452
-4557
4381
5788
-9437
-2913
2117
-2200
-3637
-1642
-9321
4796
-3519
4303
-7227
-6030
6840
556
2965
5575
-9892
5862
-9175
6242
-7477
-980
6033
-9635
-8521
3870
-3159
3902
-8222
-3500
9660
-5095
-6591
3009
-8510
809
765
1002
3289
684
1024
5272
-4507
-6812
5657
-9460
-9934
9065
-3148
-10000
-451
-1838
4538
-691
2550
-5013
-2451
-1731
5236
-4978
-1933
-9583
-9997
2127
9170
142
7972
-6567
6185
-4308
-8786
-6352
-2751
-4057
-7583
-3025
-96
-7266
3529
-1725
-2471
5689
-8413
-2441
2725
8391
-6450
-5708
-4323
5218
-2797
-4266
-2432
-7220
-7143
-4860
6447
-9847
6045
-2935
-3577
-9499
9300
5405
-8084
7884
-4391
-3267
-5991
7815
-5739
-6288
-1778
-6929
4181
5508
-8712
8044
1332
-950
-922
-5855
6455
8468
5184
-3806
-1391
490
-564
-7284
-7886
2232
-5198
-6819
-251
9311
-1697
9036
-6763
1991
-7227
6892
9967
6399
-9253
-5996
-6375
-8783
-3836
-4844
-4557
2272
-9111
-4301
-629
-511
-8593
1900
733
2166
6272
8519
7635
7889
-5250
-4631
-2290
8544
5783
7508
9096
-1350
4260
-8967
3676
7462
-2230
-3707
-418
-793
-6066
-6362
-6942
7337
-8919
1817
4082
-5084
754
8434
9037
-5783
767
3034
9994
5478
-8682
2556
-4478
-6451
3292
6646
4170
-2812
-6138
2911
-2834
7108
1025
7388
-5915
6281
2798
-4562
7489
609
-1237
4910
6894
9346
8365
9094
780
5147
6487
-7019
4868
4584
1730
-6885
-7054
-1839
-1264
9674
5556
7082
-556
6009
-3824
-2755
1407
4316
5831
-9042
7469
-8530
6798
-2511
-8749
8026
-9251
9705
-2554
4459
-5387
5260
-8189
-2493
4818
4359
4933
-9714
-5645
5216
-1091
-7176
3472
8116
4772
8562
-7271
6176
1743
-1284
6315
538
4865
3930
8118
-9291
-1465
93
6417
3173
8538
946
1133
9124
3517
-9003
-9086
1887
7248
-445
-3376
-1987
-2686
8295
-7639
-5139
6879
3946
-7408
1525
-3717
-6846
9196
-4725
-5754
6609
3896
689
6047
-2833
-3871
7496
-2099
-2002
-8467
-1699
120
6929
6851
2587
7412
-3777
160
4635
1458
3214
-480
230
651
-3272
2704
9477
4169
5971
3856
1786
8383
-8588
-558
-5917
2905
-8931
-7703
-8157
7551
5907
-8559
-8578
5410
8581
-604
4380
-6636
-905
1111
-4029
1162
6048
-912
-8362
1315
-3496
-7334
-2742
7523
-182
-318
3562
-7951
7039
9720
-3055
7313
-4316
6507
682
-979
1373
-8622
-550
-1865
-7370
1743
8020
7483
437
-6264
1632
-6814
-1074
-9166
-7307
-7602
-9870
2032
1329
-5284
4347
5951
6523
-6093
-557
4237
-8085
8527
7423
-1266
-4362
-878
101
4104
8870
-2893
1076
8228
-5472
5875
2484
5215
-5725
6299
-4568
709
-7300
-5270
-580
33
-7765
5258
-6141
5667
5134
-9565
-5368
-6040
4125
5125
-2699
9483
4588
-2923
7057
-1308
7452
6691
-1821
-8281
-1999
-187
7726
8890
-1125
-5293
7519
-1844
5099
-8851
-4904
-5823
-8974
7953
-7663
-1346
-6539
5585
-7580
6867
-1120
6088
736
-548
5512
-4002
2471
-9272
2728
-5169
-5020
4555
-6437
5326
2335
7941
-9451
-7350
-4454
152
-439
1264
-4463
-9692
-7902
2049
7170
-8965
-6835
9320
1983
456
-1941
5553
-3692
8717
6501
3921
6792
-4857
-1965
3137
-4810
-7897
-5422
9820
-5527
-3825
-3223
-5139
2280
8116
2951
3468
2964
-3308
-491
6270
-5688
-8267
-5946
-1576
7620
4643
-2900
-2884
1439
7890
-2583
2879
-6035
4010
-6605
3753
2924
-1851
-2573
-8783
-9498
-7845
-2784
-1475
-4307
1040
-4537
-4078
-7517
-6143
473
-8776
7809
-3773
4125
5980
1411
-57
-382
-3712
91
-9932
-2901
9956
2263
-3208
-8059
-4791
7986
3876
-4043
-1837
-9291
-8701
7724
6005
-2183
5088
-9401
-9444
9259
4259
-5464
-2464
9077
2075
-929
-3581
4187
-835
-6343
-6256
-9661
301
3710
-9163
-7408
-4949
-1075
-9418
-5782
4714
296
-9420
1098
6724
-8131
-8049
5465
-6437
3520
-735
-6119
3145
-5792
-6706
-4040
53
-607
8705
-798
2408
-9501
-8764
7825
-7770
-4886
250
-2915
-1146
-1200
6287
1741
-3797
-6577
-9639
241
3308
-491
-4551
-9525
-6591
1410
5543
4565
8513
-5654
6525
5294
5898
-4913
-5067
-1365
-4581
-7861
-1809
-8103
-3504
4751
-3253
3107
-5815
4186
9562
-7375
7988
-6305
-840
5655
-776
4092
-4422
-1382
4464
5765
4212
1991
7096
-1537
8044
-6666
3756
5424
5633
-735
-7443
3413
-7430
2476
128
-7151
3691
-9581
-1562
6506
2913
463
-5791
6811
-3613
6680
667
7525
2578
5630
-5659
-4049
-3271
8831
-9962
-1791
-3118
4524
-2235
-8933
-887
940
-4968
2832
9601
1857
-7677
-9151
1189
7826
-3256
154
8693
6124
-3684
6949
8785
2422
-8530
3378
6661
-1016
-4711
-7957
-3722
-4796
8508
-3871
-126
6251
-8295
-211
5393
7406
-9328
2615
-2738
4067
-3567
4846
-2025
-4202
-8641
-2136
7488
7592
8265
-3947
9669
-5312
9390
-9297
-9680
7856
-5945
4899
-9393
-4239
5721
-3548
8187
9982
-1616
8712
-2362
3671
2634
3196
-6913
674
2333
-5620
-7940
-1792
9022
4693
1133
-9640
2678
1327
1911
8442
3052
2183
-9253
375
-8404
1429
1964
-1033
9097
741
-6431
5523
-2673
4086
-7875
-5320
-3103
6556
7132
6419
-421
528
1688
7839
-145
4295
-4591
-7967
2875
-6307
9969
1906
7885
-3717
3224
7188
7606
-2278
9587
4186
-3816
-2598
2428
3590
5303
731
-6543
957
-3722
-7594
487
5543
5059
5220
-8814
-1366
2185
7617
8799
2181
-9784
5101
542
-2396
-8540
-3009
5885
6299
-2497
-2133
-3872
1625
-9572
-7237
498
-8256
4409
5752
-4137
-285
8122
-2706
8919
2699
-2802
5311
-6465
2129
9988
5
-6759
6461
-683
-7268
2415
3473
-6202
-7116
4809
1193
-5061
5859
5362
-3555
-5782
7043
559
-8546
2255
-9721
-920
-75
2826
2902
4747
8960
4689
-4
992
1707
-1611
5903
-5169
-8177
-6594
-8159
7941
-6199
-2601
-8772
-5649
8772
184
8635
4799
4284
6662
8883
5164
9094
870
-3402
9332
5043
297
4468
2150
-3726
6700
9956
-2386
8758
-7667
8943
-8429
-8842
8353
943
-2480
-8887
-7409
6743
-5912
-5523
-7524
7193
-5888
-634
-7030
8872
2377
596
82
-8586
-9108
-5494
-9260
9267
-6156
7903
4558
2840
-8808
9338
2910
-2776
1642
-8887
6213
-2217
8233
-3630
6161
7806
4647
6781
-4100
-5161
-613
-5815
4242
-983
-3600
-9127
-1934
508
-5410
-237
-5595
-3869
-9330
-7178
9427
-6056
-1606
-2147
6087
8496
-1888
603
-9009
-5448
6638
5337
8332
-1799
-8285
-2723
-6227
3921
-4326
5284
-2682
-7048
-316
5852
8784
-842
-4224
8412
-902
-5187
-5207
7966
-6899
-4524
-2271
-7067
4175
-9912
5576
2318
-2327
-3381
-9802
6440
-3794
-4018
-5364
5181
9519
-5793
-1964
-772
797
-4927
788
6774
7659
8366
9182
6794
9639
-1295
-4748
-6869
5577
-1857
3338
-3180
2013
-2615
9155
6624
875
3064
-5645
2485
1512
-5898
-1677
-1077
1189
-6345
-4341
-4921
-2082
2869
6838
9106
3993
4946
6513
-7197
-8634
6511
-529
4615
-5366
6802
-1364
4559
-9777
-2275
-6253
7705
7373
2583
7919
8428
409
1503
-5639
-6990
-1018
6411
-7484
6738
2400
9425
3427
8037
3824
-5846
-1176
-4755
-7106
-6253
-9614
-1540
6260
421
-9909
9393
-8427
-5236
6061
-6614
5135
9879
-8103
4590
2993
-7585
-2186
8454
5401
2462
-6599
-2283
-3344
4247
256
3398
-1923
-2208
4727
-9335
-7392
7386
9523
8296
-3475
7660
-4907
-1893
5533
9918
3695
7493
-1382
2429
6114
6041
8219
-3914
3873
2357
5880
-3623
-916
8668
2271
-8840
-7611
-3615
3003
-1845
-8143
8424
1473
3855
-1692
-2976
-8670
-440
-4438
649
4477
5157
2527
-6643
1083
-2771
2589
7419
4662
-4364
9762
6476
-1444
6874
3053
5356
5193
-1870
-9429
158
-5248
-2767
6271
4311
-6864
-2290
-4856
-6338
-484
9637
-6121
-564
-2823
3315
7612
6413
884
-5918
-639
3635
-5215
3573
-686
8572
-6923
-8786
6447
5179
-1207
6633
6391
9968
-9813
-380
3933
5464
-985
-8910
9584
5437
179
9108
4469
4945
3366
-763
-7304
247
7732
-4090
-2776
7103
2160
6667
1711
-7359
-6475
7190
5130
-1944
398
2618
8327
472
-7231
-9825
3677
-8781
6206
9682
-2215
-8059
1504
8231
4683
-2587
2913
-8044
-6100
-5577
-6799
2555
-1340
3169
8289
-4895
-2543
-2000
-8708
4451
-6263
-3165
-8113
-1539
-6159
4122
-15
8906
-7911
5918
-5697
753
-4719
-4689
-9830
-6257
-9538
7905
-2911
-5600
-9621
-900
9332
3405
6270
6230
-4950
826
-9171
4846
6437
-7163
-3097
-4323
-42
5641
-5515
4356
5337
-2931
-210
-5013
3233
9472
-750
-4586
-6519
-4012
-7281
-7292
-7785
7819
3178
8736
2435
-7533
5897
2933
-6918
7234
678
-1983
5320
-1700
-3934
1514
5409
4225
-5879
8500
-4487
1366
1819
3027
-3037
9793
4987
-5451
1450
1713
-8495
8870
861
-9526
1342
-3521
5323
5910
6076
-2573
-5630
-7076
570
-9254
5639
9648
4458
3153
-8763
-9622
-4634
-830
-6806
-115
6107
6960
9995
3762
4120
-5147
-9610
2647
-8392
-4074
-5505
-1403
9536
-6925
6559
7232
-8046
1175
-1136
-2470
226
6682
-3564
-6001
-3562
6645
8223
-1427
-3407
2876
5570
-9051
5326
-9811
-7812
-6912
-9877
9045
-5040
6305
6647
-5897
-4588
-9369
1
7717
5787
8780
9384
3885
-7532
7226
8647
-2616
8995
6071
-1265
2707
-9721
-9478
991
9508
-9622
3358
6887
4146
-3357
-130
2989
1547
-3013
4232
1130
-8911
147
-8231
-5661
7154
4236
-2087
6148
-169
-9194
2056
8999
2925
-9536
144
7368
9403
6692
1458
7590
-7583
9629
-5521
932
-9925
-210
9718
-326
1077
-7818
-4467
1911
-747
-1311
-7716
-7008
9999
-9558
-9070
-2112
-8966
-2784
-8598
2173
-374
6629
-8209
-9319
-8584
9373
-5148
9485
1532
-7598
9560
-9685
3184
-3717
-1959
-2354
8873
-5032
-2725
5990
4550
2882
-8009
1428
-5022
-9983
8222
-2613
-1097
-1791
-9889
-5735
-7082
6107
8307
-1573
2203
-4311
-9598
-5729
528
5926
1294
6431
-1933
-449
280
8946
-3792
-2785
-4122
9421
-3163
7626
-4725
-6788
-5418
-3321
-6317
-5073
-4113
-306
-5069
-7564
3337
7505
-1672
1965
-6278
-5084
622
9071
-3531
6397
-8641
-3457
7517
952
-5996
-7894
-9417
-8313
-5233
8621
4519
6281
-8331
-3721
5115
8884
5709
-4026
4204
4995
4358
7605
-6670
-7888
2990
-4328
8549
5109
709
-2734
-177
9248
5283
766
7600
8991
-9819
-3490
542
-4874
-3791
-6673
-6240
-8359
-9976
7473
-6325
-6412
8989
-7604
-7586
-230
7393
-2450
5151
1562
6177
6609
755
6499
9275
-8946
9592
-4602
-4936
3417
4336
-6071
-9027
-5952
-939
-528
5308
-8059
-1762
2723
-3094
-2643
-3420
-9060
-2824
-7538
-9685
390
9547
8115
-9890
9945
-7201
1295
-2057
3492
-6557
-4906
-9892
-5790
5255
8859
-3334
9161
-2460
991
-3372
-3086
3840
1092
-1424
1475
8774
-526
2441
-52
7684
1843
3645
2909
-4300
6355
-3417
-69
4984
-29
5321
-4804
-1428
6713
5472
-9323
2753
-3788
-8331
-1197
-5092
-2515
4687
-6676
-8613
-1679
7479
9993
451
1124
-173
3522
-6112
5619
8390
-5259
9270
-7742
2609
5113
-2024
4804
-651
2894
2584
-5217
-2387
3491
5391
-927
-2248
-5818
3210
-5796
2964
-2159
6910
581
-3593
9381
2549
6561
8945
-3679
8736
-2158
5080
6488
-2485
-4994
5680
-3066
7678
-7959
-3638
-4433
2969
2059
-9470
3170
6757
-1195
-1777
-8599
-9252
3407
538
-3737
3486
-5134
-4349
7490
2926
9065
-9651
9541
-5679
1709
3773
2534
9718
9226
2912
1554
4444
-4694
4758
6732
7421
-5351
-9994
9226
1687
7448
-5131
880
2906
-505
2457
-2460
1272
-1531
6875
1970
-7238
-2017
9811
-3152
-92
-1853
7387
-1101
-1517
-8157
993
9412
9593
-6246
587
-1298
3265
1435
-8027
5493
-9344
640
-1944
1184
6035
-2622
5280
3391
479
4756
5913
-5928
7108
7782
-4788
-3283
894
5249
9005
-9014
-4197
1378
-5553
-1936
-9548
9541
-8272
-1741
-521
8773
301
-5203
2384
4104
-3269
-5575
-5208
-3232
3832
5324
-7725
112
-4904
9259
2463
-1076
672
6090
3877
8744
-3723
-1458
7130
-8165
-4274
5647
-4610
1713
-3785
9165
8349
-9292
5072
5075
657
-3770
-3332
4390
-1102
9188
7818
3898
-1253
-5592
-8359
1484
9742
-1140
452
-2630
8740
925
1877
-3370
-1064
-4210
5129
4407
-7946
9588
-4379
-4851
-338
-1615
1039
-541
-3998
9338
-6905
-8136
-9582
-92
2372
-645
-5099
2249
2781
-5437
3479
-1108
2476
-1957
1379
-9626
-1105
2972
-2299
740
-821
3448
-6380
-1803
-3724
-2929
-5738
-585
6049
3192
8957
-3093
7277
8932
-2687
1359
-2241
-2682
4207
-5924
5329
-3055
5935
7082
5825
8526
-9537
-7518
1611
740
-5439
316
1734
1938
-7073
-1720
-8998
-3316
-5355
-5031
3392
-4149
-8692
716
-5311
756
1113
3496
3652
4427
8565
-6525
-2883
4485
5422
-941
5691
7341
-7828
2402
1466
-6281
-2837
9396
-8725
1942
5645
388
-1119
6656
8133
-7426
2043
6975
-1952
9303
2868
-7830
-2970
450
1653
7738
1237
9188
5536
3841
7481
-4369
-522
4903
3619
7889
-5494
687
4858
9766
-3767
9092
-176
-7620
-9086
4127
-8300
-6285
-8069
9874
4033
-4211
-2214
-8857
-1062
9671
-5417
-182
-7288
-8247
-1518
-2418
-9254
8234
9988
-5617
-7485
5120
-4749
-8647
-3984
5690
1918
8411
-573
9010
-1392
4368
8535
-797
-5931
6406
-8561
-2623
-637
5884
9744
-1836
-2334
5223
9238
8923
-6991
1014
7269
7556
-5234
-6271
614
-6683
-8345
-4791
1686
-5992
-5150
1405
-6702
1002
-1680
-7586
-6004
4032
6966
-6397
-2317
-7374
6814
-8820
9749
3198
3665
1109
-5251
-3769
-8089
-5750
2003
-4755
-5422
4698
-509
5512
-1210
-4753
9621
6025
7940
100
8482
-1481
9574
-8626
-870
2561
-3053
9629
-9189
-2621
-4640
-9278
-1249
-3341
6092
-7874
-3969
6641
-9634
8640
-4929
-3890
-7974
6837
1499
-472
1012
-2360
6130
-8968
-3485
-5293
-7661
-373
-981
3391
-383
7595
5545
4724
7663
-5759
245
5950
9195
1971
-686
-1671
-402
6099
3087
-1972
-4267
-5911
-6612
-8876
5748
9327
-5347
1208
-7603
7766
-2463
-4371
-3046
4659
-7885
-5166
3385
2371
5142
-9331
1472
4256
9813
7940
-8155
7354
7460
-4978
-671
-8063
8006
9159
3551
1702
-212
-860
-7639
9720
-7148
-3142
-6938
9574
9708
-8748
4918
-9894
-444
1093
-4025
6124
9578
5817
-8858
4866
-773
-9696
915
-8960
-8742
-7625
7212
-8327
-2464
1861
1893
-8726
7460
6104
-328
6772
-2558
7674
5672
6185
4031
827
2458
1262
3041
-754
9299
655
246
753
-8435
4580
7903
-6956
2359
3079
-1801
3054
796
-2850
2807
-6456
9089
5349
-2100
-7152
8972
8448
-4688
-4491
4717
1889
3304
-7058
2847
993
-4143
-6922
-6990
-1951
-8035
5177
3249
-5167
24
9355
9480
2487
-465
-1897
8188
5429
282
-3391
725
778
2901
3653
1577
9413
-1668
3670
-6916
1097
-6101
-1467
-6856
1809
1042
-4491
-749
-7630
-4746
-5655
686
7916
-2800
3093
-7878
-3674
-7159
-1700
6791
-2624
-7584
-8578
-1475
720
-6919
-4373
6833
-4270
8783
-4264
-6327
7354
-2216
1464
7125
6363
341
-8327
-2142
5059
-7784
-6995
-8344
-5458
6995
-605
-8492
-7292
-6222
8593
-9675
-7258
-8651
1852
8821
1828
-4360
-321
-4737
4401
-6442
-7148
-83
1628
-4202
-2683
-4233
5200
-8529
9664
7232
-9551
-8722
-6945
-2827
-3114
5290
8357
-9397
-1655
-7685
743
-5776
8492
-9586
-7832
2523
2287
5505
-5166
-8877
-7766
-4463
-6751
1853
7685
-7445
247
4073
7212
-4240
-4869
-6416
6002
-5931
-8997
-7483
5074
312
6468
-6246
-1661
4646
-7487
-9645
9533
-8529
290
-8653
-5242
4192
-8569
-5932
6054
-4371
-3455
-7084
-872
7062
80
-6380
-8537
-5074
-3399
-345
2027
-8681
-5945
4742
-6340
4746
898
-6396
-3549
5803
-6264
800
411
8732
-1434
-6190
1462
4433
-4506
-8468
817
-5254
-4131
-1889
-4299
-8582
-4296
9125
-2464
-6780
8835
-2385
5316
6748
-117
-2572
-9336
594
6949
-5781
-3017
98
9216
-6596
-1586
3719
-3153
208
7540
-5654
384
-5299
4245
5458
-8179
4800
580
-1240
-9631
-2492
5874
-9881
2004
6564
-2261
8928
4652
-7538
-3082
-7144
6553
4445
-5096
259
-4584
-5421
-3761
-8084
3363
5731
492
749
-1844
5924
-5188
-1333
-7289
-769
-557
4948
528
-1901
250
-2239
-4631
920
-3228
-1353
8565
-2859
9550
9679
-9521
-3292
5999
7209
5690
8560
-5769
-2610
9298
-8842
-9599
-7978
9147
9097
7074
-7888
7100
-5736
1401
8125
8672
5101
1981
-4183
4546
-8401
-5855
1892
8789
5315
2769
5031
-162
8849
2353
8074
6358
9997
9675
-7252
2808
-2524
1014
4871
4801
-1725
6000
-6336
5954
1555
-3823
2616
-2841
1975
5382
2542
7027
-4248
-1293
-2634
8370
8923
-2301
-7626
-5102
-7746
-2274
630
3317
9547
6759
-322
-1136
-918
-2999
541
1194
6206
8452
-6274
7653
-2963
-9974
-6143
-7970
7645
9158
-7001
9183
1349
-9935
338
7095
-561
-7160
4190
973
-3578
-2075
-2800
312
-5476
9093
6957
-8865
3818
4646
-9305
1800
9172
-4053
7029
-5212
-5351
-2468
4480
-5443
-222
-7632
-9457
6996
-9967
-6248
5094
-5370
4525
-9997
553
-5935
-7886
7866
-3074
9924
5696
-8472
4038
8568
-8423
-7560
-9830
-1505
3031
-4455
3042
-9390
2968
-3217
-743
1072
-5187
2753
-8492
-3058
8981
9033
2055
-4645
1662
-6417
-7508
6253
1310
-7968
-6359
-4774
-5707
2700
-433
-38
2976
5795
-2191
1015
-8231
5729
7357
506
-9489
5088
543
8401
7930
5573
-1355
8365
2886
1903
-2889
-4288
8994
5778
-7398
1154
-5836
1846
-4473
-5275
-6854
9724
-7154
-8534
-1820
3177
5601
8628
-3031
-5062
468
1067
2413
-9916
707
-7346
-8033
1848
-3383
8131
5059
-7589
3905
7399
6127
-2102
-4063
7345
-1406
-5576
-8066
-8200
-4818
-738
-3656
-9775
6172
-6407
9305
-3678
-6983
1109
6886
4773
4359
3861
6819
-6632
1163
6714
-5861
3381
6923
4020
4676
-4819
-9093
4411
8250
-5440
-9979
8449
-6721
8089
-8242
4160
-6943
5200
4604
3685
2158
-2093
9061
-5177
2694
9573
-1758
-1257
-6567
-5925
-5492
5712
475
-4740
-467
2476
3658
-2600
-8612
-3083
5445
6613
-6757
-1647
-2290
-3239
6274
-7993
7388
-4833
-5672
9596
4351
-6459
2440
-9616
1635
-9859
9887
-8520
4591
944
-7737
-9596
-5713
-8606
-5781
4239
-711
4003
-614
-9797
863
-715
6449
1706
7277
7626
-7039
2239
1448
-1566
-9840
6026
-7061
319
-391
-2171
3205
-8889
-540
-5099
869
3790
1390
-1562
-9482
6009
5419
823
-5567
5811
-8776
2884
-1985
-6959
-1082
926
4238
8220
5583
8120
-2076
-5897
3508
-5930
-4573
7057
7321
-5809
3329
1460
-5041
9252
2677
6578
3135
-7571
6943
9143
5346
6745
-5506
2958
-6613
-5848
925
159
9290
-3097
-1760
-3350
9514
-8895
-3164
54
-3353
2273
5614
7894
576
4398
-7585
-4723
-1835
9520
1130
-9067
6829
4761
-1329
3499
-7310
9997
3255
323
4916
-7119
6765
-7566
-7142
6230
-5864
-8482
-6368
8614
680
-932
7818
6844
-3574
4206
-873
1552
5435
8213
-7854
-5029
-1205
-4434
7790
5884
-1638
-3262
-4459
-9265
-8039
-4290
-5828
-1059
-2121
7580
9191
-3136
-5151
-3487
-5016
8212
-4191
9861
8442
8734
-6906
363
5076
-7763
8054
-772
4153
1966
-41
-782
577
9704
5999
4548
-5891
3769
-3572
-4736
-8994
-9098
1869
-9630
8940
6251
8613
-7542
4881
5891
-419
2685
8658
-4890
-7278
7627
-6362
-3554
-487
3099
-5591
5439
-4969
1949
9515
477
-3497
-8179
-3213
-5377
1835
9431
-1520
-3010
-1285
8220
-7518
4789
7100
7633
-9148
-6756
-558
9816
-4667
-7815
-3347
-4114
-4015
-84
3427
-5021
-2230
337
-4918
5364
-2409
-8320
-1174
-493
7839
6078
3187
-6170
3042
-3597
-6995
-6956
-5964
9170
6980
7110
-1225
844
9797
4301
5290
5873
7412
4458
-6784
-6692
-5725
-4958
6795
-4678
-8842
1309
323
1099
9328
5945
2341
9154
3156
7047
-252
-5643
7434
-9446
-7293
-4619
-5317
2071
595
3957
9572
8695
-1125
8893
7514
-502
4802
-474
-9086
6271
-6557
3461
9401
-2263
-748
-2746
-7502
-7543
-9956
-4352
-2109
-4383
-9720
5561
-3944
-433
-2181
5736
9810
6237
7196
2840
3549
-5276
7333
-4023
-3540
-9007
-7799
5069
7295
2683
1181
-1266
3576
-9001
155
-2260
7574
-1080
-6924
-8621
-589
-9254
-5505
3353
4100
-4881
1664
297
-5522
2558
5697
4069
4540
903
-7570
-1726
-3477
-1537
-6841
2265
2733
-7607
-1253
2159
-3380
-5786
6852
-2693
652
-509
7027
-5144
717
6199
-2863
-6546
2389
-4991
2476
7860
-6692
1828
-5953
-6436
4439
5424
-2286
-7302
8884
3593
9354
2149
-4706
8509
8984
-2490
-3013
-8959
-1109
-9357
2032
7900
571
-662
580
-6946
-1563
-7711
-5618
3024
1283
9402
-6273
-240
4383
3814
571
6154
844
-4323
3332
-2698
204
-5206
-1644
1859
199
-5015
8309
4693
553
9550
-3196
-2155
3997
-8487
8314
9528
-8466
6543
6545
-5381
8306
8816
134
-7258
-6246
572
-330
-4802
7317
8285
931
-6554
-1648
6311
-2794
2560
-6246
5655
-9257
-583
8469
9072
5759
8408
-6555
5453
5662
-618
5202
804
-5162
8549
9633
-9790
-4401
789
-4460
900
-1332
-1831
-2689
3839
3610
-7060
-3701
-8135
8328
5107
-727
7978
3727
2423
5600
-4878
806
3265
9005
-3646
5605
-6839
-5876
2364
-9432
1713
-3332
-6158
2735
-5059
-8806
8617
6467
-4664
2699
8351
-7766
5558
-629
-8183
-4821
-8722
-5257
2469
-3145
-6735
5665
-4364
9514
3843
-2725
-1643
-2713
-5179
-3900
6420
9466
5813
3993
-6689
-9460
5702
-7027
-9139
4348
-5443
4368
-9737
-4267
8281
-5529
5789
-503
-5741
8519
-5902
-1906
8632
9084
5667
8251
-5764
-3300
8478
9868
-9293
-4202
-3360
8389
-5080
5005
6851
-4291
-1197
-509
-7785
4955
-5370
-1634
6611
6408
-3161
-9390
-7267
6721
-8560
-3717
9304
-3362
4278
8912
-7025
7171
3217
9934
5954
-3569
9369
-9762
6978
-7421
7344
4518
5886
3361
1471
-2834
8409
7198
-5298
-1650
-5819
-9418
-4887
-6095
3862
6467
306
-4280
-5139
3747
2793
-6468
-593
9095
7607
6997
283
-78
-1753
-5983
6506
7930
-6648
-2717
9980
9642
7094
1813
-9839
2027
-5620
4528
-3132
-1085
4058
-6404
8774
-4432
4281
3763
-2130
1399
-4939
5254
5595
-2475
4886
-4073
-2952
-9712
2311
-4792
6079
-4031
3241
-4668
-7793
1955
-995
-4686
5059
284
5910
404
752
5366
8979
1391
2586
-4738
-275
-1897
5968
-9254
6502
9242
-4267
-7281
9344
-393
4607
-7715
6406
5147
419
-4842
-380
138
1996
9693
772
-8984
2703
-632
-4388
7977
1655
8413
5355
7498
-7920
8699
-9176
5193
5150
-6961
-8736
-4739
-5317
-5548
-649
-3670
-7233
5323
-7507
-9979
8757
6781
-8764
2716
9536
-8866
432
-9709
5909
1747
3839
-5293
1938
-603
9569
-8998
685
-1477
-7033
6874
-3348
-8108
2595
-9253
-8320
7386
1568
-2845
1716
-6428
3807
-6220
-6067
3399
8930
1176
6017
8577
-1211
7604
4045
392
-9324
-3657
-4827
5635
-1538
2266
3846
6078
8569
9102
-1248
8315
-1191
-2168
-3940
9278
2926
-688
7488
-8796
-6393
9760
5757
-8480
7565
-6788
-4314
7631
984
8175
2602
9947
5440
1932
-375
5796
458
5599
-9459
-1131
857
9960
-364
6021
-4568
-1028
7595
-9885
2956
3181
-7978
-4038
-5743
3
-4968
3980
-8719
8476
5698
-3950
-5175
-607
5777
-499
-9048
125
-7409
688
4830
-1130
-9746
-1303
-8243
-8609
-8967
-1226
-113
9766
3401
-634
-7371
5646
8479
6221
9711
1419
-5725
370
-8465
-6900
2400
4851
5987
-5498
-7313
68
-3209
9604
-7416
1456
7495
517
-5655
-6467
-546
-8990
-190
-8526
6307
8391
-4225
6471
-1378
-609
2956
-145
-3650
270
7620
-3054
-3614
280
-2859
736
3581
5507
-1127
9277
413
3672
-8412
-4444
7128
1985
7954
-4160
5039
-4988
274
-2609
-4035
-7145
-4094
1001
3502
8502
-1865
-9692
-7161
2055
1484
-3490
-7518
-1470
1349
-5158
6764
3273
-3261
5813
-195
6263
4776
-6959
6518
-6511
-6431
-7939
-8521
-4323
-5393
-3013
-2195
1776
-8056
2189
9169
-4344
6781
-9439
-2033
6536
-3951
-7795
2694
2936
2521
3233
-8242
-6211
-1599
-3892
9357
1866
-6563
1371
-586
6351
-6261
3322
2594
3081
1660
686
-6120
-808
894
3172
-2104
-873
-8908
6937
5382
2810
-8533
8528
1148
-6430
7088
3067
-4465
1479
4568
-4905
-1105
-1105
-6231
4748
-4415
-7476
2359
-8584
-6022
8201
9883
-2697
5403
-5620
1830
-4466
2807
-5127
6305
4807
8542
1981
6072
-2717
11
-637
-7828
-7238
-4795
-8896
1854
911
-8227
-2353
3132
1961
-8206
1110
-8241
-8995
-1688
4227
-2960
5317
-6371
2673
192
-9537
-4275
5085
1350
-5296
6741
1467
-5773
-2426
-3411
4167
-5101
-2603
3012
-6731
6657
-7335
3721
-4417
-1094
-7929
1016
9416
5857
2979
7015
7107
4095
4774
9300
-2559
8029
-1062
3120
381
3117
508
-8805
-4977
4746
8017
2138
-5838
-9861
-7354
2573
-9204
-3161
-9281
-7255
-1588
5790
559
1626
-6314
8445
2237
9404
5618
938
7972
-9343
8660
6958
1774
3230
5945
-3717
-9939
9122
2034
-2859
4726
-3832
-9483
-3079
-3537
6361
-1674
8293
5389
-3943
9214
2756
9840
6591
-149
8314
-6674
3427
5433
-2808
646
6295
6319
-5379
6763
8314
6833
3665
-3094
-2414
9592
4669
-2276
9058
9690
-4134
-8600
-4706
-4408
9731
-4614
8425
-9542
5159
542
3326
-3496
-3992
-4176
-9804
9245
-9207
3987
-7122
-6840
-8996
-7378
3573
173
4453
-2831
9583
-2243
9913
5533
-2393
3752
-3440
7148
787
-6141
-2236
-9667
6169
2648
-3701
9469
-9525
4691
-5242
-89
336
-1277
6532
-4259
4029
283
-7252
3732
-3598
8093
8599
-2476
-8616
6799
-4978
-8728
-2350
4165
-9736
-8116
9735
-2530
-5481
-8494
-9872
-5726
-4124
-7777
-2434
5968
1641
7480
9382
1976
1143
-6968
5514
-2919
5224
-8436
9717
1262
9803
-2382
642
-5060
-7149
7324
928
8414
3096
-5085
1115
-2151
2248
-6416
-2314
-5922
-686
-4610
4259
-1095
-7439
834
8190
2619
9365
-5865
4912
-2819
-5588
3806
7812
-9136
-2354
-2522
9886
5830
-7012
-571
-6744
-2866
7009
-5291
8620
-6715
-4971
8453
4631
-3905
1106
-3419
-355
3488
2146
-7911
-3401
-8073
3667
7234
7239
-3790
-9463
-4120
5180
8177
-2182
6491
5020
-4209
-5125
381
-4653
5858
8339
-4800
6121
-3940
-5368
5448
2083
-9803
4641
292
715
2991
5927
-5445
2530
8018
5723
-5366
-6079
-4369
-6188
5622
3750
-526
9194
-8010
3161
-6880
-7273
8559
-4770
-9123
-3395
7561
-7164
5657
-8847
-1984
5097
3266
-9856
8481
-1691
-4787
-1760
-9474
2409
5388
-4308
-8633
155
-5290
-1054
-6842
-7141
5872
5819
2417
8805
8610
7166
-8083
4096
8212
-7257
561
487
8306
-7333
-2093
-4290
-8881
9007
1505
344
-1029
7124
-1420
-7470
4640
760
1206
9807
9859
-3844
6854
8492
-8904
2134
-2863
-1782
-9833
6720
4290
6342
636
6365
3214
-5159
6554
-8222
-3414
-8556
-3464
-7109
6178
-6521
8051
-1147
-8903
-5342
-1393
-9519
-1654
-3226
221
5118
7503
-5577
-9702
-70
-7963
-217
-2214
7405
-2428
1931
-6949
-8770
2804
-4629
7321
-1453
-5379
-2039
-1684
-1247
1184
683
9978
-1270
1379
-9070
-7598
-6908
2388
-5945
2008
7981
2255
-2685
7767
301
6926
5237
7432
-2701
3511
6390
5793
7683
7108
2635
-6212
-7624
-2693
-9638
-3263
-5388
8932
-6380
-1932
-9165
9886
1427
-8771
-2158
3893
-993
1727
-7107
342
-8069
-5243
5232
7816
7760
1862
-8377
6762
8550
8920
7235
-6558
-5841
1807
-5967
-9681
1931
-8302
-3844
-3372
-4479
7979
2014
-2102
6610
9080
-2759
7344
1575
-4808
3627
-903
-8519
-1864
2028
-7043
-7445
-519
-4629
-3026
2872
3793
9353
-7344
-6286
993
3272
-8245
3992
5793
1117
-5077
3148
-4595
-4744
8345
435
-6976
-2184
9357
-9046
2507
1139
7176
-3245
-3477
2482
-2511
-3688
-4388
8111
1851
6859
7997
8554
7141
-52
1196
7956
-3259
-3395
5468
-9369
-3667
9091
419
-1714
-7552
-407
6182
28
-7011
-7872
3124
-6375
-6714
-6337
-8059
7665
8547
-6253
-5016
8158
-6377
1628
-1109
-5326
6708
3133
-385
-3813
-4936
-4286
644
-8693
-5992
-4571
4521
9834
6139
-1181
2634
1685
816
-310
3645
-4456
6531
2784
-6979
1854
5052
9575
8722
-7284
-7015
5028
-7670
-1986
8873
585
-5908
9256
-5290
1942
-5192
4505
-8410
-1003
-8980
1611
1814
-5036
4969
5677
-3203
-2101
-267
5870
86
-6417
-2872
-2017
-9085
-2914
6829
9067
-7364
-7217
3506
4348
-7985
871
7090
-5071
7955
1882
-7061
1420
8623
-3546
-5352
-761
-97
7947
496
-7882
-7286
-6617
-5171
6571
7477
-4136
-6388
9162
2083
1611
8152
4875
-9897
2993
-8699
-7926
8125
-3072
2026
-1726
9214
-3189
-7065
-498
-3098
1413
2053
-747
2788
4325
9010
-7928
1100
-4779
1089
-6543
2995
7004
2117
8883
-1896
7283
3727
-6665
-8403
-9759
9842
-6734
-5165
8503
8836
-3848
-4414
5658
-1409
2071
-2063
-5544
1404
-4640
-2370
-2461
1130
-9998
-6588
-5061
-9717
-8591
9882
-6305
9712
5809
6126
5843
-9389
-2990
1963
-5112
-2681
9797
-2026
4085
6635
7150
-7151
-9140
-1932
4262
-3111
666
-2161
-6570
3974
5484
-6289
322
7541
5317
5625
1343
6897
9191
2931
586
4145
-4912
7776
-4065
5809
9650
-5089
9400
-1992
-8601
-8888
-470
8962
-6633
-914
5991
-3130
-3788
-8466
5786
2311
-7176
-4793
-5622
3995
-1191
9629
477
-6231
2112
9854
3896
4312
5956
-7524
855
2466
-2873
3526
663
-647
8416
-1142
7270
3371
-3233
-5274
-1944
-8393
9865
-5319
2787
4677
3804
-2725
8636
-140
-3538
9330
8452
4106
-8622
-3563
-7145
9065
2238
-4356
-7069
8396
147
6706
-2836
-7226
-3558
4006
-2003
3531
-2590
6833
4221
-2062
1908
9104
6558
3397
-2811
-7219
5723
3206
-3729
-2659
-1632
931
-1330
-2791
-869
-7212
-8524
1736
-5891
-6069
-6267
-948
-6053
7784
-116
-70
4399
7910
5509
2230
-8548
8225
-528
-4295
2946
-4912
-2645
-1803
-1417
-1303
98
7928
-4481
-3734
-2228
-6172
5640
-2155
1368
-4764
110
-3839
-2617
-8826
6945
1109
-5987
9780
8572
-446
-7871
3916
-5469
-9601
5402
-6047
7339
6486
2015
-6384
5789
-3768
7224
3897
-8481
-8883
-6547
-3331
-6246
7173
-4282
197
659
-7877
8993
-4620
-4944
-4255
-7711
9516
6204
-6235
4270
-6791
-942
1011
-7953
8330
-2943
-9293
3675
8793
-5996
-3751
7765
9268
-4844
-3665
7608
-5625
-3960
-9721
-6741
4440
7278
-5631
-7527
-2662
-6908
2430
-18
-5649
-5319
-9916
5095
6796
1684
-8262
9275
-4839
-501
-143
-6862
-5870
-2027
9606
-7466
-2913
-1145
4168
5641
-9277
5841
5313
8293
-5025
-5522
-1569
2180
3244
-3769
5896
5788
-5272
-169
-5863
8910
-6717
-7576
-4766
1809
8908
6897
-2950
-5036
-3896
2185
-9270
9970
1994
-3987
1264
-2740
-1387
9533
4035
-6551
-6993
-6102
-694
-2464
-4833
1586
-3003
-9056
-2892
-3123
-559
-5408
-6018
1508
3022
-2648
-9461
2061
8026
-512
6158
7149
-6630
8912
-1109
2130
9901
2280
-4460
6149
-3807
6223
-6314
-3475
1582
-5717
-1514
-9310
-9705
-4259
-3100
9673
-5062
2312
9507
-6798
-6354
5310
-7640
8764
6728
-8335
-1739
-488
-5861
-6675
-3427
7631
1239
926
-8416
5000
-3658
2402
-6680
5100
-3982
4212
-7013
6033
-1338
9982
9353
3140
7601
8026
1804
2414
2379
-5065
-9320
-7287
1895
8540
2544
9371
3289
4580
-3295
5287
-3060
-3686
-9432
-737
1603
-5847
923
6747
2402
-8067
-4071
2
-7671
7825
-2895
8796
853
-7936
-9435
1011
-4297
-343
6292
-9863
3785
4172
-8642
331
335
-9111
4212
3739
1161
5205
6526
5779
3169
-4244
-6172
9503
-5351
-4526
3251
3203
-3227
-2178
7578
5352
4595
-6546
4054
139
4675
-912
-186
-57
3977
-6073
-7296
5663
2393
-8314
-2466
6647
7872
-509
4146
3519
9891
888
-9805
-8329
-7054
1279
6197
688
-3812
6314
-5332
-2092
6528
-7008
-1244
3915
9617
-296
4500
-6971
-3127
1272
-7100
-2203
-5120
9378
8170
3927
-6446
-9479
2243
4625
7677
-1442
3201
-9570
6539
-9527
-4276
-9077
509
-9238
3462
9171
8716
-7202
4373
-4260
-4555
8978
8448
4994
-56
-2807
4192
-6658
7188
5859
-3019
3205
-1687
-8204
-2974
9614
-9686
-220
-8294
7189
-2564
-4572
-5464
2164
-61
6692
-5626
5256
2479
8559
5938
-8979
1941
-4293
-87
4185
-5281
9372
-4669
-9688
557
-2105
-1293
1814
-6122
5951
-5903
-3734
4645
-7008
2110
-2570
-3963
-7149
-6199
6387
-7482
1430
-4592
8114
8741
9816
-3418
-9874
-7003
-8073
-553
6013
-7957
-5448
1644
-9153
-7312
-1389
6802
4135
5528
2820
941
-6359
-6673
6414
-2352
-796
-5401
2010
-2046
7584
-7170
-3215
-726
-6538
-5039
-9843
-9978
-5055
-8450
6110
-7336
703
4962
-8903
7775
-1653
8642
-8342
-9633
-6516
9091
6988
-5002
-4770
-4493
-5090
-8754
-2615
-588
-5896
2253
-488
-4630
-1501
-2156
4414
8594
-3832
6877
8953
-2539
2646
-4173
-700
9859
-4348
-9296
-6448
5803
5947
-3521
-1801
4345
-425
-5572
-6706
-4721
2321
-9220
-2615
894
-8309
6582
857
2019
6553
4245
5985
-6948
9061
2414
4028
-6205
7554
1337
7553
-5786
7704
6444
-9709
2967
-7612
-4654
7214
4151
4884
-2470
593
-9196
8682
1522
7192
5907
5403
-2385
276
8017
-811
644
-6065
-3278
-4100
2645
9683
-3328
-8100
-8320
-7840
-7601
2086
9569
6140
7640
-1037
-4609
-5496
-7632
3226
6175
5551
-9273
3272
3655
-7474
-7068
-8856
6800
7018
-6845
8037
-9464
5989
5317
-173
618
290
-5378
-5002
2900
-2335
-9728
3974
-5102
4233
-4703
-649
4501
-6661
8664
733
-9354
9450
-8457
-4740
-2350
-4992
-8796
8278
-173
-29
8861
-2009
4317
-8154
7200
9768
-1254
2482
-1167
6943
-3773
1891
-1857
6355
-4456
9378
-3050
5034
8561
-4353
491
7657
-2319
-3916
433
2972
5348
-3443
-2382
-5797
-3729
9824
9907
235
-9967
-3249
-1331
2638
2737
-6719
-4847
-4622
-2041
-8260
9072
-8093
5026
1908
-4678
4385
-8005
7745
2656
3860
4720
-5440
-9607
-5201
-7531
7255
8957
7547
5284
-3107
7202
676
8847
7164
3789
-6926
6667
-4888
4520
-9947
-1841
-6807
-7412
-1328
4121
7224
8070
-7500
4355
-7481
8932
8170
-2884
-5407
-6991
-116
-9039
-191
-6293
2425
4584
-4522
-6398
1841
4474
-9911
-9834
631
5686
-38
-3898
-5249
9218
647
-1050
9542
4828
7993
-9186
-5930
2389
2967
-2863
9916
6821
-3870
-6049
9381
-336
-387
4466
1011
-5244
-191
8641
-4674
6989
3431
432
7375
301
-4539
-2408
6858
7979
803
-5504
6052
346
7883
990
5668
1869
-2278
7783
-5372
4738
-6536
5859
-5889
-3904
8357
7724
5981
5640
-7276
-6420
8746
6223
-4613
-8593
5160
5255
-9271
-8892
-9696
8183
-658
-3802
-2405
3276
5719
-6332
4577
-171
2956
6738
-8275
-9155
8662
-7936
-2329
-3530
9619
-2182
787
8954
-5763
2349
-3667
-6261
8520
-6959
-8331
-9411
8799
-9386
977
4373
-6832
5893
-8363
162
7832
6907
-9490
-621
6534
7847
2977
6336
7974
3966
-7046
-2057
-6706
-4506
9231
-9222
9212
-7303
9663
-2356
-6825
1161
3282
-9818
-3179
3651
-7520
7743
7627
-1172
3321
6876
-460
6375
9933
-3608
-6445
2304
3629
8549
-9062
7671
-9485
9608
-7106
-7874
-4000
8303
-2842
7828
-9562
-6621
2789
-8229
-8522
-9542
560
4400
-841
7874
6734
8893
1403
6699
-4464
-9090
802
-3957
-7347
-2751
-6780
9178
-4658
2552
8212
2463
6939
6750
7615
-6192
-3861
-4656
9810
7089
-2860
9052
-7142
9948
3631
3462
8174
-272
5254
-704
-3446
-8680
5217
5924
-2357
-7151
-1994
-9636
1023
6162
5621
-8284
6327
-8586
-4860
-9445
2360
-9710
94
170
7254
-43
-131
-473
2941
8835
3910
-1401
4589
7970
-8452
8245
7721
-9963
4032
6026
-5637
6986
194
-2703
5938
-5728
4362
603
-2452
-2232
-3364
-6616
2361
-622
4322
-732
-2329
7497
1360
8653
-1998
-3402
-662
-5907
9059
-3208
-5550
-6643
-9706
8341
1882
3727
-7843
9942
3763
-4116
172
901
4750
-7309
-5969
4563
-8092
7244
1197
9278
-4709
-4271
8002
2249
-3238
-848
-48
2988
-4933
4509
-1328
2145
-5235
5693
3526
9844
-2072
175
-7201
-7030
-116
5986
-1785
-7814
9710
-2808
9753
1182
-4351
344
6824
1792
2585
1571
6350
-240
-74
47
-4687
-6913
-3945
-2060
-1060
449
2320
6323
-8283
-1787
-1183
6321
-5476
8
-5889
8157
7578
5043
5775
-9426
9612
-6717
8979
-9013
-1080
-7131
-6049
-4414
-2329
-9103
-1238
-4586
-3661
7892
-5315
-5225
4544
-9291
7651
5566
3537
6844
8020
-8417
496
-6257
5782
-1318
-4941
574
5178
2056
9968
6534
4390
-5975
-4894
-912
-5347
3140
-7964
3299
-2440
-5813
7234
3784
4206
-1012
4626
3382
-2724
-2310
-2287
-5113
-7275
-464
-6939
6314
1712
-8930
9779
-5161
3651
-4484
-6510
-9700
1796
1503
-5322
-4179
-430
2591
-5894
1599
-2976
-9896
-4591
-5163
6126
9404
-8017
8690
-9069
5674
9631
-9673
6800
7774
3059
5640
-8049
-3868
-6230
-7791
401
-6401
-1662
9816
-8364
7202
-8209
7828
-2967
-7260
1968
-7122
-1949
1377
2870
1489
-4119
-9139
9512
6760
-6039
-4119
-1751
-5812
6948
5374
2681
-6111
9820
-3571
-3787
-9068
2577
-2944
143
4794
-7345
3354
3753
5373
8094
-253
8197
305
-7154
-1189
9058
539
9316
-3655
-2544
7940
-235
-3625
1076
-6833
7510
-9834
-4732
2382
-2738
1730
-7701
-4077
9023
2541
8929
9271
-7582
319
4674
-3814
-1906
6219
-4009
-8591
-493
8509
6032
3666
5908
-9714
-7760
5594
-9978
-212
-8927
8828
-3813
-6645
2543
8671
-6052
-4187
1055
-5515
-5461
-9047
-885
-9211
7135
5273
-3993
5187
-1088
-247
-6047
-6033
1693
3106
-6844
-1402
1781
2460
-9223
9794
5126
-7536
-5907
3860
-9478
-8042
-8208
1964
-6940
3316
3409
-2008
-9279
-507
-1545
-6997
-4612
8895
-7893
2001
8418
8982
-2618
-3522
1220
-4991
-2173
2059
7178
9849
-6203
-3355
4389
-8475
-3953
2739
-3621
1923
-1269
3461
5206
-4111
-4895
3994
-8816
-3715
5370
-9803
-5872
-9708
-6853
4890
-7909
-1365
-3444
1481
8503
3118
-3726
9867
-4323
4531
-7163
6847
-4787
-5633
-514
2950
-9577
-1985
-8628
5638
7294
-1131
2548
9849
8811
-3257
1059
2834
2079
8014
-5430
6200
3105
-568
4845
-9126
-9505
2790
8999
3810
-4182
6169
-1111
-8987
-4782
-3149
3721
1557
3322
-116
8471
-8337
-3011
-326
740
1524
7070
-5895
-9812
6874
-1534
-7604
6580
-1558
-4264
3120
-2052
-4097
3814
-6310
-8508
3583
2504
-1836
3514
9958
8093
-3665
7148
8823
6018
-6051
-5881
-1338
-8390
4259
-7020
-92
5335
8959
-9163
6122
2001
137
-7849
9139
4399
6704
-3634
-4807
1395
-4530
602
112
8576
3455
2622
-8339
2084
-776
9762
-2829
7543
3730
-858
6277
-5024
-6522
7498
2398
559
-6300
-4579
5528
-3232
4025
1738
3847
-627
-115
-6309
1128
6597
-9189
-3592
6324
-1497
1423
-9985
2136
-5435
3572
5816
1406
2193
7925
1176
-3077
-3217
-6515
2097
-3352
-1597
9374
3062
-2479
7272
9227
2425
-6357
5734
-3203
564
-5251
412
-3133
1432
-4653
6785
-902
-8170
4425
5078
6394
3504
-8715
2073
-4709
391
2186
4177
-690
1151
-6188
-5995
5804
8636
1385
5941
-1407
153
8008
7265
-6997
-9778
9335
9567
-2968
7289
415
4090
3917
-5294
-3013
-2308
2746
7234
4154
-8743
-7764
-9246
2023
-2646
164
-560
2084
-7614
7778
-1978
-3967
8544
-3869
2298
-4052
-762
8194
-7165
9993
4781
-3999
9829
4845
-4602
-3305
3994
973
-783
-1875
7712
-9367
9151
6791
9790
-840
-9430
1472
-4049
-7484
-4219
531
1750
8646
-5270
-6962
-3213
-4072
6326
4105
561
9751
-423
-8800
7092
9274
8255
-9383
5904
-4494
8264
-3730
703
4049
-1680
-5232
-8921
-1926
-1822
-6295
-9991
6139
-8932
-133
8317
-4950
-7265
-871
-8682
9668
-6104
1407
-1200
4940
8419
1391
2266
7112
-6629
9501
2061
-5484
-6295
8656
8287
8177
5944
-4359
-1941
5925
-6691
3094
9367
5010
5384
-9370
-8743
5710
249
8786
-2828
184
-2181
4924
9362
7015
7053
1110
-9748
-9468
6294
-2819
-5797
-2474
-144
4310
2526
4512
6967
7002
-4981
-1190
-3138
6564
7334
2485
-9818
-8477
-6680
-700
3163
-203
-9865
5943
9056
-2952
5125
9402
-6470
-8413
-755
2899
-1915
-5036
6305
-48
7120
8838
6586
-8835
-7696
-3885
6657
-5106
7997
9419
5186
7209
8897
961
1346
-1294
-6501
-1772
-9906
8490
-1557
-4858
2625
-5325
389
-7234
-2777
-3118
1453
9563
6969
-9401
-3924
-3193
-1636
-3224
-7895
7118
2915
3819
-8467
8618
-4917
-7591
9338
8809
-8356
5468
-5521
-5229
74
5437
8363
608
7542
1457
-9989
6961
-4737
686
2919
-9792
5517
2785
-1511
-2553
4813
-1799
-6955
-7903
-2009
-9323
-8049
-5756
3320
8892
-5445
9207
2796
4088
4099
-5725
-7840
3743
4711
84
-4699
7213
4170
-4626
6301
-9997
9388
5164
-1997
7388
-8372
9543
9926
-6708
6147
-5442
7180
-1027
-8212
4130
6200
5165
7973
4610
3339
9529
-9254
6791
-9725
-9132
4093
-2089
-5534
1493
9765
6561
-9279
-6949
5834
-8649
4826
1123
247
55
2824
6206
-3614
-6892
3224
-3794
7117
-673
-572
-5666
1931
-5533
7968
145
-7632
-6073
7321
1096
-6482
-9806
4163
1317
8038
4738
7927
1480
-2749
7565
-2068
-3551
-8784
-8044
-6660
6007
-4206
-3147
3908
-3858
3087
-7253
-896
-5089
-6558
-5209
-5725
2612
-4955
-2772
-3828
-4166
515
311
8990
859
7706
8592
-4895
5834
-4963
6659
-2423
4505
-7305
6348
2521
-6488
5809
6182
5913
-7385
-2152
-3485
-9358
-3640
-6886
5143
-8153
1546
-2290
596
-5961
1107
-8729
829
1109
28
2234
-4271
1042
4474
-9606
-3916
-6920
-7294
-7274
-2887
-4840
6897
8405
-1142
1622
6678
2065
-1802
8053
3975
3405
7931
-2888
1794
1016
2397
-918
3374
5468
-7364
3069
-3672
9322
4809
8489
952
-7597
7341
-5429
-5881
-6302
-6342
1755
-905
-2985
-4676
8193
-4683
705
-5360
-9980
-5709
5166
-1818
7999
4197
5069
6697
-4220
-2814
4759
1188
812
-9968
5621
-8277
-1030
8206
8425
1753
-5673
2018
2126
6918
4442
-672
-9364
-1853
-4902
732
1896
-8740
-3628
-9095
6526
-2205
1112
-5454
1005
-9116
-702
-3430
-1497
1191
2703
-7469
-4021
-6776
4373
5609
7481
3773
1859
-4641
-1775
1425
285
-9698
-8703
7303
5848
-5424
-4452
-2508
1804
-20
-7952
-448
6864
5139
-1213
-1806
3607
-191
-7354
6377
-1233
8792
-2263
-7956
1184
-9258
529
3603
5853
1060
-3209
-963
-6324
-2969
-2771
-1002
632
-8048
-6554
1794
-379
7681
-2277
-8350
-481
-7301
-2121
3576
-4841
-3756
7234
1038
3305
1301
-4830
7359
-4983
1161
7632
-9179
9898
-4402
9475
9100
8203
-9251
-1794
-5090
-4507
2271
-2954
-3795
-9
2230
-860
-853
-64
3735
4750
2086
-677
675
3241
-1037
-3678
6286
-9492
8292
1551
-1167
5300
3763
9073
6834
6858
-4148
3387
9709
4505
-4196
985
-323
-5557
-6132
-400
-400
683
-2209
2431
5653
-7872
3774
-2432
-7140
2236
2927
-4673
-585
4720
4887
-7690
-4545
904
-1075
1116
-6703
-8657
-4639
8914
6631
-8744
-4728
81
628
-7769
9183
7749
-1857
7818
-4456
9475
-6519
3020
-7214
-1810
7045
4801
6623
4565
9198
8476
-3610
-164
5354
1556
5949
8818
8675
4240
-9095
57
6134
7656
5048
2281
7533
2732
-6028
5857
-770
7610
6099
1779
9205
9080
-5521
-3718
-2295
9510
7479
2183
603
5933
2109
-8554
5802
1275
7131
6350
8586
9232
9690
9035
-3711
3898
8438
3074
-6730
-816
7432
-5002
8059
-1835
7580
9007
-9213
4699
-1607
-3310
7256
5134
3442
7705
-4393
-8580
3577
502
963
2736
-7745
-1717
308
-4627
-1686
-2753
-8749
1745
-2993
8171
3052
5764
-1677
7428
2150
7534
-6912
-4996
-1354
8611
-3223
-1981
1687
-3333
-1988
4176
-1697
4875
-961
7592
-6297
-2689
7949
7433
5843
5783
-242
-5052
9527
5178
3050
8215
-725
6601
-5575
644
-946
-5818
3145
8861
6980
2365
-7838
9324
1406
1824
3861
-8537
6033
-1387
4812
-6734
2592
9303
-4072
3456
-3264
4314
3358
-8403
-8165
-9197
4073
-9908
4665
-4469
3857
-1568
-7985
2160
1124
1783
-7059
7357
-3798
-9736
-3989
-99
-430
2563
-2316
1656
5549
-7000
7797
7829
8622
-2113
7622
-8740
997
9696
4760
-1224
-8772
-744
-2094
9531
4517
-9910
3973
3482
-4857
4585
-2386
6892
-6620
-7457
-596
6958
-5623
-6971
-2898
3101
2796
5147
-6406
-4234
4755
-3154
-7347
3538
2881
-2328
-7800
6898
157
2523
-5222
5065
-3582
1774
3019
-2518
2723
-2683
-3888
53
4831
4487
9838
3640
-4536
-7404
-9769
1529
7686
5596
-206
8550
-8550
5210
-5420
1807
2831
3798
1610
1516
3637
8386
-8901
-7186
-8792
6279
1826
94
2916
-3925
4991
-8524
4062
-6997
9771
-1012
4203
-4097
-4157
-4513
-5561
2919
6159
-9775
4956
6247
6686
2765
-6831
-2609
-6802
-6785
825
-9581
743
2351
-2796
-7569
5328
7389
9333
7905
-3285
7312
-5041
1987
2026
-9030
-5256
-979
744
357
675
-8043
-9234
-8914
2493
5748
-8844
-202
1598
7495
1662
-8279
3644
8951
2268
-6934
2704
-7832
-9147
-7417
-2665
1417
-1365
7746
9441
6244
2482
-7424
-6162
5548
-3651
622
4726
-7969
-1163
-9278
-1960
4966
1236
-2024
3873
4755
-6504
7196
-5714
-6786
9742
-5553
510
-4724
6799
-4787
1436
-6831
-1095
1055
-7763
-5178
8443
5575
-1266
7386
-7659
-7365
-7726
9674
3244
2996
-447
-1830
-1499
-7737
6617
8009
-7455
-522
5652
-1251
757
1549
-6836
-5546
-3814
-454
-5240
2956
4998
9014
8645
6930
268
3226
6157
4197
9655
2115
-5416
8318
7391
-134
-9090
-5705
3115
3136
-7198
-6648
5894
2626
8097
7127
2307
-9240
-9393
-9739
-4345
-2903
-2232
-5044
2412
-6900
-5324
-1261
-5938
-7187
52
5536
5805
-4885
-5888
7066
5
7177
4708
8452
8309
9140
-4171
-5110
5596
-5016
-9329
7436
2707
-6792
-3948
7806
2917
-180
6626
-5697
6744
-7861
5616
6256
7696
-6070
-6719
4744
-5565
4799
-3010
-3300
-5403
-2670
1085
-2620
4301
-6070
-1139
1976
9706
-1973
9683
1498
1669
-4160
-6406
9297
4190
-1309
-5470
5366
-1315
-1700
-9361
5730
8091
-4916
272
9340
7222
-4449
6272
-1511
1335
-6535
-8437
-3847
6466
-6341
-4279
-844
-8039
1175
3339
3516
8707
-1521
-9574
-4678
-6591
-4630
8327
5423
9848
6004
-4487
1505
7076
7550
-9403
1697
-2415
-4135
-5855
2350
-6003
-9577
-6025
4509
-7857
-3478
-857
-8126
-380
2905
-6877
-4575
-6682
3469
-4220
-5959
-2261
-8368
-6396
-9962
-1152
-2096
-1351
-4090
-9488
8935
7828
9124
2521
335
2675
-5528
3995
-4374
9623
-5787
-9724
1062
-1364
8619
4879
-7711
-2004
-8294
7263
-5471
6003
2712
9228
-2225
3745
-5290
4461
-7486
-1665
-8727
-1793
4742
3272
8460
-1600
-6471
-9013
-2695
-6347
-890
4719
-3109
6924
102
-914
-6738
-1267
-8511
734
-7069
3114
2435
-2476
-8446
-3229
-1199
7872
-3678
2263
6202
-2541
8694
9471
1284
1483
3107
7248
-6409
3058
-5378
4343
-7996
-9493
6900
-3205
8830
-4827
-7433
9502
-1995
2592
-24
2633
-7587
2250
225
5132
7847
9799
-801
-8930
7863
-8795
-2386
3760
4446
-4210
-5504
-9620
-17
7309
-3456
-8608
3205
5614
-2457
9973
-2165
5911
6664
8861
-5104
-8405
-3925
-89
-8769
-767
9315
-2785
5210
946
-8242
3343
-3992
2254
8043
-1808
2071
891
-755
-8590
-8324
6390
446
8864
-8923
1560
558
7571
1136
9982
6026
8891
1489
9734
-763
-8415
-8401
-9294
-9872
8475
-1986
6200
-194
-9050
6445
-469
-9813
-2247
-6092
-3752
8945
-156
3104
-9380
-6451
-8896
6279
2930
7807
-1176
-6012
-832
5964
-986
6862
-7910
8696
4913
3530
-6792
4131
8744
2711
-7452
4320
-1019
1651
-6675
-5736
820
1955
2481
-6693
-1030
-9004
-2899
2849
-305
9596
4338
-3345
2056
-6348
-1058
1037
-5861
-3298
2323
8981
-6550
-654
-8330
-3707
5942
-4423
-4957
-9857
-4048
-7295
-5923
-3220
1213
7670
2380
-6679
-9636
-6005
-3889
-5740
-7887
8230
-2635
3217
7976
4565
-5240
-4894
-6536
-9626
3664
-117
3464
-1653
-4661
7674
9303
7538
-2779
-6340
-775
-9579
1936
-6810
6770
-9758
-7236
9199
-3949
-8135
-7361
6877
-933
-9426
5148
9914
-9087
-9790
-7790
-8411
-8216
8786
9118
-6506
-9850
630
-4670
5627
-6316
-2274
-587
-7283
-6312
1186
7464
-3826
-9107
-8682
-1359
-7907
-7869
344
-4971
6752
-6656
1147
8617
8402
-6278
9419
7772
4204
-9295
3144
322
3529
2031
3698
-1278
8309
1106
273
7408
-8715
5508
-3816
-1170
7150
2835
-9267
-2117
-3942
-5855
-7627
7253
-3158
-5110
-2925
-2103
-269
436
2415
-7131
-2332
9869
9858
2635
232
3548
3560
2205
7479
-6432
-430
1233
-6859
-984
5631
8569
-8255
1415
4863
-1512
6487
-2353
1637
-8896
1467
-6222
428
576
-3676
-8868
1144
-247
-3397
-8415
-4826
9919
4182
-5230
550
-3745
-7400
109
9276
-7160
-1166
-4450
-7309
2736
1724
3300
-9170
-637
-8393
-7874
-3176
-4662
7327
-5198
-583
8462
4420
-4310
-9200
5457
-1031
-5011
-9726
-6585
-1038
-4661
-9213
3125
-1933
2526
-1946
6232
-2250
-1288
-7540
-1135
-3063
-2696
2085
4228
9923
-8213
2457
8551
3872
1152
6238
99
9544
2174
3333
-65
9337
-5578
-9014
-656
-816
-1447
8469
2897
4012
4120
-6490
7176
7817
-4763
2262
2958
5816
9828
980
4976
-5699
-8839
-7025
-1399
-7615
-6889
8177
230
-9322
6434
3278
-6051
5257
5799
1399
2648
9233
6870
415
-5784
2177
3770
3400
9527
4134
-1554
-3327
6469
1654
8993
3088
8622
6572
-619
-6394
7575
6942
9316
-6189
8464
2184
-7669
-2588
-1507
-7434
6157
-7277
-983
9018
4170
8915
-98
6032
5682
-2997
490
-1045
5820
-3813
1710
2625
7697
8612
-1302
8262
4260
3929
6572
-2572
-5331
-2180
-7568
-3593
4113
3231
-8369
3498
-522
4154
-466
9320
7124
-6834
-7470
2237
9062
-6390
1372
-6196
-989
2914
-291
-2673
-7169
5529
4110
8048
7709
-9311
3740
3400
7769
-6795
4258
3929
-8597
-3278
-9476
-4246
8560
3532
2030
5995
-3342
-596
-8430
-1785
-8083
-7832
-5590
6456
-9828
8493
1944
-5299
7343
3999
-8281
-3802
9648
1871
-1429
5594
1391
-5835
926
1925
-1392
-5092
1194
-5457
4453
-5345
4358
-5274
-6794
-391
8467
-5775
6652
-9018
1146
5376
-4008
-7865
-5137
-2820
8162
-7844
-7869
-6345
4694
-5196
-1421
-9108
4007
-1359
-873
-2379
9527
547
4689
2504
93
-7320
-8478
2639
-1897
-545
-9412
-8830
-2726
-1485
4716
3839
-1013
8404
4936
7408
-8891
2942
2143
-6238
925
1666
-2112
9226
8762
9699
7204
-3325
-8789
-5237
6737
8384
2814
-3038
-677
-5624
-2649
7256
-7011
-1526
-6059
1343
-804
-8509
-9011
-8128
-5568
-4527
-8731
-630
-5289
7507
1821
-4949
6504
-9677
-583
-78
-4362
-2204
5925
6286
9866
689
-7636
7208
-3194
-7230
4989
-3763
8798
-4591
-9837
8157
-8401
6204
-5157
-8486
7230
-2736
-1414
6147
-7749
-1965
1297
-5638
1839
8657
-4043
-7128
-6812
-9053
-5721
5155
7480
-5364
2340
5765
2425
-4122
7080
-852
-1557
-1083
-6406
8067
-9022
-7043
-4626
5696
-8290
-951
-2971
2572
8047
-8952
7735
7104
6315
1750
7106
-8847
-1130
4760
-9090
9770
805
2351
9686
9766
3418
-4338
-8637
-8673
-4677
9682
3927
-6893
-1674
-7181
3929
4597
5844
-8604
5645
-5130
6088
-7005
1500
-9306
3554
3521
7322
5895
4764
-6192
-835
8198
6343
3677
-7527
-878
-2709
-1814
3522
-9666
1731
-9202
-3506
-1027
7291
2022
-5150
-1975
4206
-5899
5917
8380
1541
-1724
-6250
-5877
-9482
-9038
2145
2579
-4480
-3540
787
-8722
3959
8007
-5888
8824
5477
-9417
7947
-741
-4100
-33
-7565
7780
-2427
3376
-7014
-8776
-9412
-1587
-5769
142
-3172
2961
-1755
-3939
7355
4219
-7682
7612
-7183
6005
7311
-5657
-4291
1551
-3444
1940
-8537
-3152
-994
-4258
-9366
7381
-3968
97
6131
8444
-9215
9645
-3981
5386
2727
3545
-1024
-5588
3389
-2923
-4623
-856
7774
-1690
-8096
1622
-6866
8364
-5981
9031
9270
-7214
8702
7058
7137
-2156
9342
-2473
1611
-7567
1784
-4474
8002
-9014
-6982
-4039
4916
-4561
3396
-3333
2905
1479
4141
2780
585
-3630
-3725
7629
-2491
-8653
2556
-126
-4060
-2552
-1200
9961
3211
-2352
8085
4038
-6874
1563
7825
3805
-6178
-8393
1079
8840
-1654
3075
3338
2499
981
-7551
1839
8511
7983
-8391
-4013
2646
-7399
7171
2594
4931
-1336
7683
3484
-5993
6339
-8303
3855
7015
-54
-9547
-1593
-6502
1067
-5318
-8876
-3424
4475
-1513
-8369
7933
4198
887
-616
-4958
4247
7576
-7914
-3520
3784
6309
-4527
5600
-5195
462
2845
8898
-2487
6127
9017
471
-3613
902
-6336
2557
5880
-1726
8677
-6419
4640
-4009
860
2262
-7702
-9196
-1707
7981
6572
-157
7784
5273
-4713
6277
-1647
-1717
-8571
-1909
-8885
-626
-3927
9399
-9671
2475
4439
8774
3287
-3558
4154
-7526
639
-2641
-8352
-2087
7308
9116
-1841
477
7555
3372
8711
8498
7281
-3956
2337
1799
-3814
6266
-3616
-8669
-877
-9215
8159
2623
9174
7901
-5314
2714
5110
8042
5087
876
-5261
5267
-2893
-1625
-5346
9246
7185
6779
8292
9502
-9493
-6613
-8759
-1508
8148
9027
-1097
-299
-6852
7287
2471
9820
-412
3656
-2957
-4283
-9996
9374
7087
2137
-9683
-8871
3433
1888
-2827
4080
726
6411
7797
3925
5806
-2318
-3381
-3196
9963
-2351
2836
-5030
-9596
6083
7190
-165
-4313
-4852
-8147
-5629
9677
-2263
-5364
-3059
-452
-601
-7045
-3123
-1890
-7856
6223
-3285
-8139
4147
6689
6052
-669
5027
-3031
-3251
-2258
7189
1104
-3148
-612
5412
-6588
3534
6917
2894
3245
3824
-1419
161
8095
-7513
-4453
4771
-6206
8074
8388
1891
-4528
-8193
-2032
3053
-811
-6585
6702
-6945
-8573
-8226
7372
7236
-1316
5668
-1126
5852
-8154
-727
1140
-3805
-3364
-5871
-4436
9743
8599
5333
9886
-2953
1013
-8029
-4230
-6682
-7793
-1859
381
-8158
7362
-2251
-9772
5638
4453
-6542
-1242
3180
-4157
-465
8108
3757
7647
-4084
-8416
-8466
3026
6252
4682
-5169
999
5002
7797
5757
-2973
4809
-9655
36
-3959
-5068
8895
8466
2559
9956
-3170
5451
8524
72
6908
7626
-4314
6181
-4079
3145
-9493
-7944
-4873
-3782
9989
9040
491
-492
-5184
-2636
-6424
1166
9845
-9233
-7272
-9832
833
189
3371
-6386
-6488
3500
-1045
-9248
8171
752
8447
3534
-9445
409
9398
-1284
-2084
4584
-1004
5876
8917
-9695
7298
8744
-1178
-140
3687
-4234
-3163
4357
-8689
-4599
-9234
8138
4152
-1729
-1930
-6570
7229
-3521
8766
1891
9582
-6932
7048
655
-1240
-9193
-2184
-2112
6601
-6513
-9574
-8981
8476
-7537
-9402
-2944
9803
4652
4510
-3895
6630
4365
-3385
3043
-5775
3846
1409
-8904
-3757
-5711
6465
-2862
6393
-3826
5696
1167
3683
4345
5907
-8412
-3428
-7084
8402
4454
-2080
968
-5131
-6787
8772
4137
-7957
-9489
7500
6247
-3566
6851
-8078
-288
-644
-2397
-9936
9989
-9350
1778
-2278
-3053
3956
-6697
9579
-4284
-1812
7226
-3891
8890
6750
9292
3756
9243
-1023
346
-9406
6064
6474
4505
8144
4401
3434
-3445
1220
-3015
273
-1651
9524
5583
-420
1263
908
-6033
2414
544
8263
9691
1487
-3691
-4126
-7939
-9524
-2470
9676
-6847
-3671
-899
-1575
-172
6615
-9992
-3436
-4864
-3357
-8811
6857
869
2231
8897
-3838
7831
7938
-825
1248
1646
-801
-8096
-6953
-7547
-9647
-7854
-8062
-4225
-7763
-6038
7158
1916
7261
-694
-1316
-8490
3902
-7510
1987
8586
5057
1034
-5071
-4254
-8636
2673
8019
-3893
-6584
2785
8263
-4027
4492
-2778
6218
2066
2825
1636
-8489
-4803
-4886
4218
-3651
-9826
-7082
-6234
8203
-3170
-3927
-8321
9492
2968
-7070
4014
-7630
-4658
-1954
6725
2948
-6412
-2886
-4126
-8341
1514
-1041
8381
79
-5360
-2171
8807
-3463
-6334
9867
-4449
3100
854
-4675
-5197
9402
-6393
-7400
-5175
-7736
-3942
1872
-958
-5234
-3792
8297
9263
6500
-6150
3672
-4898
-5
-2037
-871
-3412
7728
-537
9849
-3607
8702
2855
1519
5605
-8774
926
-2355
-6395
2385
-5638
-3594
9835
-5761
6108
1925
-9432
6698
-3320
-4677
-2827
9485
-6154
2001
2615
4273
-9086
-9533
-3357
3266
2147
-3936
-9023
7945
7920
8508
5843
7161
-909
-9378
-9270
3905
3520
4866
6399
-3769
-8031
6115
3024
-362
-3991
-1819
1674
-1421
270
-2562
-31
4438
6893
5453
8346
1704
-1336
-7428
-2685
7696
2971
9535
-6742
-6093
-7201
2929
5311
-5353
-6678
1195
-8012
38
-6335
-9542
-9367
-9990
-3167
-3231
-2716
-4195
-7489
7743
8488
-5903
3680
-8113
6299
-3022
-6214
-3674
8471
-1930
-9896
-665
5092
2399
-5837
-3886
8898
5988
1516
7086
8119
7227
5502
1537
-2438
9940
4360
7253
-7551
-3897
-2781
5289
7304
6023
-6074
8852
8601
932
2466
7746
6461
-3313
-3114
584
5653
9162
-290
3336
-2347
-3505
1643
4509
-8755
1432
9880
-1173
6509
3318
-3217
1050
6693
-7502
9225
2443
3045
2541
-3960
-9965
87
-8092
-1880
5324
8921
-5789
-7703
-5531
9726
-1683
9984
7638
3815
-2381
9050
6846
-9144
6371
8353
-6892
432
-3857
4477
9218
8780
3911
-2763
7889
-7121
-2913
-3515
7511
-5754
-8252
190
8014
-396
2742
4581
-6293
5790
-9490
3850
6157
-6559
3003
-8931
1500
-242
-2984
3846
-9236
-4888
2188
7023
-7527
-5670
1617
-7784
-8207
-7914
-7983
-3656
3879
-4148
8362
-2416
-4350
-6068
703
6645
9304
4703
888
-4971
8303
1388
1356
-9838
5011
3077
1670
5628
-3165
9785
-3411
-1084
-7217
-3724
2317
-6597
9572
8303
1402
-2359
990
-3448
-5960
-4438
-689
-8650
4610
-8753
-5059
3439
-2968
-4319
6115
1292
1485
3765
6744
-8112
-4905
-9207
-3845
363
-8764
4470
-6531
1648
-6801
5765
-8556
8699
-3162
5717
-4572
7392
-8509
-2929
-4838
-1415
-120
6042
-3751
5001
-3033
-5838
-8127
-2989
-1547
9090
-7422
4689
-6247
9322
4640
-4331
-2057
9897
6725
-644
-9725
-4099
-5049
6833
-4928
-2091
-2968
4801
7344
7976
2111
6855
5619
3524
-7070
-6516
9805
-6961
8640
-5982
2055
-810
4109
1731
165
-4698
-7824
-5082
6483
674
-5457
3768
-2995
3557
-1886
-8845
-1333
-5449
2090
-8145
-4650
9077
2431
-6437
7748
-2227
3937
9332
2855
4448
5235
579
-5538
-5540
7110
-3419
4575
-7670
745
-5561
5981
-2002
1435
5462
9310
6511
3269
-3103
2774
199
9707
-8068
-7888
-8190
-7933
-5972
1489
6170
4858
4485
2085
-5363
9433
-1103
6135
1699
465
9855
5143
3279
3188
-6278
-7589
-7841
8320
-7515
-4188
2435
-8638
6886
2121
-3526
209
-3056
-5065
-6919
1490
-7908
-4504
-9524
3469
5626
8776
5285
-3388
1925
3966
5305
-3621
-1767
-2345
-731
2294
3672
-3010
-1870
-2608
-1349
-3760
-4938
-2283
2668
-7257
2510
-8353
-9238
-2017
5560
8690
-9142
5429
-5571
-7461
-9122
-1392
-4410
9730
6816
7957
-9652
-7409
-8111
-5556
-7109
-3453
1277
-3688
-3925
-1632
-3884
9169
-3793
-5884
6365
473
7100
4819
-554
6915
6781
2718
-1150
-6304
-975
1747
5536
-3819
8193
5105
1465
-1290
5041
1685
8440
1738
9691
339
-5532
3972
-4580
-9419
-8471
-853
5309
-1182
-4723
-573
-3857
5827
-4259
-926
-6384
1444
8150
-7056
-1271
5585
-2017
-9463
1673
6300
-4987
-5464
-389
-6215
5540
-505
2776
4919
4005
1869
143
-8588
-9805
1433
7702
-6083
8123
3729
-5186
-6082
-6589
4141
-2408
-1231
-5199
-7428
-2794
8326
5083
1114
-8355
308
342
4996
2223
-5609
-5015
1410
8995
-7783
8758
-7033
5265
-7810
-4516
7778
-9926
-241
3336
610
134
8010
-5288
-4323
-5425
-2390
779
8045
-8172
-7180
-9982
-2019
893
-7831
8300
4829
-9169
-9083
5523
-9556
-4527
6216
4168
-5428
-663
3990
8168
-473
595
2971
4709
1197
-3462
8863
8793
-2285
-1791
-8027
7000
-1687
2991
2310
-359
7099
-4998
-1969
-4166
2110
-6361
4354
-3536
-123
5342
-1315
6687
4200
2560
-4780
-7477
-5761
4528
4581
3784
6486
7611
8815
3632
-3932
-5583
3616
-6956
-204
-721
4436
-1037
-4939
-2426
-228
5840
8794
748
-9440
-9827
2932
-7875
-548
6430
-5716
-882
-1938
-1759
-6700
9964
1066
4113
-1349
7049
1310
-3876
-994
-555
4466
6171
4142
1065
-8261
-5146
-9127
6707
8729
-6533
9139
9897
-122
9023
-6410
-2763
1666
-2932
649
4424
7583
7247
-4577
9611
3556
-4590
-1179
-4021
-3857
6702
-1142
2876
2708
-7221
-9512
3471
9577
-222
-1914
6311
-1831
1862
-4658
5452
-758
979
-8069
-2793
4537
1245
8912
3159
-7213
-5847
-2306
913
4020
-5975
-7881
-7484
5204
5188
-7880
507
4220
-9007
-349
-5900
-1474
9267
-5306
1220
4727
-6869
7603
-1921
397
2127
273
1500
-4331
-5286
-4144
-553
-7782
-3163
-618
-9110
5206
1533
-5406
-3570
7657
-348
-5650
-2387
-8743
-3146
-7207
-4818
2021
-6605
-5336
-8998
2457
-6059
9899
826
5795
-128
-9073
5382
8173
3227
4884
-4122
6080
2570
-2262
932
-8665
-7949
1113
9057
8209
9433
-9540
8646
-4350
5421
-1501
-2013
7396
9693
-6577
-1987
6303
9070
-3437
8075
-6728
3993
2000
-9799
-5345
7471
-510
1245
2179
2074
-7405
-1751
401
1300
-6505
-7104
6992
-2606
5663
1410
1776
314
9803
3056
-986
-1706
-2654
-2209
7730
-4274
-4908
-534
6536
274
2001
-8291
902
-6031
-6241
-2666
-9834
-7745
-7822
-1955
1285
5223
8958
-1241
7233
815
-1259
4200
-4767
-8792
-1480
9882
4665
-2731
-5808
-7653
-6153
-7096
-8213
-3087
9452
5452
-8445
658
1973
-5156
-2122
1866
-9474
2800
-2332
4990
-1910
-5857
-3373
5460
6858
1372
-6476
4955
-144
-6478
4399
1169
-8040
349
2711
-1042
-6910
-4338
2354
-9307
-5036
-7848
-7052
1999
-9355
3292
9026
8476
3226
-2776
-4564
9678
-7366
-4890
-5158
3161
8870
-7434
-592
8341
-9297
6139
4752
3422
-5228
-8136
8918
5121
4063
-1961
-8565
-3249
9608
-557
7139
9515
9160
9624
-4901
-6893
-704
-4435
-1555
8680
4003
-635
-4381
-4904
-4150
-354
6335
1418
7773
-7907
5320
4156
9097
8560
-5355
-1470
-2989
9063
6322
3537
3177
9843
4210
-5561
6724
-317
-4222
-9806
-530
-7129
-7527
-9557
-5300
-5749
4089
1186
-2038
-6801
-5205
-4929
1136
4841
9593
-9708
570
1222
-7066
6297
-5185
4725
148
-2355
7336
-5878
-7792
-9848
-6412
583
289
-4318
-1781
6250
5040
-3216
4683
930
5223
5097
9304
-5319
4537
9494
-2952
-1742
4132
1442
-4268
-9842
9590
-7330
-7632
1719
-2593
-1117
-9103
4561
9640
-686
-619
3910
-1817
-6822
1539
-7423
7101
9078
-1637
-6002
2182
4545
9584
-5887
-3720
9389
7941
-1339
-3506
-2714
2209
-2895
-2301
279
5897
4829
-1420
9060
-3531
1338
-6191
426
-6687
1242
-1034
2459
-5487
2885
2307
-4779
8037
-1622
5797
5706
-2792
6791
7070
-3632
5829
-4991
-2461
938
2302
2186
-8174
8472
-6541
5906
-4179
3164
9778
-3505
-3353
-1742
6037
4360
-2148
1563
-3314
-8580
-8439
6881
3585
5424
-4766
673
8586
-7720
-7841
6486
-1073
8378
-7400
-5549
7617
6371
3488
9305
-6357
2496
8107
-2703
-6756
-7344
4278
-7178
-6
-2743
-7196
-5819
-5278
3110
-7342
-7102
-205
1170
1196
5806
-9407
-6510
-2062
-6605
-670
5253
-7565
-2446
5878
-2714
-5452
-6181
-4287
-5564
-3075
5627
7668
-930
-5801
6172
-3875
3496
4775
-3754
6783
2500
8981
6957
8427
7085
-7209
4028
4819
4709
-8853
4221
5282
2348
-4601
-7828
573
-2722
3114
-1539
-3425
-3906
8390
117
-8577
5468
-3850
-2151
-6966
8562
-1360
-3821
-9025
-3317
-4961
4308
4957
-5292
-4658
-1993
9037
8106
-9207
-4725
-3246
-283
-8412
6500
960
889
8627
5681
9907
-470
-745
977
-2930
4161
5781
-6055
3236
7788
-1083
7073
8119
-4205
7618
-4061
3679
-8391
-821
-7252
5999
720
-7854
-9274
8767
7711
-1613
-2099
1720
7838
-3066
8092
4504
9073
504
-3733
5639
-6944
-9259
4031
-6800
5583
-4138
8575
1656
-7048
779
-5332
9778
5004
8715
6915
6152
3335
1517
-90
4621
-2726
-4564
-6327
5383
9157
4611
-788
4050
-8336
-8704
707
8834
9630
-6765
955
-514
929
6325
6969
4815
1881
-6580
-6638
-2168
-2229
-6509
2908
5262
5061
3706
321
-3788
-2748
-3755
-2332
4938
602
2971
9076
6042
-601
9263
-3943
5415
-3965
5627
-9356
-2934
4045
9696
206
-8336
-4084
-3229
-1320
4449
2821
-8216
2773
-3042
8215
-4231
232
-5829
-1168
8673
2758
4165
1142
6846
5601
-504
-5298
-1122
4656
-6571
799
-3090
-6754
4990
-4973
4816
-9983
-7162
4113
-6667
-3674
-9695
-4496
-1848
8913
9129
-5661
-8326
751
7559
-644
7233
-3066
-5973
-1207
6658
4962
1584
-5008
-786
-2345
-7755
8624
-8846
-1419
-8463
-3524
-569
8030
-2860
-7621
6659
-1188
4630
-2688
-7626
4061
-8821
-772
-6755
-5680
1728
-584
8869
-3508
8718
-2576
5855
6439
-1103
8907
2504
7757
4154
-482
5358
8320
9783
-5462
-2305
-8147
9109
1782
-5100
3993
2028
4019
-3352
-3766
6559
-4289
-2823
-7623
-2301
-2804
-7516
-6181
464
-6
-4541
8713
-9687
5064
4136
7381
-3662
-6828
1355
-5907
2641
566
-6549
-9925
-5665
-9974
-1202
7858
-7355
-3473
2345
1869
2870
6450
5246
2893
-4043
-1414
9889
-8917
-6989
-5684
-8115
1282
8852
8677
-4164
2297
-3750
-2087
1264
2216
4095
-3988
2160
4135
-8306
-3395
-3625
-3468
2932
4657
-3157
6944
-2095
-7190
2155
8641
-2759
-4729
-6252
6630
5011
400
2747
8688
-6981
-6031
-5426
1509
4125
-7744
4746
-7289
-3031
5868
-1406
4596
-270
8471
2406
404
2534
7668
543
-1252
-2938
8361
8057
5900
4285
-987
-6134
345
-5952
9137
7706
2190
-1749
2648
1285
-5143
493
-2450
7056
-1054
-4743
-2276
4343
2751
8934
3710
-3414
-5297
-2940
7881
9650
-1267
6984
5448
-8275
6109
-7626
-4942
-661
-7940
-8290
-3321
-553
-902
2979
9643
6200
-7353
5244
-4652
-4307
6766
5560
-9014
4811
-7981
2010
-3997
7707
3185
2908
8806
1322
7807
9340
-4414
-2877
989
-196
1302
-276
5797
4452
786
7232
135
-3552
2611
-4018
-1334
-4013
-8437
-6861
-732
-4516
-9308
4761
4826
2613
-3017
5198
5149
9877
6055
7992
3930
-7681
-6826
3700
6053
3343
-2206
-5335
-9695
6351
5824
431
8858
-5155
999
2965
-7369
629
-1349
7516
865
747
9376
8409
7397
-5663
5259
-7644
4655
-8132
-3840
-6839
606
1088
4904
-3307
8207
4859
5506
-3125
9696
-7671
6645
-1695
-1304
9482
4372
1404
6839
5578
6403
5970
56
8566
-8882
-1998
9062
4278
-7079
-631
5280
7838
7369
8260
-8856
9882
5543
-8081
1696
3372
-8420
-3543
8572
2574
8994
5070
7249
9041
7204
-4150
-2593
-1379
788
-410
-2204
-9373
-2761
-3456
9438
-5143
-2566
9285
2386
2988
9868
-5001
-15
-6300
3638
6409
5407
7408
-7373
654
6536
1449
-5457
4885
-9952
9126
-7818
8228
-8726
-7091
665
-3824
-9986
-6858
-5753
9426
-6267
6710
6081
-9939
-3262
839
8180
7899
-6200
4024
3486
8250
-7979
8665
1818
1376
1224
-4517
5802
-4097
3609
-6525
-592
-6296
-1256
-3951
7141
1659
9269
1753
-626
0
-4470
1877
736
889
6241
1137
977
4397
9198
7812
332
-8034
-3160
808
-7603
3586
-7405
5235
1640
-7390
-7972
4054
3752
1705
5223
-7003
-8711
-8384
7918
9650
5642
7995
-6448
2121
-6193
-9847
6439
-6560
-4936
-7233
3785
9985
-509
-8942
-1135
-9700
-2403
-2428
4113
7084
-8917
-6848
-2898
1116
1886
-1477
-2725
-7674
3196
8090
5236
7144
-9706
-439
-3861
3911
6711
3187
9405
1121
6509
4854
-7297
7018
-7549
6906
4909
-2057
9239
-9471
5236
4165
9044
-9077
-5435
-7216
-581
9562
-9991
-5007
2126
1074
1778
-7832
-8745
-3911
2442
9754
-3715
8350
-1256
-9540
-3773
1574
-5725
5878
876
-7926
5235
-5384
-3513
4015
1568
-4870
5719
-6589
2921
9715
-5479
1529
-2617
-5820
6928
8578
7287
4364
1222
8815
910
-8708
1222
-3327
7272
-5082
7684
-4649
9244
7008
9165
7332
2136
5811
3658
-1756
2041
-8553
-3238
-8376
-7739
3843
5438
1523
-5187
-2486
-6661
8620
-2288
-9441
5041
4526
-6770
-3213
8991
4592
-2245
-9713
9892
-154
-2138
-1044
1102
-1108
1806
-716
3789
8156
-5498
8635
-6083
2297
6804
-5344
-7821
-8026
9962
5391
-9510
-7267
-91
-3841
-86
-9207
1684
628
5997
2386
-8576
-273
-3295
1045
6966
948
-4791
-2227
469
3698
8468
-9402
-5249
5943
-3384
-1788
-7632
1421
-4454
8928
-5135
-2942
-6806
169
7906
204
-1980
1805
-352
9574
777
-5607
-8206
2932
8499
-3163
-8342
3683
9689
2351
-7916
6229
-2143
-9767
-5650
5993
-6742
-7406
-9801
4409
-3943
548
-9143
486
9139
-1422
3650
-7703
-7748
2978
1730
6031
-5466
-9726
6040
5539
7848
1366
-8123
-5571
259
-8430
1757
-57
5233
-2582
3616
2737
2593
9057
-2623
9319
-4699
1500
9202
-6583
-9908
8893
-4320
7930
-8824
-6747
-7660
-4431
2779
-5900
-5869
-9274
2244
6602
8321
206
7412
-156
722
1432
9966
-422
6199
-1322
-1533
9588
-307
6665
-369
-4489
-9621
6740
-5245
5214
-8405
-8849
6507
1008
3109
8683
-1889
6832
-122
-4982
2019
7089
3014
-218
6492
-2116
-5651
-6696
-6406
-839
-5940
-192
6017
1548
-395
4494
7480
-5805
6230
-2403
9258
848
-3591
-8752
6554
-4519
-6940
-8525
-6032
3445
5107
8721
753
-9589
-5168
1570
9843
-9599
5871
8460
-833
-6952
7443
-4359
-6642
-7119
8054
3869
4732
-5780
-7316
-8236
-5466
8082
8245
7178
-1780
7055
4016
8335
-4373
730
1822
5084
-3164
6247
1508
-1398
3357
-1983
-2141
-6056
2523
-4414
4494
-5370
-505
-5834
-3635
-461
7804
6504
-828
2584
-1162
-890
9978
6429
5309
3763
-153
9880
-8651
9633
2961
5005
38
2264
743
2852
971
-2455
-5004
-2789
-7307
1938
-1948
1066
-8704
-3045
-4277
3362
-3544
6641
-6022
-7022
6204
3398
-6419
-3125
-7201
-2400
3326
938
7359
5123
7066
9237
2992
2497
-3710
-3535
-1366
-2734
-4086
-2541
-5205
6862
3867
-7758
-7933
3866
518
624
3659
-9096
-4114
2706
4673
5564
-6546
-8196
9936
3649
3582
6482
8481
2845
3109
-1164
3748
-3955
2502
6818
-3226
8481
