2741
-3850
-8786
1546
8581
-4462
944
6452
9615
5105
-9361
1906
9981
-3430
4058
-4113
-9694
5068
-2010
-4444
-7285
-8547
-8455
-8098
-6118
-3054
343
3449
-7667
8010
3008
-6822
-494
5944
4270
1168
-4317
7913
-2394
1863
-6217
2015
-154
4515
-9176
3834
6688
-620
-3669
4752
-2894
6499
609
-2824
5678
5805
-2797
5021
-2715
5122
4478
2102
2446
-3537
-522
2374
2799
7454
5121
-2307
-8753
1394
9415
-3716
-6498
1413
-8695
2507
-5330
-2549
5469
1443
-9497
58
4934
4982
2975
3881
1929
5181
-4946
9504
8826
5385
-5390
-6530
-4526
2662
-3845
3870
321
-8833
2382
-5340
1447
-8215
-8002
9439
-3314
-1633
-5086
1686
-8756
1297
-7564
-7409
-5328
4091
1574
366
3144
9075
4930
-5868
-9396
-9773
-2580
1646
-8652
-9740
-1485
-7306
-7602
-2452
-7039
-608
-6515
1915
-9095
-3243
2158
-917
-7025
-9011
7827
8235
2230
-370
4339
194
-888
-8875
2827
-1273
-9436
6063
-50
7757
-6770
2626
-5473
-3396
449
-5672
7833
-3543
1868
-8523
7994
-2824
654
-1490
-7413
5439
-2449
-3761
8781
2796
-5375
-699
4609
1812
9211
-4789
-299
3471
-3409
6249
8689
-2088
-9054
1750
538
-1862
-7524
-5681
6095
8552
7317
-2314
-6427
1783
-3961
5635
1114
5549
-6458
-7648
6646
8380
5105
-3795
465
7704
3958
7185
7342
-8625
-4118
-8902
-8893
1504
-6351
8094
-8575
7408
-1339
-4773
-7632
7678
-6343
9454
-3141
4911
5203
-6153
-1004
-2976
2668
-3815
1224
-7868
3544
-7851
-6329
8641
-8349
-3870
-5033
1579
7523
2756
-2657
-3577
-3710
-6124
-6065
-5658
24
7537
-8534
4259
3343
2562
-1324
-3834
-508
4922
-8579
7854
-3158
8785
864
3985
-9153
-5144
8561
-7912
8190
-1620
4436
5763
-9579
-9150
-6351
7480
-8962
-4450
-1443
-9772
9031
-7349
-1054
-3271
-6463
7370
-2636
-1278
-1537
5145
-66
-2507
3220
9636
9243
7326
7900
-7595
3464
2518
-3841
-6691
-2970
-450
5610
-2781
2523
5594
7811
4884
3525
-2158
2755
6270
9706
-6016
6948
9563
-2263
-740
1323
-5437
5643
1330
-9246
2250
-9520
-2755
2162
-6728
-6810
3898
-1112
-6931
9929
-4323
-8085
5336
-794
2565
6830
-14
-4476
5680
5084
9679
-6893
6147
-3719
-2174
3557
2670
-540
-4680
-9230
2872
2141
109
3290
-9742
848
-930
6419
-4447
7494
5635
960
-6198
-4763
1597
-4617
9141
-5886
-7969
3289
4258
5930
3248
-5673
6388
8550
-7790
-614
1174
-3290
-6095
8346
-2298
-9750
-9502
-67
9684
-3612
-2829
-5746
6698
4374
-7436
5655
1656
5070
-4229
-6098
-6372
6953
472
6341
-2313
-7563
4068
7806
-2116
8330
4433
-4988
7449
9107
-8513
-9360
-5163
9201
3174
-7831
8958
2267
-8819
9414
-3260
8530
-7799
-4623
9697
3867
-7515
8323
-7805
-2419
-634
2283
-1923
4563
5231
9979
4708
4658
-7650
7977
-428
6597
-7356
2175
5092
-7729
-7424
1825
9463
-3525
-6740
1868
-2551
-5898
-3303
-3745
7582
418
4747
-1320
7250
1591
-1657
9313
2346
5590
5072
-3060
-7906
9342
-1825
-3381
-9031
-6269
-1959
6749
2014
-2800
8894
-5029
7645
6489
-6587
-4965
-5283
-1121
9291
-288
5960
1637
4315
5505
-8041
-6488
-3120
-6827
-7015
-717
-6535
-4845
2503
7910
8814
-4823
3511
-9795
-4326
-4521
1000
-2290
-9603
-1253
-3413
4323
6304
-3164
-1439
-9972
-4481
-9018
6036
-5771
9636
9902
-9145
-5136
5447
-9317
-963
-8304
8520
-3441
-9019
-3192
-1689
1529
2869
7588
-2886
-5267
-9140
4161
9232
9268
391
-3610
1988
-4535
5071
-7305
-4404
5361
5733
-3106
9032
-7968
-5470
-4738
-9380
1701
-3589
-9846
5983
2667
5666
5569
-8651
860
-5383
3011
-2838
3392
4470
8797
-2324
2
-5129
3797
-3842
-9782
-1770
4323
-2107
526
-707
2648
-9716
5399
9143
-500
1154
6900
7535
-7862
-2089
4581
8779
-4689
-4110
7917
-9271
3500
1622
5392
-6492
-9990
6321
-6379
4825
-3556
9961
-106
-7199
-2607
6680
5041
-6901
-8709
4190
2480
-5237
1252
-8027
2477
8378
-6024
-3085
-1345
-7990
-9838
-4415
-5720
-1302
-4697
924
-4377
-6601
1348
667
-2656
4395
-8472
-678
-4326
9230
-6151
-5424
-4446
-2350
7831
3625
-694
-4751
-9075
4580
423
4462
-3531
3304
5671
-68
4134
-17
8238
-3341
-1429
5818
-874
-1156
-1710
8117
-1044
8935
5723
1427
-7861
-6195
-7104
-2014
8720
93
4249
-5124
8929
7166
9542
1298
9444
-9355
-4963
8129
5259
5475
-5790
4730
-7954
1282
9527
-1326
6708
7083
8382
-6659
1831
2824
-5393
6539
-7877
6208
357
4174
-1181
5558
6590
8613
1662
-8504
3061
5428
1698
-383
-1854
-6769
3257
-3338
-7623
-4159
4956
-6751
-3909
9299
-9943
-6042
9335
7122
-7286
-1471
-4661
-7320
-6068
3829
-2849
-8597
2058
3308
-3734
-1826
-8355
1083
5833
2811
8073
7592
937
7459
3542
-2729
5167
-9098
3976
-8718
7231
-6406
8460
-3155
9236
-4019
8772
8926
-6256
-8514
-6276
-3779
-8910
-3520
7259
-455
-4052
4662
-7451
8721
-4225
870
-3106
-1220
-5429
5840
9777
6399
-2902
5951
8726
2674
641
8241
-7402
-2983
1922
-5167
-1688
-840
1995
1466
6021
-8006
-2906
-4222
5850
6844
-4062
7940
4521
-7191
-7633
7094
6658
2492
-316
7368
-5985
2768
-3106
5927
9202
-7687
9765
6855
5903
4750
986
2357
7943
-4809
6755
6242
2946
-4039
-2269
6547
6206
5140
8616
-9530
-603
-8894
-3973
8815
-2658
8982
2449
-284
1353
8964
-9657
-631
260
-6331
-3794
-6630
8291
64
6915
4643
-1200
-9294
5697
2606
-6298
-4791
3768
-5330
1308
5263
-3250
8987
-7108
-8505
-4869
-7593
-2703
6553
2002
-5194
-1547
2175
3475
421
-1840
-9705
-6793
2794
-8769
9225
505
-2349
-9073
-2754
9783
8276
-9171
-5921
-9486
-4512
-1515
-915
8059
5644
-4542
533
-3554
5337
-7275
9258
4128
3483
8713
-2533
4345
-7904
-6721
1610
-2923
7586
2854
-1862
-5670
4427
3939
1327
8840
3345
-1625
-3202
-90
-2972
3118
-1832
-4258
-9234
9093
-8959
-201
3034
-120
-1941
872
-4231
-3678
7037
9138
-2971
-9446
9747
-3508
-4377
-3690
8001
-4500
-8136
-8627
4714
-9591
-1361
7393
-6080
8641
-6658
9257
-5354
-6083
-1098
-8458
9383
5068
-1192
-3906
2963
-8878
7257
8984
2324
278
-2591
-2560
-1031
-7502
2736
4898
-3971
-7989
418
-1975
-9764
4590
-4128
-3956
-3849
7928
-4406
1908
-3078
8479
1005
499
-6710
9833
-6854
-7335
5731
59
-7905
-3798
-9508
-2943
2008
4895
-9701
-8767
4295
-5672
8597
5494
6487
8036
-3994
8079
260
-6632
-6456
923
5521
-6932
3073
6943
-9985
-8581
6978
6680
2550
-9863
-5049
5444
-540
-4955
1193
6929
8251
-4500
2518
7194
9106
8608
-7822
-9944
2175
7509
4040
-5992
3267
8703
3361
-1509
-8171
-8315
-5296
191
-447
-4966
8194
-1480
7584
5458
-9055
-9974
8357
-8255
6771
3900
-3562
-1685
-5714
-2050
-7211
-8443
4390
6356
-8041
-7548
-1410
6658
6335
3363
-7129
1761
5692
6663
7487
-7158
4026
-7941
-7213
-2763
3621
-8272
-8332
6382
-2694
-28
2079
-4479
-4184
6522
5511
92
8864
3278
5820
8290
8299
-9589
5129
-6928
7622
-5619
4050
-9591
-1938
-8874
5506
3084
-6397
188
-9658
7689
2585
5771
-3946
4999
-5054
326
-7379
5505
6623
-3708
7771
-1454
-9693
6280
4204
9128
-6391
-1704
-2520
2857
-5174
4200
8809
435
-2558
-3730
-2991
-2841
-584
-5596
-7536
-9936
1133
-8930
501
-5523
-4212
-4451
-8409
-945
1525
2676
-3064
-3942
-8199
-3528
-7036
-9337
6568
-6378
2673
-9277
4371
182
-3794
-4579
6514
1977
8262
7184
-1030
5500
-5966
-5098
9282
-3052
-2792
705
-5577
-7004
3964
-7749
2718
4807
-3203
-4029
1894
-4889
-913
-3043
-3864
-3915
6949
-3070
-3333
8278
1149
-5665
-4809
-6045
-3183
-7976
6332
-660
4932
-532
-8234
6116
4787
3745
917
2043
4494
4582
294
6504
1893
-1064
-4460
3905
3558
3683
-2508
-1185
-9637
-4513
-2086
7992
-9745
-5809
1464
2547
-447
1538
314
2777
1707
-353
57
-3060
9841
-2197
-5424
3456
5943
-4725
2025
-2720
5905
6930
-6306
9018
-2073
-218
-5243
-6111
3586
-9136
-5457
-8708
7507
6723
9729
-183
-7110
-1343
76
8518
-6468
1013
-3152
-4252
9889
-1862
-8563
5938
9313
9456
7644
7025
8764
3343
-9461
2042
-4625
8599
1073
7630
-4325
-4699
266
-9462
1884
4368
1639
-3224
-3513
-473
6372
4171
-5356
-7671
-6274
4725
-6305
-1001
3862
-9878
-9345
-357
-7238
-9211
-8106
8141
-3423
-1365
-9414
-3631
8810
785
1793
-4191
-1923
-4235
-3690
-5019
3327
-5959
-2804
7401
6697
5009
-7916
-4105
-7854
-8228
-6765
-8606
4734
-8887
-3993
3372
3344
-1000
6209
6559
4387
5953
89
5688
238
-4559
-7598
-4485
-2791
4767
-6078
7684
-9410
2677
4960
1364
4177
-2848
7247
-5211
-6155
-1712
-3815
8491
7559
2356
-1491
-4316
9421
939
-4906
6878
-867
4260
-6594
7283
-8641
7486
-7449
-4565
3190
-8155
19
-896
-1539
7493
-9666
6038
2182
-3850
-4945
-7435
-4177
1655
7991
7130
6520
203
1768
-1053
5671
3749
-2585
1212
5469
-2454
7304
-5644
2556
3436
9939
-1428
-6169
6076
-2851
7929
-8078
-7553
7217
-1932
6962
-8230
-6536
-4551
-8486
-6840
3238
-5070
-9215
-4415
43
-1973
-7083
4794
-1774
8681
3959
329
-99
7149
-8952
-6594
4582
5038
-936
-3683
-7749
-7107
5740
7424
6953
-7609
7489
554
9768
-7396
-2224
-7432
-1022
-3378
-7548
8217
-1470
822
-6053
9473
-5978
1825
-6567
-1216
-9323
-7334
-692
1988
-5871
-9656
2915
7709
-9906
-8747
-9710
-3109
-4648
-7980
-5626
-9275
-3504
-4531
7225
-7223
5671
-535
6356
-9184
6079
-2890
1569
-4752
6313
30
-1094
2140
585
-5778
4818
2704
8086
-5755
1432
-2483
-9827
-5574
3469
-2906
1058
6730
-411
1116
9681
-9355
-2988
583
8649
-6316
744
-2635
-1046
-7050
830
3516
-9005
-4507
-5616
2973
-7600
9640
-452
-3232
-3820
-9711
-6826
-6047
-4303
3479
-6314
4846
-2786
-7627
7079
-8227
-7699
7278
-1814
2061
-5611
9167
-6681
-7304
-2833
-4955
9112
5097
-6207
7098
6994
-930
-4311
-2475
9226
-8914
-6111
13
-3231
-2925
7183
-2322
977
-4022
5743
7856
4376
6016
6735
-9749
2208
6343
2233
9893
-2510
7971
2131
-911
7794
7296
-2475
-436
-1566
6459
-2173
2241
-8901
4343
-9899
7824
-8422
981
-4421
-9980
-3834
-2178
2525
1359
1994
9833
-206
-2859
-1924
-5789
-7289
-5350
-1442
-3954
-8685
-4535
-5714
-9706
102
-4146
6102
-1607
-3973
5804
-668
6495
-5849
-5302
6028
-8966
-8588
2005
-9514
3646
6436
6464
-3447
8071
-2905
9902
8742
589
-2320
3234
-8503
-2452
-7120
-5130
7826
6814
9672
8468
-1124
3477
-2483
2965
329
7186
-714
-2792
-9497
-8523
813
-3350
9534
3015
166
-9897
-8737
-5050
9891
-9762
6465
-9366
1051
8376
-2357
4875
4898
1690
7323
3128
4020
4289
-4561
9813
5788
-2842
-526
3028
6841
-6768
-4026
-9602
-2502
-1056
7335
5037
-1238
5578
-7218
-4407
2771
-7875
5342
-4896
-1902
-6676
-5585
-7900
5330
-2621
-5047
5176
-5762
7763
1824
8802
-8618
5040
-1645
-8453
9774
-4416
2249
-8769
3928
3446
125
-2951
5814
6107
-4261
1919
4994
-3638
9254
6634
-1948
-9019
-1102
-1776
2280
-7621
2895
9679
-9308
-2604
-9631
-7256
-9736
2636
5148
-1236
2625
-2587
9291
-3015
3248
-8472
-142
2842
7754
9128
-6984
-8744
9860
9897
7544
3022
7625
3336
-831
-9977
-1459
-9562
9223
3116
5355
-7602
719
3134
-7815
4630
-6118
-2541
244
-451
-7556
7049
7075
-4518
8064
-6150
5724
9594
-8389
-9863
-4529
-3250
9788
2061
6162
2873
-1868
-5174
9575
-7241
-1707
-6904
1802
7910
9656
-4542
-3977
7520
-914
-8213
9532
7179
4049
-6419
1260
-6401
-3673
-9612
-9876
8923
-6264
-6332
387
-1017
5361
-2716
-7839
6258
-7585
-7773
5782
-7062
-8903
-871
9380
484
162
-9781
3271
-3571
2500
-1715
6336
-4532
-686
1234
9133
-3679
-6514
-1777
1450
8672
-3769
-775
3887
2021
7009
-8494
-574
1750
5008
-2816
581
-5713
3240
-4021
3973
-5421
5360
-2785
3173
-7492
8120
3319
3281
-9925
-1804
3719
6309
-4718
9927
-1772
6766
-3387
-906
-6287
-3651
-1839
2891
-511
-2094
2122
-2290
1456
1676
-2294
1447
4467
8360
-9845
407
6329
-1153
8409
-945
7759
6750
7338
5381
-8019
-4407
-134
-1955
3375
670
747
1568
9011
-5417
4414
-776
-8916
-6758
5082
5336
1674
5673
-6396
7965
4993
-3531
-748
1903
9531
3451
-8685
2045
5738
-9727
2718
-2891
-608
-9845
5614
-8152
-2673
8145
-5269
-173
4798
-2272
-9171
3969
-9571
-1372
1613
7937
6195
-3176
-451
-8242
-6863
8949
3571
9209
1337
-7333
9840
-1174
8222
-3493
-9255
-5264
5269
-6080
-2756
5283
854
-4587
7441
-539
-8518
-3752
-4140
-5407
7440
1351
3719
-3710
-1879
-8536
8425
-6953
2034
-4418
-8723
-7554
-4206
946
3790
-5466
5786
-9670
-9078
3620
-8083
-3835
9739
6458
440
6627
5021
-1078
4509
5358
1590
-1977
1098
1689
7250
-7747
-5095
9818
8496
3771
-8960
4662
-7213
8290
-1591
-1830
3911
2546
-5047
-117
-3654
-6339
7661
3069
-7548
-5703
5348
918
-7197
6254
-462
643
-8853
8658
-6847
3707
-9910
-2997
7113
-8905
-69
2310
2105
6943
-933
2936
4199
3570
2939
-6003
9672
9661
6231
-357
2418
7496
-1749
-691
7004
2372
1510
-4396
2586
-5322
8694
-8224
4858
3392
8599
-8633
-9197
-4700
980
-4600
8821
6267
-4858
-1034
4413
-244
-7053
-8834
-4125
-5034
-9683
709
-5625
-1899
9717
-2511
-9912
-5261
848
-7365
-8207
7310
-3570
5769
-2590
4534
465
6470
1657
7792
1386
-1788
-7428
-5996
6768
8548
469
7791
1197
-6156
-1442
6701
9417
-1408
388
5074
5574
-124
-1208
2729
-5060
-5265
8736
-7963
-7050
-6157
8042
-7721
3145
2319
3519
-8152
5057
9916
-7241
8266
-4887
3669
6079
-329
-5874
8167
-4265
-6130
5634
-8069
4052
-6019
637
8595
2361
5079
-892
-3518
5274
6054
-88
-6644
-454
-9440
9028
-5222
-223
1875
-1072
-925
-4667
7967
-4873
3065
-336
-4676
4163
6121
-6004
2818
-7450
711
6710
-3690
3483
2201
-3201
-2243
2576
-3924
-6759
4404
1113
-1277
4895
397
4427
4771
8509
3521
9810
-3912
-7777
6262
-3104
762
3198
-1612
-8647
3193
3634
8968
4698
-3980
-8047
-5076
575
1230
8707
7299
2562
-813
100
6045
-1694
4449
-429
8844
5887
-3445
570
4125
-9004
-8140
-8307
-7906
9038
-9089
766
-3332
8006
-6815
1730
8167
-9360
3302
2919
3328
-5737
-334
-4352
8443
4028
4856
-1985
3995
7357
4089
6520
-6097
8368
3055
-5492
1376
2730
6458
-1080
8711
-327
-8870
-8588
5902
2594
5285
318
-3559
-5446
-9845
-731
-8100
-784
4312
-1350
8181
6954
2347
-8910
-2095
5842
1512
4626
-3807
5161
-2761
1507
7322
-9298
4876
88
-4791
-4378
-6481
7009
-950
6844
6629
-850
-2340
-7722
7316
-5447
6454
-8170
7383
9784
-2873
5249
7778
2982
-3310
1922
2094
6327
3895
863
-8942
8446
-9462
5904
9251
3848
-8954
-6333
5672
-3665
9692
8564
-139
-8890
-7933
9263
-6548
-5523
-1180
-5366
6160
6276
-239
-6688
8146
1006
1539
-7602
-5216
7975
3817
-2277
-171
-5871
9238
-5392
-9893
-5541
-226
9908
8430
-8684
-3399
-7915
3325
8030
5823
3162
-2393
2043
4828
-8661
9403
4076
8354
-7106
8011
98
714
-5582
2000
-4445
-365
4337
5323
2835
6887
-1686
-8512
7088
-5426
5263
530
-8433
7340
1745
8662
6428
-695
3348
-817
-7967
-2898
-9591
-3610
-7773
-5306
-5159
8340
1925
-7054
-1257
-3585
3176
7679
-8548
7485
-3180
3254
-8457
6680
-9090
-4941
6216
1545
3245
-6792
-8622
-6096
7536
1649
8604
-8199
-2624
-765
-496
-4635
8981
-4469
7223
-8596
-3752
6818
8524
-9463
-5706
1093
-3255
2221
6846
592
4199
-2358
971
2800
-3309
-8021
-727
-2473
-766
-8242
-2304
3893
7526
3654
-8310
-7486
4501
2288
5597
-4269
-5938
9098
4856
1884
-844
-5768
-6460
788
-1439
7663
2167
-2860
-9844
1233
9650
3954
-3559
-301
-7318
-8495
-5325
2165
-5166
4927
-6156
24
9037
7476
106
9524
5045
-1104
-7740
784
-1167
5242
-62
1796
2419
6284
8085
2968
1594
-5421
4839
-2605
-8359
-5571
-6181
-5074
1397
7491
-9776
-7063
-5289
9777
-2953
-7576
-7174
-4686
4700
4270
-7819
9902
3224
-535
-6086
-9395
-6535
6382
-3551
1249
-9438
494
-1874
9622
2231
-8942
3953
2015
6955
-6578
-7209
5364
-3476
-5868
92
-5679
-6566
3909
-9806
8449
12
-9819
-3604
-9660
-7178
6056
-7961
-2450
-133
-7680
-9397
9355
-5432
8953
-7330
9830
-6555
-5330
3757
-4490
3151
-223
7043
-3364
1813
2342
-9112
-1288
-9912
-8758
2921
4393
7082
-5150
2671
-6064
8256
-4624
-6830
1166
196
2662
7062
-7820
8554
-5053
-2452
-402
4723
-4668
4253
-4542
-5404
-9333
9406
-8383
3073
2116
-2684
6300
-7291
6997
-5143
-1310
4678
-4800
5067
-1997
2165
7997
-4860
8363
-369
8354
6839
-3605
-7040
3022
4143
3801
-4707
-8609
8182
-4324
3053
-3894
-3226
3924
-4487
-3085
-8655
-59
1095
-10000
159
-9065
7623
957
3312
-8294
-6434
5032
711
1143
357
1323
1368
3322
-7357
-3197
430
-7616
3583
-9841
9577
1336
-6987
4930
5548
-2
-276
4693
7350
4597
6119
-8974
9373
3607
-3202
6028
6237
699
5009
6750
-4971
4869
-5549
3287
2627
3647
903
-285
-5999
4807
5367
-931
5344
-5723
-4599
1009
-1246
-3932
-5656
1521
3088
1839
-9499
4583
1733
1678
-6687
8122
-4767
-4850
-6290
9159
-9575
-6175
859
9771
-4636
-9644
352
497
6730
-7229
9464
-3579
-5422
-4723
-7783
2098
-399
5905
-7875
5889
4495
-2504
4926
3114
-277
-3318
-9742
-5742
-9653
-6202
2866
4388
-9132
5890
-2600
6947
6807
8451
-7495
-1227
-1274
2804
5871
-247
-9701
-4893
5658
-5317
5341
-2433
-2803
8057
-5375
9357
5184
4816
-8768
-7825
-8059
-5672
5469
1878
-348
-8174
5855
-1005
5391
-3791
3997
-3217
-7458
-6856
-269
3694
8873
8976
770
-443
-3943
6838
-596
-8107
8705
2236
-7319
2071
6011
2104
354
4244
-6607
-4628
-7314
-1029
8564
-9261
-8193
-9377
-9807
-5875
-3441
6474
-6321
-7228
2475
-8155
6473
-8086
-9263
9285
-7555
-698
5320
-8971
-2108
7038
5479
-2458
-9980
-3070
-7141
-129
645
-3188
5732
2255
-7028
-1346
2501
5376
-2065
1870
3645
-6026
-6763
-1200
3999
5937
-8374
-4002
6274
9792
2493
-1207
1571
2284
667
-9767
4230
1261
5293
6201
9299
-7432
1655
5576
-8281
5278
1557
2990
-3805
7349
1499
1498
8673
-9441
-1404
675
-7679
-2128
2002
9712
-2402
7597
-2611
5271
8063
9348
-4541
7721
-3215
-9300
4562
6792
-5587
5683
-8151
7300
-2123
-1652
-6932
9063
-5151
3441
4461
2838
-8336
1655
-3545
-4472
9285
5881
5115
6177
9276
6842
-3139
-2220
-5886
248
-8214
6881
-2260
2452
-2238
3335
-7465
434
-3512
6046
-4453
3582
877
-5418
-426
5609
8045
6005
-4991
-1769
842
7617
-1429
-6447
991
-2350
-7672
1775
-2337
-2401
-6236
6880
-3984
-1767
-9319
-5944
9284
4627
-4126
-6692
4056
-9449
4633
-1950
-8661
5312
9469
-3520
-8405
2055
247
4833
-1028
-5786
-9337
-3254
-9993
-9629
-2061
970
-4412
6876
-3080
483
3148
-8594
-9479
5396
-1234
2226
1847
8124
2221
-4157
8137
2844
-5388
7466
-3144
-364
8285
-9053
-2459
-4192
458
-9522
-8872
9895
1505
5667
-2475
-5218
-7522
2476
-6885
2813
6737
1621
-3901
-5829
189
677
6506
5540
8934
605
-2896
7497
-622
-4762
6910
-3618
2924
-6248
1747
-5241
3172
1601
-4111
-6223
1800
5619
-3428
8316
-1727
-6356
5907
-7911
8903
6907
-2532
-4006
-182
825
-5183
-1551
-9579
3762
-2384
2581
3079
-9073
2650
-3566
850
2578
-8221
-8693
9134
-5613
4901
-2853
-3140
-984
-4594
1672
-72
970
-1306
4002
6441
-7579
8284
4775
-3678
-1384
16
42
-4873
3852
-8667
-6954
-9779
5090
8843
-9869
7542
-2885
-5960
1889
-1208
-4315
-3870
-2533
-8646
-6567
-7605
-7517
1081
8376
-7453
4100
-3507
-4837
-7965
7265
8950
7291
-6223
-7900
-4712
6417
-2097
7036
-5926
-3965
5706
1218
-5644
8382
1174
-4479
9495
2478
6106
-5018
4357
4751
6625
92
-4654
-2534
-46
1619
4164
7128
-3695
1143
-2093
5351
6244
6776
-2466
8805
6096
-5188
-361
-6489
-8227
-9666
-1706
-1709
5237
3814
830
-1985
-2798
271
2869
-6122
1886
2086
-5904
1680
-2785
9882
7446
681
-7682
-8176
6764
2927
8590
-3453
-4345
8542
-2122
-9259
7177
5789
2467
83
-8732
-4362
1012
7935
-9915
7306
793
8298
8076
322
-88
9577
5809
-2401
9252
7413
-8450
5813
-7329
4362
-1296
-4205
-6929
-1013
5839
7992
9610
-6661
-6440
-5889
2785
132
2222
2938
7395
-8755
4187
-5446
5828
6297
5618
1300
9623
257
4871
2924
4450
-6007
8567
-7663
-6307
8712
6078
-4363
-125
-9374
-1607
3123
8061
-2033
2286
-2802
4474
7209
-106
-7755
-7177
2523
-130
-4033
-1673
5977
-3185
9720
-6314
-8052
-1592
-1274
-2893
4661
-2684
6488
9876
3228
6539
7002
7762
9595
6021
8702
-3804
2369
7095
8403
-4144
3018
1182
2711
2937
7838
4792
7355
-8245
2414
-2370
9043
2668
378
8055
1607
4930
-1559
-9879
9944
-1317
-3251
-217
1915
-6942
-7022
8356
1107
5518
3399
2854
4616
2961
-8401
-3464
2944
-7275
-3791
-5469
756
-1938
8389
8737
233
-5603
4761
4950
-8636
-4310
1919
-4139
9807
3184
1911
-7308
-7214
-3730
9773
9163
-8226
3949
-9443
6994
2440
7315
-6718
1132
-22
-9601
9266
989
901
-9598
9028
-3856
2899
-4895
-2759
8964
-7254
9134
-4263
-2404
-5040
-3273
4620
-2635
8224
-9266
8314
-2996
-3885
-2620
9533
-3389
-5758
9639
-6292
-3170
-385
-8757
6109
-7856
-750
89
2397
5871
-4937
7752
-6731
-5764
-2359
-8552
7362
-3532
1770
-7431
-8522
6800
-7143
-8022
-2555
2242
-8206
-3335
-5412
6435
-3596
-1031
8112
7942
4900
-6452
549
3467
-8649
1601
-7909
-7671
7486
-5753
7307
2898
-7370
-6948
7781
-9214
8375
9669
2065
4410
3971
-6354
2683
-1915
-67
-1606
-9121
8438
-2406
-7569
-7146
491
6763
-9426
-9228
-4233
3105
-4504
-2199
-1310
-2136
-4843
-998
-2311
-2188
-8838
5522
-4770
-7238
-4410
-7494
9103
-9497
-1891
7419
579
8177
-4354
-9262
-7319
-7415
-5932
2553
-5281
-6725
-7363
-6374
-1533
8671
-765
3154
-4038
-3936
-6987
5231
-397
1947
8943
-1426
578
-904
-1546
-7258
811
847
8560
-1586
5764
-9003
5685
5827
3545
2514
-8221
-216
-100
8477
-1073
4711
-3001
9110
6630
1998
2407
-2475
2225
7000
-1779
-6422
5246
7794
2046
-1483
3495
3024
-4707
8420
-2956
3367
-9997
9006
-4560
-4928
-5607
-6428
4873
-3486
4180
5511
-9247
4048
-1470
4080
-7008
-5398
1273
5942
-3293
-6945
491
5300
1273
2095
-814
5564
-9867
7090
-8101
-6587
-1890
9621
1235
-8257
5350
-289
-1384
1905
143
67
4012
1313
9504
3895
1284
-6898
7466
8805
5723
4058
6851
-921
-6871
-2025
3898
-4722
-3885
8565
4363
5523
-7779
-373
-1904
9315
-9321
-3071
1856
2826
-921
-7308
1295
-3166
-4652
7625
1489
248
-4488
8434
9531
2121
-5680
2377
-3264
9829
-5173
-3874
-6947
-7724
-9825
-4593
-4698
-5874
3708
-5509
2974
2757
-6482
4792
3099
-6478
239
2279
6817
7748
8032
-6324
-4968
5607
7631
3318
-3284
2838
2167
3316
-85
-515
8698
-5457
-3333
9548
7717
-4606
1441
-7953
-8881
-2300
-963
-5201
-3820
-6975
-8741
7248
9572
9559
3789
-751
-4755
-8287
5324
-1595
-3622
3500
-9644
-6614
-7064
7171
-5564
-6020
-1823
-3118
8716
8031
-8077
-4954
4976
-2172
-501
-5323
6264
-6270
2180
-980
1690
7098
1272
-2129
51
346
8756
9187
-3619
8018
-3245
4660
-8481
8052
7258
-7199
-7175
577
9146
-3425
5444
2444
-1294
7907
-920
-3878
1608
-76
-4971
5194
1832
-3274
6298
5756
5239
-7663
6785
1702
-6111
2115
2161
8882
7381
8239
4151
290
-1009
7954
4905
5405
8283
37
6070
5983
4033
7867
-7996
-1737
5494
1214
-2416
-9479
-1127
9030
2617
6072
4276
9170
-7152
3295
-5156
-3457
9742
-5060
6935
9830
-2512
3844
-5913
-1702
224
510
-381
5959
1733
-7583
-1355
-6532
-7919
-874
-295
6620
-9688
4157
2005
9083
-2866
1516
8781
-1886
-1774
7646
-1218
-7955
4073
3479
6838
2602
9295
-9118
7373
-4497
-1281
8941
1369
205
684
271
524
4771
201
3570
-1787
2732
4415
-8971
-2990
-6162
-8717
2877
9947
-1784
-8188
9637
492
5979
3012
6166
-4173
4236
-4582
4202
151
807
-1147
9977
494
-1569
5196
-1581
6424
-6868
5237
-771
8585
-552
3595
7224
-6721
9796
-9403
5680
6024
-916
-2025
2233
-7658
9706
-3180
4498
3704
9815
4063
-6399
1238
297
-9717
-4357
-9001
-3329
5410
-8662
-4573
-2178
3776
-7903
-7261
9751
-8285
-4898
6436
-7465
8206
8636
-8450
-5853
792
-1676
8446
2933
6474
7036
501
9331
6241
-7685
1417
-8198
6383
4761
4406
-3210
-5466
-2035
-4382
8641
-8487
4297
9521
524
-3082
2714
6033
-968
4656
-6454
-3550
-3086
4399
-7710
5644
-4204
-6443
5031
-8532
-5676
7928
2600
-5218
-1187
468
2836
-8871
-1868
-1333
6180
9576
2063
-6049
-7165
1256
7699
-9651
2830
-3589
2348
-6101
-2772
7467
6935
9186
-3049
-5666
9658
-9815
-4970
2718
-5192
1305
-4873
3323
9974
3474
-1854
5012
2078
1013
7799
-8644
-4810
5563
-9348
-2966
-3106
4793
-3660
-4511
9146
359
-4976
6734
6943
-7896
-6983
-4959
-4013
1124
-8992
-6639
-2133
-8875
-7683
8825
2449
-5900
-4518
-3466
5609
2194
-8889
5265
4368
-2687
-7894
4152
-3364
3683
-5227
7271
-6735
-4334
-100
1131
2640
-7162
7356
5171
-7355
-9988
-965
-6448
-8144
-5499
6709
1175
-2401
-7359
8353
5089
-5195
3353
2100
-5280
-7269
-2142
230
9422
9167
3604
8650
4587
6902
9239
3228
-993
-9650
1191
-2527
797
-4134
6150
-6969
8924
-4244
3596
7250
-1070
-8148
-5616
6225
2884
6036
2090
706
-1065
5830
-3526
5962
9479
-227
7163
3779
4325
1196
6797
2182
-1941
-3998
-9859
293
-6621
4353
7764
315
-7516
-2382
-6103
684
7136
-3676
-180
6049
-6242
9640
-2234
-2917
5473
4081
9008
-533
5023
8549
2991
-3131
1964
-9009
-2320
3442
-1002
-4710
8741
2576
-2148
-3197
-6378
748
-7395
-3973
-317
9896
213
535
-9920
9494
-8561
-2694
-1079
8466
-2644
3875
-5699
3474
3038
4977
-6762
-6590
-3502
-2017
-252
-8195
9923
6812
5079
-3385
-5151
5897
-800
-6244
6945
7979
5507
5055
-8282
-2271
-1133
-6537
-1670
4626
9156
7958
6026
-1837
-2882
-6551
-8442
5665
-9193
-5990
1027
-8716
2840
6091
-9576
-5564
5700
-2724
3208
-4290
-8718
-7884
-2883
8411
-324
-9699
6966
2982
-4795
-2111
-8556
4207
2266
-6764
2094
-4829
-4488
-9628
-9113
-893
-9056
6603
8687
-3772
9245
6372
6329
-3570
1994
-6519
-9593
-4371
-8132
-2496
-5695
5938
5202
5902
9307
-8287
5428
-1567
-6932
5381
-9331
-2028
-4031
-8209
6367
8106
-701
-2976
-6917
-2267
6072
6905
-1745
-4630
-487
9771
-5690
2803
8157
9763
-2777
-8818
5475
-3887
2813
-6549
-5204
-5955
-5580
3179
-59
6313
3466
-8027
-1249
1955
7964
-52
-6803
-8169
5618
-1408
1221
-4549
-3652
-1853
5078
-3411
2074
6627
5063
-5884
-1725
-1455
2397
-5648
8716
-7153
3120
-1372
-2653
3365
7385
-5346
-7655
6933
3536
3041
-620
-775
-5503
6339
1974
7701
202
5154
-4606
-9819
3542
-7304
-9307
9736
1798
-8330
8379
6975
-3097
2321
-9250
-3724
6197
6979
9922
9471
183
-5565
8131
-7312
165
2247
1571
-4651
-1528
4557
-5931
1146
-6915
9010
270
9059
5511
363
4390
-7345
9351
2985
9103
-9552
-9263
-7587
8650
513
-9177
4149
5015
-6967
-692
-5052
-8356
8595
-4737
4063
2097
-2115
-373
-8853
-3600
-2989
3352
-7925
4778
4817
5264
-3951
-312
-2553
-5421
2516
-4924
-8158
5639
3558
-3576
-3011
2792
171
-2589
902
3171
1248
-8351
-5169
9167
3395
465
2630
-9727
-5598
-4769
-6860
-8441
9671
-2570
-4237
4914
9189
1873
9163
-8879
-5346
-1528
-5830
-7545
-3669
-2285
-2257
5459
4989
4141
6983
-2809
4244
5406
8837
7223
9417
1180
7181
5301
-1415
-1255
9019
3551
8048
3715
9576
713
8762
7266
-2924
5496
-9333
-5910
-6207
-1951
8815
-623
7548
5268
-9392
3194
-6831
9134
-1462
3275
-6390
-226
667
338
-4223
2180
7092
3530
-5292
6364
7715
7200
-7497
-8752
-6094
-36
-4743
7063
-4368
2984
9486
-5429
4642
-5040
-1377
-2984
-848
3914
-7627
-5142
-4735
-7601
-672
-5455
-2039
9727
-8306
-1341
-455
6595
9073
7409
-138
-3109
-812
6267
-9350
4732
8200
-5746
7842
3072
-938
8626
-4761
-8020
-5361
-3605
-4421
9368
9104
-6599
-5928
-6399
4398
-2296
6430
7533
5029
5729
-5005
-7743
-4345
8844
7290
-7609
-4375
-3284
2411
2554
229
-3039
-6684
2073
-1311
463
1828
-1748
-8753
-8061
-1012
-8977
-3801
2761
8535
-838
-2039
6501
-902
5642
-881
5122
-5711
-7485
3644
5511
-3658
1085
4948
-2597
-9713
8036
-8342
-757
-9117
928
5145
3046
-798
1854
-7938
-6864
8614
-4048
-658
1837
1522
-5201
-3978
-3479
-1509
-4855
-236
-1617
-6501
2166
5971
-1521
-2349
-2649
6071
-2651
-9338
5364
-7624
-4688
887
840
8927
8669
8742
1162
4254
-6052
-5388
537
-8694
1003
3894
-1216
6610
-4613
-1155
8135
-1473
5921
2735
1601
-669
9921
5539
5930
8988
6717
-33
341
-6847
1531
-5336
-2333
-4726
-5674
9209
-1066
4833
4378
5289
-8236
8773
-4811
6539
6009
5830
6456
-812
5437
2027
-6630
-6195
396
-1396
-4667
-3323
-4113
-6104
6375
387
-9916
-2957
7945
-66
7004
-3687
5360
-4398
4052
6629
5899
-710
-1643
9190
-3453
1547
-2886
4004
-4889
-4395
-5419
102
-7461
1822
7392
3074
4106
5698
3805
-2923
-8138
-5588
2970
-1500
-5755
-4051
-7444
-7564
-6681
9947
-7863
4484
-1119
5325
-2649
-1629
-5167
6402
-7102
2614
-9717
-614
-8778
-9629
9503
9286
-3222
6200
-5471
8270
-6818
-4764
-8549
4178
2076
1095
-3352
-6051
5286
2232
-8020
-5365
2970
-4113
-160
9836
-3869
-312
3510
-5170
-1518
-8628
4311
-2072
-7295
-6120
8997
-5506
-3666
9384
-2439
7249
1313
-3653
-4603
4579
8640
1237
-2995
3574
4754
-4493
-3261
-9909
-8697
182
-5173
-6482
8895
-5202
7716
-6468
-7019
4552
289
2681
-9494
4106
-9930
7722
-1317
5777
8126
2782
-5880
5018
7872
5126
3067
-9493
8364
-3329
-6787
-2250
-9805
-6752
8822
4759
-2275
-9318
1203
7095
-9688
3692
-8793
-5821
-598
-2949
664
3647
-1754
2894
834
-8698
-6282
-6905
-7032
6213
3150
-8307
5751
1987
-4569
9214
-3836
1323
7396
-2899
-3504
-7393
-7594
-6762
8131
8365
1051
-580
8112
-7442
5
3470
-5138
5921
-5304
9081
9109
6596
1519
3834
-9520
-7840
5773
7524
-9826
8681
5220
-2261
1426
1458
2285
-4830
5952
4850
3417
330
-5944
6910
-2955
-8617
-1173
-9648
3833
7854
-9649
-8358
818
4774
4091
1565
-7280
-9451
-5743
-2065
-4038
4201
5930
5321
-6744
9392
-5961
5593
-9472
7427
-6666
531
1260
1718
185
-8908
-8509
5050
-9885
9978
-8904
5217
8591
4548
5070
5272
-7989
-722
-3556
8560
-99
6379
2130
-9547
8178
-9504
2529
1938
8416
-9483
6337
-9847
-9075
1160
-7632
-9756
-229
-7035
9592
-5867
-3944
5493
-818
7165
4646
-8458
-6607
3876
5193
3991
9492
-7985
7174
-3639
3445
3613
-1357
-7657
-2784
6390
3725
-4652
7997
-8373
1107
5482
-1140
-7812
1238
8578
3386
-1077
1900
8941
9954
-7284
-4405
9138
-8213
-6347
105
-8602
393
3341
-6072
1883
8945
8789
-5004
2267
-672
-11
-4023
5526
4520
-6408
-5302
-1259
8023
-4240
5823
5461
-9792
-9511
7476
-3663
8018
3275
4582
-8969
2781
3793
-32
-5548
4454
8322
-3918
-911
-5412
857
4042
4299
-3483
-54
1011
5544
1906
7921
-9549
2391
2376
5841
6013
4508
387
1287
1312
-4655
-365
6496
-8886
-5824
-9624
7134
-6646
2470
-5998
2553
3059
-8908
-6144
-7031
-2382
9014
8121
-5884
-9628
-1936
-6706
-3657
-6337
5732
1064
231
3602
-9483
1246
-1539
464
-2222
3144
-3249
9593
2992
-2413
6947
1646
4918
1506
-9785
-1894
1010
9613
2662
-128
-8907
3841
-2136
35
-4465
4699
9333
7647
-9341
1815
-5242
-8791
2311
3352
-8902
135
-8465
-4043
-4129
1997
3613
5483
-9348
5554
-7311
9771
-8888
37
-1800
-8813
-1048
8456
-6300
7134
6625
-7118
-1981
-7599
-3799
-729
-2103
4605
-2738
2229
2179
1965
-6687
-6956
-9439
-8303
-268
3843
2413
3827
-2614
72
-8725
-1294
7645
1327
9115
-7788
6681
-3314
-5827
-7793
-6180
-4342
-6276
-8298
2473
409
-2838
-4761
-9249
-716
-2483
-3064
-4026
-226
-6852
1988
-3386
-6937
-4942
-7974
3600
-5758
-1820
-472
-2759
2377
8556
8902
-2728
6159
3358
-2740
9942
-2424
0
6484
8947
-8878
-3607
4520
-8548
479
243
9888
1546
-9846
232
233
-8307
-9448
-8082
7700
-3641
9850
9088
6721
24
-5606
3007
-9842
-2027
-5309
1791
6031
1104
-7864
4207
4392
7261
-9588
1629
1134
3819
1338
9251
3839
6310
-5514
-1559
-8115
6888
6720
-7291
-5649
9797
8136
6604
-9000
-4841
3189
-6728
8732
-8111
2144
5137
-2424
9062
-7832
-2215
-4280
-4905
1041
5511
3652
-8906
-5953
-6361
6330
3973
8346
5851
6937
-8517
-1414
5185
8204
-6867
-8210
4989
8484
-5641
-6384
4148
8307
-9027
-5827
-1857
5350
664
7908
9687
-5076
-3827
2284
-4503
925
-3175
5675
7176
8264
-5992
8155
-3178
5114
-294
8636
-7436
3755
-4262
5709
-5456
3787
-294
6774
-2228
3536
-4223
-656
-6397
-5344
-1672
9123
2726
-6400
6123
-3438
-6834
1603
5500
-7536
-5513
3529
1632
2081
3934
7620
1624
3965
3678
3777
5329
-9586
-661
9337
8630
2545
-776
9372
8918
3154
4315
-365
1796
-7994
-4168
-8938
-1375
-9190
-3143
2206
5714
-6886
-7697
-3181
-2197
8858
-9083
-6606
-3935
-4188
2791
1587
-7341
3325
7459
2781
-2425
-2198
9698
6609
1688
4301
5867
-1627
6781
-8948
-7687
7478
-4882
-1898
-4894
4231
710
-4878
-2485
3875
-2955
8622
-7852
-8101
-6160
-7609
8565
5034
-5623
-2864
-4302
7763
8769
-726
-5612
8936
-1326
-1434
7603
-9747
2211
-4310
-4884
-2289
-1299
7390
9475
333
-5460
1826
-3811
2554
-1880
-2051
-4899
-6261
2970
4337
4933
-2324
2400
-5351
5531
4141
7908
-2932
8921
6048
4203
-9671
6805
-9950
-3554
-3893
5610
-9750
-6326
-6557
-8589
1569
-5500
-176
2051
8674
-9938
-6033
-8366
-5213
-2409
-6723
9033
7474
-3462
1442
-7454
-6341
-5491
6993
2070
-6902
6793
-302
1907
-9037
-5973
3137
6702
-5351
6114
-2453
-840
9197
3133
5373
7380
-4891
7566
7425
-9444
9734
2636
-7581
8837
-7644
-250
-9940
-2864
5140
4273
-2459
3260
9557
-9351
5411
3266
-1391
3252
7113
4442
1276
6784
79
-3239
3838
2049
-2710
-6373
578
4967
-8148
7495
3725
-2950
349
6474
-6885
104
-8320
-3525
9377
-8815
6589
-6474
-5300
9862
5977
-9789
1629
-1901
-1756
-9472
-8779
6735
-8895
-2606
-7694
-9038
8548
4919
-3439
886
7649
-6722
-2847
7967
8267
5369
-3370
-8526
-1277
7799
-7455
8219
-6825
-6423
-648
-9466
7978
2973
-693
1369
-9452
-5746
7281
-1339
-9132
652
-8530
-5547
3887
-4649
-7045
-1827
-4806
-8417
-4631
-8469
5128
-4439
375
6727
-6101
-6147
-980
8572
1306
-1279
6582
-1953
-2287
-3327
-4834
-9606
9330
-6221
4520
1583
-2374
2082
418
-5090
-6627
-9958
93
5750
8256
7818
5430
598
-7390
9518
-1970
-5804
-8003
-5955
789
4791
-9533
-8097
715
-1840
-3653
-5257
-2462
-7413
8644
-19
-7370
-1711
8541
-2088
1834
4104
-5985
2885
284
8629
7643
8671
4136
-3050
3526
6519
1493
-1178
-1214
-6917
-4362
-3934
4945
435
-7470
7264
4191
-4682
1558
-2275
8269
-1930
9126
5155
4723
-7331
9728
2268
3465
-7414
5460
-4843
2317
6895
3860
4310
-5316
-1896
3446
-2163
-2117
5102
1926
-872
3732
-5642
-8984
3080
6938
4249
-2092
-1885
-3988
6694
6971
-689
-6578
2241
-4014
-6206
1018
-8337
6513
-6473
3655
6620
5760
9459
6923
-3073
173
3340
4207
8773
9457
-8049
8796
2916
4341
8969
6516
-4937
460
6828
-182
5894
-1433
-231
-9387
-6347
-4356
6281
-3541
-8983
9707
-3201
4426
-4241
5137
-3919
1130
-2318
-9094
5266
8855
-5573
9917
5491
-5159
-7522
7871
4105
-4804
4572
1951
-946
-7020
-1999
-4129
198
-790
-9328
8064
-9523
9425
2926
-9066
3747
6066
5540
-131
7679
1579
7239
-7034
-302
-4388
-8023
567
8447
7403
-843
-7111
-4038
-3573
9642
4390
-4731
263
-9587
2925
6851
6181
-2824
5242
-2724
-7338
-1249
-7456
-5889
7137
5324
-5426
5773
9626
7596
-2212
1541
5054
5298
-929
-5304
-6390
-5236
-7195
122
4560
4100
8121
-2406
-9859
-2534
-381
-4163
-826
-5459
4007
-2023
-6960
-3909
8959
4838
9794
6307
-7769
5042
7925
-6694
5099
8655
-1486
7811
7706
-7906
1525
8798
-1291
-708
-9456
-6146
6405
-5023
6625
-7233
2133
-3936
2931
-5937
-7304
-4030
5931
7748
-9002
-7190
-6527
6224
1707
8123
7379
-1713
-4998
-1835
-9923
-1237
7461
-5052
-669
-8167
2220
9945
-2610
-6370
4826
-5137
9628
5684
1798
-2602
-638
-7128
8713
5302
-6104
1851
2021
-1530
47
5753
-6830
3235
-4229
605
8427
7122
5342
5391
-4734
-3320
-449
-6386
-1480
3963
-6036
4098
4485
-1089
6913
6621
-1939
2829
-493
-8942
9143
-929
-6086
-9085
-2062
-4393
852
1998
5624
-2343
-3980
-3827
-4235
-161
9602
-8663
-1887
6581
-2065
-1941
-7731
-950
4927
5477
6098
-3299
-6724
265
-1869
-9262
4690
-680
2741
6559
1634
-435
-5910
-7472
-3999
2761
-7401
5564
853
2442
-5565
2192
-1817
-5097
-8307
6288
-4144
-4970
5866
3729
3838
490
-7723
6195
134
4505
2899
-5465
-6743
-7956
-961
7348
2488
-6168
493
-2044
-2502
9176
-9912
3518
3801
244
10
3207
-2893
-7742
-8750
-4364
4642
4850
9224
1862
1765
-4708
-483
-156
1154
7386
-9780
4432
5882
-3715
2104
6197
-1364
-7604
-1336
-7016
7556
7642
-662
-8038
8876
-4749
6802
5209
355
3828
-3343
-7524
-8139
6916
6147
-250
8396
1381
-9442
7534
-1886
3837
-8239
9875
8714
-375
-4347
3582
2243
6432
1232
2225
-4239
-3522
5166
7092
2793
-5028
-1357
-2818
9480
-1057
-3530
393
7779
948
8178
-7736
2806
5367
-7565
-2252
5009
-3533
4661
-8064
-8952
1209
-5284
5797
9073
3657
9571
-4653
2664
4865
7374
-1368
-2462
8243
1535
598
-682
-1619
-87
-5114
8419
6288
-7974
-3553
9205
-3278
4994
-4672
9607
1981
5306
-4291
6304
-7031
5065
8040
9909
-1532
2684
-2923
-994
-9606
7710
-5757
-2543
1907
-7845
-5862
4516
-587
-2994
738
5974
6927
7550
-8358
-9382
3495
8719
-9810
8482
-1082
3001
337
-6558
362
5740
-2892
-2369
-3640
-2266
519
8132
3313
-9668
7868
4819
-4187
9464
9145
7383
-2170
-2694
2879
-2899
-2214
-7934
-9106
-1940
6867
5709
8696
-7163
3134
7177
-3533
-1227
1710
8099
366
-8030
-5567
3944
-9524
6194
6700
-4098
5282
9314
-6006
6444
-8441
-9353
-5634
7660
-466
4157
5467
-1361
-4982
-6314
-9402
4624
-5811
-1132
-2469
-974
-6985
8323
1221
3061
9327
4676
-9522
-9047
-1337
-4
5307
8646
8968
-2244
-6707
747
9391
-483
3838
9106
-1611
-4950
7990
-285
-955
-6020
-5582
6058
-7994
2816
5733
-2445
-3002
7785
-1501
83
2203
-8451
1396
-8580
5274
7370
5470
-5653
-5631
64
1132
-1287
-9031
-2534
-1576
-7204
-9317
-1922
-1571
-6471
-9146
-1854
4325
888
-3445
-3711
2406
3164
1153
-2547
1947
-5050
-459
2553
-7649
8976
9030
-8382
-881
1465
8266
8211
-776
-7387
2724
-2040
9669
4710
-5520
-3165
8863
9797
-402
9720
9271
-9918
-9607
-1875
-5408
-9980
9565
5057
5944
8285
-2119
-4099
7074
-7038
-3332
7287
-2266
-1980
3538
9328
-4160
4615
72
5605
-9917
6843
9299
1114
3435
-4987
2430
-5952
3558
-7087
5369
7571
-6817
1175
9134
7870
6213
-413
-454
-5902
7403
-5056
2503
-1611
5038
1295
1802
-4512
-8896
3196
-1555
-4544
2772
1797
7914
8359
3
-9440
8384
7660
244
4191
-2263
-9865
-3973
4734
-6262
8918
-6001
2794
-8625
2999
5315
-456
-1519
5366
-7816
-3485
3801
-6973
-5307
8508
-4046
-944
-7654
-7613
-1829
-4467
-3288
1268
2950
4543
1050
-6146
3124
3875
-903
-9254
-1541
-3934
-8822
4308
6716
5645
6683
4752
2849
-5468
7998
6442
1532
2596
692
6712
-3611
6549
9778
5918
3552
6780
1425
7262
-5402
-9987
-5415
7929
-5438
-617
-3500
-1724
-8710
-2689
-1851
2494
-7344
4607
-2779
2707
7270
3095
-6695
5362
-178
-843
-6599
526
7008
642
3072
9749
-5570
-9117
9726
2929
-8556
7961
-437
1861
3085
2646
-2711
1590
9660
1909
-4751
165
-1299
6051
-5562
2736
-6555
-1561
3190
-5351
4724
5712
-8820
-8466
-285
-4725
-5772
-8184
-9824
57
4840
-6217
-8379
4082
-6047
5586
6604
-6977
8157
9715
7573
6446
1159
2825
3888
-7541
3193
-5142
-6064
-7116
-5355
8598
-9659
-1120
6118
2658
-5271
-5238
8229
-1286
-8340
-8678
9170
5036
-44
6784
-904
3748
6939
9928
8948
-7039
-8776
9186
7097
4048
5869
-5730
2785
-7176
109
964
-4672
6007
-6507
-7293
9022
-3085
-6548
8879
-4650
931
4349
-1324
-3948
4572
-4997
7498
6894
9135
-1015
-3416
-1369
1907
7821
-7625
389
759
-9071
9866
5004
-5451
-7377
-8621
412
5055
-2657
-9714
363
-6333
5242
4091
-7628
8585
-2459
-2656
9981
5493
213
4938
8368
-6515
2505
8496
4759
8242
8832
-3919
9242
9849
2591
-3937
5552
3590
-9461
-5007
-9667
1180
161
8102
-9699
-7559
6475
-1825
1389
-121
-7008
-7366
1499
-6108
-6855
3098
-9275
-4495
1528
-4628
-8505
8528
2992
1480
5767
-5244
388
-9934
4489
6194
5000
-7911
-6018
-4116
9466
-8208
3525
9691
3938
6930
7158
-8661
7532
6554
5109
-9421
6006
-2874
2792
675
2300
-1266
3086
7142
3874
-6075
-8353
7174
8503
-7249
-9854
9636
-2037
5359
-7631
-3579
-2010
3971
-7296
8664
-4579
-80
-6243
-2511
6730
84
7916
-1487
8866
-897
-9354
2949
-7115
-441
-6631
8574
2465
9004
-7666
-8487
-7101
-9452
7320
-5592
7635
2040
5931
9134
-7757
-9481
-2797
7502
-7577
-66
-9141
2200
-3483
2542
-2412
516
3898
-7737
8361
2150
7821
-8476
-6732
-3726
5071
5474
-2583
-8132
6205
8150
6789
7305
1186
2614
6130
-5130
-5028
9508
4229
5931
1765
9442
7749
-4116
1681
5325
-6500
-5462
-973
9967
5930
-4965
9721
-3683
2832
6716
-2186
-6619
3603
-546
9928
2146
4046
678
-9057
-1682
-6625
-667
-6069
-6355
3962
-523
1764
-8961
5212
-6963
-5148
5912
8137
2025
-299
5028
494
1528
6439
3031
-2902
1577
-4717
-7147
5595
-9387
9040
7567
1554
6949
-6848
3388
-1748
2242
7698
2072
2294
-7991
5954
2934
3725
2417
-9725
5098
5200
-1271
9367
6326
3680
-2631
1513
3290
-8979
-6487
4706
-540
5544
-8987
-4650
-7545
9886
-1904
1958
6961
4198
1247
4843
-624
-7732
6413
595
-298
4776
8738
9019
-8736
1549
-1175
-7684
-2847
-3629
9053
-5893
-2310
-7431
2138
-108
-9982
-6664
-8203
6325
-5417
4137
-2255
2721
-2563
-1224
2436
-2519
-8875
-7499
-3292
3969
3124
5830
-8321
-5257
2941
-2338
-7181
8485
1034
9207
467
640
8643
3912
-834
6529
4169
-5820
-5646
-4813
-1879
6794
1985
-2497
9842
1184
-3529
2465
-3404
8357
-6090
6248
2658
2903
1360
5892
-2086
-384
-1296
7808
-6540
-9942
-171
3565
5043
-5066
-822
7137
228
2132
2650
2468
183
-5804
5651
-8201
-6519
-1631
8734
-5035
-734
-5841
7155
-9083
7732
7417
-1717
-2871
-4067
8158
9551
-8354
-8111
1695
6423
1121
248
6976
136
7926
-4454
-2645
3683
5076
9221
-4903
-6053
2755
-570
-6707
-7551
-4431
5024
8277
435
-2261
3611
2985
7897
-8098
9622
-8465
8022
669
8057
-1731
-1028
6235
-1526
-8374
-9010
-176
-8144
-6868
-7835
2964
1472
4176
-5051
8249
3223
-4703
-3002
9257
-451
5577
1841
-3144
2794
-1969
-2435
-3804
-2746
-5105
5264
8819
-6804
-5615
-7775
2034
-4515
6526
9089
3505
3066
913
1441
6993
5175
-346
7356
1747
-5122
-9068
-5824
-5139
5555
-8718
-2098
4644
-4546
7397
5090
5841
-1056
-3015
6028
-1994
4492
-7322
3364
-5810
5340
-3332
7727
-3180
9482
4111
370
-2203
-7617
3711
-9843
4529
805
3938
-1753
-3841
3992
-2797
-1783
-1797
9487
-9301
-8396
1712
2193
-2723
-4411
4757
-9740
-9633
-1562
-3511
-3890
7519
7394
-1291
-2334
-3991
2171
-3753
-5908
3094
-9522
822
8865
4603
3752
1540
-8167
-6412
-1835
-6566
-842
-8818
4758
5485
-896
-4208
760
9455
5838
8545
8434
-9467
-91
76
4593
-7622
2813
7287
2192
6406
-871
-2933
5817
9293
6750
3224
1107
7375
1902
-6974
1888
-5154
-5154
-6589
-5768
-3645
695
-1011
-1514
5200
-193
-7809
-4318
3973
-3740
5338
3054
9756
-5176
6900
1266
-1098
-938
6922
3835
4538
8106
-1168
3950
-2677
-6603
-8539
-5237
-2415
-6371
1150
4031
6436
-409
-1418
8367
-2708
606
8769
577
4551
23
-48
-3246
9769
-6858
-8746
6403
8060
-1127
6421
-3341
-6257
-9860
-1892
-7451
-6691
-5133
-5896
6005
-258
-565
5714
-8197
-5015
2178
6348
-3961
3752
6658
-1350
2190
-1915
7465
-7480
-73
-5836
-9802
-6716
-1685
4497
2864
356
5126
8053
-3774
5482
-2314
-5159
7198
-8800
7221
-4943
-1135
-8037
-466
4346
564
2126
7736
7456
7089
7491
-4942
4909
6646
4850
5150
-4208
7633
-7602
-2823
5037
-1697
3238
1930
7969
-6107
-4232
159
-9320
-8861
3420
-1958
2891
4590
4517
2185
8264
4590
-6291
2982
-5029
-4805
-5696
3907
89
1291
2594
-455
-6090
-9803
9955
6503
-9938
-4767
-2415
-2257
-7911
8638
-7191
-71
-4574
7118
-6311
6272
-1929
-579
1054
5408
4827
4847
5559
-885
2044
8058
-462
-8503
5662
-8014
-2271
-7333
-1784
-5654
1418
6221
-7582
-1333
-5435
7453
2183
-2136
-5675
-6084
747
8469
2527
-9630
375
5658
-1225
-4774
7360
2322
-3231
-7964
42
-1973
-2606
-5780
9023
-2213
229
-4055
-1471
-4016
-3881
-3650
5963
5022
9916
-9271
8565
3438
-9256
-5606
3398
5134
2030
7967
5896
-6420
-8707
921
-4336
8050
-6963
-1540
7312
-6338
1846
-6540
121
573
1287
-5970
3820
-8047
129
-6413
7138
5767
-5580
-1154
2988
378
-5438
-9031
8606
-4502
-8091
-2299
2961
-6678
-2124
-1737
-9439
8566
-2284
301
-1720
4358
7407
-1648
-2852
-4553
7956
-2990
5753
-902
7313
-478
-5928
-5817
5650
187
3369
2172
5816
-7607
-308
3538
-2566
1261
-1891
-5692
1075
9357
5376
3605
7345
-337
-9806
-6658
-2140
-6074
2394
-5598
-8428
4200
974
-7264
-1627
8106
6255
5816
8778
4986
-2787
-8620
-3583
-5521
4889
4763
-4272
5515
-841
514
8814
696
-2431
8021
5041
-7527
2709
-3357
-4656
9622
3986
3105
-1268
4882
-291
-5279
4783
-7469
-2000
-4474
7318
680
-2476
3736
-1406
-5450
-1954
-6037
-3869
4509
-2682
2560
2065
6935
6936
2385
2191
-3089
6624
-5599
457
8552
-6305
-9058
4621
-3243
-8113
-4485
-9811
-1501
6756
9095
8385
8642
6823
-1831
3275
727
1039
-9439
9941
5301
-3409
-3887
-9890
-4772
436
166
-1691
-2778
-3006
4191
-3652
-3736
-9062
-7711
-7518
-2377
8423
9890
-4671
755
-1425
-682
-6814
1070
2521
-6899
5446
9434
-4774
-4653
-2962
-8941
-8642
1934
5061
-5938
-1838
-4854
-1908
-7195
-4917
8046
3157
5979
9442
-3804
-7726
-634
-8951
9336
-8604
6828
-2259
-3398
2824
3901
199
-8574
5521
9756
-8512
2624
-7022
3271
-2247
7336
5848
-489
-7610
626
-940
-2659
6781
-7782
-2241
5098
-8379
-2962
9798
8859
6278
6608
-6602
7114
-4691
3142
8254
8633
8278
-5191
-4159
-5463
4606
7155
831
810
-103
-9214
-5191
-7713
8731
5041
6420
-2529
8516
-2439
395
-3654
-7011
9376
-7877
7908
5947
-3616
-6
7906
1570
-3649
-306
3882
-8291
-2879
-7549
8592
2230
-5730
4186
-351
3398
6419
8276
3175
4016
-4077
-1123
4803
2820
-7266
-8437
8820
2920
7857
8034
9176
8640
9145
-3393
-5535
-6769
-739
3237
7222
9606
3112
-250
-5331
-9121
-2238
-3913
5914
-1986
8434
5124
-7164
-1407
-2546
-4232
-4653
-3887
2619
2533
8719
-3219
-6125
-7416
7706
3846
-8716
-4994
7413
2690
9128
9693
7021
8306
-2422
4480
1051
9750
3720
-6218
9867
-1203
-9575
-7537
-3651
-1525
9090
6701
-7023
-1133
-1190
-1719
-6348
3600
-2745
9832
597
5302
-4204
-7517
-3346
799
-1959
5773
4196
1379
2843
8380
-5176
9457
-9936
-6204
-6853
9232
9872
5941
-7676
6794
-5181
-5316
-8449
1443
-4592
-4371
1504
9010
-1366
4696
-5898
-9928
7731
8065
-3276
-6213
1590
-4636
-328
273
9691
3820
5380
-7541
5217
-4457
2182
-2049
-8884
-1171
8302
-5600
7556
7955
292
-3802
-5269
2953
-3350
-7735
-125
-4341
-7127
-5010
-3815
-6414
-8139
9141
-7131
1646
9791
3524
-7255
-5940
-7121
-6460
-4469
-1084
-1379
7191
-8189
-6560
-9987
-2914
6743
-121
-937
6661
9599
-8008
-1469
-7760
-7850
6423
-4903
-1873
-6118
-6973
2360
-9933
6741
-1434
-3311
3492
-8586
-8719
1449
2895
9742
5484
5579
7877
-5276
4520
-9017
2510
6865
720
-8259
4480
-5356
9155
-111
6727
8163
-2995
-8001
-5711
7292
-3203
-893
7654
-7446
-4876
4527
3162
-4995
-4888
9128
1413
-6398
797
-4705
-9783
-4459
-2650
-2313
-717
6475
8664
-3075
-5813
-7145
-4995
-6164
4662
-9724
-8629
-6183
-1831
-6648
2700
-138
6562
4686
-4523
-559
4370
-6139
-7554
1525
-8718
6559
3595
-6694
7676
-2350
5746
-3398
-7729
3352
-4361
3054
8129
8263
548
4235
-6874
1294
4583
922
-1555
-6472
6768
-728
484
-8892
1210
-1452
7943
7321
5736
6138
-8068
-2770
-3070
-7491
-2004
-480
8819
-6308
-6117
7036
5255
-2393
-6957
-9328
-4
-2630
-9122
8983
-4469
6572
9254
-4366
-8317
2155
-3712
-6547
-2650
1717
4181
-5333
-971
-7476
-4222
7617
-6115
-3557
6166
-665
-6804
-8219
8588
6766
333
-7198
2554
-5004
8132
-6820
6433
4431
-4680
5039
-2756
2924
-8606
-5760
7084
8420
-7036
-2927
-665
-2608
5402
-4312
-7501
-6370
1401
5669
-549
1108
799
-1019
-6396
4614
-2163
-6809
-5818
-1609
-7229
4479
-9243
8920
-949
-5651
699
6190
9956
-3564
4070
-2086
7007
-3297
5556
9681
7030
-8188
-3065
-8178
-501
9106
635
611
-6880
1587
2788
-6991
9862
4206
-5170
-2428
-157
-392
-6037
5060
-5082
3987
-3457
8978
-1863
6463
-3205
-9666
1870
4606
-3479
3725
9940
8173
9946
8551
6351
9083
-1969
-1791
7469
2244
8835
6815
-6819
-1860
4948
-6706
-952
6521
6263
-2679
-7773
8805
5000
6366
-3959
9128
6959
-1932
-2592
-9406
2951
4001
5816
-3065
-4329
681
2970
-6644
9181
-2298
-1094
7246
-7790
-2183
4125
-7953
-6182
8929
755
-9468
-2126
-4512
3019
7590
-3208
9153
-6462
-8603
-1341
-9402
7714
-1300
2915
-6327
7921
8937
-3910
-3643
1551
5984
8994
-4973
-2513
6440
1190
-6345
6568
4502
-8329
-4723
-829
513
-3990
670
-5976
5792
-4856
5978
121
-4391
-8025
-9539
-4654
-6330
4464
775
296
8448
8171
-1461
488
1144
-3644
8040
7472
1182
-5744
8544
-7551
-5651
6433
-9681
7598
1094
-3575
-3009
221
3406
-60
8902
-1968
2786
8311
-2951
1445
-1049
-4114
3980
-2681
-5038
9368
9361
-7263
-3904
4364
-8763
-9379
-3354
6990
-4369
206
-2282
6832
3939
-1117
1206
9753
-3244
-9736
7803
-8491
507
-7139
-538
3329
7685
5637
9395
8988
-8214
-5812
2781
-795
5773
-888
5129
-5379
1089
-9726
-2516
-8693
-5768
-3131
-2400
4875
6518
9240
-1228
-2822
-3135
74
2829
-4700
-5311
8309
7588
9246
-9681
3833
3413
9081
-466
-9223
9299
4828
-6895
-3531
4729
-5691
3252
-4243
-2021
-9672
453
7370
-4019
-1332
-4861
-2904
-4773
5683
-269
-4798
2133
-7385
-5975
-3450
-2494
5817
6393
-2407
-5619
-6870
-5628
-9834
-1070
-8722
-1913
-1441
-9523
-2571
-5899
-1151
-5467
-2625
6625
-7785
-5046
8178
-2655
-7877
-3984
-7431
-259
-6310
321
-523
-1840
-362
-4063
616
7018
-9365
4331
-7118
-1486
2880
-692
-47
-2413
4434
9745
-4905
8481
-7744
-6592
-5245
4151
-4448
6254
6710
494
-4009
-7665
-14
5979
-6401
-8075
5060
7995
9923
4088
-7929
3441
-602
-8682
5430
-5566
2120
9519
8541
8159
-5244
2831
-3828
-9592
-3691
4122
5948
-463
7820
431
7825
2433
-5993
5620
8758
3774
5504
3789
4802
1464
4061
-4639
271
-9039
5008
2387
-750
4677
-4795
2387
6472
-8806
-7936
3566
6885
7897
-7915
467
-813
-6586
3430
3569
-2655
2790
-5363
3121
-5274
8455
-3230
3826
-3110
-1988
48
-4580
-1152
-8191
9743
-7425
-3440
7568
-8743
299
-3838
-7875
-6068
8647
-9875
4283
4824
1536
1692
8030
7585
-6367
-3773
-1216
4222
-8797
2681
-3180
-5858
9874
865
7294
-138
1216
-4649
8212
-592
-7923
-5799
-5341
-8927
-200
6330
9790
1799
9473
-6249
8112
1824
749
4849
9853
-7250
-2723
-9552
8167
719
5114
3862
3065
6155
3146
-3348
-9438
-8876
-9324
-8430
4125
-7665
-6368
-931
-2516
3078
-6858
678
-9044
3682
2581
7745
-1818
7922
-6000
7056
8471
8979
2734
-5083
5823
3266
6743
2318
5665
7670
6803
-679
-8069
-4130
-546
5202
568
5346
-8558
8555
-2773
7715
-8202
-5292
1423
9420
450
-4399
-7427
-8486
-7958
1376
-7676
7507
-6094
311
5222
-2603
1944
-8354
5016
9446
6649
362
7750
6439
-2912
-1031
-8911
1330
7697
7623
4410
-8109
8709
-5176
-7900
8973
2637
962
172
-8963
967
-9971
152
-5071
7961
-467
2942
4188
6468
2763
-989
-5249
7849
1077
8105
-9928
-7802
5171
304
-9503
-9672
2255
8432
1475
9868
-2363
9999
-3424
-5796
-6107
-7001
4577
-8489
-1885
-5161
-2603
9606
3287
8459
-4808
-2757
-3427
53
-6746
9142
1943
-3919
9277
3938
-5067
-5008
-2874
-9801
3485
5369
-7069
3950
9036
-1175
5438
6691
-9382
6914
1817
7371
4384
9281
3655
-2241
5464
718
3214
1035
8210
-784
5412
-8656
3856
559
-3818
9664
239
5668
-7829
2181
-5783
-2194
-90
-9831
2956
598
-7182
9658
-7312
-4253
4716
-5333
-9593
3960
6690
-4149
-6590
4912
9850
-2173
-4701
4064
3867
449
5763
6517
-2326
-6054
-9733
3498
5256
7615
-6206
9501
-4922
-9025
4670
-5885
-2250
5423
4351
6220
5142
-5730
2551
-703
-8105
-8491
8695
9123
8981
-9343
-4461
-8853
8756
592
-4437
4622
9080
4985
-3513
-6054
9582
9326
-9328
-6952
-3003
-5521
7609
1246
-4823
-1296
3147
-1680
9795
-6088
8957
251
5669
7933
-3483
4248
5732
8981
639
-1758
8489
5602
-3084
2909
-4877
5639
7820
9856
9144
9099
1633
-2021
-1346
4742
-6995
7587
875
2343
3396
-4242
-8066
9871
-3147
-6815
1228
8894
-8456
8823
-9566
9181
-7769
-4040
525
1412
-6855
-9814
-6379
-3946
-7112
-8163
3372
-3548
409
-3782
-3444
-6158
-462
-3946
-6693
2080
3915
8748
-3372
5428
-7533
-3134
2295
-7797
3479
5702
-9869
-8763
-7493
9925
6764
2271
-6747
-3335
647
-8463
-9809
-3896
-5201
4498
-5358
-4469
9985
-415
3245
8048
267
7525
-4825
-8094
-234
-8788
-6999
5170
506
1470
-9507
-7621
-3564
3552
-3694
4332
8367
-4367
-3296
-1750
4742
-7421
-1054
3149
-3019
647
9956
4924
-2867
7125
5472
-2010
7615
-6731
-1667
-7115
8857
8025
4102
-9836
-9411
7607
-2732
239
4701
3738
-4292
-9957
-2191
-175
-5852
6935
1633
1503
-8462
-3862
8027
4708
-696
9934
34
-5590
6261
-6640
5327
5902
6544
-5814
4237
-752
-6304
-6834
-6487
1750
4421
-4194
-260
7802
4237
5022
6200
-39
9424
2708
-7705
-5925
9741
7039
5703
1014
7659
8474
-1899
5390
-2522
-3594
5272
1404
6385
5249
8615
7974
4835
5867
-3274
-3738
-4808
-4352
6844
-3487
4452
-1713
-9957
2017
-1333
-6604
1649
1129
-2649
-8073
659
1692
-2460
732
-8157
134
-3420
-9113
2194
1378
-896
1059
-364
5661
1782
2001
9273
-5116
-4611
-4732
2969
9531
-2074
-5860
-8485
-3124
-9927
-747
6979
-2813
6143
-1724
6279
-8345
-53
-8364
5161
454
-9466
3810
8096
8776
3903
3475
7834
1283
4619
-3112
6340
3157
8125
4038
2359
-1797
7350
-2522
7027
-5026
8637
-6738
2789
-5750
9653
167
3839
7756
9080
-251
-4245
-5690
-4325
-9059
4881
8724
3161
-5167
-2454
81
1634
1447
5023
-4935
-2129
-5337
1512
8161
734
3742
5912
-1776
-4349
-3869
-3134
-7249
6238
210
-172
-6831
8676
-6256
-7065
-4580
-4541
-3744
4659
-7085
1917
-2275
2170
8362
-4640
6597
-5474
9439
7208
-3284
2936
-9416
-4195
-4659
7947
2121
-1750
7088
2082
9447
-2897
-850
2133
1873
9763
-3422
4431
4973
1878
1618
9649
-8805
5358
-1790
-7155
7033
1240
725
589
-2658
3937
6364
1934
-670
3391
-5337
4989
-1269
4556
-3301
6792
2474
3673
5958
9541
1633
-656
-463
1076
4773
9915
4120
6152
-9622
5997
4987
-1998
2252
-2554
3870
4865
7782
1039
8712
-5890
-2612
7934
6363
-3346
-489
4811
5755
-3386
7120
8480
2834
-7677
-1506
-5008
4815
-9625
2429
8678
4334
-3625
-8603
3129
-624
-8209
7177
8811
-8532
-327
1144
76
7241
862
-1765
-107
-69
-8959
388
-90
8257
4930
-7323
7526
-9125
-5132
8377
7646
2829
8891
-4617
-3223
1903
5825
-5478
1884
-1311
674
7423
3803
-1673
-7070
3027
8969
3833
-546
6975
8365
9321
-8216
-2972
402
-7599
-1813
-8902
7673
-7661
-8407
-6463
4631
-7887
-2425
-8026
1456
6761
2465
4740
5383
8102
-711
3704
-3029
1861
6807
-1593
9028
7931
-8816
-3929
3812
-4335
6919
-8800
8611
-3091
-8487
1111
6036
5909
7313
8393
-8993
-872
-6231
-5311
8533
-7711
5271
7169
-5427
-1051
-8834
1120
-2700
-9708
-1762
-8828
2608
7593
5082
-7587
-9247
-6002
1297
4265
-1838
9771
214
-2804
9980
5877
-1177
-5386
-5864
2647
7416
-4792
4228
-8088
1585
-6894
9488
-2504
-8433
-8558
4069
5558
-7187
5820
1613
5767
8483
6706
-8839
-1797
-4808
-2379
-796
3377
-6103
3003
-2834
4922
-5002
4868
1219
1894
7379
542
1754
6525
-4398
2208
-5642
2503
-3974
-2801
450
-754
8445
-2576
3367
2610
8596
-2405
7101
-6331
-85
-8462
-7611
7884
-6714
5374
9690
-1253
-6540
8878
-6328
-3630
-8395
5475
-259
826
-4212
7864
7150
5905
-9776
6069
1068
3641
-7093
4812
6270
3099
2045
-8305
3819
-17
591
-6567
-9020
-532
5659
-7761
3444
-3395
-6469
8136
260
-9369
-8846
607
-8448
8244
8254
-4128
3386
-1147
8222
-619
-7571
-4264
1575
-5443
-2492
-8980
-4241
-4765
8388
-4157
5567
1479
-6427
-8147
183
6683
9293
1453
-6524
-4405
4220
-3826
4830
-4906
-3692
6004
-6887
7540
-8262
4428
2425
1306
-8978
-9207
-1300
6814
-2455
-3570
583
837
8147
6358
-899
-5561
4135
-2255
-429
-2708
-4824
-6397
8404
797
-1418
-1177
-9299
1808
2653
2267
-9754
500
-4453
-1027
-1722
7801
9578
-7599
6974
-53
-2041
7551
-256
-4129
-4096
-3672
9977
8094
3362
9288
-4952
8098
4406
7471
3429
-5337
9963
-8606
5779
-4467
-9888
-3667
-384
-6423
-1946
-9990
-773
-8095
7972
-59
5510
7475
3355
9369
-5224
8531
-3375
2915
-1668
-4032
-2788
8374
1869
-284
-7063
8068
-3984
7766
-3674
-60
1925
3929
-2105
-7736
-9338
-6163
-234
-5520
-4351
-9173
9953
-3012
-9046
739
6399
8049
-8726
4992
-124
6282
-872
-3301
5108
1360
5758
3756
4608
689
5624
4573
-6017
4328
-5365
-7874
437
-10
2375
-5738
-8671
9369
2603
-9712
7522
3187
304
9036
-7933
-5214
-2194
4996
7173
6857
3951
2866
7913
-8137
1365
7604
-6841
9469
-6918
-724
-4802
-3851
5143
-4912
-2286
-6138
-2212
-3866
6177
1716
5351
-7375
-9596
8803
5996
3213
-8394
7479
-5992
-9964
-590
-9110
3406
7158
-8770
4870
11
-1086
1538
-6812
-1795
-6052
-9944
-8406
5671
958
1609
-6677
9059
-5102
2660
-533
-232
7542
-6997
9135
-279
-7173
-7144
5352
-3892
-7274
3594
-153
-7462
-4259
2679
4289
9760
-1832
1431
-718
5150
-785
-1808
-3616
2505
-9109
-9189
6568
2072
-7730
-8910
-7672
-7146
9287
8672
8217
9632
9210
-5152
-1707
9856
-5821
9873
4869
4293
-8051
8473
74
-3717
-2147
684
9881
-7800
-5469
1608
718
-7427
-3632
-3042
6741
1424
-7581
4286
4806
8112
-5310
-9880
-2892
9151
-6005
2929
-5762
5880
-6849
-1232
-7929
4340
8557
3034
2428
3490
-5078
-1479
-9108
8911
2072
-2337
-2981
9507
1242
-4497
-5887
9864
732
-7824
7258
5246
6073
-557
6622
-5008
-1745
-7271
-1468
-7977
-1196
821
2796
4725
-8790
4972
-6375
8633
4418
-4384
1825
5484
7534
3439
6697
-9666
9897
4203
3100
9862
7744
4197
-7718
710
6353
9218
9175
2046
5669
4299
-2860
-2456
7607
-6749
-3617
-7774
4882
3495
9740
1229
-540
-220
3786
-5944
4781
4580
9593
8061
6080
-9556
-8600
1267
-8362
57
3842
-8990
2798
-5159
1429
7483
2095
3832
5911
4617
-3024
5518
-4265
-9081
255
-7539
-1230
2935
5640
-4740
-9093
5329
-2156
7987
3299
225
3144
-3130
1912
2034
-3233
-7051
9895
573
-7661
5863
-3838
854
-8377
-5919
2851
-26
-993
2021
7330
865
899
-716
-6078
-3168
-4591
-9232
1414
6538
-3121
1431
8959
7712
-2661
1355
-9048
-9907
-61
5508
7921
4032
4503
-2353
3486
-716
-6556
8234
-7051
1502
8445
-2172
2003
-2348
1362
-256
-5588
2400
1365
-5289
-1227
5895
-7677
-2200
-8857
5470
5729
-9485
-3189
-8915
5098
3314
7084
-6271
-2094
-667
-7202
8447
-6950
-7974
-853
-9421
-4591
-8419
2000
5784
-1063
-5373
-7997
1388
8486
3283
-9580
-2647
-9221
-9588
-6347
2565
8983
6790
2521
-4461
8528
-1264
-7698
8555
8639
4425
4253
3079
-3778
-3745
-5952
-2929
9975
57
-8299
120
-3591
1249
-8889
-3325
-49
3641
-3342
5042
-1842
-9347
-3764
-7727
2017
5528
1511
-2139
-6686
6668
-2933
-7823
1503
-8888
-358
8719
1977
4655
-6239
4501
-8742
-7316
-1164
2883
7960
-6616
6463
-788
1172
1135
9879
8685
499
-4736
-9105
-1830
-1502
7737
