9925
-2435
-6993
5751
7608
-9645
7611
-1045
5649
8063
3165
-8824
2550
-3451
-7474
6558
-3420
8991
9983
-645
298
2041
-3723
5656
-2041
-7522
5930
-545
-7622
3114
-1384
4218
6067
-5562
-2168
-9607
5597
5743
2280
4101
577
-8370
2627
3535
9959
936
-9674
2530
-2504
2316
-5052
1815
3327
-516
3077
-9150
6266
4552
-6123
3996
-6774
-334
4073
-4783
1195
-5304
3497
4918
5068
2722
6019
2394
-9362
-1573
9943
6802
1262
-5111
9309
-4777
-4526
-1735
-9443
9384
3499
9491
-4255
9001
5267
-1886
-900
7969
5290
9604
3505
-4994
4406
-7738
9172
-2803
-5541
3577
-1992
2724
-2760
9895
-4459
7815
-6060
-1334
-5622
-2288
1903
7509
-4094
3267
-1321
6565
9161
3674
-3043
-7916
-2884
-3861
3374
6494
9065
-4955
9418
6078
-1058
8292
1926
-9414
4844
9126
6562
3629
4229
1109
753
-65
-7304
870
6722
-4299
7011
-125
-9095
-1961
5783
6692
-2504
-7206
9153
-2559
1886
9670
6430
-315
1643
-2278
2379
-1975
-4843
7978
3129
5112
1739
2316
7887
-1089
-6384
-4721
-395
8655
3221
8823
5313
3999
-22
8668
5404
8027
-4402
-6946
-4091
4279
6534
2360
4106
-2073
-2376
-3344
-1973
-8269
1913
-1601
-4844
-7234
1003
-6672
7648
-7810
6262
8263
5359
-5092
-1607
4275
4263
770
6210
-2913
-2371
1705
5087
-2501
1051
148
312
3311
6697
565
-3714
6628
8823
-452
-1835
-6780
7626
5700
1778
6417
5148
6964
-9302
9232
4750
6228
5387
472
-7340
6988
3429
-70
4795
2309
-2190
-1618
-3139
-4038
-1626
-4067
-3402
191
8468
8408
-4094
-3204
-3670
-5124
5829
5619
-2887
-9021
5147
-2143
4949
-3220
5103
7946
-3650
4000
-1413
4438
-6834
-7399
9698
7505
-7913
-9670
3666
-815
-4922
-6802
80
3694
3439
-8692
9198
-1618
7345
-4330
7777
-1987
-7530
-9220
8836
-1187
-4815
9485
-1300
7980
-889
7069
-2095
7822
-7103
-8505
-5952
-6453
-6210
-2079
-1551
-6995
-7996
5201
5126
-5635
7704
9338
9293
7113
-8336
3202
7189
8827
-1138
1230
4386
1108
-9911
-5087
-5980
9291
4019
-1064
9443
-888
7147
3761
9990
-7108
7993
-5999
-277
3118
2902
-4483
9531
643
7017
1524
-466
-2605
-7393
-4270
-7808
8704
62
-7133
691
2659
-1609
-4376
3252
8359
-5872
-1824
-2839
-1374
7975
-4201
9597
-4392
6111
847
275
4719
-8794
1000
-5841
3443
3632
-6299
2172
4660
-8463
-5276
-176
1824
6004
-6491
9884
-2682
305
4712
2351
-6872
-6573
-532
2177
6547
7464
-6706
-2608
5355
7953
-3848
425
7833
-3469
1259
1302
-9632
5539
-2472
2813
-6195
-6077
1824
6492
9223
3519
-8817
-2615
-9390
2876
9871
5507
6222
-5180
-2360
5848
7489
9041
8974
-7432
9292
-5513
8436
-7680
5699
5187
1137
-3126
-1144
4934
7950
3316
9090
-2583
1459
8663
-1488
-328
-3221
-296
5355
-9777
-9288
1701
-1185
-928
-6781
-9399
-6760
-9236
2288
6656
5693
-4115
1368
-4569
-1116
-9527
6339
7428
-1567
-333
-9396
-4232
6690
-6481
-8044
8924
5069
-8425
-195
-6901
2682
-590
9742
-7073
3841
5681
-1591
4010
-5240
-1229
586
-168
9654
3359
5845
9620
-2218
-630
6784
-2349
-9742
-8627
-5217
8301
9302
9413
-9824
-2245
8324
-4173
9624
-6927
7071
7442
-2593
-6740
9743
-1204
8721
9925
968
1332
-9499
3699
6552
-9159
-3616
9055
2550
4034
-922
-4621
-5577
-7451
5403
-4492
-999
-5965
1729
-8224
3082
7089
8716
4897
3547
-2298
-969
1345
-9179
-5174
2372
5892
-1884
3144
-3852
-863
-3361
-5411
7266
-8305
-4540
84
-2435
3995
7745
-2388
-1318
2352
-9012
4073
7644
-5139
-1807
1985
6096
-7647
1325
4824
-1963
9900
-3058
7131
-8782
-2984
-5056
3263
-6566
6994
3087
3038
-1570
4313
-6151
7484
7181
-4327
5501
-9689
5076
-9564
-3735
6028
-576
-5006
-9898
-9978
5462
6966
2187
2308
-7502
-6936
-6818
8057
-4182
1827
-7532
1105
-7622
5196
-2057
2978
-2642
-6107
2201
-2371
-9271
-2826
-9542
-6261
539
1086
-4656
-223
9391
-8473
-683
-9821
-6234
6554
-8708
6408
-880
-1096
8174
-4844
-5190
7921
6349
-7919
-617
712
-3393
136
9221
-5564
-3183
5023
-1001
1891
-2329
-2013
-6362
9140
-3411
4528
-5938
-6299
-950
-1591
2562
6774
-7896
1121
-3480
-9461
-6700
-505
-4619
9174
778
-9714
-6315
-9748
8291
-8334
-4189
3634
8050
-5604
-8618
-8865
8268
-8731
-6376
3482
2157
-2259
-3405
-2185
8236
4208
2756
-7552
7549
8639
-3340
-6736
3469
3762
-440
5458
-9369
112
-7258
-9746
-3213
-6517
-697
-1108
-1813
-7166
7454
8228
-3007
5551
5576
-7485
-6124
-8844
-6420
7023
2437
9322
-5392
-4643
5393
-9302
565
6798
639
127
9547
-9747
-9797
6380
45
3219
-1620
7466
6184
-8519
2910
-2031
-8234
-7943
8252
5548
-1166
-2810
1175
2715
-3461
-1301
9944
-5342
-1751
-6988
-4548
-2646
-2453
-489
4471
5738
-1837
1296
-1902
2441
-5921
2510
-1948
-8882
5636
5339
-2876
5751
7599
1032
3709
-2124
-9073
-6749
-1281
-4139
-1143
743
-3998
2911
-7917
4209
1898
4336
-4882
5415
9833
-832
2630
3727
163
-3619
-3057
-8523
4851
-477
-6849
1265
4457
724
-8783
6631
-9779
9829
-2631
-3701
-2103
-8168
-1603
-7289
-2461
5913
6880
8392
8710
9253
6164
-6823
7530
-679
6292
-2327
-5857
7275
-1977
8877
-2435
5151
6407
-9998
8726
-7983
8572
-8647
-3253
8004
8199
1323
4246
-4038
-129
-7228
-5661
-8671
-2018
3739
-4544
-7079
-9752
-9238
3859
9228
2335
7829
2450
9604
-4474
4898
8513
3400
7007
8040
3363
-3897
-930
-876
-566
658
-4845
-3514
6127
4680
8633
-9716
-751
-6580
728
209
-4054
-3679
2582
-4086
-9235
-5179
-8879
-2182
2438
1923
7530
869
6716
-7234
-3579
8858
-2275
-6944
7372
5768
-9621
-69
-4590
-8261
8290
-2888
-2437
2442
-2746
-9320
2218
-7527
-3402
-499
5653
3103
2058
-3015
3205
-1852
9235
-1172
-1253
-201
9402
5660
5889
-7728
-6313
-4560
-9307
8323
-3462
6538
9511
7311
-8728
-3230
4936
-5394
-6379
755
1370
4289
1133
6148
783
-780
9807
2667
-4178
-3336
-7025
3208
9311
-5941
-2719
3838
-7363
-4284
8338
3462
-48
114
-7617
276
-7537
1745
-5895
6951
-9418
5836
-8149
-8539
-5940
5911
-2400
711
-2079
6262
7054
6861
3259
-1253
1697
-9834
5811
-5265
2472
-7222
-1193
2167
85
-3521
3690
-4344
-389
6142
-2724
3959
6202
-220
-1789
-9567
4351
-1983
-4427
8356
8311
2025
-4112
6999
3309
-9314
-7971
3357
3551
-115
3481
5505
3636
7248
427
1920
5065
8051
728
-9534
7220
1149
-9730
-1687
-6774
-7551
-3143
-1282
1026
-8549
3296
1210
9525
3522
5929
2947
-1756
-4238
-329
6773
8309
-1325
6250
-8142
1696
5224
4055
-3368
7436
-6302
1270
-1729
-4255
8592
2445
-4118
-3303
6539
6006
-16
-4018
-3089
6923
-6631
1208
3156
-577
560
2731
405
4834
294
5343
-639
-2455
-7123
9717
-7963
-1178
8261
4581
-7513
-2206
-9599
6127
4180
-135
-2113
-1672
4166
-1593
8477
-3399
8078
-5640
-4880
-5058
-9440
-750
8672
8766
-4764
247
-2427
-4635
-3456
5592
-385
2027
518
-7369
-208
1121
-6196
-2211
-6655
-5825
-1339
-2210
-5854
-1201
5419
9118
284
2727
-2687
-4339
-8020
-5650
8519
8382
9446
-99
1259
-2550
4651
6130
9538
450
-8083
-7289
3798
-327
-8470
1106
-2749
-2226
6890
-7454
-4832
4731
-2636
535
2123
-7553
-7650
9424
7838
7707
3500
-3641
2931
-9117
-3321
6104
4633
953
-7147
-8967
-368
-5400
8876
-5570
4596
9359
6839
6522
-1157
4016
-8501
2218
1793
-1580
9276
-3838
9348
-3603
-8774
-3511
-2795
7893
-5153
-7203
4408
-6145
-9362
426
-2255
1111
-1052
9180
-4053
-1394
9627
-977
7033
-7303
-673
105
7036
-9054
2967
-6321
6672
4501
5301
3408
-2977
2770
-416
-9070
-7209
3378
1217
9966
1013
-3365
-9988
7855
-9890
-2786
-5611
8901
7867
-5720
8339
-4624
5235
-6734
5894
8111
-3095
6787
-4061
-271
-7176
736
1620
-2076
3929
-139
-1404
9360
6000
5414
7631
-8221
-5311
7336
-1763
-1834
-5051
3376
-1843
-720
7815
-2185
442
4137
-8447
-7221
-564
-770
6537
-6375
4220
-6364
-4474
2157
3443
-5592
7732
-3924
-3052
-2789
-5364
1609
9674
-6046
7580
2012
3503
-6806
-9006
3039
2545
1744
5879
9419
9333
-4347
-8455
-7574
5242
-9878
-9837
5758
6991
3643
7979
697
-1344
-7361
1233
-2500
-6126
-7067
4337
-4490
6003
5700
4130
3064
594
4218
3849
7329
7042
-6537
-3913
-7027
-3553
5577
6658
518
7326
6922
-6060
-3282
5115
4759
-4116
2789
4208
9279
-2811
-9116
-1849
-668
-6727
3603
6552
1955
-4685
6525
101
-6286
-3148
489
4831
8558
2752
-9598
3594
-9357
2950
2800
-9574
-5765
3706
-9313
5830
-8646
-6959
-5527
-4966
-6593
5982
-2809
4792
1770
-6738
9013
-5076
2190
7760
-4323
728
7901
-9625
1717
2351
-709
2748
9136
8603
6003
-7844
-8531
-7873
976
-3378
-3654
-5779
566
5471
-5519
3705
-8554
-4740
-9558
-905
-2185
-7478
335
7901
5888
-4977
7322
5972
3762
1980
640
-3749
8862
-1490
1908
-7250
8600
2708
6422
6710
-7540
248
-5755
7465
-9156
1570
-9717
-7114
-4896
7934
-7091
-246
794
6884
-134
-9294
-4523
4322
-8121
4081
-7967
-2547
2805
4722
8295
9375
-6428
2521
-6463
-1902
-6951
5078
951
-6816
-8634
4261
630
7068
-2100
-2511
-8953
4623
6746
-1025
-8215
7192
-2856
-2742
4145
2952
-8900
5301
1700
-7871
2146
-3797
2563
-7100
1672
1484
-7575
7978
5113
-1717
-9268
2440
-2991
722
-9260
-1393
-325
4297
7501
6413
-7951
-9627
-4428
-741
-139
3837
5277
9136
-8770
-9092
8484
-1577
6708
1759
61
3787
-9311
6278
2593
3767
-7256
2704
-1185
-2239
-162
6269
-6725
-9312
-6815
-7118
-8673
1719
3730
-9017
9601
-522
6081
6578
7703
-5927
-3076
5872
-8394
1886
-5140
1573
-4974
-2028
-5021
-7642
7820
8707
9189
-2083
2693
6377
-9707
1256
-4957
-4379
1751
8183
2663
6791
-7038
-5700
3426
191
-6056
2641
4108
5584
5084
3952
3403
5847
-7558
3289
4747
-5511
-7285
5686
-8622
4679
-8805
8010
-3379
9649
1310
7817
-5035
5668
9300
974
-9992
6175
3741
3701
-3001
1044
-3934
3126
-1235
-6527
8478
8840
2676
9585
587
-7905
-5088
3046
4243
4232
4329
-82
3760
6842
-9897
-2800
8406
-3404
2246
5687
-335
-3590
-7276
1984
7418
-4852
-9483
5075
6607
-1939
-1549
-3753
6557
9993
-3254
-5289
225
4774
4743
-6239
5061
6532
-8887
-4570
1770
-8068
2221
-8200
-9921
1859
7054
4991
3338
-9376
-5196
1410
8175
4438
1819
5846
401
5852
9888
-8704
4929
-6810
-7269
-2487
-228
-1456
7660
-6302
-2563
7311
-1291
7508
1670
9887
-9075
-8503
5494
-6659
-9078
5947
-1047
3220
-2595
2340
6145
3996
-2419
-4291
-9825
9673
2507
-5421
3334
4399
-4322
5506
9513
1920
9041
7238
9084
-8944
-355
-1302
-6434
-8767
7551
-7956
1717
1712
8853
-1292
-8760
1728
7643
-2760
-8594
-5706
-9690
2328
-3547
4313
4324
-7020
3860
-9235
-3965
-5006
-666
3552
6534
-8292
5873
-3338
471
1849
-8829
8681
4715
4526
5961
-7711
-9741
5516
-9847
-2882
-924
5011
238
8536
-2930
1856
-515
5257
4731
-9361
-3465
-1325
-2158
6182
-6277
2499
1441
-6281
-8092
4408
-8027
7936
1012
6442
2201
-2475
-7189
-3609
-2995
-3779
101
6960
-1962
317
9252
8087
-1414
6299
5529
-4104
7436
9315
-6027
-7791
6128
6757
2119
1578
-9594
-288
-3678
-3367
-9316
-1899
6931
428
1408
-6010
6517
2875
-1914
707
9266
-2908
6332
-8808
-3198
-7441
-2493
-473
6051
-9232
7326
3732
-6245
2768
-7676
1572
8198
-17
-4166
778
9882
-3207
-5210
-1928
7428
-3419
-8565
-3504
-3948
-7083
3141
9703
6152
5803
-5050
-4016
-410
-1119
-9326
4916
-4077
-1973
-9981
-2918
-4894
9634
-9965
2802
5354
2855
2779
-1187
5632
-9734
4080
-2799
-3878
1422
5816
5764
-3275
8489
-9746
7613
-1673
-3511
-4488
3242
579
-5286
6648
-614
7066
-9423
3340
-4213
2322
8441
360
-5694
-8715
6725
-1169
-6957
-3415
-1127
5926
9632
-8109
-2148
5837
-1274
-5692
-363
5595
1116
-4284
5255
7978
-7071
-3559
3233
-972
5935
-5859
9968
-4276
1974
2223
1507
7364
-5871
-9636
5266
8157
3037
2727
1428
6308
9420
9827
971
-2611
-8418
-1328
-2842
1048
-7707
5800
-1121
9283
-5098
384
1478
-260
7372
3571
-4405
7902
-1320
2643
-9722
5341
-5990
4949
-935
-1984
3563
1665
5089
666
-4219
3657
-9270
462
8380
5994
3491
1626
-6242
1948
1372
-1357
-6788
3868
-1430
2852
8121
9552
875
-2104
-6627
7265
-3067
-1598
-3895
8012
6253
5338
-245
-3163
9351
1080
-8812
2545
-8229
-9355
-1695
-7401
5290
-3568
5876
4869
457
-1395
971
2039
7461
8533
-9159
-9524
707
-4745
482
2850
1113
4625
5639
-4893
-8983
-9944
-1266
-363
-5281
-7382
-8729
7265
-3414
-9204
-4248
5965
2479
-1499
6198
-727
-1132
3281
3165
-2254
525
3869
1813
-1614
-2096
84
-8788
-7762
6233
-7052
-1999
-6711
-3728
1319
8214
2011
7730
7216
8377
-4761
-4399
7044
-8591
3505
6657
-9349
-2491
-6624
6185
-8422
8128
8349
2348
-3892
7473
-4311
3447
-7846
2067
63
2817
3859
-1379
8693
-3206
-5691
6604
9869
-9047
-1584
-3374
9984
3100
656
2530
-8620
-207
-8562
5083
9740
-9266
-2202
-3929
-5103
-8580
9979
-7526
8297
-4705
12
8904
-9317
-8352
-1390
-671
-9905
-2327
7899
6644
302
-8370
3740
5174
8481
-7519
-7466
-7728
1961
5877
-474
-8993
234
-6524
-8077
7219
-3611
-410
-4120
-8475
7425
3896
6975
-329
6397
8222
-6041
-7226
-8109
-9572
-4979
4966
414
7665
-7427
4308
-1023
-2103
-1102
7748
8406
5965
-1369
-8481
-1729
5753
-7145
-8083
4199
6217
-6579
-1961
-8797
-4323
770
-8920
-7469
8443
4130
-6047
7797
1016
-3034
-3464
9463
3860
5935
-3917
-3665
-7166
-8780
-2767
-6594
-2806
-492
-4075
516
-2278
-1954
-3538
-9592
6549
-2300
2524
9974
-9422
3607
9982
7915
-5728
2559
-7241
-7336
-146
-483
-5081
-1799
-9466
9008
-3833
-5981
8660
-7768
-1137
5590
6602
2242
-9724
5234
-7602
6894
-991
-4872
9684
-2215
-6726
-2032
9647
-8910
-5579
2225
8066
3832
-1938
798
9370
-9927
2354
4267
1851
-20
-2260
-5566
8566
-2671
759
-7820
-6708
2708
-464
-9504
3266
7157
9591
-1929
7860
-945
3653
-9613
-6369
-7169
7159
3427
2457
8713
6526
3023
2067
6880
-5005
544
-2189
3564
-7013
-3003
7939
-6894
-1958
8037
-8423
2726
2986
1161
-3097
2089
-9250
7017
-9547
4822
2727
1240
-3933
-9685
4646
-3100
4071
7740
-2907
8139
5180
-9775
9001
2350
-7896
7751
-2494
5679
742
5774
-9860
8497
3687
1890
-7353
-96
-1236
9588
1487
-2095
-6821
4089
201
-547
-5158
-3274
-6676
7913
9342
7368
-1543
8567
964
-3726
4432
-7444
-9185
-6427
-8761
9664
-2401
-8696
-2148
-3838
-3475
-1182
-782
5095
-1458
3421
-7826
2824
-3756
6542
7490
-3860
-7018
-643
1743
-8952
9785
4412
-8371
8556
2429
-9094
7382
-8346
7727
6658
4054
7692
-87
2368
6960
6740
-4595
3680
-1347
3446
2193
9615
-9286
2497
-576
-4829
444
-7656
9060
5711
-3830
-9741
9257
372
3213
-8989
4445
3770
2919
-22
8473
8676
-6584
7711
-5575
-2521
8833
-6967
6614
-4911
-4276
-8843
6664
-7914
3303
6339
-7406
2126
9013
-404
-5803
-1872
4511
-673
5730
-9166
1030
9626
-9325
-2006
9040
-4240
-9896
1580
-5764
78
4852
5904
4648
6620
5295
-1809
-9221
7451
-4633
-8433
-4940
-7644
-1104
317
1935
-5470
5437
9901
-6021
4396
4839
-2190
-4202
7003
4245
-3307
2908
2212
6608
7490
6726
-5830
7586
284
-9592
5132
4865
1681
9842
2831
-1280
-9168
-5557
4549
1680
6631
7771
-9699
-1456
-963
5433
-7348
992
2159
-3588
-9402
-4559
7786
9049
7481
-3761
3373
-5913
-842
-8381
-6988
6475
5086
-2589
-8637
-4908
-1140
-6690
-8487
-9591
-8504
-9636
2758
3603
-7815
3222
-4182
-3642
9908
716
-3769
-2453
-4499
187
832
-737
-2017
1457
8587
-8549
-4106
-8097
-6811
8150
5929
3525
-7455
-4483
-5131
5702
7994
-7896
-4416
-8296
1267
3411
8045
5466
4750
6139
-6835
3071
-3395
-7205
-8667
-9033
-2986
-1562
9687
6624
6235
3517
7773
-1317
-4737
-8818
-8420
-1356
4008
-6809
-2858
8445
-3620
-997
-8366
7245
-3447
-6760
4183
-3072
-4813
-9937
7419
-5099
7258
-5111
-600
-405
-5541
4962
4745
-7071
8854
5527
-269
-9297
-2420
-7474
3508
-4226
1277
9884
-4022
721
-7972
-2101
5780
-7205
3451
-7628
8948
-3472
-1529
7748
-4019
9443
-1542
9379
9640
-9914
664
-2268
-5338
-4564
-681
-4146
1269
206
-5169
5419
7515
650
6448
6
8151
-2206
5451
-5746
8165
-2161
-9445
5051
475
-7556
4343
-2003
9474
-1623
7202
6371
6408
8330
9065
4014
5874
9289
-526
-5449
-2118
3495
-8208
5488
3633
9873
595
-2899
-3466
-6555
3926
1438
5004
-5644
4154
5314
-6004
-1669
-2588
6816
3279
6680
4471
-7222
9935
8808
2623
9202
2354
616
7724
-2600
6962
-3988
-8844
4321
-4859
-25
8652
-7711
1064
5920
-5872
-277
3287
-6635
5124
9973
-1266
4509
-6937
-9661
8485
-4876
7289
-4793
4440
9850
3191
-1682
-1631
-6017
985
8017
523
6831
-2412
-7377
6466
-9861
-2718
-9932
-4454
5982
-4905
-6190
9599
4016
5240
281
7990
-5870
1282
-5226
9974
4312
588
5553
-5255
-2566
-187
-2162
-5482
4390
490
9426
3923
4520
-7495
8624
-618
3215
5075
-4894
6580
-7224
1465
2028
-1950
-2584
-9917
5443
-8353
437
-7904
7401
-8547
-5283
-1682
-2207
9070
7383
4158
554
3269
-2847
7534
-4496
9185
-4035
4749
5789
2372
-1890
3348
-5774
-9453
-5168
5935
1975
7630
-6718
1371
3672
-4834
2314
-499
3096
4183
7389
8514
7022
-1067
7987
-4492
9568
-5924
-2450
-4972
9759
-3760
7171
4260
7792
4430
7628
-4249
9364
4904
4242
9523
-5327
-1262
7378
-5099
7220
-2125
-7488
-3586
-7688
830
-7061
949
3530
2936
-2528
4589
2690
-1582
5474
2315
-330
6642
-8086
-821
8613
7032
4883
1586
9022
3285
7924
-3735
2696
8109
-8759
-1800
1776
-8083
-8716
7862
9272
-9369
9039
-9625
-5508
1819
-7802
9618
-1547
-5176
880
-9045
-96
-3644
763
-9520
3188
-8847
2591
9636
-1699
4623
1808
2392
4864
-3582
-9018
-6239
1966
5453
7448
5473
5499
-2216
-4674
-369
1959
7969
9836
6147
-1835
7421
8085
1687
108
1980
9767
-7476
-6781
334
7955
-1794
-7421
855
2564
3370
-2119
773
4980
-8472
8664
-3957
-3831
2364
-2072
5864
-4216
-8116
6603
-4078
-3966
5314
9774
-7698
-8193
-2158
-9482
6374
-9091
5355
7077
9327
-2060
3092
-4254
-9980
4678
9672
-3757
626
353
6012
2047
-5497
5964
3568
-5249
-8329
-7947
7081
-9186
-255
5228
-9123
-5764
-6214
5844
-2011
1864
-8997
7409
-7950
3689
7752
8207
-2551
-5966
3914
-9979
-7368
7179
-8757
4158
-9020
-1022
-7222
-3616
-4069
4840
-9854
-7848
-1577
-4100
1328
-3459
5586
-9728
7039
-6656
-3194
2861
448
8262
-3399
9929
1796
-3569
5328
127
-5758
724
-6962
2252
2250
9453
3403
-7050
-778
-9830
4524
-7541
-5559
4113
3218
-5418
-6485
1925
-9537
-366
-7584
-2929
4321
1189
-1851
5680
3238
9577
-7352
-8653
-82
1490
2972
425
9739
3249
-5157
500
-1797
-1856
9431
5509
-8085
1853
-4273
8338
-9718
-2335
2073
-8910
215
4688
4300
-2952
4639
-6994
-4029
9760
2820
2649
-8916
-1615
-8394
-5510
-329
-5766
-3480
-1183
4902
-3329
-3749
4022
-8199
-5290
-496
-3995
1356
4611
-6257
1594
-1388
-3203
9022
9126
5570
-7468
-2670
-1063
-9320
-1346
5716
2463
-3722
5198
7319
8927
-4180
-6438
7009
-7654
3806
7756
9202
2165
-3310
2757
-1151
-7141
-2563
4445
-4084
-7026
-8835
470
6437
-6390
4328
7854
2721
5070
322
135
9725
-4468
9758
-6320
1616
5606
4958
5822
-9351
-7012
-2474
-2481
-6059
-9219
-4766
8118
-8298
-62
-8547
-7195
677
-9664
2156
-1064
5534
2820
853
2267
-5309
7109
-5062
2747
-8750
4952
5947
6172
-15
-1425
2737
-4291
-8504
9113
-4661
7322
7922
5918
-99
-4952
-4146
2912
9245
-5462
6688
-8996
6948
-9986
-5117
9323
-2572
7464
6648
-2218
8860
-2747
3099
-1186
1061
1052
-9004
2610
-2273
5356
-2896
5888
-1702
5230
2992
8678
6403
-813
3011
-7880
8970
9440
2676
5176
-9288
-3935
3371
-1411
-4131
-8643
-3240
-2706
9732
1342
-5909
156
-3163
8470
2866
2530
-7412
3427
3160
3385
2859
-2415
-1624
-3628
5660
5638
-9730
-8480
-9887
1144
-9832
1524
7206
1966
-6531
-6347
4561
835
7266
-6384
-5654
-254
1582
-3809
5030
4069
1123
-5129
-5399
6546
571
7886
-4778
2975
-4773
6631
3856
-2287
3929
-4652
1076
4064
9515
6891
9730
5656
-5548
-7104
-2898
6199
37
1276
-4073
-8950
3748
2296
-174
-3619
575
-7063
7800
-1600
2954
1732
-3028
1196
697
-5929
-1077
3201
7775
2105
6667
141
-1024
2081
-2269
9957
379
5875
-2988
6054
-153
-4668
-6750
5212
-6374
-2274
1466
-8423
-7281
1503
-5873
-5860
1682
3728
-5803
6255
-3183
-7807
2061
9329
-8681
3131
-9100
7369
5005
-3734
2384
-3901
-2825
4330
-1553
5093
-9735
8568
-2982
-3905
750
6958
-4657
-700
-4813
-127
2837
-3839
8899
-7321
3026
-7294
-7503
-5856
-4111
-9796
-9887
8178
-1527
2479
8436
-3773
-3026
3407
1743
-3668
-1843
3497
-5829
-9446
718
7042
-9137
-4950
4429
-4368
-8650
-8194
-6748
9822
-1480
-4862
6015
-8976
6148
-6044
-1879
-3519
-643
1728
-9208
7281
-5838
701
-5496
-1819
3122
3564
9709
494
3891
-1640
-739
-8233
3708
-3265
1057
-3313
-8907
4316
-2026
1216
6453
4487
-8808
7229
502
-955
-5532
-8592
-3233
-7726
-6626
-291
-3944
-1645
-7924
-637
-890
9849
-8893
7170
3930
-9668
-9374
-4174
-2069
5319
-2691
-5484
1075
-5063
1686
3912
-5319
5511
-3097
-7504
4268
-2273
-3443
-212
8028
3598
5354
-794
2619
2260
-1464
-6053
5352
8328
54
6869
-4542
-7573
-4067
-121
-7509
895
183
-7664
-6857
932
-521
-3568
-4593
-3691
1795
-2883
-9133
6263
-1711
4898
-2149
-276
9705
-6999
-1823
-1249
-4188
-8358
-6875
-4963
9181
5249
4407
-1826
6857
9188
7681
-8746
2478
-777
4780
-3921
9711
-4498
6689
-5306
5481
-5516
-505
2276
1126
6329
1642
9526
1511
6660
4886
-2112
8644
-1124
-8974
3945
965
2268
1969
-7450
-2519
-5082
8324
-7870
-5684
-8470
-5166
-709
-5255
3732
3946
-2866
3222
4820
4027
-8284
-2129
-3534
-355
7608
-5935
-3980
8885
-2774
-1498
89
2151
5629
-7307
-7104
6190
1265
-1583
3491
-8640
2264
-2351
-2597
-5330
2579
3024
-715
8000
4990
24
8930
-7148
-4122
-9826
-4055
6287
-6179
-8950
-1884
-8718
-9289
-8068
-2865
-4032
1648
-3136
5782
4594
3616
-3636
465
-8083
-8759
-8096
-8286
-7317
-8042
4486
2535
-9598
7591
4416
5928
5053
78
8910
7993
9613
-9552
3659
8458
7667
-3928
-7059
1927
8090
-1048
-4451
-3487
-7717
9171
-6846
-6281
-9653
1386
8746
-1435
-4006
-7079
660
44
918
-7889
-7114
-8419
-3715
-6464
6732
516
-9365
818
-159
-3319
-3799
-6775
2230
-1545
6711
-5343
-9282
-6420
4537
8890
-3362
3527
-896
-3395
9692
-7999
-1659
2330
-6926
-6817
-7138
-8444
2216
3862
-6853
-9074
9379
1117
5190
4370
5912
9482
3336
8926
5535
2705
1386
1728
2530
-9626
7434
-7990
-5981
-9768
-3063
548
-2760
-7874
2014
3507
964
6640
3934
-8478
-7466
-4244
-4316
6192
-3040
-6109
1498
-7007
-9077
7208
-6077
1814
-2201
-6837
-5309
3717
-6961
-3364
3298
4613
3633
-8429
351
2420
-4341
-7986
1000
3139
-3782
9856
132
-5472
7001
1179
-388
7125
2085
9873
8836
-4865
8115
7461
1563
-3660
7390
5840
-5041
3286
-222
-4465
9739
797
-2458
495
6318
7725
6720
3310
3912
3321
-9616
-479
6120
516
-1869
-768
-2468
4866
-8847
-8456
3022
-3480
-3031
-4603
8660
-4093
3832
-6367
1518
8248
-6606
4898
-3231
-1385
8059
-4694
3300
-6714
-5961
-5571
-60
6741
70
-1253
3929
4174
-5670
912
5487
-8504
3502
2478
4877
7803
-5059
7799
8950
-376
-2618
1436
1076
8865
8983
4657
6544
2687
2922
-1375
-5663
-7653
-9639
8968
3275
3834
5448
-5595
-2333
9306
-5870
4951
-4453
-8590
-7372
3174
-4654
5803
-2133
4170
-5964
-4097
4063
6065
-2678
7615
8224
-9648
4721
9144
1485
2478
7136
8530
-5501
2495
7413
5188
-609
607
869
6554
-7668
4643
-3863
-2085
-6282
-2826
3926
-8651
-81
4134
-5452
-2565
-8353
-1825
8525
-610
-7488
8618
-2396
-122
-1886
6845
8453
9694
-6840
2719
4728
1088
-7268
-7711
397
4968
-6788
411
8680
2553
-4088
-255
-4418
1171
-7373
5016
8518
5868
-3173
5414
1035
-6157
-8685
3235
-9033
-6073
-9973
-4169
7053
378
-6171
-974
-5206
-1271
-8801
2917
-8150
-492
-2798
-5689
4768
-6819
-9331
8379
569
-8486
4508
491
4204
3568
20
1675
9572
-6755
8344
4069
1346
-7504
3182
-6702
6982
-8288
513
-8973
-3375
-2705
2705
8767
5487
-6334
-9563
3392
5159
-5784
8421
311
-6510
-1141
-146
7613
-3258
-781
427
-3619
-2448
4449
3362
-6753
-8632
4830
-8997
7332
3094
-2060
529
-8387
-5737
9699
546
-396
-2355
-3185
5596
-9337
9029
2857
9204
-2702
4175
4858
-3092
-5327
-7682
-1665
9375
4748
-3557
8653
-8505
700
-1669
8985
2176
5872
2724
-7562
7091
4145
2803
-276
9539
-4869
-8895
7759
2626
5782
-1333
2636
-3074
-1029
-7760
7048
-7141
5798
-2826
-2491
-7996
-5604
478
-3933
-501
-4691
1771
4370
8457
159
-2330
2710
3636
5209
548
-1429
-8688
-5383
-4256
3984
-8387
3258
2050
-4644
4309
4978
-7201
-5616
1969
4083
-5437
-2399
-3762
2677
-3244
1315
4400
8481
5295
-5980
7394
4251
-4478
-6713
-2843
-4825
-3061
-6689
5094
-7579
-8737
-4060
-3953
2340
2766
-9413
-57
-2352
1490
-8011
-5143
-1209
-6731
1113
-4122
7976
-655
3701
-8106
1534
9858
-8533
6032
-1967
3985
4495
3757
6758
-8697
5628
1662
-7820
-7266
2720
3454
-1930
705
-5762
1931
4250
8627
7040
-2669
2233
-897
3619
-8709
9234
-318
7613
-6032
722
-2393
7681
6449
6809
3987
-696
9194
4837
-7666
-441
7047
-3757
-1077
8896
8954
-8926
4328
-6260
3587
-4430
-3370
300
-8274
1324
2628
9105
7038
-690
-3801
2003
9262
9089
5330
-8022
-9750
266
2124
-1960
-6454
-1678
7666
-9261
3356
-9598
3402
2673
-645
-1214
7202
-7535
5607
-2926
-8859
-7383
1865
-403
-4536
-7670
5465
-177
8097
2521
-6841
-8602
2885
-6087
-8633
-7364
-257
-2135
-9012
-6696
4304
-2568
-8118
-7935
-3398
-1831
2200
3730
9333
7223
-3329
-6253
274
-7589
-1107
6317
-329
1133
6102
1470
2186
7969
3222
6338
3862
4548
-4511
1816
4794
345
-7735
-5270
3125
-8191
6746
-6214
9198
2811
-723
-8373
-2557
-7706
-1295
-828
706
-9619
8862
-7104
9264
1506
2684
4950
-7621
-5853
-2936
7844
-555
4462
-6180
-8249
3171
6092
4323
-5876
-4128
-4623
-5803
228
-77
-1912
-8496
5119
9556
5300
-2205
-8744
6336
-5709
4558
2684
-2950
4866
4441
-2944
8843
8915
2548
-3660
-9035
3254
5076
-2550
783
4719
6686
8392
241
6986
4550
8316
-8874
2957
-5637
2879
4833
212
-746
-8116
6923
-6585
-6622
6632
3825
-8610
1609
1896
7729
-4906
-3780
-2708
-9858
8930
2028
1178
3377
6983
507
-5327
-7539
-1120
-3739
599
7958
-8520
-8862
-6234
5495
3229
8108
-2809
5345
-1803
2134
4333
-6328
-7330
2770
-8394
-2404
-1439
8541
-4981
7844
9369
-7354
-2772
-1593
8639
3589
-2236
8485
2239
6098
7989
-2644
746
9710
3648
-5499
-926
-5748
-7760
4223
-6403
4613
1091
3623
-4245
-1565
-7443
-5519
6261
-2419
-7034
9712
-8936
-1441
8611
3589
9758
-3289
842
-4438
4580
7716
-724
4874
8656
7491
698
1074
-5574
-6154
520
-8222
-8555
-8417
6049
-6016
4120
-855
3925
-1490
9189
-2440
-5638
7563
5121
3215
-8723
2861
-7156
8516
2041
7636
1239
-7151
-314
-7483
-5216
9459
4917
-7149
6711
-2825
1224
2544
2759
-1346
4848
-2225
-2210
-2082
-984
6540
-6524
6669
7079
411
4418
-5336
2054
-7971
7277
-5966
-4313
9373
4734
-9258
6184
-878
9729
-495
-5654
3995
6040
-1147
-4143
173
-7927
7693
8282
-9789
7033
7470
-7607
9997
-1801
-6504
-8118
-786
-40
5331
-4983
-7461
2031
-9093
-8953
8371
-4249
9541
-3139
-310
-5347
-741
-5356
-5173
6580
-7107
5864
-1021
6880
2436
1622
9825
-6991
-5176
-4417
-4580
-8298
-486
5297
8515
-6293
-5180
6117
-8313
3964
-3189
-5382
2281
-9238
6020
7950
-4517
2772
7489
-5828
3145
1533
-4898
-5309
3536
2629
7820
4449
-1847
-9235
5449
-7602
1657
218
-1069
-525
-2425
8264
-5720
7636
-6841
-3108
-509
-3143
544
797
-6910
-9469
-2745
-4437
-7291
-4711
4281
7972
3654
-685
-8782
-2835
329
7438
2077
7274
5106
-7851
7712
4104
518
-5232
-109
4177
9913
-2516
-2320
2259
-2091
5463
-7683
4459
8866
-652
4414
3831
-9494
-9069
5994
-4264
5624
-6789
2173
3110
-2277
-7878
-9895
-9101
8459
-5576
-8804
1182
-8421
6671
8531
-8069
-9172
-5774
2704
-6096
-5563
-5720
3521
5626
1563
9482
-3252
-4264
-2988
-1905
1873
4811
-8593
2091
-1880
-9806
-5187
-3450
-3867
-6139
-6185
6775
693
1217
342
-5007
6963
7562
-9062
-1979
5403
1309
-3570
-4629
5659
-2443
9106
2082
1108
2849
7763
2115
3072
6242
1274
-2142
-9950
7317
-6697
8206
2264
-1784
-3526
-9846
-3438
870
1323
7876
-9989
1374
5281
9509
-8164
288
9500
-860
-1161
-1382
8122
-209
6263
7857
-2372
3846
6328
-313
-1968
5343
-9476
-6291
-2676
7381
-4126
-3895
-311
2494
5217
4712
2818
8948
-7760
8007
8270
-1549
4514
-1217
-7903
2749
2139
8071
-7795
3562
-1777
-5983
2624
-7646
-9075
9681
5354
-5911
6154
2769
-1355
-4018
2857
-2558
-5906
2429
-7123
-212
4264
5837
-9145
-6367
-3184
1874
-8509
4159
3130
84
-7330
-7524
-4533
-4440
5655
5838
-7562
-8035
-488
-7639
4284
-2941
6678
9849
4275
-5464
8357
-3184
-2911
371
-1969
-111
1725
4893
4207
2255
-8244
-9623
-6491
6430
1140
347
6571
-5078
-37
-8847
-4221
-2359
8229
-1729
5823
8957
-5345
9155
629
785
-4249
7807
5784
-5096
-5169
2529
3126
8792
202
-2924
-5848
6701
-7549
-8917
2935
9765
-6756
-4474
9511
618
-8155
-6512
6364
4343
-4004
-4972
-8866
4753
1956
1379
-912
-6668
-7972
-9018
1459
-7325
2983
-5185
-4653
-3484
-2645
5733
-619
-516
3161
6671
-8059
-7898
7085
5372
-8051
-889
-2338
-943
-3237
8440
302
-7808
-7569
-4309
6139
-5705
-1978
3059
-4925
7493
-1178
-2234
-893
2810
-6179
-8064
-4024
5916
8101
-4114
2149
9306
-3113
8329
6695
-5312
4661
8305
-6560
8728
-9640
-4867
261
-7403
9141
3087
-302
-3989
-9146
8483
9952
4041
4279
9981
6229
-3375
-9049
6031
636
9005
1134
4778
-5913
-3467
6671
-3328
-5114
3687
465
-8726
-5299
-1096
3221
-8659
3050
7001
9455
-4001
-6921
2667
8527
8045
-5251
-3964
-2494
3083
7635
-4691
4499
-3302
5202
-2506
-106
4854
8464
-6713
344
1255
7447
6918
-8617
6563
535
3098
7150
-1055
6067
-7697
3505
8842
-387
-7688
-1583
-8927
3098
-7101
-5124
-4558
-5006
3108
-6750
-4587
-6103
998
-3597
-4613
2962
2477
2779
-4340
62
-6412
-3803
9714
5212
510
-4509
4084
8682
9711
1697
8537
-9689
-4651
6814
2489
8610
-9945
3334
-9808
-5073
6668
-8502
2953
9315
1499
237
-6758
5543
6774
-5068
315
7717
5538
227
4860
6713
4783
-5764
5142
-3032
-6453
-9530
1274
494
-1956
-2650
7376
2938
-5519
-1253
2470
2601
7946
-4726
4374
4469
9905
-5781
-3962
-7580
-8874
-2075
2901
733
-113
-1568
-801
6763
4765
-8781
-4302
9228
-6950
2932
-3060
-8031
-2270
316
4841
5340
-3436
1234
5334
-2747
-3274
8831
587
-5842
5405
-6468
8059
9355
5012
-5291
6492
-6917
-4786
-2207
-8280
-3070
8221
-1743
-503
-3260
-8127
-4398
-4023
-3634
-8722
-453
8347
-1910
-3774
-1354
-2673
65
-9978
911
-3264
7262
4326
-7701
-5582
-9212
-4838
864
7910
2973
3868
-2514
5502
402
4960
9482
685
-9160
9232
-941
-9030
-2661
3361
-3376
-8053
-9482
-7446
-2184
-2223
162
6870
-8552
6280
-2713
5266
-9967
-9573
-217
-6506
-4523
6873
8390
-8105
5519
-4823
-1178
-2248
3529
7112
3933
5563
-8264
-7259
-5401
919
301
301
-9567
7456
-5207
6651
2925
-8586
7311
2094
-6034
-1236
-4965
-2975
7428
3797
-683
5919
3247
-7002
4595
6011
5505
-5902
-5382
-145
1563
2093
2979
417
-7228
-6169
3077
-9276
-9277
-6352
7921
-54
-1929
3050
-6701
7566
-9576
-2652
-4092
-67
6627
-5192
-6879
-5314
8240
5027
2854
8775
2839
-9579
8733
4424
-5836
9701
-3591
-3690
4628
-1637
4198
-4309
2128
5019
8664
2128
-5690
-4646
-4872
-6223
1913
4135
4978
-3364
-1135
-6020
5419
9660
-6140
714
-9372
8719
-1713
-2438
6870
-6244
-6341
-7499
-3298
8303
2462
7594
7001
-6393
-3448
-9283
-7861
9334
5006
-3672
-3521
-7401
9618
-5464
-748
2422
-3727
4441
-329
5573
-2337
-3392
9385
-8811
9922
-9365
-7373
-7878
3294
-8907
4590
8535
-4169
7625
3985
3111
612
-4942
-38
-6618
6000
-8886
-65
6587
-9311
-3752
-1581
-5400
-9250
321
-7903
-9480
8996
2551
2668
9720
-8671
-2410
6856
-368
9625
4711
-7759
2791
-7570
8603
2702
-9236
-2681
-2267
-915
8012
-7050
-7882
-7570
-3633
-5875
-5835
-6862
-4638
9871
9301
107
3359
2798
3865
-3489
-8432
-9428
-6448
-219
5921
-5216
-9285
-8131
9786
-9372
-9721
4996
1240
3465
8387
9021
-4809
7020
-6483
-2452
-4464
-7191
-6515
9350
-8305
6557
7968
-9482
4094
7415
4573
-6092
2639
7495
2452
-4938
1508
-6832
-8837
-5625
23
6000
8909
-9500
9930
-4046
5631
5681
-7179
6720
9596
3475
4219
-1577
-9981
5658
-2801
3481
2611
-8457
8211
-7868
7019
7989
-6792
4466
3292
3237
-3566
4151
9143
-3307
-7514
910
7310
3724
8081
-5144
-2906
3207
-7044
1005
-993
-7241
-5481
4611
4587
6475
-6564
6371
-8576
-1579
5342
-3462
8923
-9091
4587
9278
8086
-427
2342
-9006
-1849
8818
9509
5510
-527
-6059
3611
7604
2296
5438
-943
-8088
-5369
-9535
2307
-7194
-42
-3417
2719
2345
-968
-2664
6614
-2645
-9909
-9021
5991
-2653
-3952
946
3371
-4660
6911
1264
9396
4237
8234
-8176
-9914
-3247
9319
-6628
2617
352
4794
2621
-7115
-6107
-9362
-9929
-9659
3115
-242
-9810
-315
8355
7760
6742
3770
7562
806
-2410
-505
6206
3213
-157
-4875
-7758
-6856
1074
2338
5585
3781
-6549
6255
-6417
1394
6296
5564
2798
-6087
3838
-4023
-1441
-2520
4410
3488
1555
-8533
-2651
-6042
-888
2488
8135
-4777
-9952
-3898
7955
-2856
-837
1720
1735
5395
-8915
-3522
2389
-978
2162
4622
-8945
6655
8412
-2145
1156
-8435
6621
3119
-9951
9412
7771
-1124
-3311
-8938
7684
-8802
4387
8391
-8538
3491
-1816
-4813
395
7205
-3708
-5713
-3968
8883
-4783
2365
-6174
2455
4657
5007
7554
4475
-2654
-2361
4354
-9903
-5746
3103
-9008
-1641
-9394
6488
-2816
-3815
5704
4309
-3119
-7849
-1937
1295
-76
4287
2367
-9097
2008
-3453
-3588
3103
-6939
-3680
6697
-6274
-706
-8166
9429
1386
7095
-266
7782
-6957
4822
3575
9174
6992
7303
981
-5939
-7299
-3053
893
-8019
-3734
-1609
-6322
5900
9806
-8510
6813
2729
4224
5310
6285
9950
2375
8516
-5960
-5585
-9553
-1116
1770
3330
-9407
-3713
9814
4103
8307
4549
8963
-3678
8985
-5394
-9021
385
-4805
-9545
7322
6632
399
2518
9532
-7959
-1485
2647
3723
496
5914
-1264
395
-9817
2314
-7652
2028
-5368
-3813
-5127
9180
8018
-4619
-7687
-7774
1699
-2322
-6428
7430
1478
217
5249
-392
8786
2434
3471
4380
-3269
5923
2992
6506
2112
3195
-3903
-8109
-7876
-5316
2863
7125
1275
-413
4719
1730
-5391
3008
9978
6178
297
5247
-4887
532
4278
-8607
-3801
8342
6350
5502
9780
-6761
448
752
4082
-7551
-8522
-9786
-1208
-5718
5016
6611
-9980
6537
-6971
4241
-6980
8857
-8428
-8981
4662
317
2405
-6523
-1347
-7507
2604
-4066
-5281
-9788
2451
-5591
-38
9094
2675
5190
7267
-59
-678
9417
-5932
574
-6728
-7226
-839
-2494
-9842
2256
9913
-8408
-9949
-8186
4797
-3439
-792
4745
6339
1026
7773
-7578
2635
-2353
7596
-5327
3372
4050
3470
-8062
-5708
-7618
1825
1608
-4597
8730
3262
7886
2979
-3508
5469
-9093
1963
-4485
-4351
-9004
-7431
-3079
-9272
6954
-9424
6963
-2400
9854
-2913
-8967
-2821
7965
-6473
-9351
-922
-8369
-48
-1954
5610
1403
-5775
9713
8491
6882
-622
9129
-930
-8737
3932
-7658
-3433
9621
6098
9709
-8789
-2057
512
-3199
6068
1761
-5220
1073
4611
8711
5797
3909
9840
-5682
-6909
2047
-2809
9090
109
-3714
-6846
26
-7227
-9965
895
-8874
-4076
9951
2312
-8659
8509
-4724
-5907
-2589
3539
3565
-9499
-7358
-2039
-8262
-7297
-2846
-1861
5298
9737
4399
5536
-3180
-5397
6101
-7337
1279
356
-5206
6948
-292
-2390
8707
473
4352
2038
-9991
7946
1954
-3783
3291
4625
5621
9953
-6446
-5480
-9088
2990
-566
-2776
7803
-7968
-686
-9564
3646
5202
5435
7083
6128
-6893
-5211
-3201
-2332
-2363
-8164
2783
-7138
-618
5934
-4658
6640
-2717
5098
2380
3695
-8963
-2828
9812
6210
1175
-8268
-4538
5250
9118
8842
-5943
-5653
-1751
2732
8372
5628
8599
-2500
9508
9328
-365
-3502
-8460
8753
-8324
-3341
-8390
8457
-8404
-4920
-6219
6727
-7990
6393
6984
4046
-3071
4461
-6139
-4007
-1861
8780
1458
-1373
-2836
-788
-4014
3240
-9157
-9976
-1728
-3568
4607
200
-6187
3754
-8818
-5839
-7341
-9694
611
4029
4980
472
5780
-7776
3393
-2480
-6808
-7337
-8282
7361
-7019
-296
-6690
-9473
9085
3580
103
-3411
-5240
-6889
-4354
7676
6645
6146
-230
1298
-799
-2378
-3817
-8457
-5625
7267
7973
-8922
-2227
-3579
-7702
-3038
-4766
-867
-8743
-5537
5353
8982
-6808
-9416
-4791
-867
8726
-4952
5662
-2690
-79
-5562
-334
6670
-3797
-7782
6434
-2684
4376
6869
2933
-8537
3021
6833
-5217
5406
5887
8163
2693
-562
4281
4092
-459
-1502
8962
1095
-4087
8599
782
-7166
6468
8743
8809
696
-3925
-4973
-3847
8819
-8946
1454
2649
-4762
1195
-9560
-6771
972
8958
3707
-3548
5964
-5198
555
-8487
7394
6973
-890
-2888
6309
2316
3302
-4181
-955
306
-8395
8559
-2339
-548
6165
6524
-1569
9606
-7792
-6104
8928
611
5610
-7823
6844
9068
-5916
1734
-3634
-8775
-9342
-8663
2035
4728
-3958
-5064
-883
-1382
8176
9776
7947
-1500
-8861
-4669
-6533
-2884
5544
8543
9260
-4829
408
1672
-8414
2008
-5286
2006
9753
-2919
1888
-5923
-5164
-5073
-2197
1165
-7019
-233
292
-3902
-220
6202
6972
-8868
671
-4714
-4365
6331
5893
1302
-4919
-5096
-7996
-5364
3283
237
4708
9694
-1626
-4330
4938
-9094
-5978
9401
9632
4338
-7119
8543
1622
-8977
-5996
-4711
2495
2755
6362
1104
-1459
-1052
-4353
-9590
1946
8284
8119
-8441
-909
8541
-6679
-9026
-8245
9321
124
-4014
-3949
8091
-1470
-3017
8580
5010
2375
8473
-4758
1817
520
-4913
-4827
-9959
2218
9218
5936
2222
-2018
7961
2414
-4352
-3132
6852
8674
-7628
-8680
-2808
2687
8571
500
-1018
-2149
-2990
-823
-786
-8915
-4585
4634
-3673
3394
5015
-6735
-1175
5305
3307
-9119
-8824
3238
-2556
-9013
4757
4161
4829
-9059
1799
9428
-4081
9104
5446
-1528
-9685
-7828
-4634
1163
-58
-9359
7016
-6747
-6311
-6198
-565
2184
6009
-7049
4773
-3688
8518
7351
5980
-3003
3170
8097
-7232
-7772
-3972
-5449
8828
-8655
7934
-9704
5212
-8279
2018
-9607
-5632
4341
-961
2068
3616
-5361
-5670
-9632
5085
8440
5807
5848
8579
-9480
-3824
5462
-6355
-2855
-9303
-137
-6569
-9295
-4712
5954
-6418
-6604
9042
-7149
-2879
6972
-405
-6517
6573
-97
-6646
-128
-8749
-5246
-6923
-3388
-2806
360
2125
-9305
-5520
-5834
3988
-1633
-2691
-4942
-8057
-2934
-6162
-7997
-1421
1105
9732
3363
-1116
-1222
1983
8069
-8938
8852
9401
2012
2919
-2202
2788
4420
5210
-2626
-816
7939
-6561
5177
4505
-2621
-7607
3985
-2093
-6488
1466
8178
7247
-5038
-4460
9328
-1950
9960
700
-524
5484
9728
-2866
-2758
-2579
-5667
7284
5205
547
-532
4331
8151
-3799
7648
-6943
556
-803
-3882
8494
-5343
-7124
4397
-2001
-9252
-2055
-5611
-7735
-1681
889
-3753
2390
4110
-8973
-1326
7867
-2750
-9654
-410
-9866
-3074
6158
-6463
-1071
8780
-4303
-2876
9357
-1130
8031
4851
-325
8609
6376
1319
8862
-7905
1006
-5196
-5664
-8743
6426
-2679
-9577
7488
-8223
-5906
1801
6516
7700
-8981
2936
3194
-9756
-5130
-1372
1561
9002
-2482
-7516
-2087
-7225
-7300
-1488
-8326
9973
-7959
-5099
2324
1117
4143
-7169
-200
-5231
-6411
-4316
-2732
-7005
6611
751
9780
9241
6587
-6473
1899
-7712
-8996
-8048
-6717
-5939
2649
3183
9347
-3100
-7538
-82
8210
-6163
4910
4265
-9610
311
7013
8347
5698
-1926
6456
8746
-6923
8335
-3995
9213
7896
-4082
1188
-1370
-3922
6624
6239
8433
-6224
5484
8635
-1760
-2350
6199
-6470
-4655
6684
8076
-7929
-9942
-8839
-8452
5670
-8953
-2966
2323
5275
-7151
-3281
-1796
-9150
-2026
-8104
3058
-1478
7036
-9382
8859
936
209
6302
-3782
-7846
-5475
-7749
-5239
-262
-5344
4996
-5197
-4859
-242
9330
3825
-1191
2295
326
-6527
7565
-4523
970
9874
7103
-3666
-441
-206
-7091
-953
-8468
3810
9689
8853
3141
4342
-6883
7789
-3940
-6660
9458
5246
5712
6356
-7870
-8739
4770
7073
1451
-8162
443
3255
-9519
-1501
-6988
204
2969
8771
-210
-5168
5438
4400
-7179
1511
5567
9858
4844
-7355
9442
5962
-9443
347
-1406
1852
-1629
-2254
2124
-9504
-5107
2947
-5508
9306
-8014
1713
6292
-1235
5591
459
6418
-4029
9367
6328
-343
-1400
5587
3095
8258
-16
7823
-7337
-1119
-9858
7710
3333
8047
-6404
752
-6584
6182
7936
-2591
9805
7230
2202
-1273
4675
9595
7096
-64
-922
-2997
-8579
-2384
6217
-7230
-2233
-5055
4066
-9144
6192
6189
-161
3109
-3376
-7048
-3587
1393
-4230
-1722
2482
-7062
9502
883
-9212
-4667
3695
3923
9225
-9538
7117
-5905
5509
-6428
-4006
-7080
6014
-587
-6128
3263
-1478
-8775
-38
-9674
-820
-8174
-8087
6805
9928
6264
-4383
2296
2504
8998
-4316
9278
-7108
-5496
9379
8985
6468
-5028
-2656
3422
-789
-9455
-1164
7546
-2731
7068
5781
4560
7942
-7504
-2754
2197
4356
-3768
-7958
3081
-3610
3511
2369
1408
442
1801
-2779
5997
6714
390
-5561
-162
-5242
-7532
8860
2278
1075
-4864
9424
-4049
-5218
-2608
6049
6290
-8977
-8034
9995
-8348
9478
-9420
-7643
6006
9372
-7951
-2842
-2126
-1516
5828
-932
1184
-9088
9994
7810
-5160
2010
7438
8018
485
7156
-6613
-7708
1854
-2486
7367
6850
1976
-5699
7872
-8572
7965
5605
-4402
-3834
9202
-5218
3771
-5484
2297
9064
719
-8586
7481
4154
-9439
-9328
-6425
-1318
7463
-3693
3874
-378
2113
-8346
-7579
1772
-950
-92
-7049
-9082
5351
-9599
6696
-2423
-1401
-2533
-9903
5448
5738
-3591
6114
1542
-2750
5401
5542
8007
9999
-9254
2402
-7683
4700
2795
-5771
7968
-7201
-6918
-9608
-9292
-9237
-1886
7654
2162
6202
4194
3460
-7006
-4191
2527
7087
2114
-5820
701
-5816
6132
-1593
8532
2196
-7574
-4962
-1733
-487
4276
-6704
-8698
-2939
-7109
-3109
5538
7489
-3525
-8868
-6555
-5107
-5614
-5914
7537
-3398
2172
-1784
9282
1399
-1439
6103
9906
6541
6591
-7645
-7456
6855
4990
-3062
5691
5860
-7595
-5067
70
-2648
3126
-5736
-1455
-6230
4014
8139
-7014
-5347
-8502
-9631
494
3775
-3124
5802
8525
-1160
3080
9838
7726
4497
-4791
1535
-491
3045
-7516
-8324
392
-2720
-3188
4669
6081
-5825
-7110
-9093
-3791
-6881
7800
-528
-6882
3888
-641
4321
-6777
-5910
-4042
-2113
9449
-8006
7809
-4930
-2680
4002
-8904
-1975
7752
6371
9482
4580
5786
566
5070
7591
4598
-1596
-4214
3079
-3534
-5807
4881
-8172
886
6081
8330
4733
-5685
-1195
-4949
-3038
-3576
-691
4804
-2658
-6210
-7782
5317
4944
1027
-1243
3620
-7419
2116
9154
7625
-6084
-159
-7854
-6641
-7788
-6159
-6618
2203
9666
-2950
-5716
-5554
-5367
-5942
-9671
-581
-6947
-9166
6475
4297
-3398
9890
872
-3799
-8813
-4450
1280
-126
4960
9823
-1532
-6790
-9093
7995
-9548
9492
6986
-6619
-8465
-6581
-6350
8281
6054
-7288
-4816
2843
-7027
-1570
5532
-6594
-8700
-8507
-7959
4777
-8531
9747
1247
-8337
-428
3223
8045
531
3535
3980
183
5835
7765
-10000
-2363
-6802
-6455
2594
1392
-8609
-5820
5530
578
1439
-8021
-2927
1038
8148
5480
2814
236
2696
4950
-1698
3916
-1975
-5034
2677
4564
-952
-4570
-3605
-8609
-5113
9708
3932
-9435
3082
6350
-9248
1226
4451
-6144
-2657
-6199
-7007
-6632
-1950
-512
-1270
-5506
-28
-8404
574
5741
3779
9353
-1581
1674
8076
571
5219
-4481
-6826
-1715
-9450
4382
-3006
-183
6357
3663
-3288
1958
-9372
4873
9192
9537
5907
22
-8348
-3003
1775
-1890
768
-6108
-7811
-5177
-1413
-2078
-3237
9933
3827
3014
9626
3559
-8973
2226
-9940
1989
7064
-1386
-8402
8644
-191
7260
-3739
-9401
7987
3774
5219
-4453
2121
2179
9422
1267
-7865
-1580
1815
-9541
-4003
6860
-2769
3246
-58
-7972
4874
5576
-3607
2155
-7049
-85
-3957
9852
7245
9706
-4726
-7152
9872
3259
-9923
-5618
-4124
4879
6342
-77
8500
-6696
-8150
2604
-4905
-8850
-7077
-4844
-4592
-2051
-7546
3763
5882
-7236
-6487
9820
8557
-6686
-3466
8659
9721
-2822
-8689
4244
8418
6792
4232
7699
-2155
9104
-2324
2066
391
-7080
-1110
-4754
4123
-6527
3062
1389
-4894
-5899
-5374
-8845
-4578
-8172
-4963
-220
811
1126
-6385
2877
-9684
7436
-4499
-4445
-3380
-835
8539
1877
-9770
-2846
-7567
-535
2612
-3806
7049
-6388
1088
-9205
-3395
9565
9230
5382
5577
-970
-4001
7737
9947
7484
-2294
-3765
6569
-4716
-9850
576
-6937
3645
1695
-2034
-1005
6809
-4279
3074
-388
-5129
-9039
-6872
-3396
3957
4365
-5890
5850
2805
9993
9245
-3129
-4586
7272
4208
7702
1237
-965
9812
-3601
4856
280
956
-801
7709
-4391
7274
6302
-7776
-9971
9370
2122
1618
7534
3646
-8445
-7881
-7980
5710
950
-159
-1311
8742
-9562
1030
1527
-8386
7286
-4789
4370
-7514
-7246
3977
-4385
-9637
-2136
875
-7921
3078
-4922
-8607
1881
5186
6656
5139
9919
4501
8626
-7140
-8371
9355
-1311
-198
7498
-5536
6109
-2578
2545
7746
-7198
6730
-1383
7866
-9497
-2796
-1097
9321
7088
7350
-1115
230
-6767
4059
-2204
-9814
8018
-8015
3850
719
9268
6286
-9556
-8709
-16
-628
-7346
-9559
4690
5091
7437
-3772
-7215
7316
7745
4957
6066
4848
-3504
-5355
-8704
-6938
-245
-3156
4851
1692
-714
9115
-2488
-5551
644
9339
-3205
-5505
-7446
-7834
3064
-1797
-1242
-2164
-6237
-9876
3793
2737
5640
1965
9566
-6484
2416
1380
-9404
-6424
5147
3085
1402
2007
-4430
-1801
-9608
-3113
-6015
748
-5082
1698
7213
1764
-1345
-3898
-3064
-4035
-9271
-6106
-504
-6202
-549
-3667
-7295
-262
-930
-2988
1920
8886
3773
-907
9567
-7447
8692
7844
4320
-4848
9743
-2304
7815
-4345
-5550
9796
2455
-6188
-8140
-6868
-4195
3460
-2764
-1631
7396
9543
-7544
4084
5890
1841
-9058
-6715
-7422
3219
-2813
6820
1365
-9814
5659
-2843
-5471
-137
-3549
-6900
-5478
-4980
2268
-5482
1358
-9862
-7498
-3489
-447
3922
3519
-9909
8385
5139
6742
-9146
2232
-7593
-9919
4365
-5998
6050
8594
-9107
-8174
-4063
-7033
6781
2185
-5806
-3266
-3690
256
9884
9691
-6223
4307
7606
-6262
3338
-2389
-7153
1536
2503
512
6330
3823
-5099
7785
7435
-1483
-7133
-8783
4406
9450
9838
-8673
8953
8386
-3425
-8393
-1776
5813
-6553
4957
-2410
-2043
-1281
6005
1906
-1461
-6620
-883
8008
-1062
-3541
-6288
2461
4421
174
8450
1219
9972
-9568
8320
-4371
-4575
-9021
-1254
-944
7666
7739
7677
3434
1716
-9853
2081
-8513
-5373
2592
9641
-5183
-3658
-3071
-8165
-1194
-584
1799
6413
-2268
4287
-8448
6491
-6831
4992
2661
4861
5544
-2210
-5290
2730
6387
-8988
7405
-4425
-8732
-6001
-1104
-6365
-9068
9609
7288
5835
4041
-8947
5037
4753
-2318
-423
7008
4341
-738
-9122
5940
-918
8501
321
-3788
-2395
2660
2251
8708
2312
-4785
8357
7732
3368
3446
8905
5915
-6811
5436
-6231
-835
3265
-3570
6377
2174
1341
3917
-2500
8846
-2673
-231
-4036
3685
-1147
-5113
4029
-6087
-3524
-1826
1090
-7948
722
6268
4525
7435
-7972
4675
4128
-2214
364
6833
4051
-6895
3632
-8487
6180
-158
-9767
8814
2050
1574
5030
6105
-6143
6241
2161
56
7505
-5821
-9045
4903
4950
-9474
280
-3041
4836
-8445
-4209
7196
-5582
-3012
-1220
-3659
6839
-8511
-2912
-676
-1762
-7070
1915
8925
7583
2449
6492
-9681
6185
-9529
-6942
7073
3670
-3661
-2537
-6414
3950
9816
9357
-2476
526
5124
-309
2686
3216
-2510
-773
-4328
-9060
-8007
1647
7335
-916
-5611
5106
-5571
1686
4439
2680
-2572
-878
7306
1350
-2672
6545
9130
-732
2355
-7903
2630
-6590
5297
1897
-4000
2639
-117
5824
-4532
-9217
1199
1233
-4960
3163
-4812
3774
-7147
-2007
1786
-495
-3083
6442
-3626
-1462
4521
843
2579
6811
-8278
-3140
-9217
8190
2409
-1392
-2056
-8264
3192
4880
2538
-6686
3430
-5339
-8838
4363
3001
6322
-2908
-2633
4256
8872
5734
7819
-9193
7273
-80
-5584
9631
8376
2513
5211
7814
-126
6964
-9028
-8213
1185
5160
-6734
-8222
-2260
8835
1673
2817
-3309
7242
-6118
262
5867
5953
-6590
-3318
4435
3443
-5661
9446
-9303
-9718
-3918
-9879
-7159
-7627
3644
-2443
-228
6877
-6137
-1349
3912
9220
3609
-8213
-3956
7289
7251
8221
-2695
6116
6692
5092
4212
2892
7295
8371
-234
-7267
-2392
2325
-6788
-8906
2314
2667
-9990
1250
-4139
8060
5926
7726
-2067
-1981
-954
8457
6055
-448
-8531
7660
8923
6112
2510
-2748
2397
-4497
6369
-3871
-9315
8438
-4804
3602
8200
-1501
-7749
-7813
6046
-2592
6673
-4356
4320
6386
4032
-15
-1336
-889
5359
-2726
3214
1052
-8829
7631
2562
-608
4110
-7721
4077
3388
-2414
1061
-484
-9263
-2426
-7698
8541
4154
-5497
1189
5040
-9099
9940
6799
5653
-3358
7007
5380
-3526
-4895
-3367
3814
7436
-2227
-4967
-3575
-1792
-2764
2752
2676
9178
-9873
8448
-775
-6984
-427
9391
2024
-202
-9815
1107
-9205
-1508
474
-4731
-1210
3562
-293
5353
-8938
5282
-2617
2733
-534
-8054
-8800
-3784
7360
3952
5723
3711
-7239
886
9370
-7291
1461
428
4792
-155
-809
-1956
5536
7722
186
2523
-3904
1101
1688
-4862
9387
238
4972
-4807
9732
-6922
-4701
-3140
2268
-2624
-6597
3945
5586
-5614
1497
-5122
1811
-9069
216
-2434
1099
3466
-7232
-4762
5885
7314
7681
-9110
4560
-9737
-5685
-4488
-6693
-7198
-3946
5459
-6170
6911
1931
8879
-7948
-6693
2489
890
-8537
5832
8257
3695
3920
-9717
3131
-269
-2903
-2705
-8916
9799
5104
-3864
-5226
7179
5012
-6062
9403
-5534
9881
2350
-622
9776
-8847
7118
-1190
1576
5322
1652
4752
81
-9429
6765
-8165
-638
3319
7076
7903
9155
-2424
9385
2326
-6102
-9451
-7713
-424
5858
9226
1388
368
-41
-6811
-5997
670
-7895
8848
3288
3631
-1584
-25
7236
-4537
-2677
6334
8959
-711
3856
-7584
-4675
-3293
4521
6305
6740
9423
-5034
8586
-9774
6685
-1814
4947
82
-3207
-4605
8716
7685
-5631
-7450
7920
-5577
8821
-9769
1469
-8836
928
-8115
2095
-6820
1254
-6400
-4183
-9426
6373
-3533
796
4041
1656
1568
4102
8260
-7749
-7792
218
-5103
-9886
9581
6534
-2071
-9828
-8536
-3863
7069
9813
6148
2398
-5566
9605
-6121
-5298
5861
-9684
5633
-9502
5248
8552
-5396
-3082
-7249
8408
-8802
1250
-9743
-470
-7573
2574
964
-8417
-2025
5915
-269
3211
5857
2943
-217
-3708
6095
761
-1986
-2553
6810
-8990
-4983
-8922
3341
5900
-7430
9351
-2276
-8878
-7366
-5610
1899
-9081
6627
-4766
105
7838
-2116
-8333
-1700
-8036
8280
-7514
2389
-136
2111
-3682
6627
5507
1726
4267
-8137
-4633
-6771
-2515
-5964
5724
-2066
-3352
2002
-5498
-6878
-8469
-4884
-8329
-3741
-5238
8657
-2385
-9835
-7406
-4901
-4365
4590
-6446
-4110
866
4790
-776
7898
-4467
6122
-9357
-5737
-728
2162
6866
-8679
-1295
9514
-544
1755
6412
-6860
-6901
9661
2256
-6398
-6191
-58
-4705
-5134
-9589
-8691
-8715
9395
9472
2325
6996
-7854
7489
4791
6792
8582
388
2524
8628
4189
-2666
9907
-8657
1067
1827
5411
-2708
-1666
9394
-87
-7612
-5984
-1376
5780
5404
1711
-4677
-6634
-2480
3881
-7130
6910
-2923
4778
1825
1776
-2071
-3754
-5157
3385
-5278
-2335
6226
4827
-2598
5625
-3218
4373
2595
-7918
-965
8266
-8323
-7486
-8283
-2028
2582
1779
-6737
-6780
-8455
-7802
-7969
3887
4726
7591
-4131
7621
3395
8638
2495
-872
-6690
-8740
4694
9490
-1916
-9431
-483
1202
4563
-6430
-706
-8239
5480
-5799
8561
7309
2175
-8188
9848
-1597
-7056
8486
-9980
8574
-8847
6608
9208
-7151
4450
1954
-8772
701
-7352
-748
6544
-6401
6093
7568
4559
-61
-1518
-6610
-224
-3589
3688
-557
-1902
2075
-9541
898
2414
-298
4016
9196
6513
4215
6423
-2860
-545
3654
250
1595
6821
-559
6926
9621
-5777
922
3249
-6191
7184
-4207
4043
255
-7565
5515
-2730
45
2147
-7723
3390
-2547
-4385
9698
-1058
9018
-3913
5886
6243
679
9891
-8305
8558
5546
7212
4872
2135
5301
7151
4533
-1616
-8225
-9583
-4140
-8854
2673
4025
497
-1938
-3519
9435
3076
4978
7975
-6518
-9272
345
9474
-3135
2318
-6616
-2893
-9574
4680
-9900
-7578
-7434
-7006
7549
-9666
5040
6468
3126
5479
8783
1097
-4551
954
8932
-9569
-3087
2309
9962
-5491
715
-5142
-786
3786
-3053
8450
-4687
-5625
2705
9325
3550
-1391
5950
-1823
4930
2392
-1702
5882
-2579
-1921
-6110
-1952
6224
-5370
9941
-7892
1455
-3936
-2601
-1074
175
-1015
-2207
2635
-356
3143
958
7400
-9602
1618
4898
9714
5420
-6194
4734
2310
-7205
-2728
2804
2305
-6729
-7838
6897
3591
7768
-9032
75
-1026
4135
9480
-4701
-370
-9957
-1636
-9431
-7368
7401
254
-3831
4046
989
-8599
301
3910
-6548
5791
-3874
-2297
-5071
9247
-1083
-9044
-5345
4820
8522
7396
6994
8468
3380
-8807
-788
780
-5882
336
4425
-3966
-9438
-6380
-8015
4292
1185
5556
-2462
-4573
-9312
3799
-4223
-3238
3923
-9491
7087
-1128
2231
7168
6402
-969
8932
-4816
1625
5118
-614
5084
-3252
2003
1272
3348
-9618
4728
-6218
-5813
-9876
2657
-1264
6112
5347
3950
-6843
6136
916
9778
2703
1071
6573
-9324
-1694
-7805
1970
-4563
7070
880
-5250
-8450
8093
8471
7912
4746
-962
3358
6992
8717
4981
-2666
-6521
1592
-3671
8773
-3739
-1871
8031
3695
-7766
5173
6554
2908
2747
-1593
-3181
6733
-8141
-5696
-101
-3825
6300
2893
1027
5674
-6751
7213
6417
4290
-6342
4225
7956
8384
-176
6378
4176
-2852
9088
-6937
5174
-935
282
-5360
-9208
-665
5566
-6772
6553
-1864
983
1722
6567
-2234
3250
-7845
9926
-1185
1065
-2621
3836
-1640
7423
-9077
-2235
8138
-9510
-614
9093
-9713
-6003
-456
-2274
-8102
6647
-8596
-6234
-7607
-8713
4307
1243
7597
-843
-1522
1261
-6784
-7640
2696
-9988
-2316
2708
-2574
2076
7616
8896
9087
4252
-8829
-7617
3521
-8775
-2957
7655
6072
-6804
-7916
7362
1475
-9673
2441
5685
5640
9380
5480
-982
7295
-3316
-6983
8499
2459
-8167
591
-6096
3348
8742
5992
3033
-8346
92
1596
772
9643
2200
-3532
2242
9604
8210
-8798
8825
-3813
972
1549
-4192
-3259
-3331
-5025
1861
-8446
2875
-7207
3719
5760
-7325
-3139
-3431
-7012
-7064
7304
-8156
-7330
7234
-4264
8461
-961
-42
3311
-1590
-9154
8093
8824
656
-4579
-245
-1356
-1043
-8749
7394
-8257
1594
4245
-8073
7808
1272
6363
7627
-9179
2843
6217
9447
6133
-8436
-9538
7736
7761
5918
7638
8837
6898
-2636
9434
457
-1398
-6007
7098
8389
9172
7308
-3717
8294
9928
-8423
8992
-954
-70
-8546
3235
-4629
-9477
9387
8142
-8540
-8361
-8699
-4858
-6369
7477
8910
6464
3530
3027
-2975
-8567
3664
9455
4118
8009
916
-8568
-8823
9674
-5808
7138
3678
-4402
-1944
-9891
4926
-5185
-5431
-7976
-2174
-717
6956
710
5154
6530
-8721
5974
1418
-5536
-3222
-8436
1253
-3789
382
3428
6217
-1994
-1847
-7439
-7981
-6454
2422
1172
3987
7605
-8820
-4765
-4598
-9045
1873
-9768
1824
8336
-6002
7114
9076
5371
-8836
-7386
-859
-2965
-6595
-4334
-5955
-2276
4475
5938
-1599
-9067
-5563
6093
-6443
587
-1655
-8830
-6986
-2289
-904
4209
-636
5941
9179
9200
8499
8836
8264
1771
3151
-5091
3412
2284
1896
-571
-6539
4204
4145
-5650
-1121
8872
-419
-8932
-4290
6531
-6079
6313
8400
-1182
1031
-8333
2174
9253
6492
-1141
-6882
1250
-6232
-9606
-8650
4559
-8002
-5753
5555
-4361
-8448
3767
-730
9667
2147
5347
-9088
-4310
2416
-3765
-4939
-7926
4054
1896
9806
-4417
4802
4602
8145
8057
8441
6196
7315
4757
-9151
-5438
5906
549
-8098
-8610
-8102
3698
5896
8605
5736
-897
-9620
9549
2277
-4185
7093
3939
-3859
8942
-3558
-392
-9327
-9524
8199
2193
4329
3621
-9070
-2329
1103
4931
7778
-5485
-4141
5541
-4639
4618
-4669
1981
9275
7377
-4203
-1808
9324
-4064
598
7615
4213
-1322
-6261
4599
-8183
-2376
-7852
8789
7750
2615
-8558
6966
5233
3314
-1107
6092
8081
-3365
-3496
4139
-4502
1344
-5405
5627
9729
-817
1367
9887
9803
5931
1380
-765
-2761
1350
-629
2572
-2331
345
-4889
6244
-4988
-9361
2982
1841
8735
927
2345
-9383
9092
1906
-8764
2109
-1717
-1904
2232
-2310
7814
-3990
9205
2719
-1398
7169
-2643
-6540
8884
-3814
-4134
-2707
4037
1086
2566
405
-2641
-4901
-2979
-2878
635
-5855
-7427
-4342
-6748
-9779
-5632
-5150
-584
9851
-1597
915
-5536
6541
-932
-8791
-6587
-1205
9769
6183
7829
7089
-2242
2797
8079
-2960
-8658
2952
-7701
4480
-7312
-2976
8968
9666
-6707
-128
-4260
7170
4638
-7985
8831
2654
6
-5827
1766
-3255
4974
-6377
-344
5978
-5297
-1641
-1714
-1842
4727
-960
9781
-5518
2355
8813
-1765
-455
-8054
-9961
3111
1412
-2277
-3643
1024
6780
-2375
-74
3635
-1673
2681
-4016
6253
-771
-8466
4510
116
-447
-7829
8741
2801
5875
-6927
-6051
8553
709
-8744
-2997
-5579
-4603
2470
-8215
4708
4617
5660
2894
-3580
-7198
7664
1141
-7398
-9711
294
9517
4579
2355
-9397
-567
-5497
-7171
4661
1506
6458
-1666
-3537
2553
-8186
-3866
-1199
-9127
-6127
-9473
-7976
-8429
9796
5480
1093
-3494
-4817
-7989
-582
-9526
7435
5356
-1906
-6055
5549
-8278
3234
-6745
9811
-2403
-5622
-2514
-7123
9552
2206
-1249
-2770
-9813
6125
-4983
8883
992
-9707
-8578
-6400
8036
1848
710
6780
-4823
4096
7357
1483
6522
-9415
545
9163
-7893
-2666
-7867
1855
3624
300
3398
828
-2851
5243
-6578
6245
-3100
2757
5602
-3629
7397
-9102
7335
-1508
-4192
-1775
-3874
-5809
-3908
-3984
-9382
2682
-9817
5809
-8664
7719
2761
-5216
-7166
-1734
-7701
-4585
5484
4527
-9220
702
-477
-8359
-5933
1626
-1929
-8172
7253
-1083
-4581
3216
7582
561
-3934
-2220
8450
-7892
2983
3360
-9996
1186
-8712
2369
-2333
6468
-9770
5145
812
9581
1454
-7855
5157
-7269
-1181
6149
4466
1491
-2095
9857
3191
7078
6306
-1712
4865
-5120
6609
-4637
-9536
6781
2055
-4401
-9144
8394
8751
5639
3798
3555
-3589
-618
-562
9737
-1522
7684
-8380
-2020
9026
-2755
-7583
-5103
-354
-1634
6797
-101
-971
9748
-9922
-9186
2918
2019
-8735
-5064
-3937
862
-4408
-5626
-5821
-6420
5078
-5512
2860
1603
-6274
2665
1502
671
-7029
1855
-8180
-8370
821
6842
-1084
-9045
4568
9309
-9554
2571
2687
1819
3490
4309
-5201
8641
4723
9170
-6194
3732
-5675
2066
4069
-7417
5023
4039
8577
-8024
-3417
8147
-7972
-3432
7779
9135
6089
7822
-6309
-5656
9902
-8039
5887
-9440
7480
-9932
6336
4655
-3054
5973
2096
-422
-2149
-5889
3971
-780
-6533
4278
-1460
1591
215
-9041
207
-4401
9324
7665
-1365
-7315
5450
2622
-8724
-1527
600
-6632
8138
869
-156
503
569
2594
8631
5246
-7329
1215
9527
-9891
4323
-7972
4224
3735
-4158
-8811
3840
-2595
-868
-7496
-6823
1128
-2959
-3126
4384
-3094
1754
555
2621
2379
-959
6736
9643
-3853
5431
548
1609
-7347
-7249
-6201
5965
-3365
7040
-9795
-8356
5796
2750
1384
3365
7630
-2448
4743
-5172
5650
-3901
7885
-4120
-5452
3199
-9874
4930
-4029
3733
1831
-1763
2842
-3079
5242
5110
-6748
-7227
-9727
-2528
3871
-6606
8887
-9371
-6639
-5125
-1333
-6456
-3060
1081
-1827
4888
4654
-4031
-5542
-9863
7192
-4296
7275
6890
-3468
-425
-9866
2682
-1894
8160
-4379
-2136
1136
-7117
-213
7933
5867
-4517
-4445
682
-3502
-472
-7790
4184
8970
7437
-7222
-1351
739
-7540
2787
-6098
-4984
-7210
-6856
4756
4526
-9346
7844
171
-2683
4228
4965
7256
4185
-122
9165
-5103
8620
9486
5973
2942
9435
-5731
8895
3447
-8702
4259
5595
2412
9091
-3937
-5694
-4770
4256
-8373
7283
149
-6883
385
-7948
-9015
-8769
244
8204
-5368
5450
282
-388
-1976
5526
5782
7850
9605
-5356
6589
-7851
6723
3096
-3910
-6816
-2893
8067
373
-5256
-8309
-2846
5842
692
1739
888
-4709
6274
1802
4016
4768
3225
1589
5867
5655
-6943
842
3079
8324
-1532
-131
-5389
9778
-8740
-9996
-1629
4275
755
819
-2307
3027
-80
-6779
8468
-2679
-3214
7201
-7608
-1470
-8583
-2878
-4476
4369
-8919
8425
7009
-2894
-2881
3546
7656
-1366
1407
-2259
623
117
-1933
8001
-1370
-2547
2287
8333
1456
-3576
6178
-2735
6618
8973
-8206
8230
