1979
6964
-3905
-1301
-9998
-905
402
4336
4670
-5800
9157
-1246
330
-3485
5462
1792
5710
6489
-5497
-2970
-6410
8386
-1540
8915
-6056
9604
-9430
-4331
3461
205
-7468
7775
8371
-6681
-8154
-2073
-4984
-8991
813
-8576
3888
2689
-7984
-5181
5146
5653
-2853
-5377
6384
6458
-8048
6077
-635
-7878
6659
5464
9851
-2746
1159
-1969
9400
-8991
-5140
2771
-4610
-9411
4548
8438
2684
-1868
3296
8431
2809
658
5183
-842
-2458
8128
760
2490
5692
-8073
155
9735
-6945
5382
-6265
733
5310
6481
3812
-6086
-9561
9789
-9527
8760
4191
6566
-7007
7521
7616
-2335
7704
-4990
2341
-7095
-9427
-8959
-7662
-7904
-1326
2002
-4852
-8159
8123
5340
-341
-1834
4803
-8128
5946
-5970
-789
2580
3582
-5341
8377
9792
6017
-6670
3209
-4598
-4278
-5199
4793
-9874
-5745
-6177
-4663
6192
-4367
-1470
3481
-7561
6830
8658
-5709
-1564
-2012
1221
257
7890
-1159
-4588
-5321
330
-57
-65
6672
6480
-11
3889
7535
-3883
-3764
-6798
-102
2417
6919
7601
-169
8229
-5538
-5612
4153
8122
-4811
8188
-748
847
-2702
6171
8696
6670
-5388
-2763
-5538
3495
-5649
-6988
-9155
-2923
-8410
-2504
-5744
6220
-9270
756
-289
-1012
2555
4592
4955
-8296
-5217
-6620
-2954
8581
4980
-6221
-8918
-6926
3437
-6415
8107
1532
6169
-3718
-2936
-9296
-2049
-7844
-1332
-6449
-555
-3704
-1343
-5909
5588
-2702
7639
-4449
4577
-2926
-6615
7780
9712
2257
3825
2082
-755
3055
-6462
3022
8675
5274
9330
-9621
-2976
-1896
9842
8490
-1220
-7448
4716
-6091
-796
9257
-1414
9847
2213
322
8291
5412
-4388
4431
1217
-8584
-9776
-2212
-7189
-7943
6232
3769
-2225
1549
-7304
7409
9264
6744
4292
212
1459
4882
-4886
-6963
911
-525
5645
-6435
-2032
6646
2282
-2154
-9653
-8839
-6549
-1616
4426
5112
-8625
-8195
6495
6552
7252
84
-180
-6872
3485
5592
-5502
3728
4220
-5570
3690
-6760
5811
9400
5290
7228
6584
6143
-6417
4005
-4150
-9120
3775
-5819
8988
-8762
-303
3767
3351
788
4221
-7794
-1972
3956
6822
-8248
489
3309
-13
-3465
7641
7056
527
5668
-4674
4273
7607
-4483
6999
-3980
8153
-3986
9291
8585
-1242
-6795
-4937
-6739
3190
985
-7937
402
-4886
8261
-8249
-2702
-1858
1933
-2416
-3012
6325
7439
4669
3402
-7499
-7286
1771
-3982
8570
9618
-6769
8442
2693
-732
2461
8592
-2809
4539
9571
4409
4084
-9813
-9062
1352
-8921
-6615
-6131
-9514
-6305
-6389
3817
3646
4474
6944
6445
3706
8749
-1958
-7270
869
8097
-2273
3772
-7751
-7093
7926
915
-7986
7775
-2973
19
6756
-6765
8377
4022
2574
5035
3856
5547
5232
2445
-6444
9612
4093
1634
6284
-1453
-8187
-9790
369
-9177
-5334
-5696
-9434
7502
-4342
-8095
4638
7951
-962
6398
-6712
-8180
-8594
2818
7207
1665
-3510
9066
559
1822
1380
512
4523
327
7550
2761
7910
-8668
-4653
-3744
5920
698
-8624
-6502
-9556
37
5450
-9541
375
1470
-2879
1307
-1789
-401
795
375
-8513
-372
1067
8833
1544
7208
-3893
3848
7021
-7753
4665
8799
6135
-6570
280
3201
5956
6533
-6860
9533
-19
7820
-4896
-4714
4358
-8111
2968
8505
4509
3712
7701
926
-4797
-4894
1510
8066
1617
-2100
-7057
7817
5208
5583
-6395
-214
-5940
6457
4748
-7039
2701
-4124
1685
-9612
5435
-9346
1511
4023
3878
-1620
4776
-2929
-6787
9593
8465
5475
-4878
-3060
1552
7974
3109
-6891
52
-6431
8181
-5689
3711
-1926
-7192
8109
1106
-3085
3584
2346
3359
1749
-9411
4250
-1650
8221
7200
5952
9960
989
-1960
-2526
4487
-3739
-9571
-7716
-5275
3744
1178
1866
6562
5306
5445
-8459
9181
-7074
-2933
3109
-5007
-6744
-4008
-2691
8875
9616
8760
4696
5682
6358
2452
7056
5880
9590
4788
-9686
-8771
3243
-5575
1280
8847
8870
-6993
5882
5452
-7153
-3865
7278
-3116
-2627
-4109
3479
-7104
-4671
-7440
-3999
2734
-5800
3977
-8049
-1102
-2039
1679
-9418
4479
8285
4285
9851
8341
-3199
5848
-1391
-3082
7003
2110
-3037
-3444
-6688
957
-967
8175
3649
3361
9240
6111
-7665
1896
-4857
8959
7528
8802
-8435
-7249
-9840
3106
-8075
9154
5910
-5891
7907
-263
7761
6883
5768
-8964
1256
-1446
-1285
-3983
9159
3306
2320
-1106
2849
-3163
-6077
2178
8067
1325
-5807
9742
-8431
-7651
-2071
8715
9912
9034
-1212
8650
-9300
-3443
6808
4660
7221
295
-758
8762
24
472
7312
-3515
7755
5600
3382
-8148
8622
4818
-9757
359
-825
6581
-7861
-616
210
2432
-7384
4391
-3456
5416
-5322
8520
4851
-2262
-8289
9201
-5561
841
3591
-1006
-557
-4641
-3775
-5497
996
-4622
983
-4917
-7966
-584
-642
-8543
3442
5799
-9052
-5487
-1872
-3135
-8554
7106
5098
-7963
3337
-4052
3554
2636
4677
-7630
-6343
-6719
-6980
2109
4272
9398
4078
-4034
-2849
-8164
-8788
923
8659
-4930
4389
-58
4608
136
-3563
-8041
5911
-9163
-3283
-7984
2483
8176
-9029
-7929
4852
2966
-6302
4391
-3727
2355
1106
2183
1168
7464
4843
2565
8211
5584
6906
-3377
3181
-6438
-7806
4747
-7337
-2751
6316
7050
-9589
8036
-5024
5084
-7014
-4631
-4667
2543
-7040
-637
-2744
5069
-618
-3392
-8546
8427
-3222
-8559
9389
6579
7356
1986
-3963
-5145
1272
-2159
2627
4635
4367
4590
-6229
4745
-1406
8166
-9928
-3897
-589
-9509
-5310
8903
-6020
-4211
8149
-5524
-3196
5084
-6809
8477
-443
5571
-4180
-4207
80
-3925
3924
3319
-2839
2559
2751
-5448
-4554
-5090
5322
4908
276
9190
-6194
4542
975
-1484
-1509
-4721
2612
5609
-1696
-6622
-1614
-6983
-9140
7026
-5230
-4230
2659
-4201
933
-6437
-8254
8048
3675
1640
-4289
-9137
7794
-7065
-4914
-6716
-5271
8616
4002
-5564
4427
-5227
2774
-3821
-8439
1232
2086
3489
1425
-1812
9352
-6952
-7223
-9706
7557
-8415
-915
5276
-4104
-3523
1586
8089
226
8027
1243
-2876
-2045
-8705
-3961
-2046
621
2751
5331
-8078
7916
-7747
-158
9672
-8963
7218
5833
-4187
-3275
8194
-2342
8156
2214
-1920
3145
7039
6698
-8715
-4375
4271
3693
6209
8074
6174
-3728
-6811
-2678
9557
410
2863
-5475
-5366
-2500
5673
-9679
-4576
6762
-3406
-2545
1302
6614
5987
-9997
-5119
-473
-2257
7717
-4563
2349
6654
-621
-610
-7549
-5620
-3822
-8200
281
959
-1769
-1446
-2543
4364
7971
3395
5766
-3058
-7927
5239
-7316
4198
1418
1332
5654
-3851
8408
4035
256
5942
363
-1571
907
-8250
4469
-8103
4111
6863
-466
5321
329
4844
-158
4364
-2533
-5698
-1713
-791
2122
-5543
8497
9962
165
1133
-9312
-6438
-2363
1739
4649
-3841
3805
1203
-1655
4588
7912
-321
7984
3487
9852
9793
7358
-2403
-1918
6543
384
1577
-1726
5589
-415
6600
3245
-4069
-5890
5400
6269
-26
7066
-7801
1814
-7795
2556
-6920
3859
2072
-7315
-1081
-8693
-3933
332
-4730
6687
7736
-2741
-7799
5001
342
2981
994
-6082
1049
5047
-9120
3091
-9063
8983
-8552
-2807
4793
-337
-2073
3256
-4393
1836
-6547
-5531
-8319
2431
-9867
5677
5485
-1099
6731
4531
4624
-4290
-4220
6555
7187
-1446
57
-8062
9533
8512
-2890
-143
-5641
-1546
9472
-2307
940
5583
-6414
5442
-9766
7379
-4612
5541
-1643
4514
-9430
-6300
-4219
-8325
-9530
6962
-7337
7550
4367
2748
-3611
3386
-5470
368
-2542
-389
-2213
2290
-8725
959
-5102
3157
-3021
-9124
654
-254
-7721
7966
1579
-8984
291
-4247
543
-3609
-1178
5761
-6700
4950
-7049
8879
-9969
5842
4114
-2302
-6189
7003
-2042
3564
-7108
-7097
9777
-7748
6343
5192
6086
6614
-2501
6307
-9224
3057
2536
-986
-7243
-7238
860
8194
-3059
8147
-5271
-3699
4164
-8937
6384
-2400
-2502
3253
4254
9518
9511
-5552
8402
7316
1460
7479
3366
7668
-3287
986
2454
-7991
-9546
3650
9422
3589
-7453
-2233
-7796
-1658
-5452
-6785
-236
-2581
-7985
9987
-5385
822
-2426
9761
1340
-8053
-2009
-4244
540
-9310
9730
-6638
-2972
4897
-5680
2469
-53
661
-8101
-4620
8618
-4281
9888
4674
-3267
-5598
-4186
7560
4877
5416
-1919
-8691
8664
-1260
-7373
3282
-2245
2367
2605
6705
-416
-8164
5810
7828
6851
-2069
-7950
-2061
13
-824
-4733
6948
-3518
-5310
-8407
6675
6907
-5575
-7380
-1650
3606
-5388
-6969
-5320
2120
6474
-1993
-3320
3607
-560
-6126
-1979
9011
-2249
-8726
8095
7972
-4666
-7557
-6751
-457
4975
296
-7576
-2255
3499
-6737
-6911
-8541
1887
1400
-3338
4167
-7105
7463
3038
8334
1023
2843
1554
8201
-5830
-9098
-5466
7796
6207
1954
2252
9976
-8246
6023
6827
-844
-8145
-1279
1254
-2562
-7892
7088
6645
-7622
1311
1909
8160
6129
-4669
3739
4583
-1879
-6941
9075
-6503
-5030
-2060
-3918
75
6904
4918
9163
9
7522
7320
-3204
1349
-7899
-475
7039
-4858
-9261
-9988
581
-4040
-8701
5377
-6422
-5961
-6281
-5916
7212
3098
-3473
9925
5325
8915
-2688
749
-36
3978
-2902
-2613
3126
64
-4692
7343
-3833
7715
-4561
407
3034
3036
-1678
2949
5156
-8155
-5333
5814
6664
7618
-7005
2638
-7349
310
2176
-2961
2687
-2702
-5997
1626
-3508
-9639
9468
9709
-7719
7222
7519
9663
204
3851
6261
-2981
-5403
-8212
-5170
-1944
3227
2557
6044
-2240
640
3002
4890
4492
-1710
2416
2025
-3702
-1004
-5551
3199
-9298
2438
824
1131
-5191
-5126
-4715
3938
9644
-2943
-9739
-2234
1496
-1279
4591
-7217
1481
3988
4324
90
-8155
-6536
-491
-6765
1703
4613
4299
-6807
-9266
5548
2310
5736
-6683
-2966
8213
-304
-8143
666
-2775
-2373
6444
-5328
-2159
8712
1338
46
-8047
8136
-3125
-4440
8153
30
5385
-4264
8857
-6210
-888
-2984
-791
-1321
6671
665
-1037
7126
3620
8019
-6160
-9037
-6026
-9088
-7248
6777
7922
-9763
-7029
-6595
-4262
1440
-6954
-4984
1474
-3331
-4287
8733
-3774
693
-6344
2496
-3271
7945
-420
540
-7754
6612
7157
-8461
8683
-3545
4974
5704
-7926
-7862
-944
-2579
8666
1737
-2898
9415
-8947
2866
-8332
3065
-7087
-9345
6717
-1566
5945
-9218
-4514
-4129
-4967
1144
1882
-4278
-7602
6659
-8954
-5683
-677
-4389
-8366
9574
7129
1185
-6866
3675
-5296
-1827
8509
3587
-2769
6413
2193
-7981
7537
7809
980
-8958
-3248
-3677
-5010
-3750
-8377
-1859
3961
-8970
3693
5351
5437
-2708
7773
7083
2518
-9469
-1395
6508
2909
-1587
-6244
-9565
-7965
-6849
-6585
-611
-5676
5773
480
-9303
6349
3449
6617
1520
-1718
1369
8742
4021
646
9130
7389
-1026
2549
4646
-2498
-7895
9767
-5301
-7575
8184
-9312
4279
-4976
2593
4121
-7085
7114
-3986
5326
-2630
7524
7235
-6615
-5580
5971
7822
-7692
563
1418
-9831
9180
-8109
-767
9746
-7156
-2734
-5617
5295
1983
-3904
3705
-2346
6577
353
3549
-3330
2423
4691
-8936
-31
-1985
2825
4643
-771
7212
8500
-7438
7968
9534
6374
-3323
9842
1563
7217
8005
4822
-1575
9961
-9213
3751
-910
-2423
4655
5084
2658
-5778
-952
-8576
-6575
-6131
4420
3081
892
-8213
9670
1083
-6591
-4583
7265
-6401
4399
8225
3280
2591
-8441
3930
3537
-4224
-8156
2728
-6120
4034
-6280
-1270
5581
-8434
8389
4360
1230
-232
-1193
3493
-3979
-1947
-4257
7968
1186
-8416
511
6241
-5875
-2483
-1189
7867
-6399
-5647
4175
-1315
-2457
-4059
-2115
-2184
1926
-5445
-2580
-4406
-4403
6754
8787
7756
6203
9530
-8860
6903
8177
5430
-4653
7522
-6613
-9285
7448
7049
1815
-1692
-5212
3004
-3063
2313
277
-2263
9050
-9923
-7076
-1714
-4197
1463
-2466
9357
3483
8103
798
-8418
9766
-1571
6740
-1679
3879
-9444
-5617
1195
-9285
-4427
-4943
3446
-5630
9439
-8186
-2479
-6511
4546
6888
7855
3708
-241
3212
-8989
2141
-8309
-144
2661
2533
3894
4858
-5559
1391
8321
-1062
-6898
-1822
-8033
-8358
-2865
-2291
2899
7389
-4766
5898
-2135
3374
1755
-941
-6626
9458
-2691
3448
-1720
6739
5728
-5554
-5546
-3781
-3333
-1502
-9421
9570
-1633
-2706
-2339
8419
-4910
-3284
-7382
1683
1804
-6040
7388
9489
5919
8855
-7786
-5703
8206
8173
-7282
228
1126
8748
-9065
167
-3036
-394
8375
-5634
-7101
4356
3831
8003
476
5252
965
3793
-4433
-4540
-5383
-6645
-170
1220
-5865
-9454
-5605
-954
-2859
-1433
-5188
-9579
-5866
4165
8808
-7224
-2986
-5675
1932
-2392
-3531
6837
-2995
9236
-7855
-8080
-295
-3447
-3917
-2576
-9193
1539
348
1889
-7028
6842
-7161
6736
-5331
-6089
-1514
567
-829
-9797
-8337
-7294
1869
-2193
-8611
-4489
-7270
1669
-3544
-9239
-9001
4537
-3459
-1677
-6782
-7306
-9314
-9547
9788
-1398
6408
-6638
1545
6941
-1094
1475
8494
7215
1775
8116
4666
3318
-1137
6072
-1160
-4721
-7982
6291
8204
1964
4032
-7848
-2321
-7919
-2661
-6112
-7624
1755
678
7672
4930
-5806
4901
4970
-8301
7339
5761
5157
5901
1341
-6329
-9664
462
916
79
6240
-1305
-2201
-9453
5971
7617
9603
3253
-7008
4481
5118
-2357
7655
-6500
-7142
-9022
7499
4193
5315
1265
776
-9850
-4081
-4388
-2289
-6440
-7728
2976
-4509
6122
-8396
9622
-8304
3979
-5530
8400
-3572
-2657
9734
-886
5781
-2232
4193
-8397
9095
4368
1705
-8938
-2400
-6357
7343
5883
-9874
7558
3498
1701
3528
-1711
-6611
-6517
-7473
-2315
6022
-4725
9313
-2778
-9982
3993
-3599
-8117
7149
-7232
9964
-4372
7756
5907
4828
6166
3466
7618
7248
1971
-6945
700
9697
-3594
-427
7450
-3026
-7694
-8045
6881
-8404
-3385
-8237
4043
1628
-5265
-789
1981
4535
-9295
9880
8645
8627
8592
-9394
1444
-3090
-4474
-5516
-7154
9300
2914
1325
518
-1713
-6941
4440
-7723
3843
-8473
-4165
7626
457
-8864
4511
151
9524
-4209
-9825
-5365
-9352
5649
7012
8210
6272
-1349
6355
2376
6890
-5897
2248
2355
1400
3535
8325
2851
-5825
5442
-7161
1890
2961
2037
-8103
-2424
5846
-1219
-6045
-4536
7409
-5930
-4456
9083
6779
1480
-3946
8892
3533
4375
3944
866
-180
-6250
-2178
9528
-2291
5616
-2734
2061
7801
-3749
-463
7359
372
-3072
1625
984
3401
9564
-4560
-2622
-4694
-8025
6539
-6321
5120
9902
-275
7727
-4028
-7763
-4392
-7097
-2980
2563
672
3981
3762
-554
-6132
514
-7586
-4181
-4103
2987
-7994
-7571
-483
1034
-7095
8974
8760
5434
-4670
4620
-7542
578
7789
-1205
2025
3741
5990
-8582
8372
-3588
-1333
3777
5632
-9710
-7988
8657
9504
-3749
-8926
-4218
2065
-956
1244
-3512
-9244
-5511
6301
-577
6676
5114
-68
-7353
-1896
-7400
1206
1195
3899
1817
4218
7463
2364
-2553
-4787
-455
4342
3706
3512
298
-5395
3828
4583
-510
-5727
-732
6888
-221
6534
5674
-5248
5848
4940
-9951
5130
-1294
4455
8043
-7450
-1053
1957
2968
-9873
-6603
-4466
-589
-4699
-4242
8508
820
-1240
9951
2784
-3204
7656
5543
-4688
-8299
9945
-7117
3799
8478
-3151
-4947
3887
-3797
-6967
8820
-8304
7607
-5070
45
-1987
6223
2545
-812
-319
-8822
6278
6437
767
8738
-2363
-71
8561
-9216
-9749
-1116
-725
-7207
-3344
7766
7717
-816
59
-3206
5394
-2503
-4020
8035
-9233
-2159
5178
4557
2943
-5394
3505
-7072
-5990
2045
-8184
-7295
-6534
-913
6273
-8369
-8430
-226
-6330
-5198
1582
-3911
6166
-4311
-9386
-2202
2001
6517
2048
-3138
2317
9196
1494
4816
6569
9955
6423
5950
-637
4235
5538
-7456
7231
-3320
6736
-5952
-1702
-1258
2262
2413
-6053
3032
-1146
-6384
-7329
-1246
179
536
-6407
8294
-5278
9979
-4141
4898
9436
-7444
-7840
254
8345
7101
-2614
-8170
-915
2379
8434
-4760
-6244
9597
-4878
9450
2100
-8329
-433
2369
-2982
-3212
5997
3345
-5920
9827
8132
324
-1308
8329
7961
-1934
7508
4175
-4970
-1948
2935
-9828
6288
5932
2125
-5155
6331
4599
4743
-3576
-3812
459
-4454
-1477
4847
8746
-1258
-5779
-2407
-9207
-6457
9826
9535
7480
-9972
8877
9398
-2421
6886
-4963
-6264
3068
-6880
8789
1674
-7887
-7948
-7824
-2996
-7677
9208
-381
-5321
3377
-1359
-6626
6430
-3022
-848
-5862
6926
-5002
9190
3989
5935
8285
-4822
5148
-4554
5097
-388
7044
26
-7693
-9657
-2396
-8032
1899
-6432
-6728
9364
8395
4724
8387
6561
7621
-78
6003
-6471
9798
333
-6271
9405
6922
-9136
1496
5430
-3433
-620
-7582
4682
6502
-9422
8804
4132
1193
-6910
-7662
-4367
-8551
-8507
-4548
4899
1481
-7614
8263
8751
2709
-9337
8488
-6726
3457
1606
-1990
-6187
-1171
4150
-7106
-9126
-7671
1841
7505
-9541
-2324
9703
-6476
-9109
1599
-3686
-7664
-9165
-2812
5920
-2807
5644
5255
9735
6061
-2293
6944
7311
-9434
-1078
-4927
-5374
-4164
-4678
-983
-4550
724
-7882
-2698
-8626
-2778
9774
-7346
-8984
3211
-1083
9775
6106
3923
1205
5418
-6429
8526
420
1243
-6231
-1195
1492
8086
8263
-8352
-2276
1838
5569
2463
2182
-3684
-6466
-2464
7880
-4514
-3680
-5078
5120
8934
-5716
-6246
606
9507
-422
9644
2717
-5896
-7174
8033
2139
-9871
4127
-3864
-750
-3024
9791
-7036
7403
6249
6581
-1324
4759
-2152
-9618
-9248
4108
9383
2071
-5631
-4559
5595
3728
6112
5085
5206
6977
-2436
-3363
-4294
-6060
7085
3641
27
4254
-7269
-7771
4242
8968
-1389
-569
-5953
-859
-4662
7585
-4826
-5982
-9683
9087
-9398
3407
9398
2063
9093
-1867
644
3229
9170
-5959
791
-938
-3650
-5944
6812
-8101
-8052
5314
-7439
-5465
2175
8648
-2620
-182
-7268
724
-8624
51
2899
7667
-2662
-616
1772
5042
4783
9988
-809
-4176
-7165
-6096
-3836
4487
9508
6477
-4437
5786
-7340
8192
5745
811
9844
5254
-1487
-771
-4911
3315
3251
8771
478
4899
-9458
-9655
1974
-1182
-9973
7697
569
9418
-9691
3357
8281
-8673
6935
5452
-6924
2703
-4254
495
-6426
-1322
2672
4544
-7974
6725
951
2878
6747
-6069
7669
4145
3206
8681
7850
5291
5398
-2818
-3583
5166
4537
7235
2028
6593
5549
7900
-1743
3798
6480
-1884
-1728
-6630
-1877
9583
4965
3731
-9822
6136
-9964
-5584
-217
6069
-9794
-1043
4037
-9731
2352
6314
7245
-3887
8565
-141
-9791
810
9425
-3819
7602
-2968
-5407
-5532
8043
8135
6375
-7993
1062
120
-4914
8971
4763
5390
-9461
-2497
4339
506
-1542
9384
-479
1836
823
-7955
4947
-2667
5779
2375
-5038
2451
9792
1966
2649
-1258
9722
7188
9832
9285
-4742
-5046
5448
-6242
-3021
-9684
-2055
-9540
-6102
-4366
-3462
-5188
-8892
102
7588
-8797
5734
-9064
3820
9350
3762
5617
2452
-1680
7766
-1607
-4413
-51
-2786
-7487
5008
-827
-6916
2591
-1640
-8179
3353
-525
-8958
-9008
-111
-195
-8825
4031
-6922
-9656
9657
-1850
-2044
2599
-5073
3827
-8529
-6776
-5991
-7751
2954
-6431
-9663
8481
1505
7088
8716
4095
-1775
-5623
-4377
-3504
2121
3035
-7611
-6507
-5132
8798
-5053
3916
2441
8060
6792
5395
4564
853
-1886
2877
-3414
4219
-8166
-2180
-7550
-7618
2670
1502
3065
-9889
-2660
1377
1156
4420
-7157
4066
-1489
8585
-122
9740
-532
3380
-2442
-8784
-7459
7733
-7256
4239
8807
2920
4976
6077
-1068
-2351
-5805
5564
-2738
6688
-2220
-168
-6777
7627
9176
4734
5972
1277
-6014
-2639
5297
6583
-522
8811
3052
7264
1367
1333
5802
6140
8100
-2894
796
6091
-3128
-2265
4096
-6765
3518
7362
8060
3315
4088
5524
-7452
-6658
1519
5214
-7802
-3924
243
-3610
-502
2253
-7147
-7764
8180
-6878
9414
3534
3502
-6217
-3762
6917
4759
7506
4656
-4543
-4778
-3341
-9659
4545
6739
734
-6496
366
-354
467
-3929
3336
3854
-8853
-3510
-7151
-3433
-7018
510
-4526
-6627
8843
-4077
5355
-2028
-8468
4818
8085
4482
6710
8164
1162
9028
-8628
-8412
-143
6742
9593
-477
-6852
8747
-8453
-4227
344
-4298
3392
-6882
693
4218
-6520
5800
-9360
-8387
8828
4996
8453
6423
-3508
7210
-9692
-7443
-3641
1405
5580
-3297
8777
-6402
-9306
-841
-5636
-3804
-286
1223
9815
-236
-8848
6338
4606
-5050
3686
-5523
-3162
-4396
-259
-8765
-4681
5489
3023
-644
7731
6196
9063
-7108
543
9234
5934
750
-1980
1217
-5638
4587
249
-1164
-9855
-4854
-9407
1979
-7210
2769
9272
7000
8410
-8206
5762
-1272
-6848
-1397
-6262
7681
5702
-4246
1373
-9885
6073
3865
-7633
-2912
-911
8114
3896
-4565
3704
-3500
-4248
-5645
-5357
-6712
-5876
3452
-245
8022
3897
5770
-1771
-2687
-3418
5022
-1210
7322
6994
9081
-398
6645
-5764
-7471
7806
5934
4977
-9790
7958
8231
-1052
3395
-4596
-7081
-3052
-1031
-4183
-202
3389
3406
9462
-2784
3269
-3187
9204
2049
9400
-2698
415
-9990
-908
9040
-8393
-180
5348
-8953
-2916
3524
-270
-3028
344
-3255
-6171
-9969
-1567
-1491
3858
5622
-1799
-9758
6907
3301
-6313
-4662
2500
7256
5874
469
8131
4053
-922
-300
5222
-3323
-8046
-4707
-5791
7631
-6242
-547
-6773
-1140
5898
5873
-5429
9721
-1997
1993
5754
-3922
5507
-2822
7136
9683
-1636
-5672
2817
-1566
702
-8922
-400
-9627
4910
569
925
-265
924
-472
-3532
-2123
9654
-5377
7730
-2729
2581
9891
3235
-4217
-4503
-8469
2467
5021
-2481
-3319
2812
-7456
1612
5268
-6043
-4327
7241
-9670
-3912
-1197
8317
-9525
3688
3238
-5416
-7240
-206
-2514
-7324
-6174
6527
-209
7972
-6053
-3024
5030
-9465
718
1471
856
9731
6883
7210
-5221
-6000
5928
9938
-4248
-7986
-2373
4515
3069
3041
8702
1169
4008
-8869
9162
3654
-8760
-262
2540
4719
-5423
-687
7275
2997
-4179
-9181
-8323
-9316
-1824
-893
4949
-8124
-507
-7110
6318
1006
-3103
1846
-3421
1642
5142
5024
-5442
-3052
-8127
-3751
2990
-2374
-5527
-9448
1939
-6543
-1205
-5724
-5955
-4541
-8087
7375
186
-7828
1280
3381
5618
-7863
-4277
3282
3446
-3532
-2601
-6296
4623
-9927
-4845
7736
-9174
-8236
111
-3752
8511
8156
-8069
-7509
-3477
2910
8618
-68
-3199
-8551
-802
-6663
2594
-1656
8717
-2437
8506
9825
9949
8449
-8320
5138
1758
6879
4239
-7442
-1171
3920
-4262
4529
3003
-9861
1709
-3968
8659
-6826
-7468
4333
2321
-9455
-942
-189
3557
-8387
-2230
-7683
7586
-6669
100
2659
-3028
-9560
-3992
2940
-7668
1640
5369
1905
-60
-5239
-7378
-8494
-719
-5709
-1835
552
-3369
8420
7880
-9537
2159
9340
-3524
3956
9610
-9269
9306
-5794
156
-4102
7388
-7266
3350
2714
9249
-5114
2083
-5581
7712
7811
-901
1349
8485
5511
3676
-1464
-6193
-2179
7496
6614
-8206
-6668
-3622
-5492
-8453
2305
1964
-3587
-7475
7748
-3084
7990
6431
-8796
2397
7838
1100
2451
-7502
-8556
-4649
3510
4355
-9349
8117
7868
-5668
-1288
1488
467
-4542
7758
-9140
411
-1345
-2145
55
-5111
4557
-2758
5729
-3432
5042
-4290
-9689
-4356
-7593
-6110
4044
6596
6324
9748
-2928
-471
-6527
-1529
-8348
5978
7669
-28
-8221
-1393
-8329
3591
1726
8874
3367
-1256
4476
-4389
4012
677
188
6970
-1008
-8943
5546
-4939
3033
-5624
1509
4836
-1585
-228
6879
9798
-5588
6303
-7091
5896
8428
9436
-8062
-8772
6180
-4617
-7407
-1369
-950
-1474
4437
-5600
730
1135
-5321
7623
433
-8558
-706
-7214
7411
-6290
5079
9203
-8141
2990
7702
7309
-3042
3368
-9595
-5417
6918
4668
7517
9355
182
5407
3047
-8501
2987
-8406
-9105
2311
-677
-4728
-6811
6797
8633
-1976
-3240
6300
-7916
275
-7487
-6511
6718
-4411
145
314
7190
-2213
595
566
-9432
2581
6429
-1281
9886
3872
-4765
-5860
3330
3154
-8977
1350
419
3134
4828
-2479
-2609
-8313
9932
1809
6206
8722
3385
-1692
7187
8562
-4790
-1720
-4265
-147
-5906
26
301
9256
5087
975
-6337
7086
3061
-9979
8553
7737
-2664
7313
-6431
2958
-1171
2483
-3318
-9559
-158
-8446
2827
6276
1898
-5566
-629
281
1223
1093
-484
8653
7987
-6700
757
-4434
-3595
-7205
-6815
-4972
1944
-3407
2654
5372
-9710
-1048
-8342
-4974
-1387
-8109
1943
-1659
-6478
-4186
-8693
5951
-8324
-1673
-7199
1158
7120
9628
-8873
3855
-2590
-6181
6869
9148
6085
-4894
3128
2486
721
6520
-3471
-2984
807
377
9168
-2992
-8344
1384
1847
7284
-148
1834
-8968
-1343
8318
7727
-8511
3343
-8482
-8523
-9477
-3748
1686
-1809
-2633
2506
-7433
9097
-9282
15
7258
-70
-8879
-5447
4768
-6558
2161
7904
-1108
7890
5711
5998
-361
-4724
-223
8625
2613
-5639
1587
6282
7838
-288
-4603
-4799
2231
2575
-8526
704
-5452
-8591
8458
3538
-2910
1430
-7476
8876
6852
3100
8593
2466
-8842
9659
1926
-1362
6944
-309
-6721
-1604
-8015
6008
-9665
2065
2157
8
-6316
7966
5684
-5366
-2182
-7963
814
-7511
9911
5680
-9780
6965
-702
-7722
-153
-3085
-9844
-6303
9210
-2269
-7191
-1215
2194
1937
8623
3880
-9101
-4497
-4697
1547
-5454
2550
-4862
47
-3043
-1074
-1168
8478
5595
-3072
4965
-4202
8319
-9156
632
-7254
-9936
-5359
9424
-4104
9351
9553
-7716
3298
9551
9036
-2104
2638
-5952
9280
-9706
9584
-261
-897
-6670
1153
-4582
1932
-9626
935
3572
-9590
-2036
-105
857
9612
-5320
4013
6154
7958
6616
-6676
357
8145
6294
1494
-2057
9583
-9388
2077
3276
7427
-2848
9391
-6579
3463
-9359
-934
-3371
6175
-521
-4314
-9815
1460
-6143
-1738
5446
-9600
-7821
-7120
1285
-8556
-2952
-5300
791
-1968
2491
-9843
9154
575
-2809
-2913
3534
9983
-869
-8955
-4394
-1500
-3662
8141
-6741
3573
-8996
-9890
-5753
4334
-6152
3970
-8321
2138
3995
4947
-7192
-6877
1805
-9166
6597
917
8805
-3290
5718
-6376
-807
-6513
-9475
-536
-8602
-1977
-7943
383
7979
-7625
1997
-9567
2826
-4448
6065
-916
4639
-2858
503
9355
6043
9071
-7328
4018
116
8145
-2021
4469
-8804
-1251
-9206
-5362
4590
5696
-9134
5511
-1330
4386
8777
-3768
-2664
4820
-5371
3493
9669
3229
4101
5287
-9169
6370
-412
-7453
6135
-7229
-3241
-3688
-4300
-3058
-5157
-9573
6070
-7935
7336
1951
1215
8096
-4103
7328
-7328
-5293
-4406
1398
7077
-7623
-2782
4152
7410
2853
5511
5868
7905
9216
-8514
-8625
8648
-2604
8750
4207
7581
-547
8793
4011
-9267
-2533
-7012
-5569
-6662
5830
-2489
3979
8307
1407
3580
-2904
4304
7879
9150
-5554
-475
-4441
-9009
9076
-7800
1215
1483
7819
-4159
-6221
-3725
-1296
6067
2870
-5561
-9078
7550
7095
8817
263
4241
1164
-8548
-8055
-172
-9101
2248
-4457
8785
3311
8336
7436
5739
-5412
9085
5330
-6855
4134
4492
103
1173
9693
-3746
-8868
-9
-1880
-1014
-2065
4395
7332
-8953
3261
-1826
8086
1389
8819
-6730
2652
-4032
-5392
7487
-2940
9577
-1636
7613
4876
3548
3419
-9812
6139
-4346
-309
-399
8646
-389
-770
-2891
3881
6341
2019
1978
6803
4556
3865
-8590
1608
8516
-8220
-4000
-4171
3299
8059
6272
8321
571
-4528
-6161
2751
6723
-6653
4935
5961
2329
3635
8829
-5868
-5955
-3162
-6859
-7769
5460
-3307
4293
1122
-9639
3684
-9342
7546
6036
510
-6382
3114
-3837
7332
9334
5092
3
1316
-2786
-8911
4763
6013
-646
-3601
-8806
-2971
737
3763
5832
5429
3823
6108
-8633
9286
3623
3919
5920
-6933
4306
-5106
-3515
-7537
-2193
4879
6300
7625
5519
2746
7692
6184
-90
7952
5427
-4215
837
-2361
-1930
-1184
-6129
-8202
-4248
-3852
1126
3791
-4600
-4975
3193
-8394
-7402
-1426
358
1121
8393
-6996
-5338
7749
-2361
-7029
-9531
-4782
2441
901
5212
-4671
-9695
-6488
-9100
5382
3038
-3388
4531
2727
-3859
2080
3042
-5609
1134
-7331
-5012
9160
8969
2195
-5101
8701
-8581
-6874
5252
7255
-1302
3098
-6183
-6409
9476
665
1388
-9792
-6739
-5348
5518
3546
-8791
-3035
-7811
-887
-3502
3553
2308
2569
-7618
9709
6562
-7562
-7898
1372
9783
-6333
-8206
1678
-9952
699
6196
-1452
8961
-4460
-3926
-1631
-9668
-8664
3445
-6990
-1723
-6554
1056
1952
-7402
5587
-9218
-7535
-2463
-5546
9221
9516
-5329
1944
-1189
-3485
2439
3020
766
8444
-4045
-5357
4704
87
-4212
-8981
-1034
8260
4187
-7640
4664
-6616
-2156
7278
8988
-3931
365
-2180
949
-9549
-9709
1051
7524
7826
5062
2178
-8932
3183
-6760
-1249
5842
4991
-4511
-6670
7877
5997
8116
-3497
-8179
-4339
511
3842
-8760
4594
-9459
-75
511
-3082
-2117
5620
-6745
687
-6264
-3542
861
-5225
6251
6100
7628
-2028
7353
3529
-6346
-7782
-8379
-4674
-3800
7222
3179
-7826
3827
3569
1115
3750
-541
8469
-346
-4228
7008
861
4525
4894
7554
8513
-6215
8192
-7196
3970
7859
317
-3161
3730
9765
1261
3774
9490
-4307
-8499
4589
7244
-16
-5158
8891
-1577
-9525
-9086
-159
8805
-2495
-3931
-8659
1518
-3776
6513
9064
4226
-5732
-4042
9342
4984
9556
7350
2675
-2150
-3556
-7099
8
-3954
-9757
-3808
1096
2099
-6437
8595
5539
-7966
1478
-2591
5650
4488
-3387
6367
3572
5526
8313
5655
-5885
-1143
-2622
-5628
-6426
-2592
-5758
-6043
-5657
-3948
-1635
4241
-932
2392
8174
-8457
9602
-9985
5865
7606
4378
9245
-5309
-949
-8848
-9339
9370
6856
-9370
7251
3724
2470
4408
-6424
-1660
-4208
572
-270
-4453
9689
9300
-5157
9222
-580
-2119
-6927
2745
-4076
7325
-4736
6343
204
6730
-2139
7561
-7609
-6823
-6254
9258
-9300
7484
-8301
-6294
-6294
-1686
-412
-7688
8561
-4861
7698
6579
-1691
-1387
-2391
-3541
2149
2316
-6643
8498
6209
9956
8416
8413
-9173
963
-7793
-7411
8374
-212
2612
6943
-5358
-6180
4550
-836
-9964
2447
-6606
-264
2828
-319
6477
7790
9339
3083
8399
-7780
-1781
8513
-6114
3937
2789
-7942
-2324
646
6731
2986
-5287
-2899
-6983
5691
-871
-521
-4562
1269
8190
8484
-778
-9073
-9538
9212
800
-9199
-9642
-9671
942
5533
6762
-7282
-9901
-8422
4919
5144
-5742
7255
3967
-2238
-9816
-6345
1640
9828
-7935
-5867
9797
4131
7456
-817
-244
2910
-1020
6168
-2486
4233
-3367
-5299
-9800
-3361
-5178
-5014
-6987
8634
-5043
-8212
8850
1996
8049
1282
-9394
-7064
-5047
-5310
1852
-6135
-8114
4122
288
-9598
7723
-620
7584
-7211
1450
-4244
5062
6036
-3839
2479
4077
-7319
4188
-1486
-2338
3457
-7522
5826
-844
1492
3849
-5650
4862
-5372
-3489
4143
-8295
-8885
-5796
-5051
-7534
-2602
6448
8744
5247
-3849
-6158
8218
8163
4428
-6146
6015
-5410
-6262
7733
6245
-7178
8779
9949
1616
9129
500
6328
5058
-247
7956
-3720
6189
-3673
4126
6652
-9136
5136
5487
-1086
-4585
9395
682
6496
8538
2289
3162
8944
-4021
3248
5258
5050
-301
-6852
-9435
941
5466
-2928
-5814
-173
-468
6347
-3980
4176
4349
-5942
-7742
-9366
6363
-4463
9454
-6038
4720
3060
-7201
-2451
5735
6800
-5300
-9192
7061
-9083
3847
-1111
-1789
1672
-8366
-3434
3939
-6447
-9625
-5427
2559
2717
-4056
-5140
-1666
2853
415
8626
7185
8216
504
6016
-1370
214
7526
-7318
92
6754
-834
-2149
1312
-2752
-8563
2780
-8509
-535
7196
6845
2401
9237
5317
-2521
577
-5922
7703
-4016
7571
-4899
-4301
-9987
-992
-5537
2400
2087
-784
3920
-9392
1240
1423
-7926
-6030
-5638
-1183
-9023
399
1135
-11
-9384
-2590
-8932
7833
8108
7471
5364
3998
6603
-1026
8943
1304
4138
670
-7609
-8889
9464
3990
8600
-9007
7397
4765
87
-2215
6170
-5283
-3261
7653
-1813
-6343
-8889
-3265
-960
6543
3576
7091
8885
8407
2357
771
-4711
2456
-751
-3636
-6858
-7522
7983
-9017
-9900
-3101
7133
-4411
-5747
-4851
1590
1382
2215
-1831
-9112
3362
-5136
2790
1221
3786
7506
1619
-336
1442
-9527
-1588
-1404
-5022
8916
643
2322
5566
-1242
7347
-4253
-7080
7656
-5413
8082
1010
-2234
-2114
-3489
8389
5657
7211
-7663
-1195
-5561
8991
-8767
-2213
-1728
9466
8462
-6578
-6152
8654
-704
3077
-1435
2925
2053
-9144
-5932
2114
2754
4650
-8547
5380
7673
2849
-7966
-7005
-2134
-4245
27
8515
-1964
2594
4499
7950
-4545
5242
2399
3850
-8069
8994
-8240
7281
7380
-5268
-2796
-5344
-6217
7609
-3914
7650
-7338
8957
4552
-4871
571
-4557
4023
-5323
614
-1716
-8471
4558
4424
-5885
-1052
-8406
-1991
-6452
-1337
-6060
-5658
723
-8853
-9406
-6115
-8851
-8015
-6358
3063
-7507
8009
6141
4941
7729
6812
-5148
-7830
-1877
8483
-7869
8912
-2848
-938
-5049
9700
333
7630
-8212
1362
920
-3729
-7349
-3437
-2170
-1645
506
-9322
3524
-6195
4290
-8594
2462
-9739
1179
-6508
-7282
3070
9039
9801
944
5603
-5841
1717
1283
7953
-4242
9475
-8004
677
7795
-3058
136
-6765
-6650
3980
-2140
5861
11
-8138
8320
9024
3732
5104
3174
2721
6198
-2619
4134
9396
1800
-959
3799
-4454
2438
4114
-1930
-761
2092
-5272
-5949
-5859
8706
803
-1816
5007
1799
-4230
-1590
2121
6984
1961
-9410
-6953
-1586
8289
-8916
-7252
1374
8061
-188
-9337
-8757
-8641
8877
-3515
6052
6651
2450
1081
72
-6624
-9788
3385
-9124
7092
2180
7962
-3990
5540
7564
7745
-8566
3593
1312
4120
9725
7761
-6583
2716
-2109
-4664
9708
-5520
6857
2024
3156
9615
5800
9766
-4066
6560
7870
-3954
5508
-7915
7246
4538
4585
-1383
-2326
-5750
-205
-8715
-5006
-8850
8579
-4437
3007
4862
-8048
2575
2649
6443
-9054
3208
130
5546
9081
5782
-5249
-9522
-3304
-9711
9575
2527
6532
8792
8304
-2619
-8257
-1575
-5425
4740
-3142
4335
1435
-5368
3709
9277
-7202
-1620
-6998
322
5842
8428
-4889
-5746
-6882
-8762
-4030
-5152
-9990
9840
-528
-1564
-3728
6451
-6039
-1075
2305
117
3179
-7427
-3380
-5542
-1044
2965
9003
4270
-729
4737
3139
-637
-5202
7457
-7272
4391
-8708
2602
-1391
9728
5790
829
-1272
-5427
7691
1233
2114
-5494
4486
-5115
-3531
889
-7014
-1536
1033
4107
9303
731
-8442
-8379
-2254
980
9260
-9756
-8811
4907
-9017
-1824
-4116
-5293
1622
147
-7327
-3524
8125
8494
-3815
-2977
4684
9217
4579
212
3917
218
7573
2364
4357
1683
-8378
-135
-3912
-8632
-1823
1778
-7201
-4581
-8759
-7440
-2959
214
-3121
2003
3896
9793
98
8866
6044
-2079
5950
-9286
-8837
-3497
8286
4002
3627
6671
-9988
-9471
1620
6876
8863
7178
2741
1843
2921
-8117
-8030
-2082
6811
-1546
4042
-7839
7340
-6562
-2050
2469
1060
7336
5052
9229
-6742
-9646
3982
6302
-259
-2526
5254
-7022
2982
6715
311
3985
5904
4755
-4818
-7873
5242
4810
-3021
-1620
-3180
7652
6504
-7225
-110
7136
-9975
690
-4056
3068
-9282
5083
7342
8570
1137
-5956
7290
9758
2367
1901
-2032
-3975
1387
-1227
4127
7506
8508
3919
9582
9076
-4953
8851
8746
913
8581
-7650
3395
-5967
7412
-4394
-4736
6515
-9724
-3606
-3878
-6415
9021
9474
3868
-7668
-3008
2845
-5063
6339
6726
2795
3026
-6292
-1385
7806
5922
-4220
-8648
-8878
6951
4410
2377
9752
4030
6253
-2660
7861
-2187
6978
4356
5067
3816
-9289
-1693
-3378
5124
9824
-7387
1092
6824
-861
2999
1606
-2120
5116
2547
2163
-2143
-188
2187
8365
-2813
9814
2224
3644
-4246
1140
-5937
-3410
-6803
-4655
2399
-8471
9019
1720
-825
9501
-50
380
-5972
-3154
-3117
-9800
-5143
880
1814
6704
-9086
3597
-667
8869
5193
820
-5437
6917
4951
1901
-8977
-8148
-8917
-8902
7868
-5406
634
-1606
2540
1069
3907
9978
5013
-9310
-7355
-6032
-977
1847
-4079
-1169
-8819
6913
-6556
6382
2834
-2709
3555
-6887
-5608
3314
8706
-6956
-5156
-3230
-3347
-2073
2370
7289
-1788
-8701
-6458
-1230
7288
7217
9047
-8028
5219
-9600
7477
9113
-9477
-2274
-5367
-6855
698
3554
-9679
-2629
-8092
9463
649
2059
5756
-7364
-2890
-4351
7841
1148
7687
-5459
1093
-1672
-5064
2684
6591
-5756
17
-8368
-3273
9795
-354
-4226
6184
1746
-5917
1929
9684
-2321
3115
8072
9359
-3461
8976
5653
3915
-7165
4409
4847
-3962
-7786
-8700
7042
8383
7903
9280
-3559
1546
-686
-9453
7400
6179
3689
-200
-9666
4047
-2152
3747
211
-8584
-6464
-7778
-1831
9388
7811
8731
-9573
9137
-7067
1601
-2632
-3130
2052
1806
4087
3826
4439
-7104
-3013
-3767
-4598
6032
509
-5294
4046
-7349
-2047
4165
1361
-5300
-2420
4434
846
6565
8169
6453
-2106
-4246
502
8015
4988
-8163
-5280
3320
7328
-9616
7812
-5281
2070
5880
1307
-5847
-9616
-8789
9588
-5681
-7054
-9945
4542
-6352
4830
3265
591
-1205
-9597
3300
-1938
4001
7097
1630
9273
4257
-5956
-5642
-7627
-9120
8775
-8580
-5082
3934
-9944
-290
1646
-6909
3389
-9585
-5822
-1430
-9203
4584
-6960
3824
-3520
6741
-775
1512
1023
4555
2477
-8073
-9629
-8993
1610
-7901
-5347
2372
-2974
6621
-5299
5339
126
-5853
4260
7895
-5127
6150
7136
2601
4234
1034
-4409
-1354
6900
7810
-360
7978
-8749
-4264
9188
-6062
8765
-6572
-210
-1788
7317
7046
-4114
2439
-1176
6
8473
9846
-883
8996
6200
-1303
-2676
3842
-7263
-7050
8479
7874
-2700
5434
9250
-7060
6418
3211
-8988
5140
-9530
49
3872
9140
6464
2301
-8383
-7537
8403
7269
-3303
-2223
-5905
-2541
-391
9013
-4625
7776
-9217
927
731
-3406
1097
-5213
-5961
6994
9171
-8926
3658
303
6714
6994
-4190
483
1320
1604
-7628
-3087
-9886
5897
4494
-4300
3271
-8187
-2703
4173
-2881
3
2485
-5984
8462
6363
-2570
-7632
1126
8006
6153
7525
-6621
8374
-9319
-177
-6483
8779
-2235
9451
-7806
6856
4889
-8887
-8438
-2554
-9632
985
3049
-9822
-2771
2528
4457
-2553
-7547
-8595
-2669
-4861
-9057
-5751
9013
-9732
-9454
-3474
8598
-346
-5213
-1173
1241
-3297
4818
6002
4183
3259
-4550
-2099
-1770
-5041
-3714
4164
7418
-9603
-2346
-4645
7249
-3197
9591
-1896
-5516
-6639
1310
5207
-5569
-6495
-880
6598
1887
-494
-4248
9828
9837
-2821
308
8777
-1087
2469
6222
1740
8289
5011
3152
-9596
2587
-9825
-2770
-8654
36
5795
-2891
265
8597
-2026
-146
-7013
-5303
-3775
-9325
3070
-5196
-5443
2657
-6319
-4817
5036
-5956
-1458
-5629
-294
-3336
8252
-4947
6661
-9625
3913
-5529
9434
-6185
-806
-2573
-4535
-6100
-8075
-5382
-8984
1642
-960
-6125
-7640
8810
-145
-6154
-167
-2299
-8461
2410
1916
-5786
-1779
9891
-1772
-5807
2374
2602
-722
-5791
-2824
-1664
-257
-7212
9729
902
8116
-8467
-2061
6459
5640
-9114
4478
8621
176
-3892
-5282
5246
3590
-8849
6462
543
2110
885
-6908
5103
8783
1930
2004
6653
-8186
-1132
4696
-8528
-8388
5095
9162
-1467
591
4525
-7255
6272
8522
-9026
-3292
-7043
6315
-3722
9297
-6385
206
1804
-2143
-1607
-2161
5375
7279
-2951
-1347
4386
8512
7023
-4390
4700
-4403
-714
5564
-7893
-6489
6396
-2517
-4936
2513
3294
-4674
2575
-2417
3546
-5619
-4822
-608
5753
-5711
5941
2158
-6409
-5421
2655
-5447
-5186
8964
9137
7736
6156
9533
1088
-4177
6306
-6479
5670
4012
-4356
-3056
-5308
5687
-3444
4600
-8076
-9428
5824
-7924
-448
8055
-5520
-5735
3725
-9860
-8252
-4433
-9311
4458
2250
8925
7635
-2150
-5108
-5630
5023
5435
-4387
3331
-2086
7408
6555
8833
1212
6745
-8787
6937
6250
5916
-1005
6193
6074
829
6376
7376
8228
-5695
-8423
-3760
-1296
-265
-5724
-8112
4086
-8565
215
5956
-7818
9052
-8454
1076
-2319
-9827
-9794
7438
-2634
108
-402
4592
1347
9655
-1097
9676
-1035
8439
-5673
-240
-7434
4486
-2337
-9194
7811
-6843
-3886
-7989
8878
-3016
-218
1348
-9040
-6894
-6285
-4205
-2513
9898
8434
-4147
6971
-3331
-3439
7960
-5590
7398
-7068
8923
9843
7025
-697
-7605
6041
-495
2717
-2047
-8540
-1505
-3025
-6128
-3223
8963
-5323
-5467
-3470
-1020
9342
-1009
-7842
-7427
-9917
-2313
6876
9597
-8205
9443
9665
1714
2351
-8958
-7580
-8086
-4392
9495
-399
1342
-6505
-1549
7833
-1529
-5604
8844
-8771
8286
-9427
-5052
6930
-8955
5074
120
510
-7291
-1336
20
7160
8323
4640
3391
-9917
7084
-5182
-666
4888
136
7673
-4667
9661
-2927
-8678
-8321
8773
3437
5446
-1900
7522
-6977
6689
7268
-2368
-5162
9251
-5241
-451
7027
-9310
5098
9156
8580
9832
7428
-9267
-4182
8257
-1099
958
6272
-995
-2621
846
-8597
-9737
2148
9347
-5357
-6593
4152
-6206
-6726
46
3064
-9662
6562
9799
-4574
4464
5287
-2004
4567
-7336
-1660
2582
5184
735
1717
6984
-1513
9553
-3924
-7588
6224
-4331
-3751
4380
9611
5100
-1548
-6327
7710
-4210
-3746
5143
-1660
-54
-402
3352
6095
3859
-2835
-713
5067
2172
-2861
6846
625
3438
-7901
9121
9145
2374
-4760
-6458
980
4902
3250
1648
9356
-4695
-7950
5128
-8013
-1933
-9913
7513
-5662
-9515
2011
-7464
7509
7087
-7352
-2049
-8711
457
-4364
-6799
5116
-6303
-9679
-8028
5631
-5385
2338
-57
3288
6232
-3932
-800
8949
4284
17
-8805
-5763
7057
7590
-2964
8883
8643
2542
1990
-1862
3854
777
1324
4405
9571
-3334
8410
483
2655
1513
-543
-4549
4216
239
4429
8830
-5132
-5968
7915
-4628
-8314
-8286
-316
7558
1174
-4716
-8083
3169
-272
-2686
-5425
9441
7738
172
-2601
3764
2599
2732
8884
921
8376
-4043
-4468
8127
-2586
3488
7063
8387
-4486
-3245
-3494
1720
2936
4497
-5814
5033
9788
872
6766
-774
6387
5445
-2630
-6582
7337
5261
-1824
-4099
7515
1780
5717
495
-4492
-5368
8381
4456
2770
-3047
-3837
5139
-7747
1485
2158
-6554
9859
26
5473
-498
396
-1001
7848
7878
-77
4470
393
4103
-9445
4706
3681
-7247
-3324
-4828
6905
6967
-1340
-9605
3876
-5825
9824
7571
-7490
-913
-8115
-5453
-8239
-9148
-4100
4936
-3112
9106
8489
2952
-2174
-6541
-8620
9108
357
4344
5320
7193
-8862
6006
466
6813
-6764
875
-9231
-5965
4583
-2090
1430
-6473
-2635
2298
7895
3010
1255
3466
606
-4774
-6436
-4636
9582
9794
-7766
-5845
8440
-8100
-8987
-6588
-1649
9092
3195
7291
-2965
9218
471
-5991
8460
-5791
-3256
3095
7936
7959
-2068
3166
-6634
2467
6710
2800
9073
4397
-1218
1481
-1249
-7246
4285
-8250
6015
-7137
2124
-526
-8206
6722
-2765
7206
2499
1643
3055
-9136
-151
-5051
8483
7724
-8023
-7200
-9094
5702
7412
6670
4840
-7721
-4089
-1855
-40
-7545
-5721
4654
-422
-4055
-5756
186
-315
-4245
-9818
-9113
-4643
-1120
6922
1125
7104
4955
-8636
-2702
-1651
6255
3584
9684
-1531
9689
2100
-3418
-1163
-6141
4911
-3400
5835
-8841
9269
7811
9897
-6539
748
3675
9205
7584
3120
2566
-6945
-7250
643
9481
8651
-8778
3015
-1869
-4550
-5164
-7220
9850
-7537
4067
-2654
8282
-4324
8052
1187
870
-4444
-6633
-9583
3981
4827
3542
8614
1127
-2158
1807
-717
9739
7667
-177
2939
-723
3871
-7971
8209
6735
6020
9838
7827
-3394
-5844
6922
-5507
3388
-8814
6622
6903
-7680
-6584
957
-9602
-8694
1906
-7698
8914
1204
4849
6636
-657
3663
9424
3181
2531
9932
5960
3037
-8541
1707
8413
8633
59
4829
6416
-4297
1068
6691
5479
175
929
-8799
-8823
1151
7346
3577
-1023
-4107
8950
7255
9535
4684
643
3112
4900
-7689
7434
-1723
-4095
-7569
3915
1738
-128
-1938
8775
8138
877
3944
-2954
4665
-861
-3829
2564
-1782
-3862
4845
-5918
5838
3883
-4724
2492
-2498
-270
-5181
4622
-3774
301
-7375
9668
-2475
1911
4156
1253
9700
1204
6432
3185
6620
1993
-8034
-9430
3209
6799
-2597
-8320
6647
-7585
8947
8253
-4042
2435
6034
-3746
3010
-791
-3281
-4156
-2560
7409
-9575
-4511
-1205
3530
3820
-4517
-355
7754
1122
8801
7536
7008
-2359
-5809
-8450
6027
2254
-9656
-6620
3654
2323
-9921
572
5859
-1013
-6388
9868
-1820
8504
-5598
-3662
-6193
-3323
7098
7555
1071
-2755
-4031
-8206
8207
6509
6836
-7506
606
-4695
-2537
7862
-6750
-5770
334
5881
-176
-2448
5082
-3159
7449
-870
6431
-2633
-9894
6751
-6063
-864
2175
1753
6519
-8269
-5869
36
-7148
-3472
-8665
8211
-4114
6900
9639
-1053
4373
8957
-6864
2665
-2934
-4637
1171
-5349
-8003
8184
-4123
2692
-2813
-2347
6608
-2838
4192
-7659
888
8818
6250
-3976
-4253
7945
2194
3560
-474
7720
-7115
-9521
9239
5671
5902
2285
-6222
-8195
-2057
-892
3996
4085
-8954
-8757
-552
-2243
1606
-9561
-5826
7077
-7805
1040
658
1234
3223
-2645
-9940
9180
3596
-1301
-7339
-5866
1869
3812
8001
8577
5334
8509
-3268
3683
1585
6198
7279
2610
1911
-1173
-6021
-9701
-2220
8930
8089
8746
2273
-3672
-4513
2764
3162
-1029
6966
-4874
-8157
-6918
-5474
9308
8855
-1231
-2742
4875
5812
-3833
5176
-5984
5034
9482
832
-9535
9080
-8448
6119
-1949
5898
7681
4252
-4362
-7413
2194
9703
-9708
5245
1750
-2320
6871
-4164
-2781
5902
-3158
6009
9451
-8528
9542
5332
9003
5753
-1543
4965
2612
-21
-3600
8087
-1548
8781
1225
5730
-6313
-9661
9123
-6092
-429
-7814
-1069
-719
-2346
-5291
-652
3388
-357
5163
-865
8189
1961
-6308
-7671
8003
4409
6352
6422
-4511
-5577
-5904
-7469
-1970
9546
1798
3194
5445
920
-2253
5319
1999
8099
-9158
8644
-9867
4473
-9653
9116
1985
-3509
-5142
-7513
8374
4369
3351
-6129
-8257
7880
4065
-7861
716
-8695
7177
9901
-6784
-7479
-5384
3315
-8009
6162
7217
-433
-558
1704
-2911
9875
9372
7565
-1138
-1041
8633
8205
-7795
-4607
8619
1113
-9027
3147
4989
1357
-9019
9320
-9252
1715
2377
-1788
3773
-3829
4829
1931
-7423
-3192
5119
1009
1245
2797
-3613
237
-1052
-4295
-1491
5194
-9965
5990
-4831
-508
4577
-615
-6001
4382
-7573
7588
837
-5566
-4281
8140
-1211
-3917
-5115
-1753
-9332
1410
6234
-3262
3197
6587
-7967
-9500
1078
6295
-4503
-2605
227
-1952
-2721
7893
-7410
-4398
-8336
1408
7230
-5906
-803
6593
-5537
4990
3831
328
-6629
775
-7232
-1628
-6934
-5320
6256
3283
2018
-6518
-8535
3974
-853
712
3719
5761
-8763
-2477
-7260
-7991
9402
9693
9670
-5084
9341
3674
-6331
695
2537
-9665
-6244
8189
3464
5090
4341
2474
-579
-2846
-9866
9162
-1918
-389
-214
-2733
-9427
3155
-2247
-434
-803
-2287
5199
3546
2960
161
6903
1643
-789
104
9992
6050
-8665
-8182
1640
3543
4717
5640
-500
6756
-8693
1002
54
9716
-2169
-1870
1251
-8772
2948
-861
-8447
7810
9091
5867
1748
3789
-5810
945
-5610
-4164
-1820
-8537
-2928
5725
-6251
5292
3379
930
-3856
3474
6734
-6989
-5279
5240
-699
7993
5750
-2776
3089
-284
9628
502
-1068
2177
-1242
-8835
4239
9980
4550
2670
-5879
1598
-8873
-6443
-4251
-920
-1901
-4742
-1491
6432
-1603
1822
1072
-4766
3506
-3302
6496
-9653
-3658
9665
7070
-5341
3273
899
7160
-5464
-6052
1845
-258
9581
-3594
-1018
7916
7993
-2603
8693
-5309
-3131
383
8332
-69
-7056
7223
-9643
-8348
7513
8340
-7905
-8594
-7155
1666
7596
-4298
9938
8406
8005
-872
-9375
4715
-557
-466
-6926
5513
-1625
-3724
1946
5349
1862
9170
-8281
-2296
-348
5948
-2468
1751
-8405
7626
8412
30
6704
5609
8397
1323
6087
37
-4635
8717
8564
8776
-3665
-7856
8442
-7748
-2144
-3321
-2275
8303
3410
-7292
773
-9172
-4695
785
1899
-1149
5882
3237
1898
7220
5115
3058
-3676
4151
8729
354
502
4747
-2958
8384
-7950
-3751
-9712
-8499
7068
-8524
4913
-3566
-2633
3707
-8216
-7975
-6858
90
9669
-8596
9263
-6745
9529
-5864
9847
-6050
-8635
-4299
546
-4655
1280
1186
9169
6722
666
9539
3755
2798
7301
8651
8660
-2260
-3410
6613
4664
7066
9579
-8808
-3302
1321
3484
1616
2298
3029
325
-3925
-8710
1619
700
4000
219
-9551
294
-3514
1162
-1125
9671
6467
6677
8140
-4916
2837
-5773
-300
3493
-7309
-698
9927
2572
-2655
-3457
-5028
-5810
-7325
3124
1057
1451
7927
-2549
-7066
-648
-8461
2387
3006
-426
-7052
4258
4193
3334
3169
8021
2693
6105
-4608
4560
6749
-1323
-6855
-3155
-7719
777
3046
1135
8698
-650
901
9837
-1201
337
-2816
5963
3967
-3534
4324
1825
-4632
-3089
-3029
9272
-9334
2343
-6136
5155
-8863
8019
-8750
1326
-8957
5072
5422
-2170
778
-1788
859
-2346
3835
-1136
9613
4629
2297
5927
7650
-1669
-8457
-8526
-8246
6881
8619
-4588
5410
8701
8846
-738
5921
-5452
-8357
6872
-8901
-4359
-3550
7881
-9578
185
3976
399
8087
865
-2639
-9744
2350
-3081
8110
69
-6213
9303
-5804
1084
-618
-8483
-1799
3296
9917
57
588
-1459
1000
-9346
-7942
-7555
-4366
-3320
3017
1774
-8909
-5665
7388
8157
9188
-6623
-505
276
7606
-2076
-7510
1009
-4315
7838
2770
5860
9120
9537
-504
983
7946
-9003
3538
9785
6950
2519
881
2921
290
3627
-2037
4391
-782
4337
3925
-8125
-5004
88
-4985
4032
3124
9757
-9292
6585
-4340
-2043
-7199
-6338
-6168
-207
2054
2325
-6907
2141
-2321
-4611
8939
-3789
2294
1017
-8551
-6105
4790
807
-6986
-7578
-9936
-807
-3911
1927
-2362
-4557
-5213
2968
-1442
5832
-3049
-6773
-1714
2072
-4111
7007
1437
5667
3541
2338
3472
-1217
-4461
2896
3786
-5739
9058
-7345
-8484
-7128
2741
9673
-5971
4045
1874
9362
7128
-2526
4150
2600
-6262
-82
-6880
5740
-8324
-2418
-705
-8098
1758
-5019
2928
-5381
-8250
-8202
-6848
-5148
-729
1704
4590
5483
1581
6875
1971
-766
6208
246
102
2122
830
4223
-8443
-1673
6494
-6643
-4156
-1507
9427
2104
-2547
5326
3049
-7680
-7431
9022
9696
4117
2905
4728
8082
-7100
-5049
-7699
-2019
8850
-3926
-8465
-1931
-7073
6983
-4606
-5371
-1564
-9195
-3930
2497
428
2728
212
8939
-5703
4236
-4219
9931
6538
7385
-2518
-4119
-9812
-984
-9425
-3644
-886
5933
-8864
-2155
-1342
-2816
-2640
8834
-4011
-2874
6736
9222
4914
-1751
9360
-9540
-6196
2437
-5388
3603
-1203
999
-1289
-7738
2139
8519
-5949
8433
2823
7857
3486
3906
8155
2795
5231
7587
8755
-9091
2359
-4888
7994
9444
3163
7216
719
-4494
-4381
-5546
-8656
-6581
-9583
2824
1898
-5679
5007
-4794
3392
1406
8565
8525
3484
-7274
3749
4460
8247
5086
9170
-323
-5235
-1243
-2766
3542
-7268
9320
2770
3998
1553
4168
-2475
-811
6788
1500
1092
1313
7779
1897
-5764
9742
1892
794
9618
7799
2479
-3317
-9072
-3009
-1503
2178
-2096
237
-3328
4506
-920
4034
3369
-2643
9990
-2514
3085
-8289
3936
-3285
9271
2748
7576
-7027
9658
-7239
137
-100
-2128
7631
5775
-1691
-3053
-9195
7917
-5309
-5483
3096
4447
-4066
-4007
4196
-3124
-4933
3743
9707
-4533
9396
6286
-1021
6321
5100
-8508
8724
40
-5025
-369
-976
-9080
-3193
-4813
3480
5459
3525
-8504
-7467
-4957
3500
-5394
-4744
-9207
-9614
-604
-1079
5306
-1497
2457
-5383
9920
-5113
-8972
-7106
-1053
-5957
5484
-616
7238
-6674
5754
2296
1086
-9845
9343
4105
-6686
-5208
7975
3857
7132
-9181
4744
6458
-3878
-4815
4508
-7560
2623
6606
5372
6470
-4756
-4729
9276
5669
-9660
5839
2502
-8749
194
-569
5543
8332
-7416
2035
-6848
1852
-4326
8529
5803
7062
-2743
-5006
4434
9611
6559
4296
3999
1936
-4128
3700
-5859
645
5342
1847
8046
-9005
1194
-6239
-2445
-9497
9064
5275
6540
-2193
2269
2913
-2655
8412
8687
-7487
4668
-4115
-8651
-2668
2698
-3843
3176
4026
8994
1579
-4752
-806
-3033
7076
2573
-692
223
-2607
3181
2314
-170
-1007
6255
-8944
174
5975
3978
2059
-869
-313
381
-9921
8330
-123
-9002
-2344
-6715
-1871
9076
-8167
3993
370
-7531
-3158
-967
2598
9130
-5571
4218
2841
7
-9496
-9922
4722
-9099
2237
-138
-8663
6711
5122
-2140
5964
7428
-6980
4527
7036
-8233
-375
556
3884
7051
7911
-9715
1109
9275
-3314
-9300
7136
6194
-5867
1880
9895
2679
6739
4648
-6119
-2335
2525
-4125
-8627
-5432
5712
8914
14
-723
2366
-1805
8415
6008
1660
-4211
-8909
4846
-5143
5243
2892
5080
8157
-5272
-3446
-7233
4852
5593
3623
-4594
4744
8747
9824
2375
2077
8974
-2680
3763
-9873
-9201
2750
-6642
6244
186
-7550
-6412
7257
8278
-4759
3548
8381
-9091
-2513
-6552
7496
-7015
2043
9309
-1014
-4850
-8477
8969
4677
3761
-4912
468
6028
6387
-3108
1659
1508
8608
2219
-367
-1324
4777
8333
-7315
1290
533
8897
-4626
5553
4152
2598
7847
-9636
-7141
-3551
-4337
-1405
4818
-4668
5167
-4363
-2086
4414
-6253
1958
-3970
-7178
-3219
7377
-6607
1185
-3002
-1055
6832
3486
-9348
5168
-5592
8537
9311
-6933
-8731
7945
8351
5647
3544
-7334
-7249
4151
1945
8164
-9024
4858
-5854
5476
-6457
-912
1280
323
3299
7855
-7561
7064
9658
-2791
3502
-7516
8738
-4587
2856
2211
695
-6401
776
4443
7437
-6967
5144
6313
7157
259
-9766
3472
395
-7415
3102
8836
3833
-6986
-3158
-1244
961
2999
-3741
5011
2670
-8589
5908
3849
4172
-85
-8671
-4569
-6624
8857
8968
-5376
-176
-4327
-5948
-6724
-9454
5050
-128
5099
-6785
-1606
-5681
4175
-8683
3042
5044
1176
7441
-2779
-883
4156
7209
-3167
1044
-3789
4750
-4054
-6852
-8882
-8076
3887
8598
-7160
-2955
-2742
4189
9043
-2689
5181
-9892
-9161
9808
-4297
1157
-3585
1775
2091
4055
-5713
2206
3189
-1861
5668
4799
-7871
4278
-9913
-4203
-3137
6279
-5673
3962
-4898
4402
5120
5726
-1878
-2157
-8649
1473
-6011
-3051
-3797
-4519
-7150
1442
-4282
8928
-1711
-838
5955
3284
3599
-3819
990
-5998
1112
-1835
3710
-7990
5554
-9663
-4402
3714
2016
-4047
8510
2322
-3754
-1741
-8133
-241
1860
525
9516
5682
5193
3220
-5461
-4112
-3915
-4683
-4022
8851
-8839
6072
3858
5509
-2515
9002
-3110
3286
-1856
-9301
-2307
8331
1084
5277
1874
5968
-4078
-2945
-1887
8009
2744
-6705
1364
232
9129
815
-2001
8433
5937
8806
9734
-1688
-7132
4734
-4778
1928
-1455
-1207
2422
1336
-8503
6527
-1937
7569
1149
3685
6993
5553
2068
-2773
-7028
9006
-1678
5312
8891
4932
8582
7184
5066
124
-1139
-8742
9922
148
7285
-3991
6684
1471
-9295
7824
5751
3748
641
2706
-3976
6183
-4264
5710
-627
-3367
4178
4178
-8200
-2838
-1574
7921
-3276
-1804
-4734
-567
-1612
2591
5395
-8533
-6553
4857
5210
-8117
-3495
-589
7852
-9260
-8468
-7551
7646
5337
4722
-5037
-5430
7562
-2213
-4186
-1532
2397
-183
-9989
-9918
-6329
-7600
1078
-3304
-554
9706
-4109
-599
-7436
9001
7284
4897
-4597
5775
3540
3584
3790
-9203
7441
-4790
-8427
-3634
-5298
3487
-6988
1426
-4341
6482
-3359
4121
-2126
-4261
1401
1466
-7568
-1574
7325
-5829
5635
-3070
3388
2372
1987
2784
7768
-1685
3756
7401
5232
2022
7822
6814
-690
-3969
-7292
-9451
720
186
3948
-1064
-2720
4605
8057
-2763
1336
4837
1792
-2983
-7039
-3614
3152
-789
-1744
-9488
9140
-8719
-772
-4561
-5192
7684
9923
-1462
441
-1423
-6007
5931
8628
-6294
3889
-2882
-515
5472
-2150
2415
-5939
8639
-4748
-3608
-3225
-6311
1209
1245
-7351
9101
4508
4235
9097
-1254
6267
3142
-9450
1786
-9485
-4093
7839
-6677
-6737
-7740
-6939
2247
-7735
-9013
3586
-5226
-5854
7384
-8102
-993
1141
5997
1792
-8204
4032
4459
-9236
-6438
1723
5573
-79
-8660
3856
-4353
-8615
4639
7704
-4321
-9244
3750
5328
3175
-8047
-4803
309
4360
-481
-9160
-2232
-4537
-1988
-6126
5098
372
7931
-316
-3702
6110
-436
-1955
226
-3263
2494
9903
-4986
1664
9805
-4392
7457
3283
374
8134
-603
102
-9435
-2126
-6776
5638
-7917
-2518
1886
-5348
8621
-7703
3967
3204
-144
-1365
8918
8141
381
-1882
-8328
-4619
-7561
-8632
3171
-3133
-376
7352
7688
2987
-3549
4151
2568
-1146
8343
9581
-5362
-3789
8211
-2246
-3463
2430
7604
117
-5666
7898
-3956
-7020
-2985
5134
-4104
5438
-1514
8484
2581
-8874
1567
1505
2448
-4252
4833
9396
-8832
-8893
5613
4049
5424
5262
-6332
-8599
-2934
2719
2060
5359
-5796
-22
2609
-4446
5103
-355
1211
-9224
-6979
-3891
-4487
619
6037
8673
2798
7167
3696
9832
-2425
-5235
-4835
1947
-1863
-7414
7063
-6233
-3001
-9358
-6202
-6256
-8233
5726
973
2274
-5088
-2041
7836
-2675
1701
4635
-2993
8612
-42
7777
-7864
2535
-7973
9270
4168
-5177
-5639
-3929
5589
4671
1204
5533
-65
-3770
7751
4748
-3398
2169
-8311
-3281
7285
365
-5554
8648
2154
3397
1772
-8128
-1896
-8691
-659
-5966
7185
5675
-5295
-39
-9658
-3972
-7568
-9716
6834
-9815
-6008
-8566
3359
1591
8746
-8875
-4881
2077
2919
8956
4378
6227
1300
-9030
3073
-9975
2782
-6002
-8764
3531
-1508
-2082
830
-202
-9186
3733
9464
-5359
2280
-8923
8736
-542
2146
3163
3377
2646
4274
-1869
-4395
8695
-3958
4663
7006
-8377
-8258
3125
4522
-9931
9219
-7805
-9562
2972
4406
5887
-4635
-5800
9630
-1241
6950
5080
8314
-5064
6198
-960
6723
-6367
2685
-8469
-7398
5313
-7741
2542
3707
-2462
225
-9713
-1558
21
7765
-9371
-4312
-7717
8391
2940
-8313
801
1794
-4932
2169
7738
7497
-4766
-8564
2117
-6073
3834
1557
-6089
-4241
-4591
-2072
6192
3044
9315
-9867
8061
-2596
2784
10
6928
9114
-85
1086
-3617
-1730
4116
9546
-2835
-9720
2997
-914
6195
5335
4970
5467
8997
6212
4491
-5755
-3558
-8065
6849
3161
3947
-5913
1317
-418
-9211
8547
242
-177
9167
9763
4113
1310
1897
6854
-9111
6813
1076
-5892
7843
455
-5925
2990
-5802
6019
7312
1775
3745
4159
-9610
-9658
1529
9306
1209
-3987
-7876
-2310
5485
-67
4565
-4689
-8921
4349
-4754
5323
-6673
7942
-6010
-4304
4537
-7984
1322
-1473
9611
-5012
2781
-2019
4992
-21
-3701
9778
6791
-6929
6337
-9224
8806
-518
-9999
964
6577
-903
-2070
7063
6909
8468
-4638
1276
-2750
-3284
-9735
-823
-4559
-6852
2390
6266
-9713
203
3892
-6073
6021
-3404
-449
-4914
7001
4872
-6067
76
-4938
5000
-3535
-3245
-9005
4050
-2578
4175
8819
-989
-5069
-3095
-2409
-6030
3645
456
-4908
8413
1369
-6651
-3855
-965
-9593
3793
-5733
-9948
7150
5885
7004
-485
-5793
-1012
8795
5740
-9053
-7550
-7333
-9726
2679
9355
-8489
-8614
-1068
-1704
-4229
-8801
940
2050
2179
-2863
-4107
-4097
-9538
-5148
-9946
-5511
-4684
1057
3818
1121
-4695
4027
6557
5710
2522
2302
-5556
5193
7974
8176
-7242
3156
-4727
5339
-7551
-4126
-7194
7422
-7755
9526
3253
8475
8508
115
-5627
431
6861
9664
5244
9975
8700
-2661
5550
-4178
-7638
5892
4552
1374
-8435
-2736
4092
-1818
2331
7384
-8633
-8720
-2819
-4139
-9258
8129
-3274
4987
-7490
-2477
1820
3805
-3387
8455
-9476
-4349
1936
-5871
-3134
-4492
-5549
-4535
4324
5646
8904
1316
6490
6253
7123
-7258
7266
-9823
-5381
-5281
-4827
-7960
74
7040
-5809
4550
4773
-3428
-9935
5108
9196
-2508
-3859
-1185
2980
6889
-5556
-4117
-5747
965
-3908
281
-4082
5083
-3804
-6734
6794
-2762
-3069
-3064
6923
-9220
-6569
9983
2344
-1157
-5370
4066
9812
1093
4303
-3084
4196
-676
-8601
8878
-9673
2831
8250
1139
1010
4996
7118
-9918
5758
-7869
1734
2706
3683
-6503
7141
4613
1127
-9699
-555
589
8416
-2190
751
-9417
-1566
2462
-520
-7230
-917
-2983
9898
8474
-5937
9467
5117
-9175
-4275
-2950
3222
-4424
-5137
5672
5974
-6842
3563
-6412
9522
913
-3326
5706
-3873
-9324
23
-4039
282
4964
7870
149
7245
3462
-9904
-725
-3056
-7664
-2420
-783
-633
-6308
-6922
-6678
-8016
-5292
1493
-3668
3563
-693
9086
6873
-6954
5719
-368
9097
-5579
-7226
581
3020
2538
4772
-5570
-7856
3416
-7915
-7157
-3710
1737
5777
9400
-7585
4363
-7349
8028
-380
-1508
-3719
6684
-8760
-5949
-5352
3544
-5183
-2203
7881
-2645
-7384
-9869
325
-1919
-5840
4202
7384
-6680
8399
9166
-8753
-1555
-6996
3858
-4451
-9041
-2954
5718
1886
-1647
-6323
-8753
-3704
6462
1804
-2378
4120
787
-6266
418
-589
2282
-8077
-9182
8255
692
5072
-5714
-3068
3808
-1446
-1735
-6146
2587
-4734
8696
2158
-8528
9009
7856
-810
473
1780
-9264
8739
-973
-9755
5205
2483
4584
-5202
1138
-2453
-1745
-558
4013
-5181
6924
-6128
2018
-7952
-4014
-4324
-7033
-2537
-5570
-5626
-8141
-1926
344
-2314
2507
9612
2067
9435
2396
2895
-3265
1960
1062
-1995
-4321
5504
1295
-3022
4731
-2731
-1258
-3212
1602
7920
-8003
-2948
-7673
9940
-6564
-4225
-4729
-3495
3151
-4942
8748
-7157
-8004
-9606
7806
-5936
-9841
-5374
-180
-9981
-4844
2539
-1480
-3445
818
-6358
1114
-292
8470
-6087
-1147
-1714
9244
5715
5280
4425
-6715
-9005
1719
-7967
8399
-5100
9477
7309
7457
2953
-2594
-7938
9356
-6097
-5305
-9154
6435
-9014
-8167
-3154
-2972
6985
-7515
-5957
7878
3304
-3798
-663
-2701
3848
-1315
8600
-1983
6608
-2289
-4217
4328
-1881
6978
8124
-1347
8277
-8506
4399
3488
9795
369
-9042
-3593
-1687
3036
-7119
-1441
-3214
6813
-4311
9745
6340
-5859
-769
5275
9168
-3463
8307
3862
-9877
1763
5942
6423
9469
-9265
9256
8282
-1077
8990
-9139
-8258
-3344
3328
-6889
4724
6083
5615
-7504
7648
-454
5463
-4955
-1738
-4200
8440
9057
4855
5169
-613
-6313
5709
9567
1890
7467
3960
-728
6826
7969
5842
-4146
-4351
-9055
4577
-9218
-7934
8521
2904
2748
-9580
-2937
6131
2231
-7589
9937
58
-6261
-4164
4263
-9114
9730
-6775
7432
6917
-7317
4572
-7554
-4017
-9659
-9388
2171
3459
-66
6570
5401
678
5900
3463
-8108
-8140
2766
-1021
9144
2886
8442
168
-7669
5383
-4115
-937
-1056
-3663
-2388
-8738
-6890
-3197
-6369
-7675
-978
-8860
6673
6137
5847
886
2990
6150
1753
1161
4386
8922
2910
-5689
4701
2161
-5698
5064
6334
-4511
-6354
1831
-9266
-3342
3606
4917
2924
5309
4934
6378
6287
-5264
4546
3560
-736
-9923
-3998
456
-6298
9932
-8436
-8060
1558
5650
-5361
1824
5482
1823
-4000
8327
-2496
-3063
3372
-1361
-5276
7083
-3795
-8813
2028
-134
-4892
9713
-7738
8448
-3933
-927
7094
-7955
-8931
-221
5448
5138
5656
6746
-6812
1100
1424
7477
917
-9077
906
-138
5121
9055
-2135
-9497
278
-288
-3066
-9780
1182
3532
-9991
-3042
-5741
-3525
-4958
7251
2718
-5296
8632
8177
2349
-4959
-5197
4210
-2436
8140
-1734
6309
7737
8867
-8026
4059
-5414
-4983
-1750
8827
2518
-7240
5523
9189
3585
-3732
9101
5317
6392
1773
-5963
-6488
4265
-4383
-1705
-1013
-2052
9937
-2725
-1990
5976
2759
583
3830
7784
-1631
6090
-4634
-2407
8627
3440
2372
4959
-1877
9501
-5755
-5520
5098
625
-1969
-9409
7695
-5372
-6733
4416
5083
-8361
4453
1061
466
-5645
5127
-5874
2951
-6469
-3351
-5036
-2074
455
-5959
-5949
-8562
6776
-4850
4161
-9616
-5615
-5332
-3085
4554
-6421
1757
-4764
3055
-3907
-4722
-794
-4203
-7068
-3217
-7433
2598
-8173
-9592
-2378
6542
-8266
-5462
8633
3574
2067
-8564
6548
4137
4272
4281
6610
2290
-4478
-3205
-8331
2309
6117
6906
-7632
1916
-5494
5424
-6318
6041
-5593
-7416
4216
-2252
6844
5958
-6865
-3767
4732
7552
-8080
-315
4646
-5959
-3124
9536
6814
-6583
-9958
4126
9064
734
991
-855
-6381
4133
540
9541
9982
8921
9794
-8676
5083
8844
-8711
-1143
6751
-3750
7765
1298
2934
7110
2818
-1418
6315
-2257
-6516
-8835
1785
-3649
3574
-6174
6063
-4672
-6174
9680
6635
-9796
-6477
-9882
-7314
-6583
8105
-4096
-8025
-9838
-9026
-5444
882
2416
8998
5506
3117
-9914
-5179
-4311
-9824
8693
4172
3580
-4385
-5
-7214
-8718
-916
-1605
8993
-4068
3225
-542
-6351
-7032
-199
2232
-4489
-4000
3951
-550
4275
9578
7945
-9309
9944
8813
4055
5081
-9134
-4704
-2217
-8491
-6697
9868
-696
2545
-3122
4235
-7171
-5338
923
-5629
2347
-5819
1825
-6877
1378
-5143
4232
-1544
2804
5579
9659
-1892
9347
2005
3229
31
-1539
-9088
-8846
1800
-643
6343
-8287
6206
-3219
-3150
6884
-9767
1328
3137
9473
-3745
-9143
-4892
5564
-4488
7666
7025
8842
-7250
5333
3661
-6049
8833
825
-5732
9517
-4263
5153
-9914
2609
-8986
936
-2860
-9408
4407
-7447
2852
-7874
2660
6170
1983
-4474
-814
7445
5096
-9466
-9502
-757
-5932
-426
7169
6170
2413
-40
-6109
-2456
-6260
3470
-4296
-9115
8231
2507
1165
-8381
2690
4497
-1196
-9583
-6197
8291
-8379
-8892
-5107
-5632
-1842
4479
5913
-9311
-3748
7060
-3387
1080
-2080
-4048
8162
-110
-211
8742
245
-4443
6173
-691
2789
-4717
-9421
-2506
54
6790
-4047
-9229
-5036
2082
-1488
-3376
4391
-185
9606
-7688
-1809
2830
6539
4848
7138
5853
5685
-7377
7392
5511
80
7019
792
-3208
9843
-3515
5962
-9251
3081
4131
-2966
2481
4415
2469
6287
-1999
-5321
-9723
-7822
1455
-5315
-5325
-8022
-7574
-4366
-7489
-8028
-1916
-1114
1557
286
745
2787
4231
8291
5453
-1751
-3923
-687
6345
-3021
2802
9920
-1654
-1147
-9038
-7166
7192
-4361
-2528
-6391
-8956
-6159
7021
7259
9313
-7983
3685
-5498
-9711
8227
8797
8562
3792
-1666
-2936
-647
5526
-3695
7261
-5650
6481
-9222
-9057
4524
-432
2864
9566
-176
-1242
-6424
-1094
-4238
1205
254
5565
-9668
-151
6515
6687
-1205
-2218
-2701
-7058
-2454
-3260
-1700
-450
-6691
-6512
7573
9263
-8380
1775
4769
6980
-9331
9576
-5433
-8698
1267
-1202
-1320
-1143
81
5668
-2924
9905
-1643
3460
2716
3961
-2013
-6998
-8050
4006
-1929
5574
-2212
-4245
3943
-3267
-5356
-7696
-1877
2609
7989
-2424
-2816
-8257
-339
-7760
1522
-8962
2665
7543
7964
-3960
6990
5906
5405
-755
5521
8516
7841
9888
6139
7235
-2493
6917
6014
-948
-3231
-8420
-2876
1550
-8423
6834
-4101
-5631
-8889
-7128
5115
41
-4159
-7454
-4139
-1818
-5203
4001
-1664
-9872
-6627
2541
-9688
-5858
-101
-1649
-8492
-549
-4088
-2696
-2673
-6149
-9378
-5065
3094
-3676
-1317
4387
-9471
-69
-6047
3740
8072
3477
-1949
2138
-1412
-9582
8797
4865
8030
-4687
-7371
-5175
-5494
-1240
-2925
-209
5933
7931
-2807
590
-7128
-1772
4270
-6622
9803
4844
2312
9605
-1028
6590
-3159
6447
8965
-8344
-1842
-2714
-8146
8208
9890
-6633
6570
-4469
-9392
8752
-8165
-5435
-3053
6796
-3041
-1310
9864
-9605
-4873
-3714
-2790
5279
-7358
-569
7584
-8455
9808
3800
8732
-4067
3340
4668
-5762
-5713
-3461
4837
-7790
-9925
5155
1318
-777
6108
-2205
-8827
9186
3100
-7066
6251
9404
-8100
8735
-4499
-8931
6104
-9034
-1831
984
8988
-6587
-6471
-9040
572
6140
-6392
7332
-4466
-4932
-1603
-9318
-3314
-5310
7161
5218
-852
6628
-4994
3811
1214
-1726
7250
7931
-9145
1846
2095
-3958
-6703
-7932
-1466
-7667
9882
2169
7124
1555
-5863
2341
304
-5826
-2593
-5702
-1815
-6245
3290
-6328
-8611
-5149
-2305
-5844
-8269
8404
1316
-4256
1936
-2570
5118
6336
-8814
-3520
3998
-1485
-925
360
2360
6468
2680
-5389
-8961
-5877
693
-9604
8657
-8452
-6413
3220
-3228
3084
8304
-3389
6226
3268
8348
-7837
1654
-2802
-6373
-4628
-8015
-3750
-321
-1691
8764
-1852
-2473
3063
-8082
-777
-1976
3410
6694
-3228
4146
3963
-7861
-2478
683
1495
-5172
1277
9613
-3418
3912
-3441
-1459
-4097
8983
8829
6707
-4758
-7808
-1467
-5036
-1613
-8031
-1698
77
7650
1964
9454
-5946
266
9186
6197
-1451
-1741
-7370
-4188
8897
2415
-7213
-4430
-7287
4633
-9470
5796
892
-2870
1263
-6395
-6837
-7498
4471
9146
-9943
-2525
-1765
-5155
-3360
1705
-2985
9547
5987
7847
9767
-4334
1246
-7936
8618
7275
1605
-5034
-8744
-741
-6769
-9898
5097
-3492
9277
2795
6644
-8830
7121
-6460
5477
361
-9399
-1548
7612
9120
-9094
-2255
5911
2414
-8847
8823
4571
9974
-1219
5236
-4583
-6347
9705
-110
8016
2093
4540
-6782
4515
-1539
9421
-7451
1948
8455
-3619
-1109
-8384
3826
-3689
1290
765
7313
297
7725
2223
1334
2805
5206
-3748
-8886
-168
158
7338
-6934
43
-2340
-4252
-6902
5281
8278
6745
7841
-8582
-2274
-6293
6706
-3226
-4190
-9330
4906
2737
-1144
-3851
7564
4641
-7981
-5090
8525
-484
3363
-3660
4483
3157
4846
-4525
7402
4638
-9753
-7188
-1398
9041
-6446
-8645
-3549
6393
1193
-7564
6248
-7831
9883
6586
-584
-5038
-9789
9774
1704
4687
-4690
-5783
8488
5271
-1604
3370
2590
7202
-6876
-5730
-6876
1512
-9218
-8259
-9784
-3617
-8169
-2881
9711
-9439
-1038
6565
-8969
6829
7048
-1624
-8740
3603
145
6838
5272
-7682
-8151
2083
-8047
-571
-5622
1566
-6032
5393
7170
1464
-7847
-3647
-1253
5455
188
318
9449
-9340
-7441
9636
7580
1008
-1979
4178
-6656
-6278
9611
-32
-9071
-9706
8106
-4513
6979
3991
-220
9487
9493
2277
-4083
6500
-668
-5449
2287
-9185
-5929
-5071
-7444
-9278
4964
3706
-8233
-5619
119
-2270
-5155
-6739
-7295
-1171
-7503
3639
4074
5117
-8394
7344
-5440
9330
5726
-4924
2125
8911
-54
7675
-4785
5652
-9511
-8241
-8505
-5044
-9877
6991
5949
-8703
-1287
4189
5046
-9254
5404
-1885
-8024
63
-2961
1126
-8230
8055
-3933
2377
5924
-2859
-6059
3233
5156
-9972
-5028
-6863
-6745
5358
3646
2210
490
-8454
7226
-9625
-7089
4738
-2091
-6268
-6709
5910
9419
-9370
-4367
-4866
-5270
4310
1032
-2954
-7618
4564
3772
4719
4284
-5720
1624
5727
-7292
-845
-3645
7342
4760
1369
8425
3824
-3812
9813
5236
114
258
-1104
-3148
2338
-3336
4103
-3824
-1279
7941
-1943
9132
-3330
-6306
-6235
-7452
-488
2350
5790
4094
3856
1170
157
-8845
752
-9839
-6360
-7340
-7298
5819
7733
9562
7059
7097
5517
-7249
9507
462
-8636
6675
170
-3453
-4839
8846
4976
-7503
7223
1416
-9791
-5590
-9820
-6632
6278
-4461
6451
9637
839
-6202
-4477
3341
2447
-248
4945
-2835
3147
-7879
-3604
5528
9372
-6613
1446
6294
7571
-5059
4778
87
2725
-3492
9650
-2069
-3565
6887
2467
8736
-3405
5319
5505
-1193
-694
-2436
-518
-6432
4374
-2395
-7797
3051
3995
-1091
-771
-4310
7816
-9947
5891
7251
-3149
-3381
4017
-2654
5499
-9244
5168
-1491
3788
8277
1698
9355
-3261
-1715
256
3523
-2864
-5399
-1160
9617
5063
8463
-9879
-4885
-1485
6881
-9679
3435
9696
7667
9693
-8341
-3197
-4928
-8240
9161
-1730
5093
3208
-1762
-9267
-647
1488
4145
7690
-2672
-835
3935
4380
-3994
-8872
-2576
-8977
4697
-4546
4653
5029
-9175
366
1583
5674
9653
7337
8060
-5444
7531
746
-1657
9860
-6561
-7295
-8337
-8043
-7343
1364
-3195
-8288
3482
-7904
1029
-5974
2434
8499
7147
5263
-6226
1211
5267
-6605
-4112
356
6096
4110
3897
-826
-1152
9419
3172
-2835
-440
2175
5890
-1830
7563
620
5965
-6728
2152
9257
5736
5093
2578
-9546
6302
-6274
9468
-3108
9811
2454
832
-134
712
-9313
4771
4357
-7712
2135
6421
4
-9162
-3205
5506
8599
-4621
-3291
4472
9544
5597
394
1248
-3579
-6030
1478
4670
-6252
-3321
-326
-6077
9791
7236
4671
-7228
9750
-6886
-4014
5742
-5279
103
-1746
2067
1116
-9895
3558
7661
-3278
5400
8786
-7531
-3731
-258
3819
8187
-3708
-8935
8794
2816
5747
4471
-4423
-5913
7366
-7723
9670
9325
5906
-9833
-6086
1790
-793
2054
3317
-4938
-6453
7714
-9698
3707
-5507
-354
-8166
-2225
9410
-2551
2754
-4607
7655
49
-4595
-4678
-8661
-6152
1046
4703
1610
-267
9732
4157
-335
-52
6824
-5908
3987
9070
-5753
4071
-5562
5552
-4851
-8187
-8699
-1441
-2606
1598
-9216
5195
-2525
-7583
-8482
3733
-8538
-734
197
1236
-7889
-7701
-4983
-5937
-6552
-9736
-7465
-6999
-2346
5848
-9316
-2435
-3028
7923
-6540
4282
-8088
-2742
-9128
-4979
-664
4308
-6355
-8594
-892
9786
1990
316
6940
-2494
9109
-8479
-7742
-1916
4043
3512
896
7324
-1040
-7531
477
5049
4480
-1248
-4715
7735
-4276
2715
-3376
5791
791
3510
-7143
2641
5754
610
-4226
7457
4773
8301
-3549
7450
-2170
-7344
2092
-6544
4564
-2568
-940
3053
20
5714
7110
-5984
1971
-1239
-3813
3781
-100
6091
-1093
2919
-4298
4189
41
1133
2572
-5544
-713
-6147
-2781
7646
-3871
38
2999
3808
1122
5088
7606
5126
-8583
-1040
-2578
-9872
-8498
-4186
-3985
-7995
4734
6728
3012
-647
4050
7671
-9120
-6847
-2436
-4034
-2245
6299
-5671
231
3824
-1331
-2918
-8450
6527
-6734
-8553
215
8849
5569
500
-6581
3176
4298
5231
-8967
1044
2975
6448
-90
-4361
3785
51
-4398
2791
-1449
4082
4218
-6740
-1259
5642
-4107
-6369
9070
-8016
-1617
-7085
8494
-3127
7664
-8987
3365
1856
3233
-3600
-4078
8363
3178
6137
-4135
-9896
-5557
3786
8999
-3111
4283
4518
1551
6236
8378
6518
-3444
-5977
-9121
4641
-4120
6591
3155
8794
406
-8907
180
-6716
-3834
-2716
6396
-8235
-9411
-6746
2488
958
-7606
-1825
5514
5866
6333
-4460
9205
1484
-8747
-2112
-880
6180
-5568
6974
-346
-9130
3820
-8050
7293
-9054
-6862
-6064
-7064
-6827
-2206
7407
8913
-6769
9039
-7016
-9674
1212
9450
-6931
9419
2216
4895
1193
-9409
9752
3085
7325
-1774
-198
-731
-3775
-247
-3072
-2146
-8917
8899
9701
-8888
-9301
1157
9166
2158
-4620
-5634
-544
424
-9364
6661
-2499
7429
2407
-9056
5091
-2790
-5347
-7754
1473
-4925
1631
583
2038
7182
6401
4360
5799
9163
8252
4447
-4829
3150
4687
-4135
-5346
4014
-7781
862
2856
-545
5984
6294
3441
-1337
6274
-6840
4660
-9416
9552
-3840
-2599
-9036
7708
-6208
-3845
6103
9770
-8458
-1884
9861
-5347
6420
-6711
-3388
3754
-6978
6138
-9442
1785
8454
-7416
7487
7202
-4401
-3089
7231
6008
266
-2197
6142
114
-248
-6950
8894
-5029
1083
7777
5277
-5606
9588
6862
604
5595
-7413
-8853
-7022
-7157
4557
8737
-3338
9219
-6407
-8936
-3696
6916
-7322
5690
-4418
-6490
-8620
465
-2305
-3642
-2895
2392
1809
3041
3701
7202
3534
-4299
-7011
-900
-9062
-6936
7681
5131
3298
869
-8884
-8098
2836
6188
-1428
-9159
-361
-3734
9800
7119
6476
963
-469
6714
-6557
-388
-2745
2493
8005
-5332
-1456
-5866
5240
-7565
-7607
-1270
-744
6395
-7661
-3081
-2854
-7664
-6354
6111
4406
-8278
4217
86
5
5733
1689
3221
-1902
-6440
-5704
3313
3406
3427
-2317
7253
-2082
-7954
-3345
-3884
-8460
7784
2140
1012
-8382
232
8971
-2059
9471
-8192
-9841
-7212
3704
-3303
4697
-2199
-4318
1460
8693
-9322
-4335
3275
-4463
-2326
-5129
-6622
-1706
6918
-3868
3503
6810
4734
-4553
-6655
-9036
4557
-9487
-3014
231
-5092
-1024
-6696
5254
-2137
1321
4626
-4772
1766
3649
2181
-9135
4093
2468
6108
6525
4099
-5758
4061
8185
2042
-3841
-7555
-3553
-3062
-5970
-9921
-4861
4415
-4870
278
2262
6333
2143
1371
3395
-849
-8163
-3942
-9931
2401
-5857
-262
697
9035
-4868
-431
-3814
-4625
792
2594
-6572
-6948
7258
5568
-7733
-3215
-3336
8861
4493
8322
-4268
-9979
-2798
4747
-7026
5710
2101
8350
2228
-9515
593
1947
7584
1661
-994
-6537
-7103
9870
5724
885
-5993
1372
1839
7393
7983
8642
-5713
-1827
-986
-5651
-381
8801
-9669
2094
7363
5688
-7208
9703
1528
-6343
-5963
-4449
4127
-7669
9955
3781
9546
-8215
-2342
4301
-7453
8664
2242
-7093
2747
9775
-2185
-8635
-413
-7383
5680
-6508
1980
4291
5485
2162
1305
-3120
-9134
5865
2363
-4431
-3892
-3648
-5739
-3484
691
-7246
1083
1971
-3717
1951
-3605
-4544
9509
996
-6007
1327
-573
6269
1101
3140
-691
28
6219
-9542
4318
5197
4256
9001
-4704
-5226
-1201
7369
-8746
-5263
-7225
-621
8092
1854
-767
-3681
-9549
3438
9835
-1550
7460
-2536
4041
2347
-3221
-6920
4236
4789
4297
-5535
-5973
531
-6587
-7649
-1472
-4943
-4777
1737
4149
-9311
-4731
1811
8503
9459
7551
-553
9843
-3624
7346
-4628
9979
5549
-8227
9343
-4081
-6155
-1905
-2413
1798
7855
-9213
4509
-4568
7796
567
5382
-1782
-8426
3280
3320
3449
2888
-5195
7355
-8258
-7216
4150
-9264
1246
1086
853
9543
5396
7796
4658
-1976
-5739
3463
-896
1403
1447
6584
9839
141
6170
-4689
-1013
-7763
-1759
7602
-1103
8051
-9980
7346
4522
8134
8924
3760
6094
7281
-1451
2956
694
7062
-6144
-4554
-3445
-1374
-6705
8582
-776
7647
67
2302
7782
373
-1432
-4761
5681
6637
4619
-9380
5422
8593
-7469
-8795
3693
3058
1058
-4385
9517
-8200
-7821
618
5793
3572
-7222
2913
-2853
1869
-7420
9885
-200
-5095
-5220
2671
3943
3359
6095
7636
9614
6765
9174
9283
675
-6227
-1230
1675
-683
-7143
-6503
5351
8241
8095
2910
-5907
-8187
-3427
-1747
1320
2249
4791
9226
-3579
425
-4321
-1609
-8473
1790
9474
-3904
-1689
972
-214
-1342
-2944
7532
-8730
8451
2682
-6282
8729
7744
5954
4256
141
6988
-6803
2754
9555
5146
338
-1395
9195
-6508
-1950
151
9652
-1908
-5014
4803
4927
-1811
-1850
-1503
8443
5092
7818
2006
2875
2142
-3113
-6095
7228
5328
-6300
2419
-807
-6819
3852
7803
1873
190
-7436
-8982
-5190
7611
-9835
4831
-4784
-8129
6510
-6107
4318
-8997
-9552
-347
-726
-6972
-8077
7272
48
-9395
462
-2481
5451
-2281
4342
5606
-5234
-468
-9302
-3995
7097
-7926
5807
975
7375
2234
4212
3834
-7942
-9469
9687
-2294
9577
5840
-3985
2532
-6681
8350
-7218
-9429
-3816
7642
-1024
6742
1044
-167
1027
8939
-9409
-9520
5904
1031
-7170
7373
6581
3254
-5727
-460
-7081
-6230
1906
-8786
5678
190
1098
-2660
-714
1243
-4669
-1369
1159
3084
-1627
-5990
-9234
5111
-4877
-2841
-2373
-2118
1915
-9466
-2075
8958
-210
3179
-9440
-6260
-370
-9741
8353
1890
2040
3902
-2384
4046
-7772
3008
-4330
-3203
9155
9731
3932
5090
3535
-3674
6080
-7928
-2698
8181
-8305
9523
-8592
-572
-6067
6425
-4651
-426
2702
-7223
4191
-4878
-4095
-3602
-6315
704
-4075
-3585
-3631
-3981
7099
574
4814
-3936
7455
4371
-6761
5818
6047
4350
-4073
-3043
-5083
181
-604
484
-77
3607
-9221
3400
3678
-9841
7146
8784
493
-3200
7192
6404
9024
9168
241
6710
-2530
-5293
-9457
-2137
-7982
-8555
-567
-7108
-3364
1680
-6072
6293
-2148
-1322
-5810
-2758
-3914
8922
-5018
-7426
2232
7163
-1738
-6636
-3371
-5497
-4777
7277
-7609
-2239
-5348
-886
-6531
-1103
2233
-2304
9055
3307
124
-4237
1322
-1183
-7719
6904
3591
5182
1328
-7052
-3801
-3756
2352
-7632
-6997
-4312
-3753
-7671
4164
-4202
-3302
-9951
-6932
7694
-3141
-4794
4537
6129
-3797
1908
6237
870
3230
-7019
9781
9947
-1605
263
-6640
-7961
-6315
-95
1430
-8132
-2735
-8850
-1896
3162
-3466
-125
2914
-2472
-7270
-7850
831
-6657
6462
-2814
-9700
-2446
-7071
3408
9070
4914
-9720
3680
6934
-4903
-2801
-7887
9431
-802
4220
2928
-9453
2709
7961
-3656
-8564
-6059
4225
-5084
-3423
-3311
828
3315
-6208
-1183
-6528
-7592
7574
-8073
8649
-6221
-9047
-4983
8756
-216
-1999
-310
-5787
2125
-428
-1951
-9094
2647
3360
-5152
2831
6583
-9054
5119
6596
-2921
8973
-2246
6371
2542
1566
-4378
2790
-9860
-9806
-9417
7050
4811
-9831
6904
7961
6648
-9260
7506
-2226
5890
-6062
-7191
-3669
9043
9023
4901
-5895
-123
-6161
9505
8574
6216
-3311
1895
3790
-7993
9529
-6711
5455
-2210
-4089
-7027
709
-9965
-5601
-408
9710
-2745
-1713
-580
-8937
-2301
-6601
-391
6434
7510
4944
-5303
1032
9238
-281
8205
-9489
1037
7446
-5945
7906
-429
-4049
-7544
9176
6065
-7079
-7628
-5766
6011
1395
8366
-346
-6020
-9120
-1360
678
-9567
-4074
941
-3574
918
7677
-5549
-633
-3936
4164
7411
-9475
-8460
9290
8688
-7887
1324
5497
-9647
8666
-3007
3778
8994
-753
8685
1221
-535
6553
-3745
4767
-7080
4166
-5900
9260
-7660
-4343
-6762
9640
6902
-1049
-4492
4219
6726
-6141
-3249
9671
-8678
-2814
-8444
-2997
-4917
3264
-410
3079
6689
-1545
-8959
-2540
1504
-3375
7859
7278
-300
-9383
-4400
9023
2664
4753
-8789
1568
-9499
7836
-939
5859
-8989
2844
3674
-7949
-5456
-2403
-8290
8829
652
-1738
3899
410
-9811
-8821
3026
-9359
3031
-1531
6573
2118
-3978
1951
-1798
-2133
3844
-7330
-4740
1634
-1096
4680
-5164
5900
6408
-7840
-4069
-7342
-8325
-1586
-8620
-1333
3068
-7362
-1560
5764
-3347
-7019
6707
4256
3974
-5299
1032
685
-6225
-4558
7388
5993
6820
-6232
-1252
-2120
5957
815
7406
-8877
4801
5002
5041
-8735
8989
5460
2714
-9172
-1782
-333
6348
9280
6636
-1808
4725
3165
4836
-175
2794
-4233
-8007
6657
-7796
-9866
-4925
-1496
457
-7656
-9172
5261
2799
-5268
-1419
3685
-1621
-1110
5709
94
8462
-7911
-7952
-4066
-5880
9021
7704
1942
8040
-5638
8765
-6490
-4402
-6753
4567
-275
-6488
4708
-3853
3895
3864
-1580
-8791
9548
-2660
8409
822
-1130
5758
8135
4616
-5027
-8615
-9969
-1853
2770
18
-3343
-4
-9677
-7102
-1125
8999
-2613
-6
-2695
-5261
4572
-8482
-5257
-9879
-4693
5472
9317
-8772
-7089
-5539
-5328
-1014
4004
939
-3696
7385
4085
3941
9985
8172
3245
-4154
1249
-2371
9318
-520
7107
-2098
6391
-8383
2226
-160
-2201
-1871
95
-5057
4001
-6891
2756
1470
-4107
-2289
-2313
-2722
-3426
-6259
-6767
1186
7123
-1764
-2378
-9385
8218
3508
8398
395
8138
8461
8125
-2424
-5414
-1171
3884
5364
-7828
-611
-7904
-2011
-9330
4985
6362
105
3182
-2669
-3393
3739
93
-7897
5370
-2087
2533
-2676
-3115
-1392
295
-5735
4068
5
863
9815
-2833
-8975
4843
-1608
730
-9632
-4839
5475
-7270
-3054
-4525
-5419
8747
-230
1330
3603
-6773
3233
-1320
490
-1966
3975
5190
159
-8283
-6850
-6551
7683
-4532
-9658
-5967
-855
-3163
3710
1469
4359
-5722
-7935
4546
1292
-8125
7026
-3842
-6206
6858
892
-3458
-7527
-214
5815
-7024
6901
-5111
3392
4669
-7040
-4909
-7264
-4556
-2309
346
-3689
9919
-1165
9923
2451
5058
1556
-2657
-8027
-4261
-9253
3947
-3272
-5338
3511
-8993
-4472
832
6952
8034
6946
4048
-3981
-441
2724
-3286
1877
2879
-2224
-6712
-9517
-5768
-4512
-2131
4913
2896
-5669
-6858
-4314
-158
2213
1018
-515
-7472
-3705
7285
7206
8559
7178
-2340
7269
4421
7608
773
-8019
3981
-195
9784
8092
-9176
-4796
-7817
2304
-5506
-2466
-9322
-6089
-7157
-565
-7909
-6759
-8650
2872
9415
-7958
2637
-8204
-4500
1436
-5882
481
8282
2659
-7557
6023
-3687
-2837
7600
-7213
8211
-9275
-524
-3063
-7041
4329
2256
-4827
7959
1469
-8818
-1961
9939
6698
8155
3265
-8076
3424
-1981
7607
1969
5155
-6883
6629
1274
8619
-3012
5047
-460
8541
-7606
-4947
301
870
6718
-4306
5062
1188
8574
-4054
423
-6535
322
-7578
7270
6480
-8564
1271
-5404
84
3012
-7427
7954
1092
8123
-5847
4555
-1282
-6792
-7733
2357
495
-716
9812
525
1244
2917
-1260
-9920
3587
-1423
-8133
4869
-4361
-5680
4381
-4513
-969
-9706
8181
-4841
5271
4502
3963
5710
7051
-3961
627
8668
-4785
4867
5885
2033
5323
7783
132
2301
-9636
278
-4467
-6028
-6289
-2647
-4990
4698
4348
-1802
7771
-4741
3443
-490
6091
-3369
8528
-8985
-2341
-6383
-2760
-6181
3999
-7698
-8024
-3856
9934
5221
5870
7675
1678
3060
6768
1390
-8268
8102
-5545
7581
-6002
475
7632
6650
763
7039
2498
-27
7655
2961
6015
-1974
-2041
-3848
-5862
171
706
-2497
-3244
6103
1869
2305
-1061
-8730
8189
4196
4776
-5225
2952
2959
-6873
-3577
7816
6752
-4077
3551
148
708
-5088
-431
-2985
4775
-8381
-463
8024
-9210
3428
4211
3084
1373
9161
-6583
-4150
-6228
-6988
-4070
-21
-1680
6737
-1638
-9512
-8724
215
-4157
6724
-9229
3832
-7953
-2341
8629
-474
748
1077
-5493
-2094
-1089
-8075
-9389
-9991
-501
-4637
8304
3066
3430
3432
2395
9971
-210
-5227
1060
4496
-1636
-4029
3715
9014
-3950
10000
9175
-4532
-8259
-4122
255
9390
9293
-3004
-9981
-7569
3716
7127
-1541
5618
-2703
9774
6480
6967
-5679
958
-9700
-9598
9697
5292
3819
9579
-6062
-4132
-7519
7646
-5310
8841
-1679
1312
3407
2401
-6943
-4553
9802
2094
2395
-6952
-4451
-6743
8734
6339
4831
-7273
-9140
7128
6534
-4744
2004
-4783
2705
-3421
187
3091
3456
-2967
6625
6318
-6340
-7984
-4675
3708
-5968
5433
-3292
7005
5965
1206
-4077
9873
6715
-8561
1177
-7851
-4225
4057
-524
2355
7564
5549
-3754
3360
4752
2434
-9889
-7014
2093
-3749
-6353
7660
-1948
3312
4408
244
-6106
9491
5021
8064
-745
5224
7272
-8624
2739
6169
-8147
8427
1396
1625
4196
3764
-4982
2291
4916
-7348
-7174
6333
7602
-759
255
-8628
-9386
-8365
-4812
5550
455
3829
-2704
-6245
8367
4737
7796
1268
4890
-5006
-9154
-2977
8124
9627
8919
1011
8953
3684
9684
5352
-9964
516
4247
-3090
-7298
8701
-1209
-8509
-4057
6092
377
3077
6453
5898
8731
-2946
2836
-1228
5803
9999
-6893
9060
-9247
-3453
-5471
2855
4682
-4080
-2348
-1744
4289
-3069
9872
-3647
2559
-3873
8826
4342
-3590
2911
-2181
2534
8017
-9309
-7222
-3768
2047
-3692
809
-9894
-6527
8749
-4635
-305
1215
-6802
5257
-9832
1518
8636
-1082
-5405
5715
-9708
6142
-6259
-7957
71
2251
-6458
-5786
-9654
-7574
6732
-3600
722
-5037
7236
-3979
-7509
1259
-7151
-5095
5470
7106
-8775
-5248
-97
5431
7588
-6479
-1039
8709
5205
-5615
9100
2131
-6501
7291
2713
574
-5287
8792
253
2385
-2680
-1131
-8850
4262
-3895
7466
-6763
-9250
-7573
-7292
-3644
2868
-4114
-4477
4851
-9355
9795
-3300
859
4081
-7829
6543
-8765
9503
1950
-7499
1477
-6554
-8127
-8285
-5195
-5566
-2284
4560
2744
-4477
9465
-5803
-7425
9343
-7684
-4676
-8432
-6638
8902
-336
-6155
9082
3489
8927
4853
9594
9536
5845
-6399
3350
3953
4803
-913
1061
-4866
-7623
-3359
-8116
78
-3109
7712
-9452
7266
9970
4742
-8504
7895
5434
-3803
-2945
2990
-7804
-2028
-6182
-3731
-4083
5965
8494
-2717
9880
-7816
-8947
-4016
847
4649
-7032
-6535
4912
-5670
-3887
-8070
-1596
699
7725
3716
1717
-9869
7293
3635
3246
3178
2174
-7473
-7226
3055
-5035
-4828
5150
-6880
-8747
-8913
-926
1396
-5534
2634
633
3247
340
-9048
8254
963
-1095
-8117
-9408
-605
6979
-7322
-9137
3150
-1827
9207
-4612
2922
2325
-1139
5235
-4308
-5962
-4984
769
3980
-1538
2592
8728
-2444
1805
-9116
-2678
2234
-7943
-4588
-5421
9721
-4789
552
-2564
-3132
5916
2906
5145
-7481
-5626
-3960
-1714
-9988
9265
6172
-2643
-7459
8653
5748
7701
6307
1205
-2021
-7283
-9104
-2184
6143
756
-6179
-6211
7728
6671
7345
7474
-5079
-1151
9859
766
4029
-9804
1581
7074
7793
-6055
4963
-5525
4778
1011
-278
3447
-7369
-5278
-9665
-9620
-5042
7792
-9666
-483
-7493
8721
4733
-2785
5409
-9687
7057
-5837
-6315
7284
6324
4095
8737
111
-6832
3545
5801
-3710
5391
-360
870
9370
-9018
-7595
3231
-9577
8311
8274
-1299
2660
7312
344
3367
3831
1255
9225
-6826
5515
-3430
-9975
8418
-1341
4264
6646
-7813
-1755
-1075
-5705
2864
9703
-9274
-3386
2724
9364
-2253
4434
-3995
-9931
-3105
-6160
-6569
1754
-5231
-1610
201
5739
7324
3030
463
-6668
4453
5929
-2711
1502
3903
5627
-4965
7917
3343
4253
9201
-1784
1309
3848
-4558
2765
-726
-5800
3662
4263
8507
-7617
5867
-2151
7954
9391
-9877
8893
-228
1105
4666
1309
2445
3254
-2808
-7653
-8412
-7814
-8329
-7035
-3071
-9205
3423
-2921
-1443
4302
5184
-577
758
-1704
-279
4973
3025
-3014
5688
-73
3862
3393
4224
-5290
9624
-2511
241
9291
-7572
-5441
-6189
-5108
421
3268
1927
-491
-3055
4107
2995
-8854
6769
7839
-2707
-6935
316
7635
9182
-2387
-9625
-3945
-3020
8472
-4894
-4486
-42
-914
7286
-4593
-5875
9435
-9928
-354
843
6066
1161
-7807
-2494
-7471
570
2062
-9005
7571
-3999
-5566
2428
-230
-5349
5333
-5736
-3837
2375
-8103
-8281
-4802
-2845
-9078
-5449
8471
-3345
-4449
-5591
-1738
-3096
-5805
-7458
2504
-9830
-3941
-2248
-6447
-2027
3975
-9139
4916
1089
-208
-9002
7232
4233
5189
8880
-5917
-233
2872
-1132
-2718
-9910
-8267
4211
-877
7643
902
-3258
2391
5920
3188
-6631
-2275
7093
-523
4259
-7334
-2249
-7689
5957
6329
6915
6787
2970
-7123
-3794
-394
7869
4140
-3351
-3308
6235
6349
-932
3903
4443
-4903
-6576
1542
4440
6657
-6001
922
-4504
7650
6248
5453
-1073
-7430
-9756
2130
-6467
8270
916
7972
3082
-3407
-7717
-3467
-5655
-6904
-2206
6243
4283
3700
4365
-7782
-4796
6330
-5708
6556
-2424
3880
-724
6982
-8552
-8011
2817
-9249
7260
-223
6625
-1623
6264
8124
7907
-9406
-4928
-3447
-6885
-1315
-6920
557
8056
-5802
5464
-8682
7396
1799
-1476
7445
2857
8083
-252
8892
1129
3022
-8106
-9508
871
-9116
-8018
-8610
-8782
2513
-6728
-8337
-6142
8692
2371
-1018
4628
710
-3653
3260
-2242
3203
9108
6925
-1035
-7812
-4657
3231
6890
-485
3214
1772
2293
3913
-5009
8871
1340
314
4513
9461
3126
2041
7704
-112
5517
-6918
-9624
7398
-9792
-3565
1577
-5926
9841
-826
261
2992
-2071
8048
-5200
7213
-4116
2512
2343
193
7732
1774
-3938
-6662
4973
-6416
94
-9677
-8575
-3539
-758
-8457
6648
-3880
9759
1016
182
5804
3903
-7129
-2650
140
3547
-1382
8790
333
-2707
-6660
-208
-3346
2693
-310
-7557
-3313
-4697
5103
241
-3794
-9024
-4954
-9983
-4866
-1914
-7591
8883
9153
5241
5458
6662
-5843
-5554
4158
-717
6937
1787
-7231
-9589
6214
4389
-3442
-292
-3983
65
-5071
5692
-845
-7039
6863
-6150
2986
-8831
-2458
6134
-4580
6233
9201
8678
-7955
3500
-8782
118
8516
-5906
-6039
-5485
9376
-1071
2108
-2862
7484
-3030
4629
1964
-2635
-7714
-2732
-3907
7121
-7777
-5887
1969
7047
-5511
5849
-9155
-3576
303
3129
4042
-1310
-5591
989
7174
-8598
-6065
-4187
6318
-1850
-497
-7159
-6110
9323
-9752
6561
3003
892
-2793
-9032
-755
-2919
-6785
1031
-6203
-8475
-8232
-8443
-5199
1314
-2866
-6605
-6667
3143
-4884
-234
-3512
-6838
-7346
7028
7702
-7631
-1500
-1255
7409
-2699
-4312
2265
-6680
6131
-4016
1628
-8365
1630
8800
-9820
-3200
2049
-8239
-2351
-2997
-2502
-2842
-3365
-6491
-8288
2926
-2364
-9030
5116
-9816
-9410
3966
-5662
-2148
5877
-6950
-2092
-9514
1394
7861
-8396
5729
9574
4016
-3345
-1928
4481
2826
8839
2197
2866
4349
5347
-9695
5987
545
4672
8028
-7886
5485
-2329
-6650
-460
-4217
-7369
-1860
-7319
-6341
2340
7530
-5516
-2107
-7321
2940
-4030
-5066
1259
-4032
-3995
-473
3239
-5047
2649
-9558
-4905
7547
4804
1232
-8178
-5204
3497
8811
633
-9451
-7632
-2383
7611
6482
-8434
6095
8603
-2179
-3175
-6831
1682
8406
2265
2749
-8518
6339
-3983
-7867
2774
-7789
-8362
7348
-9584
-5228
-7633
-8002
-8171
320
-6000
3766
-4627
-1494
-2651
7374
9165
7200
267
-7609
1724
3487
4971
-3689
7728
-5509
6976
-6531
3234
-2739
-3024
707
8700
-4780
-4690
5611
-4169
3871
898
9320
9494
7894
4968
3042
6101
135
-140
-3211
6744
-5161
-8118
4804
-4925
2497
2055
5511
6639
9976
-6083
6326
-6863
1232
6175
-23
-9607
1774
9767
-6133
8469
1992
9702
-2513
1474
-4522
2338
-6763
4417
-3392
-9401
-5161
7525
6942
-7864
-4665
1970
6756
-6189
-8401
7026
2536
-4827
5123
9655
-7014
-5748
1362
-4213
6603
4425
-9323
-5962
5709
-2111
5445
-4328
6468
-7688
-3018
-3739
2044
-2037
-5950
-7445
-484
7714
2577
6096
8811
9829
3306
7981
-6510
-6784
-7378
84
-8978
8880
8906
-1304
7554
-7788
-3894
-7211
-263
-248
-9001
-2355
-4317
5103
-9158
5691
2083
6124
-1447
2155
-3591
-8699
2139
-4304
-325
6129
7007
4085
-9024
3341
9513
3770
-3247
7002
-8894
7583
-4873
-6209
-9690
8451
-1149
1113
-413
5607
-1810
-2566
-860
-4894
-7275
-1065
464
-942
3907
-6374
5
6816
-9024
3307
8319
-3677
3953
6013
2651
-6474
-6586
-4977
3081
-1631
4670
4572
5354
-3240
-9827
8761
-4508
5345
-3749
7801
-2226
-108
7698
614
183
3949
9196
-3372
4813
3858
2350
-9968
-779
-2636
-8347
6705
-2325
-4541
3460
-6995
8896
8591
4656
-145
-4874
-9194
-3598
9570
9850
-247
-8016
8204
-4856
-2478
-4435
-2723
-1525
9670
6060
-386
1350
-4725
3924
4987
5037
-5367
4976
2762
8913
1686
-7791
1413
2050
2223
-6046
5548
4751
9470
-5887
-4530
668
-6342
6192
-6154
1602
-5298
4988
-2569
8424
-4494
-5229
-7051
2650
-6760
584
1352
6914
7180
9025
2305
4180
193
5549
4255
-2022
-5073
-5206
2294
8175
7009
487
5419
4019
3739
-4441
4260
-8000
-9473
3460
4624
9918
266
2778
-9380
4484
6034
-9750
-5774
6489
7014
1473
-6577
4523
9646
9191
7571
2053
7636
-4659
-8469
-1579
1889
7804
-6662
-9712
-4584
-1948
-1065
-538
-3022
-8467
4839
4599
-3549
7491
-6148
-4898
9025
-4396
5781
-7689
484
-6271
-3707
-1752
-5044
4230
3953
4551
3955
-121
-8363
8964
-7975
9842
-5215
-7901
-9062
-8048
8800
-6927
-9672
8563
-7161
2567
8819
-9510
602
9608
-4713
-526
-5673
2494
667
7676
2812
544
-1681
-1627
-8646
552
6815
8234
-5247
-5602
-8105
4252
7537
-8552
-739
8529
5383
9013
-4848
-2475
-7794
-2521
-8672
-2822
-7948
-7299
4825
-7131
-990
-5548
8198
-2841
-5855
-6023
4077
872
8699
-9807
3998
-6644
-7009
-2080
5937
-2155
-6907
-630
5439
-9274
-34
-5157
4486
3021
7312
9068
-8511
4069
-4120
