-1283
3532
-3272
-6413
517
1042
5872
-594
275
-2102
9346
-1929
-6405
-9447
-1186
-7499
-9746
-6681
4672
-558
-2848
4802
2883
2928
9289
-2912
-4289
-6623
4816
-8277
5421
-1990
8779
-7177
-9974
-8338
3627
5247
-3414
2721
2492
2740
-1451
6844
-6153
-7528
6594
-2167
-3536
-1927
-6939
3600
5652
-5668
827
-7929
4565
1888
-9813
-591
-5553
-2029
9952
5427
-1200
-957
-322
3063
-8100
-6564
3507
-1867
-4115
-7142
5980
-1916
-2736
-4865
8423
9419
1651
8496
-3717
-6235
-6077
4124
8836
2735
5612
-7168
-8681
-5452
9683
-3716
6622
-2672
-8233
9518
6788
-7720
-6021
777
-9407
7981
-9819
9522
603
2686
-7968
3229
6989
9321
-2014
3613
8216
-6537
-8513
-5382
-7351
2279
3284
9142
3199
-7849
-1765
5884
-3908
-8742
-6675
-4216
3984
-2507
-5853
2267
3354
4341
-3137
8013
6268
-1926
899
1671
3715
-5698
-8919
-7816
5605
-2897
-2822
-698
-963
5252
8074
5720
-402
-1186
-6299
-198
-9188
3608
7371
-3809
-8871
2827
1241
-2485
595
-9346
-8469
-5174
2752
-8014
9190
-9432
-8106
-8643
7033
-5481
-2591
-1776
9401
-3926
4068
1685
-2369
-4518
8361
-5012
-5882
5810
-8503
-1819
-4714
6118
3160
7352
-9922
-4797
-4186
-9324
-3637
9063
2027
-1954
-9659
-9681
-3172
-6375
1091
-1540
-9540
-7894
-9264
7692
7928
3080
1063
5056
-842
1517
9873
-5545
-2334
8643
1045
-4699
-3556
331
8688
4314
-9764
3508
-1800
-1615
-4442
-8644
-7381
1846
1533
-4261
-9433
-4556
-1047
-6484
-4264
470
8297
-6220
-1057
3140
-1106
3576
6174
7381
-573
5753
711
-958
9857
8003
-9817
-8830
-8295
-2794
-2573
-2504
6018
5279
5261
-2378
-4453
-9572
-32
-3475
-390
172
-7512
-6104
-3972
711
3859
9218
5293
9430
647
-4614
2517
3857
4349
-2737
6182
4088
-55
-777
-3103
6854
7118
6412
6404
5069
478
-6107
2956
6072
6122
1945
-9642
-7829
2647
8000
-7957
938
-9380
-9731
-828
-1792
1610
-2538
-2576
657
1673
-406
-4260
7002
-8339
-9782
7169
8861
4014
7916
9768
-3361
-7303
2194
5788
-3702
9839
2202
-9048
-8519
-2478
4470
-4625
-8374
-6378
-3225
2261
-5170
2455
3409
-1809
-748
4441
2852
1179
-6251
7352
-766
-3147
-8641
-28
8604
-6658
3063
-8456
585
-9978
6955
-5636
-7006
-8019
2521
-7415
-5739
-5689
1468
5431
-7042
5316
2459
4261
6833
-9541
9459
-8318
6116
-438
-9411
6752
-7785
-7570
-3771
-284
-5836
4598
-8893
5725
-9919
7578
-5613
-9481
7361
-958
-1721
2890
8069
2926
7216
7971
-5420
-2434
-5264
847
-3386
-7937
3375
4119
-7347
9276
8207
2650
-4578
4527
-7503
7985
-9120
-6941
2380
-5100
515
-393
7427
-9993
5711
9181
5409
6998
4452
-8194
9860
6034
-8665
-3514
2654
9984
2270
4186
-4196
-6547
-1545
-5951
193
-4309
-6005
-422
1850
-7799
-9355
5796
6600
-1091
-4958
9617
-7781
5098
3160
-1524
-3142
4751
-8879
-6549
7401
4318
-3667
9428
7242
-5960
-7359
1131
-6369
-3312
-6517
-12
8281
4817
3203
-1478
-2570
7958
4056
-7986
-4940
8618
5618
-1067
-8627
8630
4560
-7438
9490
9841
1391
-8687
-4534
7857
5737
-8116
125
1538
-1902
-3061
877
-7888
3208
5174
-7718
-5538
8876
3327
8109
9878
-5708
3329
413
-9092
2359
2740
750
-2937
6946
9804
-8311
-5518
-2531
5218
-6680
23
-5561
-6581
-6143
7593
-2663
-4565
-9599
1641
-6282
-5331
2833
6642
-9109
-2775
-6279
-7626
7908
-7522
5815
-7167
-5671
3603
-211
5304
-79
-5156
5765
-4389
6516
-5411
6677
968
8639
-9706
-7320
-1100
-9500
6231
-439
2033
9995
1417
-164
-6823
1133
-4194
-5738
9964
5375
6655
-1616
-4782
-6122
-3515
-3910
-4570
3347
8918
-5909
-2515
8400
4496
4439
-7055
-3643
-9057
-7328
-8280
9499
9270
-4643
-4346
2828
4352
-5743
-348
-8281
-3750
588
2081
2153
-6148
-1339
4794
-3108
-1035
7970
-317
8237
-8523
-2280
5252
5359
6708
-5578
3600
2026
93
4639
9051
-4942
9548
9577
4862
7087
-6032
-5025
-6321
-9360
-8160
8791
598
-3712
-2737
6607
8584
-4653
-8660
4039
-8109
7831
1089
-5883
9737
-637
-8458
8459
2025
-9866
-828
1261
-1492
-1679
1411
7657
-1999
-1643
-9155
-2897
-5903
-7454
9634
-5211
8891
-8791
-1058
1050
-1440
-2084
6536
-2739
-5716
-8302
8739
-8012
-1710
-5405
5261
-1590
5762
2635
9705
3006
-4217
-8232
-6360
-4203
-480
1983
-2041
-6746
-6782
-9218
752
-1452
-5213
-9412
1791
5885
-4203
-568
-9139
-6902
-6742
4866
-1130
-8783
2944
-5134
-7641
4313
-1066
-5725
-409
-9474
-6020
5237
6977
-1713
-7386
-1861
2488
5819
-8033
-457
-6407
2265
2202
-8801
4954
6787
432
6486
9026
-351
1493
-7021
5829
9427
5110
3377
-1691
-5555
9891
9221
-1049
8176
2505
-2219
-1913
2476
-1599
2781
5565
1029
-3085
2687
7071
-1499
7785
3958
-8342
-9376
8701
9539
2786
-1341
8272
3777
-436
4424
4862
4705
-702
-9112
6036
-3761
3831
7455
718
7331
6240
-2596
9278
3583
-4724
-373
66
9886
-1196
6735
3593
-2261
6722
-8429
4405
8776
7790
7519
9528
8577
7773
-3523
2212
260
1842
7478
9834
2748
9451
-9797
-1026
6170
2862
8655
-9835
-9743
-6577
6315
5059
-5083
3178
-6412
2592
1785
-1021
3837
7191
-4477
5684
10000
2055
9120
7130
-6342
5273
7009
-5364
3815
8147
4723
6741
-3336
-4008
-2287
-1761
-1786
7219
-1058
-4282
6596
-2513
-914
1120
2709
-2543
8655
-9707
-611
9186
2847
-7710
-3749
288
-5780
-1849
-304
-4893
-6682
4958
-3985
-5203
4970
7529
-916
7948
5801
4478
-9260
-9907
-6612
1839
409
9413
134
-2662
-5053
-9928
4913
-1828
-6856
-5782
6953
-954
1003
6288
-9007
2245
-7782
4121
3443
7530
-7080
-9827
7377
5834
3405
-4588
-150
-19
7855
-1688
-2957
-3486
-1780
-1373
-4964
-6928
4865
-4432
-77
-5329
3263
-104
-6035
-6311
-9894
3648
-2954
-8998
-9335
-986
-8373
-5038
584
-4005
-5082
-7738
4161
7969
7625
5629
7865
-3751
-2527
2227
-445
5754
1877
8694
-8366
3301
9534
6761
7115
-1341
-4605
4416
-342
4862
6873
-3545
-6150
2920
-793
-2025
7905
-5966
6536
8587
-1078
3105
5842
-1704
-7839
-2162
9949
-8859
8998
-9839
-8286
229
392
3445
5421
6744
-5843
-984
-3991
-4373
-7931
1714
8418
-8589
-7055
239
-7573
1500
-5877
-4925
3051
-9502
-787
1447
-6485
1942
7207
6729
4865
8405
-1228
4916
5683
4580
4887
2091
-1224
-80
249
-5314
262
6275
-2341
-2023
6027
-2894
9879
8242
-1856
-808
-1166
-5869
7141
-1829
6643
-2282
-210
3170
-5724
1446
-4685
6649
3684
-9709
8628
-2869
1634
428
-6347
-742
1503
-506
8628
7035
-8541
5056
-8301
982
5463
-7582
4996
-4700
-4789
-9245
-2872
538
9825
-1432
894
-7088
8337
-5660
3486
7858
5886
172
7318
-3739
-166
-6576
1941
-4041
8669
-7476
3431
5370
8318
-7011
2903
301
-2633
-34
7516
3826
-8876
6868
-5093
-4885
-3114
4184
-6373
-3814
9115
-246
4658
5983
7814
-9274
-7303
-4963
6869
-716
-3545
1888
3420
5230
-5623
3297
5164
5421
-420
-3
4809
-268
8949
-5713
3303
-6457
7602
9311
2334
-1180
-2623
3343
3832
-7165
3246
7724
6516
8811
1955
4935
-9210
1365
-1230
-8128
-7009
-4228
7533
-2178
-1615
266
-4653
8593
-2916
-9120
-6683
1094
-272
-8627
-7407
3519
4101
515
7700
2908
-9111
-6611
7398
-8820
6183
7550
2450
3121
-9438
1673
-3974
253
4843
-5998
-55
-2518
4985
-6339
5655
1619
4247
9059
-8738
-8495
9522
-4673
7773
-6897
5261
7992
-4512
-6921
-8054
-835
-766
2458
-3887
4679
1810
-7745
-1188
8474
-1878
-9464
-6469
4023
5925
-761
-7165
6569
-5238
6835
2366
-8793
4866
1008
917
-3387
4384
-8709
-2687
-2120
5479
-787
-7916
-1299
4478
7362
1091
4008
571
-4408
1163
7482
1076
-6498
-1795
-9766
9724
-2001
3654
4039
-9499
251
2852
-6849
6262
8972
-202
8588
7652
9248
2607
-7124
-2153
-4361
7584
2294
399
3378
-5382
5020
120
-4000
-3743
1597
7956
6214
-5631
6637
-5711
5839
-1846
-7171
-2942
-7014
6970
4357
-2806
4706
-253
7773
-9708
-9792
-9169
5224
-9731
-9036
-7231
5400
-4639
4519
4432
754
2621
427
6694
-4038
4575
5651
-8047
5388
-5613
3661
-7961
-5463
3751
1692
-2668
-563
5593
-780
763
8720
-2636
2557
-529
-3651
2275
-5611
-3409
9542
-9551
6881
3326
8751
-7929
-4619
2857
587
6042
1092
-9194
8858
-9186
3518
5063
-1276
-7665
5181
5585
-5645
6594
-662
9406
2130
-1008
-10
3170
-118
8818
905
8500
9470
6211
7734
568
-3503
-7539
-4650
-8762
-2389
-6947
-9612
-1656
8660
-6838
4015
1018
-174
6405
5546
-1020
8991
2685
8375
5608
-4582
-6839
9846
9414
-9654
5642
-7323
4124
-2232
2045
1137
-237
-8036
-256
3762
8118
9368
3595
-4471
-8082
3421
2380
3536
-8201
-3718
-7503
-6472
9527
7836
4410
8877
8428
8211
9857
-6508
7744
7790
9631
9279
2766
-5598
-5831
8703
1305
1190
8921
9283
-7073
6187
7994
-1766
-7112
236
-1738
-7563
9926
-4473
-347
-3462
9085
5904
-1211
7117
4686
1540
-9611
1807
1897
8512
-7906
-8828
-488
-679
6959
-4089
-1796
5599
-1137
7053
1211
-3475
-5434
-4773
8349
-5860
1987
1403
-9407
-1435
-5497
1498
6737
-1309
-6716
3716
-3633
-3063
-783
-4840
-8553
-1098
2199
7017
-3030
-8006
8983
4432
-1186
9184
2927
-866
6837
-6865
-9437
1136
-1180
8085
3134
4559
360
7070
-5377
6394
4301
-6756
8652
-1109
-4391
3251
2366
2834
-6302
-4560
5470
3494
-9451
4336
-1101
4940
-3965
5452
-778
-4976
-5052
-7558
-8717
9651
-8119
-6494
-9597
3482
6071
-6570
6597
8220
6700
-3148
6585
6891
-9459
-4184
-3317
-8801
762
-5282
-796
-2915
6335
439
-6075
4716
5621
-3768
-7367
-1377
-3955
-4388
-6636
4317
-7660
9839
7778
-5936
3773
28
-9878
-77
-1652
-3298
6037
-6786
-2411
-8162
6081
-1378
-1777
4518
-896
-6775
7179
8437
-146
-1426
-5411
2061
4501
-4061
1110
7244
-9533
9112
7617
7926
3708
-1061
-5115
5622
2337
-7246
1945
-5460
-1447
-5089
663
6093
4325
2135
-5384
-2795
-2334
-1482
3530
8013
5488
8401
1438
2743
7508
1919
5061
4788
-7456
1080
7253
-3132
-1388
-2388
-358
4664
5438
-5021
-8492
8152
-9925
-3520
-2989
3368
-2544
-7426
1112
-9753
-5299
-534
-9812
-4263
8453
-9216
-5714
7443
-4887
474
-1295
-6896
4909
-4609
-5150
1918
-6133
-3413
5931
3554
8880
8991
-5921
-1456
5244
-8726
-8752
-5714
-8552
6650
-331
5462
-3525
542
6058
-5754
-23
-5192
-9087
2535
3538
4520
7197
-8379
1218
4682
8021
5513
4399
-1163
2040
2683
765
9028
-3231
-7316
-4375
-4957
275
-6545
7232
2555
-6288
9286
1128
7169
-304
7930
5091
8358
9541
-2154
-2483
8023
7370
5865
-3523
6954
6130
-127
-4040
-7992
-1411
-9920
5605
8189
-5703
-8288
-9018
-6180
-3248
-3413
5599
-4291
8756
-9606
-2122
5400
5306
3641
8836
5023
4414
-7890
-2521
5865
9677
-4324
-5699
-303
-2990
-1050
1692
-8842
-9000
-6853
6002
7805
-3516
8959
-9553
-4736
-5369
9602
-8055
-7932
2181
9018
-6509
9775
9488
-3048
-4653
1479
-7262
7557
-5306
-2129
-1288
-1272
-9901
-7858
8455
-548
4134
7727
6768
-5459
9676
301
3711
4024
-5308
-6917
3260
-7173
1118
5769
3375
6201
7719
1958
4055
-1837
1589
1550
6587
-7755
3969
3618
994
-9963
-3722
9628
2489
-6599
-9618
-6457
-5002
4253
-383
7109
-5686
-8469
-964
-6168
-793
-2568
-8475
-8145
7785
-1785
-3810
-3713
-1946
-7786
9952
-4309
-2553
-3039
-6817
-8929
-6243
-3110
-9070
-6043
-964
-16
2033
-9849
-6456
-6082
-199
5774
-1253
8175
-9718
4769
-4684
-5814
4963
-1619
-132
-4201
3001
1185
8776
5240
6417
1821
-3757
2825
5822
5661
1954
8185
-6637
5979
9543
-2998
5885
1210
4873
-6599
393
8971
7301
4703
2676
-9039
1855
8826
3801
-1668
2243
-2621
-2984
-5859
8543
2994
-8113
2337
1082
2313
525
-1287
5702
-798
-1016
911
4087
6668
-5684
-8578
3880
7996
-2893
-971
-4421
8874
3899
-4418
-8435
8702
1253
-7843
9790
5253
5382
-8278
4913
-95
-4377
-7708
4120
-9460
-6871
-1169
3576
-3554
-4111
-5529
-2999
-4114
3741
3170
8940
-2912
-7051
-199
-2994
-7552
-6132
7227
3067
-9182
-1788
-2293
-3028
9421
3517
7653
6111
-5332
-2960
1919
6127
5786
-2214
-4910
-6900
8341
-1570
-9948
749
7355
913
2781
-1452
-1425
4858
-6533
6592
2491
-9179
-8707
5397
4864
-4455
-4549
3734
-5439
-9918
2345
7636
-5395
2769
5400
-6554
-1177
2709
964
-1218
519
5764
2794
-5957
-5111
-1969
3522
-1601
-3301
-8648
-6752
-6436
-1157
7419
-9446
8418
2223
-2060
2882
7052
8390
6332
-4739
-7810
6427
-2726
2439
6841
8030
9041
467
9126
-3307
-8699
1313
7771
-6132
-3984
4809
2498
-5562
-6423
-3215
-943
-8070
9109
-1111
-580
9953
-4728
7577
-8660
-6047
-7634
-8201
-254
7365
-5220
-139
-4445
-7409
-335
-1714
-5225
-8504
7645
7178
-4147
1949
3340
7859
-7944
-5749
-8125
5442
-7932
1728
3688
4147
-3738
-7610
9676
7458
8040
-2944
9776
6972
2378
2071
-92
-609
-8493
5870
1049
2144
5515
1205
-9492
-2381
-6525
-6918
-9343
7733
165
-1665
9535
-5659
7046
-959
-4039
-2056
8547
6159
-7757
715
-8331
-9117
7581
7043
2005
3951
2968
-4070
-3467
6805
541
-116
6008
-6613
435
-3697
4932
5516
-5927
8453
-8610
6889
-2359
-331
-3628
-1238
5143
2090
4767
-6391
-4825
-1718
-9181
4229
-9965
8034
-1495
-4858
-2969
7913
-9155
-8090
1235
335
-8145
4148
-7387
-4427
895
-3593
-3337
2015
2554
4080
9851
-2771
-8723
467
-7193
-8359
9478
7983
3788
-3053
-7949
3162
9952
-8815
-4356
1352
-7513
2255
7897
2066
-2213
9267
9648
-751
-8427
8927
-1290
1347
3616
-9106
-7836
-1549
8540
-3431
-3115
-3014
-5587
9034
8030
2896
8473
488
811
-1679
-4702
-6240
-5711
9328
7651
1548
-4613
-2866
3889
-5987
737
9617
5182
-6082
-1142
-1878
1945
3946
3975
792
8923
-5865
2583
-7207
4479
-3178
2112
6843
-2165
8989
1143
7278
-5836
2899
5961
-8158
7152
6413
6409
1829
5620
-3249
3407
-2647
-1591
-1756
3406
4254
9884
-7982
-8075
-441
134
-4566
-5696
-6045
6126
8037
5914
-164
-6647
5751
-388
7189
9705
-3883
-1495
1646
5397
7032
-7100
4741
4641
1390
-1810
-2635
771
-2967
1763
-2086
-1813
-2115
-445
-4337
-285
-75
7940
5621
9057
2816
-6209
7188
-7288
6546
-2113
-2105
-8664
5550
-1430
3681
3242
-5073
-9008
-5309
-3940
-9870
6912
-9008
5335
-5625
-4401
9961
-8193
-3271
-9282
-5534
4554
-4014
9227
-1462
6544
-8838
-2577
5301
-8464
2143
-1718
5534
6810
-6420
-1243
-2481
7296
8308
3473
3921
2331
-3513
-2198
-7
-9396
-3967
-30
7176
7758
5352
294
6988
-2492
-6585
-1656
314
5262
9713
-4836
-5820
-7007
-51
2000
-8820
-4266
-8069
4061
-4484
7968
-8368
8503
3360
-4584
9215
1740
5710
-6438
9242
9547
-7635
-9008
-3830
-6441
1985
5333
-4243
7420
-5284
-7492
1605
3004
6444
-4442
1894
9258
-9814
-8619
-5136
-9048
6207
-138
-28
1205
-2069
-3688
6073
-7610
-9910
5974
8049
-3469
728
-4009
1978
-6755
9492
-5105
6378
1660
1852
1635
-1345
-6015
-2311
4514
8503
7375
6079
-1726
2236
6694
7503
-9719
9684
672
2673
6161
-2172
-4185
8578
-7452
4767
9368
6533
-74
3209
7185
1138
2263
-5771
-2839
-4152
-2721
8615
-2340
5972
9944
1515
5683
1004
-990
3112
2607
9299
1460
-6594
-1170
-8961
3145
6410
4404
9622
8590
-4999
7826
6170
-3214
3233
-8003
-110
-5690
6814
-3788
-1338
8883
9811
3985
-1101
-753
-5192
-3610
8504
6257
-6514
9149
-8130
-1338
9844
2889
-2147
6305
-8334
-8185
1802
-4882
7533
-6147
-5047
-9463
9147
-5516
7129
-122
-76
5312
-5433
6543
3227
2771
-6782
-6159
-9170
-4822
2929
-8064
9929
-6892
8345
9484
-3950
-8446
-8998
-669
-1117
-2841
-3358
-1129
1027
-7767
9769
-7664
6198
562
-3485
-3803
6476
-5656
0
9808
-7001
6688
-6219
-3464
-5901
1987
-4656
-7277
7315
-1321
9643
-9873
-4158
-3021
-7928
-4629
765
-3137
-5369
4037
-6323
6168
2021
-5098
2251
-3712
-8861
6059
-8831
3268
-5064
-2682
-648
-8056
7197
8744
5942
-1742
-9293
-964
4934
9839
3051
8464
-5615
593
931
-9500
8956
8324
2021
9925
4000
5100
-46
-5967
160
-7520
5494
2840
-7672
3403
8049
9242
7868
1724
-3463
798
1463
-6264
-1937
1861
5406
-566
-5685
3212
6920
8050
3794
6529
1727
9601
7302
-7878
1216
-4151
-6150
6022
5788
3378
-2316
-7596
1264
-118
-1753
1225
9852
-3031
-6989
8060
8640
2435
5783
3439
-4381
8946
-2667
-4837
-583
5354
6405
-1144
2690
-4021
6075
-6893
-4821
8757
399
-6089
9724
3579
-8318
9273
1955
-5473
2573
-8069
7996
784
4309
-4810
5517
-1811
-1299
-4242
-2381
-1410
-6808
1448
3546
-3102
4031
1105
-4372
-907
1386
6756
-8115
4021
1485
-4181
1601
99
-9344
8153
-4656
7321
4710
9238
-8708
9589
119
-8848
1418
4512
7606
-8551
5833
9766
5903
-5739
-4605
9595
-4548
2049
1159
5455
-3371
5092
6228
7438
-1049
-4784
6746
5254
-6637
-2794
9314
-2901
8618
6520
6841
1999
-9986
4943
-2910
5750
-4477
4369
-4420
5692
-4059
-7247
-6713
2569
-9551
165
-4852
-2786
7045
-6922
-7127
-6230
1763
-9093
-725
-2127
-9559
3050
7930
4860
-4281
2767
1154
-3587
3455
-8412
-4242
-6088
1944
-5125
7586
4091
-8988
-5044
1974
-8797
1233
-5271
-8410
4648
-7734
6944
-7114
8714
-8972
323
8616
-8934
-726
-9623
-7914
-6721
6375
-1686
-7837
-1258
-8056
-7874
-7868
630
-3266
-6436
-9247
163
-6243
-1616
-128
-6031
-9950
5152
5438
-9274
7604
5582
-5082
9610
3406
7782
-7399
-9598
9722
1732
-9646
1767
8186
2153
-18
1579
-3443
-1039
-5171
-757
-554
946
-2793
2892
-1075
7516
-8139
9691
9741
-8098
4138
-5755
3024
5252
-9289
9205
5210
8905
755
-5236
-626
9973
-9777
-7407
-1932
-5581
2091
-1967
1658
6068
5486
1727
-7637
7648
8535
-2602
-1645
-5711
8588
5782
9912
-4405
2270
2079
-3171
-8035
8744
8312
-7936
8701
-5000
-9794
4683
9109
-3570
1069
6352
3623
-8492
9520
-9459
7254
9172
-9965
2887
1819
-5948
422
2061
-2145
-95
1227
2570
-6308
8485
-7949
2033
2084
5630
-895
5612
9578
-7562
4941
-3756
-751
-604
-2309
3744
760
901
9329
-8495
-846
-8955
4837
-5393
1689
1039
-8894
-2579
4098
-628
2283
4970
-6734
6576
-4010
-7643
3528
7761
-6699
7229
-8120
-8483
-1635
2927
4957
-8333
2295
-5618
1356
5298
-3756
-655
7370
-5856
-3416
4526
-8732
-728
-8624
-5205
-5468
5724
1278
-69
-648
-3925
-7754
-4376
-4930
-1551
7388
4417
5949
-9419
-5326
5148
5609
1831
-7793
-4009
-8347
8858
4201
-71
601
1145
8212
-2394
-5269
5053
5599
8214
6642
7221
-6731
8281
-6686
4366
5002
-2877
7162
9094
-3974
8258
7463
3839
3644
-7942
2811
639
7844
-618
-1901
1983
-8618
8289
3370
-5940
5021
-4864
-7845
-6089
-5637
-7405
-6592
2682
591
6063
-3450
5206
-8681
6924
6627
-9278
-1901
4160
-682
-7452
1466
7525
2733
8923
-5936
-9982
-9791
8902
-685
-7676
7383
3892
-2457
4893
-4890
5845
-7940
6905
-1575
-6520
-1064
-3606
-7892
-8175
-869
4455
-9467
-4730
-6318
6718
3061
6256
3308
-8828
4218
7898
9180
-1608
-4947
-2117
-600
-8096
-4305
1967
-1672
-8446
8024
-5559
-8660
-4861
-6609
42
7705
2834
-7012
-467
-1044
-4325
-5320
9672
-8863
7117
-1506
6798
5483
-8827
-1687
-4482
7218
9580
1780
-8682
-4473
-1220
-9570
-3252
1072
-6858
-6450
9897
3719
-9964
-9674
7110
3133
-9828
-4094
5204
-5574
-7587
4840
2624
9473
-594
-3026
454
-2555
-6719
4332
9345
-4614
-9601
6061
7488
9550
-874
6687
1450
-1591
-6643
6793
-2694
9493
1158
9821
6096
-1298
2871
-3431
1346
-6142
801
5390
-2304
-4407
-4356
-729
-6874
-513
-7065
3388
3207
7613
7052
1466
6470
4644
3171
6950
200
8000
-1469
7660
-2424
-2168
6718
3736
-203
-8955
-3346
-5873
-5209
7551
-3000
9473
2400
-9700
-9023
6676
-598
-5103
-1996
-6661
4002
-2943
5435
-4658
7567
6478
-8437
4818
2587
-7649
-6965
4518
4760
4909
-4132
-2461
78
-1672
-2442
-6112
6753
-5666
-9989
-7193
9795
-7086
4094
-1403
7251
9249
-4980
-7312
3630
-9755
2151
5937
1716
7581
-3472
-4144
-9490
7809
-4529
-582
4740
-5432
9729
2066
-4551
-6400
6617
-7379
7308
2888
170
5251
967
9041
1801
8837
-8870
-3020
-3564
-4974
-4811
-276
-7083
527
-2480
7294
5165
5194
4859
-8867
-6205
-7716
-6763
-8670
2607
-9966
3375
5938
-233
1269
9942
2284
1402
-7160
5841
-6793
-1810
308
-7001
1580
9096
-7491
-2801
-5924
-8022
-5335
-6879
-9097
-4845
1809
5551
-6478
8529
-5505
-1737
9471
-7186
-5745
6762
9783
918
8099
2202
-2127
3279
-8920
-9118
-8213
-4654
4201
-3237
-100
6633
1095
1391
777
-3342
4903
-2008
-9845
7334
2948
8580
-4139
-928
-7011
3818
7741
8603
7907
3168
-8671
-894
9310
-196
-9422
-5046
-3064
-1850
-1187
3892
-7791
-3585
-7884
-8098
3671
-3379
-1604
2067
5667
1847
5670
-3048
-5718
9449
5702
-3535
-4002
-4482
568
-6820
9496
-1379
-733
6058
3255
4277
4551
-3459
7717
-522
-2684
2410
2389
3417
-1218
8480
7537
4849
8247
-8009
-9276
5729
6474
-2840
4736
-7517
7641
-9114
2625
-3362
1943
-6931
9304
-8391
-2164
1781
947
9220
-8673
-3830
7979
9329
-2213
4698
1683
-7835
3363
-6104
-9640
-9924
-9859
-5479
7056
7346
-1757
1847
-8677
-9955
5530
-472
-3714
-37
-9015
3808
-5405
-4504
-951
6842
9261
-9132
-305
4037
-6794
-2988
-4226
-5408
-2665
3091
8476
-6520
1585
-5894
3763
-9337
9069
9470
-7333
-6923
-7514
9259
4147
1319
5665
-5916
8488
2276
-9035
7495
-7002
-1231
-3454
-8207
8965
1998
-4843
-3856
-8928
9272
5442
-3828
-195
-4302
-3853
1420
9453
8252
-265
-333
-1729
677
-7811
9071
804
1462
6739
-2023
-7807
-3449
-3460
-6391
-468
5761
-1849
-2463
6645
7249
2688
-1929
-2889
-5099
-7799
5420
-4772
2069
-8690
7230
-8836
4677
5096
4118
-6004
5262
5786
2680
-8772
8078
-9581
-6319
-9200
-5092
-8496
-7161
716
7206
6379
-6848
3508
9418
8066
-6266
8371
-3353
9057
1060
-7905
526
7699
-2473
-8879
9888
-4950
9944
2219
672
-6301
-6751
-9813
-2961
366
-7093
219
-1699
-534
-368
8455
6814
-7270
-7805
-9321
2968
2703
-5991
-4169
8501
-9673
-5508
7416
2058
-603
7927
-6561
-5910
5675
-2869
-3377
9056
-7277
-4438
3317
-3019
-8634
9269
-5974
-9868
2989
7595
5116
-5888
6097
-887
-2337
-7262
2418
3680
5135
3188
545
1276
-4826
4222
6878
-7466
-6896
-3905
-9597
-320
9879
9946
4795
-6028
-7125
3629
-2375
-3232
6925
-1030
8622
-9621
8209
-9552
-3429
-6520
5934
4605
4934
3940
3054
2193
1212
6735
9659
2513
3685
3036
173
-1677
-9606
6901
6365
-9990
3151
251
-3684
4594
-7592
1639
-1047
-189
-3201
3309
2449
1762
-4569
4566
-4305
2978
9751
4010
1905
-7810
9699
8749
8843
-4322
6818
-9794
2828
-2119
-5566
7813
-2926
-7351
-1982
6463
-9303
-4448
9207
4824
3631
1640
-3417
1700
-3512
8714
-4796
6701
-4050
-5411
-5941
7614
-2541
2313
-7723
-4670
4135
-1519
-4217
4236
6229
-2781
7258
-6861
6840
-390
-6322
3572
9140
2714
9409
-6443
-3950
4117
-6060
-5228
5264
2234
-8477
8982
6209
-1630
-4839
3408
-6299
7748
9594
97
-3730
-334
4944
-2627
2899
145
-4401
-8665
7563
-7251
-8561
1343
-1054
-8179
-1717
-278
7445
-9919
-7110
-5361
-4629
-7303
-2236
5550
-2893
-3533
-4511
-9868
8719
3375
-8853
3378
-6320
3044
-5226
4463
8363
-4115
-7477
65
8313
889
-5721
-8905
2274
-8062
120
6258
-5689
7710
-4730
1036
-6769
1738
7280
8797
6499
8872
818
5238
-872
7552
6177
-5145
-6813
-4587
-7861
-1585
4838
1914
3764
817
-8481
4527
9325
-482
7061
3857
-8508
-7831
-4530
1345
-2855
6218
-4436
-9585
4089
9509
965
-6784
5223
-9471
-3842
429
5148
7308
8838
9358
8455
-7035
-7842
2356
-3020
5855
-2003
-8893
-4210
-2741
3529
-7619
-6260
3678
-7917
3584
-5153
6608
2711
5380
3609
-9173
1095
6396
-8242
-1938
-7855
5357
-1102
3604
5935
-1661
-8760
1850
-2303
4965
-4698
-1191
-5512
-4498
-5800
-1122
-4676
4068
6635
4431
-9779
1380
-4707
9932
-2255
4763
7461
-417
-5123
3517
5597
-8808
-4583
-7386
4256
-8455
9038
-7318
541
403
-7889
345
-24
8132
-3572
4235
-2336
6806
-8607
3756
-2733
1304
-5384
9778
5834
-7783
-2772
-51
3289
-4176
4499
-3438
7015
-1636
7486
2153
-4535
5158
-6814
-7357
412
-3636
8165
-744
-1770
-2776
3198
3803
4787
-627
-6710
-421
7723
-7153
6050
8470
9639
3204
6430
-5213
-952
4014
-5136
9391
4612
-273
-4675
7257
-1577
8907
-2069
6503
7297
9454
7711
-4972
1809
-8600
-7054
7881
5903
-6849
-8749
-4641
3504
-4081
-1475
-3875
4532
3544
-5988
-4480
-8881
8135
-2347
-9557
6998
-8698
-4086
-5821
3365
-4505
3140
-702
691
5046
-5615
-7884
7183
4308
-9184
5879
-4060
-9440
3129
3701
6684
-2973
-8974
6701
1799
9482
1372
-6345
7092
-8073
8497
-1300
4584
-5215
-272
9128
9143
-6133
-3935
6938
-9775
9641
4765
164
-964
-8223
3960
9149
5592
-4942
-4480
-4925
2213
-1773
7050
1312
-6403
-217
8866
-8794
-6372
9938
9174
1290
-3037
-5612
3336
-3598
2228
6610
6690
1015
-7809
-70
-2296
-8988
-7937
8939
-6870
1482
9309
-7339
-1605
-447
-3896
3976
1568
6599
-87
-6813
-5074
-1543
-3562
-4871
-2638
4110
3054
-1421
1566
544
6561
-1875
-424
-5837
1299
507
-4261
-1353
8784
599
-5308
-6335
5922
-823
-6426
-6145
-4534
-3912
3509
-6177
-76
2273
-8716
7013
4651
-4231
-180
872
4634
-2254
1279
7529
9178
-4086
-3697
5465
1000
9741
-9027
-8326
3635
6202
-3672
6590
9000
2720
3334
-4375
9807
2264
-7938
2787
8807
4679
4762
1483
-5608
-7123
6631
-8414
-9670
1235
-2450
-4164
-6548
9029
-9843
4260
3964
4711
-7326
-6393
-7346
7365
-8415
3712
5127
3327
5855
6680
-9657
162
8413
-310
9454
443
1988
4710
-1857
3883
-5301
-6774
5152
-8348
610
-6897
7587
9443
-9255
3012
-5873
-4205
-8353
7938
-4268
8448
-2414
9665
-6442
-6061
9250
-3523
-9470
-6341
9285
-5250
2439
8816
-4976
8888
-5298
8535
-219
-8081
-4626
-164
8752
8680
-8390
362
877
8410
5345
7952
-2817
-1344
-5744
3496
5091
-9530
7176
-3101
-7976
8423
1235
-3897
-1742
-7890
494
-513
-5627
7253
-3864
-569
8272
-1704
-6219
-6712
-8594
1417
1501
5634
-1480
-3447
8318
-2968
-389
1204
4389
-7937
-3365
6541
-7871
9589
-3099
-3758
-392
7938
-5277
1345
6397
-2526
174
4397
3524
9396
-2884
-9762
-4988
-490
-4832
-1679
7027
-6692
9259
-6193
-6549
881
-1933
-6093
-7805
-2294
-2469
6703
-2499
5196
-6209
-5695
9112
4253
-1107
-4074
-2029
-1884
9752
-7401
-3161
962
2270
-3044
-6063
5449
-2353
-731
-6762
1621
1242
-527
-6718
9623
-5632
-6769
8963
-2389
2211
-5780
-9273
-8155
2363
676
-6436
7618
-4003
-1282
6551
-9707
-4993
5626
-2018
5402
1964
-4474
-6690
-5549
-4087
-2289
-8400
-3778
727
19
890
-711
9722
-2088
-5364
7814
-1675
7622
2318
8044
-8206
-2643
-6665
-615
4964
-9092
-904
1832
85
-5978
-4408
734
-3969
6312
-5362
2452
-6496
166
5769
-6294
118
7203
2116
-9708
-1315
1209
-206
-8030
-4598
6558
-2540
-443
9859
-4978
-1841
2197
7805
-1462
-1491
3695
5852
4438
1845
9312
3862
4635
-598
-3834
7476
375
-9667
-2508
-8346
81
-3975
-3314
1255
3096
-8282
-4432
-301
6878
-8000
-8013
7731
-9963
-7021
7917
2066
2567
-4479
2858
6327
-4213
7337
5756
5403
2468
9768
6773
-284
1862
2479
6018
-6666
1000
-2469
-5241
-5461
6980
-7470
599
1832
4900
-7672
1277
-4208
2975
2968
-4219
-1236
-8394
9240
-7770
-5379
926
-713
-3908
-669
1147
9325
9172
3483
1726
-8840
2320
-6763
-2836
-3422
4108
3880
-1447
4452
9591
3631
6194
-657
-7877
-1038
-7150
-3681
4183
-1117
860
5685
-3857
3025
-8577
2395
-8861
-4167
5220
-1681
3672
6393
-3349
-2353
4410
819
-7694
-4662
7648
3342
5581
5099
3277
-6318
-2743
-7013
-8076
-2484
2346
4290
-2012
8949
-8777
-2678
-8163
-8115
7121
-4535
5736
-8599
-3837
-1273
4356
-9843
5601
-1382
3861
9529
2355
-1088
1325
-9384
-6911
6643
6682
-7727
-8596
-6125
-313
1864
6474
8967
-4922
-3181
-7752
-4511
2465
836
-2052
6063
-2251
-8372
-307
9356
-3836
-5244
-8551
291
2780
-1416
4813
-3703
-260
5493
-1938
-6082
-1275
7885
-7118
8891
7743
7982
-4279
2780
-7304
7234
9674
-6647
9755
9908
-5185
1056
6846
-8304
2572
-4932
-7145
-5710
1066
4017
8098
-9471
1434
-6617
6603
1429
-9783
-8162
3829
6421
-1837
-2711
-8036
4825
5242
4410
-3029
-6644
6288
9318
998
7780
-984
-7291
804
-548
2624
4596
2676
-5317
8979
-1389
-7982
-6140
-1206
-854
-2024
488
-2814
-8147
6527
-5032
5300
-2251
-9346
5085
-7782
5103
-8478
-6733
3877
-321
3832
-6982
-4011
1766
1650
5418
-8580
-5254
-3972
4477
5820
475
5153
5268
-5195
4879
-2268
-2897
3456
7082
4849
3898
-5499
-5392
-8020
8365
6822
-8513
5037
2436
1039
9625
-1065
-7651
4725
-233
-8900
-5286
-2072
-2152
113
-9236
4487
-6368
-5803
1470
3247
-7717
-5549
-3152
1424
-4184
5039
-4987
-500
1274
1461
-9297
-5171
-4456
8247
9556
9432
4326
2855
1149
8314
-5902
6540
5229
-5879
-6844
8749
6015
3105
-4807
-682
4083
-5089
3962
6014
-5019
-6734
-2171
9546
-4992
1566
-1714
-9340
-3513
9101
-918
-4033
-5558
1609
2975
-1805
4103
6623
-8112
-4831
-6493
-7937
-9569
6945
-9443
5846
8568
-3333
8534
5714
-208
7365
2310
-2331
-7648
8781
6435
8424
-5982
-8037
162
786
496
-8873
-1184
53
9566
-7516
-809
1376
-1587
6096
-6401
5816
-3395
5735
-5055
719
8432
3315
7277
7481
1824
3248
9362
1595
-2615
7799
-8377
2655
-4553
9025
-6740
446
-4005
-7528
7037
3792
-5718
873
4328
9185
-7676
1505
-6796
6742
-6435
3059
28
-5257
-4201
-6329
-3333
-6999
-3814
6892
3862
160
578
-5582
-622
862
-9746
9912
1399
-9121
-9916
-5280
-7860
9418
-1040
-3159
9833
8195
6582
8833
-9457
-9243
7346
9782
6156
9943
-2167
-3540
947
1684
-1812
2856
1790
-8456
-7104
-9602
5662
5054
6463
-6599
5229
6517
3352
4261
646
7048
9861
-8539
9008
4814
4629
7145
-2994
6044
5771
481
3345
-6599
-9199
15
1190
880
-8603
2246
-8260
5864
-4856
425
4641
223
1989
930
4132
3681
927
2396
-7414
-1555
7793
-371
-6602
-4805
-1818
6483
-3599
-9891
-4234
-3523
1746
-8510
6943
-1738
-586
-3191
7773
-9520
-1108
-7394
-4892
7605
-1152
5250
7523
-9400
-1163
-650
3420
-7829
5252
7338
4296
-6821
8621
3738
8905
7532
4860
9203
9854
3402
9701
5079
8601
8548
1567
6871
-9543
809
9511
2832
-1594
7177
-4921
939
6162
8991
-7406
3103
5478
-9411
1616
-4172
-7179
4157
-1488
-4274
973
-760
9094
-2731
-9300
2641
9288
5909
4180
2622
9797
8260
4769
-4386
3288
-7323
-5685
1274
-2473
6286
-5322
-4615
-7425
6421
6519
3596
-552
5595
-7995
-4232
-1619
9528
8752
4661
2477
-3235
6929
1378
-3821
5420
5206
-185
-6174
-1339
-3716
-4242
7758
-6222
1544
-8110
-5888
4445
8355
-6996
7758
6935
714
-8441
-2884
-4885
-7471
482
9917
-1954
2499
-3778
-5805
-529
-5804
-9028
8778
9431
663
6545
4515
-2603
230
-4810
-3663
-4172
108
3871
-1720
-4494
9580
-2643
-7671
-5740
-9880
6111
-8352
-3775
-3265
3243
9825
-4092
-2351
4482
4054
9886
4699
-895
-2511
-7691
8897
6664
-1935
-7540
-7739
-1261
7514
-5828
1562
-7239
-3953
9140
-480
-2774
-937
-7110
-5210
-7767
-9389
7182
-7254
-4925
-606
9903
-4893
-2380
-1363
5524
9272
-4575
877
3918
4140
5029
9189
-659
-9171
5498
-6214
4694
8194
-2495
7516
-4251
-9750
4218
-6097
8800
-8898
-5024
8849
-7929
-219
6901
2310
-2451
9490
4442
7476
1937
9589
4297
-4840
1545
-4011
-3193
-6744
-3912
-2413
1491
-5476
-6840
-8249
-1694
-7938
5326
1603
81
8039
239
-8954
-8325
-975
5077
-4040
-4640
5265
-7782
-700
-1408
2849
5988
3101
-6677
-6095
-2403
-4934
2951
585
3580
5347
5316
6465
6869
-241
3324
-1042
-9632
7945
9083
3869
8869
-6638
2695
-3559
-997
-964
1961
2861
-5812
733
-7381
-4625
-2680
-4950
-2021
-5849
7364
-7273
-4159
8691
5650
7782
-2836
2113
-1315
-950
-2709
3669
-5141
7155
2254
-6058
170
-8299
-3277
-9304
2866
8531
2160
339
9529
-6979
5567
-2542
-1590
-6585
2294
-2723
7615
3294
-8747
-7992
-9072
3239
459
5322
2223
3874
-2484
-796
-7383
4383
-1423
-330
-6648
-2710
-8527
2310
8265
-22
-8408
3485
-8953
-8703
-8769
9363
1436
8066
2990
-1118
1196
5582
1051
3054
9196
-5607
4726
-4660
-8909
9155
2423
601
-4547
-5681
1586
-8268
-3001
-8907
-1974
-2218
-5027
-4217
-8945
9054
6633
-8427
-2051
6189
-8110
-368
-6494
-9640
-8751
-2880
-3001
8438
5312
5895
-9468
6760
580
2662
-6991
948
2423
684
-3076
-6581
3069
3956
-4182
3134
-5551
1432
-5260
3174
-6440
-3788
6455
1784
-8443
1682
3109
2719
7900
4468
-8944
1071
-9912
-7753
-4903
5102
6610
-7339
6980
-6857
-8129
-4138
4851
6067
-3882
-7514
-3791
-2208
-1345
8485
9242
-6193
9107
-8272
8483
3889
-1729
-754
9102
3626
4100
-716
-6605
5281
7325
1135
-6709
5629
5281
9138
4703
1672
7965
5450
9363
4525
-9386
-6227
200
9613
-449
-836
-433
3058
5481
3323
4353
-5027
-1673
9352
6380
-6791
1105
4154
1068
-2523
9492
-9688
3903
7919
-2537
9918
-3428
-6258
-8906
2174
-4858
9551
-671
9594
5022
6946
192
-7860
4086
-4443
5494
6296
-5919
6873
-5524
8562
-3612
5123
8528
-7591
-4549
4131
1061
9204
1762
7671
-3743
9462
-5361
3212
-450
-1937
9141
-6676
6852
1981
3917
-555
1453
-6316
-8475
5064
2302
-864
-5488
3256
7539
1052
-3586
-7667
-940
837
8151
-8527
-941
-7932
-4808
4408
1362
-7318
-8764
1611
9548
3212
336
-975
-1891
7032
-9092
6577
-2292
7405
6865
-6138
-3228
-9815
4549
-6741
8085
-3208
7100
-1960
7871
-4618
8487
5000
1230
-9214
-7068
-5685
7343
-9574
-5615
9419
-4743
1289
-186
835
-5689
-7662
8176
393
9022
-3267
-5117
6275
3234
-2665
-2084
1421
3801
-2209
-3858
6988
-1822
-9111
-957
-6227
-1283
-6106
-29
-1412
8063
8811
9831
-6079
415
351
9905
-2814
3564
8707
9532
-8197
-4175
8412
7283
-7609
-2321
5746
4425
-4602
-980
6212
7570
2436
2088
-9758
-11
-204
-1536
8305
-6183
-8031
-4220
-1243
-9586
8843
3702
-6966
-8931
-8271
-7206
-9176
8886
3961
2318
-1056
9067
3177
-325
4911
8500
-5841
4198
4441
-4215
-7944
672
-4055
6551
3619
9094
-2335
4236
-7119
-9342
-7815
-8709
793
9006
3422
-5033
-9307
6472
-7708
6427
-8112
-1850
422
-4074
958
-7193
-1952
-2547
-9259
-1581
2143
2967
-780
-1167
-3982
-6865
-6970
3634
1160
-2347
-1060
-3600
6266
-5268
-2645
1326
-1327
-7098
-9330
-5264
-1275
4892
879
880
-9587
-6260
5280
-632
8346
-3203
-6560
7787
-7948
-3315
552
-9870
-7513
6372
4481
8727
-662
9919
-2905
-6068
552
4321
2681
2931
8049
9333
8810
-1887
-4714
6865
6942
2847
6773
4204
-8397
-9823
6211
80
-5191
2646
-4664
-3496
7522
-8641
-6259
-6915
-1242
940
-7393
-3412
6800
6507
-1254
411
-1661
8631
3312
5448
-4762
-406
-2807
-9243
6746
459
7196
1777
4650
1570
8134
-9131
2554
-2662
-6288
2506
-9407
7574
9617
1573
-6414
-7113
9643
-8153
9988
-8284
6685
-4012
8819
-8369
6340
-3975
460
-2776
7116
-5462
-3482
3029
-5
-3365
2218
-6993
3185
4991
-2486
-3096
4510
3339
-1754
-6857
1417
-7582
-6717
3328
2619
-5538
9727
8461
-817
6880
2190
-9747
-1745
-4103
3020
8703
-4863
2840
5015
-8577
-4454
1440
-8679
9901
-5994
7135
-8348
-4732
2249
-8870
-3379
-3793
7469
1171
-5714
-6921
-4309
2608
5943
162
8989
6613
957
-8274
3956
-6087
5128
2350
-5761
-2385
7268
4735
2345
-5238
6329
-240
-3478
7973
-7414
-9123
6681
4739
-34
2733
3005
-3993
-4248
-9675
-8599
6321
-3028
-9187
2706
-5839
-8090
8653
-4723
8254
-4733
-3857
-6092
-7630
6145
-1962
-7691
3338
4987
-2303
-6444
5596
-4349
7122
8697
-7814
2183
7727
-1756
9190
216
-5215
-4910
-1298
6409
-2175
5103
9555
-8183
-625
6323
7032
5733
9054
7688
2671
-3103
-2031
8175
9613
-8425
7961
7158
-935
-539
-1343
-3915
4725
5383
3065
-8079
-7265
-9839
3360
-4484
-8866
5944
6613
6427
-4589
805
110
-5402
-9838
2185
-426
-4982
3758
3144
-1145
-738
-1668
-1807
1494
7280
-1571
-8910
5835
-101
5247
456
-2062
3826
3970
7673
-6722
-5235
-9772
9910
103
1495
6694
5074
5506
-9083
461
5704
-4772
6197
-7505
9614
4012
-9615
3123
-9047
-5115
622
-666
-4648
-8608
4701
-3675
8238
6871
8911
4870
-7221
-2755
9231
-7308
-3484
-3891
6188
142
-9530
-731
-1629
6167
-261
7649
1911
-921
9959
4983
1451
5000
-9548
583
-9967
9115
-4274
-8259
-6443
-8858
494
-1950
6722
-5331
-4841
-1817
5153
7798
6594
1058
6005
-5596
9683
9510
9643
-845
3664
4832
3425
3739
-9693
-8531
6068
-9271
9979
-7868
-1280
-854
9446
5442
-8794
-907
-3199
5154
-3869
5439
-492
1770
7062
-1875
5792
-6040
-7868
-6863
-5867
-2653
6488
-5660
-2329
6524
-4395
2094
-2061
-4280
4693
-7806
2480
5341
-6475
2975
367
1100
-6704
4654
-9756
-9262
-4592
-6026
-5944
4744
-1728
-984
-7573
9115
-8672
-3585
4806
2836
-408
1403
7980
219
-7529
3885
-6953
-4765
2922
-9657
2497
6360
-8869
7608
6786
3741
-2800
2992
382
1031
3433
-3395
5523
-9207
4108
4934
-4551
-2011
7998
-3304
-498
-3434
-9873
411
4051
-7741
-9049
-1479
-3337
-1112
6900
2794
9306
-7654
1016
7613
8760
-7639
-4932
-5202
9426
5132
-4876
-5619
8610
4105
5136
1070
7819
-4957
-820
1209
-1237
-8033
4391
-77
6459
1412
-5555
-7481
1243
-7307
3519
9996
-8266
6204
3270
2229
-5904
2757
-4995
1050
-8
-2823
8401
1010
317
-6821
7330
1759
1232
-5290
-1178
9690
3388
301
3438
-3478
-3658
9844
-3093
9235
9870
-4232
2208
2221
4355
6829
-5028
3016
-9647
9020
3325
-3129
363
-7067
-9203
1967
-1596
8166
-6723
-2618
2176
5086
-4087
-2026
-7513
-7610
-7296
-4104
6474
4419
2357
-4036
8096
7147
-5594
1879
1336
-6628
4731
3722
-2627
-7506
-9391
-6734
-4478
5265
7866
-9346
5731
2096
-598
9363
-3471
8318
-825
-7428
-2293
-4089
-9655
-1053
3239
1086
-6523
-6975
-8142
-5565
5467
-8716
4823
-2051
-1340
-7219
-4325
9718
-5037
-6187
-526
-5476
-8915
9334
908
3494
2505
-2535
-8897
149
4038
3088
7423
3840
-4364
-3893
-5711
6127
-7270
-359
2479
-8409
9012
-5468
6354
616
4029
4272
-1297
-947
-829
-2869
4397
-6824
-5080
850
-6300
9535
6226
-2226
3371
-7656
8918
4691
-907
2120
-5085
3363
-4567
1351
-5167
-1082
-9642
437
8103
9025
-8829
-432
-6732
-625
1514
-876
-8566
9983
6383
-1417
-4711
-3006
-2567
-2718
-4509
9442
4274
-2221
-4346
3427
2946
5016
-5247
-4196
5682
4444
-1323
-7988
-3916
-5372
-3761
5356
883
-3611
5141
7011
2087
3858
5866
-9116
-6027
-6449
695
5821
-2063
-154
1404
7115
1922
125
7408
167
8709
-6364
97
3196
-3638
2056
-2377
532
-5045
4915
4507
-5412
9235
-8020
6387
-6889
1647
-1841
7572
-4888
-3937
-2003
5704
-4209
7147
1644
4578
1762
2560
-2906
6479
9529
4840
5639
9506
-3466
-4116
-6337
-373
-6406
-1794
7532
7218
200
-1052
5921
-3586
5018
1667
-8000
-2511
-8130
8934
-1114
5656
9275
6330
-3662
4507
7246
-5061
-3980
6186
-2971
-5121
-6580
3972
3367
-3086
-1648
6156
-878
-5811
-860
-2344
1595
-9024
-1249
-4839
-8046
7458
9810
-9652
3199
1348
8033
-1192
2770
-7977
1421
-8809
-1892
-6040
-3929
-948
8010
-3966
-5756
-959
6132
-6107
-5639
-4576
-6520
9707
8668
4873
-5547
3300
1629
2554
9429
1907
8333
-9323
3303
9429
-7033
-4498
2017
9506
6759
6260
-3564
-572
5083
-4827
-4476
-1414
9378
4271
4914
3311
-1793
-7341
1410
3093
-8783
8381
-4904
-5052
418
9482
359
-179
3358
1240
-6780
2423
-6925
-2800
-1841
3024
3564
-8637
9912
-5148
4480
-7190
-1195
9220
7326
4215
2413
-7846
-9160
-5552
8393
-2834
-5667
6403
9337
1503
-3024
-6767
6329
5884
5912
9335
1929
4272
-4644
5149
8418
1254
-9642
6487
-160
-4438
1362
4819
-8683
6169
3584
2763
-9462
-240
9065
-5104
-3836
-4528
9597
1885
-7188
1335
2578
1091
8455
-1859
-5844
-1027
8325
4944
-4993
-4516
-3298
-1836
-2394
3124
-8611
6002
-3653
-3900
6961
9991
6025
-1439
1475
8273
1021
2656
6683
-5512
7854
7977
6372
-4610
-9871
7355
-5574
2654
4197
-9444
2409
-841
-6245
-1851
-5560
-5793
-2308
-3538
-2950
-7520
-5727
-3915
-188
-8389
-8285
9525
4335
-9814
-9266
-2594
-4309
7197
-2106
-7811
6286
3325
8464
-1256
5078
9547
5382
8002
3732
-2601
3202
9529
-233
4971
-7107
4449
5187
4770
-2295
-2777
-9046
8849
-2084
-2829
-6611
-3971
1192
1559
5909
3601
-1363
8031
8902
2500
-3262
-2524
-5563
4273
-8187
1368
-920
-1508
-3615
-4367
9302
-7989
-2943
-1212
9005
-1020
3436
5359
-2177
8242
6853
2690
677
-7640
2963
2135
3837
1418
2714
-1971
5999
2870
346
9654
-3337
3050
1277
-9483
-2684
3708
-3354
-499
152
4900
2620
219
-7251
3719
-9590
9371
-2152
9064
-906
-6973
2090
-4384
-3906
-6265
6368
-4635
6346
-856
-5066
-1919
-2891
-9147
489
8527
-5449
-1786
-9544
-7143
-6725
-1855
3742
4252
-8589
-985
-5843
9923
-8341
-363
7630
-3910
-8872
2146
-740
-9087
1345
-4978
8151
1619
4146
-9601
-9095
1847
-6845
5229
7892
-329
-7522
-107
-2879
8427
5177
4554
2720
584
5022
-1071
-3097
-2985
-7146
7419
-5558
5682
446
-7691
-3601
4137
9888
-9700
-3719
1022
9390
-7380
-9814
8068
2905
8077
3115
-4620
8574
-4945
9000
-7412
-9398
1636
-478
3056
1068
2698
-9429
5551
-8208
-4665
1266
8472
8589
6565
8297
254
-6030
-3659
910
2050
6288
7510
-6967
-3177
-638
854
-6900
-4166
8578
-6256
6189
5630
3969
-130
-1847
5009
5386
-4980
-3391
-362
958
-4187
3165
406
6002
-512
-2543
5934
9415
-9768
-1482
-9920
-1163
-1621
-4093
3207
-5502
4977
3370
-9928
2607
-336
-3805
-3886
222
-7847
3766
5920
-8297
4384
3510
-7346
-6118
8691
-2177
1041
-4826
-7718
7666
-504
1132
-9200
-6450
9673
-9288
-8297
-3473
-5119
-4172
137
3600
-3065
3633
9676
-4649
-5399
7950
-3129
-4960
-4485
-8233
3136
-6617
-1745
7478
1285
5100
-1014
2171
-1746
-2955
-5917
-735
-7017
-5638
-1114
-9750
2861
4810
-7704
7193
9690
-2878
1476
-1416
-4811
9770
7960
-2700
-8553
-4381
-1189
2349
-3856
1791
-8534
-2691
3288
-7529
-5233
-8274
8098
-2705
2683
-9030
4952
651
2193
3144
3363
5655
2815
-2866
411
241
7624
-6600
-5562
-6786
2818
-7639
3448
-5937
9624
8379
-2634
-9533
463
8492
-511
-5223
3376
-3297
6850
6620
-9750
7337
-1280
4363
4225
4553
882
7890
9067
-9187
2318
-6862
9292
1765
1241
6585
6556
895
-3118
4210
-4115
186
-1404
5102
-2389
9152
-754
4375
2999
-8659
9582
479
2714
2310
5217
-6723
-500
-2499
-2877
-6744
-8308
-424
2896
8583
5811
9898
-1197
-1439
6654
8199
-8353
1914
4637
-3258
9998
1015
-8747
3394
902
4624
6963
7351
-9903
3610
2046
-5655
5872
6534
1980
-5173
574
1879
888
4462
-6841
-424
8354
-7613
-9218
-9647
-2652
-8886
8936
4027
-6749
8825
156
-6658
6360
5672
-2831
-8923
5511
1065
-1643
-1512
-5700
-435
5905
-3581
6299
1692
-6321
3754
-1571
6258
2692
-838
4436
908
5384
-1065
-2982
-5786
-549
1122
-4047
7625
-3514
670
-3304
-5531
-3703
-7160
8326
-5096
-2240
-256
-8991
2039
-8701
-5129
-3775
9074
7766
3355
4703
-1647
-9087
3214
6135
-3196
6602
1543
-3325
6199
2677
-6329
-9774
9124
3190
-1133
6952
4524
7544
-9236
4196
5276
-6995
-8933
-579
-2663
-12
1291
-7347
7862
-6496
-7110
2979
4338
3702
2350
4683
8751
1065
-8477
-176
8224
4007
6101
-2963
3214
7631
-1153
-441
-8768
-3230
8261
163
-6127
-2158
-1915
7062
7778
-8530
1885
-2556
1591
844
4926
5313
-9001
3652
7818
-4188
4217
-7504
-2179
-6061
-9945
2689
-6848
-8832
8847
-5542
-5387
-9364
-3342
-3748
-2812
-847
-3226
-8596
5009
4673
-1488
-9612
8744
5703
-202
2754
518
-7552
2041
-6347
-8952
-3337
4105
7190
-1823
-2305
475
-7856
-4122
-3771
-1021
-9401
-4340
-5487
9783
-5505
-9738
-9653
3872
-219
378
654
-6337
572
-2717
3647
4098
-78
-1078
8575
-9386
7981
-9250
3383
7185
7807
205
9932
2155
-5428
7170
-9159
5590
3426
-3458
-8352
4980
9330
2992
-4749
8031
1773
-6463
-8314
8593
-2012
-2032
2601
-5522
-9643
-8498
6876
8651
4526
-3223
-4209
3267
1009
4168
-5655
6051
-4106
-648
6568
9524
8863
-279
-6314
523
3542
-3707
-580
-2324
2036
-2665
-6784
990
1959
-9461
678
6158
1416
7279
7359
-9548
3621
4275
9440
-4601
-6993
-5503
2354
8820
-271
-5482
8588
632
-4552
-2992
924
3085
-3376
-4913
3111
211
-450
8984
-5450
8400
5087
-9070
-282
-3741
-9039
8039
9278
-3984
1551
9235
1352
-8905
6508
5590
-5315
7892
4453
-4189
-7003
-7631
6214
971
-3513
9615
-1537
-7013
-1415
-3276
1420
4086
-6845
3577
-2477
-7372
-9206
-6893
4933
8941
6062
6921
2637
7150
4661
6845
-9214
-4640
-3769
-9272
-6366
8189
-5402
1295
-6415
-2627
7075
8947
9011
7639
4968
-2064
8418
-6192
7721
-9606
-6938
4918
556
6065
-841
9437
6083
-2353
-9633
-5301
8540
4234
-2925
4074
2345
-3145
1067
4891
-1500
-8768
6513
-5527
-2420
2229
9114
156
2805
-5767
1868
-4365
5610
4348
-624
576
4063
-2617
5750
-8106
-6174
-5363
-7237
-2313
1091
9659
-5530
-1563
-4829
-8125
1474
-11
4223
9154
8762
-6933
6229
-1717
-7274
-2232
314
-1730
-6073
3788
3528
4692
714
-9029
4566
-295
-7997
2702
9825
3214
1761
7874
8216
3716
-4556
-6990
-5632
-5186
4107
4430
-4117
1667
-1273
6964
673
-48
-7326
-3326
-7501
1861
1581
9074
-1535
-7489
-6498
-7867
9788
5616
-639
6881
-6130
1201
-1743
-8717
4608
-3610
-9622
5065
3554
5912
1803
-5174
9989
1702
-5436
2492
280
8685
-6410
6923
-328
-7044
-5824
-4499
8852
1447
9288
5574
-4362
2835
9791
9984
6865
1010
-4369
-7636
-9185
588
-4392
6240
-1661
2524
-4460
-8726
335
-7242
5017
5195
4119
-6059
8344
-7701
-5349
2052
-6638
-4793
9902
-5363
-2314
3157
-7552
-9584
-507
4378
-4956
-174
-3263
-6288
3823
115
9683
-1216
8820
-8854
-7507
-8401
-7562
9138
-8969
-1656
-3454
-4874
3410
-1398
6305
5876
-8096
-2814
4495
-9041
5784
3663
8835
-1562
8690
-4059
6197
-6446
4386
1259
7893
-64
6205
-2997
6307
5858
-6918
3033
-6832
-8332
-9359
-4552
2088
-8193
5456
6238
4132
6712
1416
-8657
-5851
6090
8144
9259
7656
-4384
-5569
-7873
5913
2067
-5408
-1771
-3328
4651
-1958
5817
741
-3961
3887
8607
3614
-6084
623
303
9299
665
6561
7298
7073
7956
-224
-110
3452
3307
-3808
-1901
-5017
3139
572
2726
860
-3500
-9694
3806
-3365
-617
5796
-1340
3597
8802
-2670
-9182
-3465
8906
499
3233
711
1478
-4447
-8627
7545
-2752
-7779
2296
-1728
9589
297
-9387
-7094
-9428
7167
1624
-4265
7116
-3095
-444
3044
-1052
8158
-5711
4237
5853
3136
5589
8551
421
9982
1138
9804
-6061
-1223
6610
7248
-7393
2490
-3056
4028
5845
-7872
8461
1495
-1554
-6587
265
4726
-4996
-693
-4396
-5234
3349
1961
-8666
-9306
8847
-2245
-9595
7945
-7969
8565
5053
7459
-4927
8058
4922
-9891
5081
8766
-1109
6754
7993
-9562
4595
3030
6832
6439
-8448
-2566
3001
-2980
-3779
600
8222
5700
6638
-7207
3376
3215
6181
-2044
-2529
-4777
1126
-5199
7606
-2178
-440
285
5799
3097
-9925
9409
6321
6060
4939
-7276
7056
-9451
5125
6061
-8421
9963
-1257
-2882
-4014
3389
951
-498
-5298
-3291
2682
8620
2564
3132
4512
3738
-4652
8769
-5582
2970
-8637
-1164
-5930
-1186
-2979
5576
5227
3069
5595
-5408
-8523
-61
-7307
2960
5437
4126
-3051
-3931
-2813
-7216
8636
1884
5430
2607
-3853
5310
5220
-6146
-5011
754
-417
-4834
-9658
-8919
761
6131
-6301
-1336
3464
6184
-4789
-708
190
-1473
-9512
3134
-2431
-3295
-7483
2576
-4257
2246
3299
-8571
-501
8843
9312
-6147
2148
4749
-5825
-6529
576
-3710
3162
2550
-841
8910
443
8068
4481
-4067
2773
8430
7297
-5690
5421
3760
-9079
842
-6181
3951
6935
-2934
-7373
-4844
1418
2442
3376
4852
-4479
2436
-7804
7046
2585
2922
8731
3761
3953
-2554
-8681
-1374
-4050
-1937
-5608
7626
9858
-7566
5514
-746
-3081
1826
-12
1901
-3559
-5284
-224
-8826
-6921
1695
6948
1889
-6416
8066
4796
9784
-8459
7162
4700
6416
2000
6591
8550
-2687
-3813
-6692
-4349
2110
9055
7394
-1415
8990
7461
-8521
-3747
6844
6413
-1824
7756
9513
-5645
-2900
6352
251
-7432
2333
-6847
4653
9749
-2341
7546
-9546
7111
5360
-2744
5125
-7378
7806
9798
6185
3130
-451
-3560
5199
2071
9254
3654
4092
1645
-6650
5600
-3681
5139
-4828
2722
981
-412
9788
-4024
-895
6218
1562
6011
7613
-4513
9023
1544
4323
5750
-7984
5570
7523
5487
3116
-1760
1876
6531
9811
-7054
-2847
-3460
7340
-7481
1332
8902
8757
5490
-3920
-313
-504
7696
-4261
8188
-1054
-3243
-340
-168
-6396
-3357
6412
-7655
-5006
-7478
-7499
-7349
-9280
8679
3915
-730
1932
8395
9886
6143
9985
-2079
-3798
-3915
-7944
6443
2151
9705
-3469
5242
8760
-5002
2748
-9302
7282
6706
7005
-1237
-4212
-6782
-2414
-3726
6026
7297
1129
-6243
6138
2812
-9189
4549
-1289
6234
-2166
-6836
-8193
9342
-9528
6800
822
7230
2672
6063
1307
2084
-1034
8924
-9665
-8891
2211
-538
2752
3329
9675
-6991
-4007
-9760
-2796
-6834
-9438
2148
6218
2973
-6298
4954
-4391
7109
3184
9469
5976
5250
-6141
7577
-487
-2744
-4890
4224
7489
-2431
1284
-2204
6039
2136
5160
-3844
-2454
-4622
1594
5561
-895
8193
-3846
2638
-6841
8358
2076
3490
-1888
-6818
3247
2923
8346
-3578
3968
-9022
-1738
4890
6455
3986
7745
-1893
5447
-5772
-8106
-7827
-9520
6647
9128
581
2399
-1076
-8942
9051
9570
2056
5120
517
4777
-7137
868
7857
8143
-6092
-866
7988
523
9436
-9277
653
-7591
727
-7286
9173
5584
6764
-3758
-1200
3610
-329
4598
3871
-4607
-5294
-1877
6730
4058
8571
-2119
-6282
-8533
-3116
6938
720
871
3796
-4025
-5221
2845
-3794
-7504
-3325
-3603
4485
2004
4524
-9696
-3884
784
-8912
-2178
9375
138
3280
421
-1100
-6915
-1647
6629
-1818
2715
-9023
-9589
-8403
5969
6004
1538
-2213
5103
5603
6968
5979
1393
-4132
8459
-3990
1010
-6074
-1276
5852
8321
3740
1845
-8746
7426
9997
-6165
-1634
-9860
6480
-2884
-7186
-975
-8816
7991
-4597
-2275
2219
171
4151
4290
-480
-2934
3001
-451
7455
615
-3370
605
465
5746
624
8806
899
-3080
1675
9823
-2845
-1547
-3412
5559
2406
-5383
9748
-7248
-8613
8343
-3797
-4974
756
3222
2125
-5939
-4869
6152
-3642
-9685
7876
7152
-1111
-7500
-3441
-2086
-5877
-3013
-9190
-5821
5501
7221
5974
-3826
2641
-2462
-9710
9877
1056
-5871
7990
-4308
278
6519
-8965
2466
-8074
-2664
-3767
8563
-751
2316
-5716
-8888
-9972
436
-27
5843
-8220
-8345
9714
3089
7010
2623
-3792
-3526
8827
9604
-788
-5594
-8280
-7472
-6572
2344
-9896
9431
6715
6404
-1007
3025
3692
7523
8792
-6961
-4967
6390
-1355
-7225
-657
7118
2212
6768
5733
4302
1675
-1655
-7465
5728
2265
-9711
7944
-7968
5105
-3963
-5787
-4941
7962
-9040
9626
9326
-7025
-5119
-1973
-6535
-1939
279
7933
-4552
3886
-3100
-3710
-7912
-1268
-1156
-2519
4199
-6245
5497
-934
-7354
4180
-2343
-3870
-1367
5207
-1075
6925
-9818
-7674
-3724
-7498
-9099
-4008
-9428
-3274
-2101
-2853
-7784
6673
2825
9517
-7803
-4980
-5013
754
3181
9254
-5603
9768
-228
675
9574
-9666
5630
-4921
-5689
9497
-3698
-3881
7642
-3937
9418
2925
-1310
-6789
5796
3093
1241
1268
-2734
3555
-3672
-6675
-9709
6022
-4789
1549
-9270
-9926
-2317
6576
3612
5437
5632
-9480
4057
1822
6015
-52
1558
7090
-6144
-7853
-8829
-4008
8679
3338
6721
3641
-8167
1066
-9233
7261
2027
8737
725
756
-2692
-8003
-7586
6411
2751
3637
9144
5174
-8325
9237
-5174
-7291
3816
-44
5176
-1516
-3676
-1607
4659
-1237
5743
-8244
4537
4102
-5426
-6196
-9429
6875
-2617
5625
-8217
4747
3773
3959
-1707
-5736
-2843
-6570
-4439
6349
-1773
-1469
9578
4553
-8450
-316
-4256
-8632
3717
-1829
-1158
-4276
-3674
-1565
-8615
5880
-9311
-8885
-6247
956
-2054
214
-7965
4260
9657
4367
-206
2493
3895
4686
-948
3799
-7352
2145
-332
-7609
5793
4052
5809
-9320
8263
-6346
-1939
9491
1759
9577
6507
3186
8284
-9189
8515
-3702
1396
-9255
-1849
-4986
5099
-9023
3277
-2455
-8447
2681
8088
-6239
1208
2430
-879
2159
1025
6142
-1963
-6482
9478
-239
9614
-1593
9925
-8767
8395
23
-6712
-4360
7917
4375
-3964
2499
9038
-4328
-7667
-9381
7917
-9551
6299
5433
-7755
-3387
604
-6816
6141
5531
-821
425
-8881
-8293
475
-3010
-4868
6938
6860
-1739
-974
-9419
7571
5041
2068
-4416
4189
4258
-2408
-4371
394
2571
-3595
-142
-5268
8923
-6207
3893
4367
3772
-6721
4116
-9482
1637
-9544
-8664
-1813
9238
1503
6164
-6393
6901
8114
3774
7886
-8283
6011
9585
-7589
-2719
-5564
1505
1991
8304
991
-6036
8369
-4739
949
-7252
6846
2003
-6135
8598
-9330
6667
2387
3796
-2289
8842
-9829
-6669
8980
4935
3586
-6970
-6722
-2038
-5855
-4481
9714
9996
-2427
4493
6266
-2235
-3754
8439
-7332
-241
3220
7743
1093
107
9448
-3767
-6727
3389
-1809
-5649
6896
-8084
-3170
-3977
8774
-9308
-7639
-938
-1242
8754
2565
-4615
-4017
-2412
-3716
8078
191
-1859
6711
7768
-9512
6053
-3429
1756
-7152
-17
-5608
-4774
338
4369
9315
-4308
7390
-7265
4397
-5765
-6865
6851
8407
8244
1639
8028
4559
-3390
-8995
4150
3828
8174
9086
7068
-2802
3153
1223
-3187
7632
5629
9905
-4760
8919
5883
-7183
-8096
-5053
-4403
-3041
9628
-5338
1533
-3284
-5070
6009
8889
-4980
8934
-4961
-9087
8413
-2601
-5346
4863
4108
3493
-7531
-4870
-3421
-6880
2887
-9118
7917
4151
1898
3780
-8690
-9617
2398
-9843
4770
5187
4550
-52
9598
-9058
6732
2324
9993
-1118
-3638
-5630
8984
-6409
2196
5542
-6636
-4350
-1700
-9328
1919
-1508
7267
-1020
9826
-3857
-8457
-9339
-7143
-8815
4270
903
8770
-5642
-7880
-2404
-4328
2954
-1376
5505
-2542
-654
6493
-7382
-8757
5464
-5323
-5943
988
1660
-3308
-2301
8040
-5195
-9260
-6180
-5258
-3325
-2169
4471
9463
3998
8380
-4777
919
8569
5279
-9187
-4015
3740
3655
360
5430
-8422
-9765
-3238
4296
-1947
68
-9524
-6348
-946
3027
-7527
6604
5670
3488
-9672
3678
6523
2464
1568
3104
-4360
1165
8
-8914
-3789
8126
-5926
2478
6762
4318
-4292
8
5401
-1423
6891
-2729
-556
-6089
6491
-3462
2608
-9656
8023
97
4961
1614
4142
2458
-7861
-7127
-9238
3896
4194
4776
-5298
-2534
-1637
6207
-2555
5069
1525
-5089
-4023
-1268
7531
8280
9260
9240
-4608
4980
3881
-8838
-239
-8245
9122
-4096
-5113
-1790
7608
-2763
305
-4443
736
5801
8892
1038
-9635
4633
-1159
-6486
-8810
8516
-650
-4028
-9278
3127
-8542
-6457
1767
9751
-6590
-7035
4082
-734
-3738
-5715
2204
3770
-6527
-2739
-7039
278
-6068
5167
-2507
-9991
1636
571
-5946
-5127
-1223
3372
2845
-3867
2143
-6622
-8859
-8596
1255
-3128
-5175
552
9089
2293
7962
-754
-5803
3925
-637
5796
-3316
-6153
6668
3360
-5975
-2268
8063
5831
1940
-9557
-8551
-3078
9058
-1792
9927
3305
-7193
7888
3913
4230
1099
-871
-7990
-5502
-7294
5542
-236
8733
5631
7438
8654
9639
-895
-4974
-8003
4625
-9044
-7254
-3206
3940
-7744
8446
8757
-5509
7426
-3963
5181
7036
2512
-4832
9085
-2418
-1477
1154
-6901
8319
-8220
-5583
636
-2676
4140
-2096
-4936
9802
-5569
4614
-6045
-4881
1058
1403
-2073
9899
1920
-8648
-8230
9262
8214
5432
-3105
5495
6044
-2212
4584
-7045
1748
-3350
-7181
-4930
-2731
8920
3748
3056
-260
-5622
5337
-3231
3575
-3363
-4213
6269
-6056
484
-5784
-1608
3273
9518
8047
1771
3531
6319
-9171
-7476
8130
-1717
7129
5963
-1450
-1648
8082
-5210
-4945
5091
9977
790
3489
-4722
-6714
-908
6650
872
-2423
5402
6700
-5039
3745
4597
-2781
-2401
-9639
4696
-7716
6449
-940
-111
9876
4304
-9998
-3109
2259
-5727
9032
5152
2451
-1464
-9849
4011
-6790
7057
9116
2901
7548
6424
-2471
7705
-3454
169
6893
6684
-8622
4233
9983
9917
3277
7614
-3076
8819
-5547
-3994
-8520
4473
-4982
2885
5676
8782
3094
-5072
-9844
3266
1259
2840
-737
2616
-6438
-1213
-6828
-7392
203
9650
-4010
8665
-936
9365
-6806
-5729
5052
-5761
-4604
9573
-817
4996
-6833
-9785
9218
-3724
7759
5993
550
4995
-2028
3797
-5381
6076
6379
621
-6324
-2304
505
-7720
-7404
-1990
1744
6896
8659
2599
3258
-8580
-8844
111
9871
5692
5750
-7491
581
8755
1216
467
5805
7605
2778
-5775
-7796
-6568
4154
5922
4878
1067
-977
-6632
-8602
7422
-1175
-6483
-6874
4650
7389
9300
9532
511
-6687
-1776
-6940
-8919
256
258
1515
-6420
-9219
8511
1543
9667
-5149
-4537
8301
-8531
-4264
3077
-3887
-123
1230
4436
8828
6691
5126
-3320
2228
4695
-6592
9217
4736
-5880
-6962
-1451
-9917
-4425
-9897
-4356
-4530
-4328
-2803
1674
3221
8147
-79
-9109
4440
-1271
6932
3991
-4444
-8318
1404
4115
-787
-2136
-9576
-2669
-1736
-5138
5227
1909
1563
2362
-5569
4239
-7403
-6119
6854
-7925
-1306
4056
3352
859
9497
659
-4574
-6435
-2912
3055
2457
-3629
-1816
8288
8992
-2231
-6549
-1709
5461
-3424
9500
6614
-4161
2065
-4549
-7865
7593
-2657
-201
2438
3502
-6443
-1537
-3888
1296
2321
3938
-8148
-1548
6796
1100
1771
4445
-3765
-563
6956
-4180
-6995
-2534
-2659
-9783
-9324
9338
-9256
2192
-9197
-139
-5934
6825
141
6506
-5930
1696
-4141
761
6978
7127
4192
8331
-1468
-1287
-7013
-2775
1201
1874
345
267
8321
-904
-9888
-7916
8251
3883
7116
3341
5360
6749
6169
-2867
8191
6174
4312
4368
-2712
8571
3566
-8521
-573
-3288
9272
3392
-5268
-166
-760
-4154
6430
-3107
668
1203
2241
5675
11
2628
3468
-5843
8316
-8035
-1733
676
-9853
372
-9182
-8053
1833
-1128
-6796
-624
-2206
-6877
5400
2449
-3354
8363
-9700
-5585
-1769
-2133
6952
-2381
62
9969
-4585
7784
6446
-8415
7559
5998
9614
2741
8279
8117
-8826
1004
-5209
8645
8501
3224
2257
8266
-2922
-1705
921
8124
1385
4247
-9503
-2430
8915
8305
5627
3630
6550
9171
1336
1269
-6599
-4243
9758
3507
-613
-4259
-3238
6471
-9996
262
-8016
-4698
8638
-2391
3777
140
9633
-6311
2340
-8899
7423
-6829
-9302
6199
2674
-4632
1553
8238
6502
-367
745
-7550
-8311
7903
8407
-3035
-3044
5803
-3172
-6056
-3695
4159
-2008
2516
6214
-7498
3295
-5031
7939
7256
-7792
-6595
-3896
1006
2117
-811
3850
-1980
3934
-4829
-8761
5085
-3393
350
751
-5823
-2501
6823
-4244
-9061
-756
-5080
-9096
-2062
-6501
7716
299
1788
7528
-865
8741
3218
-6230
-6370
-8919
70
5329
-7619
1369
-7757
1274
-6679
-9202
-340
2181
9388
5549
-8684
2614
-9863
-2558
-7645
7815
-8072
3104
-3620
-1516
4207
9813
1616
-8908
-8084
-1420
-1567
9389
8831
-7872
-7116
-6998
-4426
-6706
7850
279
-6488
-4507
3911
-6523
-6970
-7312
3293
-9274
2423
-836
9992
3004
-6811
1621
4747
3297
5072
-9044
1727
-5687
-7204
-4617
-6172
-2726
-5140
-8104
-7347
-9112
2349
-2088
762
9012
-1451
-1078
-6499
-6131
6369
4224
-3058
4673
6882
930
-7470
-6691
3007
-8634
-7259
3288
-5863
5384
-2545
8317
-5585
-3638
-7269
1486
-5121
-4813
9543
1875
-586
-9872
-6304
4766
-8204
-7422
8566
-6407
6111
-3275
162
3748
-1613
-1361
4082
249
-6617
3829
3252
-1565
-7244
-783
-9850
-8409
4878
3734
8376
5991
-1606
-200
-9619
7178
4818
-5164
5433
-8847
997
-559
8392
-6991
6429
-3000
-9734
4688
1101
-2211
115
-1309
9428
-457
7971
2557
-1872
-2561
-8824
-5870
-518
6925
-3726
-7096
-4768
2657
8731
-8880
-864
-339
316
-6846
8985
965
-5615
6284
2474
-1462
-3209
-8790
5115
7573
-3678
2561
-807
6803
9245
-1863
7531
1283
1483
5672
-6204
-9689
2360
3382
-5410
5170
7212
-3951
-221
6342
-718
387
198
-9787
1478
-6130
-715
-2482
6219
-9533
5231
1741
-2968
855
4937
-2319
-2161
-5135
2494
-4436
-9597
-6199
3080
3578
7864
-6964
-5332
-5111
-2012
3871
9548
5570
-1871
-7319
3641
6637
4442
-9575
-2671
-9173
9802
-6298
-3769
-355
7771
5037
523
4204
-4960
-6128
9645
-8412
4510
-8109
3832
-5242
-7899
-1760
-6211
5994
-5906
4584
7530
-1923
5508
-9928
9299
3102
7197
-8541
5863
-1144
3763
3795
-2771
3343
2234
883
-1695
-4868
3829
8869
-6724
8143
-2439
3644
-5661
-4688
1716
-5341
656
-7919
-1495
3230
-1995
2578
-4354
2331
-2341
-1896
3265
8928
3115
-7110
1829
-4075
5720
1159
439
-6527
-1143
-6780
9281
-2516
-4803
969
-8659
-4925
4336
7061
1362
137
6944
4053
-7524
-7317
5846
-2443
-4963
7828
8221
-1103
3116
-2483
7540
7244
-5671
3325
7745
-5127
536
8636
655
5846
5213
-8055
8316
3178
-7836
5479
-2974
7910
-4726
4869
2307
-496
-9550
6544
8612
8419
-5600
-1785
2077
5192
-3162
7838
7309
3191
-7527
8221
684
-5958
-6920
5441
5472
4119
-976
-131
6215
-2344
4362
-2404
7321
2110
8939
3380
9340
7472
3470
-8009
-7336
1735
3248
503
4306
-7155
-7059
5927
-5853
6239
2058
-6781
-4562
-9520
-9262
-878
-3752
-1128
-1253
3880
-2740
-6695
-5761
1619
9439
-2254
520
2150
-3501
-8203
-3309
-1485
3360
779
-1406
5929
6250
-9821
1068
7799
-5489
1988
-1169
-2571
-4318
9526
7131
-2334
1334
-776
3970
-7853
3552
8737
2009
9123
-3035
-2086
2949
7025
-2575
-2816
-1412
-5796
-5804
5498
-777
833
-2382
-5475
7310
1990
-9846
1805
5166
-838
2587
2853
417
-843
-4070
4697
9582
-9029
7490
-130
-8309
2295
5169
-5692
8711
-3013
-5717
-3889
8903
-9020
-9717
-6660
7233
-8590
3925
-5844
1880
9643
-3736
7252
1488
-2087
9304
6369
-5543
-5825
-2753
-7366
-692
-44
7386
-4640
-9895
-3720
7424
-1352
-6436
1998
5951
-2205
7492
-4619
4268
7676
-8236
-1188
-8537
1293
-9962
1287
-1756
1428
-9444
-2800
9860
6256
8623
9219
3434
-8180
-5632
2766
-1591
-7748
-1896
8101
-3972
-4087
5067
-9768
9712
-9872
-7631
2151
1685
4783
3733
4250
7561
-3265
5975
8698
-7977
8273
-1578
5981
3146
-2249
5814
9482
5354
-6409
-4964
7451
-6608
-3437
622
2474
4716
-5736
2867
8506
7159
4403
-8603
5453
-9198
-2568
-8101
-288
3421
4518
2204
5149
8124
-4815
-2869
-7460
8992
8358
1754
5682
-7235
8031
5425
-2086
-396
8190
-6534
-2072
4006
7412
2012
-5592
-2370
1139
7626
-1515
2209
6716
-3095
4679
-4186
-5495
-393
-259
601
-2929
2586
2658
-2535
6249
-9198
1173
-9378
-2471
-1881
-581
-5793
-4833
7371
-5700
5835
9768
-2127
-8823
2657
-1674
2698
6104
-4564
1021
-6867
8214
8698
6124
-958
2821
7179
-5141
-6570
1750
-3806
7788
-8923
328
-4291
5241
-6840
-4992
-6142
-5803
1814
-6459
6943
-9499
-3302
-7275
-9811
-9380
-4315
6854
-2365
2275
-7679
-2313
4816
8064
-5563
-2609
-2446
-4803
6788
-9713
-9825
3584
6343
-35
-2172
4262
-2171
7487
-9690
-446
-5044
859
8702
-9350
2585
3274
-7396
-3384
-6602
-4122
533
-4576
-6852
-4846
3811
9451
-438
9276
1662
2971
8820
-8321
9238
2143
-6844
-8034
3038
1438
-4451
-7998
-4043
-9313
685
-7923
4118
1928
6876
3317
8498
5154
3355
-1089
8011
-6961
-3858
2321
189
-483
-5790
-7917
-3055
2359
-6432
-3246
6801
-5525
-8160
9487
-6887
5806
9148
-4144
8638
-77
6172
-5416
-8552
5224
-1087
-972
6167
-830
-5134
-7396
-5096
7379
-9501
6072
1715
-8180
-9957
-1126
1123
-9953
4655
8636
6493
-8999
-2855
8498
-9519
1120
6440
-8330
-5739
-2649
-8514
7178
-2925
-8644
-1077
8181
6532
-5645
8433
9307
9359
2936
5238
-6297
-7956
-9227
84
-5419
3380
2998
-7543
2507
-9636
2201
1855
7405
-1053
-3372
4110
-206
5856
9915
7577
4485
5371
716
-1648
-8398
594
7715
-2587
-4065
-2875
2588
2185
-7049
5062
-9186
5064
-1790
-4068
-4103
1144
-7394
-9890
5172
-1236
-9757
-3915
-8043
-4343
-6367
5869
694
6373
9216
-7965
-2273
8969
-69
-2693
-9111
-6070
1347
-3114
-6149
-7564
7058
-3956
3936
-2384
1629
28
4819
-9376
9838
-8913
6966
-2652
-4631
5241
1584
3250
-991
3849
-1190
-6107
-1211
-5389
5369
5797
1681
3562
367
-6022
-1050
4640
8833
8800
-394
-4114
8217
6779
-2490
296
-9058
9354
9988
-8050
-4090
-8683
205
-3880
-7993
6867
5251
5217
4003
7318
9057
2879
4599
5490
-8092
-9038
8705
-2664
-306
3536
-7496
735
-854
5988
5720
7493
9055
1724
9383
7566
-8126
-9811
3938
-1355
-716
-6183
-8724
9733
-713
-6124
-1620
5952
-4167
703
-9879
-694
292
8718
3617
-3841
-896
-4718
3625
9306
-1676
-8302
7105
-6013
8899
819
-7576
7519
5004
1169
316
-2035
-5758
-2454
-5736
5971
2274
9874
5731
-3189
-3727
4467
3742
-6923
2056
-2076
-4751
1560
-4945
-4323
-4329
-8778
-4008
-5106
6720
-6140
-1906
-5682
-8410
22
-9276
-5027
-1564
-6522
4238
-5261
5795
-7265
2506
-3495
-963
9662
-6650
-1262
1672
4515
-1547
6951
7852
-7189
899
6813
-1207
-6662
6700
-1510
2235
-8034
-2924
-3964
8849
1715
2796
2415
-6053
1157
-1667
-498
-971
-6824
-6596
-5093
9237
-858
3939
8635
278
-5746
-7122
3844
8658
8745
-8585
-7218
-4013
3031
-2056
9225
2335
7560
6954
7574
3110
973
2722
8007
-586
-7346
-9585
6040
7946
6396
-5648
-7351
-6844
2194
-9253
-1563
-7341
-5241
6754
1502
4059
-8738
3297
4232
6763
-7001
-5840
9908
-7782
-1677
-4851
2652
-2630
3835
-4559
1907
7028
47
7533
8645
8154
436
-5610
-8985
7149
8458
-9262
-9542
842
3967
7731
-335
2598
8628
7014
9967
-9212
-989
-2476
689
-1257
-5108
3200
3068
-733
1734
-1466
199
-2383
-2010
-7543
6942
-1067
7258
5221
6337
9276
8051
-3762
8919
-7183
-2788
-9927
4718
-8810
-511
-9334
2503
-263
-878
7605
1412
-8801
-8507
5890
-5553
-5161
-3432
5793
-5046
-1853
2610
-3639
703
-4397
-7396
1829
-7057
169
3781
5185
-1905
-3266
-1663
4070
5432
4811
-7945
6032
-2484
-3762
6536
4159
8256
-1633
-9107
-1496
-8741
-8350
63
-693
934
4346
-1351
4383
-7028
-974
7016
-7548
9177
-9674
-3659
-3046
3128
-6848
-4412
-7849
-8098
9118
-4975
1910
4161
2947
-7831
-2856
6766
-3794
-1256
8223
3459
6968
1984
3630
9517
2629
-165
9099
6600
7932
-3174
-7793
-9615
5984
-9935
5368
-399
4932
7085
1319
-4044
-163
6983
3695
3674
8506
-3052
9575
2177
-3918
-3127
-1897
-8503
-3592
8765
-2975
1395
4871
4345
4933
-4382
3141
2172
-4958
-5525
7526
4547
8830
-8249
4365
-8196
-2084
6829
9742
2392
-1133
7107
7657
914
-6139
-3754
-4741
8945
1919
-9533
-3957
-8774
-392
-4838
-3769
-7842
-9500
1839
3947
6476
-7624
9136
8089
645
9336
-3220
1630
-7822
-7446
6388
5972
-2462
7838
9194
1865
-609
6468
-1298
-4531
3941
-3807
9878
2731
-8544
9812
3154
-4165
2457
-1862
4009
-3221
-2854
9727
-4332
3040
-9280
8170
-1873
-5763
-9620
-2834
-8467
-3141
2233
4770
-8450
-704
-7826
2100
-658
-303
-843
-6801
-6933
-3147
2444
62
6465
-9443
-4089
7905
7768
-3587
-3235
-541
-2435
-5469
-484
-2211
-8578
-5449
-9495
-3708
2172
7923
4745
-9467
-8782
-5350
4382
7960
8910
-7101
4247
-353
6231
-599
-5230
-1816
7374
-7919
-2252
-5153
2333
1360
-5624
7945
-2556
671
1332
831
-8643
-2612
-991
-7272
-3746
-1233
-4322
-823
-3893
6024
-8413
-2121
9446
710
9796
4821
2907
-8626
9906
-1510
460
9031
-9640
1465
6881
-9544
2013
7077
2357
-2657
6691
-3805
-2276
-3409
8087
4490
1045
2670
8426
-174
6965
5109
876
9901
8944
816
4017
-4758
1009
-4540
1513
1401
-8347
-7219
9917
662
-7443
-5228
-6424
-8258
9650
-4033
-3749
-9064
-6834
972
-2525
3184
-1742
-7041
-6728
-6496
-866
1481
6669
-3951
1387
-5036
5436
4382
-3032
1059
3243
-9699
3967
5957
2113
-9307
-303
3315
-2467
-6053
-7563
-659
7576
5404
5979
6114
1138
3527
4857
3705
5001
7821
-1631
4622
3623
-1055
-5893
-349
-4344
964
-4168
-8665
-7317
-7857
-6791
-6089
6448
5166
-9954
9755
4882
6508
-2814
6022
-600
-2577
-6172
-7156
-1251
-5715
134
-8599
2062
8353
9925
-2387
8700
-5758
-1965
4730
-2538
4926
2573
830
8050
628
1346
-9701
-6102
-3146
1379
7738
-3401
-2090
9913
787
986
-2729
-8799
6544
-7638
8129
4904
851
-3623
-4941
-7059
-7748
8683
4513
8288
846
6627
2243
-7115
-1429
2723
1035
-4950
-6019
-7784
8817
-3409
9008
-9659
-8792
-5642
4872
710
-3202
6503
-6674
-6997
-9752
-789
-7370
-7603
-6357
9565
8213
3529
781
4626
-5161
-3820
-4586
-2894
364
-4546
-6561
-7505
4149
4943
-1213
-2835
2271
-3053
6131
-204
603
-4674
2801
-7177
7995
-3777
-8038
734
-3964
1428
8423
656
-2945
438
1212
7893
4451
2759
-9055
-3476
-5528
-5289
-7818
-363
-2102
8509
4103
2616
2994
-8310
6507
259
7931
-2829
5214
6658
6836
4601
9791
-4742
-5963
-9243
-9401
-3618
4835
-1207
-3616
1452
-1104
763
-243
7344
7187
-4721
-9685
-4058
9574
-2733
-3438
-2786
-5421
1026
-7414
9513
101
-3804
-7005
4624
-8252
-9615
3070
8541
-3859
1536
1953
-2583
-5664
-1244
3544
-2003
-232
-543
-3200
3831
-2814
6646
-4256
9265
9383
-4094
-3111
-609
-8187
4603
2377
-7473
-146
3670
7318
-6635
-5858
-3338
9964
8156
2924
5237
4251
-6874
-566
-5647
-4267
-6615
8294
4986
-7689
6140
8313
-3645
-6786
-7553
9308
-3853
-3796
3208
9188
8874
-7022
5285
7080
-8398
2465
-3157
-3548
-4723
-8114
7224
1714
-4708
-2901
2724
1602
-2343
7083
-4622
7355
7095
591
-3336
-6281
2874
5577
-9968
4996
-9067
-7169
1213
-6000
-586
-9490
5626
-4412
3668
-6553
9272
4884
-7088
-459
1372
8482
2887
9831
6189
-146
-4845
-569
-8774
-2333
5552
-7755
-989
5421
-2382
-9346
7025
-8605
5729
-5772
-6195
-1249
-1749
4192
-7384
2697
8333
5051
-2458
6871
-8461
7701
909
-1896
2957
6744
4886
7652
8927
-4887
-1999
2113
9060
-7307
5394
-1678
26
-8040
3682
-5152
2970
-6775
2465
-7194
5886
1654
3399
-2058
-8136
-307
-9206
-4426
-3699
9270
-685
-5878
-5316
6970
-2565
3373
-917
617
4784
-5245
-9121
7479
-5345
-7862
4917
-7817
8693
6911
4757
-3099
-9968
3279
-6580
-9722
3423
-91
-5589
-4311
-5442
7334
-9840
-5714
-585
3276
5135
-8196
9000
-4506
8517
4279
-7858
-5799
-175
-4495
-2266
3602
8825
5010
-285
-2241
8972
73
6760
-9073
1338
-5337
-5970
-8809
8741
-1210
-6060
-9984
-5006
9260
8327
5739
5336
-2641
1853
-9745
-6155
6277
3067
-7429
3845
4060
6167
-6559
3287
2499
-4984
-9484
-4015
-7203
8327
-8815
433
2093
7439
4942
856
-9799
-3991
7711
2241
-1862
-83
9824
8332
1795
-1040
2535
4997
2641
-6373
-9647
-7868
-1387
-3471
2899
2031
-9532
7785
1789
5879
7280
-9826
9930
6749
-938
-4112
7807
-2551
7511
-984
7115
-6233
-2232
2518
4644
-1575
-4955
277
3432
1878
9195
-7253
-9523
5389
5298
-2355
1074
2984
-8039
-6938
3318
7
-1299
2525
-9325
-4595
-5722
-4941
5808
-10000
-2941
-5089
9447
-3196
-6640
6058
-7674
-4999
-9753
3464
-7909
9652
5182
6889
2850
4443
-313
6113
9929
-6350
8172
-2442
9170
6723
-9870
7066
-1210
-9109
3123
-5423
8559
3981
855
-2135
-1638
-3820
-9718
7364
-504
210
-7180
-8094
-9760
-4368
2050
-873
-3687
-1818
-6493
932
9680
9036
6613
-1094
305
7937
-4551
-5522
-2559
2582
2520
4142
-7381
9882
-3793
2552
-702
4033
2304
-7383
3798
4339
2046
7614
-2607
7783
-648
-4617
-5483
-2537
7122
8365
4872
5452
-856
6649
2599
-333
1782
970
5176
-9522
2064
194
5292
-4313
6713
436
-1726
-3056
-4694
7427
-3597
445
-5119
2209
3466
4094
8677
-4445
-3794
9787
-5541
1509
6003
-2782
7587
6174
-8596
-1566
-6693
5375
-3775
4911
6169
712
7438
9341
-7736
-3904
4925
1495
4725
8800
-8012
-808
5203
-4700
390
228
9701
3241
8090
-8336
-1191
4151
-6717
6578
-3817
4099
-4805
-4291
-9462
2527
-3794
4069
9904
-414
-6109
8304
-4116
9722
-2006
2404
8603
-6271
-4181
2831
1065
-634
-7487
-5734
-7609
-6264
-3965
2104
1400
-7226
-6027
-5142
-1303
9023
5270
-8980
-9894
-8555
-1645
-6173
-9198
-2241
4662
-1532
8664
6208
-3195
-1628
4981
-9724
-5510
-8177
-1180
8599
5089
4511
-2799
-8978
1677
-5536
7068
-5593
-8510
8382
-1147
3473
4723
-978
3695
1369
-9961
6589
2514
-731
-96
-9890
-8388
-6466
6133
-2383
934
-8960
2690
8106
4389
-2255
8661
5134
-8773
3590
-766
7062
-3785
6686
-4566
834
2731
-8532
8527
-6480
-1219
-1726
2611
-3381
4014
-96
4177
8751
2372
-5018
8666
9109
-7607
-1358
-9930
8681
-7447
7767
-9517
1348
-8127
-9827
9180
1685
6762
966
-6681
-9763
4743
-8423
-4733
-7015
8320
-5790
4040
-3180
4051
-7702
2730
6722
7165
7801
123
2804
-5132
-7923
7609
8298
7653
-9660
-2200
-7825
6013
5008
5732
9222
-1576
8203
-969
-9011
4564
-4451
-9644
3502
-2178
-6898
-9943
-4519
-2190
6000
5983
-389
8943
-1939
-3923
-9994
-9651
-7768
3208
1424
3173
195
463
364
-2692
936
2025
9367
4031
-5710
3329
8381
1518
-8165
-8337
-4349
-7407
-7082
3041
2496
-5715
1856
-34
-8770
-5588
767
-1522
-8652
985
6828
9152
9203
-6157
9288
1377
-2272
-1551
1029
6794
-8956
338
725
-63
-2294
-7464
5384
-350
7644
1856
9909
1958
2149
-8211
4718
-490
5765
5819
1331
7515
6705
-4838
8292
16
-6504
8109
5424
-3830
-2105
9006
-6157
28
-1642
-9842
-1924
-8240
-1724
3343
1672
7204
-6578
-6096
7832
-9029
-8854
-926
7801
-2296
8048
3648
-2442
6190
-7255
5880
-2774
-3134
6897
-8491
3547
-7606
-3210
5516
-2041
9005
-8668
9954
-6367
5301
2393
7213
6218
-6563
2246
8714
9847
-4578
5559
-5633
9748
-10
5769
-521
-9191
-5787
-3630
-4236
-4791
-3376
2937
5122
-5204
3282
-7051
2435
3625
-1279
-7432
2199
-6748
-3493
-1901
4151
1105
-9796
227
-6954
4971
5918
-6542
-6028
-7815
-597
8833
8025
4701
-1385
-8677
8761
1934
-714
-6046
-9939
9559
4252
-3883
-2286
-8028
-1466
-8461
5117
-7734
6238
-9215
9011
-7280
748
9238
1251
567
-1178
-504
959
-1014
5299
3570
-9284
6230
-5389
255
-646
-4667
44
7263
5686
-3509
-7150
4833
2219
-743
7960
-5328
-6656
9750
-1838
-1217
7717
5518
-1879
-6621
-5825
-3553
3465
-9940
-4409
6583
-9466
-6929
9446
-3202
-7294
-7694
2910
-2500
-3254
-9434
-5299
8544
-6923
-2925
-1872
0
3310
-3080
16
-7922
3232
-3985
-5394
-7006
7142
7684
9292
8537
-1341
301
-9175
-7391
-2404
-9797
-4785
-6988
-5062
-9880
-7380
-2682
675
-2055
-1301
-2651
2651
-5328
-7791
7065
4481
6869
3848
-1720
-8247
7872
1177
7876
6658
-3403
-1146
7774
-769
-3385
8713
1346
-5419
-3103
9715
-7779
5891
1881
8305
-9481
-8968
-4875
-3239
-4212
-8608
-1939
-7557
-7038
-4319
-1495
-5728
-4658
-8302
247
6195
5894
-2065
-255
7771
-2545
-8403
4751
-639
743
6797
-3661
1121
1990
8492
3140
-9968
9702
6751
-5983
-1647
2266
3551
-6968
8155
-5277
-298
4716
6228
-8167
4004
1390
-3630
-6384
-550
-4487
8933
7181
-7
-7999
-7738
4865
-2415
211
-7755
1683
-1611
5943
-3408
-7131
-1153
-1291
-907
3071
8295
-1461
7039
1598
9060
-3116
-8404
-5406
9005
7500
-3141
740
1287
-4990
-7062
4765
-9995
4023
9966
-336
1818
6818
-1398
3490
3893
2037
1333
-930
-322
470
7456
9333
4631
5701
6493
8822
2473
-5442
3146
9131
370
-6882
9226
-9150
434
-7446
9316
-4660
2645
7860
-6460
-2727
-5053
-354
4737
-3218
7843
8947
4935
-7272
-1297
4549
4123
3866
-7265
8835
582
4979
9845
-3042
8635
1747
8809
-3579
-6973
-6982
-7503
-9938
-179
-1054
-358
2468
5188
9376
-6308
2085
-7797
-4138
820
-8705
-5013
3121
6555
-4199
3746
3474
8019
2202
-2754
-8235
-2652
-3560
-1129
-1396
6805
-2009
-2123
7829
6667
13
-7958
-6164
1108
8920
287
9528
-5564
1944
-7796
-5934
-3107
7062
5491
-5916
1290
5054
1746
6996
-9208
1888
-3200
-9184
-5309
4575
1743
-2820
7152
604
-955
4843
-8810
211
-6164
-4656
8511
318
-6003
3990
-761
2117
-9030
-190
-8649
-8240
9373
1393
-7974
9583
-7608
8966
7121
-4743
-1182
1112
-3161
2078
5500
-3357
-573
-9326
9230
2537
-173
333
-2758
-7992
7811
-8085
-5275
-5075
2332
-9492
-6291
5736
2999
-9228
-6056
-7895
-6907
697
2717
-92
7075
-7789
1405
-5149
2063
-6611
1557
2377
-5037
-2965
6608
3769
-3551
5014
7294
489
-974
8160
6690
-1963
7120
2957
3376
-726
-8111
3894
-5667
-9899
-2439
-2835
-4649
-5603
-9053
2409
-5418
-627
-5240
-5145
-9545
4944
1577
2424
9988
9325
-7829
-3598
-6167
-1827
7141
3456
2613
518
7883
3496
3434
9621
-473
-8817
-3750
-1169
5409
-9955
4812
361
-2829
4550
-7649
4568
-7265
3934
-4299
-5426
2878
-1876
-2607
-9119
-2701
9453
24
7504
4273
-8800
3865
-6458
-9970
3628
-1775
951
2284
9964
-2825
-8289
4492
1794
-6760
-9043
4237
8430
-1420
9887
-1435
527
7834
-3938
3029
3808
-978
-3569
4101
-7885
-7959
6728
2634
-2335
-1725
9659
8341
-6911
-3907
-6654
-3565
4065
-8527
-1413
1383
-2519
-2047
-2128
2368
-7934
5805
-8039
5796
5099
9295
5346
8745
-4330
-7229
-9006
-9252
-7010
-4295
3340
-4606
7928
793
-5590
6173
-1033
5272
-2708
9700
-3938
9077
-4948
-271
-8533
5535
8599
6995
5449
7688
7988
-1671
-5223
6091
5022
-4071
-9323
-3021
-7687
-2088
3558
9309
-6164
6137
3607
-1103
-375
-7198
1748
9048
-8180
3358
-851
6584
7805
944
8118
-1943
-2358
-1785
67
-3976
-510
-7770
-9864
3181
7578
3799
-5659
4217
-5961
-7845
4811
6772
-660
-6735
-3168
3058
1544
2855
-9040
-1834
6917
-7561
8248
2458
3934
-3908
2098
3275
180
-3505
-4064
5251
-7381
735
3995
8956
139
480
-8694
9477
-7278
-4336
9614
2879
-5629
2727
-597
-4322
7892
3314
9231
9140
-1940
-1855
1781
-4567
-5222
4899
-2347
4925
-58
-9062
-7395
-8532
-1318
9018
-3408
-2449
6284
-8571
-9532
2895
804
-480
-7442
-7746
7805
6843
9751
-4454
-9303
5933
-3126
4060
-965
-5240
-4699
-6209
-2087
-9076
-329
9303
-2800
129
1468
1505
5010
2608
4089
8340
6
-4397
8668
5250
6713
4956
2459
-1153
7658
5436
9533
-8402
6056
6069
-8624
-6170
9846
4605
-9758
468
9226
2276
-3732
-6206
1647
7864
-7426
-9858
-353
-555
2002
-5596
7995
-8725
7652
695
5279
-8598
-8105
9345
6294
51
-442
-8360
-8317
3646
-5311
3833
9790
919
1187
24
-5772
-3031
604
-9418
-2181
8140
8710
-22
-3863
3299
6657
1198
-6236
-1132
-5482
3504
-7089
8196
9262
-2574
111
3870
553
4678
-836
-646
2960
-1516
-1063
-2015
-7992
-7556
8438
-3000
-4730
-8241
-8988
2300
-4468
2338
3134
-245
-9712
9609
2242
7278
-4316
-9901
-3526
-7924
3875
6361
4166
-4306
7642
4953
-4577
-5075
7104
-7671
-2998
-3477
-2453
-3974
6913
-2177
-1319
9598
2874
3014
9336
-3242
4820
-6880
9793
-2300
-8904
-502
3615
-3881
-1224
1220
-8430
-9418
5653
802
-3335
7865
6581
9404
-4012
6499
-6089
2118
1333
1538
-5747
393
-2972
-7843
-2735
2320
9997
5540
5862
-9703
-7443
-434
1376
-4927
-2592
461
-9076
-8641
7152
-6108
4010
1276
-8136
1083
-5916
354
2486
380
6469
-1126
51
7506
-1956
7081
5468
-8709
-4239
-6895
3179
5130
-2528
6837
-2751
-9514
-3444
-2530
-2395
1084
-3940
-5757
-3913
-4808
691
-3280
-9399
-6776
9193
-4543
-1821
8781
-229
9338
6235
8754
1079
-1661
-1641
6508
-4525
-6909
2935
-3792
-8941
9039
449
-9357
-7806
9498
-7423
8171
-1203
-1069
7510
4486
-2639
6488
6152
1811
-516
-8193
8343
5044
-1014
-4134
-1333
-200
1162
-4583
1123
5154
-876
-5933
-9334
-9978
-6019
2815
-6848
-2284
7420
-7171
-5597
786
-478
-3919
-7679
1853
-2175
-968
-4774
-3793
7555
-6283
3684
-8410
4853
-3049
6241
3474
6210
-9747
-7337
1153
-2495
7808
-8156
-1095
8199
5276
753
2103
2221
8365
-5545
-9106
-2082
-2806
-7806
2714
9161
-9656
7518
3837
-482
-9128
4045
-9234
2400
7091
1990
-2688
-812
-8871
9681
6401
1654
7632
9444
9463
2497
-3706
-6809
-9663
-6500
-447
6578
-4699
-2116
2454
2518
-1870
3343
6422
605
-9720
-1348
-4684
7845
3019
-4841
3709
5959
9747
762
7290
-9624
-2429
-3167
5711
4597
-87
-3495
1460
8865
9911
-4379
8943
-4281
5864
-677
-8686
-905
3395
3539
-1982
-6474
-7493
9830
5828
-3129
-9325
9442
-8138
210
2354
-9112
-1643
-8195
-9877
90
-9881
-4010
6607
1904
7244
-3741
7104
-7164
7010
254
-2051
212
-311
-2509
-6208
-1366
-4617
-2219
6652
3930
6320
1682
-732
-6911
6412
-4410
5177
1436
6340
-6119
-5289
-7648
-2793
-5088
2579
-2117
-1602
8872
-2480
8503
2720
8993
5653
4177
-8667
-1473
-357
-5171
4049
2656
5240
5715
5659
-589
-6526
-7723
2404
9444
4264
-7370
7533
6011
6674
1933
6018
807
-3522
-1698
-8867
67
-9758
5707
-4447
7268
-3547
-3109
4764
1953
-3685
6841
-5516
-4014
-6308
964
-5595
8752
-2060
2759
-7685
-5642
-8633
-4771
-6591
389
2632
-6931
-6998
673
-968
8522
7462
-6303
-6850
-6460
-2079
4097
6416
9433
-4684
268
7211
6698
3001
3729
-2618
-9283
4016
-5322
1293
-8657
1533
-5373
-4277
7396
-5933
3142
-4293
-8750
2148
-9911
1559
7791
4440
-5298
9111
-7086
-8662
44
9956
1065
-665
-5997
1661
-8937
-9660
-8103
-5434
4125
3747
-4043
6474
2180
-5845
7361
-2986
3538
-4258
6118
9015
4946
2436
-9142
9109
-9859
-7293
3692
-7244
7033
-5196
-7127
-7553
5756
6530
-8556
9277
-9239
-298
3567
4285
7598
-9386
5200
-2912
-5647
8000
-6264
-3811
-3041
-71
-8203
3951
-5901
1074
-6961
8614
-385
-8477
-1524
-4903
344
-4212
-2741
-497
-7462
-7175
-2888
3685
3652
-1998
-6477
-6002
2950
8340
8418
-6672
-3317
-7348
-8904
5219
5584
5236
5481
-5806
4091
3409
3013
4169
7202
9048
-181
6154
-7780
5716
-5628
2868
9113
-2987
8237
3961
3650
-973
-6731
304
-5490
8484
5068
4430
5823
1649
3371
5866
4990
9261
-7493
-3417
-9811
-7224
7393
-8702
-8795
-5855
-2407
-4082
-6882
74
8680
1439
4540
1342
-4425
-5407
2200
8971
-2268
-2674
-2170
3459
-7034
834
-468
-3823
-6070
8121
-5347
-9346
14
-146
-5433
2934
382
-2731
7519
5489
-5356
-5389
-4087
6189
-3019
3836
5895
2964
-1019
7789
8226
-8588
5389
6724
187
-9873
-3524
-3171
1978
-9671
3052
-7670
-9396
9921
9450
5598
-7379
-6342
-9019
2338
-8253
-7039
-5333
-6577
-2221
-3659
4805
-1548
1906
-1533
7601
7988
4199
-1778
-2703
490
-4403
5181
4950
4278
-3458
8887
9606
-5307
-2735
-7920
3330
-5912
-1151
-3383
-4111
-2963
-6180
-4886
6326
7992
75
2315
-8500
-6956
6707
964
843
-5166
-7665
-4928
-6922
8714
1410
-3759
365
5204
-6436
9620
6958
-306
-6665
6890
-4127
-6527
-2405
-8203
493
-5133
-2259
-5306
1816
2033
8871
8990
-8534
-3186
-5671
2059
-3358
-6538
-5327
9753
5085
-9427
-9565
-240
849
5818
6105
9855
-1578
5181
157
5092
390
1108
-5254
-2305
-7631
3646
-8570
7014
-2924
-7540
-9897
9463
-5992
-7727
-3891
2899
-7134
-131
1755
-4910
9741
-1475
9156
4003
2791
4483
-3202
8949
-9131
834
431
2480
-3111
-9262
4896
6173
3991
2703
-2819
-5347
5600
3893
5595
9554
8229
-3948
9866
-4163
-4544
8016
1132
-1243
-2418
6673
-6298
-9282
6944
-5709
1887
-9513
1424
-2611
-8592
5725
-5192
8408
7602
2097
7502
3445
4645
-7168
704
-90
2233
-7907
7574
2030
-3405
-9928
-9847
-6673
6073
3495
-2600
4678
-9585
-8663
3497
2432
4020
8508
-6323
7655
6644
-3901
2491
5369
-4266
-6444
-4481
-2928
1053
-4537
7302
8990
-8001
-2644
8791
-6541
2328
1750
8599
-5888
8129
-6703
9376
-8400
7361
-8360
8990
-3033
-9332
-8153
-2263
-7095
6334
8466
-6398
7967
-2641
-9368
2116
3205
-7900
2755
-3584
104
-739
4589
-7442
4381
-8997
-1931
-7940
6639
-5256
-4141
-4966
-4383
5935
-2798
4051
9494
-3228
-6802
-7698
-8547
-418
3705
1653
-7617
-4067
-7388
4744
6259
2295
6660
-770
-4334
-2893
2231
690
8747
-7757
4224
5285
4063
-6981
8836
-4538
-3745
2096
2966
1472
-9894
-3730
-3775
-9182
-6649
-3544
8723
4489
-6355
1664
-9803
-1840
-9563
5333
8117
8170
8585
-3494
-5207
-6058
334
-8866
-7916
6583
-5305
8991
4001
-2751
6573
2610
-7401
-9071
-2923
-9227
-747
-7220
-7356
-7961
-2481
-9771
7050
6067
-1416
2890
-4760
-3954
-2799
9715
-4362
2703
-6441
-6149
-8494
-5668
-3137
6695
-4031
987
313
3404
-5542
642
-79
6320
-198
5446
-7232
-6866
-4569
9141
8785
90
3781
4831
7452
5857
-7958
3570
-8437
9476
-218
4118
-5982
-9268
-6390
-9185
7506
-5107
-6262
1750
-3542
7335
5305
2788
5658
-9140
-4771
4108
-6930
-8567
606
1621
-6854
973
-527
-3243
-818
8337
7834
-6582
-7839
-6272
-9592
-2913
-5737
6540
5866
-9353
-3973
-7832
665
-1946
-9804
-125
4802
-906
1215
-2518
8790
6796
275
6443
-5159
1796
8122
-7668
-3068
4853
-879
-6281
6498
2179
1366
7059
-7109
-6420
2307
-6569
3699
-7405
1605
-4622
-6553
4523
6914
9410
6881
3054
8560
-6660
-1410
-6113
-5018
9741
8321
592
-9593
8055
7514
-5476
5986
-4783
634
-8202
-2654
-6541
3186
3978
-421
5042
-421
5292
8691
-9044
1600
-7092
2953
-7694
-2271
-4805
-6448
3083
6447
9381
-907
-8149
1326
9942
5203
-3224
5015
207
5885
5746
8368
-8683
3291
4519
-5991
5824
9197
8627
-1836
7807
-5566
-5996
-382
1052
6374
2923
5347
-9440
1100
-540
5360
-6003
-56
1666
5190
-2404
3849
-4412
-1275
2804
7651
8831
-4755
-7662
6928
8313
6626
-1098
3584
310
1571
-4940
-9399
-124
-492
7959
-1461
8708
-6891
-80
-4047
-5075
792
-998
199
-3810
2691
-5754
-5999
5734
-7547
-1955
9747
8996
-2633
-5254
-1949
-8628
-4334
-8780
-5534
-7853
7962
-403
-7741
-5452
5721
3324
-5464
3163
-6620
6897
7013
6437
-9198
7219
-9232
-7960
-893
-795
-88
41
-6865
-8554
-2122
-7526
-6299
-9838
6767
-1893
3177
-5099
-7015
-4494
6064
-2563
9931
1411
3331
-4476
480
4994
5301
7915
5521
9218
-4826
3641
9124
2598
-1399
-2191
9745
682
8120
4606
-9061
4045
-6230
-4218
-3920
-2348
8654
-6423
-2131
1174
-7259
3218
-3583
-5699
-3691
3834
-3605
8092
-5254
-1458
-7691
-8461
9238
-2757
-2903
578
-2228
-3779
1075
-1648
-1040
-2421
2396
9742
-9514
2596
7293
1889
-8884
9756
-7426
2421
-6428
-5036
7318
-3921
-5999
-2055
-9830
-1202
8354
-1795
9204
1445
-3339
-7570
-2535
-2765
-7193
5454
-3760
4035
5184
5893
-6813
8830
-7345
5435
-1576
973
-8644
-1777
7558
9097
1949
-596
-3789
-9918
618
-3016
4818
2409
4903
8417
2150
3535
7973
2525
2480
-8351
-9783
8932
-7822
-2281
1304
7842
-7646
-7626
9304
-4316
-9549
2835
390
5703
7537
8962
-1453
1033
-7688
496
-3254
1870
2295
-3433
-4643
5238
-67
7402
1563
1856
-1339
1578
-7004
-9390
5950
-6399
1712
8124
-7780
-9392
-8313
-4192
-8024
-9488
-8918
-8184
-735
-985
-4514
-6753
-7986
-5839
-6742
3195
-6010
-9174
-9963
-8351
-9993
7031
-3861
-3046
7200
-2591
4426
7844
-9289
389
-7293
2521
-9846
-4125
3931
-8915
6350
-9551
-2978
-2183
-3029
947
-5197
8487
3502
-2801
2396
-3679
-7048
-8840
-752
5751
5932
2745
-4637
959
3148
-5540
2852
1206
4707
8554
-9277
-1890
-5652
-5214
8710
-4786
-4748
6963
8021
2150
2227
2279
7496
-2053
-5461
6724
-813
-3043
-8249
9271
8472
6177
-6358
-5514
-9337
-7594
-1696
-7895
1306
-2174
9279
5490
-6085
-1532
969
-3775
1657
3851
-3402
1097
7
4228
2853
9842
-6715
-6013
3047
4195
-6562
5460
-594
2039
-913
787
-4428
3706
1749
-5027
7775
8991
-4506
-6399
-8919
-6325
4296
2599
-7222
3054
5716
4453
9765
-6415
1377
-7002
-2037
9095
-3207
2044
4238
7918
-8095
7549
-4684
-5482
7107
596
4487
-2965
2012
-9555
3157
-2595
9988
7386
-4513
-3928
-6215
-5005
-6007
-8684
-1736
-7969
-8076
-3951
-8208
4249
3727
3125
8036
7246
3309
3217
-5832
153
-4385
-9687
-8118
-6121
6068
2911
-5711
-9887
8110
-6190
5891
468
-9967
9705
9491
-7084
-3304
-9135
6918
872
8250
-3952
-7310
-8715
9572
9643
-1276
-6073
3911
-8929
-4436
1665
9926
-6214
8645
-1594
2595
39
-5263
-3580
-4158
1752
5617
3847
2855
1732
9876
5208
-5243
-6749
6954
-6541
-3563
-46
-6256
-4297
-2419
-9151
-2140
249
8114
-9175
1395
-376
-1462
-6128
-7633
3995
1055
-8007
-3323
-3713
9090
478
-6075
7202
6256
-5153
2050
-1187
5621
-2708
-4030
-7918
-1948
-7588
-2720
4044
2005
-4606
-7425
-1735
-367
5844
2627
-8773
-9634
-6760
4340
-1276
8235
-9823
5099
-5156
-3468
1650
-4538
8860
-2008
7203
-1114
3069
-5653
2825
-248
47
1739
8546
-3659
1565
9652
-6577
4274
-7837
-565
9666
-8986
-4016
-9143
5897
6719
-6178
5543
-7139
20
-1279
-3324
-7913
9731
5059
-845
-3308
9540
579
5414
4658
-5010
-979
-6087
6078
9166
-8988
5036
-2377
-7140
2028
-9708
-1725
6203
-5678
9665
-6402
-7494
7835
2186
7528
-6517
7753
-6185
9659
-4111
4322
779
4121
1130
-836
-5742
2614
966
-836
-7749
1284
6769
-4151
-7404
56
-9262
9416
4384
729
4221
-1822
-1295
-1099
696
6215
-4981
7252
2966
7402
1844
183
8674
7838
-2517
-794
7828
4335
8247
2986
8999
-29
-9187
4343
2289
-2422
-5118
-5363
-3567
-7915
-7105
-1711
3573
2387
-4312
359
-9705
-409
-4121
4602
5091
4929
-3018
-5502
341
-389
4078
-8086
3745
-6704
-9571
1995
5188
-536
6532
-3025
329
3049
9163
-1971
6381
9886
-9951
1443
3764
-5984
-9352
1277
2712
-2259
8761
-2174
313
6923
-7033
-743
6701
358
1092
8775
1314
28
3072
-5134
-71
891
2470
4909
-5105
-4670
812
2608
-5546
3761
-3877
9226
-3366
8470
8149
-7637
198
-2896
-8592
5014
8546
-5594
9224
8163
8207
-8842
7536
-6672
7906
-680
-6668
1776
8612
1300
2247
-7795
4147
6352
9293
-5155
-4632
4084
3551
-5685
-5473
-3718
-8130
-5990
-3366
-367
-2682
-2441
-6900
-8624
-9624
8164
395
8618
8396
-2380
-111
-9696
6251
-8434
-8818
1413
-9735
4032
-5732
4105
-2131
-8925
6818
-5389
-193
-3988
-2803
-5400
-1710
-2384
2214
4196
2214
-386
-5764
-29
477
7602
-6885
-463
2014
-4795
2781
3623
-5135
-3606
3306
-9499
-8011
-912
-8013
826
4152
2090
9593
301
8691
7025
2185
4562
-5955
9587
886
-724
4719
-8685
836
-6128
4151
-6432
2672
-9022
5115
2234
1478
-1571
-6282
3614
-8866
4854
5466
-2850
5355
7442
1423
5809
-937
7082
-6133
-3921
-7732
1002
3409
-7674
3022
-7014
44
929
1384
-9653
7513
-2389
2444
-2434
-9139
6369
8031
-2307
-1234
-3893
-6578
6200
9146
-6293
7393
-461
-2556
-7021
-2282
-2622
-867
-3466
-9310
228
-9233
-7035
-134
1070
8164
260
-8622
9693
8691
-1507
5831
-2313
-521
-6789
-3602
4972
4833
2588
2849
9289
4984
-6185
-8794
-6348
3925
6585
-8570
1637
-5240
-351
5079
956
-3665
-4659
-7881
-1015
9501
9075
6719
1541
4613
7953
-3856
-8172
-5362
-5224
4236
4962
7577
-8515
1501
-6577
-6921
4617
9127
5811
-8311
8400
-7960
2559
3008
6853
4303
6479
660
-3669
-6660
8384
-7978
-7840
6093
7801
4804
5634
5535
-4051
8246
-8469
8337
-2346
-7307
