-4889
-6224
4847
6845
6295
4939
3167
4119
-399
9379
45
700
-1400
43
-1662
-5896
-9705
-149
5287
-7248
8832
-4014
-456
2141
9267
-934
1814
-9055
1824
-628
-2188
6230
-5686
-1590
-8452
-8986
9810
-8072
4324
1203
-7644
-9199
-5988
-894
-832
-2219
-3677
-3737
2144
3216
6025
-8734
-1138
4133
4116
-5085
8849
-746
4409
3785
-218
-8736
-477
-4841
-3729
-5667
-8609
-2659
4056
-3235
8531
6967
6695
-4493
-7493
6529
-3792
-5155
3420
-8791
5922
8240
-5661
-6539
1059
466
-9926
1540
7062
-9688
381
-5261
3273
-9242
9055
-9925
-8597
9799
-6299
4510
7657
7814
3153
-318
7723
4935
4086
-2338
5813
-6036
5925
-5163
-6948
-990
-8046
-358
-604
8956
-4362
-5693
2859
7721
-9139
-1556
6804
3821
4491
3072
971
-5650
-9355
-8481
-5850
414
-1677
3270
2902
474
2053
671
-5860
4541
-4567
4902
556
-7779
9738
-1816
-7772
1478
-4031
-9017
1746
-6703
-3029
-8965
-4862
-5386
-4146
-5822
-1308
5098
1401
9547
-7392
3143
-7404
-8127
2581
-9233
-2837
-5910
-9812
-2856
-4903
3815
1676
-1034
6203
-6863
1692
-5891
-9977
484
2323
-9499
4086
-4226
3633
-9444
5193
5163
-8865
-4629
6920
7099
-1202
-6058
-587
-549
-3844
-2179
-878
-8584
3476
-7005
2754
-3917
3063
7614
-5095
9813
967
3853
-6025
-2848
9213
-2777
-9773
-6282
-5099
-209
9346
5330
2601
-3064
6004
4329
4070
6330
-3500
9545
4690
-8042
9822
9627
-3850
-8623
234
5118
8155
2294
8935
-6170
-7560
2157
7506
3378
3549
-9464
-6956
-907
-762
-2255
4552
496
3696
229
3810
-375
7852
532
9194
9897
-7767
-7715
187
4842
2637
42
1046
2571
-2698
2144
-5362
-8539
-8996
2998
8861
-9288
-5352
2689
-3835
-1448
-8779
-9203
3517
-4586
5294
-9840
2190
2121
4298
6771
6579
-8446
-4044
-9008
-5839
-1618
-5784
-545
4677
-1098
-8138
3080
7310
-5068
4026
-3039
2533
814
9187
-7521
-3742
117
-8073
5251
6329
3649
9615
-7282
9304
-7471
9875
7067
9778
2325
-7082
4998
-8777
6437
2717
3274
-7781
-9275
8689
-2180
6759
5716
-339
4223
-9337
-8316
-1947
9835
5668
5908
-9096
-4076
-2440
-9319
-8411
-5399
-7693
8501
-6405
9685
-5955
9660
-4182
7155
-269
-8432
304
5998
-4246
-3645
-2826
6117
-8318
7282
2624
-8050
1284
3654
-2838
-11
-9572
6395
4644
5774
-7262
8053
9415
1764
-6978
1698
-7532
54
5278
3161
-7895
2227
4151
96
-5318
-6085
-4559
9976
4287
-9212
-9091
7425
4949
2235
-8385
396
-3752
-1534
-661
-2116
5041
-8272
-9590
9075
-6734
6708
6059
5137
-5758
-9773
1742
5314
6942
1104
9254
-7919
-5918
5678
-1842
-9061
-3749
3102
-289
-5194
4240
-47
-3562
-9832
-9283
-776
7088
9391
-3245
4897
5403
-455
-7406
-246
-8756
-3044
5687
6213
-2574
2066
-308
-4769
9645
-8628
8499
8635
4300
-7167
-7883
-2973
9231
7841
3570
-425
15
-4917
274
-389
2227
-9898
-543
7174
1541
-5048
1433
2396
-3325
4887
436
4746
-9338
-7384
-7352
3662
4084
-8773
7249
6429
-2835
39
9202
-2830
3130
2351
4340
3660
9250
8352
8401
-6909
7827
4981
8122
8141
-9828
1420
5016
5991
-8423
-5516
-468
-8932
-7858
-7263
-3945
-6272
30
6955
-6854
-2912
1472
6001
-9690
2537
-1302
9396
1168
-3210
8113
3096
-6797
-7323
-1813
3745
648
4237
7216
3458
3744
5875
-2859
1991
-1166
7469
-3825
-4068
-1494
-7494
-4635
5503
1145
-9854
2610
-3361
-38
-9965
5526
8770
8707
-7688
4061
-8428
4175
-9398
7667
-7800
-7462
-5615
-4288
4425
2627
3133
382
-4612
1811
5990
-5084
-1517
1921
2478
-8207
-6718
5070
8538
147
2006
1925
-5953
-5565
5836
-8011
-9011
9952
-909
-1150
-9647
-8873
5105
-589
-4796
8940
2035
-7194
-1799
-7610
-4860
2690
5792
-9003
-9953
-3905
44
-8989
3998
843
8953
1635
-9129
-2502
-1136
-6736
-586
8739
7738
9667
-3296
1901
8940
6043
-7752
-1042
-7667
3493
-5225
5439
-3346
-6969
1212
222
6529
8057
3065
8416
4376
-9561
-3053
7273
-9595
717
-7242
-4317
7329
2931
7781
-1679
1508
4
-7642
-8878
-2044
1519
9453
-3616
7676
1798
-4368
-3174
3618
-1974
-8836
-2711
6027
2858
1403
5729
-8989
8555
-4743
-8462
-8633
693
-828
2114
-5593
-9836
4364
-6421
1809
9664
-5024
-640
185
-4683
-3862
4777
-648
8163
3800
-1127
-132
7886
2329
4658
4766
-4101
-775
1131
4308
-1559
-769
7690
-9244
-3840
-7486
1988
4967
-5517
2607
6526
9269
3674
-4481
9055
4425
-1312
9263
-7144
-5860
3048
3546
6218
9024
-2325
-2058
-8354
8306
9783
5860
9328
8704
-597
3143
5552
8859
7037
8477
6691
5692
2840
-5649
-2724
2734
-7380
-3152
2476
-7982
3862
-9882
-5196
8244
4944
3874
3854
6257
-8624
-656
-4826
4094
5741
-5889
-4485
4268
-5987
1005
-6922
5512
7356
-5913
-8407
-3383
1130
-423
5818
5691
959
-7062
-9312
4838
3717
-9538
9183
5064
-6264
5627
8108
3369
-6827
-4060
-4822
3367
8561
-7991
1655
-1578
-3100
-3625
-405
5263
-4336
5563
5764
7572
6120
457
-4981
-593
-8968
-1055
-5525
242
-9116
-7077
2920
-9878
2718
9729
-5630
-8503
-7079
-3405
-8546
3668
103
-76
-8700
-5072
-7708
3676
-3024
3894
-7597
2886
7635
-5119
-4463
-4277
-5199
-8578
-4379
1045
1275
-1633
3728
1945
9316
-7338
-462
-2109
-1176
-2775
8815
5609
-7311
8964
606
6167
-1348
9267
-3022
-7432
276
-1887
1145
6488
-1056
2914
7503
434
-5867
-3760
5152
6391
3874
7291
-4919
2988
1898
8129
6717
-4669
3788
6875
3420
-5024
-2055
-4575
-7987
5728
855
2263
-2127
-8764
-9952
169
6737
9755
9655
9154
6636
9522
1392
1009
9762
-5050
494
4551
2991
935
-4064
159
5551
4025
-8811
-8403
-281
-4637
1705
3754
-2532
-8037
4677
1881
9963
4700
5102
4324
-8475
-5986
8417
-2434
8470
-7436
-3832
6131
80
-2534
-9459
-9773
-8519
3296
1190
-2715
6080
-7963
-6993
4376
-461
-8670
1029
-6028
-440
2712
3051
-9499
2119
-751
1288
4577
913
-8803
736
-8818
8056
-6828
8213
-9304
-6276
-3752
-5088
-8881
7212
6385
-755
-7257
5246
-203
-527
-6672
-336
9307
-3979
2445
-2442
2915
-4905
137
3411
8961
-8521
7338
2512
8209
7410
640
3346
-925
9937
429
-3591
-6915
7044
-5773
-9560
519
-3637
4258
-4549
2153
-4056
8707
5442
-1033
-3245
3424
5678
-7393
4018
-9457
-717
-7115
-4989
1078
-6922
5634
-3488
2176
-705
1140
-286
8381
5488
7588
4032
9124
9566
-4683
-4501
-9010
1825
-1557
-8420
4803
-530
2705
3994
7744
-1655
7150
-2155
9609
-8835
-6157
-9021
-9148
3626
-2869
7634
764
6759
-2970
1370
-1228
6236
5977
-5812
9351
7585
2675
-8348
-5090
-2001
-4250
-3358
2460
-3550
-1792
4628
-7429
596
394
-2367
7580
2287
1667
-7286
-5084
3533
-5650
9822
7232
-1245
3838
3953
2401
-9901
7143
-7187
4766
-5789
4853
8667
-1002
2635
-1375
5132
-6246
-4398
1687
-8012
907
-7054
-5462
-6005
-7987
-8382
6300
1687
-9116
7164
4707
-6170
7479
1414
8361
-4354
-4689
566
-4302
-3188
-7971
5447
4148
-2260
2891
4105
8250
-7465
2980
-3871
-6171
1903
1013
-1223
9079
-1867
6992
9887
-5156
5830
-106
-6309
2760
-3299
2929
-4634
-9571
362
5040
5157
9640
-6405
2144
1814
-5041
-1168
-6320
-1073
8661
7908
-2
554
-5260
-4298
5432
-1259
5580
-5865
2569
-6645
4288
-8995
-638
5497
9865
-6914
-1630
-4871
-5622
1344
-6725
9311
4692
-4888
9113
-361
1069
-9731
5098
3681
8669
-9282
2165
-5459
3355
6261
-3866
8447
3602
1766
-8228
-5722
5109
-1463
4137
-1054
-8123
7581
5733
-865
9891
1800
-2763
-9585
-5520
-7705
144
9277
-3624
-3112
9109
5241
3804
6223
4657
-2222
-5123
-3943
-2350
-5292
-8200
-6239
-2899
-1996
-3928
-3477
2347
7934
-8327
-7274
-7954
558
-2267
-8681
-584
6141
-2485
2642
-5290
4761
512
-8576
4694
7235
3707
8173
-9151
5884
3610
793
-6298
-7918
2746
-8312
-7683
9134
-3159
-7683
-6225
-5257
2783
4948
-8984
1594
313
-5935
-7660
7204
9816
-6986
-5588
-814
3233
7284
-9134
5406
6935
2359
5008
-3670
-9206
-543
907
-8034
-7255
7903
7570
-9103
119
1463
-5211
-8681
-5473
5658
7726
402
5067
-8086
7735
-4503
9951
7963
685
6433
5284
-4453
913
-647
-5835
1995
-6672
-4556
3709
8347
5577
-82
-1310
-1982
-6347
-4933
6821
-9226
-5625
-9778
-4110
-5995
-262
-5094
4312
-6406
-8577
-545
5252
-6889
2232
2229
7748
-2850
-9078
-8865
3358
-1720
5050
318
-2144
-4477
-7741
5194
-2529
2308
4360
502
9332
2392
-9097
3173
-615
3218
-1632
4492
4556
-1188
3721
-7856
3454
9495
5077
-4892
-8586
3901
-195
4304
-9762
-637
8879
-3121
-3944
184
578
-5797
-7306
8939
-707
9532
-6328
8040
1168
-5748
5889
-3144
-8607
5173
-939
-2237
-8524
-7417
-704
6112
-1021
-8756
6298
-1897
1858
9575
9813
-6805
7604
-4910
577
-4120
-926
-3251
4062
-5417
-1548
5968
72
-9940
-4169
1743
-2329
-1506
-9390
2881
1712
357
-4018
-6805
-4035
-4537
4302
49
8346
-8973
-1747
2146
-1029
-1941
6367
-6952
8786
-963
6331
-6144
-8670
-7249
-2366
7898
-5530
-7104
-6109
-4883
-9865
-247
-3569
9290
8255
8934
-8683
1238
5858
9300
2335
5154
2904
-2982
-9592
-5411
7532
6089
9160
-8509
350
7067
-4031
-3547
-7411
9713
-1086
7423
-4389
-8957
4922
-3898
-323
6033
9190
-6056
-3658
-2504
-9302
6283
4967
-2498
-1069
5837
2982
-1896
5234
9779
-3899
-8538
-2072
1834
-7115
7932
-8048
-277
-1021
3073
-7053
7114
3675
-1860
-5172
5232
3006
4254
-8320
1671
-8246
-2715
6556
2712
9286
-8707
435
351
6536
8793
-1661
-4885
-6902
-2325
-5595
6861
-4822
9369
7780
4284
-5796
-7397
-5821
9371
-3321
6147
5640
2005
3242
-3460
2765
-2922
5814
-6586
3233
1667
1356
-8637
3645
2472
3945
9898
544
-552
1668
8844
-7477
-4067
-9650
-3817
-4195
6835
278
-4592
-2866
3620
-6616
8991
6295
827
8512
7950
-9477
7443
-9848
-7970
-20
-6663
-751
9418
-3347
-93
-2263
-6590
-6282
3248
1238
1556
-9473
21
-6091
-4443
7492
4052
8602
6772
-2090
-5302
5601
1523
-6367
4365
-5441
-4308
4430
-3235
9829
7435
-8448
-3769
2049
9994
-9243
-7879
9323
-5690
3394
-4747
-205
-6098
-8684
9222
-2939
1810
-586
-8711
4792
-9222
-5139
1195
-6412
1480
5701
-7917
967
8334
6316
-1180
6089
4501
6898
9821
-6800
3417
-1559
7950
-1622
2278
5705
-512
-9706
3196
2373
-6707
4159
8836
839
-7611
-344
-9767
-591
1158
4170
-4365
2868
-2951
-2192
-8908
8
-128
2719
7490
304
-1798
-574
6519
7634
9976
-4838
-140
-7736
-8830
1845
-5123
-9574
4981
9600
5500
-6335
687
-9584
-6524
3679
-5338
-9012
-5639
83
4803
4138
-8452
-6705
5014
-6092
5833
-3317
7997
-4190
-1502
-6183
-6512
4178
-9540
3873
3745
2380
9000
6644
5155
947
-2840
-4999
2086
-9510
-6622
8816
5801
859
-2465
7553
4014
-6677
-3429
-734
-6464
4556
337
-7051
-799
-126
-5006
-6848
-8033
8569
2328
3824
2374
4885
5048
-3378
3703
9026
-3314
4198
-6914
-6639
-8210
-5560
269
-6664
3432
8067
776
-8983
-1355
7732
2500
1806
-2581
1465
1059
-6205
7943
-1983
-1518
2323
1136
-2758
-4414
1521
9286
4998
2015
-3452
-5148
-415
6083
5012
-8392
-5309
9526
6885
5655
2149
7466
6484
-5911
-5755
3242
7449
5137
941
1812
8280
-8888
1580
-2808
2807
8806
9006
-5560
5684
-5069
-7482
7474
241
-9446
-7448
-1834
-8753
-7818
8630
626
-6511
-8630
-2827
9511
226
-3967
7730
-6853
-290
8835
-4284
-518
8319
-5824
4650
4184
-8377
-722
3020
-8642
-4509
7627
-9651
-9372
-4793
7754
-9277
-2560
-4911
1290
5366
3448
-6566
-178
1713
6502
9435
-6913
368
351
6767
-1210
1514
-9851
339
-2479
6560
-1636
-8687
-2151
-9271
-5384
4853
-6175
5392
4571
-6995
-8637
8984
-3781
7909
9612
-4836
-5268
6130
-4415
1823
-4594
207
3373
-2633
2775
-7299
6015
6015
9051
6619
30
-3156
-3533
6595
-9149
2288
9923
1913
-470
6703
-1205
-5032
-1004
7633
-4475
-6799
-4550
-5771
-6117
1833
-2839
-4388
-5450
7668
4654
-1752
7281
2792
-2287
8707
3311
-4597
-9104
-6934
-6708
-6002
-6128
1455
-5801
-8327
4070
-8837
-2160
-1992
9243
974
-7746
1181
6704
5950
-4624
6958
9577
707
-8102
-967
-520
3387
817
701
-3958
1927
4294
333
-8607
8404
-1
-3767
2312
-3936
5517
-1184
2140
-2463
4773
-429
6978
4435
6047
-3593
-9970
-7459
6677
4727
3334
-3330
834
-7508
4400
218
5105
-5294
-6973
4118
6318
4555
154
-7802
8507
3708
-4390
2064
6073
-2400
2196
6927
-6912
-3842
1031
5438
9218
-6835
-6596
4661
-1950
5497
8845
-5895
3121
4376
-9616
9241
7732
-8100
2291
1279
1130
7656
-380
4171
-766
-9560
-1258
-7456
-5102
4163
806
-3110
-1214
-2025
-3680
1875
-8496
-7179
3241
9497
-2294
9959
-4031
6532
-5733
-2371
4495
-8008
6419
5292
7740
5797
-2580
-8127
-4775
5676
7060
7254
5607
4274
9626
7884
6054
-4031
8301
7662
1823
7708
1290
-9644
985
8939
3762
6494
5610
-4646
-6793
301
8840
-3760
274
4381
4643
-7676
6015
-9699
8560
-9343
-6439
607
-9259
2689
4526
8933
7171
7665
5372
1775
9008
-3118
8334
-6049
8317
6966
-4512
8377
6458
1088
5788
-4009
757
4966
-982
8306
1405
3791
-6498
5739
612
-1548
-4578
9851
9735
-5588
4165
7946
1742
8043
-3582
-4244
7283
6914
-1111
-7300
-5651
-4422
-9928
-6841
-5928
8868
-9604
3374
-3937
2697
-8253
-3131
-9870
-7054
-4671
-5351
-907
-8113
1085
3958
-5133
-7350
1352
2381
3339
-1835
-1849
-8708
2718
2288
-5023
-2428
-6995
467
6835
7190
-2901
-3523
-5003
9069
8276
-3292
-9151
-3838
-602
2114
-4521
7752
-8814
-9612
6074
-581
953
-4833
8545
-2937
7157
3602
-8428
-5775
6547
2620
-5999
-1682
1090
2163
7377
-7005
3122
-5788
-1177
-1390
2575
-4897
6798
1250
-7296
6231
-6898
2816
-2602
-8686
-741
-6606
-6183
-1647
-693
2290
1469
-1786
4981
3429
9746
-5083
-8437
5561
9403
7592
-7563
1874
-1019
8357
-2714
7724
-5441
-4716
-5768
7581
-5445
-5326
-6211
8930
8714
-2012
9982
4788
-3816
-8391
-5738
3057
-2487
3779
4715
4374
9738
5955
-7782
-4044
-6696
-8456
9185
3437
297
3279
3191
-6189
-3517
5737
-3532
886
1684
-2196
-1455
-5172
-6507
20
-6039
8897
-8085
1171
-3105
-2575
5287
5057
8236
-7495
-4369
7660
7724
2124
-3362
-1797
6464
-245
4581
-6678
-3518
9349
-8650
-9876
6646
-8330
8451
7645
-5435
-1498
1102
5200
4546
-7941
-1298
508
178
-661
4168
-5406
-7574
7164
9497
-2810
5267
-3649
-3596
-7053
-1649
-4854
4291
-8879
4803
4475
-501
-2909
9865
-3809
3607
-777
-211
-6797
-878
3427
-8549
1383
6712
9716
2558
3170
7515
-6444
-282
-1559
5080
-5679
8599
-2816
-2363
-7241
1103
-4705
-3926
1823
-510
-8530
-4788
7017
1266
-4215
5530
4296
6826
-5511
537
-151
128
8063
-4941
9207
4032
3708
-2368
2692
498
-1698
-7043
9259
-946
-1606
-4499
5134
-1150
-3895
7480
8716
5537
5729
-4132
-5758
-8533
-7971
-993
5071
-7149
3341
1551
6102
-609
3701
-1605
205
9465
-1945
-850
-2438
-7979
-4968
-5402
5857
-3272
-645
4208
-2681
-1988
-2784
8437
-5917
-5989
332
-8926
-759
-4225
-7796
5943
-5150
-4098
7579
315
-5139
-3094
-8248
-5715
-551
-2325
8545
-6261
-8934
-9243
4291
5215
4048
3461
9389
-6598
-219
-7550
6833
1613
3302
3363
-6010
6851
-6809
8177
-2442
220
-9889
2847
7607
-4539
-2872
4911
-7719
7154
-9430
2195
-1643
-6677
-8566
5573
-91
7954
-3616
8251
1703
8142
765
8571
-9960
-1786
6514
-8311
9923
6411
-1320
1827
843
-2712
-8627
3171
-8880
-4176
6949
-7558
-3496
-460
3817
-8447
8546
3213
5189
4390
-7296
4724
5583
8411
-8116
4894
-3372
6660
4397
8613
-4542
6219
1474
-5817
7663
1534
3458
-5361
9105
-2597
-5440
7599
5228
-4798
-875
-2645
-2313
1847
-7638
5356
-8452
-9418
-7145
6370
4647
3184
-4037
9998
-5406
-1496
-2731
-6501
9846
-7104
3838
-6303
-5547
-3756
4294
5535
-5914
9405
7106
-6351
1586
-6757
3089
-1411
-5446
-5699
-6837
-7480
-2721
-3269
9473
-7234
-9779
-7629
-5579
672
-8593
7046
7518
-6834
9531
-4816
3827
4236
457
-6198
-2810
2828
6410
7877
-3
-8964
-1701
2614
7291
-3718
2770
-2179
-9404
-7094
868
-7171
9968
3128
4458
-1627
-4686
-9109
4365
5074
7683
-1877
6517
-2916
4131
5756
3967
-9297
9135
9004
7080
3675
8552
-1291
8791
-923
-6727
4602
-2332
-2039
-5927
7323
3622
-2031
623
-7934
9163
-4051
-4346
3519
4983
2952
7194
-2493
-2576
6619
2564
6475
-3684
-9187
9046
2121
-9450
9050
3280
-650
3018
1636
-873
-8237
3844
-6403
-583
4136
6451
-6389
2519
801
3241
3906
-4892
3784
-432
5625
-5240
-4706
8336
-338
-7778
-6059
1991
-6170
9411
1825
-5029
-6393
-2137
-8977
-3576
-8616
2759
-9140
1285
5553
-4678
-3797
-5971
-1907
-4001
1051
-629
-8423
7204
-6931
4379
9916
-8381
7404
5232
-9058
7509
-7915
2027
-297
-9430
674
-6676
1498
8599
-5430
-2278
4661
6142
2115
-3767
-4016
2624
2074
-1919
6564
2717
-6015
-2836
-8566
1457
7530
-4550
-1010
-136
-4285
5834
-618
-9784
-677
2011
-9487
3372
-3850
-3606
-9092
-2958
-3139
-21
816
-3783
7248
-6444
5507
9720
2316
-2398
7167
-3459
234
7267
6507
4743
2421
2785
8682
1307
-1507
-3217
-7248
1226
2741
-1167
-5006
-8025
-6090
5715
5433
20
2481
2373
-5529
-8142
-5209
3471
-3922
5406
1611
6047
2039
1015
-5900
3269
306
8045
-9978
9832
6137
-2160
-3545
-1114
-377
6852
8754
6447
-3790
-6870
-9778
-4624
8091
-9101
8612
-1070
-2240
7581
-788
-1339
1251
-9369
3641
8414
-9153
-9553
9132
9199
7258
-7814
1583
-7537
6746
9322
-1128
-6287
-4969
-8832
-6992
4842
6932
5469
-9389
-3727
1926
5200
-1247
-6393
2307
-8952
956
276
7028
-1680
-8215
2731
-1988
180
-6696
-3690
-8233
4953
-9654
4864
-4441
-3792
6954
5156
2953
-7715
9962
-1988
-6939
-3424
5099
6117
-772
-7276
9370
379
6077
7864
7671
7522
9198
8357
-8987
3741
1445
-7618
2965
-8235
-6604
-653
-3690
-1412
2900
-104
-2191
-4067
-5872
-9441
1895
8967
-2767
-3732
8258
-6436
-9579
-9169
6092
9169
7845
6338
7455
-4353
7032
7504
-9254
5747
8522
8204
8523
8812
-1731
-6837
-9615
-6321
2407
-7791
7526
5640
7183
4636
-3378
-2770
1795
9840
780
-5773
7605
3856
5338
4667
-782
8918
-5516
2283
-4734
-5703
-4956
9134
-9154
8282
-7709
1737
5056
574
6144
-2473
2241
-5071
8544
8853
573
-39
-7069
-3651
4862
-5889
-1147
6998
4914
5610
-528
8087
319
-5426
-2416
-7242
-809
353
-5779
-5464
7535
-6485
-2705
9621
-1171
-9201
-478
5656
2268
-2792
-1980
-5501
-8343
-2944
-5300
7723
4024
-7425
-8893
4534
8063
7312
1476
-4355
-3274
9540
6373
3465
-5466
9701
8537
-3039
-4526
4066
-9880
8051
7842
7203
899
1818
-7757
-7247
-5432
5809
-7173
2546
-4992
338
-5203
-9058
921
6988
-6856
-27
8040
-3466
-3752
5322
-6911
-5559
-9299
-2984
4552
-5082
7551
-6930
-2698
-6189
9926
942
-1020
-7172
-270
7212
-3172
-9251
5666
933
-8396
3338
-1351
-3221
-3584
-8592
5314
1027
-2087
-7352
-9580
-8507
-7132
1351
-4925
2504
-2951
-8914
2255
-9882
4958
3747
-9383
6790
9137
5608
7105
3996
6878
-8418
8552
-8560
-6446
-3601
5759
1269
-1056
2665
7153
3569
-4666
-7441
4830
-3550
3553
2306
4000
-8026
-3593
-4783
2783
-6584
-2733
1584
9893
-576
-3198
4546
-8965
-5798
2006
-9249
8828
1148
-2382
1701
4918
-1439
7925
-3738
-4199
-7165
4645
7620
-3744
-6658
6101
-8987
-5834
2576
837
795
3456
-6099
7998
8117
8666
-5635
1282
1886
-1741
-5243
-5662
9352
-5301
-3201
-572
-24
-92
-3650
4511
-380
-633
7822
-9398
-9942
5390
5594
5494
-5660
-3373
-6154
-8783
-360
4326
-6656
8145
4993
8334
1287
2037
3728
5726
6408
786
1873
-1543
6216
6728
6530
-1813
3292
2407
-5257
8686
-5123
6237
5054
-8593
3921
6207
3486
-1977
3547
-3808
2280
7232
-8425
3195
-6822
-6202
4836
-4135
5157
8379
-3577
5132
-4677
-6402
-5943
6748
2660
-9293
-7156
-3361
-8233
-2493
-1531
-4648
1103
596
5864
-8859
2730
-9138
-5934
5439
8707
4034
-291
6132
-4901
-9548
-5499
3567
-9605
-5022
-8788
3805
-7707
4774
-7782
-4705
-5612
-3733
1483
2276
-5034
-1325
-6552
-9302
-2135
6958
-9336
-2403
-884
-2560
-4115
-9743
7577
2408
7892
-1614
3626
-6599
3964
4275
4394
5237
-8283
610
-2295
-4701
-8936
-7160
-8047
-1730
9604
8203
-5025
4350
-7857
-6150
-4513
-1689
1918
9173
8273
-2709
6346
6841
-7754
9726
-572
4310
-1968
3558
-6800
-9845
4687
-133
-1913
8277
4265
-9088
-735
944
-9915
324
4484
3160
-5961
5227
3678
4085
8697
8591
-501
6941
5433
-5502
3058
-9534
-5112
-5967
-3641
-9990
-7604
-9622
3194
-3088
-3961
-9206
-7928
-9271
4291
-2334
-8679
2554
2167
9708
-9119
3691
3338
9679
-7219
2855
-7342
6805
2713
6966
-1595
-8181
-6980
-4727
6711
3235
4277
-3512
-2751
-7824
4552
-2764
-641
-8798
2841
8061
9361
8839
-1422
5064
-26
1914
-8233
2261
4138
6186
-397
6958
-5230
4378
-5972
47
1244
-7824
7781
-2262
9752
-6801
-9048
-5562
1087
9027
-9076
2489
2134
-7392
-1276
-1281
3338
9044
-7426
312
-9920
-1147
-9854
9
2471
9213
6911
-5760
-7042
-3902
4422
-1790
2478
8583
-6297
-5222
-3366
1317
4952
1938
2318
-9241
893
-2517
-927
-4664
-5229
-5241
-6455
8297
5464
-8866
8952
-6009
-5286
-7165
5517
-2545
9117
-2235
-1206
-7510
8453
2803
-9162
9144
9717
3622
3716
-4300
-9896
6561
67
9115
2338
-1745
-1801
3885
-6874
-5022
-1177
3591
-9814
-6519
-3985
7976
-9603
7060
-3839
2754
8467
1217
-2403
2760
-5294
6553
-5335
8034
7063
-8481
-1485
948
-1280
-6041
-5910
7343
1122
-8104
-4435
208
9109
-3765
-8921
9689
3877
-6413
1607
5206
-8945
5434
-3094
649
-323
8777
-9427
-5632
4366
5298
1926
-644
157
5144
-7766
1214
-7024
2581
2598
-3639
-6856
8672
-5601
-9895
5282
6227
418
-3974
9135
5066
820
-9440
-3990
-8951
-1779
-3339
-8946
1649
4514
-405
-2251
3962
3554
-5535
-6386
6169
1382
-7627
-2191
400
4292
-3404
9698
140
-7992
7292
-2500
5891
1518
8052
1797
-7631
965
-1940
-5745
4133
8624
7528
5882
-9037
-1411
1859
-9848
1052
8558
6040
331
7167
9024
1249
-6966
-4271
3188
1471
6950
-5641
-3523
-4886
-8997
3482
-6438
6121
4398
-6013
-4226
4291
177
-6491
9672
-7084
834
-9693
9435
4599
-249
-6098
559
9860
-5599
-8836
9067
-1100
3265
-9938
-7601
9678
-6315
-4112
4809
62
-8852
1431
-459
885
2298
9255
-6132
-1524
-1288
-7384
6924
-2954
-3556
-2380
80
-205
-158
-4578
229
-4248
9596
2717
3827
9622
-3475
-1765
-6170
8708
8469
6074
-6401
-7439
6739
1187
-9196
-2117
8292
-8182
-4377
-7603
6334
4991
2061
-9178
-7289
3666
1604
-9009
1397
-3668
3270
-6826
8822
-2960
-6121
-4646
434
-8545
5328
-8309
-563
-3308
4137
6778
-2947
-7860
-7742
-2783
-5665
5203
1790
-7035
3169
4876
-3670
2559
-1725
1921
9344
8228
6547
989
8561
-8516
-5513
3753
9745
-8260
4066
-4333
-2117
1145
-2604
-6865
-7765
-77
-1069
-7012
2845
1211
6650
-741
-7427
-1606
9207
-3749
4614
6832
-5988
4153
7605
844
1926
9783
-3489
-6578
-3159
-4951
-7513
1665
-2434
8827
7549
-5565
-3659
-5729
-683
-7517
4803
-3806
8161
-1606
8480
7947
415
7123
9107
8428
2833
4198
-2839
-1798
-7470
5425
101
2060
6701
-8918
274
7823
1007
-110
-1125
1581
5617
-9112
-9759
590
9922
-9669
-2046
-8658
9509
8521
1645
-5205
-7333
-3890
4779
3685
-3310
-7230
-7382
-1426
-6583
-3323
-3393
-731
-3
5467
-1751
5957
3492
965
4368
6301
7819
5597
-423
7396
8850
-565
-7824
8133
9882
-2414
-90
6251
-7357
-3305
-5253
-6918
2178
-2770
-4470
6467
2293
4522
5375
4549
-3694
-6653
4266
-9233
6987
2097
-6943
1783
4071
-9910
-5958
-1052
4197
9065
1685
-83
734
-9132
-937
6378
9518
-4817
2352
4110
-9590
-1477
2968
-1024
5386
-333
2254
8607
3284
-1732
9384
2439
-7067
499
-6443
-9880
-7218
-1002
-6994
30
7916
7699
-6215
8355
6566
-1046
-630
1080
-8501
2596
-7508
-9554
391
2197
-4194
-1835
-7414
443
-4589
2706
-1506
1375
-7167
9295
-9630
2834
-9994
3283
-3660
-1432
-1455
-3199
4017
8286
796
-8479
-9600
216
-2343
2146
-596
-8080
3374
6056
7073
-6835
1711
-4809
5189
1572
-2217
7138
4404
-4005
4909
6900
-9231
12
4771
-1874
-8468
609
4322
5138
-9579
-6033
4454
-210
-9022
8392
-7084
-7567
-4965
2912
-7024
-4709
2905
4626
-4077
862
-2015
-1684
7202
-66
9771
3975
169
8493
6030
6397
8776
-4794
7600
9675
-1198
5581
6247
-5138
7305
3468
-7629
-77
-3598
-3216
-512
-2797
7985
-3511
2544
6523
3360
5984
-1569
-1213
-7557
-1930
-4837
-1639
7513
-8051
1212
-426
-4667
7518
157
-6912
-9217
-2086
6503
2408
-9525
-2623
-4475
-7558
-8314
-7238
-450
2775
9775
2254
6832
8298
9423
7359
-7694
6385
2667
9689
-74
-8969
-5473
4518
-4169
764
9997
-7937
-5385
682
601
-3878
-8091
-7008
1895
-1555
4358
-6777
5305
-7870
5469
-1547
-3446
-7054
7416
-2525
8438
-9237
-3177
7213
-6041
-6697
-9336
8166
-5957
3661
-3579
-6883
3913
-337
4489
-7909
-2457
8882
2611
2666
1325
4291
2763
1163
5561
9589
-8689
-5163
8674
-6271
583
1632
-9818
-1280
-5556
685
7787
-3499
-1517
3718
5553
4884
4243
-3633
-3008
8666
-6677
-964
875
2032
-8793
-536
9549
9198
-5892
-1531
5555
7240
-6769
-6101
8684
6055
3318
-3005
6328
8831
-3570
8357
-4280
-8504
2469
-8245
1117
-8059
462
-4098
3298
-7206
-8915
2718
9720
-572
8905
2250
-2463
6618
263
-7611
4007
4488
8275
-8377
-3515
45
-5543
5253
-1206
7206
6485
-648
-9331
-3736
2679
9969
4029
-7018
-8854
-335
-1803
-705
-5195
7177
-2801
-6063
-8182
4734
-4038
-8076
-1779
4584
-8348
-106
334
-3065
1865
-148
-3271
-4400
1438
4662
-5404
1097
-3518
-2927
7980
934
-4619
-2119
6160
7941
9790
-4877
6244
2223
-64
3399
-1045
-4453
-7077
2006
5951
8312
5865
4781
-4160
7826
-2291
-5794
-676
5443
6536
8354
302
-3010
-7939
-3590
3169
-2142
-8922
-3875
-1425
9686
7328
-8206
1810
-4662
-8756
738
9187
2089
-6689
-7235
5211
7559
2520
-6468
-1450
158
-704
-2843
1377
8855
2157
-3542
-5632
-812
-263
-9310
-5065
-7772
-8307
-5479
-4851
3687
-1915
6518
-2158
5475
3701
-7749
8922
-8115
410
-2481
-1435
2828
-8515
-9782
-8030
-8059
2380
-3388
-4836
4848
-1825
-9915
1154
-2697
852
-2484
-1092
5922
-4854
-7221
7702
-9451
741
-8148
-576
-3282
7787
9131
5588
-4032
2101
-2922
-9741
-5709
8803
-1975
-1909
1690
2248
-8134
4037
-840
1519
-3675
-4715
-3679
5557
-9843
-9361
-3747
7400
4859
-9695
8975
5491
-3257
5631
1813
-3407
3890
1662
-7070
-3342
8972
8066
7083
-8283
6488
-3086
6147
-4063
8765
201
4950
7379
-4327
8508
6950
-5750
8760
-3780
6708
-7760
2485
9963
5110
2794
3513
-9641
-5058
-6811
-275
5337
-7694
-7592
-7098
462
-4002
-8465
9067
-9397
179
-3742
6663
3391
6069
7416
-1593
-9846
-3962
582
-3368
7374
7327
-846
-3696
-8102
-6766
6879
-2197
-7637
-2855
8336
1392
-275
-1352
-4321
-1402
4643
-6746
-6455
3400
4418
-3980
3367
-8639
2369
-1639
9378
-8193
8854
-6747
8735
-4016
-6314
-3123
1398
-5841
2322
7953
4360
936
-641
6724
-4327
1204
-7219
5943
2950
-4477
5110
1380
-3190
-7170
-5117
572
1737
-7777
8917
1707
3822
-6953
3658
-3380
4973
-2884
7273
6230
-5785
6736
-8943
6747
-4541
3671
-4257
8002
-4379
1900
-9656
7034
-6486
-8567
1372
-354
9279
4112
140
3381
8103
-887
-8398
2208
-9263
-7524
4233
5404
4162
-188
-3931
1774
-3681
5131
6184
-27
5706
2421
9885
9072
-3584
9853
-6032
7563
-5768
543
-1774
9765
3218
-4570
9509
-7631
-5262
-2116
8176
2329
8358
-8819
4852
6858
-914
-9975
-2273
3082
6005
537
-7731
-8096
4317
-3599
611
8895
-8877
-7106
1056
-4570
-9127
7548
-3134
6373
-3658
-8107
6476
-5646
-3525
-8464
-1140
6734
2184
8190
-5940
-9303
-7118
-2629
-4671
-7117
-918
100
2847
6238
-998
1116
1238
6135
-6231
7115
9389
277
-3359
-4997
-9905
-9651
-1411
-4209
1326
9233
-4251
5583
3270
-3407
-1018
-5378
5169
5243
7912
7310
7158
5906
4099
9219
-1261
4044
7649
3468
-2214
875
1998
5566
4997
-6643
-3106
-6070
9023
-2729
-7935
-788
8819
9190
6566
1804
-2986
4257
4219
5099
-5369
-1804
7582
-9565
-3180
-4950
-6349
-8851
-5746
-7930
12
4145
3395
-9056
4791
5473
7420
-4917
-5579
-2062
6516
4337
-4466
-6041
-3916
4014
-3914
-3854
-7614
784
9109
5129
7504
-6121
44
6838
4701
-7755
929
1012
-3961
4959
342
-1735
-8230
1175
-9635
-5648
-3594
5957
4990
8155
1684
2436
-2769
-7201
-2952
-4148
-338
-7431
-9381
-7823
2246
6420
9425
1780
1222
2208
-820
9958
534
-2089
-5692
4289
2052
-7979
-2751
9437
228
3514
-1489
-6664
-135
-5829
-269
-7911
-1553
-3127
-6470
-8431
-3605
8028
9103
-4526
-9531
7745
8077
4296
-1894
4791
-3439
5948
-1393
-1530
-2779
5788
-4053
1807
7086
7658
6435
-9855
14
7557
-3817
-5945
4278
-6461
3264
-9870
9186
1231
-4216
-4056
-2376
8513
8838
8013
6493
7215
8280
-2439
9041
-6890
-7371
-673
2456
-8396
7841
6835
-6533
-9119
-9886
6732
1513
8054
-6196
8753
-7722
9707
6143
2518
-7654
-3171
145
-2487
-2899
-6153
-8595
-715
-8619
-4921
6837
4394
8146
-4495
3938
-9987
6696
-3873
-8448
5451
-4165
-4711
-488
-9589
7379
-4096
-2552
-3276
-5674
-9213
1526
-3592
2327
7750
7264
1696
-8013
-7991
3661
7496
-2788
-3327
-1719
4688
-4535
2087
6967
7059
-1627
6735
-5889
-4662
5199
2515
-1463
512
7801
1651
17
-4881
-4432
6733
6942
3060
737
3775
-116
3365
-6799
3593
1991
-3038
-439
7629
3220
-2828
8604
-8853
-8921
1834
-8544
-1684
216
-5084
7217
2610
1423
-6118
-9877
-9707
-1631
3711
-3490
1554
4869
-7869
-9015
-1479
3048
3012
-6374
-6909
-917
-3318
4224
8017
-3069
1901
-5888
-4929
2670
-7679
-8262
6342
-9238
3772
3806
-9200
-1276
7589
4038
8298
-231
-8859
-6291
3287
3190
4848
7634
-2872
6838
768
9558
-462
-9336
6554
1913
5817
-5266
9276
-1296
2456
-2889
-1741
-930
-3519
-883
9875
4291
6724
4547
-8749
8119
-235
-2792
2104
-8050
-9928
-2398
-9363
5644
-9133
-7215
-9135
-8845
7558
4568
194
6561
1121
8373
-5529
3341
9717
1306
-5858
5778
-2165
-8723
-1472
1522
4793
5003
8316
-7454
-1731
3244
8235
-118
-4684
8841
5513
9780
-1411
7604
9477
976
5225
8081
2731
883
168
8727
1259
-6853
-6046
-1166
2047
-7357
-1373
-9915
-3324
-8192
5941
-7025
2830
-1627
-484
3717
-9002
-7955
2723
-3522
5970
1528
2317
-2974
-2782
309
-7829
3217
-1325
8989
-9207
-579
8002
7640
-4638
2074
9274
-8508
2809
-1951
-4264
8007
592
3813
-6528
9795
9021
9523
6271
-5373
-9937
-1938
-1509
5231
-629
-2370
9035
3503
-7511
4734
-158
2776
2159
6603
8249
3526
-6998
-5512
3572
3795
8861
-3310
7127
-5018
-9265
-4435
-5130
-601
-3770
-2473
47
1798
-9559
-5095
-352
2405
-7748
-7103
-5302
-7774
8856
-3872
5570
3472
-1980
-6022
-2259
2249
-5965
-3622
-5006
4156
685
-6147
888
5410
6868
-2098
7869
-5033
9729
2899
4631
1298
3337
9445
5884
-9051
8231
9094
-3812
6678
-8810
-8144
2058
-1327
-2333
1145
-7110
8512
8918
5463
9282
-6925
-7480
-79
-9289
-4696
-9377
-7544
-3833
-1940
-210
-8710
3062
-2586
844
-8994
6236
1140
-4638
-7543
-1123
368
-6595
-8356
-9587
1194
-646
-2365
-1160
-6629
-1407
7531
6771
-7021
-9934
470
4644
-917
-13
-9070
9246
510
-8388
2056
-5108
7537
-6322
4170
-5173
902
4843
6717
7979
-6320
-4479
-2722
6531
5981
41
4761
1578
9505
29
7503
-2784
6932
-8735
6874
9560
2343
-7559
-5500
9728
-7032
-6645
5572
3368
-3531
2995
-4235
6588
5092
1634
-7243
-4598
-7426
-1255
7208
-2446
-2177
2134
-5208
-9549
2168
3588
-636
4771
7578
4504
-3138
8756
8237
-2579
6468
-3312
-5567
3310
-6688
-3832
-7480
-7339
2964
-1189
7924
7312
4616
-7948
-9440
2949
9449
8982
-7054
-5583
-4393
-4344
-2801
-7067
-6440
-7321
-1620
2795
3326
5473
-2788
-9820
7141
3639
3125
-3833
7347
-3851
-8654
-9018
-223
-9541
153
-824
-5757
-2294
7286
5167
-7954
-6110
-2019
1100
-1500
9574
-7416
4309
-9122
67
738
6941
-6423
-93
-4835
8883
-487
-9082
8962
7120
-4260
8627
-2633
-9273
-3298
-4719
-5897
-865
7520
5113
331
5857
4767
-8218
2698
7957
-7296
7592
2576
-6926
-6709
8630
-2061
7269
5491
-7758
-4853
-3595
2227
6887
-9055
-8242
3646
1806
-5825
-801
2762
-563
-2827
2228
311
2468
9672
9004
-8784
6682
6796
5213
-3882
-3823
-755
-4837
1453
3213
-5350
-6432
-6166
1959
3478
2277
3724
-3529
4128
6797
-7450
2810
6608
-8411
-8019
-96
-5404
2515
3242
6567
-5713
3336
7080
4675
-380
-4531
8462
-5282
-8797
9780
1480
5541
-6045
540
9290
1672
-5163
1129
8344
-789
9337
-9599
1215
1733
91
3860
-7084
2812
-541
-6406
2967
-5865
3860
-6342
9832
-9515
-1593
8762
-117
6375
-2621
-3442
8736
4190
-8376
-6620
-9866
2083
-3281
1550
-1075
9831
-3829
1887
-9130
-3493
-8834
-8200
6074
4085
2022
-1966
912
-2503
1173
2033
-6426
-950
5185
9364
3313
37
-1901
4243
-545
-6639
7065
-7008
2501
251
8874
3439
7384
-9450
-2880
45
4429
2501
-1637
2551
772
-6316
9239
4851
5595
2366
8030
6575
-7909
7329
8438
-3410
1922
-7906
-8264
1960
8719
-4180
-3292
3921
6563
-2715
-9125
-6546
-2155
-3645
8786
5439
5173
-2815
-1381
-4571
-6770
5827
31
-9956
8084
-5115
4534
5737
-8335
-3410
-8134
1999
-6968
-4118
-5111
7303
-6286
-5895
4626
2667
-8658
-7582
4381
1210
5788
7087
2605
-302
-5057
-5326
-1729
-3471
-6255
-9323
-3277
621
7699
4179
9497
7813
-985
-5971
-5848
-6434
263
-1145
6093
-6373
4008
8836
1708
-4953
-9239
3553
-2577
968
-6148
2209
2268
-5745
-4666
2773
-7235
-7654
-2489
7305
5162
-4954
1602
-8035
-5520
-6992
-8370
-3160
-6508
-6106
-896
662
2095
-5362
9541
442
-8744
-6586
1549
-650
4595
-1085
-4943
-7354
1990
207
2076
-5091
-8323
-4180
-7374
1809
3551
-6055
-3472
3347
-133
-3979
-6574
6341
-3560
-8852
-6543
4036
5137
-2032
5784
-6922
9672
1033
1599
392
-9063
-1017
-4482
4347
-1488
6003
3384
-2450
-5922
-2780
-9085
606
6443
-8469
7822
-9718
2135
468
-9578
6190
-4980
-1756
-4260
-4182
2585
-1453
9171
-7883
-2300
7510
4502
7943
-3595
-581
3069
-4799
-4689
4285
-7592
5299
-1123
-1495
-4917
-6133
7727
9629
3935
-6776
8964
4921
-1301
-8447
895
-6111
-6057
1759
-9610
-5429
2263
8420
-5275
-3807
9645
-7485
1633
3011
-7390
5063
5535
-1771
1329
-4373
-4554
4852
5321
-9085
-3931
-6575
6763
-9207
7165
6624
8971
-6997
-6375
-2841
465
-6716
9047
2788
-9907
-2363
-9475
1000
1827
9096
-1681
-9211
-8707
-1409
-8777
-5631
6558
1631
-2042
3530
-9625
-1877
5230
-7379
-6730
-4902
-7866
-713
7619
-4680
872
-4950
8676
1714
-3440
1504
2371
1811
8743
1537
6611
9662
3948
-3403
7060
9766
-7266
2802
8864
4558
5926
-3997
-4314
3631
5464
-3940
4602
-8363
-8505
-6915
5627
9103
562
7502
7024
-3077
-8548
1480
3101
9627
4078
4394
2833
9950
3857
4730
-4382
-9598
3438
5984
5271
393
-2947
-4277
9562
-3843
2225
-1227
501
1424
2431
55
-9562
9807
2261
-9610
-268
5712
-8533
2601
-4129
-9679
3336
-1368
-5676
8956
9582
486
4365
4847
9448
575
-8974
8745
1066
-7535
-8597
2598
-9540
-8809
-7863
-2024
8070
4056
-7760
-3418
-2422
500
8986
76
-4012
1901
-4278
-2451
1958
4437
-74
-7714
-5642
1072
2870
8238
-2409
-690
-6753
-6614
-1913
-4036
489
6397
9157
3048
737
6722
8553
-8842
304
-9455
7067
1081
-4879
1557
-7318
3532
-7280
796
1856
1070
-1611
4787
7493
-5160
3352
-9126
-6029
-1636
-3984
931
-4818
-2396
-3217
4410
5880
-8804
-9316
911
-8208
5703
-8641
-3388
5050
-9980
7007
3342
-7504
-4306
5395
-8955
-7919
-8603
2494
1331
8289
-1974
-9168
-6350
3724
-7022
901
61
6776
2070
6887
9384
-7695
3762
1877
-4814
-7758
7472
3184
4984
-506
-3055
861
-7892
2586
-3105
-7004
432
9889
2400
-8126
6808
8821
-685
9293
-7369
-5525
-1955
-8496
9743
-8232
-6810
1354
7042
3436
-4806
4883
862
4559
-974
-272
7838
4176
-3325
8919
-2037
8394
-6980
-2237
9465
5299
3902
3560
9234
-4523
-795
8409
4100
-4722
4156
4407
9637
-1470
-2125
5032
6037
1783
5113
-8873
8027
4232
-3639
3809
336
2577
354
7299
5255
35
-2154
-6769
-3646
321
3528
-3010
-9821
-3270
7968
5812
176
9320
7564
-32
-8813
-9963
3498
9813
4087
5411
7276
-6046
-7363
-4740
7330
2881
1967
5245
7632
883
-5564
-5122
-7278
-9202
6864
3964
7380
3647
-4178
-8057
-9184
-785
-4466
9385
8540
-3335
-6349
-8498
-2558
196
8241
229
-2132
2241
-2110
-2403
-4397
-4792
5892
-6870
-3433
3279
-5401
3664
-5314
6722
3748
-1611
-9472
6631
-5746
-5829
-3150
-9982
-5848
-3341
7652
-3814
4267
7629
6401
2708
4121
-1503
-7894
1677
6050
-6862
9889
-8548
-8045
7797
9340
-334
592
-7755
5840
6406
-6318
-7336
4104
7104
-8319
4504
7583
-8827
-1836
-5871
-1341
1147
3146
-9939
-5492
-7482
-1577
-9355
8581
6393
-8866
2597
4320
4199
733
7660
7958
3365
9753
7807
-6351
7952
4496
2149
-1704
7461
-4084
-2580
9321
-402
-1432
1717
1828
5943
-2787
6234
-3512
8401
-5352
4314
-5691
6881
-3374
8941
3752
2554
4068
7137
5899
-9525
-6041
2173
-164
-708
-4614
-7978
9707
-636
875
7963
-5249
-2788
9015
4873
-6102
5009
4398
5825
-8254
7677
-3495
-9484
8336
-138
-8660
-5965
-8273
-4362
-7060
-4965
5507
1944
5428
-2874
-5435
752
5255
-8629
7485
479
4308
-9514
4318
-5577
-7329
6017
-5095
8793
1223
7890
-6379
-491
-6804
6799
8702
5288
-4895
6139
7706
4916
-355
-5102
-4339
-9127
4784
4089
-2259
2120
7721
-9493
2790
6649
-5345
-5365
5622
-819
1955
-2984
3973
-6044
-8104
9759
5885
-8707
2415
589
-9224
7495
-7810
-5421
-990
3680
2844
-9624
8430
-87
7725
9607
9189
-6066
604
-9765
-6072
3939
-9941
-6252
9732
-6355
5273
-6358
6563
6461
7579
4041
-9682
8177
8216
-377
2259
240
-9397
-6881
-320
-1993
-4408
1522
1381
3293
-3060
2732
-7569
5811
280
-9527
-1530
-5386
-7739
1948
-6726
-3432
-4529
-5643
-2462
-9419
-2369
2699
1888
-5914
-447
-6499
6853
9199
-7342
-1138
1567
-8678
6485
-7734
191
-4503
4302
-9474
-2381
8006
-4747
-9025
1348
1554
5681
8412
-2835
6366
-4979
5298
-2051
9895
-5401
-4598
1184
-6542
-9537
-9822
-3579
232
7638
-5815
8782
208
-1233
40
-9570
3394
-2495
3709
7417
5449
3423
7993
-6481
-6391
6385
-5338
6092
-6469
-2397
4260
1714
342
-1103
4384
-4655
-9855
3598
3736
7502
3411
-7507
-503
-3813
-6254
9158
4049
4925
2870
-5944
-8479
-6197
-4705
-4981
-1426
7314
8372
4787
-2471
2139
-9246
-1897
-1581
-5664
9519
-2810
-4621
-1801
5603
-262
-2471
1512
6603
7790
-2024
-7443
-8592
2552
9397
3192
-243
-4206
-9490
910
-631
6136
3445
6434
4566
-1474
-6383
-6575
-7761
5388
-4105
9337
7709
2412
-160
-6311
257
4880
2237
-5253
2213
2203
2563
-3135
9158
419
7067
910
3585
9714
6072
9625
4572
5033
-3856
6777
-1746
2398
-4111
8800
2106
-3860
-6538
674
7522
-9588
8017
-7726
7196
-2406
-6233
5313
9801
4092
-5944
-5732
892
-7034
8099
-7263
-3145
7859
1437
-2804
-6337
7114
7994
-5179
1375
-8371
-935
-920
-7441
3024
-1565
-4216
-9855
2482
-1319
8774
3471
282
2960
20
9818
8019
2906
-6977
-4019
-4075
8459
-4159
9564
-4420
-9770
4239
-6354
-5690
746
-9566
-8449
-5790
-2343
-6977
7776
6742
5152
-7169
3192
7788
4685
2836
-6109
6173
6450
7354
-6741
249
-4329
-7314
8232
1339
-4126
5673
-3464
6715
2594
9585
5788
2639
-545
-5996
-3629
-4944
9566
-4741
2717
609
-4477
6620
-735
5859
862
4999
7284
-2100
-1465
9934
-671
-1614
-4800
-693
1239
-5312
9005
9263
6102
-5920
31
1219
-5191
-1501
-4978
-3376
-5366
-2765
3492
-5191
-7413
-979
4415
9942
-6344
1551
-4237
-8369
3313
-1693
-5994
9754
8047
-221
-9631
3333
8295
-9597
-6799
3247
-8765
1932
4962
-3041
-4118
-4570
-9957
-1535
-65
-9614
5722
-2433
7478
1850
2214
231
-8438
-5340
3098
-8184
-2009
8095
277
-3914
7520
828
5463
-4477
-5226
-374
-2114
4121
6360
827
4465
-7805
1819
-4325
550
-6745
1334
5186
2993
-5987
9224
-9265
4745
-653
7406
5952
4484
-6517
-2225
-7224
1735
-3928
-3523
-6481
-2327
-7406
-8175
8351
-9198
8664
-5654
6273
6290
-5939
-5012
-4313
4660
8813
1213
-4371
9443
-9824
-2426
387
-3990
-8366
-2717
-5047
8078
-8772
-94
-4507
-112
-537
666
-6399
-4080
-9368
-4172
561
-5069
-3863
675
9392
-9137
-1317
6619
-7786
-8620
-9369
5123
5188
308
6079
-6518
78
-5132
5971
5889
2674
844
9499
-8218
-95
6522
-6280
-5218
-6464
3245
-6668
-6809
-9897
-2955
882
4220
6966
245
-1133
8817
435
-4923
5820
8053
6016
-3521
-7676
7234
-6639
9879
9589
-4212
-8509
9840
2017
1042
5194
-4850
-1746
-6679
-1805
6536
-4513
7418
3943
-7590
-3161
-9441
-286
-6824
-3462
-375
6198
5016
-727
7197
6506
2092
7445
-8372
-1522
-1805
2859
-3530
-2312
661
7690
-2203
-8715
522
3675
4286
3484
-1359
9137
9376
5410
-881
9956
8537
1822
9640
7572
-2322
4538
5889
-3700
-722
9052
-1525
6291
-6567
-6230
-2834
-6828
7412
-6721
7617
-2959
-7570
-6364
5818
2854
9247
-9913
-2280
8733
-464
952
8455
76
7957
7889
-9288
-5636
-614
7583
4176
7868
-5769
-436
7893
-3244
110
9442
8779
6329
6637
1488
-4349
7456
-3750
-7184
3525
-4551
3901
1440
-6207
3235
-4577
-8294
7831
3774
5913
6063
8151
1028
6577
-1251
8284
9235
3259
3564
-1869
-7417
9868
-8481
7143
-2931
-2815
7301
1650
8295
-787
5043
8507
8812
-8202
5159
-9684
1246
-4943
-4410
1546
-7876
-3017
4999
-6362
1973
-498
7360
4300
-5399
740
8323
7148
6430
3769
-3652
9371
-8660
-9491
-9897
-4957
-3479
-1066
-8717
-8873
-2373
3689
9884
-4691
-5583
2939
3894
4561
3611
7934
5899
-3121
3921
-753
-3613
-588
2698
5217
1078
-6150
9399
5894
1934
-5998
6877
-1080
1613
-1564
-2984
2886
703
4848
-2507
-2961
-4269
2421
-6012
-5527
3630
311
-9874
-7205
-9880
1423
2280
6540
2492
-7103
1444
258
-2953
-9189
5449
9214
-1075
-3237
-8631
-3549
-6546
2669
-2741
-7999
4657
5930
9960
6082
9584
-3890
-3305
4165
-9822
-58
-8940
-7206
5867
-2070
7504
9118
-8279
-6632
-620
8336
8082
3408
840
139
5273
3704
-807
-6846
-3626
-9421
-7160
8430
9356
4472
5120
1775
-7695
2186
-3012
-6840
-2480
1576
1683
-1998
4114
4915
4290
-9504
2129
1195
-5236
2296
-4673
-8819
-5457
8480
-9143
-167
7039
-2552
-922
1719
-9859
-5727
-8381
-5026
-455
4247
-587
-4915
-706
3718
3572
8076
6976
-9465
-9261
-6244
-7149
-466
-9123
-7051
-3693
2048
9016
-4863
-3578
-3207
6818
5844
-669
9717
1036
3261
-3934
-2390
7910
-4774
-8464
9554
-4567
6940
-1354
-5772
5116
-387
-1751
8571
988
6104
9387
-2094
8251
-7762
-5249
3811
3222
-601
-4529
8124
7541
-3840
8372
-3995
7474
987
9634
-7871
-7170
7404
8853
-6421
894
-6239
4781
-2061
-1643
9298
9575
-5297
-6111
8780
6317
360
-1462
-388
-2712
-1828
5072
1945
4204
-8366
9138
6794
3713
-2470
-7636
-8215
-9282
3667
8862
-6514
4796
5641
-2206
3964
9607
-2621
36
9700
194
7988
-2294
731
2477
3408
-9109
-7305
-6720
1953
-5373
-4581
-5418
1470
-8548
-2597
2399
-6637
8595
1953
6836
-8294
6940
-5536
5494
-54
-1691
7498
963
-1322
-5897
-5509
7588
-404
416
6685
3286
-1729
4759
-8040
1502
-2139
-9753
3173
-5257
8424
6364
-7907
9961
7157
-3388
-9263
7544
-9267
-8861
127
6630
-8208
-8576
1924
-2164
6484
-5724
32
-4869
-6147
3384
-5972
-5580
-5856
-6029
-4825
6177
5093
6350
-6876
6908
7695
1389
-6021
-134
-6032
7449
7374
-9806
6986
832
-9586
6144
4195
7961
-5656
5675
9963
-2820
-2752
-2972
-1446
-7333
-346
-2221
-5823
-6614
863
6173
4425
-4408
8134
5607
6820
-8838
5593
-4378
-3969
-6589
941
-4139
-9401
-9026
-1648
-5697
-6305
4189
7819
-9117
6545
-9355
6796
-5093
-8320
-3813
5718
6106
-8168
5029
1060
-2624
4776
7433
-9626
-3599
-3088
-7320
-1410
8966
7745
9396
-7520
-2296
-9610
1775
-3794
2016
-8128
-2239
6149
-8472
302
5748
8470
-5505
5948
7628
8516
7206
7459
5995
7247
1027
-9877
4907
3493
-2606
6185
1778
-6401
-825
-8780
-9339
404
-512
1979
-1721
-5569
1752
3109
-1989
8108
-8551
1671
-8140
9285
2552
-2786
4527
6028
4169
-2305
6824
-1225
7263
6812
6133
-2926
6406
9690
-6720
2105
5672
-5158
-4699
-5111
8731
1784
1823
-6449
-9720
-7791
4841
-9646
6353
-6642
-1458
1288
-3919
-2807
-2311
559
-877
9473
-7594
-3407
-4244
5193
7403
-6753
9866
1674
2488
-9852
6046
7285
-5724
3386
6506
7814
635
9460
5589
-2295
-3069
8586
7808
172
3487
8709
-4108
5190
-843
-382
3386
-7664
-8573
6027
6142
2331
-3562
2517
806
-5778
-7449
6838
1824
4787
3459
-5218
-8092
-5252
-8972
3151
-5043
-435
-6386
-6467
5143
-1106
-442
9704
-7270
4026
-170
3426
-5718
-2544
2096
7836
-6833
8424
7647
4076
3653
-5032
-3205
9379
2968
-1481
-7373
329
3950
4623
-9486
2931
-1835
5337
-5364
-4402
9822
-1766
-9143
2518
7816
6667
-2840
8211
-348
8000
8062
-5610
-5573
654
3267
4734
9151
-4263
300
7560
-1494
-9635
2645
2506
-9261
-6809
7666
6331
7662
-3432
7700
-8032
-5031
-4922
5356
3580
-5952
-693
-8050
5262
-1719
8403
-5209
-5936
6544
7592
2731
-7058
-8989
171
-9620
-5345
1754
2201
-706
-2688
-2338
-6450
-4854
-8612
-8913
1184
-7275
-6695
5990
-295
-5246
7833
-9665
3539
4888
-8245
-2789
-3873
1794
6376
5930
-6130
-7935
2425
-286
4067
-6194
5366
-3282
5663
-4736
3651
-7975
7319
241
9581
9772
-9550
-7939
-9858
5815
8227
9595
-1339
-1480
-770
-9069
1741
9123
-3473
-7142
-934
-6505
1571
8538
-666
-8732
1172
-6632
-4354
6756
-3063
-487
3315
-4130
9847
3616
6702
-8812
9065
1306
1640
7339
-8698
-9189
2464
-7319
8718
973
1526
2353
9054
2467
3620
-5808
6899
8407
-5553
-9742
8117
5965
-9075
3565
-3849
-7705
-5202
8160
-2343
-4603
4194
-3667
-6269
5734
-6723
9847
2128
9404
3504
1040
9106
948
-2934
-8010
7132
-7083
5792
1254
2940
2780
6209
-2609
-6462
5000
-9666
8738
3592
4207
-7099
-1083
-1361
7864
-5569
4798
-1648
7990
2849
4305
-7706
9853
-9576
-1558
-6453
7992
-5317
-5594
-1431
5431
7746
8275
-2813
1997
712
-6725
4962
5826
6860
-6546
-8338
6130
-5124
-5417
3615
827
-9413
-5600
-2905
9091
-7177
-8993
-1721
4731
4977
-4140
-8769
608
20
-7328
5882
3773
-5991
1739
1372
-1398
8272
-9452
-3385
-727
-8213
-1020
2149
-7827
4329
-8692
-3553
-8951
2741
-3633
7805
2139
3376
3696
-9165
7155
5882
-2815
7596
576
65
5605
7264
-3981
1663
2261
6980
-2658
-9094
157
938
8106
-2967
3637
-1803
8796
4445
4706
5832
-9765
-9284
-820
8818
9356
8158
6174
4763
3595
-915
4507
3554
-6512
3327
-554
-28
7368
-6153
370
8148
253
-3757
-7138
7615
1787
-7283
9249
-6414
-8319
2689
-1238
-8830
-1898
-7129
8011
-343
-7881
8263
-2797
9034
6142
-4882
965
3837
-2405
4615
1701
-2330
2528
8812
9754
-2709
4236
4549
-8798
4229
8650
6006
-2718
-8511
4083
8235
3166
-9129
5604
825
-3503
98
-3750
-8215
-99
-6020
-286
8896
-932
4180
-4821
7415
-7151
5507
3784
-8984
1361
772
8354
3417
-9889
1315
975
3960
8646
-6149
-1138
7734
4917
-8838
-4213
-684
7408
-2660
-1878
1513
-4547
-4478
9602
-1047
6593
490
657
5301
-3695
-50
9920
4984
-3322
-7941
1984
8323
1488
-9516
-9694
4423
-9068
6536
-2600
-8458
6948
3298
4631
6330
3721
9337
-7056
-8711
-5010
6334
2025
-2329
-3237
-6626
7042
-5173
-3259
209
-9834
-6359
-9212
5684
-1852
-7892
-3336
8393
-6564
-4948
9875
8547
5995
4313
-6643
-3275
-6258
-3194
-6363
9666
7046
-8129
1358
700
-7273
-8857
-2865
-828
2720
-5305
-6210
-8534
-6896
-9595
-8778
-2858
348
-1452
5547
-6263
5514
9512
-9878
-2506
3352
731
2150
-9642
-7563
-4703
7630
-3587
-1556
2677
5619
-1874
1145
-5565
7750
-2863
-3400
3626
-6799
-5886
1822
4340
-1369
-716
-7402
6402
3369
2596
180
-7601
-6132
6743
6118
9523
-6642
-186
1769
-5391
5709
-8882
-5750
5912
7521
8328
-3266
3018
-7440
5754
-9920
-5358
719
-9831
-1525
1992
-1617
-3451
-8653
-2052
-9976
4105
-7439
-2608
710
855
-7686
-9077
9535
7658
-9849
-1709
-4343
-9220
5233
3798
541
754
3179
-3041
4126
6237
97
7756
1665
2845
-4980
-5197
4698
-5414
-393
7842
-245
-5185
5096
-1206
-8728
4457
-89
6311
440
6038
6762
4597
5493
-797
-6303
9617
7357
-5312
7310
-185
7556
9302
-771
-7753
-7019
8517
-5418
3963
-172
-3537
4452
-1474
400
-5365
4779
-8943
756
-7502
5170
1612
-5225
9155
7412
-6581
7387
-69
5647
3903
-9362
665
5165
128
3747
9665
9045
-7325
2139
-241
692
5843
-169
2850
-5684
-2063
2037
-1556
2193
-6632
-4761
-4233
-5020
-4049
8126
-2016
-6211
-6377
1177
1425
-5006
-1420
-2225
37
3192
-5320
-1151
3689
9179
651
1483
-5125
-709
-8098
4235
-7558
8336
7660
-2203
6004
446
-9990
474
9667
-7019
-3709
-8996
-7779
-4641
1113
-8308
-210
1821
8062
-5411
-198
2706
-2184
-6953
-6133
-8137
5717
-2682
-9523
-589
2074
3341
-4144
5705
-3719
-3309
2292
-2650
-5671
3811
477
-6922
4642
8313
4568
1310
4440
1484
-8330
-7005
-4574
-8277
-738
9335
8130
6968
4240
-9784
-2577
6238
3917
-7878
-8775
2711
8455
6593
8173
-1562
7967
-73
-3007
1672
-7281
-2291
-2137
-7133
7524
2094
922
3083
-2647
222
1739
-3284
2259
-4488
4636
8749
1957
5192
-6654
-7201
-2191
-6425
3042
-3370
7174
-6445
8454
-4930
5097
-340
-649
6262
-7600
7621
4780
6000
-7893
6009
4030
-5774
-1054
5552
-4003
-6689
-5056
1274
-2250
1976
-5944
-6424
-8759
-8731
6747
-4033
-1159
-2843
2584
9201
1291
4313
8076
-9776
-8824
-3578
7707
3387
2769
-6108
-448
-7730
7994
-547
8478
-5638
2205
8852
9107
4717
8745
-5485
1922
9342
1483
199
-9464
-8041
8998
-2815
1067
4664
2920
-4480
-5257
-9260
4486
9359
-9968
-7882
789
-178
6806
9212
2064
-6733
2978
5654
4976
8306
9834
510
4393
9896
6585
694
-6970
-8380
-4742
7798
3650
4055
-8824
-9669
6002
5711
145
7787
311
5029
2893
-3717
3
8479
-4636
-1804
7436
-3316
-9088
-2245
6734
-3528
1336
1641
116
4268
8161
8637
5926
-8141
-7149
8739
1801
8648
2137
-9873
-3344
2012
4124
-5457
9808
260
-7431
3177
7820
-891
1593
905
7458
-1642
8782
-958
5926
-6506
-2193
-9358
-2734
1119
4978
2497
-9792
4746
3688
8592
-9315
-9662
-1417
-3122
5063
-7086
3372
7990
-738
2102
-7763
4041
-1617
806
4680
6868
-6717
3748
1231
3628
4856
-4144
4913
-6238
6487
3500
-4106
-2266
-2661
8256
-4752
1866
-9606
9657
4235
2288
-1903
3847
1200
3631
7503
-5773
-2431
-915
7347
-7749
-5694
3842
-1345
9872
7337
4065
8994
-9777
4286
7945
2952
5480
-2042
3177
4864
-6901
2343
6624
1997
-9694
-3457
-7211
1347
-6065
4093
-7943
-4168
-4253
7456
-4226
-1652
-414
5012
9261
-5258
-2649
-7992
-8476
8120
-9063
-4216
-1637
-7006
5966
5846
3886
7777
8
4576
9155
3089
-222
-6890
-7238
3016
-7158
-7614
-4462
8159
-444
118
7579
4457
-2300
3150
-9440
7292
3828
2770
-4540
6762
9519
3228
7775
6746
-2201
-7632
7095
-283
2205
3234
-1834
6453
8427
9675
-2503
5535
4458
-7121
9324
-2424
3734
-5747
3807
-2708
-3694
404
-9103
-6578
-5665
-3825
1333
6704
-109
3686
3638
-5169
9429
-2249
-4023
7348
-2044
-6119
-7735
6295
-6662
-2443
7455
-2691
5861
4337
-8124
-8348
-3837
-9779
7462
-7611
539
-5577
-2443
-3717
4043
-5467
-5506
1696
-4752
5926
9713
5400
-2621
-8716
4338
212
-8476
-1938
-6750
-4783
3555
-1737
-3479
3662
-9715
5735
-8494
2209
8477
-7640
556
6123
-5344
-4513
-9176
9167
-2443
-8537
4870
-6435
154
-9049
-5331
1118
-5964
-7946
-6423
-5438
-9919
6106
-6133
-9399
7345
-6147
-8413
3977
-6315
-2471
6626
9416
8389
7812
3913
-7460
-2216
3694
-3221
-5705
-1296
9058
6918
1445
8924
-5345
-55
1003
-5808
-3003
4454
-5766
-4650
-6697
-769
5996
-7480
-1265
1087
-6527
-4352
7043
7986
6519
9825
-628
-7734
1209
8496
-3938
-5600
9288
-4742
-1162
-4348
3985
8531
-2834
-6855
-9927
4094
814
7458
-4825
-4929
138
-7882
5586
340
1936
-7286
7591
-5138
-3736
2104
3256
-5248
9614
51
-393
-3245
-5315
1325
-9100
1020
9350
-9068
-6335
-3047
-4766
-2079
-6728
-1533
4432
-5936
3994
-8917
1712
-1711
6836
-9918
6812
-1335
1683
-358
-4166
-9177
-916
-5981
8802
-2552
-54
-3312
-5454
-6330
4403
9945
-5966
4009
-2764
1939
-7954
87
388
-2393
6668
7556
-9510
2955
-9351
-7047
8435
-4450
5925
9380
-7802
-2361
3528
291
4405
8539
5035
1684
3272
-9090
2181
5744
4830
744
-4172
9293
-193
-3397
7322
3281
6883
9282
-738
9976
-223
4118
5688
7812
4238
3763
-1725
7861
102
3535
7587
-6989
-6678
9909
-1253
542
-7351
-4472
1766
8798
-1468
9395
-3381
5537
8420
2729
6191
7069
-5479
7574
6875
-8838
1705
-7138
4926
2509
7920
-4219
-4908
8334
-2009
5224
-7204
1721
4165
-9744
4310
-603
393
-7296
8213
1526
-7048
-3712
-16
-5775
-5084
9855
-9798
-5958
1337
3213
-8590
2672
2284
7014
6789
-5705
5246
-6403
173
-8501
-5256
-4700
7445
1156
-9512
5207
4632
-6952
-5569
-6029
-7339
-341
8534
5679
4092
-935
-1588
6378
-8364
16
-3142
-3413
1578
8958
-5148
5977
-8255
2940
511
-3645
9962
4072
1375
-2361
-10000
1470
2124
-2849
1864
-7737
5244
858
-9858
3018
-4362
-7155
5500
3403
-8521
-6163
-9451
-9990
3281
8628
-1442
73
449
5345
-3750
9185
-5354
4823
-6676
642
-146
1334
-1399
-5546
3784
-4872
7233
2604
-9386
-3635
2648
-5855
-5964
7193
912
-4465
-5083
-7761
1721
-8777
-1462
3053
-4776
-9654
-2272
7626
9123
3055
5384
-2938
9219
-799
-2042
5444
-2109
8155
322
-3235
3516
3451
-4121
6902
-6413
-4877
6109
-4751
-2942
5496
4996
-9344
2249
-8207
2705
-6713
-6190
7948
3754
1048
-5945
-8187
2556
9829
-2493
-6860
-3489
7401
-7043
2656
-4133
-877
7186
-8845
-7587
-4709
3229
8775
-8899
-5281
-1948
-5244
-7775
8890
1746
-6295
-304
2996
-3347
-4300
-2976
1064
411
8352
2685
-1580
-9867
6974
9840
4303
-3702
7945
-6700
-7430
8638
5304
-3376
3785
-6351
-176
4024
3633
-8942
2105
2427
-5117
3195
-3995
7984
2641
-3799
-931
-8980
-8592
-4762
6284
-5139
2304
1066
-913
-394
-2990
9838
6948
-2950
165
4269
2093
-5874
-9146
2905
-5352
-6412
9689
7013
3609
-7136
1224
-262
84
-4142
4955
6681
2095
2183
2235
9832
2139
-9835
923
-9251
-3521
-6281
1059
-3331
9188
6533
6022
4069
-5817
-7472
-1490
-4119
6482
-537
-4352
-1670
3530
-5061
-6018
-3286
-8385
-9664
-9138
-7880
-5433
6951
7118
5385
7175
7606
-4557
1790
1572
8169
-4132
2779
9180
-8344
7233
-387
-5118
-7014
4033
58
6785
9068
8927
-888
7901
-9035
7647
-2491
-712
1345
-9124
-9311
5731
5647
1692
3717
2787
-9777
3681
-7274
4980
2582
2175
-8565
-5612
-5843
4264
-5945
4998
-3712
2490
5813
-3517
-8740
8500
-8949
5014
-3300
7789
-8291
37
3187
-4388
2542
-2504
2844
-7118
1791
-6009
3789
-5657
2063
5994
-7858
2326
-2779
-4445
-7956
8827
-436
4625
1502
-283
718
-9028
526
-2383
-4549
-6298
3592
3448
-1497
-7365
513
-6019
-9964
-9622
2530
2641
-6324
3373
7124
9857
4444
-5971
-8826
1933
-1363
-6438
-2408
5015
1233
9775
-7734
7535
-7043
3639
2849
715
9453
-8325
-8320
-5477
-1631
5839
-6683
8253
-9163
-5400
-4444
-6871
2642
2240
5234
-5872
-6846
-8651
1141
-6076
6822
6967
9377
3547
7278
7627
7057
2262
-1911
-2280
441
461
7185
1834
-1061
-3428
-8353
718
3973
-6541
23
689
-9802
5055
7361
7757
-1844
-302
238
3801
7689
2195
-4014
8509
-6466
-5772
-6101
-5600
8057
2599
2868
8414
4005
2809
-4623
4082
-7056
-5602
7523
1869
6374
3942
9512
8497
-5189
-4544
-6112
5356
-4808
-6110
-902
9990
5322
5250
-4924
6748
-4337
7710
-8829
-4129
-9001
474
94
7992
-5633
-2539
-4545
9885
-6520
-8656
-1086
2755
-4688
4766
-566
2300
3716
89
-8460
5901
6336
8185
-5939
22
-549
-2033
-653
1782
-2529
2327
1755
3645
-4266
-3324
-4566
-8853
631
-2746
-2242
-3474
881
5978
6482
-5586
2461
8367
-9243
-7219
107
-4726
-6129
-6268
4693
539
-4752
9430
-8955
5157
-9366
-4084
9051
1870
-3867
257
5792
-6255
7628
-9970
5187
-5661
1982
-3919
-4171
-4566
-3846
-3755
1004
-7497
9473
-7358
-8035
7304
-5083
-3211
3816
-575
9895
-8257
1168
7397
-9910
-7575
2481
7260
9002
6188
-284
-9402
-2957
4100
-8283
-1621
457
3373
-3762
-6239
-2731
8614
6600
7230
-1429
-7900
-4417
-4966
8965
-1993
-2862
-8147
7224
231
-4519
-6987
-8358
7479
-7170
-9342
7166
2820
-2001
-7043
5621
-5760
-5761
-2952
-2335
4731
5116
6229
-7114
-2880
1739
-9434
-3299
9646
9441
-2753
-5413
-5897
-7102
1171
-7333
-7394
-8234
3707
4021
6897
797
4155
-2574
-4840
5750
-812
-8228
1255
4104
-1093
-4122
-4077
-4785
-5610
7308
8003
-7435
6148
-4279
1636
3394
-3314
124
9142
-2438
-1132
2737
8897
-1208
-5232
-4457
-44
6591
3590
-327
-5462
9274
6805
466
-7629
8488
-9907
-4864
-1555
3770
-4954
2631
4314
-8200
-2455
-2795
9264
8124
-244
-2927
-2375
4040
5373
7706
7043
-1284
-9925
-5438
1450
6490
-804
214
-8492
-3690
-4295
6622
-5449
5578
-1649
-6995
9462
8011
-6553
-9400
5050
9074
-2581
7402
8993
4764
4135
1186
1175
-7535
-1718
-2926
-1968
8530
3740
-2640
8828
1142
-9198
7587
-5825
2615
-5679
-7032
-9718
806
-508
-9608
8911
-8860
8234
1411
-8943
-4282
-5740
-6906
8931
-9399
3033
60
3344
7708
-2504
7949
8377
9222
5280
-221
579
-9139
6920
-3456
378
1683
167
-3283
4623
-6409
5045
7840
-4589
-9633
991
-1949
5405
-9825
8126
5200
-8549
2949
-7549
9293
392
-800
-3058
3465
7227
-7062
6769
-4806
5949
4629
9041
5985
8833
-6325
-7355
-9099
-9654
8791
-66
1973
-5575
-6135
4645
8936
-1188
-2124
-6553
-6563
-9773
1453
-2302
1394
-3807
-9404
-9417
-6652
-5765
-8355
-9518
5551
4256
-8757
-6003
-8081
-7863
-6025
180
-7113
-29
-6578
-9689
7126
-9276
362
9159
-3941
608
-7089
4588
1488
-4743
612
-3763
5680
4223
2423
-4276
7709
-4683
4003
-4634
6025
2754
9587
5479
-558
2131
-2330
-4028
2710
-6448
6974
-8947
-9896
5571
-3645
-2596
6737
1713
-4235
-9470
-5222
5888
-7926
7552
-7559
-4148
-8699
-5805
-6072
-1228
-3735
-8135
7208
-1501
-167
6564
6183
-6106
2222
131
-3867
8372
-8937
-453
5216
-5355
6908
-988
-6154
-6316
-8274
-2480
8315
6668
5269
1756
6131
-100
1010
6456
-8148
1240
3840
9028
-420
-7072
-2240
-359
-2580
5073
7422
-8586
5760
-7189
9053
6118
-3302
701
-6410
2158
519
-5769
-2917
8814
-7051
4906
-6217
1297
7680
-4360
3671
-6524
-151
-7424
799
3059
6894
8504
6516
-2831
-2320
2839
-5787
7910
-7961
6665
987
2888
-9020
3890
-5912
-385
9
2838
-6768
1789
-3255
-8089
9976
-3361
-2808
-3835
-4218
4741
-5592
-9871
949
524
5269
-5108
1460
-1034
9068
-8668
8574
-9759
2988
-6251
5490
-2789
515
6710
6210
684
4598
9834
6320
7606
-1901
2987
-3619
188
-8591
1243
-3647
4590
1602
3162
-526
4165
6745
9921
-5938
-9803
9489
-353
-4844
-3023
1111
9499
-3322
-8617
3540
8385
4865
6281
9838
-7766
9255
489
-1946
-8830
1953
-533
-6086
-2781
-8982
8875
-1369
-5959
2533
-3263
-2625
-865
4458
-1910
-3757
-6763
-4228
7671
-1148
-4018
-676
2366
7522
5779
5610
-6540
-8985
6105
3696
-297
-8920
3375
1595
5304
-8582
1114
4342
5093
-6784
5094
-8681
2162
1619
-3092
-1055
-5813
-9974
2463
6747
-1868
4727
7933
8232
6704
-3922
2136
4997
8681
227
1183
7716
-9405
7796
5539
2603
7955
9380
-609
-3710
5808
-2464
-7857
-6040
7173
-9856
-7453
-7378
-3881
6728
-5302
4937
4783
6147
2117
1420
-6239
3690
7484
7508
-592
-5995
-1409
7973
4051
8051
7494
2331
-2639
2261
-6165
1070
1361
-9276
1950
4209
8509
-6789
3382
9689
9253
9813
8655
-9520
2455
1436
9596
5740
7525
8978
-591
-2261
-9215
-1349
-5482
-9228
-7986
-4346
7492
7253
-1777
-5737
5138
1931
255
5052
-4681
-1644
-6224
-4941
-5444
6745
-8505
9940
-7658
-2109
-2586
-3944
6245
-5900
8248
296
-3940
1600
-7726
5956
-6186
-8284
7977
3313
-1942
8514
-5811
2471
3313
6314
1585
4355
7689
-8335
7641
-776
1435
-9077
6969
-2093
5349
-104
5969
-7524
-5883
-5237
-37
9652
1755
3536
-7517
5019
-2979
4721
1299
7073
5168
-8167
7761
7639
9542
6613
4309
-1949
-8058
8662
8134
-6986
3384
-5426
-665
4050
-2780
-7942
436
-4856
-9246
-6135
-2848
8134
-4726
-9117
-5889
9301
6840
449
-1290
2852
-8080
3836
8510
9287
-7551
-6731
-5937
3182
-5731
7974
1193
-7167
3885
8136
5412
9128
-4894
4313
4016
9948
-8298
9002
-5269
-3382
-1200
-8858
4698
-1976
-8615
-414
4683
-9984
-7958
-3293
7588
-5551
-3570
9466
6639
4002
-2015
-2971
691
-6019
-7604
-1883
4920
9835
1988
7087
4894
8512
7381
-3140
-6933
-1644
-7201
9165
6065
6149
-1500
8181
1207
3362
-7434
3177
-3558
-4036
-6424
1811
8434
8842
1300
1970
-1694
614
-1431
8813
-1964
377
-8101
-7843
9889
-7929
8476
-7977
3167
7088
-1838
3096
-1944
-8374
-2375
-9035
268
3592
-4742
-7923
4948
7730
1691
-8809
8601
7030
-9186
-8236
-8874
6846
8250
-2627
-6657
-6074
-4920
4722
9740
-437
-1098
7521
8319
-4759
-6009
394
-7413
-4814
-9244
-1761
-6617
-3053
-1177
-3360
5393
5088
-4112
-8886
5548
-6576
1532
8499
-8292
6495
1633
1291
1096
7207
5121
5823
-8228
-5464
2935
1687
-5161
4898
8443
-1594
-3026
8740
-41
1843
-1760
-1493
-9097
4100
9979
1912
-5535
-1077
7410
2615
4616
-4189
9318
-4331
3879
-6911
3555
5476
5483
5106
-3733
3935
5290
-7466
-177
-9244
2532
-63
7925
3843
-1772
6956
-9355
6063
-7250
-7437
9949
3185
545
759
8544
2838
-6802
8883
9130
-8137
6601
-5077
6831
-3427
-7980
-3269
-1078
-7866
9468
-6623
6027
-233
9246
-8596
-557
3955
-547
3125
-5751
-6286
-1827
-5082
-7477
9845
5112
5714
5974
-4230
1947
7724
-3199
-2014
5638
-3469
-6419
5253
8396
8266
-3574
9450
-3976
-498
-175
8871
-1276
-8668
-8398
6852
-8745
4163
-9294
-4144
8933
9579
7936
-4882
-3337
9502
-1574
-8835
6111
-3595
-1013
554
-3612
4193
-6148
2558
5083
-8460
-467
7498
-4805
4570
7320
-3675
2642
5799
8963
-7834
-190
9157
-4851
643
3907
-9839
-3032
-7934
3058
-1373
-7347
-9598
4120
4434
6871
2015
3818
-2417
-2808
1260
6694
-3614
-4994
-3315
4187
832
3568
3386
-6309
9653
9551
2801
8267
-9375
2210
4802
8717
1446
4108
7819
-4761
-7137
4746
-8252
-30
443
1532
2793
-6245
-7892
553
-338
3059
-4664
1668
9494
-7116
-6198
8833
7425
-5807
8362
1154
6506
-6644
-1141
7463
-3615
2381
-5293
-7781
-2929
8533
-9866
7447
-8003
35
4261
-5666
-5997
-8219
607
286
-9844
1342
-192
-6037
-2323
-9872
3461
8752
-3619
1777
-4141
7035
-7448
7044
9527
-2120
8706
-5279
5279
-8828
-1656
-1992
6467
3542
5128
4408
9964
-8227
-7463
-2104
-5525
3724
2201
-304
-5392
-857
8446
2060
-9953
3559
-5343
8844
-2329
-3380
-327
-7401
3458
5348
5999
734
7988
9160
-2892
3616
1813
-2898
-1207
8895
-3698
-5587
278
-6561
5851
1164
-4069
-8844
3573
6581
-1123
-5151
6915
6120
-3961
-2420
6489
-2461
-4927
5550
-2988
-2484
-1665
-7585
8315
3969
-3113
-8
-7078
8963
494
7773
9543
-1732
-2057
-1394
1400
-8917
909
8286
-8108
-4706
-7875
-2205
4720
-5099
-50
-5654
-4935
3490
9720
7185
1151
3340
-9763
5575
-602
-4236
-324
1966
9125
3559
1391
5178
3634
1495
-1890
-3546
-6706
2510
7807
7087
-8323
5514
-2944
7710
2866
5571
2738
7249
-6870
1967
4822
-3225
-2570
7323
5491
5567
9407
-3387
5494
-6573
-2159
-9459
5241
9377
5944
4138
7860
6781
-4912
3495
4715
6630
-4890
-8197
-6303
609
-9312
5100
-1449
-9194
-3843
362
6242
3533
4012
9837
8743
9858
3958
-3491
-371
9504
3004
6894
-9898
-5237
1746
-5411
4498
8348
6865
-3273
9804
9669
9267
-9146
4999
-5483
4027
3882
3776
-4735
-7558
-9530
-3830
1653
-5168
918
-3900
2123
1008
8634
-4282
-7998
-9906
7463
-8282
-6412
8057
4191
-5634
-9577
8671
-1478
434
-8611
-786
-4362
-7143
-903
8158
5487
9621
-9575
-2286
-1120
3073
7011
-9561
3902
-9503
6832
6873
-9040
-2087
-2930
5287
-1842
1812
-1572
8867
5182
-7585
5214
-2968
-6913
-7558
5929
-3642
-3670
-889
7654
-9702
-5982
2888
-3008
-2013
-8780
-7115
7803
9394
-2363
-949
-2631
-1680
1726
-117
4165
-5447
-9772
7122
8682
-9535
-1148
9036
9276
-1080
2385
3002
822
9895
-6708
4824
-5569
-6711
-7173
3559
-5390
-1384
-6680
-9204
-7728
5923
-5895
-3059
3103
5027
7881
8888
-5228
6980
2749
-3963
-7125
9882
-2058
-2832
4605
1348
9728
1138
6914
2326
-2552
-8971
9398
-6209
-988
9499
-7124
8059
4410
8895
-8439
3930
9234
1832
-7249
2296
2491
529
838
5383
-9540
6085
9814
1865
-4780
-5014
-9657
-7700
57
-5888
-6705
-7650
-7808
-3446
1987
-8233
-6688
-8538
-9272
3070
-2097
8619
126
1250
6672
6990
-9784
-4764
-9868
-6265
-4121
4377
4287
8107
-4898
4985
4569
-5059
-2701
-7902
7445
5685
9406
-1756
20
3797
2151
-8414
-7458
-9151
5283
3140
4448
8925
118
4969
7229
-1536
-2226
-8830
5617
2680
-7860
-9439
-1507
-7238
-3498
-1234
5101
7919
9639
-8031
-6307
-9267
-6830
4892
5930
-6425
5422
2574
-4683
-3646
-7262
7621
766
5388
5057
8249
4241
-201
-1300
-4861
2952
9968
-8789
-4949
8517
-1753
6040
-5825
6589
-6444
4916
2118
-2161
-2319
-3974
-6791
-929
939
-6072
-2784
1830
-1037
130
4094
3189
2246
3779
9126
3375
-2407
-4041
-1251
6752
-2989
-5045
7629
9779
-2291
6927
-1835
-6845
-9014
-1596
-7546
-6514
-2303
-9691
219
-9233
194
-5805
-4158
-9232
-9412
-8662
4805
-6890
3537
-3962
-9117
-5223
-4468
2679
-3340
1869
4799
2000
9005
5590
-6026
6620
-9509
-6505
3545
-3643
-9666
-9844
159
-4302
-2404
-1973
9419
3792
2129
-2076
-6892
-749
9263
-3111
6298
5309
7419
5286
3860
8380
8057
8617
3982
-7239
548
-9603
-3977
2616
3977
3077
5647
-6859
-9837
8724
-2258
-8680
4844
7592
4601
-1172
-4623
3111
-2200
-5633
6721
3798
-4562
-2376
4379
3204
-6119
-5822
2037
-691
-9333
-4150
-5173
5809
-7948
7755
7008
-9164
-3359
-7307
-5409
-3235
2979
697
3092
-6863
-4117
-4228
-7688
-1513
-5729
5878
-3592
7094
-231
-365
9054
-9858
-9556
48
4625
-1676
-4998
4503
-1675
2302
-8382
-4336
-9117
-9179
-9001
-3225
8259
-7041
3382
-8177
8088
5224
-5011
-6122
-8651
-4826
6301
-390
8217
-3955
9237
1125
-5523
-3227
-3607
-7628
-7090
-1811
-1665
8600
-525
364
-3604
-7341
-3566
-1762
-3985
-9282
3204
-3716
-5084
758
-5769
4040
127
7122
-6559
-6248
4743
-7202
9650
2235
7976
6492
7795
-9083
-4679
8838
3886
6301
6923
3180
-9897
6370
-6254
7287
-180
-2138
462
-2489
-2219
-9094
4281
-9100
9516
-3750
9533
7127
-1127
-9813
6751
-3437
-4297
3526
-3780
8465
4302
-9766
-7209
9242
-8126
-7739
-7318
-114
-9586
-5360
2595
-7100
7749
-8446
-2012
4734
8923
398
-6086
-21
2891
-7438
7628
-7531
7325
-2016
-5998
9023
2673
1213
641
-5050
3730
-7301
-3001
2219
9118
7918
-6496
4053
8069
-5002
4508
7614
-3909
-8866
1264
-2667
47
4112
-6362
4956
3446
9769
-265
-877
-7288
9630
8879
-7080
1225
-7606
-7614
-353
-6479
-8255
3626
4103
198
-3676
8332
6819
6169
-4602
-1533
7225
8312
-1887
-5142
-5456
3120
-8866
-4960
-3180
8770
6882
-4321
-5650
8927
-8103
5396
944
5132
8080
-3869
7549
-8891
-8734
-8882
6079
7078
3756
2973
-2480
1047
4227
208
642
7331
-1175
-4211
-7496
-4715
5848
-831
-1512
4317
3153
6766
-4908
9628
2134
4707
-8241
3202
8926
-6202
1971
4911
4571
-3834
1328
-568
-1350
-1399
2095
7988
-7957
-376
6596
-2509
2602
6863
-5068
-5696
7379
-2798
-168
9129
1594
9819
-1467
9882
-457
-3189
8131
-3113
-1201
-3527
2836
9448
-2061
5415
1681
2009
6299
-5277
-5325
1888
-3012
-1276
-4159
3971
7727
3761
3135
619
4000
-7375
6014
2172
6801
2789
-3857
-5247
326
-2184
8727
-4605
4463
-3941
5917
-3289
5443
-9826
-3039
-1644
-8557
-8508
-1502
-4413
4071
-1549
-9815
-7711
-6407
-3964
3205
-1301
-5802
-8059
-3593
6849
-7484
1462
609
-7329
-9735
3562
-6575
-472
7275
3587
4620
-5015
1209
5885
3263
3390
7279
7596
6665
8646
2041
-8793
-618
4355
-4610
2345
-8823
8530
-879
-7509
-2340
-6361
2774
6
-296
8488
8230
-6747
8803
9296
2697
-1093
-343
-7338
6560
6135
5248
6580
-9658
-5745
-5198
-8863
5778
85
8238
6814
-5647
-2006
-6676
9081
261
-7010
9140
-9541
-720
354
8974
-4291
-6481
-276
-2734
-1235
-4659
-9995
-9668
-332
-3238
3845
4094
-7689
4844
9705
4769
1528
-7338
-7297
-9621
850
-9491
809
6330
4798
-3432
7112
-5601
-9785
-5766
8272
2089
-2613
-1589
2609
1887
8733
6340
-1851
-7785
-6853
8586
-2862
-9819
-2986
526
7662
639
427
-9917
1049
-9309
-1075
-7780
-9837
3096
-5518
-9860
-7000
9005
-1571
-748
920
-1587
-4828
-7011
1634
811
3810
-3928
-4900
8369
-9808
-3091
-919
6319
-940
-675
9584
9012
8453
-3928
8736
-8803
5366
2166
3680
-3480
7385
277
-3155
-8302
-8561
9651
4111
-7679
1037
5296
5629
-1603
-7694
5095
-8355
-1915
7922
7282
6989
3907
9519
1542
5321
-4959
4472
-1049
4843
-9982
5834
3232
-5925
-4271
-7415
3221
6493
-3675
-5946
-6328
8337
8826
5908
8095
3747
-4849
-8096
197
-3444
5919
-9809
-6989
2411
8654
-9075
-7888
-384
808
-5667
-6173
6309
-6388
-7144
1189
5504
-270
-8407
7728
-871
7590
-136
9349
8810
-2546
-7024
9349
-6354
-3504
-8302
7671
-6320
1827
6131
-9836
-9087
-5158
-5722
5954
-5788
-1877
-8627
3088
-5262
156
4737
9110
8217
8504
-8831
-478
5689
-2297
-8149
6563
3172
8045
-4266
4730
-5562
-8735
3728
-4000
8021
-8666
485
1128
9923
-9613
-5983
-8470
-7652
1757
-6313
-3259
-225
97
-8513
3177
-3255
6013
2873
-2544
5101
4315
2543
-6326
3139
5687
5153
-2833
3047
-7796
-7445
5298
-5097
-7385
2955
-1755
-612
5548
2689
1901
639
-9420
-3112
-5468
8770
-16
-9311
-6086
-4694
-6529
9285
-8121
-3037
-7626
-599
-9402
1955
7039
7579
8185
-896
-9082
1390
-280
-5659
-9982
-7725
-3939
4643
-9615
-13
7400
-430
6454
7322
-813
5438
3985
8390
1237
7750
-8785
-4635
-6858
-1855
-8298
8687
2805
8380
6825
-1814
7919
1456
3728
6082
9921
-623
-1102
675
-6656
6893
-7401
-9715
6138
-2340
-4635
6698
9322
5048
-9684
6813
8257
937
-6654
-7833
-2422
-8260
5637
-5314
9935
9631
2248
-1441
-9809
1759
-4162
6547
3975
5213
6324
-1643
1674
-217
-2610
-7152
-7091
1455
9297
-6383
5485
-8154
-6712
-3749
-666
-9060
-6830
7424
-7395
2901
1837
-4914
-23
-7903
-4109
8566
-3874
-8074
-9080
3103
-7675
-9628
1235
7051
3435
-299
9439
5400
2014
8569
2260
-9690
8334
-5880
-6692
9666
4507
701
7207
1796
-7623
4388
-1607
-9877
-9350
7674
5503
-5487
-3148
2362
5550
8453
-9804
-7093
5928
-3610
-1207
-4612
1544
797
-7202
1429
-7945
2892
-4120
-1672
5562
1021
1299
3754
9363
-5909
-9028
8374
-8509
-2326
-1136
-8445
7593
-2844
-61
1957
3308
5110
-3978
6143
-3830
-3742
-4035
-5502
-3840
8316
-6269
3163
1077
9215
-4195
-4924
6579
293
-9939
7566
1257
9402
166
676
-2045
-789
-9925
-7083
-8449
-55
5478
-6012
6252
-9453
-8058
-959
9951
-3138
7057
9368
9060
-1230
-6269
1694
3425
8128
-8283
6914
9243
-6452
5838
-3377
-1668
2501
5198
3415
2980
-4649
-5224
-5607
-2312
1942
-6196
-7390
6925
-9791
-1401
1810
-8198
2706
763
-4741
3324
2030
-6290
9020
-15
-7088
-7726
4007
-1602
-5042
-3886
1255
-5511
-7908
-3754
-6103
9731
-6779
4406
-8773
-6319
-5912
-5395
-6170
6561
807
-7621
7576
1531
-6121
-7566
-703
61
7899
-4732
-9000
-9566
-9858
2134
-1220
-5813
2723
9345
4249
9759
-120
7487
3099
-8910
7969
-4949
-2606
-9681
6920
4855
-7277
4955
7504
3450
6349
8324
-3936
5768
-5062
7202
-5735
2943
7595
-8474
-7651
2605
5701
7524
-9625
5192
9236
1897
6463
-8345
-4527
5059
3922
-5595
7350
6164
-6574
-1969
1773
-2448
8921
2199
8089
-5992
4606
2721
-6750
-5667
-7376
1311
7386
-2722
-9368
-6015
-3066
-6820
375
6257
-9112
-9549
6921
9182
-4737
8022
-8798
3832
5068
85
-4380
1040
8038
1888
-675
3536
758
-2121
7130
-2043
-2761
-9753
8042
-2776
7460
4679
9696
-2663
2096
-5581
6018
-6224
6353
3097
-1868
-5461
-6676
8085
7279
3783
-6033
-7126
-3306
-4244
-277
-8685
4994
5873
3374
-49
-4911
1792
8398
7812
7006
-3244
-2457
-9316
5529
7181
2998
-6694
-5660
-8673
2498
-7110
-2330
8698
-1394
-7957
-3022
303
5662
-8957
258
-928
-15
6801
2943
166
-5118
-8161
633
2704
3576
-3713
-2343
5085
1416
-7090
-703
9367
7289
5060
5579
8063
5677
7067
3552
-8858
4514
-5949
-8674
6889
7154
-8594
-2604
1358
-4963
5846
-2178
4263
-5264
-8929
1222
7051
-480
1712
1674
-1529
8287
-9169
-7194
-7874
-1335
5430
-6135
3109
1368
984
-6032
1739
9402
-5637
-7278
-9144
-2738
-3364
-1061
8251
8048
2446
8944
-2037
-7185
-5799
4835
7873
2481
4949
2909
5667
5082
-606
-3808
619
4158
9579
6624
-6396
6470
8361
-6447
4948
-3325
-8266
3367
-7436
-8562
1135
9301
-8955
2142
-8670
9204
-6657
-1717
6022
-7008
-8567
5423
-3431
-1952
-1627
-2965
3754
7211
3069
3075
8071
4560
-8036
5191
-7587
8681
8042
-1502
-2764
1779
4535
-4486
-4165
1756
9985
-1583
8533
5452
-8760
-7878
1815
-5633
3071
-9300
-8049
8954
4115
5576
4617
-4458
8671
9834
830
3024
-6121
7192
-1092
-8628
5441
8706
-1493
-1955
-5710
-203
-4899
8698
-508
2091
8177
7897
5173
539
-2590
7095
8955
5473
-3217
1879
7093
-6784
3108
9444
-781
-1496
3392
-9008
1002
-4273
3227
2809
-1493
-4964
7319
-8220
-8194
-3585
-6257
-33
-4799
8391
-2319
-3657
6065
-2022
9290
-7536
7402
7394
-7240
-9198
7537
-6857
3898
6109
-5413
9842
1182
-9095
-4373
7961
2410
-9054
9614
-7515
3387
6282
-6352
3473
4208
3054
8287
-9209
5772
9919
2888
9900
-3054
3434
1131
4805
-5613
-8919
-4495
2236
-11
5761
-3428
-956
3936
-9561
2106
2000
6029
-1298
8269
1132
649
-3202
4611
-1462
-6588
2646
-6977
-4253
-7652
-6551
-2050
-3695
3625
8453
-2720
899
4057
-4852
-5207
189
2025
9521
-5684
9052
-5814
-5007
6703
-1423
-9899
-649
-3900
7484
-1363
-6896
5177
-579
4014
9046
-5932
-964
5149
-6381
-2084
-5719
14
9429
-1207
-849
-3810
-6528
-9395
7905
2265
-7632
7435
2134
-8679
9242
-5690
-7242
-87
474
-246
8948
9204
-9197
-9235
-4337
-1957
2877
-4593
5641
7048
-2007
-5033
185
8921
9000
-4946
-1873
-462
8586
5239
-3431
-9082
-7026
-4824
3915
-8009
5774
-3793
817
3365
7945
-2595
6393
-6248
1102
9772
9459
-7797
4088
8564
9352
854
6537
-9521
-2506
5217
-1700
657
-7311
-3724
-1019
-4213
3071
5201
-1501
-6018
768
-5164
4812
6584
-8017
3396
-9342
-5483
6895
-5604
-2878
-7722
9170
-6972
2014
-2476
9365
7947
4323
7815
1720
6128
-7193
-9010
-9265
7768
1279
-2349
-2139
-2157
9838
-7794
4576
-1928
-916
-5422
1779
-845
-4218
2585
-6616
-4394
3410
750
4121
6782
-531
2074
-5178
-6462
-8185
1476
-5764
1160
4350
-6938
816
-5491
2524
-9463
506
902
-7741
210
1285
-8562
-209
7361
-8867
-438
-8520
-7036
-250
5802
3265
-7909
-5127
-9575
-6223
70
-2932
9227
-7922
-9933
-5637
89
8174
1981
-8773
-2849
-1374
4177
-5353
-1097
-9441
-8537
-4956
7515
-5255
1825
771
2003
-2921
889
6665
-289
-5473
587
4098
-914
-6420
-1700
6744
-7628
-7648
-8481
-6382
5128
3673
4419
2980
-839
3439
7188
1908
-3242
-5468
-1971
-5520
5640
441
8719
-232
763
6826
1719
7565
3139
-5059
8878
9209
-9881
7085
5031
-1332
8851
3014
1783
8735
-62
6061
8652
836
3077
-4699
7274
3679
4646
1433
-161
-3531
-7675
-9979
-8455
5619
8226
6552
-2751
5477
2294
8371
-1622
-5546
8419
858
-2600
4072
4608
7664
-8116
3111
-1193
3122
-9697
1122
106
6349
9438
-6051
3536
-7629
4413
4937
8415
-352
-3587
4433
7748
2000
3844
2314
1968
8266
7804
-8572
1743
-8751
2886
1777
-5659
-337
-4900
-3336
-5465
-4385
-623
-4073
5386
-130
-5986
-9794
124
6907
-2382
-5015
6102
9435
4966
-4901
4883
1170
958
-18
-2964
8249
-8230
-6901
-6104
9124
3587
-5043
1614
-8687
-236
-3857
598
602
8265
-3139
8246
-8916
-4037
5350
7044
2242
5802
-9794
2908
-7837
1767
3947
9496
5388
4016
-6775
-5008
-1697
-3790
-5065
4508
-5920
6571
184
2061
-1306
-2089
7689
7897
-7699
2529
-4499
-8086
1830
5979
-4802
-5758
4949
989
-3052
-8276
-8037
-1942
-984
5394
-7982
-6775
-7116
6616
844
527
2657
-873
3286
9372
-5719
-4239
2931
8911
6890
-5403
-9109
5730
3943
-9512
3387
-6745
-2063
-7860
-8455
5026
1576
-3201
-9418
2148
-9436
-8016
-2608
5580
6688
2493
3176
-9511
-8186
-5273
-4641
1018
5937
4554
-2916
3867
221
-8418
-5287
3985
-7928
8002
5848
-7270
-3607
7266
-4189
9256
9050
3812
-220
-4259
-6606
1593
1584
-5168
7867
-831
-2807
2592
5484
7802
976
-4731
-4673
4749
-1569
-354
-3689
-1588
-7088
-2995
8760
4313
-746
8075
319
2811
-684
1800
4159
6138
1144
1317
1579
-4606
7246
2325
6312
6605
-8971
6499
9099
-420
8656
-1201
-3118
-614
3826
-8275
5271
-1666
5068
-8780
-9705
8909
7741
-7295
-5541
-7517
2460
826
-3953
-6568
1887
4818
-619
9626
-9218
1628
8765
9454
-1049
-7591
7014
6539
-7894
1919
6
-53
-2307
4740
8533
-4838
8120
3276
9741
3337
-1976
2467
7629
-2971
5367
3736
9614
8312
-5264
9411
-3840
-811
4675
5339
1705
-4683
-2286
-8968
7708
6834
-8238
9003
1541
-5118
-8038
9395
9364
-935
-7854
3017
-1933
3603
3916
6155
9957
-549
8903
-2485
4839
-7059
-7294
-7284
9506
-2646
-5025
-213
7163
-3027
-6413
-5704
5208
8143
-4784
-9526
8145
1304
6359
5152
-4686
-1547
8535
2911
-1845
-9959
1399
-2795
6892
-9410
5414
-5761
-1238
6319
-1797
7543
-2045
-6070
-8915
-9693
-5074
1354
4252
5127
7500
-981
7578
9770
-7306
6713
-7471
1074
3261
4745
8695
7290
8913
-4017
4965
9434
-9952
-943
-8100
-4171
8092
-1208
-1005
3052
-3039
-5986
61
-4145
-7469
-9240
9201
-6709
-833
-9578
-149
7720
-9496
-875
8043
3880
-5798
1636
-6238
5302
-2512
-5105
-1891
3032
-3856
5086
-152
-4032
-3699
6005
184
8900
-2644
-6858
-8627
2456
-7657
-4066
-9744
-4865
-2924
-5470
-3138
-8382
-3006
-2283
2930
-5363
1617
6452
9765
7429
7525
945
252
-7409
-7702
9151
3952
5227
-5068
-3262
-3452
-7949
8377
-7384
2133
7945
-1118
-6298
5787
2351
-4825
2855
-1813
2818
7271
-9840
-6813
5074
-3613
3209
1219
2775
1301
-7437
-5051
381
3059
-1140
-1310
7326
1780
6414
-6916
3004
3546
6229
-7379
-2936
-4305
3982
8095
7580
-9333
9333
1976
-9775
-9041
-1699
9021
8179
5186
6407
5859
1130
9451
-7473
1101
-1848
-558
3805
-5692
8819
2703
-2205
2381
-4734
-6799
-9733
1293
5909
-4591
2210
-3983
-4079
-2981
1575
-2411
2257
8941
-9680
5955
-9962
4374
-6008
7560
7201
-7992
-3665
1479
4147
6272
-2506
-2344
2924
7964
-858
-4149
3907
-6410
3952
-18
6264
-8887
3306
-235
-1304
6818
-7092
4793
-6279
-5627
2010
8551
2233
-479
3085
-6536
-9071
-9106
-3658
-4299
4809
-1138
-6259
-4435
4948
-5290
-7784
6649
-2422
-7558
-7326
-6322
9118
-1782
-8670
-6340
4093
343
3180
2081
-1957
-7320
3096
-5810
859
-9561
-8441
-6608
4908
-8412
-9196
6118
9367
3085
3364
-6165
7648
7805
4137
-9472
-6794
-692
-8313
-4201
8099
-4468
-5987
939
-7112
-4485
-3380
-6046
-5780
-4478
-4327
-1311
-3437
-9831
-4106
86
8047
5847
7526
9438
-1290
-2499
-1056
-7006
-8526
-4459
-4483
-3507
-2051
-4342
-7106
3903
952
8631
1481
-6585
5840
5385
-5306
5222
4846
-5396
-3322
-5071
-2961
1062
4510
-5659
2083
-7105
8141
-945
-9991
-5606
-1394
4168
6428
2335
2737
-2347
3889
-5010
2163
7165
4451
8344
9901
-1713
6552
4249
-7750
-3867
-6140
8987
-2487
-6692
-8697
5909
59
1504
-1093
-8964
9788
-8443
9956
-4993
6714
-9955
-8931
-4009
2137
-8268
6807
873
-351
3152
-2948
9158
-5605
-9046
-7303
-4021
-9850
-2568
5684
-6730
-1883
5512
-1835
3603
-2916
8152
-6634
8749
-4039
-11
6083
8364
1467
9374
8407
9224
-4992
-1670
-5827
-1310
-7147
-3277
-8300
-9357
-4556
-8377
7278
-2502
-9906
4434
1779
362
6404
4273
-3296
-985
-8785
519
-2322
-6856
-8913
8262
-3584
-8540
-6628
5478
7533
-7914
7263
5985
4637
1812
-1037
-4633
-2435
-1956
9279
-1314
1423
750
-1978
-9528
-134
7207
-1013
-5939
-9356
3390
-4184
-1871
-7652
2750
-684
8551
-2347
-8416
-5838
6839
-677
5660
-8713
-6632
-6539
3361
-4198
5157
-6518
-6622
8158
-8845
7427
9394
-9830
8412
-2299
7416
-4290
2997
-8776
-44
-6897
9722
-709
5741
-111
1112
-7349
2202
62
7648
5249
-336
6026
-9035
7206
-4699
7022
6652
5196
4350
2917
-6362
4696
-2349
-7250
-5774
-9219
266
4545
910
9706
-7454
-8133
1804
-9122
-1537
-5735
7530
-5684
1820
-8523
-1897
-5508
-2220
2997
4120
-1713
-5893
-29
-6426
-6147
-8021
4091
5518
361
1720
-5071
6102
65
-9534
-2305
-5693
4037
-6529
3261
4846
-7186
-275
-7681
3110
-4007
-7102
-4038
-7246
6224
-5851
-698
29
6176
3240
-3331
-4198
4821
-3596
3510
-5661
-2728
8589
5933
-7313
1228
8242
-1781
7720
4293
9815
1658
4904
2759
5705
-3051
-8599
1926
-334
298
-1186
1011
-8320
-9218
-7388
1567
518
-4969
2488
-6910
-6019
7420
-6150
-7539
4876
-1970
221
3450
-9745
-2200
-1732
9896
-6654
5816
-6751
3370
-7209
-7117
9901
-1435
4224
-6246
5035
-1035
1485
-6073
7148
3216
3479
-6003
-1716
2628
-8881
7821
-1976
-1639
4246
-6831
-6618
1287
6314
-8997
6378
-6186
9507
-3130
-5460
7669
-1428
3678
-2364
4739
8004
-8505
-8345
-7678
-4130
5920
4195
9117
4604
2932
-5392
-1717
-816
5800
7085
7740
-5052
9464
-8305
-8755
-755
-212
3635
-5708
-230
-3268
9727
236
-639
1593
5435
7007
7502
-9197
6497
3850
-4121
1418
-6725
-709
8037
3004
-1369
-6048
-2133
-8933
5068
4852
-4465
2169
1801
-6633
-5320
-7975
1770
4819
-3531
-2565
-5173
4232
-8429
-1982
1815
1295
-4910
8020
-169
-3560
-8518
1950
3895
9674
2579
-7618
5975
148
3515
790
-5542
-625
-1601
-2616
-9848
-9455
-2170
-232
-6696
-9137
-3098
22
-5425
-4528
-7633
-82
3814
-6972
3937
2090
7775
-364
-6148
336
-5588
-4250
6841
-8650
8291
5022
3380
-6017
-6292
9158
656
-9383
-8410
1671
2780
-7840
-2570
3067
-6032
-7386
-291
-8407
6622
-910
4352
107
-2803
-2103
-4001
-628
-3559
-6561
-8931
1866
-4593
-6965
5938
2533
5817
-7621
-8587
649
300
-3223
3928
-4062
-9703
4468
-2092
-7161
7950
-9336
-3661
3598
-1875
-9201
-5508
1790
-8745
-6150
9180
-4285
7772
-5147
4227
5407
-8962
-4596
1871
7689
9564
3859
-1959
6011
-999
-823
-9082
-4231
3737
-4310
-2777
7571
5936
-3304
-73
-3010
-162
-2716
-2770
8151
4044
-6467
1371
-2225
8873
1519
-3518
-2222
1814
-2145
1785
6828
1580
-298
-3128
-380
3312
-2566
-3209
2708
2313
3205
8265
-3942
-5953
1908
-757
6849
-5120
-9107
-4752
-7654
-8146
5535
-6581
1934
-7632
-5504
-1371
-612
-574
4329
-5821
1278
-1175
9670
-7472
9373
-2103
-3744
-548
-8283
-7489
-850
-7703
7676
-6881
4370
1576
6994
-9158
6803
2197
9356
-9865
-5020
-251
6755
8348
-7277
2448
-8557
-6499
6173
-4840
1843
3656
12
-3415
-1911
-4411
-2950
-2915
-1023
-2973
3011
-2425
3510
-5356
-9235
-2375
-3573
7763
3919
4907
-7524
64
6948
3384
4857
8064
2646
1930
2584
8444
9646
-4439
5437
6269
-767
-3788
-1324
-5529
416
-79
-7497
-7870
3317
7108
5405
4214
-8495
5325
-2150
7580
3252
-6094
8581
6295
-2700
-7336
-4387
3305
-7465
-5540
8372
-8452
7426
7038
-555
1919
-827
6310
9678
-1320
6933
9295
-9817
4979
9322
-5992
-5710
-8611
8751
-4903
9714
567
-8898
-9374
9192
-9924
-8761
3555
-899
-313
5531
-6992
6968
-3708
4873
-4687
9895
-2944
-7616
2763
-6401
-4307
-6159
-2316
-3767
5143
9708
1094
3582
-3707
5410
-2815
-7224
-9047
-3130
8352
82
-6238
2140
-3913
-2707
-7149
9959
-9487
-9147
8905
2533
-2248
605
-7565
-9590
882
-6088
9364
-7829
-7658
-3496
6176
-9414
-5163
-6689
-5726
-3214
-9176
7693
7162
-4261
-8124
-6694
-2398
-9945
-370
5433
248
708
3326
1614
5330
3143
2543
-4471
222
-4246
968
7453
-308
-1283
1528
3446
-5584
-4881
-8786
-4908
-2154
117
1528
-15
3268
8164
-3043
448
5761
6948
-8808
9680
4773
-7890
3908
9784
6804
4613
-493
7571
3351
7990
4669
4372
-2964
9306
5167
-3931
9825
1074
5730
-9678
-1210
4330
-3522
5326
5953
-1515
7084
-6287
-3214
7960
3455
2973
-387
-7452
-8594
-2858
992
8522
-4444
-1962
-2094
-5180
7872
-856
4993
2321
5962
5025
2552
-6642
9859
3242
619
-1838
-4417
7981
1776
8152
5938
-2711
-3499
-1740
3312
6432
2474
5618
-5525
-3276
9844
8035
3681
-8895
-206
2767
9676
-1021
3193
4319
-6505
-3595
904
1682
-4781
-5535
-42
-3329
-8843
-8280
3081
8828
4758
2735
-4561
-27
-274
-9371
777
6415
-1291
-8134
-791
-5461
692
7341
-8837
22
6159
4646
-7814
5950
-3206
5411
-4628
6399
767
-8646
-5153
-8185
5013
4383
-4049
8386
1928
702
7304
-9078
1708
6072
7213
-1596
8884
-3952
-3891
43
-2179
-1116
5394
-9659
6758
2145
7373
1371
928
-4540
-933
-1936
-4032
-8596
9189
-1282
8555
8915
-6275
6355
-5877
-4747
-7622
3823
5548
-3564
-917
-438
-24
3439
7248
-6106
-8228
-2548
-6391
-1851
-1065
-2926
-1330
-5447
7461
-3174
3382
-9739
-5837
-673
-3107
-4045
1347
9105
2593
5192
-9805
4172
-4214
8424
-109
1877
599
-942
-9880
-3706
1050
-4928
-7011
-9038
7498
-5005
-4443
-807
-4801
4284
1917
4934
9005
3492
2833
-1153
3903
511
9502
-375
-8764
-5995
-2521
-8934
4404
4338
5345
-1277
2332
4617
5280
7797
-7956
-181
-8581
2789
-2106
8335
3084
-4495
-4032
-7278
-46
6920
4849
-887
8971
-8893
8847
-9464
-4571
902
-6610
5314
5470
466
-9934
-4952
8711
3430
4502
-7308
-6005
2399
-7220
313
163
924
-2590
-9914
-4706
-567
-3439
-7476
2595
5827
1695
-7049
-5412
6031
4068
5166
7989
5527
-4401
-4787
-1855
982
-8473
1486
477
-4725
-9850
6727
-5158
-4030
-9251
2140
8264
5947
-5212
7579
-9823
9052
4751
-3420
5928
5011
7502
-5936
6090
-4098
6771
-8858
7777
-3422
-540
-419
-5217
-3663
-2221
249
-4148
-6931
-2860
4499
9600
5398
-2645
6344
4487
-7899
2678
8333
-997
-4446
7032
94
-5358
-5022
6603
7943
1925
8393
8395
-9729
-5335
2246
-6440
-6414
-2195
8349
7552
-4953
-1493
-3432
7325
6954
-8511
-1543
-3351
8409
-5490
-5793
-3685
-6491
3968
-3165
-6541
2412
3963
4718
3398
3416
7702
-1106
-7322
-2257
252
-7888
881
-9040
5057
5567
-6614
-7517
2683
7437
1812
4513
-6555
8803
6281
2830
9201
6817
1912
-589
-9166
5505
-4427
8749
-9200
-9042
1711
-3215
1492
-4140
-5145
-9592
-6650
7047
-6937
-4725
-8930
732
-8143
-3986
-8603
7566
3333
-4925
1460
-9885
-4815
6621
-4917
259
-1329
-45
6785
4950
-6134
4264
-2790
5029
4713
-7338
5459
6949
-7061
5474
8922
1423
2428
-1494
76
-1016
-3886
-8303
7460
652
-8332
9450
4203
9813
-3337
35
9778
-3666
8237
-1901
-4206
-1970
3911
-5647
-6480
-4930
3513
1861
2466
-5188
8354
1382
-6668
1207
-7735
-8790
-9819
5458
-5474
-1054
-5985
5753
-6721
4383
-7049
1567
8087
4285
5004
-867
1402
-1267
3124
276
-8321
-8123
3909
-8796
4179
1567
-5694
-3761
-4208
9
-1201
8034
5369
-9925
4754
2599
9730
-7932
4297
5079
-9214
9307
-4285
2092
7360
-5968
-433
-123
-7809
6923
-4366
9845
-6866
4729
340
7101
7922
-4691
4584
1188
-7444
-8648
7426
5759
654
7508
8004
9648
-6277
2730
-8467
-8468
-721
6823
-9783
-2334
-3327
4002
-8119
7359
-4666
-6369
-3723
-9403
-893
2814
8074
2746
9546
2086
-6844
-1813
5114
-4333
5183
3389
3785
1344
435
6072
-5944
9986
-5006
-8512
-86
2209
4402
-7174
-8195
6212
-9436
2841
-8842
2054
-1655
-8393
-1463
-3239
-2561
-8466
8272
-7030
8518
-3997
-4057
-550
-670
-385
3641
8079
3767
8692
6095
-9970
-9488
-3217
-4525
-8978
-2539
-6023
8574
6569
7596
9580
-6642
2558
9891
9079
-9751
4793
9037
8482
7932
-4727
-4217
246
-4362
-4711
3838
7983
-5520
7415
-8843
2378
6284
6882
779
-7832
-3309
2009
3247
335
-2186
-2623
-7813
-7232
-2200
8698
4564
-8177
4087
-3090
-2905
-722
5347
-9630
3743
6500
6511
-6885
-7169
-3361
1977
235
-7848
4290
3305
8194
-6825
-5565
5293
1760
8489
-5076
-5156
-8522
1302
-7260
-64
6849
5844
6904
6684
-2276
-6323
-4007
-450
5607
7921
239
5607
7357
4807
2667
9359
-7585
-5635
-8785
-9229
-3146
5383
-7432
8719
-7634
375
-8520
-8022
2766
-6430
-314
-9159
2875
887
-1507
-1062
4453
-6402
1012
-7977
-1924
-9165
4347
-9860
6984
-3065
6963
-4678
1184
6080
7464
7161
2547
-9824
-2935
-6980
7513
-3326
1543
-553
3704
5240
-6085
-4779
5397
7519
6250
-4427
5377
922
-4303
-5359
599
-8128
-882
-9616
-3440
1049
-4150
6257
-9008
-5391
7613
509
5789
7303
8969
8467
236
7710
-8683
-9821
2309
-4428
9356
565
-4802
9351
4480
-9048
6688
-3494
1404
-7634
4960
-8936
-822
-4976
1726
-5298
7075
8669
-2265
9738
271
7795
2984
-1924
1196
2110
-3302
378
227
1089
7000
-9674
-6308
-3394
3819
5324
7243
6331
6929
2125
-1313
8093
8919
-2134
-1301
-9126
3538
833
4811
-3599
9805
-3566
-6355
5387
3764
-3302
8963
9113
1028
-4848
8316
2369
576
-30
2316
-1990
-6443
-2912
-3263
8731
3779
-8616
6595
-8694
9242
-4973
-2389
-9342
-9609
-6188
-3870
2673
-5666
6304
-1005
-8699
-6729
-9168
2807
1087
-2937
3733
-2040
256
4505
-8698
3323
5511
-3551
-7570
-9376
2109
6749
4585
6604
-8019
5249
2800
-4964
6387
1392
-1811
1723
-1999
3843
-9827
448
-7533
2844
1415
-2044
-335
-5621
1007
283
7103
1544
9490
-9475
-93
-5478
9498
5077
-6235
-3972
-8762
-1070
9474
5545
-341
-8630
-7035
6449
-7710
-44
4354
5012
939
-8118
6445
-7396
833
-9258
821
7026
-7945
-5648
-7903
482
8948
7450
-1230
4065
-654
4072
-7022
-7533
430
5337
1180
8565
-4873
-5764
-4810
