-9656
2708
-7629
-166
6115
5377
-8451
6458
2415
-441
9075
7259
-5727
8270
6061
3494
8316
7666
-1615
-4331
-2731
-5624
7943
3030
-6190
-8543
8000
7004
3583
-8633
-7904
2467
6941
-8051
-6232
1904
-176
1608
-6302
2904
-9858
-9143
9786
-1604
1545
-7005
-2818
9044
-5046
3434
1920
-9065
-8707
-4168
7339
8405
-8678
-8563
5545
-9771
2684
-2078
8866
2080
349
-5362
-8735
7726
9757
8486
6060
2875
5961
8889
9481
-8421
6697
-935
-12
4979
-7793
5649
-418
-6877
-6101
3149
-2766
-6306
-7832
668
-1630
6945
7178
-7140
-3430
8333
380
-3628
-2108
-9669
-203
3850
-3424
-857
711
-3266
6093
-7618
-9411
6090
-4205
9122
579
-1970
-7173
-2799
8786
-2840
-3685
9515
-4618
-5861
1129
5514
4175
-4680
-3871
4150
4617
-5181
-8881
1762
3052
-7765
-2063
1642
3884
1510
-3711
-3268
9487
2805
5160
-256
-8956
-2287
5447
-4770
499
-1415
3967
-4890
7259
1344
-744
7080
3602
-9684
-1454
4263
843
9074
-2736
-5083
9388
6260
-8775
-4642
-502
8544
-5774
9764
-2363
8728
3334
-1911
8706
5416
4654
5217
-1531
5763
5642
-3339
5489
1705
-7399
7311
5522
7371
3069
-1442
-3825
4686
-2783
8691
7924
8305
-3562
4839
2410
-1647
-3935
7453
-9545
9540
-259
9508
7239
-2619
7904
8757
4652
-3253
-925
456
-6905
-3585
-891
241
5858
-5710
6838
-1427
3051
3700
-8618
3375
-8901
6149
-1966
5138
-7831
-8656
-5919
-3277
4555
2167
-9196
9609
-6527
2436
-2893
-175
5532
2328
4705
-5455
-1434
2138
-7117
444
-5809
36
-8586
7102
353
4188
-1918
-1553
-4617
-9403
-3382
-5456
-9692
9460
-9165
8689
-3954
-7343
6160
-4108
1219
-8635
7404
6576
-3996
3296
5654
4959
4234
1520
4641
-723
-620
-5088
-9165
9266
-8642
7953
2946
9022
-4037
-4663
-4148
-1168
4198
4923
-7578
544
-8208
-4273
1682
-4351
9336
1581
-3042
-9604
358
7809
-1534
-4099
-7702
-3739
-2770
6422
-6231
-5316
-6750
-1701
-460
-5624
-9051
-9234
7883
-6682
-8413
4848
1554
-9537
8505
-3524
-2272
-315
6117
-4697
1185
1336
1241
869
-7522
-9700
9536
6433
422
4562
7679
4651
3232
9114
7323
9660
-7648
-2937
-8315
6454
-6232
9554
9675
-9738
-1069
-4416
227
-8993
-4115
-6653
4082
8980
3297
8951
4202
-4535
437
7691
-1453
8657
1205
1767
9346
-4759
1465
-2241
8142
3298
-7344
5155
9517
1616
-1545
9504
8210
2870
6724
6497
1112
-3056
-733
-30
-8292
9686
4674
8606
-6310
-6023
-3776
4610
9427
-6043
-9633
-2053
-7604
8993
-1390
353
62
-545
3868
8041
2794
2587
-2024
6441
6588
-4579
2907
2790
6793
7316
-6895
3242
741
992
6927
2860
5640
-3273
4871
6913
-9192
5925
5247
7302
7516
2650
-7663
4374
-9863
269
-1465
-1067
3644
-8207
-4442
-8234
-3721
-3257
2874
-287
6076
-5934
8274
-8782
-2748
-2788
7481
544
-2187
-7196
-3576
-3477
9387
1640
7395
-6688
-8778
6452
5854
-626
2503
-2190
7176
-381
7861
-7703
9451
974
-422
8633
2033
6348
-3325
-143
-9294
9942
-4500
-555
-6207
261
-6091
-261
-1766
2812
8533
-1770
-9798
5986
5446
-9702
-4741
8813
6379
-7277
-9868
5580
3215
-8648
6321
9511
2513
8426
-7708
-2406
2094
295
-3710
4353
-1369
-7363
-4521
7155
9996
-237
-5233
-4395
-1818
9908
1302
2026
-7942
3275
-9781
-5682
-4217
-5759
8260
3375
526
-594
-480
-6098
4208
4036
6300
-446
-4220
4094
9916
1836
7094
377
9771
6861
-9880
-1215
-1273
5527
7418
-8225
-5132
117
5261
-860
-6478
-7786
1933
-5235
8095
9008
-459
3629
-6196
8449
817
4023
9502
-8530
-9451
4812
7795
-1038
-9453
-6703
-4257
1361
-2844
-2886
3518
1165
-8601
281
1010
2350
4847
-9022
-3282
4698
-5384
1059
1125
6985
-8557
-6010
-3622
-9078
757
4609
-7220
8872
-2285
-7923
-3926
-8603
-6622
4791
-7293
372
3917
9822
-3152
7400
-39
-6516
7030
7421
-7254
5764
1413
-1903
835
1212
3929
-4584
5078
-5457
9932
4121
1462
-4197
4642
-6620
-4068
-5360
9842
-4117
9616
-3508
688
-7362
-1022
-557
-1543
-1733
465
-4761
183
4698
857
-6980
-5362
3201
-1763
-9257
1851
3069
2904
1315
2681
7537
7534
4961
7454
3388
-8265
9411
-3362
5868
-2304
-7094
7666
-2759
9406
5038
9436
298
-4702
-4472
-5351
6406
-3411
9382
-6051
-6545
-1225
-4623
1916
8768
5966
-967
2874
-8188
2250
1039
3150
-7738
6148
-3311
2140
7863
116
5041
-4564
-7763
8106
-6985
1847
-4024
4340
9945
-5377
9230
-211
-4906
9352
-5451
-4001
651
681
3035
-5489
-7744
6278
-6573
-1796
3196
-5705
7698
-7786
3698
9931
8471
2548
2528
-4798
8375
4676
3736
-6034
-9431
4589
-4635
-9399
-4827
-6876
-6863
28
-8409
-2781
-9862
1375
8946
-4531
5365
8202
2671
1182
3657
3055
-9836
7923
-9342
-4464
3411
1832
3505
-2514
-7952
-2807
5999
-7552
-1722
-3974
-7870
7038
2658
183
-1869
-7535
6547
-7629
8822
-1660
4289
-4343
-1237
-9160
-8187
-4922
7201
-933
576
-5021
6764
-5094
-7317
-6838
-1292
-6942
-2859
4010
1539
-3166
1987
-888
8398
9814
-363
5820
2941
265
-7534
9429
4294
-5300
7999
6051
1984
-6720
-725
9358
9910
2171
-6279
-2581
-8234
-1852
7109
6286
3485
-8872
2496
8679
-709
-9521
-9177
-7092
-4269
-5333
-3438
9494
554
-6545
8805
343
-5268
5106
-1826
-1194
1799
1186
-2997
-6270
-7753
1526
6848
-8207
-3955
-8936
5442
2829
6656
-6953
711
-198
9349
1641
-7553
-9826
-2859
4876
7604
-3545
-564
3858
9477
440
9604
5942
-4924
3307
-4720
3071
1915
2854
-5865
3881
-4217
-8117
6425
-8516
-6487
-6059
-643
-1832
238
-4787
-3354
-367
-7850
-4063
1176
9432
4741
-2606
-7901
-1928
-9951
-8307
2358
-6111
-4366
8812
4159
4984
3378
4017
-18
7652
-7068
6605
4340
9592
907
7170
-3296
-2177
5463
6075
2
7958
5052
-5478
-1101
-8948
5052
-9869
9892
-3471
180
4887
-4322
-8002
-7766
-2696
-2213
-3227
7139
-8841
1076
9144
-6236
3026
6534
-8775
-1360
-9459
8342
-2597
-3650
3498
8977
-1294
7942
-1398
-8043
-448
-9759
8380
3455
7988
4129
7254
3745
-9156
-7065
662
7661
-5403
-1700
-7264
3522
3104
7880
5036
1558
3645
-7886
-7942
3354
-8260
7128
3287
-9422
7155
-5770
-3239
-6979
4478
2646
-408
-1827
1297
-6434
3872
-5212
2024
4903
7238
1346
-3734
7472
-5346
-3222
3687
-7339
-9743
9031
3648
3139
-3517
-5711
-8641
-2898
-9670
-6170
1523
-6042
-8101
-4537
3069
1181
-6465
-6998
-6445
-2640
-9143
1153
6242
-7540
8584
6954
-4786
5484
482
7124
7823
6266
8776
-6936
3265
9971
4566
671
-2992
-7228
-8787
6255
2262
-9079
-6278
6568
-5752
-8238
1066
-7408
-1312
-618
2207
-291
9124
-3768
9425
-2082
-9196
1595
-4237
-9645
-7555
8377
-6023
-3812
3124
-4752
407
7454
-8824
-5949
764
-4509
7884
-1456
1391
5248
-2517
-1862
-1587
-1829
-2953
1338
1650
-5926
7906
-1486
7285
-3115
-8299
-928
-909
-130
-1294
2395
-7278
-4310
6549
773
9848
-4530
-5211
-1167
-6864
1192
-7164
7348
-2740
-3898
24
-7760
-4508
6217
2473
-6916
-4728
-6207
5728
3628
-2530
-1131
279
-647
4831
-4599
-5007
7315
-9272
-1931
4820
5699
-2104
-3792
6778
848
4175
7486
-4612
-881
8610
2617
4242
9899
-273
-1459
-9265
4120
-5262
-2784
3486
-3848
7305
2610
-7896
5203
4614
3703
-6445
-4545
7166
-3108
-2450
1937
1017
6414
9955
-7515
-3119
7499
9992
7360
-408
4937
383
-8262
2439
191
-3044
1520
-6317
-2919
-1879
-2634
-5364
-2998
7745
-527
8371
5956
-5174
-8766
987
-4469
-2569
-9474
-4115
4650
-3150
5898
-4133
861
4226
6333
7828
2226
-7396
6907
9702
-7144
-1492
5560
8021
8086
-5999
7725
9020
-6426
-6330
-4328
6839
5883
22
-391
-1969
4948
-6043
896
8406
-3196
-9228
-5391
-8243
-7351
-5638
-3682
2121
4426
3661
-4767
9891
9495
-8179
-9318
-1942
-1770
988
-1969
-1215
9260
-3573
6924
-7045
-5518
3167
-9717
2855
617
1586
-7888
-4803
2505
-7343
6075
-9914
-8173
-6433
4563
7167
4537
7971
8239
2623
-4481
7882
-9863
5797
-2437
-6017
4658
-7988
1583
-9339
-7888
7094
7268
-6012
4359
-9875
-1292
7189
7119
9357
-9634
-3022
2098
-1276
2329
-989
3640
3190
878
5369
5976
6565
-8175
-756
-8001
-9917
-5552
6211
-5185
612
-6632
-9310
-4910
4729
8566
-3153
4836
561
-3252
-5738
-9747
-2018
3653
7555
-7169
-4319
4461
-7633
8964
-3498
-243
-6562
7967
6420
-4059
-4511
749
-5085
-7313
-8481
798
8936
-5092
-2471
4176
-1763
3582
4576
-1709
6932
889
-3978
-709
-125
-1127
2398
249
-5008
-8428
-4775
1872
6208
5906
9600
701
-4161
-8782
-4004
-3423
4968
5478
-561
-647
-7372
354
-1787
-5987
2217
-9611
7626
2977
356
-1374
9494
3330
7996
-4253
-3716
-5898
-5848
6901
-759
8217
5503
-5601
-9162
-6758
-5267
8164
-7150
1721
-7465
2706
-2082
-6406
1310
2155
8268
4035
3169
-215
4338
1903
-3394
-3084
-5615
1016
5464
-9374
-7991
-2932
-2881
-3107
-2594
8954
9952
-2019
-2889
-6302
8642
8863
-1060
-5104
9878
-3311
2465
929
-4808
6550
-9651
9387
-3814
4542
-7343
-1353
-4619
-8168
2601
2616
-3488
-635
-9928
1839
5440
8073
-4539
172
9063
9732
-5635
6273
-6191
7933
4675
-218
2479
9390
-7301
-2860
6373
-4163
-690
-3152
9429
5591
6189
-571
6166
-3089
3444
6135
9221
-3817
2393
3617
-8585
-7752
3368
9583
6695
-8469
-6301
281
-1275
9421
-765
-8749
3913
9237
-5198
-6620
8671
-4843
1457
-4193
-7306
7814
3459
-772
-9372
-1968
9614
-8514
550
-6743
8721
7864
-5562
4653
-7872
9651
9874
9012
-8674
-9639
-2878
4779
4137
-4981
4458
-826
19
8570
4314
-4644
3646
-3432
3451
-6712
-3267
-76
843
5366
3301
8077
5373
6124
-8965
-3897
-7675
3666
2579
327
8887
5331
7154
-8230
7327
-1141
-4571
-3065
-6264
8609
-9638
1080
-4637
-9047
-4528
-2058
-6876
9565
5729
-9289
-1433
5033
5698
-4476
-967
-3118
4817
-1595
1811
-6484
-5682
494
-7575
6694
-3597
8086
-8113
-2953
2367
9065
-9088
-8707
7234
5073
3640
1574
-9919
3694
8434
7074
2528
7563
-6486
5846
-4293
6239
1622
4820
4614
-9264
-1750
7881
-3077
-4988
-6958
5014
-8090
2014
5619
-8327
9169
6754
872
5155
-9963
-4015
1524
-3826
407
-2859
-5327
-6506
3071
9754
7113
5333
6007
2340
156
-431
3139
-5140
-4110
1423
-3221
-9496
-3375
5317
1117
-1614
6167
-3606
-5592
-4859
-6023
-742
-9511
-4587
-1347
1329
5245
-136
-4948
5014
-370
5107
3866
267
8621
-1307
8297
-6080
6075
7112
8842
6869
-2781
-7818
-9049
-5749
1216
-2904
397
8359
8602
3135
-1713
6810
9039
5991
-1424
4339
1193
9089
2508
-9097
-9032
-3149
5749
-9770
3429
105
-8048
5869
-5220
-6705
-6278
3474
-6213
-1822
-7467
-1265
-7965
6547
2307
-934
2459
9963
809
2068
8476
620
-2196
-7171
3785
-7878
3005
-3491
-7270
5810
4598
9240
738
-8279
8830
917
-5512
191
-6811
-2158
6008
9992
197
9385
1315
6362
-5261
2016
-9211
6599
2302
9021
-1003
-5748
4726
9425
5098
4636
826
1348
7518
-9766
-2773
6496
5377
183
7617
-9964
5209
7609
6195
-3226
7186
-4832
4116
213
541
-3508
9736
830
3741
-8720
441
1633
2966
-3958
7577
9855
-3472
724
2411
7855
6263
6817
5996
5314
-1316
9738
-4686
2967
-8318
-3915
5766
-6227
5420
-2927
-4744
-2844
-9063
5388
4668
4997
1590
6239
5661
1227
-8561
-5410
5588
1443
7785
2716
-191
5385
-7508
-3038
9078
3768
-9460
7370
-8099
-3389
-5301
-5422
7250
2842
-5151
1984
-4106
-3058
627
-7011
9165
976
4215
-8937
-2051
1044
-3900
8034
3277
-8993
-4406
-3959
6255
6094
662
1938
9445
633
-3355
-2031
4606
-9465
-9239
-3405
5049
4735
369
-3744
-9053
378
-3800
-5833
-7651
8151
9752
6388
1561
-6278
678
5648
1500
6439
-7020
-7674
-339
4200
-2210
-6310
-3159
6775
6603
-6869
-6552
5303
-7142
621
-7761
-2358
-2237
-2995
4197
7787
5411
5790
9584
-6798
-2252
8461
558
8955
-3447
7208
7005
1283
109
4408
582
7803
2198
-3619
-6654
5457
2149
8360
3289
-1150
-3260
3913
9537
-3442
5046
7176
6971
-2511
5995
-6539
9170
7651
-8145
-6059
9132
-5249
-9684
5878
2416
312
7804
6789
9817
-3308
2991
-8857
76
-7858
-3301
4662
-4011
2971
-3369
2415
-7573
7759
-4023
-7227
1634
-9686
936
5020
-2001
8787
536
3421
-1202
6421
-2997
-9731
2640
-3308
5955
-3557
4938
9489
8862
-512
3103
5149
-7240
-6917
-860
-1222
-7682
-1238
5271
-2839
228
409
-5478
7584
-1861
-4776
-1722
-1811
1992
6053
-3846
-2673
5503
4788
-2451
-7791
-2776
4692
-9295
-3979
1571
-3832
-7432
-6077
-2649
-6831
4294
-1682
-8088
8318
8975
8906
-8390
2336
-1859
-5637
-108
-9252
354
3195
846
5764
-5633
4999
4877
-5208
-1709
-6146
-8988
7414
-7852
-688
-1221
6739
-5679
-9434
-7304
4122
-3167
7234
87
6315
-7052
-9452
-9963
-3534
-7206
-8461
4720
5044
921
-6134
-2471
7384
6004
-5060
533
5945
-2063
-8735
-1818
7006
-2686
9242
412
-9849
-8676
-8697
-2555
-7759
-8216
1714
530
-6804
3235
2203
-5999
-7050
7671
8767
7172
1702
-4796
-9647
1254
-8974
9002
-3841
-3976
9829
-6597
-4164
-8907
-645
-4068
3936
-3383
-8134
8611
9647
-6259
-331
-1351
4455
1863
8038
9041
932
8810
7301
-6665
-1960
-2272
-5721
-4239
8961
-1572
7642
-5693
9319
-5722
-1698
3673
1572
1287
2445
-7563
2126
-6451
9905
3349
-4719
1276
-2350
1919
-8758
-9027
2987
-1762
8150
-184
-5736
8607
-2142
6186
6106
7094
-4668
575
-9660
-1451
-7913
5029
3311
-5384
6224
-3678
-5866
-2879
-7472
-5340
-1928
5832
8183
1874
6161
2684
6749
4059
231
-8694
-8102
-409
-5963
-8499
2026
-2821
3768
-4980
2066
3387
5047
9632
-6549
8092
857
6756
-5353
7576
-6759
5057
3034
-6407
-9709
-4416
-6391
-2206
5086
-3518
8626
-4462
-3543
4497
-2592
7307
-3801
6422
9304
9909
3505
4260
7180
-6059
-129
-7873
5180
4628
7423
1766
-8563
5357
-5216
9627
-9071
-6905
3949
7795
9500
-4791
6533
-8252
2191
-7874
2163
-5795
3976
7342
-5832
6287
2663
-3287
87
-480
999
1811
-8748
-9095
2800
5834
-2214
-3126
4085
9075
5598
-9993
8877
-8993
4537
2436
-9032
5578
6141
4129
5420
-6255
-7715
3162
-326
7258
-554
9498
-5673
-7702
3257
-5573
-1446
-8930
6258
-6388
966
1946
-5718
5347
3822
-766
-5110
-454
6181
9651
-5648
663
-6859
-5255
1360
877
4271
-8146
-1672
-8253
-4602
1910
6746
-7052
-1756
-3548
2683
3175
-6256
1429
1199
8439
-6139
3350
5751
-4411
-5479
-8310
5653
-7193
9943
-3231
9860
-3001
-8314
-2400
6131
-8466
-9662
7323
703
4933
9636
-5784
-5696
1638
4849
2081
8113
628
6261
-1134
6088
2727
6549
-8696
-3745
-5112
-8662
-6452
-4906
-8184
5774
3331
-2073
9186
684
-1261
-2034
-4315
-4381
-3158
6185
3481
-8968
4826
-3478
-6067
7331
-9426
-9518
2544
4245
7741
-7521
-7415
-4692
-7881
2286
-3826
-638
-243
-2606
113
3183
-9416
9730
2967
3901
7141
3780
3195
-4692
2397
4740
774
-774
-9803
-9255
-6272
-592
7243
-7842
5038
8288
-4274
-8003
-7417
-4077
-8246
6666
4558
8544
1226
-6609
1074
56
-72
-3930
-5580
4186
-9850
-2169
-1302
4764
3381
4163
-1042
-831
6778
3186
-519
-8108
-7128
2341
6441
9875
4844
2402
4394
7082
7163
1443
3455
8719
-7081
8779
9874
-3000
5964
-383
9868
-8725
353
-9930
-3363
9464
8084
6671
-4011
8152
-2559
8973
960
-2370
1401
-1565
292
6523
-8818
7827
8218
5717
6814
4131
5610
-9916
-6676
1876
1419
8966
4532
2812
-1160
3167
5994
-5382
1937
557
5057
-9854
8530
-6305
3062
-9982
-6092
2265
-4114
-9134
2688
6847
-6811
2608
-5531
9255
-8334
146
-7588
5755
-2497
-9183
-7080
-659
-9741
-8809
8533
7674
-3467
6261
3180
-3605
-1237
-6715
-9745
-487
7330
3140
9422
-981
2286
-2512
-6313
7950
-973
9134
4504
5459
8884
9069
-1469
-9748
1248
-7652
6280
7011
2331
1730
-4813
8343
-7727
5429
-3058
-5048
9596
-6727
3371
2785
-9203
-3612
502
7081
3418
8684
7864
8790
-5987
7113
7953
3042
1047
-2058
3078
-3121
7064
9963
-3096
9085
7172
5774
2209
-2370
6256
7153
6108
-6066
8847
9257
-4592
1140
-8831
-3382
3046
1966
5375
4622
7416
-7189
-7146
5008
1188
-1169
-9977
4517
-2193
-4940
-3085
-4402
-3161
-1701
-9340
43
-370
2139
5879
-6568
979
6092
-799
-5444
1701
-968
-5556
9476
-5930
-1043
-6290
-1050
6102
-8711
5364
-53
-2451
6399
-3289
-356
6786
-1052
-7146
1468
1837
-9472
8655
7961
-1673
-5713
-4543
2201
3523
-3103
2367
5888
4812
238
-897
-1252
3001
-5698
1576
-4195
-2458
-5603
4900
-28
-2038
98
6363
3264
-7337
697
-5868
9808
516
1
7568
2911
-3630
-7862
8697
6407
8335
-1002
6604
3293
8731
8925
-301
907
3412
6570
-275
2966
-9121
6971
7998
3463
-1074
8521
-8180
1075
7596
-6261
9543
9467
-6038
-7919
4426
4851
9131
1923
-8755
7967
3343
9099
9399
9582
9995
-5084
756
-5851
-3747
-1897
8982
4593
5137
-7328
-1939
9995
6546
-3929
-6605
-8369
9970
-132
-7839
8520
1159
5161
-1315
-8723
8260
8306
5276
-6204
-1438
4803
-5340
-1550
-3565
7588
1861
8178
-8360
5218
8922
-2989
4611
-507
4036
-4697
-4981
-3525
1081
2133
-8557
-5817
9356
-8123
-1911
3677
5542
7916
1572
-5812
-3087
-288
51
2641
-9531
-1361
-1561
-918
2298
-9641
-7893
-959
4582
-7169
3139
773
-9580
88
5251
6774
5822
-8711
-1353
-6159
-6610
-8652
9975
8961
8169
-4763
1010
5503
-9017
-8971
3869
-7076
-6154
9673
-3283
8136
-1640
9736
416
-2344
-1085
-5877
4858
-942
-8354
-4596
-717
-4939
-9559
2536
2005
-4236
5673
-9468
-6178
-957
-8281
-5309
7741
-9631
9953
3547
8377
5852
-2872
656
4649
1251
-1072
2268
-5390
-3332
7397
-792
6049
-3145
-4181
7597
8604
4319
-8712
-6808
3509
3189
-8051
-9435
2570
6372
-157
-9821
7008
-9778
-1750
-9163
2387
-446
6741
3302
-9882
9041
-1470
-1527
-3798
4555
-4385
4818
-7113
2534
-3111
9376
-9482
1913
5673
-850
7324
8663
9559
3332
-4753
7955
-5629
4830
-7223
-3802
-6188
5016
2914
2255
6063
-4556
6594
1299
-6706
-7873
4437
-3493
4903
4020
-53
-248
529
-5683
-8311
5654
-2255
9986
415
3262
-8863
-3704
-4109
9861
3810
-9946
-6130
-7377
-179
-8427
-8349
6959
-4662
-1368
9021
7269
5265
-6366
1928
3824
6086
-1091
-439
1003
267
-4066
3500
590
-8187
-8836
3769
-9665
6919
-3489
-9329
-4185
-2009
-8841
-719
1378
3904
-5562
-8639
-5761
-8335
-4522
-4491
-7644
-5985
-609
-3223
-7605
7013
-182
4482
-5071
767
7553
8822
-7188
8683
2425
-7213
-7231
4217
-1214
6892
5971
-8120
1424
-8740
6481
5045
-9220
2272
-957
2922
1113
-1035
5439
-554
3462
6883
5055
-2460
-1692
-1629
1575
-5600
4731
3908
-6367
-6461
3983
-6406
2173
1836
-9976
-3479
3388
-9683
3953
-7688
-3720
7133
-2617
8083
-8254
774
4641
823
6206
-2595
-5426
-4058
-2025
-3386
-8263
700
-4699
705
-3178
8446
-7194
8703
-3125
6376
-4550
-9992
6703
-5732
3595
8360
-9933
9845
4605
3269
-3839
4593
4854
5386
-9233
262
-1550
9002
596
9970
-7022
-4776
-5349
-6859
-5870
-3531
-4046
-2389
-9522
-4660
-5531
6940
1528
-9795
3232
-5277
-473
-7292
-3849
-3868
-399
2091
-7600
5774
-9941
-9832
-4837
9332
-1844
2512
-5387
2583
-961
6293
-487
-8588
-6339
-4419
-3602
-2329
-831
5287
-3185
1058
-5564
2464
9702
5347
5670
-8036
6223
7361
-9034
7275
-6319
2168
-798
8375
8662
-940
4938
-4174
8742
-6479
-4844
8694
9360
1932
6947
-2317
-7709
-9596
-2061
8732
-1485
912
-3626
-8529
9291
180
-3195
-9648
-6246
5772
-5672
-7984
-2670
-1861
-3873
5799
-9171
5010
-7384
6783
-7920
-1876
-7677
-3330
1200
8046
651
-5367
-9460
4542
-8095
-8782
-6308
5501
-5358
6954
8424
-9473
7174
-3309
-1182
8018
-6072
8525
-9208
6223
4448
-7941
3149
-1284
4065
1252
-1528
-95
3589
-7241
6798
4506
286
-9491
-2973
-3984
-5177
-1673
601
120
6544
-2096
9196
4456
-6488
2343
422
-5881
-3572
-1269
-1080
2207
9635
7042
-5212
9242
1108
8033
-6336
-330
6565
-3080
-2386
378
-4445
-894
3569
-9004
-8901
-5268
6355
8059
-9043
-7065
9465
-4611
2263
3242
-7139
-3599
-5308
2039
4745
-5124
1965
6702
-9696
3718
2212
-506
-6863
-7203
2756
-5132
-1644
445
5480
-9732
-9343
7953
7733
-993
3756
9849
-1300
1386
-5125
8687
3558
1485
2159
949
9402
3495
-2263
-6180
-4332
3525
-9514
-7556
2537
2771
2703
3392
4642
6125
-4072
-133
-1276
-7162
-7601
-2141
-4198
-9862
-6815
-3432
4353
7488
-366
-9760
-9074
-5020
634
-8494
-8418
6508
-1311
8467
-6947
7773
-5655
-4593
124
-8699
225
-7688
-195
3541
-6127
6526
-3079
3300
-8818
-1951
9318
8622
-2675
-3683
-8414
-2243
-3037
6848
389
-6442
-3551
-5565
-6191
-5185
1340
-2102
9467
-8324
-8551
-6076
1423
2564
4650
6087
-9289
-2379
-8892
7835
-7517
1312
8122
-5699
4412
-8655
3958
-4240
7882
-2861
7953
-6727
-1049
-2637
5706
-3722
-9717
2178
1949
3707
-5196
1375
6982
5747
-2368
-429
6637
5132
-1714
-6804
6512
-3081
-3884
186
-2475
249
-8779
3117
5811
9577
3175
-7237
-2831
-1817
-2501
-4199
-1835
6241
2711
-6747
2848
-7171
-7561
3926
-6850
491
4918
-9590
-2991
8568
292
8183
-3490
-9494
-6671
2908
-5518
-9291
6415
6012
4277
-2976
5951
-4655
-3570
1780
-7465
8476
3079
4638
-6223
9863
9442
-8891
-8487
84
-505
-628
8642
-5257
5790
6463
-8792
2367
-6038
-6264
8833
-1197
3683
9344
-6103
2635
2709
-1505
-6159
2455
9996
1952
4861
-8268
8119
-9007
-4199
4922
1604
-274
2974
-7375
-3343
7695
-4151
6125
-1505
-9954
1815
9950
-940
6773
3286
-8806
-2823
-9824
7504
8213
-3052
7449
-2248
6951
1245
8914
-6330
-7732
7154
2937
-5474
-7653
4915
-6410
4186
-3222
1347
4774
5223
1208
404
-8095
5514
796
-6200
647
5138
-6376
-2880
4992
-1494
-591
7794
1431
4274
-6756
-6727
-9919
9448
-7469
-9583
-2879
-7439
-6191
6316
8620
5754
2164
-3846
-8045
-6042
-6488
-4197
-2990
-699
-7924
3711
-2031
172
8890
7274
-2084
8419
-4858
-2624
-9094
4892
-2368
22
2612
-3281
9351
9985
-4281
5574
8208
3290
-6552
124
15
-2790
-793
-9468
-1564
3481
3783
1784
-1541
-6702
-9386
7473
-7683
-7624
-1758
3436
-6805
-6658
6840
-6024
-895
-2406
-1911
6678
-23
-8705
-1072
359
7176
417
-7339
8213
-8423
-2255
-4429
3397
5984
-3854
-1439
2478
3148
-683
2950
-7809
3418
-4317
7008
1753
2413
2366
434
9870
7065
6074
6428
5579
8702
5110
4237
9565
-5588
-4901
4299
-2834
3412
1344
6012
3743
118
-4102
-7531
2821
3851
7094
2687
4145
3700
7414
-1147
-1031
644
-5204
8172
8766
202
-9891
7151
5864
-7947
1204
-2787
7788
617
-6473
-4839
-6393
-6447
-3605
8364
-1686
7693
4656
1369
6726
3515
-8134
-6528
1774
7361
4599
-5876
-6036
-2176
-6507
8075
-5713
7640
7037
-6940
-8202
-6163
1334
4737
7073
-853
-8951
-2644
-7315
8837
-9329
-8927
1948
-7394
-9559
2728
1914
-3641
8215
6128
-3739
2202
6545
-9297
7269
8227
7126
-8734
-4297
-2134
-4852
4342
6555
-7739
-4429
4197
7050
-2623
2899
9279
7464
470
-9809
5525
-7541
9227
-8588
-6359
9324
9490
3682
9723
-7069
-9766
-4783
4649
-9698
5127
9248
-1189
-4684
8120
-8774
421
-747
7216
-3860
-9785
-6656
-5700
-3918
-2322
-6316
-975
-5895
-4569
-7277
-716
9707
2017
6937
-4402
-5216
-6337
6887
-4954
677
269
6291
2812
-6264
3000
542
9241
-5186
2717
-3776
-3311
6521
4146
8314
2393
-915
-7629
-8923
-5956
9516
-6383
-5908
5938
6037
-2437
4818
4500
6881
-1280
3184
-8552
9856
1517
9282
716
9082
-718
5151
-7047
576
-4158
8859
1791
647
2770
-4067
4257
2330
-7741
-3880
4738
-4321
-1276
4384
5465
859
7034
-9956
-6785
4153
846
-4226
126
2367
-5997
7116
-6504
2656
-9358
-4141
-6853
2716
-6275
6536
-3965
1233
-7483
3444
-4392
-2699
758
-334
1154
-6526
482
9278
-2660
2740
-7871
7714
7756
5149
-336
9787
7312
6995
-3949
-7716
-7336
6165
-4736
-9321
-5090
7792
-8158
-2989
-1160
2757
-3764
-6556
4273
3924
9154
3021
1607
-9721
-377
-1588
-3215
-6274
1393
-9419
4899
9555
-2672
-4858
-9460
-7942
-3912
7677
8766
1762
222
-7964
2492
3221
6655
4406
1280
-9831
-9511
4197
7947
-2764
-8437
6561
6174
7688
-6779
4133
-7462
8179
-2501
9784
7258
-2981
1850
-6085
5759
5285
-1161
5505
9508
-3648
-8356
1843
-6385
-7729
-2452
625
4591
8197
-4384
7059
9912
4353
-8929
4965
-6644
-8501
-2376
-5440
-148
530
-6406
-8042
337
1250
-4691
-6234
9885
-4653
7211
4500
-3727
8106
3770
4431
4486
-5431
4702
8173
1772
-5830
-8795
2628
-3623
-3120
4372
1972
2948
-903
-609
3348
9318
-7936
-7808
546
-7216
1164
6226
-1444
5945
-9842
-6507
1961
7647
-4617
-8125
7984
-3189
-8106
466
2127
3670
-3982
5678
1743
5560
-8105
-5667
589
2016
1949
3985
2583
5459
-42
-7350
5199
8839
-3734
8398
-772
5239
-8604
4304
-9241
-5616
5092
-4182
7143
5382
-2780
-6923
9023
9811
-5809
-4794
107
6689
3909
-2208
-9508
-5946
2489
-8684
8316
9124
5037
1630
774
-7884
1724
4706
4109
-6541
-5226
-1038
2309
-577
-1297
-7100
9725
-1533
3373
6325
-4940
-979
-1293
-2521
-7928
-65
-7688
4150
2826
-9889
-9866
-133
6149
-1309
9879
-6945
3062
8299
9642
3881
4683
-3526
-9571
5914
3737
8421
-4434
8917
-1767
8384
700
1196
6833
-5119
-1232
1801
-1498
340
-5964
-8931
-5394
2351
-5734
5684
-3069
-9245
-7225
7291
-6524
-7523
6932
446
-6305
-4696
-4740
1840
-173
-9339
-8746
-6184
-8312
591
-1262
1026
-8616
-8039
4035
4808
7254
-232
6903
5843
3372
-514
-1402
-4714
-5086
-4203
1481
4348
357
1887
3476
-3073
-525
2504
6021
-5264
6961
2783
1706
8224
11
8449
-9742
820
-5905
6903
9793
2249
-1631
7062
801
2973
6585
5499
6313
-4178
-9637
-3957
8721
-6781
-8610
9547
778
3595
-8364
7074
-3175
-519
1688
5250
-7010
-3790
7344
-5912
3450
-5148
-2906
2407
4357
1008
6336
-1582
-3189
1382
-807
8298
2566
4266
-8568
-3310
8392
-4491
9835
9650
-1151
4952
-4972
-5838
1141
6028
-8077
8621
-856
8928
3621
-5596
5089
-5714
5798
-1846
9263
1369
-6930
-2651
3290
9775
-9466
4514
-4244
-8837
-7151
-8959
-8459
-7849
6378
6978
-1151
-7727
6506
-4246
-2563
8653
-6185
666
-1513
6690
2463
-3658
251
-6257
-2806
5817
4349
-8771
-9544
-7047
-1024
4947
-7590
2701
-4843
4090
2516
3568
1532
3490
-3765
-7446
2843
-6812
-9339
-6043
7429
-2719
-8910
6294
3462
-5958
-176
-9272
-9158
-5567
-8796
4277
7815
-6330
5946
-368
4059
7
7105
-7633
-5262
5900
-4880
-8867
-5475
7617
4324
9623
9964
3641
8914
-4470
-9643
8755
-605
1159
5622
-2344
8699
980
-2587
-1253
-9477
-7943
-8321
-3936
4552
-4148
-1328
4470
4367
-7354
3933
-4764
4568
5772
-716
-7005
-9795
-7346
-2323
-271
956
-9489
3492
1051
1530
-7035
-7611
2371
-2241
5526
-5590
7558
7354
-5696
2028
-1562
9757
8267
3999
7114
555
7276
8238
7878
2541
-9591
1889
-6282
-1541
4902
-7627
3389
-7647
6719
-1335
-6583
7222
-4400
-8224
-9433
-7732
-9918
4769
690
3847
3761
-9498
-5879
4171
-1771
-3448
-4167
6279
3425
1473
-6952
6937
990
-8062
-1625
4974
-2856
-3929
-7819
8793
-8813
-2478
9521
1233
-8628
2592
2075
-559
-9848
-2754
2331
7894
-7658
-8023
-3580
3955
2753
9565
4240
5762
-4579
9216
5280
-3420
9280
-4409
5512
5940
-1727
7754
-5993
-535
8806
-7963
-4512
5253
4800
-8247
9224
-8380
-5893
7701
9067
-1545
5005
5500
-7928
3286
6184
-1726
-5693
4271
9298
-842
-1374
-4546
-7638
-8503
-7673
-8354
-8355
-6350
-769
-124
9459
9970
8963
7722
2085
-7231
2121
9037
1285
9733
-9237
-1597
-7717
-7080
6485
-1739
-9495
6729
2502
-9242
2625
6938
-8592
-6649
9077
3895
6963
-4904
7288
7921
2824
-5377
-502
1401
6173
-216
-8904
-7478
-2181
3904
571
9191
8966
6966
-5819
-3961
1830
-6602
-1869
-3968
2380
3485
4851
-7847
4901
-6562
9899
8626
9461
-7665
-4201
-2406
3652
-5344
-6274
-5431
6547
8209
7894
9547
8733
-1898
9057
1884
6576
-3123
2834
-5933
-3248
-388
8830
9970
2465
9171
6031
-8321
-8439
-4449
-3390
-8744
-9985
9968
-2789
2894
-2891
-9105
3322
8789
4702
-2167
-7221
-5467
319
-4021
6821
-220
6947
9715
4881
1606
7868
-4310
9824
-1612
8503
-3134
2001
-7745
-3652
-8827
4263
-8744
4842
2317
7946
1231
-5597
5703
7023
-866
8694
-7867
-7966
8581
-8289
-4872
-229
6295
3865
-2120
1435
-4124
-1049
-2588
814
-5592
-6624
6439
-298
-1510
-9058
8032
-4358
-2546
-6658
4900
-5125
1201
-5110
-4487
6180
3398
-6375
5278
8658
-6142
-3018
8951
9893
-2976
3014
3234
2197
-2132
9960
-6828
-3112
5553
-2833
-7378
-6164
-6283
8081
2410
-269
8289
-5015
-3344
987
8297
6174
1239
888
4435
-932
7368
4031
-2849
208
6140
1185
-97
8654
-4600
-55
-6636
5904
-5940
2760
-2478
2993
5887
5667
4060
3536
3960
-7500
9866
9429
71
-2864
-3495
-221
6450
-5317
-7720
2779
1571
5144
-9376
929
9070
4355
-186
1513
8492
-6199
5185
659
6443
591
-9634
-3786
2412
-6796
-8973
-5207
-4927
5150
9775
-4694
3371
-1242
-6750
-1824
65
-9129
6125
-5748
-8191
4071
-5332
-8541
4462
-8758
-3856
-7520
-6278
-1168
-102
314
4665
7715
-5178
-6523
1119
-5774
-5681
-1114
-1726
8167
-27
-4847
4463
-4373
-8891
5954
-7645
7980
-2301
2523
-3591
-5012
-2725
8508
-2373
9016
-7070
-7722
-7752
9249
8488
-8909
3418
7576
-2260
-6448
-7782
-8288
2825
9949
-109
3629
-3934
-4944
2078
2180
1749
1240
-4179
9383
-7681
-1464
5894
-3156
-6590
-289
-6524
-6088
2278
5927
5675
5151
-1611
-1807
5340
7059
3212
1777
-982
-1099
2830
8855
1538
-8336
6947
3561
-6481
-3420
-8061
-3381
6225
-4858
-9007
5755
231
-2990
8289
-9000
-9482
8126
8147
4127
2508
-8530
3164
5598
-8373
234
-1180
-4290
9118
-7890
6668
-1093
-9062
9358
-2986
-9011
-9707
-9286
4493
849
5146
-2952
-8055
-6312
-1251
4058
1267
-7550
-9688
3142
775
-8154
1090
-9831
695
-539
-2622
-5194
-7554
951
5124
-100
9788
-4379
-8036
-530
8790
-8016
1413
-4473
-3929
6628
9876
717
-8424
-9400
3004
-638
2099
-5223
-5001
7889
-6678
-805
-1423
-5103
6723
2152
-3251
-4132
-7940
3073
7611
7447
-8495
7775
-9412
-9586
5345
9806
2907
2951
-8774
1457
2693
6893
994
-372
3342
-9362
-3661
-9088
-3058
7051
4935
1378
-2259
