-3390
-9350
1172
-3445
1885
-9294
7056
-6347
-2078
7588
-5044
4646
2095
2174
-1573
570
-2879
3691
-8809
5314
-6176
-6906
-974
530
-2525
7961
3047
1832
-461
-9862
-1153
-2047
-4777
9582
-9685
-3577
4598
-2556
4461
3897
-7236
3486
-5080
7880
1723
-8954
9282
2036
-8279
-6882
915
8552
7851
-3049
3673
3532
-207
2234
7148
-9477
392
-9159
4453
9590
-228
-6454
-7217
-6027
9837
4833
9642
-1572
-820
4028
8699
-9180
1656
-7764
-4668
5139
4645
6484
-5295
-6427
-6744
-2297
7046
8543
475
2388
248
-1085
-6507
513
-507
-7553
3519
-8238
2829
3079
4686
6016
-3784
7510
-9137
6775
3168
-1076
-5657
8344
9168
-2367
2075
2523
-4352
-3932
1800
-8535
-2026
-5033
-6191
-2613
8292
-6360
-307
-8610
8888
5434
420
8709
4165
7064
7814
1595
1515
2950
7474
8826
6592
-5982
-6380
543
-9822
1209
-2016
5740
5362
-2666
-5583
-8514
-384
-3915
-8664
-9922
5063
8975
2707
-9820
-2206
-8592
443
-1892
-2793
1490
-370
-3234
-6251
7390
-6922
-571
5573
658
-3327
7098
-2469
-3480
-175
-1481
2870
8441
4504
532
7059
8613
-3456
6049
-3537
7762
-3590
-5861
-737
1157
-5433
2697
-978
1990
-3353
1816
5477
-6700
-2140
7839
2487
3979
7159
-8646
2354
8174
5143
-6120
150
6156
8008
9804
9320
9586
4534
7650
598
-1210
-2014
-302
-4548
9406
9528
6797
8543
-5949
9327
3139
2063
2725
12
9715
4681
8027
8339
-7261
236
-979
-2900
-3511
-2069
4008
-2427
3090
-3084
502
-8561
-7222
-6463
9414
6448
-7729
-4041
-4054
-295
1827
5936
-2559
-9720
7581
-9562
4917
411
-6311
6522
-4932
-2308
336
1813
-8321
-9007
-6687
6175
-5320
4810
-8353
1158
7438
9706
-5592
-43
9153
5554
-4682
817
4845
3778
536
7181
5054
405
-1753
1514
-3545
9814
-3262
-2668
-6573
9355
-6082
529
-5689
-5690
1083
-3084
3857
-4904
7216
-3773
-1868
4269
-8858
-6455
-385
-7580
-9056
5378
597
8893
1677
650
-655
-1252
-1162
434
-4097
6855
-2140
-6423
-8953
-5084
-8122
-8271
-573
2467
9336
1024
-4488
8055
-6656
5450
7194
8380
1416
-3724
-9458
4914
-8731
6212
5610
-3733
3849
1295
-8855
-5402
4881
-6718
-2176
-4109
8511
-411
8840
-9417
-9537
8968
-9338
4399
-9631
2175
-1129
-2280
-3614
1389
2542
-6019
4563
-830
-9051
3492
1416
-8423
-4458
-6074
7115
2251
2510
4696
-8303
2484
1000
831
2508
922
1504
1138
7064
3478
9391
1091
-786
7024
5872
4956
-7891
-5960
500
-2143
3374
-3195
4398
832
9999
-9308
3241
6360
-2961
-6472
7598
1423
-6209
7589
-6757
1028
1023
773
9328
-7040
6485
-3961
9457
9229
-7990
9582
-3676
3886
-654
-2672
-2934
4809
7996
-5160
6342
-4633
4409
5416
5256
6460
3195
483
3007
484
-7770
9220
1913
2305
6109
5698
-9726
7604
-4880
6639
2170
5241
6531
3911
6755
-1877
-195
-835
-6675
7350
-2454
-1979
-9582
-2706
-1450
-7324
8790
5287
6770
3317
4531
-2959
4691
-2861
5661
2561
7647
989
-6553
6004
9325
129
3410
-4165
-9934
5156
1519
-5277
838
7597
-7955
8475
-7445
-5519
9593
7500
-5774
-9603
4818
8966
-899
9709
-3309
-6136
-9127
3637
987
6723
799
9609
-8778
7009
8254
-6735
-3552
9890
2990
2630
6587
-302
-3584
8260
-7663
2854
-8630
-2651
8602
-4820
7960
8067
9155
-2337
8515
5912
1571
5461
-1694
4100
2296
6251
3722
8339
-2789
-5761
3600
-7352
1117
3179
-1439
-510
-7192
7693
8388
7485
122
8837
-5810
4758
9313
3020
-6847
9763
-5342
2141
7448
1202
6102
1108
-9159
3139
8331
-3386
9235
6413
-908
-3701
1694
1460
-8971
5033
-5255
8007
1800
-4861
2345
8617
1103
9295
8712
-5166
-8541
-2332
3182
3551
-4610
-7960
-1498
9453
-4428
8207
5540
-4771
1831
-5973
-5108
4789
-7129
-3602
7485
8054
-9126
1983
-8543
-7159
-3018
4155
4230
-2952
-7321
9194
3062
5023
-3329
6803
-8379
3416
492
-7877
5109
1662
-4604
-2790
-2548
-7070
-2710
-6791
9041
270
2332
3986
103
5833
-2732
-9798
2664
-3018
4103
1343
2852
3512
8380
3893
5732
7710
-2497
-3575
-6940
-6903
2824
232
6684
1925
-9177
-1289
-9783
19
-5518
-8995
-2020
-1416
5729
-3609
-5486
-1671
3760
2137
-4274
6983
-3905
2782
9310
9256
-344
1498
9107
9170
9798
-2559
6632
9166
5584
2166
-1989
1866
-8094
-3341
6733
3333
4739
9596
-6697
9261
-8593
-9169
6318
9628
-7509
6759
5161
9410
-694
5029
2913
-8252
4920
-5955
746
-3286
1542
8906
-9938
9123
-8050
-9622
8006
2373
-2314
-5944
-4945
-3943
-7940
-1904
-1541
1985
2746
-206
9611
9829
3719
-9208
5908
620
-388
-4347
5002
-2352
-8681
-2256
-6456
-2419
-7092
6714
904
-2450
7172
-4119
7421
5180
-8435
-5388
-1073
3695
-4742
-3580
-4487
757
2604
9628
3809
169
-602
-1209
-180
-3566
9589
8715
5736
-384
-2595
-6838
-2150
-9476
8784
9187
6743
-9949
-4464
9914
-4936
-5202
8457
-4108
9650
555
-5854
-9232
1889
-9707
-3751
-4014
-1343
-8243
213
-2992
7108
-9999
-979
5866
-7316
2089
-7741
7521
4850
-3081
-7042
9667
789
9993
8750
-5371
4388
-4189
-8530
-4420
6904
-3437
1638
-7719
-3406
-5105
-3750
-8226
278
-7985
-9830
-49
8583
3267
7242
9003
-3407
7345
-5589
922
1350
-8807
-8976
3468
-5622
4154
9999
1146
-3077
-4621
-6036
942
-6174
-9899
-8773
8510
-9045
-2389
-2250
-6242
-4643
-9767
4439
-5606
-7224
-7603
-2789
-6088
4792
-1677
-4347
-9052
8916
-305
-7646
2562
-1909
-9747
-8410
1742
7135
-5017
3527
-9316
4518
8498
-1778
-2724
4405
6899
-6527
-6064
5704
2221
8958
4972
-1747
1741
-4369
8087
5109
8606
-1672
9182
7441
-3248
9206
9723
4196
1685
-9339
-7449
-7658
-3977
-6390
-1412
5567
8555
1529
197
-8583
-5306
-8856
-484
-6233
6852
2561
-6223
-4656
-8464
-749
3701
525
5886
8733
-2209
3075
6662
5687
-6444
-3436
9327
6073
-8772
-627
3611
8310
8316
-2601
-9208
-7781
-6739
2390
8274
7488
3074
-6639
-5767
-6554
2153
7824
-2938
-4600
3782
3176
7449
-3106
2837
5144
-8041
-9354
2578
-4840
-3509
2860
-335
8950
-8909
1778
-6987
5987
-3727
-8100
8762
-3321
-3788
5040
-1037
-8987
-5136
-833
-4243
-3186
1979
600
-4100
3178
-1496
-1223
-3688
634
8509
7569
-6149
7709
-4833
-6424
-95
4261
-5730
-2696
2836
9023
4855
1941
7710
-7411
-2729
-1257
3680
-3124
-3844
-2276
88
4483
-1456
-6923
-4068
-6902
-1909
-831
1289
9649
2604
2028
6256
6187
-5338
-9249
-5429
5215
-5282
-3836
-7182
6405
-9795
2179
39
-6376
7158
506
-8067
1490
-356
9843
-3920
5459
-2407
-5992
9672
1653
6626
9768
-7085
1684
3728
211
5661
-7203
-2075
4095
-6435
-8090
-5568
-6139
-8992
8577
7347
6585
1858
450
8411
-9909
4574
-3237
-8950
5256
2199
-7068
-1642
-3195
-3137
-9387
-2117
-3912
-7912
6815
-230
5543
8661
-4901
3913
-5157
-1411
3955
-2179
-1106
-3647
-2132
3563
1331
1202
6886
-937
8755
-1354
-9844
-47
-3551
-1488
-1939
3533
6975
-3069
6860
-6116
-5413
-6449
5196
-4916
4285
9439
-6051
-2736
-3184
3601
-5757
4431
-6395
-455
6720
7251
-7339
-2264
-2794
1663
2766
-8210
5505
4706
-7822
8325
5038
9010
4573
9297
5212
-2364
-2110
-7242
-7016
5683
-9792
3647
2625
-1273
-8997
3795
5139
7168
-8046
9433
-9482
-72
4043
-8767
-7622
3323
9292
-7501
1627
7033
2048
-6235
6380
4992
-5003
4241
4587
-9968
3342
9111
-7524
-54
8416
-1336
-6726
6334
2504
-9389
311
6187
3757
7313
3499
-8574
-9650
7486
2828
-2805
608
-8566
-112
-1868
958
-7105
-4511
-6543
5399
-7310
-2703
7497
7841
3356
-1749
-5822
6749
-7240
6325
-2971
9245
7790
-5430
58
-7115
8189
-8394
2571
9977
-731
6353
-948
2685
-5551
-1582
-34
-2689
1330
3823
928
-4203
7690
-5646
-3089
6944
-4875
9955
4534
1154
9721
936
1672
-2344
4662
-191
8741
-7383
-9713
1114
-5043
1655
4103
8067
209
6111
6493
7780
-2923
-7907
7529
4532
-7573
3972
-3937
-674
-9178
-7687
9794
4057
-5409
2632
5846
-4545
5022
6896
-1313
4414
-7059
4366
-1099
-8275
-8975
-4554
-710
-9119
6261
9603
1722
6838
5489
4075
-8315
6211
-933
-5888
9344
-2840
-6034
-5690
5773
2496
-6201
-9269
-9733
3230
-758
1298
7526
-8181
-8383
-5905
-9963
1711
-1556
4291
-2941
-8771
-157
9275
8435
5308
-299
5384
2537
2777
8800
-5929
3472
-6464
7739
-8656
-4475
9631
-6529
99
1431
-2128
-4576
4682
-3225
-9514
-2928
3776
-874
7024
-1339
-8262
3239
4128
-2796
8187
5390
4435
-5504
-5277
-5869
8768
-9608
9796
-2581
-3525
-8354
6626
3346
7957
-6585
5066
406
-8714
-2432
118
4337
-3864
-3505
-7532
-1324
-1411
-6474
8476
9482
4980
-5993
-8580
3492
-4614
4226
5446
-7168
-6143
-5618
-7375
1069
-3056
-4177
7515
-3961
-2479
-3415
3813
8732
918
5229
160
5176
-1445
-7144
-9839
-7075
8019
-2909
-3500
1260
-1157
-4737
-3829
3144
-7545
1131
674
-4720
5285
9880
-7781
9742
1271
8892
-4413
5255
-9457
-3465
7590
-4460
-9820
-464
-6868
9960
-1737
-3925
3441
-5268
5850
2662
-2800
-3045
7403
-1143
-3900
-4294
-3665
8289
-3261
7780
6538
-2917
7844
-9168
-7053
2186
-973
8284
-1116
603
9605
-694
-7800
4336
-4447
9355
5599
1796
-1211
1027
-339
6299
-8557
6648
-1318
8287
9847
-1612
-9750
-6634
7637
1743
-8858
-838
-5281
2513
7982
-5786
-2637
-9743
-3074
1963
-886
-9686
1809
-4996
-169
7520
-4335
-6388
-5860
-3004
-6883
-181
8386
-5343
2182
5247
-3182
8363
4835
-4296
4629
9770
-9904
-7645
-6461
2292
7374
-4461
8116
-6098
-4567
-5093
4506
6330
-6334
-3123
-5408
-6896
-9152
8667
-7740
-7023
-7177
4011
-5894
-2088
-6926
-9473
4195
4055
1824
312
5167
-2479
4784
-4990
2378
2228
9126
-2238
5176
-7815
-3197
8867
-4793
5330
-7381
2125
-2423
-7416
8217
8432
-3246
1241
-1789
8841
8996
3224
-720
-7939
-578
-5907
-5861
5863
-4222
1869
-3848
2388
1617
10000
-9968
-5210
-6942
6665
6862
7573
-8149
-7082
2365
-5067
-872
-5976
-7771
6884
3005
1101
-9764
-146
-5724
8493
-6471
-6801
1933
5252
5386
-7936
3064
6854
-5586
-9039
889
-5188
-8996
3032
-717
5515
-1688
7438
-202
-6417
-5069
2259
5709
14
4051
-7339
2669
59
-386
-7358
5103
-4017
5962
2527
-7004
-209
8525
-7916
4362
-7045
6651
-5609
6309
-6953
-2810
-7897
4777
-8271
-7626
-9557
-7001
-8300
-4964
9414
8383
6915
-232
-6648
-5095
4389
-737
-5694
-4880
-5293
5670
-9188
24
5631
4222
9859
-7654
-9261
-4917
-6598
-7089
1372
-3361
4213
-901
-5886
-6606
-6982
6724
-2052
-8996
2130
694
6488
5404
-5379
-9136
965
106
-6988
3231
2613
-971
-4404
-3037
3901
-6705
6704
5661
760
-9997
-7450
9079
-8693
2377
-9519
1901
-3578
-2137
-6517
-6528
-7169
-4981
4995
3912
9095
7391
-8315
-5911
249
-3743
-4037
-5697
-5016
-2389
-7193
7460
-1697
-979
-1026
-6083
8066
7723
-7433
6284
-3733
-7952
-9912
3455
2862
9419
6591
-9298
-8616
9740
1468
8932
8281
4625
-2658
-883
-8973
-4494
-5
-5223
2429
-1830
3544
-2160
4659
7514
-4767
8074
3596
-3907
-5127
8080
-8177
934
-7736
8521
6937
-8860
-7133
-7009
5980
3957
705
-5026
5107
-721
4259
-1063
1795
229
-881
-2402
2780
-8406
-8294
4701
8794
-2208
-5005
-5586
-6639
3615
-1241
4277
-1682
-394
4946
3493
7178
-2956
-4237
5234
5013
-3474
-6035
-8790
-428
-4305
-3737
4806
-8815
3600
4760
-6515
7071
1225
-8188
9793
1497
3957
7381
7511
9089
3261
-9982
9043
-329
227
1561
1168
-3660
-8756
-2424
-4515
7963
5985
-2978
6972
6869
6123
8146
9152
-7995
-1933
6808
1952
-3178
-1909
-9841
276
1353
-2752
-3019
8058
6745
7200
4764
6340
-6688
4496
-5588
-8475
-825
-1104
-7146
-6717
-906
5397
-5050
-376
-5344
-3745
4817
-8531
-7338
2624
7833
-3717
-2381
544
8950
3005
-7194
1837
1503
-3207
6298
1292
-6350
7158
-5627
-4600
2770
7939
-1670
1836
2877
-308
7906
-615
1726
-4736
1038
-7942
29
6453
8729
-4164
9263
-5203
9532
-5666
-8760
7495
-8889
1679
-7278
-9895
1864
-9392
-8630
-9322
-567
-1786
7918
-2749
-1148
-8432
1165
-5188
6788
-5395
9330
1310
8921
8625
299
2430
-1997
-4804
-8264
-4782
-974
61
-1535
4286
-6226
-6166
2502
-8354
8289
8654
-4088
5124
-8753
-9499
6701
5509
-1251
-6969
9864
1938
4592
-4518
7554
-751
8205
-882
1676
5732
-4832
-8254
5328
9253
9100
5848
-2401
5910
7537
7
5025
2212
3858
6652
-5172
-4439
2572
-6151
-8126
-1958
1080
6294
4272
7391
-3733
-6725
-3370
1377
-1219
-4846
-9293
-4217
-8181
848
-7714
4737
-5459
-9255
6075
377
-3966
2224
280
-2457
5320
-5582
-9025
9941
-9708
-9046
2801
2620
4458
-5422
-649
6439
-1356
-5949
4427
9833
2543
2595
1794
-6636
-4650
-6482
4696
-1784
-9198
-8902
9359
-5266
-6452
9700
2113
-1022
-6765
-8262
-3132
-6701
458
673
-8724
-6863
8634
-9584
3576
9477
-1069
598
-1455
-5863
3456
-3143
-9161
-2016
7139
-3792
1825
-6376
-4599
3921
-3016
8635
-95
238
-3795
8865
-1608
8769
-1611
584
-3600
428
-524
4070
-8537
-725
-7782
8100
-7417
-7852
-4242
-6201
707
959
9007
-9165
8529
1674
-9206
-8029
2653
5520
2716
-6888
-5242
-5191
-6349
2339
2092
-5927
5547
4173
7042
-2660
-8617
3673
-7211
2434
1341
464
702
3981
9090
-215
9873
-5417
-3405
-7128
-8309
2446
-3320
-315
850
-8712
-6422
-6148
-3898
1464
8810
-7092
335
5045
-2711
-8314
6684
-4454
-5628
-8206
1149
-6501
-9716
3722
4080
-9673
3827
-2366
-3777
-791
-490
5841
-9333
-602
-6519
-3319
-5806
8255
3898
-2755
-9719
3533
-75
4515
-3787
1980
-569
1506
3769
-2254
-5798
9962
-5379
1190
130
-4879
-3029
7974
7406
-266
3961
-1070
-3408
919
-9045
3037
9612
-8701
-7590
6590
8504
7820
2087
8486
2109
2999
3297
7348
507
-7202
3013
6605
9186
-1150
-7884
-6416
-1661
5396
-228
-3618
-5559
-7461
-643
-3088
8640
4904
1182
6698
6847
7935
6884
-1328
5108
512
-4138
1075
4264
-5254
1919
9280
9134
-7041
8886
-66
2644
-413
-4666
-6235
-2449
-2284
9560
-3810
-8650
-4972
2502
-863
3430
-2233
-2873
5974
-406
-1762
-1188
571
7199
1408
5531
-3893
-2417
-7949
-1437
-3195
-6030
2969
3514
845
-2524
-9370
8067
-5731
9306
-1639
9046
-6777
-3235
-8627
4803
-7450
7999
4864
5309
-6901
3173
6991
9940
2542
4310
-3377
7856
6953
6187
-2505
4428
-4125
-142
-6561
6347
-5538
-1241
3655
-3646
2569
2901
949
9776
2201
6811
9069
-5161
5323
-112
4724
-7105
-7537
7925
-3612
3554
7969
-21
1204
7260
8791
-5990
4056
628
-6734
9851
7060
8960
-6800
1856
3251
8388
6337
4598
7350
1570
-9865
8980
-4288
9269
7290
1606
5189
-3816
1146
8202
-576
-1834
-1043
-992
9775
-7822
2685
9788
4731
9951
3969
-9523
9257
9901
-7522
-3408
-6415
-9184
8077
9435
4400
-1475
8109
-7248
-9965
2490
-4752
-4966
2450
9776
-407
8442
-1202
1933
-9924
-2579
1381
8335
-3738
9197
-4725
3043
81
-4707
-296
3120
1341
8500
3115
-5227
3849
-4484
-7104
8918
-3164
-740
-5828
4394
-721
-7919
5018
-5380
-70
1591
4663
4534
5480
-8783
-1319
-7862
-683
-4879
-5650
5795
1038
50
1765
1736
-2799
-726
9199
-296
3128
-1550
6750
-4633
-2293
9177
-5328
6939
5332
3660
3724
-7086
-9037
3124
-8462
2679
-5679
7150
-3721
3029
5864
9555
4998
5505
3980
6241
1421
9312
2640
2664
-6751
-9662
-2378
1284
5433
-2094
-6813
2941
5515
-1781
-8448
-1947
-6935
699
-5569
3921
5040
2564
-152
3178
1352
4538
-5135
4281
9781
-557
705
-6966
906
-6164
5225
-8571
8975
2279
2566
-4157
4230
9663
2250
3721
9616
3009
2552
7373
7223
-4052
-2337
5496
-4872
-5002
-5383
-4206
-5396
-64
-7457
4200
3025
-9899
5186
9674
-52
511
1081
-6107
-3215
1690
8586
-2252
-3898
8642
8844
-2262
3469
-3093
-9963
3607
7276
-9678
4430
922
-6357
9554
2182
-9252
-5276
-5699
-2255
2359
3490
9438
691
-8356
-2873
-1580
-4168
-8875
-623
-817
8602
-6206
7181
8294
-5542
-1204
-6739
210
2005
7427
-1196
-6594
-9251
-648
-5561
-9122
5386
5053
3270
-7682
1224
4004
-1379
4985
5146
4820
6057
-3784
6886
-7297
-7940
1264
-2248
1508
-9234
8937
-1318
-4448
-6001
-5111
-27
9937
-7250
2544
5702
-1142
-8868
-2406
2016
924
9905
8397
-5220
5446
-1641
4507
-6875
-8795
8181
-7345
-4471
4353
-1502
7388
4081
-6460
9348
-2068
8836
-1157
-8769
1531
2699
-655
-6586
-575
-6119
3915
-9294
-7176
-3217
1087
-2556
6686
313
7687
-8931
-3575
678
6853
-3408
8818
1605
-4764
6241
-7625
1158
2658
-9928
-4970
8518
-3196
6141
-4221
266
-5107
8552
-7664
1026
-3754
-1272
-7378
-3123
9471
-7802
3905
8873
-9138
1696
1031
2309
-1135
9600
6328
5433
-3744
-9062
-7679
4058
-9047
-191
4271
7873
2877
-1203
1633
2908
3495
-9061
-4201
899
-7913
-9656
-6339
-9218
5861
3486
-131
-1582
2245
-2928
6644
-9488
408
561
4754
-3481
-9734
2909
3864
1425
-9746
-8804
4901
7443
-7102
-6883
4141
-7439
-2019
9491
-3828
-1448
-4523
-4686
9459
-4542
3152
-8462
137
822
8017
2469
4054
-4849
-1080
5314
-5290
1247
-8513
-1387
4755
2503
2493
2603
6640
-2542
3887
8612
-4208
-8195
-3937
-72
-8236
-3445
-3670
6185
2041
-7279
4918
706
1103
-8521
-1414
-6014
5317
-243
1954
804
-7421
-470
-7889
8569
9041
-5617
-1270
-8389
1053
-6334
-1163
-8434
-2161
-6923
9855
8889
-6283
-7132
2259
3112
-7379
-949
-2951
-7768
7067
-374
764
-2746
-8691
2234
7285
8628
8668
6330
7990
1342
-8493
8527
4994
9349
9976
-9695
6010
-1228
9097
4405
3544
7234
-4755
4116
4830
3016
5877
3118
-2919
-4954
918
4599
5859
3189
5770
-1635
-2669
7311
7572
9737
-6256
-7595
-6321
2045
5321
4477
2838
7240
6829
-8693
9441
-4517
8297
-6034
-1708
-2343
-9431
1988
3208
-3485
6469
3925
9217
-2454
7602
-9308
3664
-4616
1821
-4459
2204
-1814
658
-7081
-2118
-4327
8057
7325
3358
-8437
-4645
6890
-7950
-7926
-9734
3538
1113
9158
7465
4021
2680
-6621
-7146
8312
4498
-8234
9086
-9509
8542
-6131
-4103
2939
1459
-1823
-3862
-2392
-4521
7130
9422
-90
1328
-3604
5449
-3584
-2433
2612
8428
9496
7847
5521
9933
-6506
7643
4334
1306
822
9962
-1208
8334
-8518
1191
4983
-5757
5745
3482
355
4056
-4192
9734
8786
8219
-1584
-5173
7814
4005
3549
-4759
7597
-7309
5912
7922
7081
2093
1182
-6533
-1652
-4566
307
6231
495
5646
3360
8782
-4383
1764
-9666
5528
-2885
7867
6404
-8832
-3899
-7242
-8213
9913
-8570
-2606
-1739
-3336
3272
-4452
2779
-396
9725
-5883
1129
-43
1245
265
-104
-5534
-8290
3679
-4352
7367
8174
8190
-2923
-3706
-5374
-8130
722
6854
-5505
-697
-654
-2578
-6713
2168
4649
6831
5424
-4494
8989
3172
-2862
-7803
-3835
5204
-7050
3213
4483
-1614
-3980
-5234
3183
8756
7636
6478
4106
4151
7152
7495
8653
-1198
-5183
-3144
7685
-1634
6420
-9788
3723
6052
2058
-3453
3707
-5650
4392
6900
4878
7687
-237
-8515
8195
-4282
-961
8032
-5470
6216
-1113
6553
6330
-5862
5142
-8121
7731
5808
6812
3514
267
-8121
7433
-5157
-2103
-9023
-95
1595
8210
8500
5221
5959
-311
-1853
-1536
-4740
-7961
8104
7853
5589
-584
4860
8431
-1407
4913
-7202
259
-663
9317
-4403
7880
-9056
8504
-6510
4531
-161
3395
3286
-7570
-3935
-4084
384
6456
-8568
8019
-9414
-5281
6982
2406
-401
5053
4177
1089
-9306
-2110
7470
-6357
-7144
9471
-2289
2568
4213
5342
6371
9650
2869
912
-6271
6037
188
-7153
-7615
-9607
5225
4587
-8448
-8997
-3465
-9630
-1829
1010
8765
-5984
6819
-4255
-3332
3300
-8547
3504
-4571
7463
-4681
-45
-7178
6278
-1418
9677
5319
967
-4160
-6884
-481
8797
-6215
9937
-4621
3747
-337
-5060
-7587
-9234
4206
-3798
2087
1645
4621
-984
-6893
-1422
5401
-9468
-7848
-4272
-526
-4987
5026
-9519
5042
-60
-5264
-1472
-3845
-6630
5941
-4585
-4952
1556
-4753
6628
-1612
-1455
1973
587
-2371
170
-9851
2094
-4101
-7637
-1425
1212
-3786
-419
8906
-6531
1752
-1520
1525
5864
6869
-1057
989
-5439
-9697
-33
-3512
3004
-9317
8470
5280
7251
4421
-2020
-37
9499
7353
9004
5466
5344
-1322
-2098
-8119
-4078
352
4939
2002
-8293
-8805
-6853
-3490
-2887
-2296
1490
-1874
-390
-6028
-7147
-8588
-3518
-7025
-648
-5512
-2694
2208
6234
-1687
-1864
9004
-3156
-8630
-3387
-4790
6655
-3557
5333
-6377
7311
2087
-1572
2705
-5820
-1955
1324
-9867
1461
-3106
5965
2771
-7897
-629
9989
-5437
-2968
294
6261
2611
4030
9765
1182
9821
-5781
5558
-1861
-922
-1813
757
95
309
-9544
142
-861
2665
-8065
4981
-9757
8102
3370
-5105
4124
2320
9948
-4646
4336
4886
6343
7895
-8747
-7426
7220
-5183
9844
2995
9501
6148
3921
-4470
-1923
-3330
6944
748
-2958
771
9058
-3075
-3298
-6884
-9728
-9392
4126
-1676
6888
6853
-7502
-7630
-3352
7587
6148
-474
-5020
1269
9347
-6991
4450
-9062
-6563
1674
7012
-4079
7201
-6854
-7799
-3355
-4271
-4135
-3951
6023
6892
9732
3619
-7749
-8406
5613
5882
-5149
-3317
3124
1712
-8925
7625
3507
5873
4164
9597
-2263
3033
4980
4590
8737
-197
-4718
4560
7035
-9145
6443
3077
9540
8515
-3177
8386
2093
-2622
-9311
-7016
7626
-2522
-4865
7965
-8541
5705
9708
-4536
2168
3748
1782
329
-6243
9231
-2376
-8481
-7703
3264
-1154
-836
6645
7823
4968
-3996
3233
-1290
1433
6042
1117
6809
-5077
1064
-33
-8992
-1488
1767
1400
163
5379
-2590
-2242
8752
-7866
3644
5410
-5112
9743
-1866
6391
1320
-8413
-2094
7089
3881
-6126
4785
-8727
-6393
4827
-7758
8121
4542
-5564
-7465
439
7422
2386
-9136
-4408
-6331
-9813
4028
9901
-6023
-3565
-3680
4853
-5284
6398
-5287
-8734
-1424
9757
-2641
-2646
-7668
-8246
1461
-2106
-9329
3656
-6570
-6900
6549
-9430
-6154
-658
-3450
-8073
-2713
7347
1994
-1744
-7156
6726
-8965
769
-1119
9474
-1122
2324
-468
-36
-4315
4211
7087
-9834
1561
-5523
309
-6029
-7223
-4773
4292
-8844
2396
-6199
4602
5381
-1669
-8942
7056
9342
3390
-2639
8832
-5805
9233
-3162
6619
-4194
3291
117
-7672
-8230
-5115
-3076
141
9653
-9464
5704
9574
-6276
7254
481
3847
9285
-19
-3949
-7579
-720
57
-9806
-7257
7499
5874
-5657
2299
7616
-3394
-3113
2698
-1051
4031
9928
5465
-5012
-6737
-47
-4639
3472
1005
-510
5452
-9586
5159
-6522
2664
5079
6957
7817
-7174
-2786
-1776
-2289
7842
-9028
-5760
-9291
2901
-1591
7046
8629
-9288
-9720
-3468
8271
-8652
-9714
-9414
1352
2394
8062
-2058
7228
2774
-4165
2869
-3537
2353
1130
-550
-1859
7449
5131
-583
4384
-7643
-229
43
9461
-3677
6203
-2993
9863
9503
4082
1256
-7560
5975
-6553
-7668
-7170
-5511
2157
2489
9655
2788
8001
-8629
-7533
-9337
2688
-8550
9069
-7252
-2576
-2352
9920
-6405
-1708
-5522
-4065
-5202
-9712
-728
-3194
-2087
-619
2945
4300
-2870
-7545
2337
-5854
-8460
-4756
-554
1272
-7792
6306
4828
-9319
1605
9579
-7970
9847
9203
8853
-9477
-1623
-4234
7175
6382
1832
2388
2872
4182
7639
7622
9765
-7616
2653
-908
-444
-3737
-1359
514
9813
3692
9776
6430
-4276
-8676
7568
5881
4769
6434
-2052
6611
479
-3519
-740
7331
8605
8559
-2835
3766
-5667
9195
5943
8500
-7473
-1149
-1889
-7771
-1444
6198
-2982
-1909
7230
-4727
1142
347
298
-2529
5379
1021
6526
-6155
-9087
2561
-4712
-9112
4277
-2752
5244
-3866
-5340
-3074
7381
-2335
2377
3834
2693
8275
-7517
4497
8735
-7352
8543
-4025
2575
1158
-3419
8188
385
5601
3912
1336
5840
-3892
-4856
-5558
-9687
7426
-9879
9532
3109
1591
-4005
-2964
4359
6426
7796
2977
2976
4206
9603
3452
3169
5338
7556
-132
7873
-8249
-5838
4653
-9027
-7424
-308
-5235
2577
7796
782
-6859
-5442
6918
1648
3508
-2739
-8578
-2657
-4246
9324
8614
-3249
7263
9709
2637
-6602
-858
9755
-9820
-7967
-168
-9350
-3128
-6621
-4434
-9145
8704
8341
8635
2144
1215
-1656
1183
5343
-2639
-4188
-6878
-6001
7487
-2786
5603
887
-4361
3092
3685
-7655
2721
1624
-8746
-7462
-2860
2169
1961
-2249
8653
-5413
-9991
-2209
6781
-1680
59
-7545
-6911
8076
-2249
-8488
-9449
6099
-3720
-4252
1353
9063
-2444
7532
-1595
-9287
-7160
-1682
6026
-3984
7403
8980
5203
-2947
6732
6287
-5678
5800
8320
8605
6764
-6982
-2761
4516
4325
-1658
-8229
-9292
-9245
-4100
-5306
-9015
929
-7742
85
-6296
2031
4596
3309
3682
1215
-135
-1363
4732
-4307
-3842
1162
-1494
4999
-1379
-9817
-7604
-5594
-4928
8632
-6087
-6503
1205
-2090
1200
-3502
-3186
-6921
-1549
6867
-9688
5772
4245
5892
-2863
-1214
-8958
1988
-9585
-5465
5977
5856
3799
5683
6046
-8076
-2363
-8735
-8726
3892
-2433
-8545
2385
1850
8770
-7993
7044
6826
9699
-9405
-9330
-2826
3871
7695
3510
624
-8062
-8523
8130
8071
3777
5520
950
1045
7708
-6414
-3736
1452
8692
6264
5674
-303
7324
-9579
-5256
8520
2623
-332
-3096
8866
6971
-469
-1776
5400
-9516
-7925
-97
5092
8953
4104
5584
-5262
1656
4277
-9984
-128
955
1511
-7736
6240
-7150
-6212
-689
-2027
3773
-7889
9943
3139
-3983
-9232
3439
-3790
3101
-680
7979
5529
-6495
8555
-5462
-51
-3956
-9208
5005
-3143
-5630
-2720
-8437
-8096
163
-6079
-9162
-9145
8204
3400
5611
-2585
-3541
6949
3994
-3953
-2093
4208
9585
4064
890
-9754
-4991
57
9643
8782
4165
5497
-6145
1381
-9918
5913
3435
8362
5958
-7180
1682
9148
2964
-9162
6034
6194
7062
-3321
-3768
3118
-2153
-6777
-8342
-5314
-7522
-5692
8858
9709
8589
-776
-2209
-1314
-518
-8222
8199
7414
6175
5014
-3379
-3719
2477
-3251
9672
-7392
9577
-8938
-6195
6218
4332
5760
-3754
1935
-6215
-4009
-614
9198
-8212
-3316
-1175
-7210
-9005
4692
-4534
5576
648
-9212
-8382
3217
8234
2431
5999
5735
4376
-6791
-9580
-7739
4538
-8080
-7576
5110
5666
-8204
5498
1953
-1808
-6897
-7002
-7448
2312
6408
5478
-1218
-6831
-2832
-9245
9042
8061
-9318
5235
-1437
6722
-4453
-5802
-6995
-7429
-2028
-6450
-43
-2918
-7348
-8539
4820
-9418
-7665
7567
-6588
-9624
-5303
-9856
-1185
-6494
-8218
-8231
-8977
4634
1686
-5972
-253
7284
-1835
7455
2537
3370
-895
-426
-8857
-6240
-9767
5991
2438
-1280
8449
-7741
-6917
-5886
-5483
-803
6028
-4794
-1320
-401
2431
5182
-8937
-5852
-1957
-1936
-3585
9326
-9216
3042
-243
-5964
-2187
4582
3760
-7821
2762
-146
-4784
-7950
5548
2997
5600
-2198
3556
6734
7838
-4956
8530
-7504
3496
-794
-8312
-7142
-7259
4614
7708
9644
-9303
891
3872
9653
9124
-7880
5365
-2216
9163
2387
-5724
-6127
-649
-3643
-6997
7370
8223
7339
-724
-1241
8196
-2881
3723
-690
-5750
-3978
8065
-6528
-5451
-3573
7716
-9196
-2294
-3656
-8200
5574
-471
9026
-2926
-9461
1754
-4729
4862
-9566
-5976
2439
-7914
6715
369
2963
-7425
673
9399
-7860
-5493
324
-1359
-7217
7406
1415
9345
2699
-7794
-7656
-8360
-2170
3524
7723
-6854
9968
9383
4163
-9316
8673
-9491
-7563
6097
7628
3684
6896
3738
5624
631
-6171
9787
8718
1234
-9076
2959
9990
6395
-9011
-4805
-7179
-6635
-4807
-8730
-6942
-7324
-3324
-608
-3764
-2731
9480
-4515
-1239
5241
4282
-848
-730
1893
7762
4762
4546
-8248
324
5854
8157
-9123
3362
-392
-5874
-2566
-9950
2752
-2478
-4498
8927
-3304
5421
8004
4113
4820
6348
4569
2273
7349
553
-694
3217
9928
1316
1715
5182
9387
9486
-8772
2993
8760
-1473
-1697
-9329
8660
1822
3570
-8423
-8139
-7134
-7223
-9652
-5682
5804
7249
-886
-2854
-1809
4568
1571
-8965
6946
8529
8015
-8229
-5469
-286
-8393
6299
4442
-6221
4097
-8919
-9891
-3321
7959
3470
6090
7748
-7314
-7193
-3620
-4957
2997
5170
-4009
-2405
-5009
-3227
8689
-5091
3246
-8194
5958
-5791
3784
-7675
-9507
5586
-4408
1152
-2308
-4261
2420
9844
-7253
2135
4746
-2290
9217
2966
-1748
518
6522
7277
4391
6975
-3290
5662
-4493
1564
6771
2997
-8510
-973
-4181
31
-1456
-7483
6131
-5511
-1151
8251
9863
-2773
9194
5123
-7948
-7903
-3932
2295
8273
-6144
5127
992
-6102
-1340
-6892
-5467
122
-9239
5229
6916
-4
-3587
5296
-6698
6148
1475
2049
4515
8502
3526
-858
7535
-5455
9997
-3403
6259
205
-3142
8766
-2661
1171
8851
3923
-7006
9199
-8251
-9009
-7232
-5201
-5150
-2959
4678
8880
9395
-3852
-2144
8609
9742
-6303
-6022
3934
7981
7496
6171
7504
-3894
-4515
-7746
-3714
-4783
6279
2491
411
5630
4191
694
-7397
3109
-5599
7859
8374
8606
2053
671
7731
4988
5563
2118
9922
7690
1314
2356
-3174
8415
6876
2444
-9897
9918
3163
-5343
4014
-6724
-7269
-530
-4642
-4691
-7658
2921
-2675
7966
-7421
3207
299
-3386
-7970
-6382
5744
-9480
-7942
-7745
-4363
7800
5274
5387
8803
7508
-5795
8184
6514
3226
3009
8769
1068
-2375
-4246
-7791
-2282
-8066
214
-531
-1549
-890
1603
1997
-7607
-8184
-3687
-3772
-3627
8572
-4951
8954
-4851
2649
7748
-6130
3082
-2081
6419
7386
3053
9311
-3102
-2496
-4971
-6146
-1033
-7310
2395
-609
8762
4296
4404
-8201
-6391
4141
671
1285
874
3931
9925
-7175
-8280
-1250
-3630
-1404
4784
9217
-2316
6946
-7864
-2001
7860
-1144
9827
-8039
4174
3536
-9852
-7290
-3374
-3158
636
1735
-3553
-5
7436
-4694
2197
-6534
8430
-2467
-7826
-5751
7259
7507
5076
-6396
8949
-1342
-7235
-2041
-8530
-3226
8669
-7925
-8447
8433
5017
-4942
-4346
-952
2469
-5222
-7145
1706
1921
-7090
6598
-6693
7759
1230
-2915
-5664
8476
2935
8373
7617
5069
4066
-7023
5212
-422
-173
-1514
9932
5908
-7121
4831
-5656
-4457
3635
4388
195
4627
8434
7574
-197
-3676
8666
5620
2148
-7056
4833
-6969
-5305
8686
2676
-3836
5393
3912
4442
-6372
-7126
-4324
1549
3857
6689
6787
9769
4636
5567
586
-3546
-851
-274
2102
-1532
5510
-7814
-473
7374
1947
-1855
2320
3942
-7464
-7329
-6293
-3331
7830
-5431
-491
-5646
-6106
8588
-5006
7916
6845
-1355
2449
4221
-1500
1136
1973
-1343
-2095
-2475
9586
3901
-8810
3695
-6435
4267
5746
-1064
2965
-9274
7168
-8880
1149
9371
-8295
-8923
3967
9001
1075
2498
-5427
1708
6020
-829
-1384
7202
8198
6647
-2404
-7077
1360
-633
253
2250
-69
-7163
2535
4987
9103
-927
2182
-902
-1846
3808
9880
-9288
2277
-457
6324
3975
-8085
3766
-9428
1089
-9095
-7699
-5239
6515
3841
-915
-8209
-6175
233
6980
305
-9829
-4185
1969
-1951
3298
-5004
-794
8571
-9222
6388
4581
4321
6804
