-2584
7369
2084
340
2469
5793
3952
5448
-8540
-1378
-4944
-6175
5291
-2446
-3764
-4460
2122
7247
-6095
-8049
-5655
-7636
4027
-3479
1094
2455
-9898
-3282
-6611
339
-7363
-1139
3760
-1062
-772
4111
6153
-5695
9371
6240
-4586
3698
-3784
4331
-2244
3250
1994
7527
-7198
-9714
-2229
-9660
3169
-2659
-205
3862
-7848
-4509
-4563
4073
-4517
3145
956
5995
-2453
-2329
-1338
-4776
4884
-8515
0
2113
-9579
5381
-1884
-5049
5198
8716
8843
-6605
-5782
984
5757
-8404
3006
-2677
4286
-9732
-6013
-32
-1427
-7650
-3760
-6557
1610
-3998
-9859
6406
-7223
2399
8026
9749
-4322
2512
-4776
-6700
3028
-5963
-8919
-823
-3813
6855
7726
3163
-6267
-690
7944
1056
6928
-2147
-4885
2449
-4371
4553
-8900
7757
-2864
4148
3904
-9285
-2331
7192
5336
-6614
1002
-1496
-394
3412
346
-5999
6376
8174
-2448
-7706
1869
-5814
-9435
-5871
-1231
-4745
-1998
-9528
-8022
-588
-2444
-3951
6799
2482
-5695
2345
-9338
-6031
2543
-6374
4763
4282
2910
-8119
-5936
-9765
-6828
-8445
5276
-896
9314
-5606
-6290
-5358
410
6677
-357
3646
-3961
-7900
850
4196
5604
3483
4436
-788
-3253
1570
6926
-7464
102
-6256
4237
-1098
-9499
-8852
1832
3052
-604
-3068
-7264
-1624
-964
-2937
-9241
-4922
-2060
-8534
-4217
6986
-338
910
-4634
-9039
-2569
6194
9806
8320
447
8693
9560
5056
7430
13
2147
-4545
-2379
-2183
-5346
8695
4910
-891
124
510
-1972
-6024
8122
-3846
2870
-3219
4658
1507
-6160
4615
821
6252
8032
1168
654
-377
-1972
6361
-1101
2292
5157
5705
-5381
7070
-886
6028
7668
4375
-8816
6718
3832
-5374
8171
4367
4417
3800
5802
6855
-2186
2871
-3980
-205
-3406
9847
9720
716
6711
-7673
-438
1483
1184
-9792
-6851
4728
5986
-8839
-7207
8925
-7968
-5162
318
8002
7068
-6924
-9565
6865
-9884
-5037
-6428
-245
-6818
-2172
7794
-5400
-1609
9527
8601
-7891
-3668
8504
-9273
5602
410
1781
7806
8927
-6742
-4422
5595
3947
-895
-5711
8106
4779
-2972
-9253
4273
4416
-3548
-6016
-9674
-375
3294
4508
8322
-7878
9758
8123
7822
-5897
5623
-5532
-5295
8368
-7643
-7637
7205
869
3
-1457
-3223
8705
-938
-8534
-6090
-6455
6919
-9344
-46
-3033
7964
7300
6336
-4732
7337
4089
783
-8954
-4185
2362
1390
-1996
-5054
-8820
-6438
9823
-1710
8364
2053
9380
-9049
-3124
-4855
2188
8388
9221
5287
-9684
6435
-2582
-461
2217
-5142
-5571
-7410
9281
7422
344
2718
5302
844
-8663
-7511
8621
-3908
1936
-8838
267
5343
-6120
-3148
4267
-6805
-6267
-7980
-3780
3380
5986
6825
-3636
-1452
4110
-9394
834
8664
7602
9349
6190
-9545
-3855
-2075
7754
-5921
8562
-8243
-4440
4263
4629
343
-9620
748
-694
9013
1888
4821
7244
3750
-7957
-2084
-8098
3416
4364
9168
-1024
7674
-7679
7783
2370
-4917
1508
7072
6328
8726
-9125
-7196
-3568
-6714
6104
-6456
1429
4658
3639
-5465
4671
-992
-3206
3936
3123
-2327
83
9519
4768
-2255
9471
4639
6467
2666
-453
5803
-1065
9808
-3023
220
6565
4455
-3788
-4996
-9168
-1121
-8218
-1923
1934
3117
-6061
4010
7462
2047
-9124
-569
-2958
8661
-7378
-3263
7540
3360
-6014
597
5510
7906
-4450
-9405
-6522
795
2882
-3867
4400
51
5395
411
6332
-9138
7716
3513
-8233
3435
-634
3512
-2361
-1111
-2562
7521
-4115
-4688
-3807
-548
-923
7187
6428
-8699
-4285
7053
9830
6301
-3038
-4192
2135
9348
-2707
1582
-9944
1428
-838
-2632
8133
4377
-9491
-3360
-2724
5092
6481
8451
113
6035
7534
-6232
3922
4043
-8816
5908
7282
9075
-6413
-7334
-8010
9022
-2629
2403
2021
3660
8996
8048
5684
-9476
-2543
8223
-5805
-6150
-825
2023
-6385
-725
-5759
-1427
-1966
2675
-4341
1266
9578
598
-96
-1678
-7971
-2291
-4526
-7394
-7986
6483
5509
-8692
-9953
9700
-115
-6403
-6632
-2848
-212
8722
9467
9068
-6884
-3097
2856
4334
-348
-2742
-9864
-1337
-4051
6972
-3703
7425
1865
-6205
-8322
-8202
6668
2813
2332
1704
1242
2857
-1815
6734
9450
4785
-7249
-5709
-1251
-1060
-3532
-8742
-5647
-2282
-6956
-3938
-6282
164
-7551
-7788
-1812
-6094
-6322
614
-4657
-8069
-7805
5287
9538
5436
-4125
-3827
-5404
6497
-2771
-4887
-6267
3219
-8367
-581
-4172
-9267
-3729
1096
2909
3158
1122
6588
3659
9796
-3448
-8996
1004
-9537
-6122
-3225
2708
8193
-9083
3648
-8695
320
9587
-629
2408
-7713
3006
-8897
-7193
-7326
-5152
4092
-2114
281
8941
-6016
5747
4598
6477
-693
-6018
-1858
5850
-535
-1502
3047
-9496
3543
3754
7049
4931
-9883
-498
2200
-7006
-5610
9135
2152
-3958
8863
3663
-8823
3034
8063
-7701
-1907
7212
8459
4745
-6861
-3568
7841
9938
-5681
-6292
7239
324
5874
-2333
520
3925
-9485
-781
3679
-2110
7309
-4451
1679
-2751
-8206
6165
7640
421
4952
8605
-3659
-5361
-8936
-5472
-5234
3136
8065
-7565
1147
4671
6351
1359
-2877
-6717
-4172
-9666
6217
1781
-4409
348
-3804
2908
6942
6662
4693
-106
7809
-6008
8558
4115
-1303
-5646
-8409
7032
7308
4902
1896
-9874
-9801
2822
5680
394
9712
5525
-7371
9383
616
6044
5403
2120
3087
-7260
1641
7326
5712
-7280
-8872
-6716
4173
8674
-6916
7798
6862
6912
-6770
5949
-8523
-1141
-4637
8202
5918
5402
-6999
160
-4305
7879
-2806
9588
7149
260
-8349
1357
-3672
-7897
8389
4225
-4270
6018
1220
5141
-966
-3453
3894
-4604
-4227
3384
6054
-8073
1714
7710
9983
-4034
6615
-7534
-8100
-2691
-5828
1897
9971
8834
-225
-8817
-301
-2774
7301
6588
7913
2726
6120
565
-8325
-4668
5850
-2629
-4442
3852
-6724
-8023
-1348
-2696
5937
4873
5278
3624
-4310
-5693
9761
3459
-2941
-7
-3859
-1197
-8860
-8864
-8109
7574
105
6303
9868
2504
-4908
6355
6457
-7215
3557
5253
-8510
-7091
9678
137
-8672
6395
6694
-316
-6151
-162
7775
8246
-8342
-78
-6719
-1601
1761
3344
7569
-4840
-8837
-1480
5955
-5342
9377
615
-9132
-8349
2610
9211
677
6644
-6029
6347
6021
-9625
-2952
7983
-2480
-2959
6607
2267
265
9258
-8078
600
2984
-6700
3471
7390
-3435
-1863
899
-109
-4293
2056
-8762
6592
-8407
5635
1553
5272
8491
2968
6444
3177
8937
-8118
-379
-358
1345
7146
-7670
-8520
-2379
-1800
-5240
-7946
7173
2683
6078
-7201
4039
9473
-4143
8108
-8314
809
-6634
9492
-4576
146
3575
-9372
-1911
3070
9125
-9383
5091
-2221
-8465
6811
694
-3968
-6879
-712
-9261
779
-5809
2982
9678
5501
-666
1618
-8696
2198
9590
4145
6077
9710
2757
-4438
-1464
3366
4186
4750
-739
-920
4855
213
-7921
-181
3948
-830
-469
-9366
-1040
-9841
-5029
-23
-5238
7431
7971
-2554
9910
4195
5088
3476
468
7024
2403
5411
1103
-76
3110
-5182
362
-1006
208
-3711
-7915
-9536
-5428
-3031
2569
3316
-8082
-5276
-2649
723
-9846
1322
-6175
5523
-5579
-4423
5104
-8151
7967
-5070
1139
5423
1647
4819
4943
4668
4183
-640
1542
-8938
-1044
-8261
115
302
-4738
6554
-3210
6949
-9626
4787
7150
-1336
9783
4847
5049
237
9643
-8372
9119
4980
-789
9654
-4392
-3578
-3677
-6461
-3945
6536
-8693
-2923
-8818
1660
-9932
8552
-6879
6990
6372
9178
-8877
2577
-8185
172
3203
7577
4698
8006
-7969
-8327
459
-9189
5520
1177
-9072
6369
-9585
-7991
-7077
-6415
-2199
8259
7082
4760
-929
3485
-2686
-800
-8648
8692
-5561
8265
7667
5794
4148
-9098
9241
-395
672
-2022
8721
-3874
-3066
7528
4955
1941
-9951
8254
9849
8425
-28
5795
3000
7305
-9115
905
6064
8843
5398
3571
-4852
8983
1987
-6634
4101
8555
7682
-2466
4577
-7997
-6961
-419
9730
-6798
6502
2163
8462
5929
1373
-287
245
19
7733
-8718
-2699
1536
-618
-4833
4990
4760
360
5940
1192
-3134
-4775
2065
-4943
3536
8737
8415
1335
578
-5540
-1178
6612
4513
9572
-8117
6464
-7548
757
-1480
-9374
-1969
-4581
5611
2698
-1870
-1896
8517
6873
9396
-5225
-2665
9729
-9450
7798
7673
2050
-5150
-7822
3223
3312
-6042
2395
7214
6937
-5462
-8256
-187
-9142
4423
2038
-2236
3762
186
7441
3846
3957
7658
-3008
-9541
4098
5605
-1885
-2938
534
-5714
5468
8490
2220
-8080
-3420
9125
1020
-2210
-6041
-9344
-385
-8455
9096
9001
-4509
-2957
8042
2559
8429
2342
9155
-1377
-3232
1916
-8792
2454
1454
1247
9138
-6495
-1050
8639
6483
3032
1193
-2120
3652
-264
-7600
3000
-3122
423
2072
-4113
6207
1791
314
9857
5083
-9047
8338
9442
8999
-6268
3847
-2534
-1690
-6302
2783
-6824
6430
6441
-8875
5242
-420
8974
-7324
-5628
7308
-3546
5969
-8688
-7344
-197
4815
5636
-6734
1248
6057
-902
810
-6744
-9531
-8323
7726
2727
8671
-4848
-7262
5490
7884
533
3454
7008
-1931
5610
-7080
8237
5349
4101
9566
6848
8748
2591
-8348
-9516
4528
-121
1149
-8493
-5671
-7344
2166
45
-2175
-7964
-7294
-4583
-6127
7803
4473
-3169
-9873
-3729
-7658
7403
-1432
-8790
2064
6136
-8905
2397
-3108
1731
1665
-7093
-4588
-4546
2984
-8740
-7524
4156
-6844
-6925
-970
5287
-5433
8385
2042
-2655
-2018
-4138
7434
-8404
-6759
-2959
-8734
8513
1133
3580
-175
-3643
9828
3840
-915
6919
9196
-7446
-5649
1841
-8540
-9073
-2784
2590
-3472
-5895
4730
2886
-6022
4891
6905
-4366
-1352
-6807
8451
2880
636
1601
-5920
-5014
573
1125
5477
1616
-6164
-4166
-8566
-9923
9632
6461
-4745
4475
9936
572
662
944
-3613
8952
401
-1432
-6904
-9820
-2875
3890
8776
-9193
-5329
-3909
-1313
-5843
9003
3202
3806
3929
656
-4959
4238
-9912
-4300
-9949
-3459
5374
4481
4289
2489
-1878
-2627
7364
-7240
1822
6850
7877
7442
-666
1670
2252
7924
-9690
7679
6039
-3922
-8418
-6178
3685
-7909
-8466
5284
7508
-7170
9565
1472
-2736
7875
-7694
2040
-1486
-9403
-8537
-2770
-7246
9921
-5209
-5617
1942
3987
-9063
-1287
9122
-1314
-9634
573
7007
-896
-8013
-2527
3654
-6156
-1064
4019
-3852
702
-1164
-8552
9654
4701
7862
-1467
2333
-9526
8782
-1713
-5448
-7463
-3647
5818
3557
-1986
-7424
2520
-80
7115
-5431
-6013
-939
4965
-284
-2491
7422
39
-2113
-8805
-9327
46
3703
7816
6430
-5305
-3715
6762
819
-9001
-189
-4750
-4845
2794
1025
7155
-6461
-4790
5764
5596
-2876
-1122
-2461
4253
2404
-5461
-8266
885
6060
8500
-8451
3274
8899
-6226
2686
-2219
-5316
-5971
4301
1804
-9119
2213
-8282
5612
5890
-4486
-39
2853
-7451
-8621
2999
-4553
-8929
3736
-2136
9837
-615
3363
-219
4067
3357
-851
-816
-4325
-7606
-1801
6631
-1265
6970
6355
650
-9656
6168
-7054
3560
-7805
-5368
9624
2304
8293
-4637
2488
3264
4549
-1267
-8527
-6401
5319
-1166
3631
6087
-2350
-3757
-7823
-8715
-7831
4465
7542
8863
1988
1041
-7415
-7524
3335
-7659
7744
1826
-8949
-6979
4480
8628
8057
9679
2678
-4878
5414
-9224
6813
4125
9802
844
-6291
-8473
-8748
-9139
-8973
5332
407
3926
3767
7136
5710
-3577
4360
-6123
3986
-5904
3327
1753
6368
-6213
-9327
-7939
-5094
4565
-3649
8587
-2600
3354
3848
-3587
1876
-8164
-9292
8651
2170
-1764
1369
-214
4285
-2308
-5534
7297
4711
-6091
4798
8445
-1067
-9255
9023
1415
149
-2200
5003
308
-2550
3679
-7912
-2165
-4274
-7835
-4633
7807
5564
-3200
-7313
9737
9566
-7051
6087
3406
-8734
-4111
9313
5811
-7610
7321
-454
642
6286
4136
-9195
6343
3852
5559
1535
3262
-6423
538
-8060
-7194
3522
4572
-5192
-6242
-6437
-5793
-6626
-7460
-8084
7923
-8676
-9846
-3503
-362
-1244
9612
6774
3390
9350
433
2680
-7197
2513
5807
-2857
-6980
6741
5212
-7498
8965
9040
3668
-442
5079
-6786
-5389
4734
-1732
6473
7227
-9651
-2531
7096
3114
-3401
-3390
-2574
-8091
8896
-5747
-1710
5578
-8628
5528
-3811
-2068
-1641
-760
-1231
6992
2385
-9520
-6860
3334
6521
4309
-4689
2154
-3170
-4757
2789
-5573
-6846
6313
8552
-7748
8768
6129
4496
2756
319
3725
-4878
4778
-9287
6353
7801
-6677
9409
-3588
-5775
8846
-7475
5497
-2508
-9384
-3515
-1621
-6346
-5131
-9565
-1291
6613
1964
-4014
949
-2541
-509
-1470
-1537
7937
8015
8802
8399
-5965
1283
8307
2148
6333
-7296
-3621
-3842
7131
3105
-4531
6478
-8366
8578
-6635
1359
3555
-2816
2200
8292
-5138
2530
3059
-4896
-7378
-7705
3865
3315
-7551
9184
-8318
-5667
9997
-430
-2036
-1453
-57
4457
-8073
-1769
-8823
-3711
5700
-5277
4477
-2263
-3297
578
-778
-6737
-6245
-5350
-4887
3416
666
4834
-7414
-5847
2663
3914
-1939
5835
-1943
-9437
-4110
58
8916
-511
-1231
228
-918
-2028
6409
-7885
-1230
204
-7772
-314
-8890
648
4298
-7847
5025
1773
4472
4237
-2979
-8729
6262
-9743
9161
-3605
-7537
1970
-2711
5081
-4353
5055
-8999
-3575
2093
-6178
-3238
5054
3959
-6867
5962
8231
1047
1198
-3904
-4003
9606
3019
4138
-1798
9372
6627
8381
-1425
-7246
3323
-1847
-2313
1610
-3005
-6391
4752
3064
-7641
4489
8736
-4948
5795
-8179
-9635
2970
9015
8618
-825
298
-2065
-65
3953
-5024
-4276
-9486
8726
-9642
4815
-4797
3529
641
-9034
4725
1812
-3888
-725
-355
7407
9323
383
3360
4878
8272
-1594
6081
9701
-8542
-8353
4207
-1338
9591
7220
-5323
-5462
1817
-4076
-5810
5986
1592
5092
-9094
7222
-1331
1104
-6368
-5598
-8039
2491
-3481
9343
-6232
-5489
-8714
-3892
-7049
803
-3637
-1317
-4539
8143
-7665
912
1583
-5338
-4431
6975
5370
6289
7756
-4280
6387
5687
5076
4140
577
-7241
-2020
-7413
9891
-2183
8393
-8087
-2489
4350
8515
1515
-4503
-4247
-6975
7830
-3251
6489
-1007
-2883
9124
398
-3128
398
3915
909
7525
6634
7487
-3515
-778
-9988
8506
7946
-9115
-8198
-1668
7462
-5714
855
527
9202
-8816
5103
9712
-1584
-5802
-9616
1729
8812
-1033
-5145
2960
2506
5004
-4039
-4107
-409
7039
-1918
-4719
-9259
-4706
-1998
-4723
-4105
3124
3373
1758
2377
3337
270
9251
8310
-463
591
-9513
-8027
-6205
-3578
9869
-7321
-8693
-7233
5109
-4097
3036
6342
-7531
-6505
9595
9939
-4744
-4457
-3288
7017
-2189
-3875
9057
-8275
-956
9557
9368
3663
5980
5825
-7904
-2106
-7818
7146
-3432
1263
3827
-6861
3063
958
9528
8101
3044
-5065
1477
9178
990
-8114
2277
-8308
-6943
-2367
-7660
-2178
7443
4925
7398
-6094
-9568
5629
-8274
-3136
9840
-7908
-3107
6700
-1812
-2568
-3320
3273
-992
6760
8725
-3709
-8780
-8041
-6512
8129
8931
1915
9772
-2591
5094
5225
-4512
5519
6229
-3527
-7290
9072
5856
193
5814
104
-673
-4879
9805
-7150
8862
-9381
634
-7986
-2599
2544
-4878
-8758
5443
-8380
2649
3816
7836
1069
-210
3251
-615
-6913
2671
7633
5884
-252
4919
1973
5597
-1995
-528
-4896
-77
1526
-6772
5406
-543
7941
-1102
4004
-9612
3579
9189
-3249
932
2769
9409
3817
8768
-132
-7471
862
-4697
924
4248
-6854
2904
-9401
-7030
-8722
-5351
-4507
969
5997
6060
357
-2029
-3675
3475
3611
-2
3455
2066
244
8500
-3579
6930
-9307
631
7308
-2317
8870
-3435
-3206
-6498
-3577
-303
-3107
-5420
1239
5487
8559
7429
-1489
-3274
-1704
794
-7029
-7428
-2206
-7937
-599
8079
5265
-3493
-8872
-7360
-1847
2102
-2900
-7923
-3958
-3721
8854
7748
6474
-1210
532
-591
-1021
-499
-4000
-739
-9460
460
5198
-8446
1400
6213
7347
-2147
-6422
138
-4465
5260
2623
-1433
-691
-6451
-1033
4832
1633
1266
-747
2359
-6944
8109
9033
-4107
-9431
-1716
-9493
1922
-4754
-977
-7890
5664
-4402
-7348
-8223
-2557
3450
-799
7271
1871
9632
3600
-5430
-3363
-9826
-2591
2432
4799
-9621
139
-5699
270
-1726
-6280
-9455
1755
-6210
4499
485
-4573
-7372
-2221
8930
8975
-9461
557
-4298
4602
-385
4795
7270
5656
4555
5708
-9776
-4779
-3626
6690
-766
-166
-2820
6787
3849
7292
7752
5653
2329
-2973
5663
8343
-4329
6522
-6007
3362
-7488
-2128
-6885
6899
9553
-3981
-783
6007
6489
-2916
9540
-6940
-5592
6435
-2087
144
-9068
-1123
9101
3332
2162
1242
-9475
-5903
-4819
260
-8897
-8889
-8498
6445
-9119
6795
110
7559
2089
7371
2500
1702
-4435
5124
7692
-4962
-5358
5487
8164
-5280
-6900
1260
-6458
-9507
-3774
-548
798
-5488
-2441
-9502
-4204
8723
1962
-8284
-4536
8213
-5778
1873
-9285
7669
-842
-6530
470
7576
-1585
7768
5306
-3463
8013
-267
8084
-8854
-6394
1831
-2166
-6144
-9792
1141
1701
-1928
-37
-2943
7181
-5983
6183
-4764
-4353
9142
-8735
-1669
4056
-7752
-8737
4940
-2626
9116
3661
-9701
-7814
8764
-281
1630
5867
-23
189
-6074
-3926
-7124
-4956
7732
5928
1264
-7604
-577
8951
6992
-4749
-2521
-1394
6502
-305
-5383
229
2726
7997
76
-291
761
704
-7580
-9403
-1523
9247
-3517
3076
-1791
2402
28
-2133
6245
1249
-9692
867
5173
-3784
-9108
6679
-9074
-5932
7223
9707
-7597
1509
2326
3336
9340
-2331
9476
8225
8180
1810
3444
-3153
-7033
-8570
-7674
1096
-8365
-8262
-2324
-3860
4938
-7014
6236
-9145
6457
-7209
7728
-2017
-1595
-8136
8769
-2111
-2717
297
1919
6125
-6416
1525
-3589
6062
6318
1264
4292
-5586
-4906
-9311
8438
-3394
3993
-8865
4435
7679
-7494
-2377
-8596
9883
-660
-5565
-3015
288
-3153
4054
6027
1480
5929
-3238
-28
9322
-9867
-5054
3165
8379
-2307
9520
-3753
-2995
2
5038
-3551
6356
-3809
-6959
4609
9164
-9049
2558
5903
1171
4085
-7355
-6367
7500
1720
3420
8154
-2265
2868
6000
1647
9322
5679
-941
-611
6032
-2128
-5124
-4017
5189
-1337
-6723
9384
-8434
1602
1376
6526
4418
-7578
-9500
-449
9305
1811
-13
-5370
-268
-159
-7009
-8271
-3555
8763
-4677
-3946
5396
-5295
-1664
-6737
-8407
5229
4432
1470
2146
2865
-1066
3923
-6950
-8780
-7648
-9001
5764
-219
7681
-455
9997
5483
-6508
-6530
-1729
-5643
5964
4110
3436
3600
-4762
4507
9592
8257
-6534
4867
6672
2906
8604
8890
7963
454
2109
-6396
-8537
9850
-5113
9818
479
-4858
7989
-4458
-6586
-6522
-1980
5077
-8865
-6182
1261
6254
1943
4966
2797
-6192
-5068
1798
5342
-9511
-1706
-2450
-8939
-8620
9821
-9312
-1147
2748
5730
-7551
-3782
11
7241
-6910
-3190
-6829
6241
453
181
6865
-4477
-3494
8145
-394
-271
8402
38
-4720
-9451
-4825
5705
-7718
-8987
-4510
7855
-3428
6175
-6200
-5963
6604
-8576
99
-6384
-8774
-5021
9715
-5133
8391
-5661
3637
2491
8887
-8470
-5933
-4167
-7986
-5284
6530
-3554
-3565
138
-8837
-7454
3367
-6160
1368
1120
-3253
-1116
-811
-1364
-4351
5155
8102
516
-1298
998
-4317
9207
5522
7036
4955
-8016
-4107
6175
-1704
2543
-3183
-7905
3673
-9305
7902
9558
-4358
-2462
-4384
424
2037
-2589
-3221
937
-6018
-7577
-9969
7127
6442
-8305
-6888
-910
9680
-3409
-5961
9696
-6834
5357
3638
8238
6095
-9462
-8506
-5619
7410
-7454
-1398
-7671
9722
7115
3749
-773
7000
6902
3258
9730
4097
-3861
-1371
-567
1854
7020
-4352
-194
5165
-3185
5494
-3041
-4571
-2328
326
-9186
-440
7202
5840
8604
7465
3626
8990
-7805
-3424
-7555
-9439
5068
-8511
-941
-6993
-2692
-3284
-5095
7323
-6208
7137
9159
-8208
9240
-6038
5374
1672
-9960
646
2208
7851
-2084
5121
-590
-7809
1910
5348
7099
8830
6261
4448
-4984
4111
6160
1742
-9142
4363
-3702
569
7074
-1816
-9180
-8763
5200
6637
5176
9482
5348
-8586
5426
-4280
6840
-668
6958
4505
-1311
-996
-1096
-6001
-2247
-1483
-1821
-1715
-9542
9419
-9502
6950
-4614
-8540
-376
6263
8315
1022
7347
6705
-4466
2692
-4657
-1337
-7416
8107
-5100
5993
9301
1991
9854
-3369
-313
2863
-2199
-6829
-9200
-8502
2292
2459
593
9285
5210
4560
1372
3256
-3077
-8172
-2980
7636
-7652
-5490
-6989
882
-1336
-7729
-4224
1321
161
9364
-9133
6952
7319
69
9916
9365
4880
-8272
-6775
-3304
-5885
2216
-7082
-2703
-1397
4785
-855
6193
5226
-7120
4866
5122
-5947
-6901
1553
4986
-2522
-6036
-3417
1948
-8649
-2049
-8064
7638
9157
6123
2322
9040
-4480
3380
-807
2515
9828
914
6103
433
-2818
-8772
-9329
-1146
-1452
2446
9589
-4809
6204
-1774
4801
-3859
7606
249
-6703
5630
-36
5021
-4787
-8008
-11
9367
-4620
-1276
-4320
-305
-9765
-9698
1878
1129
-5588
-4687
6653
-641
-7671
-4317
8467
5321
8753
-4108
743
5660
6757
9633
-7252
8518
-759
2636
2023
9150
3098
-8264
-7797
7
5400
7842
-9880
-8354
-8813
7148
-1537
6429
-6240
-8088
5471
-8610
-4635
-190
4725
-9161
1581
-2599
-2979
7707
1700
7827
1795
1330
-747
-8467
6833
5313
-3705
1689
-4587
7610
1679
9195
3146
-2984
5051
4446
-7812
-5190
-5110
-8374
-8342
-6174
-2597
3458
-7040
-2728
-3895
-8561
6727
4450
-584
3705
1533
-6849
8442
-8928
-4322
5726
-3226
7063
-8484
-2906
7562
381
-7776
1992
7125
-9851
571
-5312
3228
7950
-9390
-3346
-6064
5789
2017
8406
456
2384
-2475
-8769
-9087
1520
-376
-7066
8152
3575
2622
4143
-7
4801
-2001
-7789
-3102
4295
4765
-1523
9751
-9870
-1754
3497
-385
399
448
-1821
313
-3925
-3801
3270
-6144
-5796
1702
4085
-992
4230
9008
2450
-2483
-4728
-6009
-2264
8171
-5828
-6129
6823
-3971
5654
5730
-6834
-6459
9564
5991
8454
6172
-3648
-2660
-7169
-6012
-6989
8862
-4762
-4883
7791
5482
-4947
1638
-3595
5978
-8615
-6573
2514
-280
3186
-3254
9894
-6492
-6099
2600
9483
-1896
199
7676
8144
9511
-4960
-9535
-9088
-2481
8877
-7645
525
107
-9830
6659
-3960
-2995
-3694
-84
2240
-5008
8542
-6530
3123
1200
8459
-6000
1697
-9537
-9692
1390
4568
6080
-459
9920
-9531
8949
8991
-261
3638
6117
-2620
4280
-9384
-1168
3185
-811
2392
17
-1489
-9534
-4080
9075
7176
-524
-7601
-2948
1601
3594
6926
-4847
-386
8967
8668
-1235
5271
-3
-901
-3465
3567
-9025
9943
-7560
-2998
8531
-2630
2444
2051
640
-9195
8409
-7533
-9629
-2725
9791
1319
-1686
9802
6196
-4150
-8783
1836
9536
2679
3169
-8121
-5414
-7456
9094
-7541
-1272
-5678
-6390
-6074
8078
-1031
-9115
-5414
1137
5870
-1244
4953
5749
7903
6182
7217
3795
-4103
5699
-2692
-1878
3071
3480
757
8026
-7625
3045
-9996
-3506
8307
1807
-8321
-739
3173
-7436
1106
-5036
8271
6938
-6141
5203
-5201
664
-4654
1801
-1481
7941
-2629
-4914
6135
5169
-7796
-2199
9580
-455
5160
5041
-3478
8608
-7480
2375
-1775
-5473
-8512
3844
-1630
291
-2121
-4920
74
-6189
-6295
4861
-6005
-2770
6062
4658
-3337
-3622
4502
-5195
6838
4425
-756
-56
-8222
-8055
9576
6505
9536
3855
-4618
3783
-1688
1392
-4388
-9875
3655
9567
-9855
1825
-6733
986
3656
2489
5819
4447
-5191
-6924
-693
-7420
-7073
1677
3815
3301
4374
1587
9930
-3437
-4404
-9360
-1465
7448
-9972
-4651
653
-6772
4329
-6346
-8352
5755
3972
5448
6172
7815
-2883
-8411
-7482
5576
-5560
-9018
-7755
356
-2208
-9290
3145
9982
4315
-9129
-8685
7519
1770
-8202
6950
3101
5572
-1366
-894
-9871
875
3785
-6844
5441
4882
6781
2499
5200
8445
7755
7226
-5970
3657
3984
-6115
6277
-4280
-9181
999
225
3358
9569
6652
9894
8286
-6554
-8832
-7016
6538
-3211
-7983
-2640
8636
4229
8850
2108
3664
-1308
-1285
8737
9822
-3127
-4897
611
5729
-1595
-9405
7954
9344
-2693
-7560
464
93
7839
2494
-3102
7912
-7056
2092
9398
895
-6664
-3882
-8883
-6986
-8518
2527
-2930
5671
-2474
-4636
-5251
6556
5556
6896
9199
-4787
7528
-5802
-3952
4344
-5261
-4327
1788
8542
-5433
-2525
3148
8614
-6695
8876
7335
7750
6200
-2212
-4312
9115
-5774
-4539
-7721
-6156
-725
1093
-3531
9207
8806
-7056
2532
-596
-6464
9034
-8317
-7036
-8090
-1932
-1513
8556
2883
-5315
8870
9694
-6739
5161
7438
6236
4993
-5600
-2028
8803
6907
-6357
188
-7821
-5152
1782
-4645
-6087
-416
9700
6002
2939
-6795
-360
-5557
-915
6173
8648
-934
9583
3478
2095
2243
3324
1665
6415
9956
1133
7793
3455
-4842
-3659
-9290
-3586
9517
-6111
8126
-6508
2026
-7128
3277
-9561
2103
-3292
-2365
1290
-4709
-3704
-1748
4600
-9131
-5074
-6625
-7251
2277
-7573
-1444
-7913
-2044
-7579
-8393
-1489
2690
1026
865
-1198
7879
1748
-2746
-4278
-7292
2978
-2107
-330
163
-1111
-2576
-1942
-1738
6147
1196
6809
-8165
-2754
9127
-157
1282
-1544
-1648
-7364
1975
8733
-6390
-7334
4951
927
2406
1848
7958
2164
7895
-7018
9810
-9125
-5041
-3312
-6272
-6244
-3976
-4347
6492
9719
7726
-5186
-8448
-8503
-1630
-1138
4911
7051
6910
5887
490
-4312
-8585
1315
1682
-1716
1925
-7809
-8611
92
219
-8097
-3773
7271
-6575
-9305
-9793
-657
-6103
-7506
-9543
3890
8521
-6713
1676
2611
-4816
-3962
-1813
-3302
3487
-8168
-9626
-438
2562
206
5686
-4897
-9484
-3608
-9369
2663
-8927
4465
-2704
4542
3087
1964
6780
621
-5924
704
-1778
6043
6674
-2984
571
-7006
-5771
6624
-2644
-671
7191
-6215
1385
9144
7374
6470
1319
-2462
2698
9081
-3333
5648
1994
-9717
-3593
5264
-7210
4345
-4965
6141
-9220
9604
-1446
7121
8037
3457
-4536
-5662
-7842
-8549
1147
-8177
-4033
-2792
-6762
-9294
2307
4537
-5026
8292
-5450
7306
3509
-6301
1204
3067
-4052
7505
7961
5248
-3859
-7783
-5520
6423
-7286
-9250
8539
1986
5075
-3365
3818
793
9193
9177
2480
7734
6325
9583
-525
9938
-8748
440
-1818
2527
-5801
-2528
-3099
9503
-4475
-9422
2267
-7038
-5810
-6319
690
6275
-1033
-8547
-1961
5126
6087
-3097
122
598
-8880
-5307
7979
3338
-6323
-1925
3561
-9229
-8806
73
4573
-3590
-7842
-8072
8285
-1455
-5571
4372
4052
-2796
-9944
8996
-8422
-5667
-3732
-6345
-9537
6352
-4156
3094
-7956
4296
-2117
-3949
4408
-8559
-3846
-5177
-5631
-2956
-9445
-8738
4511
-5017
4086
-1649
1943
6665
-7447
-8826
-5911
-7051
5141
9172
-790
-845
5790
-674
1353
-7243
-3805
-6184
9326
4851
7942
-7968
-5066
1784
6425
9409
5154
-6000
8201
-6672
273
1630
1301
9272
-3267
-6462
-4424
552
-4541
1470
-4304
1164
-504
530
-402
9117
9725
9323
-2780
1954
-374
-9008
4689
-7812
6388
8289
-1475
-9789
2694
3771
-7718
3460
-5875
-9002
-3974
-2401
3666
-4613
1733
1547
-4784
8919
-8479
-6744
-103
4176
-9335
-2839
-8610
-676
5614
9900
-840
-1482
-8095
-8102
1519
1348
-6753
9213
7876
6542
4441
-5745
8792
8825
6661
-1348
-6657
-4969
3479
-834
-5094
-1076
6680
-4892
5801
3386
982
-4067
4746
3351
-2212
-6115
2254
-6237
-7386
-7658
-5036
5765
448
-1848
9040
4216
7883
1749
963
-6279
5917
2903
-3639
-5805
8443
-3079
7086
5129
8721
-8405
-5079
2492
-2427
6736
-7999
-5678
-7851
2025
9998
-521
3741
-3611
3562
6222
-1022
-2982
-6895
6902
2248
5763
-3589
5737
4002
5345
899
7318
4911
-3806
-3431
-6742
8170
3710
-5917
-5918
-250
4697
4224
-3382
-873
-1052
-2851
6565
-7121
-3063
-6057
-1918
-8151
507
-8585
2691
-3789
5793
-7986
-1145
-3403
2572
-353
-2588
-1771
-1282
5184
-5809
-9290
13
433
220
8642
4684
562
-8316
2574
177
-9376
-6751
1667
7823
-6301
8543
-381
5874
-9081
-6825
-5866
-7993
-104
7569
-3869
3891
1109
2855
-3142
3533
8613
-5761
7442
-4421
-384
1956
-7313
7827
-6444
3366
3798
-2885
2222
8370
-387
3142
-3239
9502
3545
-8581
-4027
3503
9430
5531
-1023
9860
-6590
6634
5693
-8907
-9886
623
-8842
-1334
6330
-2404
7232
7845
-2481
-6376
-1272
4730
8000
-1496
2319
-6005
-1514
-2787
-3119
6599
4017
-4217
827
-614
7487
-7712
16
1225
4561
-3234
-924
-4966
-7474
-3811
4907
-3983
-3273
-8849
-6775
1152
-7343
7449
7551
6365
-4300
-3151
1846
-5969
-4766
9417
9405
-5817
9714
-3126
3374
-1095
5767
9416
9517
8408
-4848
3759
-5561
-5759
9553
494
729
-9874
7026
4261
-6836
2155
-444
35
3472
1005
-6244
-7860
-2137
-3606
-6083
-1748
5246
-8121
9444
-3599
-9147
1306
3945
6107
-5289
-2269
7711
4914
3711
-9417
-2617
-5418
-2716
-4704
1423
3502
5398
-5852
-6975
2159
-3169
-4240
-5473
-5083
-770
3793
3539
-4661
-9583
-3970
-5960
5046
-2008
4147
-675
1964
6070
5870
-999
-1042
-8211
-6465
-88
5106
-2011
5889
2263
-8298
3027
7054
-5466
5561
327
9518
-6729
-7219
-6971
5725
-6547
6150
8175
-3906
8752
-296
-4202
8618
5441
-2345
3945
6432
5994
7216
-1541
5789
518
-1103
5291
6404
-6500
-8163
1996
-9241
-5045
-6775
-587
5043
6975
-9199
-9524
-9294
1230
6780
-2650
-3062
-5389
7299
5405
-2885
447
4440
-4551
-4551
-7932
1599
-7479
3348
-9260
-7017
-6255
-4829
-2454
-6914
-1042
4750
-9675
3852
-4692
7557
5308
2423
4323
-5809
9688
1198
6686
-7245
5313
-9564
6105
-4985
-1507
8454
5875
942
-4856
731
3355
5876
-5613
5966
-9099
-3806
-7898
7855
-3269
9270
-414
6215
8603
-3075
4567
6474
4874
-3302
-2347
7358
-3867
-6297
5473
6027
1160
-5510
4163
8935
-6496
5695
3952
-5359
-6317
-5167
-5064
9757
918
3432
2810
6745
-9921
-8574
2845
8979
4820
3318
8089
-8267
-6924
3135
-6983
2592
-6914
7124
471
7268
1730
-7687
452
-8022
-8920
-8388
8009
-7589
8553
322
3270
686
110
-1729
6047
3830
8407
-6934
4073
-5021
-7787
-9585
-6730
312
1581
9384
6564
-4485
-7213
-7503
8966
-3560
-8120
6731
9736
9413
1409
-1020
-1095
7033
-5152
-5179
6996
-855
2325
-2391
8444
7564
6661
-1634
338
-8662
-2899
6959
6249
9906
-9287
8411
9911
-7863
-7089
-3717
-9237
4537
-4180
9905
-5235
5680
-6477
5369
8024
-7441
4085
-1115
-4895
9650
1436
3929
8405
6097
-7310
-1315
1449
8475
-4466
-5736
-5878
4330
6786
-8437
4619
6411
8791
3620
-5199
4866
-5925
-5156
4077
-5490
9345
-9773
-7049
1664
-8440
7628
3139
-6336
9595
5776
6624
-9523
4560
-4883
1710
4125
-6459
-2727
-1334
108
5615
-1261
7864
8752
5200
6655
1222
4344
8693
4820
3567
-4089
-6687
2287
2699
7242
-4338
5646
4455
7867
6636
6554
606
-1284
5583
1250
-7886
-5925
1771
-9460
3401
6713
-8036
7942
-3149
7543
2206
-988
1593
-3241
7814
-1973
-6880
-1273
-3623
1473
1495
1770
6590
-7016
-8380
5910
4476
4507
93
-6142
7695
-9066
1040
-844
-5231
-651
-3926
-2197
8923
-8678
7971
3861
8237
-2786
3218
-4296
3847
4492
-9812
-3010
-4670
3756
-5512
-8456
9550
3661
4167
8834
2408
2999
-1707
-3812
4279
8893
-9759
-4180
879
7435
-1036
9546
-3957
1102
-3384
-1129
1025
3012
-5653
9234
4337
-9716
-4018
-7524
-7243
-2872
-3681
7693
5997
1937
4504
2871
-7821
6428
3728
5532
-5565
3672
7582
6971
-7835
7665
5801
7499
-7505
-4663
-6980
-6603
-4852
9884
-9189
1674
-1751
-5493
5212
3199
-6572
-6445
6215
4003
1539
818
-4123
-5525
-7960
-1439
915
8573
3257
-4409
-30
-2872
-2403
1373
5721
-5942
1613
-6161
2647
-3870
-6898
6564
-9811
5357
9623
-5461
-8060
4736
-9458
-9716
1267
4803
-7805
4834
-1220
-6276
9188
-4605
2415
-8972
-9676
-8571
3535
-2869
7777
-1857
-7185
2663
212
-889
-3356
4472
-2231
-2829
9197
6118
-7409
-3904
-2613
-6802
8957
196
-2959
792
4887
-7349
-3694
-636
-7055
-70
4937
-7852
838
-5035
-6652
-2539
-8470
-1164
4732
-7116
-7291
-3986
4789
2364
2791
-9096
-9585
-1752
-2467
8818
6947
-5526
-9072
2778
-5025
-3153
-7481
-4257
1510
-9103
1823
-6771
5214
5155
608
9525
-6231
-4423
-7090
822
-4042
6518
1875
6581
2951
5368
-8731
7741
21
-7407
8014
5133
3657
8421
-4164
4700
-99
-6018
-5591
4545
-6688
7362
-7880
5065
6531
-1156
-3731
-4513
-7984
-9763
6779
-9507
582
-6359
4462
2089
4463
-7998
115
853
-7293
-5159
912
4786
-4985
-695
8892
5760
2537
-8664
42
9047
-9954
9061
4769
-8379
-6265
-8810
-3913
8655
3833
-8001
7859
3230
-5524
-9624
-8077
3632
4699
9606
-7655
4462
-8382
-6445
3524
8228
945
-1005
-2188
-3733
-985
3754
3468
-5312
-3804
-7071
-8653
467
-9645
-6113
-7345
-172
-4528
7572
3353
6190
9885
9463
3447
311
2200
-1818
-512
-5839
-8260
-1046
9089
1415
8209
1990
-8177
-8391
667
6465
967
-404
-6640
3854
443
-1240
-845
-1779
-6774
-9216
-100
2849
7312
-8466
-5727
6242
8900
6004
-8875
4979
719
-899
646
-4671
-9732
-8825
-8782
-9423
-801
9096
-3612
4274
-4458
-8058
-405
7082
-1394
-3973
-9624
-4475
-1898
8069
-3780
6050
8561
-5315
-7291
-4818
5155
1903
8013
-4710
-9754
-3721
-1247
3288
2826
2389
3773
-3258
-8544
-1417
2942
4812
5580
4717
-2040
-5365
2972
-2046
8781
5375
-8424
5792
5748
-6783
-1253
-5529
-9571
-4220
-4259
-635
1198
-3712
9317
5464
-192
2164
7520
-9131
-7959
-9682
-3864
-3667
8932
-8897
-6079
-5706
7687
-6920
7342
2478
2631
-9369
6848
3855
-9572
-5861
7727
5317
-6277
-386
-6982
1576
3107
-4404
7905
1710
-705
-3608
-6120
-4535
7887
7454
-813
5351
-2776
1048
-9031
3265
3093
9454
-2349
9311
-6644
8301
7471
-8788
-2419
1486
-6561
3493
-6150
3919
-1613
9410
515
-9898
-5333
6816
8648
-1078
400
-6848
632
8105
-8556
260
-5611
-4374
-6528
4450
2720
1283
2908
-9245
307
-1732
167
-6346
6609
-9598
-1085
-4142
9569
-283
-3325
8195
9033
-4675
-3099
2060
4585
-4840
-5099
-2066
977
3737
-5189
8178
7860
9080
4936
445
4962
8848
-6870
4656
4671
-8612
-8272
2562
8735
-7933
6933
9506
5880
-2257
8904
-1750
1211
603
4790
7240
-6465
-8063
-6294
-3603
4936
-9559
4006
7803
-5442
7956
2834
-110
4292
6674
6212
4421
767
-2336
6352
4311
6264
-5854
-2291
1411
-9312
7205
-1580
-7389
8248
4013
-8495
1914
4395
7129
-5593
9623
-1559
-3090
-9057
-2695
3217
-9836
-5391
2842
-2210
9615
8990
482
7222
-3164
-9845
4625
-3397
-2969
1059
-2779
1617
2523
3915
9274
-3691
-5302
9878
279
-8089
-8947
63
-9740
-2513
4672
-5399
-9443
-7566
7547
-1964
-1789
-6518
-6514
-7290
6271
8357
6003
17
-7819
1133
-4287
5953
4803
8365
3208
8521
-6098
2656
-2789
2772
8854
-1325
-1516
6417
-840
8814
7358
3805
6325
-8530
6775
-7807
-1080
8948
3844
883
-6342
-2722
-3642
9466
8929
7185
-8126
-9694
1613
6390
-442
2465
-1228
-910
-2764
-9584
5232
-9142
-5522
-2053
-7588
7474
9301
3842
5963
8441
-7866
180
5823
-7430
3497
2404
-5438
2062
-764
-6959
-2313
5105
2884
2364
-117
2897
-1761
-1989
-7954
-3112
3585
7175
-9175
8084
5651
-6200
3333
3528
3274
1232
1680
6530
4886
6818
1118
3178
3549
-3571
-6409
1956
-4777
4161
-9626
9432
-7131
2493
-1367
3745
-4098
-3285
7785
-8746
-5153
-6386
7829
-1299
-2642
5564
9864
5813
-4388
7733
-2187
9033
5796
4444
-1725
6646
4627
-9161
-5412
-174
-9387
3602
23
-3592
1434
-5902
6130
-2870
4521
2476
-458
-6310
-6946
-1271
2261
5423
2825
-7323
-9714
-3653
5909
6428
2640
6542
1477
-4580
5426
2641
3212
-9108
-9768
-6534
4577
5509
-5470
-2910
5872
7028
9055
4730
1694
-8497
-9251
-8078
-9691
8843
-2444
-9349
5318
-7669
8119
1385
9736
5493
6106
8988
725
8472
-219
6076
1571
-2165
7559
-9087
-8428
-7291
-7099
5590
-1506
-5580
9629
1172
-3169
8082
3769
6723
-7080
1964
9556
9875
-2493
-313
5991
9240
-4698
1694
9066
-6726
2381
7053
-5013
3645
-333
-402
-915
6461
-6879
-674
-5073
1875
2953
-1670
9311
-542
1712
-4575
-4541
-684
2655
1120
9706
2557
2718
634
-208
-3349
-9793
2859
-8283
5400
-1546
8473
-8226
6997
-5765
-3105
-7128
2255
9265
7731
-7392
7178
6438
-4750
1950
9219
2492
9659
2437
-4811
-4449
-7207
7223
7551
-722
174
9243
5330
-6520
4684
5887
-4758
5970
4175
5413
-4265
1316
374
6253
6484
-5809
1011
-1872
-5818
2746
6104
4250
-1164
4036
5764
-6304
-1145
5522
2517
7254
-920
3964
-5247
-5735
-3668
-269
7374
-9192
-6378
698
-6620
8845
9820
-1166
-5685
-7574
7084
-7340
9380
-4134
-3178
-103
7159
9566
5517
-124
2795
-4068
2197
-5473
-7456
-6251
-3973
9693
6375
-7743
8846
9370
-2957
9637
8694
-6860
5408
-9633
-3464
1118
4017
-8599
9072
-6582
-8262
5629
1842
778
-124
5904
-9535
-8958
6825
934
-9990
6861
-7320
2475
-2377
3718
5546
-6713
4867
6533
-8501
7653
-1532
7779
8014
-3491
-612
1533
-3500
-9781
3664
8489
-4045
4927
-4603
2074
-5053
-497
8295
-3607
9780
5613
-8484
3658
5710
6933
-3194
-151
-6037
-3077
-7292
6409
5415
-5843
-3739
-7666
-8931
-894
-1681
-1483
5940
2447
6248
2163
7271
-4607
336
4987
3926
2197
4908
6100
95
1548
-4493
-5580
-9554
6033
-3439
5148
-5555
-3662
-5876
2296
-8294
6482
7278
-549
2645
-3623
4858
-4592
4695
-8247
-8450
-265
-1412
-98
-7640
6087
-717
-796
0
-4144
5859
-6103
4187
-7134
194
3232
3870
-1009
-5027
-1601
2783
4846
491
-1313
-193
7487
-2583
-1373
-68
-2412
5107
2718
-1392
-3904
-2624
7116
-4506
2794
-1934
-955
-3225
-2694
-2639
7192
7250
-3773
7744
6838
7310
-6250
-1911
-6478
-7131
-6201
-9543
-3454
-5551
5643
6065
-3237
609
3616
-6831
-4245
-8427
8911
6187
4894
-542
7930
-4372
-4909
4327
-1669
9450
-644
-168
-782
-4426
9342
-102
1784
-5482
6145
5194
7118
-4096
76
-1026
7009
675
-4143
-9060
-5981
760
7889
-7779
-8262
7528
6391
7953
-2426
7602
671
9968
-9048
1698
-1621
9795
2727
2895
5946
4330
7328
-1609
8980
718
4749
-8725
-3342
-5078
-9129
-6151
-93
3023
7261
-9584
1486
5187
4141
9416
6875
-2772
5210
1762
5796
4414
-3025
843
-1837
-7179
-343
7635
7605
831
5701
1057
-9129
-9982
-8203
7841
7236
7242
-5817
6293
-5541
3927
-3988
-2414
-7473
778
3120
-8052
903
8865
-1503
9458
-2543
-4025
-1256
4817
9929
-1342
-8867
-2100
-343
-2534
-8093
2705
710
5052
-2701
-7116
-1138
9116
9895
-9306
-9492
-2594
2650
1438
3406
-9682
-3319
2515
-710
3224
-2140
-9126
-3897
6402
-3750
2456
8053
-5582
549
8681
-2636
-6320
5490
7176
-5187
-516
3803
-2261
3294
4405
5643
7760
-1004
4294
2652
-9085
3001
-4048
5870
6864
2524
-1999
-7639
199
9715
-3529
4048
-961
-5939
-1969
-9208
8488
9933
8208
-4754
5533
-4237
-1985
-2295
625
4224
5411
-3160
1441
-465
9701
-6501
-8672
-7794
-7881
-5257
-7281
348
-9374
-2268
8729
3450
2365
-7639
-8771
1666
-4535
-1296
-9148
4680
7150
1215
-1291
2024
-498
5370
-6732
-3462
3323
-826
-3274
-5868
4125
4659
-3943
-7409
-7621
681
719
2276
-8953
7944
-5
-3322
-8986
-2106
-626
1563
5256
-7302
625
2520
501
7281
-6167
-2433
5321
-7813
6588
5650
-4871
-5002
3712
3134
-1821
5015
-1341
-330
8884
2938
-8147
8779
6291
-6160
8394
-8026
-4007
-9219
3420
4091
-5757
8808
9123
2319
605
177
8388
-7672
-1064
-6120
6845
-7031
-1151
2629
-6174
9798
2619
-3265
-5607
-5138
-2538
7857
8971
9169
-7488
5376
-5700
-1319
2405
640
7254
4103
-1477
6809
2749
-4604
4008
-5039
2402
7379
-2563
1820
-8288
-8280
7718
3581
2909
8372
-2294
4539
3647
-5123
-8176
7638
4920
6336
-1023
7439
-5292
-7102
-4093
2539
7060
9396
4482
-8976
2558
-2235
-7564
6825
6677
5706
9967
1267
-8223
293
9065
-2594
1656
-3784
-1071
6433
5732
3938
3697
2295
2709
-9506
-5754
355
59
-3515
4060
-3525
7546
-6882
-1632
-1024
5785
-2713
8035
-781
-1089
-9683
-2449
3009
7980
5469
-5705
-6030
6103
5121
4842
-4922
4326
-8141
3409
3147
-168
-7250
-9728
-6516
-7321
1622
-2132
3954
5971
-6140
6797
-8786
-1043
2848
-2635
-6523
2131
4946
-3642
-2
-5959
4764
-8950
-2514
9844
-7301
-1602
2844
-6747
-3665
5140
-3659
-9265
5614
9239
-8891
-2183
8505
-1021
3860
-6405
-5737
7124
4700
-3954
-2709
851
7693
3434
-749
-4137
-2542
-7356
-6341
7836
-1646
6498
1629
4526
-1834
-3653
-3412
3939
1206
-7598
-7467
-8976
3766
-8787
-2836
2199
9031
-1010
4019
-8776
2906
8719
-6551
5508
-2512
-1044
-5930
6301
6261
3389
1762
9713
6582
-6514
-5907
-8458
3332
2899
-6390
-3995
792
1647
-508
3827
-4889
8346
7194
4864
2767
1500
-6115
5473
-7067
8798
-2229
-5730
1286
-4955
6430
8542
-4856
3064
935
-1600
-8146
3872
8737
1348
-9901
806
-7404
9900
-7764
6664
-8123
9366
-8228
7775
-3215
2974
-2117
-7287
-3802
-6792
-8433
269
-6147
9191
-4468
1934
1261
-853
9496
2264
7311
7486
8078
4073
-5135
-3305
5750
-6542
-7726
1252
-9660
1883
3646
-5512
1656
-8196
138
7171
-6266
4578
-4146
-6343
-6800
7731
-3126
7872
6850
-2133
7831
5713
4330
-8861
9652
-4464
-3904
9353
501
-9395
-3060
9388
4713
-9062
-3841
6811
-8990
-7189
-9388
4752
3055
-7698
524
-8558
-970
1906
-616
-8000
8470
3705
-5411
5017
1396
972
9544
-6096
692
-9147
5184
1797
5936
7095
-3714
3722
-8106
7112
9049
9156
536
8313
-6064
-9994
3307
3595
-260
-971
-4722
2892
-1969
-4116
811
-936
2627
4736
-5219
-1082
5661
-1661
5991
-8415
3855
596
-5970
9569
-7137
-1815
-7283
-6510
-7931
-1459
7492
8988
-2576
-3892
5104
-3121
5865
5065
3962
-1825
8696
-3211
5102
6836
1105
-6437
6825
-5897
-1527
-3022
-2835
3324
-9686
5661
-8306
-9213
3966
-6444
-1767
5457
-6443
-8619
-9685
-483
-5275
-9664
4183
-4195
8930
6280
3095
5852
-2994
1354
-2056
6382
-1659
4652
2285
2965
432
-7653
-7493
2254
-816
5806
795
-1252
-9997
8192
-4038
9661
465
6673
-6636
-2262
1706
-1473
-7105
-7798
-8051
5867
4572
-4088
6079
3977
9426
-3904
-3757
3116
-9792
-6385
5368
-852
3902
-8971
-7973
-4787
562
1407
4577
-7958
-8367
-6276
4542
3672
1127
4430
-5872
-4590
-1297
7302
-9385
7614
-9320
-6844
4159
-7652
-9191
-4289
-3785
-910
8691
1302
5874
-2973
-26
577
9475
6773
8846
7826
-9838
2833
-761
-9648
-3848
8671
9960
-4574
-8848
-7848
5049
-2440
8388
5332
-9243
5753
6746
-5326
1262
-9140
-5853
-7449
766
3161
-4024
-6636
-1086
-2517
4856
-2407
1486
1358
-671
1518
9066
-8021
1413
4550
6830
550
1019
7596
-9819
2112
-3234
5494
-625
3583
-1674
-7954
6322
3453
-3194
3509
381
1975
-6267
4717
-7179
5613
8779
-9314
2791
6662
-4815
-5479
-7179
-4041
-924
4040
9104
6587
220
-73
-5279
8701
4676
-9245
-5575
903
-2898
2380
4847
1454
-7957
-2645
-9810
-9303
4115
-9036
997
981
3116
-4644
-1153
-1967
-1184
-1675
5323
-3163
1681
3039
3737
7212
4342
2124
6993
3312
4531
-2446
5880
-3460
-6359
9370
-1853
-2775
5203
7510
5911
3556
-9080
7692
3874
-1323
-1280
7331
-8146
2890
-4443
-3538
2361
-5353
-5973
4544
-3094
2538
-2066
7673
3343
-9476
-4298
9636
-2939
-2332
-4768
8255
-2113
5016
5281
4089
1322
2437
-4322
9146
7915
9805
-6378
-1752
-6575
3264
4042
-8297
3914
-4091
-805
-9575
-5460
3326
2984
-3727
-7733
-1397
-5694
-7752
-9306
-5297
-5332
-3531
-3510
-2011
-8844
6463
-6284
524
-393
-990
-2538
-6348
-1404
-3413
8078
7363
-5223
-3675
-2284
8917
3845
6177
-193
-1098
-5731
4513
-3897
-6143
6687
-2919
-7477
807
4831
9725
8103
3253
4865
-997
8916
8869
-9257
-5430
-8462
-4125
-3658
958
5275
8642
2433
4183
-6182
-4688
-5489
-2316
5208
-5931
-6309
-8470
9904
-3227
-7150
1071
-4274
2521
-4892
-1576
-4145
-8141
2204
9269
-7042
-6850
2908
-3937
9232
-8143
348
5606
-5132
2707
1996
-9877
-6593
-6854
-1822
9726
-6896
-2094
8007
7313
8489
61
-1000
3326
4354
7919
-4185
9148
-1271
-6440
-5759
8331
5156
-8629
-1128
3251
-2650
1655
9046
9486
7915
9174
-6311
2200
-4163
5067
6369
-8273
519
-2338
-2489
2733
752
-7254
-6504
2614
5804
9812
9435
7173
2129
3066
9657
-5874
-6714
-5324
-4816
-4099
9670
-6380
2660
-6429
-9619
-9943
6125
-240
-3040
3160
-1405
-3300
376
-9432
-4144
-9701
4618
-2924
8501
7451
-4749
-9998
6124
-2998
9553
7948
-7449
4656
1510
9615
3471
2788
6739
-1365
-9649
-4323
6951
-9607
4015
-9007
-2474
7303
-1788
5049
-130
4570
-2817
9792
3383
9126
4471
-9813
5369
8719
6073
9351
-7104
-5447
1755
-537
-1426
-3914
646
-6421
-4464
-7575
-3902
-8908
-2112
-7528
-5417
-9871
7039
6293
-1213
8455
-2935
-2219
-4302
-1713
-3452
-6848
-6339
7915
-5101
-4488
3366
-2028
-5141
-7211
-843
-7088
5668
3378
-9456
-2723
-6119
-7663
-5751
9394
-5009
9902
8027
-2915
9255
9124
-2
7313
4617
-3523
9476
8372
8383
6933
4083
-8063
-6811
-1953
2020
9953
-1816
-6681
-3112
-7564
-6248
681
-8806
9769
8063
409
8777
2906
-1012
-5373
366
-8586
9839
-133
4168
-986
9133
-6134
-7472
2756
1100
8642
-2980
4514
6747
8563
3645
-249
-9730
9693
-3194
6969
7129
1022
3434
4251
-2536
8119
8510
8609
-340
-3117
-359
3786
-3261
3233
2248
-2625
-2171
2203
-4588
-2565
-5742
860
-2751
6148
-5451
-6337
-2088
827
-7034
-5054
5018
3899
-8356
-2835
6959
7396
-3084
-8014
3887
-6946
7531
4052
-7295
-9377
-7046
7913
-9680
3273
3909
-4027
-9050
-9891
-4734
2770
-7179
-6629
-2060
-1795
-1916
-8585
-2059
-7412
8291
5425
6381
53
-9839
4271
2645
-5512
-867
5790
177
5500
-6852
-6971
1728
-173
-7288
8798
8492
9385
-5440
4658
7349
-6419
9485
6657
402
9945
-8562
9972
-4162
-4363
-2771
467
8477
6541
3686
617
-1129
-5678
-4288
-3131
-2062
-5924
3832
1544
9555
-6867
3827
7039
646
-8417
4278
-2127
-900
-159
-3366
-2764
-8132
110
-5218
-9757
-2002
-8409
3227
9459
8244
-3542
4538
-1624
3427
-2377
8134
-1331
5778
960
-8332
-8594
5306
9897
7442
-7590
3041
-9814
-4062
7046
754
4139
7160
9611
2674
6195
2830
-9826
-2322
-3354
2823
103
-3221
8857
-3202
-2831
6757
-8533
-5006
-2513
1337
3233
-4712
-536
-5035
-5515
-5950
-2238
-8625
4817
-1404
395
-4841
9805
6953
-577
-2196
-5012
-9497
8743
9983
-3922
3998
-9387
8973
-6254
-4155
-1735
9416
2181
-8200
2180
7737
-8002
-6212
1653
2354
-618
3928
924
-4026
980
-7148
853
8173
3103
7786
6591
-8724
-7073
-1198
-8745
9429
-5035
7424
5991
-8415
-4254
9292
-2868
1862
1372
3754
-601
3791
-9873
-804
-480
-6234
4587
9498
3000
-4462
650
6071
4344
-6771
9314
-1186
-6523
177
905
-3427
4704
1354
-4985
5225
-1193
6734
-774
-9997
-1597
7239
-8947
7457
8758
-9582
496
2555
-2753
9991
9877
-6501
2046
-2968
3717
-8918
6983
-7736
-1779
-4255
141
-497
8504
2128
4928
-5604
-916
8519
8683
-4300
6865
8431
9627
-9768
-6953
788
9097
-3818
-7138
-7428
3249
-2092
6154
-5254
-1313
4514
1663
3487
-7856
5899
-6149
-4373
5518
3
1089
-9035
162
620
-1293
5812
-809
-7909
-2379
4717
8298
1987
-6334
-6477
6630
1573
4641
-8608
-6966
4511
7080
-6980
-8546
3417
-9238
7896
7086
2189
5187
8816
-2278
-829
-174
2680
-612
-5305
4212
5755
6308
-5690
5163
-5504
-5875
2248
3843
-6568
1262
7802
-2709
-2719
-7496
-1908
-686
-6650
5956
-3364
-5140
522
6257
5792
6954
-7292
7420
-9806
-333
7250
9849
-3025
3448
2748
6488
-575
6167
4132
-9442
6978
4626
-4445
-2769
5183
-2855
9269
-8445
3528
9562
-7418
1565
433
1211
-3759
-2123
7683
-8327
5852
3650
-485
8791
6584
-7030
1255
3479
-3314
4629
6143
7647
-1455
8328
-6510
5822
-1098
1337
7411
9126
-4178
7950
-2695
6783
-42
-6787
5121
-4998
4888
-2911
5701
1224
9010
-9050
-6081
9557
-5014
-7748
-7453
-8232
4775
-966
-1689
-1304
-6940
-2927
4561
3948
4055
-8479
8148
8988
6166
-5134
-4305
-6198
3650
2244
3921
2672
825
-860
-5780
6921
-6369
-778
5435
6201
5467
2789
8233
4038
3130
25
-4123
6019
-5105
4698
-6619
-6403
-8008
9764
1918
6626
-550
6716
8885
-3285
4613
461
-1594
-8800
-8016
1695
-8219
9720
8743
90
-5541
-9023
-4750
6959
4295
-1824
4432
-7234
635
-5568
-6587
-960
-6576
-3839
6016
-3658
-636
-6883
8919
-6967
7490
-7844
7173
-9449
-3540
2986
7307
-8909
-3280
-4339
-7123
4461
3721
-1176
-785
-6755
515
-6402
-8061
-161
142
8548
-8087
-3924
-6480
7660
8443
-4355
2407
-4070
7717
155
-9940
2216
-2234
-6647
5963
-7412
-4295
-2350
-9047
2327
7595
-9722
-1144
-9603
-9287
625
-4501
-9342
-615
8629
1777
2364
-2637
968
-8873
-2919
-16
-4811
9351
-5048
8624
4333
5633
-1713
-1882
14
68
-4909
1793
1897
-8867
3535
-1983
1169
-5569
802
-3151
9095
-2706
-5426
-3074
9729
-1883
-4299
-3718
-6755
-3929
9226
3406
-5746
2924
-3208
-8845
4899
-6004
-2743
7626
2865
-5075
-1707
2590
-6031
-8629
7758
-4502
-1961
9997
-2106
5483
2816
3086
-9001
3498
-8452
-4286
-8552
-1008
5084
7318
-3558
-5235
-7691
-1192
9598
6361
7469
-3189
-641
7873
-9426
2210
-5954
-5833
-1778
3711
-570
57
-9037
2073
-1646
4123
7908
190
808
-6578
6636
4709
5659
2957
60
2516
-2948
9918
-1579
1855
1488
1100
-8232
-8244
-9903
2590
-563
3492
5119
2631
-7718
-1436
-4220
7299
-7708
1920
4612
8539
214
-7193
-671
-6989
9933
7857
7470
-4429
5230
-9786
7007
-7695
-3690
-6800
-1886
9689
9307
5738
-39
-1025
4096
9836
-1798
3300
5659
-9552
-2097
-8516
2256
4301
-8748
2337
-4017
7220
9819
9176
-2714
-1197
-8204
-4636
2313
9906
2179
-2521
-5378
9347
-6931
5755
-8046
-7666
-531
-6540
-7820
5727
190
-3337
349
7178
-154
-5910
3391
5917
-2755
-938
598
-7416
384
7100
-7010
-7710
-8214
-9741
8202
1950
-635
-8516
9179
-4729
-9962
-4853
-3904
2989
-708
-4525
2869
-1088
-556
7798
-9003
7930
220
2579
-2516
-4775
-1019
6669
3183
-6033
7845
6359
5799
5081
1850
5524
-4281
2097
-3221
-8425
-1861
-8515
-7186
1360
5973
-2624
-5566
-2260
317
2185
7446
-4428
5106
3128
-4084
8346
-5695
-4751
3527
-6695
7834
8662
-9264
9809
-2010
8989
-4116
-6342
2289
-3303
6990
3736
144
255
-9642
-6163
-5013
3379
5551
-9381
-6014
-3563
-7862
4106
2688
8282
-946
164
-4422
-2494
6443
2304
2808
3843
-1181
-5533
2542
-3316
2046
-3383
5026
-874
-6672
-4538
281
-8147
6756
5646
8082
-4256
-6940
2446
-8977
-9360
4903
-6367
-5415
5873
8749
7856
4422
-9897
9068
-2278
-273
9351
-3910
-2048
7907
9423
537
-9940
2180
9985
-4762
-556
9424
966
5526
89
-224
5881
-7931
-2613
3114
1448
6411
-5679
-6330
-7553
8063
-3572
8337
-1971
9123
5961
-7708
-5966
-6775
8854
-1596
-6137
-8476
4999
940
947
4861
2850
-5888
2451
9346
-7814
9041
-6488
7657
8259
7771
648
-3731
-7483
-129
3967
-2430
-4259
1431
-5856
-1265
-450
3593
8816
-9627
-8654
-5387
5216
-136
-4225
1867
-2188
-5305
7767
-8088
5893
-6757
1872
9760
3593
9773
5366
1697
-3083
-8793
1778
-1519
-450
-4224
6720
-9819
8956
-7475
-399
-8196
-1612
1231
3545
-9103
4101
-4557
-4526
-446
-8783
-8347
6221
-460
6207
-6391
-5811
-6720
-6751
-3081
4847
-2777
3216
445
9457
1420
-133
7153
-8872
7093
1412
5862
-9530
1395
-504
-9571
-9540
8279
-2784
7364
6968
-5319
-6947
4103
-3131
-1606
-8033
-3894
7274
-6053
-5963
-3673
5427
8091
6942
2249
4516
-1120
7041
6520
-9834
7433
-6973
-7924
6489
9524
9317
-327
-9281
-7624
-9178
-7406
3070
8294
-7620
4628
6156
9108
-3721
-6416
4744
-1345
6399
8703
-4752
-1927
-255
8528
1129
-7245
3661
2481
416
-6247
3769
-325
-2857
814
-6330
-9304
2945
980
-472
-9204
-3199
9242
3958
-1680
-2075
-3861
-5367
2146
7881
2778
7880
-2453
-3981
-7225
-6932
4937
-4788
2449
2955
-9731
-5666
-8425
-8
8050
4010
1533
-1071
-2151
1816
-7067
9992
2156
8232
-1376
1156
-2323
5862
-5762
-6417
7504
6031
9750
-2995
-5557
2202
-1724
6921
2841
-7242
-3784
-5456
9119
3838
1532
-5178
-8896
4639
-3213
-2346
7791
-649
87
3675
-9521
4716
-8143
-8132
7279
-445
-6360
7878
7977
-5018
2315
8622
-8818
-6713
5509
-192
1742
4742
-5180
-239
4296
-3918
-226
7425
44
6294
250
3148
8176
6128
-5745
2114
-4863
-7408
-3430
-394
1711
9437
-856
-7625
1161
-3241
7600
-668
-2201
3007
7691
4134
-3590
-2959
550
-1555
9264
-373
-6726
-6004
3938
-8190
855
4874
-9946
-5359
-2796
6716
-6335
-7107
-2059
-1625
-7529
-1639
4162
3585
-8337
-533
-625
-8743
3199
-4900
8516
6193
7980
-7389
-1357
3013
6284
-4757
928
9417
-9152
3083
2502
-2040
4409
-6169
-6314
8729
8887
-3307
8479
-4873
-5
3217
-9666
-8927
545
-6350
8186
9472
5250
9118
9499
1072
3211
-1311
-1698
-5214
-6466
-9029
2097
-3099
-6231
-7018
7975
2856
-6509
-4855
8256
-9681
-8809
-2245
-9750
-6515
8113
2045
-7130
-1734
3353
-7041
2830
9579
703
-8657
-7443
-5174
7438
-7087
-7325
292
-3714
-7754
-9220
-5447
1524
7896
-8788
-5817
-4422
-3255
4004
4617
6851
-8222
-6385
2441
-1023
9009
-1596
1350
5207
6694
851
6872
8649
-2402
9105
-6063
-6535
-5447
7907
-8337
-2795
4358
-8503
-1356
9088
-2465
-5587
2274
-1274
-3378
3056
6082
7054
-5839
2189
-3012
1501
-4316
32
7565
9886
-1893
5687
-8437
-9752
5830
-7681
-6308
1358
-8659
9371
-8255
-8857
4258
2784
-8567
4242
8509
-7141
3487
2636
-1157
-1217
285
3683
-9554
4460
-5179
7594
-8055
1603
5560
7539
3831
9458
-9595
6924
-8045
-95
-1437
3353
1733
3379
-1061
-2808
7274
-4218
-3079
6683
-8006
8327
8974
1822
-9403
2255
-6477
-2698
3664
-4045
5788
5864
7670
3869
6727
-629
4241
-8345
-3065
-8169
3351
-4873
2087
-7949
-9745
-9915
5001
9958
-8087
-7732
-4113
-1479
3178
-1105
2339
-7838
3457
-1584
-3273
-6151
65
3953
6020
1866
8240
3358
9930
4561
8682
7404
-2804
4038
5245
-5081
7078
8328
7416
-1767
-3570
3979
3875
2774
2350
-5288
-6380
-2521
-6179
-293
-7784
-9683
4624
7455
3577
7158
378
-1213
7889
4884
-3580
8765
6151
-289
1572
-3787
8722
-8148
392
-9495
-9283
-6034
-3310
5997
751
94
4364
5054
-7549
-114
-9548
-3141
-3731
-686
9301
6506
4873
-4526
1351
-977
7606
-1796
585
513
-8025
961
-245
-8973
6354
2216
7193
-704
-9766
-3058
-660
-622
-5626
-6595
2470
6383
-1885
8446
-3535
-5552
76
-9716
4847
6891
8249
-9980
8362
-5925
-6291
-6444
-9994
-4497
7043
432
-3087
-8294
-6220
6304
-6930
-8019
-4485
946
-5987
-5501
6359
7256
-4100
1271
-1501
-303
6163
9010
-1696
-7939
9626
-4123
-3087
-7961
-1371
-5634
-2554
-2387
-4024
-3602
-7533
1138
-2689
5737
-5546
-3164
3741
9514
1756
5639
-448
8032
3272
9393
2909
1656
4310
-732
-7362
4776
5155
9364
5687
-8079
-9962
2708
-2212
4602
9889
6799
9229
8569
-7567
-857
-6791
8989
-786
-2480
6358
-5776
-101
-6464
-8786
-2856
-9120
4682
-9350
-4468
6454
9367
-7936
5984
3771
5112
-6995
301
-360
6072
-6839
6726
-1490
8268
-3488
10
-675
2966
9347
8621
853
-9288
1831
5298
-8632
4353
-1499
1325
8146
8197
3590
-3636
-6564
1063
-7738
4618
4357
3313
-2634
-1162
982
8884
3721
3057
-1745
1526
-2602
-5763
-8042
-4425
3339
-7200
-8178
-8872
-1991
3178
9325
2884
-3139
-459
1554
-3733
-5913
-3294
-9967
8574
8222
2268
5491
-9117
-335
4260
231
-6971
-7162
-2557
-5931
-6982
-4754
7137
-5942
-1577
-3641
8840
-5449
-6953
1378
-5196
-3430
5321
-6003
-3694
324
-1810
-7540
-7961
9706
-338
-8368
-7393
6829
-6521
5409
161
-3015
1773
-3128
5895
1983
-5888
2516
-5
7811
2546
-879
-5930
6508
6490
-8261
-5311
4008
-920
8619
-4513
6829
-914
-2530
-4246
-6980
-5121
-2304
-8145
-8992
4601
-657
7542
3614
-7292
7084
6316
685
2369
6194
-6459
7942
-6264
7120
3434
-1702
3942
4136
-5018
-6089
-1980
3024
-8187
-952
9672
-8309
9192
8417
1434
-1151
7597
-3916
-5247
-910
8152
6444
8468
9455
-8796
9501
-2515
-7414
-2160
-9260
-5912
9824
-7485
-5909
-3978
470
1331
5323
8297
-4768
-5309
-7341
-6159
4879
-6076
-1917
-707
75
-4372
5979
806
8577
-8121
-466
-5357
5867
-9163
8765
9976
9803
-1020
-3259
1140
1848
-8839
5850
211
-7271
5824
7359
-1470
-6881
359
8295
329
4605
1446
8691
5312
-473
-5286
-4081
1359
-6718
-4710
-1145
4432
-9388
2316
7586
-3524
-2032
5175
-3597
-3344
3576
2887
5073
8423
7073
8428
-2033
-6014
-9816
390
9238
6574
-3464
-3622
-7779
-5547
-696
5795
-3338
-9180
4221
-8925
9032
-494
7844
-284
7353
8420
2219
7558
6376
3086
-7238
-8476
8697
-4243
-9641
3753
-8848
5144
8495
8465
4134
2810
702
-6498
-2187
1407
-7608
6478
-3066
-8445
7014
2668
9633
5007
7520
9269
-3735
-5637
3333
-1634
-5582
6628
-2460
-3117
3460
-4761
-6948
9671
7017
1532
9768
-6852
7981
5199
-7913
8995
2900
578
-1275
-3042
5499
-6636
-4353
5572
2332
-4999
9119
9955
-5793
2013
7456
4391
2687
5628
7382
1555
-3936
8473
1170
3374
-6381
9252
-9408
9269
-5263
-4503
-781
9997
-9940
-9086
-170
-1122
574
1244
8556
403
8206
4844
7433
-1985
-1014
3511
5267
306
-2287
844
-8815
9624
-1976
-7662
3655
4076
9800
9675
7948
8472
2530
9329
-5189
-8345
5569
9941
9308
6601
9345
-6210
-1572
1878
-776
9743
645
2060
7234
-393
-4024
-7320
-5612
-8925
2471
-1070
-1767
3227
-4592
-4627
-2593
-8722
9795
2972
7664
2716
-1967
-6151
6690
2870
-6357
-3240
-4334
3724
8222
6101
8840
-2666
-4377
7332
-1985
-2880
6143
-4144
8584
4094
8576
1070
2293
5127
8846
-5424
6915
-2680
5730
1954
-6492
198
-8993
-7804
8081
402
-3783
4144
6434
-1016
-9036
1301
-1016
3260
-5813
220
4544
1766
-7418
5377
-5544
-7715
-6925
1435
7969
3285
1197
9913
-4496
7526
5076
-7362
-7112
-1620
-2184
-4185
5502
7010
-2637
2060
-1343
4673
8346
9007
1046
-7456
8631
419
-487
-6842
5141
-209
-8842
6099
-6353
9519
6921
-3672
-793
5032
-8879
-3800
7980
-7287
8765
-9154
6119
-4336
9801
6739
6936
-5385
8975
-4312
-3317
-3464
9215
7111
-243
-5749
-2845
8476
4720
-7397
-695
9709
4405
6356
-7187
-9676
-1371
-5074
245
-949
-6287
5773
-873
5506
668
6709
-7662
-5314
-8315
1126
-9883
972
1854
-2266
-7823
-8876
-3714
-6837
-4023
4503
6591
1340
1092
-782
4792
8342
-1887
145
6178
5491
7549
-7125
7274
-3568
-3530
-463
-6582
2008
-863
-9400
-3436
-957
996
-4851
-1760
-771
-456
-2310
4239
-2104
9664
5821
-6926
3449
-905
-6930
2386
-5441
-7613
4200
8117
5873
8840
-2069
-5848
8578
-2939
8680
1429
-7303
-7912
-4436
-663
-6945
2584
-8453
9299
2095
-5925
912
3362
-3575
-7634
9187
-150
3668
266
-4522
-535
6406
5850
309
9475
9825
2926
-6905
5582
6210
7038
-3447
332
9831
472
-9571
8032
7465
-577
-5745
-9963
-4508
-6321
-3681
9563
7879
-5776
5637
7986
-2658
-706
2539
9916
-6679
2982
-3324
9380
764
6912
-7921
5879
-3389
-263
-278
5854
-5983
-4186
-9339
6640
-2238
3403
8093
-3588
2511
2314
9266
8626
-7346
5685
3985
-8829
8024
-5162
1632
-7878
1834
4606
3346
-5379
8350
-8011
-1786
-450
3984
6614
7881
-2190
6152
9951
-3788
1282
-3345
8965
-1839
-9101
7916
-3060
-2715
5546
3032
-2269
-9875
9115
6772
6548
2576
-286
2157
-1564
-1930
-961
-8596
-1534
8582
-156
-4073
-1543
-8617
-8939
-8624
6134
-487
-6198
6812
8598
-3454
8777
-2997
9382
-2841
-1617
3963
7853
2385
9436
4481
6739
8759
1214
-6972
9542
5882
1702
9592
4632
9127
22
-1616
-7311
5889
-4513
-4534
8279
1138
-6648
-6061
9180
5750
6111
-1911
7880
-2392
7838
3379
-917
2134
8497
-7784
5769
6639
-5343
5594
-452
8811
1599
-5660
-1855
-8168
4744
8805
-6680
9150
5518
228
-4863
-5400
3666
-3790
423
8842
-4692
-7273
4507
120
-6485
9133
911
-6800
3692
-7883
7203
2787
-7566
-1518
-2334
139
8126
5087
-9951
-8956
-1350
-570
-8377
-134
-8918
1459
2932
8954
-4865
9697
9224
-8187
-5281
-4758
-1433
2841
2871
-1268
3987
5066
6438
-3374
5853
-435
-6034
9081
410
-6936
4132
365
-4190
-1980
-1994
-3595
-7168
-1890
8594
-5091
6192
4778
111
-9942
9087
-1577
-7479
4764
9952
-4408
6092
-2692
551
-6101
7433
-4616
4403
-7430
-8591
237
9373
-3072
6862
6365
-5444
-5212
9280
-3943
6385
-7770
-430
3189
-2464
1239
1805
-6067
-2328
6817
9092
-8467
622
-9293
-2114
-8849
8765
832
2009
-2217
-7500
9939
-7364
-140
7413
-5921
-1230
5023
-1215
-9897
269
2691
5309
750
3444
6587
7079
9065
-8350
6458
-585
5003
-4174
-5397
4890
-4768
-9562
-3022
-5810
-6942
-9768
-3412
-3939
1372
-5177
-2876
5250
-3312
-8285
3219
-9700
-8218
9012
-6340
-8368
-3095
223
7618
-4872
-9921
9083
1915
6172
-1708
7896
3988
-1587
1339
8375
-8037
5665
358
-1418
-6877
3742
2261
5444
7381
-3976
6136
5028
3678
-5125
3156
-6705
-6610
-4036
9093
1638
8721
1748
-7854
-4182
4433
3721
-671
6745
4178
-4947
6349
4700
597
-8036
-991
-358
-7302
-7987
2392
6560
-9422
2273
-7626
8853
-9657
7802
-4466
9720
-3355
4902
-684
-4875
1607
4758
-8663
-2918
6939
206
-9153
-1262
890
8300
-2033
-5629
3558
6743
-3643
5513
4183
-7303
9985
-7964
-5724
824
6494
-6978
1051
-5805
1620
135
1820
1014
6752
4933
-2860
459
-6875
894
-4099
838
5942
2459
-2194
-4644
7257
-9105
8735
-7387
5448
-4700
-7936
-8516
8368
4175
423
-5937
1164
1739
-2892
8694
6311
-919
-3649
-9748
-3719
9192
2045
-2524
1878
-7086
6063
-8441
364
6117
2534
2037
4259
715
4726
8663
-715
6884
-484
1608
-2003
-6922
5019
-9375
6458
7644
4147
-7956
457
-2599
-201
7513
-6914
6922
4513
-3613
1058
2614
-7048
-1518
9960
-9026
1229
1164
8089
506
1603
3422
9597
4253
8370
5054
733
-8848
7892
3406
-6535
9798
-8752
-245
-9479
6089
-6186
-6385
3632
-3101
-9717
-8131
4291
-8098
5068
2281
9510
-3569
-1558
-3856
-9815
-7738
-3692
-6221
-753
-5100
3133
-6793
-6691
-4391
9418
1183
-9538
2828
8283
-6472
8302
-8701
-8512
8991
-1708
1404
1115
2015
-5114
3586
7724
2987
-8488
-6708
6075
-6957
-8501
2407
-8587
-224
449
9163
8116
3469
-7684
-9009
-5235
-2499
5640
-8545
9177
-8090
-9621
-9317
9617
7918
-7587
-2236
-6378
-173
1947
-9210
9619
-4886
1539
-5974
2799
-4194
7229
-4990
-4862
-7976
3925
-2945
-9109
-2213
-6938
-8703
-1193
-5417
6871
7568
-7096
2755
-7288
-8599
-9487
4995
-8737
-7162
-4987
6857
-8647
8647
-596
6184
-1910
9454
8124
9791
2324
-4653
5270
9525
7497
5925
5347
-1057
6736
-2900
-3572
9973
-1953
-6820
417
-1333
-461
4443
1785
8493
8804
4387
1303
6043
6917
-2568
-2863
9075
-3205
-7039
-3790
8698
-6365
7
1395
3371
3771
6256
-3732
4168
-9073
-6790
-5554
8941
1890
7059
2076
-9058
3852
-2126
-6984
1306
-13
-2769
3694
-2057
-4497
-395
9369
1878
-9846
-1626
-2480
9897
-2063
-253
4105
-3405
-7670
-5307
-5089
-267
5413
-7969
-7397
-6484
7212
-1518
-8269
-469
-8975
3063
8591
-9119
4048
-280
-7815
-4686
-8319
-9614
9309
1160
-3214
-6541
-6152
2151
-4188
-6875
2395
7640
-3895
1606
-151
-6980
-2811
-7909
9874
-8739
8898
1529
7335
2992
6239
1705
3814
-7652
8269
6867
392
1904
4040
-5174
-1491
-8991
-7855
-4749
2188
1068
7146
-8904
-9440
-2678
6150
-6066
-2632
-5593
1777
-5999
-8487
4045
-1604
8960
7173
9897
-7874
7177
1182
2493
-8770
750
-7001
6437
-1591
7785
-670
2511
3049
3611
-3373
-1794
-426
2734
-7006
-8790
-9139
-2317
-6088
-3136
4470
8718
8884
-8989
-182
5320
5185
6940
-8954
-2554
5577
-4509
5029
9412
3542
7938
-792
6675
6447
8131
-4103
-9652
6597
1340
944
1526
3285
-3750
304
-847
-2512
4307
8614
-3286
681
2807
2138
-2839
-9292
130
7155
253
-1754
4003
-3229
-3329
4268
3783
4842
4044
-7441
-6362
8227
2881
6272
6579
5616
-3007
898
9437
-3963
1142
9855
-7361
2933
4687
7921
-462
-5638
-3294
-9103
-7895
-7462
-5914
1066
8448
3631
8723
-7420
8170
4229
9074
-1263
9164
-2652
1076
9173
882
334
-6507
-6063
-1188
-8076
-9348
-1210
-8769
2557
-9774
6337
5221
-739
9809
5838
-2523
-8877
9004
6130
1281
5804
-947
2717
-1040
641
-629
3504
-3552
-9204
-6156
-221
-8617
1086
5009
6396
3927
-4833
-4720
3719
3707
5729
-8535
-5485
5931
2784
893
-786
3905
-8720
9240
344
-9798
7992
2963
2928
4464
2426
2499
8669
-9521
-4856
-3405
2344
7216
-2871
-7722
7165
571
-4304
2253
-7697
8635
-7505
-1415
-1907
-5459
-372
-16
4567
-9702
3158
8686
4115
-8241
6039
-8989
-6989
4151
-8306
-4219
9361
9657
1023
-9504
7286
4898
-3965
-625
-9024
-9118
8024
5541
-3932
454
-3437
8563
1325
-5737
-2771
1187
-1845
-3282
-7864
-539
-7454
7408
-1471
2163
2164
5989
9308
-3699
5570
-2381
4119
-9667
1979
3834
3419
2474
-4901
-5115
-6655
-7768
3768
7663
-9412
4531
-8582
2980
4361
-1640
-3145
-7499
-578
4847
4619
8422
4928
-2960
-4645
6727
8985
-5997
4083
3371
3946
1467
7830
-1710
1032
-9280
-9031
-9976
-9662
3779
7776
-2564
4043
-6558
2606
8870
-83
5519
-5269
8797
612
-3339
-3934
-755
-110
6599
-25
-2512
-2342
-2752
3605
-6123
-3502
2547
-836
-8900
-4407
2708
3012
-2836
7529
-9419
-8162
-361
4848
-9067
-6085
3582
1857
-8558
8584
6078
-3960
-5395
6324
1232
6598
-5608
-1064
9046
1275
-4234
5353
-4821
8537
-1839
-4320
-1074
0
6057
9321
8280
-5146
3678
-5175
-3022
7440
-5420
1636
-1700
-1611
8655
-9319
-1888
6674
-7274
5540
1459
-4223
-5330
-7290
-5580
6971
-8658
-9462
-8633
-337
-86
7169
-3743
8914
7318
-4921
2609
-2682
6969
5434
-3926
-3931
-4436
4300
-272
-6278
-1248
7279
2553
-2633
-8890
3853
5131
-740
-6396
-3585
7465
4636
-4563
1433
1937
2033
-8728
3543
-3371
8420
7187
-1507
7230
1074
-2565
3377
7872
8959
-9937
-115
7943
1691
486
4320
9848
-6128
-8861
6474
5186
5805
5005
-2922
-6948
4692
-1921
-8162
6569
-1068
-7635
8512
1979
5943
-1950
8800
1219
1129
-7109
-7394
7930
-6182
2360
8187
-8232
5848
8717
1990
-3109
-6751
-3920
-5390
-7032
1119
-7831
-5052
7505
5630
4511
-2219
8394
9775
6452
-4456
8225
6741
6238
2072
1008
5664
6649
1481
-2747
-3124
-5386
5263
9666
5454
9607
3637
-798
-4030
2341
-6918
1028
9222
884
-5456
4958
4058
1737
7678
2340
-382
481
-5280
2711
-6871
6802
-3560
383
-4766
7802
-7663
-2673
3590
3159
-6261
1620
1828
-9536
-4252
5845
-2854
3225
-553
-1658
-6112
9949
-2489
-8887
2391
1209
563
-4598
-2137
9596
66
8644
-9709
-2431
-1930
-2953
9603
-5986
1282
-1600
7252
992
-160
-1104
-7019
3965
5545
-6435
1793
-9182
-6604
4330
1449
112
-6907
355
-6552
7368
4991
5733
-2189
-8117
-257
-3832
6305
3423
901
9599
9560
-5802
-5182
7424
-1742
2367
12
9750
7833
3521
-3271
8198
8856
-323
3466
-5999
8612
1035
9337
2226
-2070
-5645
3481
7446
3563
-2408
2621
1397
3460
-4673
3774
9636
2263
-2267
4987
-6086
7440
-7733
-3532
9118
-8471
-3081
7852
2195
-4036
2719
8143
3864
-7061
6593
-8209
4730
388
2391
2246
9037
-6322
-8958
7785
5615
9613
950
-2228
-5959
-9187
9763
-5495
423
1390
-8667
-69
6713
852
3404
5362
-8204
-6519
8066
-8390
2887
9329
7537
-7894
1358
-5080
3648
8746
-7993
5291
7130
-3620
-5681
8972
5865
-9052
8544
-3786
-4959
-166
-8343
9200
-7784
7357
5584
7733
1429
303
-7141
-9802
-7387
-5513
3959
6154
4381
6164
-9311
9576
9277
-8932
7784
9531
-3288
-9437
2988
-8092
-8458
-7879
-1340
-6701
5172
6110
9989
-3540
-201
7555
-3807
-3550
-181
4059
8531
8533
-1354
-6537
-5549
1440
-5689
-3922
4552
-2204
6035
7567
-7556
-5359
-1142
4683
4158
-8067
5669
6754
-868
-4397
-2559
-3973
2648
3644
-5841
-513
2880
6437
-121
-9397
6969
-4848
-1427
-1723
-9817
-5031
-5189
5834
3089
209
-1081
-1516
-7195
-3345
3938
-1252
-4085
5439
9249
1837
-3091
2006
4405
6239
-9601
628
4142
-6930
2321
-9125
1784
-8922
-5345
-374
-3473
-7678
9093
-9608
3491
9634
-3232
273
-1397
-3276
-4684
515
-6995
8188
9454
5108
-9672
8174
-741
-7817
2480
-3591
2707
9872
-8048
-4885
3910
-6544
-3747
-5945
-7118
-6075
3532
4634
-466
1423
4741
-8794
15
-8170
2322
-2675
-4327
-4097
1325
-6129
6425
-5150
180
1832
-454
-6661
-4930
-4964
-4504
1611
-7657
-2172
-4085
-5753
3440
5028
6142
-9398
7969
6417
-21
-3809
9961
-9388
-6790
2409
1715
-8824
4276
-2561
9496
-7295
-1564
-9653
-8380
-1810
586
8441
6926
4825
-6544
9930
6639
2047
-3658
9675
8667
-9360
-5111
-2918
-1852
-990
7842
3680
-8583
320
-6880
-2426
40
3499
-8326
6025
8120
2698
301
-9632
1402
7742
6689
1873
8267
-4581
905
-4962
3930
560
-9778
1924
1545
-972
4368
2529
-789
937
-3585
-2924
-3087
-5793
-8002
9992
-629
-2943
2958
7337
-6532
-2595
9412
-8060
6466
-7176
-2918
1117
-7377
1523
8431
5221
-5305
7765
2268
6232
5302
-9049
-4364
7289
-7826
-8262
-5596
-3567
-3970
-5075
1992
870
-3703
-1998
-2807
2158
7439
-6871
-4972
9216
7771
-2454
659
3435
7527
-8639
-5166
3425
8485
8982
-2930
-3902
-3596
-460
-4612
7394
9260
-3225
-6296
2082
-7828
-1121
-336
-9639
3931
-1196
2815
6251
-8432
-3469
-963
9049
-4934
-9438
-2682
9558
-638
-9937
-6545
1314
-4256
-4327
3683
8081
-7076
9949
-8180
-8906
-4636
-4825
-5550
8713
-2647
-3535
3931
-590
-3223
5536
-1987
6312
4299
-7396
3255
-6927
787
8090
-8401
-3722
-9816
7726
4463
-1329
-9223
-3132
9251
2964
2911
6385
5096
-346
3513
-7749
2302
-888
-3711
-6253
-8500
4582
-8483
-6952
9020
8020
9749
8740
-9080
-4228
-985
6140
9033
-5813
-892
-2838
-1269
-4060
8874
-8659
2918
-6344
-4167
5826
-2121
-6707
3819
5271
7827
-6537
-220
2826
-4762
224
-3073
6666
1550
7278
2741
-9372
8162
1565
-3920
8166
-8889
-5838
-3652
-9242
-7105
3271
-4667
9324
-6823
3534
-9426
-2906
2026
-2512
-2413
2818
-1125
2369
7018
88
-3032
-3250
7510
-5733
-5089
9385
-2452
228
3819
7138
6242
7517
-6095
9519
-2821
5627
7786
-3587
3905
-5897
-5612
-7712
-6573
6452
-1231
9159
-7341
671
8104
-5217
3477
-5567
6715
-6024
2111
8925
3449
1906
1946
-2536
-1785
1621
-6504
250
2571
1580
1128
6016
-9668
-1070
-2791
6111
-488
2135
-4096
1446
-1759
7817
-6396
9102
8292
-5848
5787
-9784
-5108
9837
6151
-8001
2663
7097
5325
9866
-3322
-156
5348
252
1465
1366
-7834
5013
-8646
460
-4208
3863
-8861
6221
2808
-7120
-4367
8346
6285
-8715
1135
7416
-9844
-9711
9912
9612
1144
-6273
-4632
-2676
-5549
9035
-7463
208
1107
-883
7001
2328
-7170
-5835
-9723
321
-4925
1187
1183
-6992
4801
-8014
4164
8285
-8534
-8423
-123
3452
1807
7290
628
1530
-4940
6535
-5629
2913
-4990
8589
6989
-6412
-7769
-8113
2931
4127
6391
4453
-3398
3069
-2790
-4463
-4624
-81
-143
-3998
-1132
4641
2077
4735
3238
9877
-6218
-8132
5312
-985
-482
-4317
-790
7168
-375
-8458
-4534
6999
178
7114
-7176
3148
5269
-1906
-2100
-5226
-53
9465
9350
-5039
4925
-768
-5197
-7569
9889
-6324
2960
6389
4603
-4791
9373
7895
-2455
9381
3543
1938
-5633
8049
-3175
-4528
8063
1760
-7116
4442
-8441
5858
-9701
-4183
-1884
8333
1854
-7124
729
2441
2483
5437
2160
-6409
-9610
2493
-9030
1762
-2964
9112
4714
3539
1559
-9436
3020
1709
-72
5707
8742
-8162
4997
-3767
3407
-4384
-8522
2285
-7028
-8164
1060
7267
6179
1979
-8253
4472
-6981
5073
-8767
-8385
2170
364
1787
8983
-7856
5577
-4155
8320
-600
-6543
1300
-9089
2962
-2444
-2910
9231
-5857
-4650
3948
-7432
-272
-420
4339
-4020
3083
-6629
6896
-7640
-8479
-7393
-1680
5789
4230
-2452
1483
-6803
2355
6215
5475
2076
7584
-3302
8500
9861
-1659
7294
-8986
1690
9635
-4418
-8896
3475
9724
6028
-6793
3983
-629
4450
4041
5360
-7410
-5514
-7343
4534
-6782
-8672
4135
5661
4002
-7102
9175
1951
9210
-1219
-6304
5095
8785
-7999
7110
5572
8124
7578
-1261
-245
7543
-7141
6827
-5587
-8416
8193
8268
-7250
2984
8535
767
9346
5960
-2103
-8949
2601
-5232
-1705
6579
5295
9523
49
-8421
7475
6919
-8655
-8819
-863
6298
-4805
9088
-235
9249
-1533
-5766
5068
1006
-1012
4790
-6717
-8435
4397
8190
6906
-2507
-8468
7522
1935
7456
3846
-5116
8829
1883
9358
4222
-4498
-276
-9427
-1816
9604
1612
4257
-8895
-1140
-4181
-2236
3414
-714
1533
1032
-1060
5184
-3572
6178
6225
7630
-1617
-1005
2100
5414
2750
6939
-3313
9536
4672
6138
527
8963
-1928
8393
-7668
7439
7960
-3075
1699
-9842
4787
1520
531
-2986
-8061
9961
3286
6954
3307
7945
-426
-5983
-497
-8138
7474
1400
-6359
1290
-1117
980
2350
-7795
-8879
5461
7612
-6583
-4468
3300
621
1325
6471
-7099
-7573
-5906
-7259
-7038
-4366
-6627
825
-4743
2064
-7831
-3926
-15
6321
8243
3911
2846
-8004
5824
3551
-8151
-1613
-5584
3705
-3465
-8260
5742
-7876
2283
6765
-1259
6514
6649
-7396
7521
-1245
5933
1221
4843
4321
7085
2240
6770
-132
1009
-6078
-4695
-6137
5356
-1348
-4061
-1026
2480
7216
-1998
-8978
-5091
3810
-2487
1282
6000
1355
-6379
-371
-7500
8050
6555
-9040
3398
-1602
9696
-8835
-5088
3501
829
-7125
-6609
-2459
-8684
7081
-3418
8983
-8741
-1742
8088
7539
-8268
-5495
3121
-7840
463
-850
1744
-6821
-8226
-7015
2242
4858
-8383
-2643
-7085
4612
927
-9343
442
3556
1228
-2755
-9427
6353
-9451
-6610
-2308
8285
-3483
5229
-7476
-8759
3744
-5145
-685
-331
-3858
1870
1671
4876
-1479
-3940
3308
9204
-2111
9809
-1338
-529
-1946
1559
-8211
8050
-3296
-584
-7062
6699
1748
6548
-6816
3724
5063
-6882
-2609
8727
-1584
-6761
8682
430
-4136
4549
9818
7141
-5787
6938
9079
-9894
1353
-8771
-3231
-4648
-1210
-92
2796
-3532
-4076
-6358
5145
6775
-5857
-8087
6282
2980
7305
3016
3847
-9695
-5698
-7316
-1614
5976
-7613
-1288
-4489
-3954
8550
-3736
2393
6838
-287
717
-8029
-8804
-644
-6794
-5002
-3289
740
-7462
2772
9631
4286
6978
3639
-6775
-5130
2863
1024
7207
6292
2546
4220
-1851
2814
-9670
5795
-7802
-8507
-6540
2516
3539
-6857
-6611
-4615
-5535
-7573
-7973
2024
-9028
6164
8570
6719
-9827
-1560
7291
-3539
-9660
-3965
-6076
-7955
4670
367
5075
-8377
5124
1065
-3156
-3997
-7570
-6439
4472
3836
1931
-902
-1807
-6906
-9247
-5842
-6429
-6202
8827
-5129
-9197
5394
7357
4985
769
-9805
-2470
-581
7348
797
932
1438
6396
-4665
-6565
5099
-7362
740
-6148
8541
9376
-5679
5694
-7069
-7010
-7687
-1346
-8764
5400
5110
-9801
-2719
6852
-4666
-8878
-396
-2109
-1259
-4612
-7892
-5442
-1704
8228
688
9885
-3012
8089
-7222
-7664
-2635
-5579
-9895
6675
4322
-1670
-5627
-7678
-2083
-4654
1434
-9486
1726
1841
-6021
-6011
6359
-1960
4556
-3839
1806
7080
-4914
8895
8226
45
-4120
-6900
-8538
6557
858
1862
8915
1059
8151
-2624
5351
-4949
6441
329
8546
-7534
-7716
-7652
4055
9519
-4437
-5499
-7580
-1267
-9351
-2209
6346
-595
8632
-3213
-485
3094
-8616
7781
-4010
-2560
-7054
6045
4566
3235
-8679
-1773
-1515
-7149
161
4836
4443
4086
-7123
-1026
-9778
2567
3007
6785
-6644
-8489
-2302
7641
3567
-7920
-6824
1071
5289
-3728
5109
7103
8653
-3404
-5388
-18
7957
-6051
-9840
-6568
-6883
8733
-6181
4659
9139
6455
-9990
6130
616
-9920
5956
-6234
5797
-5398
5331
456
-285
-9153
9163
1015
2266
-7656
-1750
4986
6982
910
-7207
2985
-7421
3120
-5662
-4688
4748
7482
3482
-2309
6657
7668
-3413
-1574
-5829
-6074
6920
-8274
-788
-2962
8492
2520
251
-6490
-8009
-7810
6430
7547
1262
6154
6880
-7840
-9172
3406
-1578
303
-5942
995
4606
-3984
-252
-1983
-7669
-5272
2795
-7418
9934
-6672
-3352
5749
-7330
6468
7137
-6926
8058
-9514
6443
2684
2286
-7988
-4090
-5961
2539
-1064
1500
-3269
-3385
372
-7383
3144
-8826
-7029
-4191
-4163
-5848
7969
6710
1872
89
3861
7902
4439
-3560
-4125
-8270
-7263
5579
-7432
-7529
9905
-9261
-2788
-7535
1335
1615
-2764
-6511
5568
-2935
7060
-779
5322
-9822
-8802
2934
9013
-2720
2559
2588
-7845
1168
462
-7130
-2996
-7833
-1083
390
-2665
-5340
-4240
7897
-5405
2305
6260
-152
7535
1655
-6791
-9339
-4413
-6917
784
-9437
-4598
-9289
7842
-2648
8372
-1483
1204
5457
6425
-8686
-4796
6556
-650
-518
-6909
-5824
8963
5034
5965
-3285
7543
-9205
8087
-7761
7862
-8343
-9804
-1458
-2357
-7059
-1050
-839
-8155
2123
-5809
-7685
6454
7827
-8157
2229
-959
5077
-2053
5336
2261
-8236
8385
4793
-520
2633
7538
6297
-5909
-5679
5710
-1747
1225
6662
-6717
541
9235
417
-1663
4642
-4643
5131
4795
3551
5191
-4411
-3783
-8834
-9418
-7719
255
8454
-2121
416
-5529
7499
2104
-6529
1273
5565
-5602
7676
-2099
891
3721
-4024
1645
-7466
7018
-4161
-4440
-2050
361
9093
-6034
6273
3852
-1988
3569
4757
8836
-1398
-1720
4542
6364
-9843
-684
-3928
3189
8480
7830
-8373
9639
-4083
9799
9801
-6610
-3881
6260
-7808
2230
-1622
4999
-4494
-3735
-7005
-529
766
7771
7563
-4578
-6922
-1764
6395
-3732
-6952
-7518
-4723
-8379
-3650
-676
-7694
-9311
3046
-264
1103
3220
-6633
-4003
-8130
-1417
815
4986
-8678
5217
5333
-5341
-4231
-1037
1164
6769
-6939
8133
-4602
-7447
-2758
-3682
-9346
1703
-684
9179
-9229
6043
1132
-5969
-8927
4014
-2837
-7615
6374
5959
1365
2392
4985
-2621
5349
2550
-3216
2718
-2491
-9351
-7540
2640
5714
8590
-1385
641
-4064
-7624
-5515
-3192
-8540
-4741
310
3369
6060
9566
-4943
-184
-1138
-2812
3076
-5412
3604
-5652
-7252
-2684
-919
-849
-8014
9118
8016
-1840
4363
-9568
131
-3141
6210
4787
-5394
7369
-9960
7006
3149
958
1648
-3339
-8995
6639
6428
7574
-434
3513
3237
-7049
-9124
-4219
-2587
8430
4771
-3606
-6265
-2030
-2899
9915
-9239
8064
6769
-59
-7604
1499
7254
14
-5755
-2136
3999
-1409
2488
-4275
5240
6683
-3746
-8990
-5707
1160
9392
-8448
-3227
-63
-4780
4122
-7156
-6309
7606
-9996
-7273
6965
-163
2686
-5503
6607
3014
2445
-9318
3460
-2665
2575
-189
6994
-2102
-3385
4227
-4749
4250
-6228
-2272
-5392
-1912
-2680
4816
-9667
-7971
6421
300
-1657
-9220
-7937
5967
-230
5370
9416
-4038
8483
2627
-7744
808
-452
6882
2847
7742
8948
-6004
9131
-4528
9716
122
-3049
-2783
-7431
-8946
940
-5887
-8780
-3391
-6647
7868
-7061
-7574
7605
5363
-3940
8681
6864
-7104
1345
5068
6709
1527
2768
-4303
-7129
7010
-4956
-2786
-3054
-321
-5488
8533
19
8232
6314
2138
3055
-5398
-178
-4902
-3016
5412
1216
5530
2210
-2457
7446
-9390
25
-2279
-1020
2916
-406
-2555
1164
4433
-4706
5385
5000
7154
4236
-1074
5425
8504
-9693
7701
-6900
-353
-5617
2367
-8927
-3223
1479
-9408
-7493
-2232
-1669
1753
4492
-8416
-422
7925
2474
4960
-4549
-6745
-4535
8693
-2323
-3281
-1894
-4159
3072
-1821
5939
-3310
-3074
2714
9597
1067
8286
-9496
-1986
3276
7242
-7820
1667
-2656
2237
-9754
8512
-8905
1143
-4553
5914
6718
-5809
2265
3225
6905
-1285
9146
-3470
-9181
-7705
-5275
-9908
5942
8408
-2293
-7396
255
-5803
8897
-3349
6931
-8334
-9277
9185
-5187
2261
4060
-9879
7303
-443
2190
-8724
4671
2639
3050
-5355
6012
9813
5403
-2536
-858
253
-6250
-4540
-3045
2887
-2097
-1326
283
-5092
-2740
8165
-6316
6716
-8713
9297
-7276
9960
6408
-140
-6850
1825
8728
-4949
-493
-7418
-4376
7282
-182
3275
1403
9142
-8280
-4001
-6424
7706
6996
-8555
9415
-6486
5420
5911
7870
7318
-2565
9748
-6624
6567
-415
669
8120
3339
2761
9239
8559
4892
-8096
9000
6746
-8211
-4127
7684
8483
-7199
-3159
-3634
-9420
-2742
-1849
6271
-9064
4242
3903
8402
8168
2807
-9858
9572
800
-7814
4041
3931
4489
-8641
-2619
-4539
-4646
9016
-4114
-3762
6329
2815
9540
-4330
-692
-4155
310
-4701
1775
-9174
-4208
-2933
7378
2476
3990
-7848
-484
-301
-5195
5771
-3607
1265
4619
9664
3631
8272
3847
2746
8771
5597
3143
-7114
2356
7962
2474
9030
-9250
8514
8389
-3308
-1792
-2333
-5619
9675
8142
7155
-6568
9411
1125
-7740
-5573
1819
6305
8302
9287
-8392
-5235
6369
9081
3878
-4989
-7987
2300
4924
-2290
602
3173
-2910
-4188
-6931
-3630
6476
8936
-9356
-6689
-8540
4886
-3879
571
4313
5343
794
6785
-5998
2319
-1350
2851
3908
-9661
4752
-7513
4260
4337
-6357
2358
-578
-1233
5435
-6338
8483
-1231
7748
1235
-9918
-4928
335
-261
-2549
88
1411
-6073
9896
-4888
-8923
3495
7146
9646
858
-306
1036
2411
-7187
-627
261
5678
4159
-4914
5727
-5836
-1546
-2708
-3983
-8125
-3876
1034
9275
6000
6009
-5221
-4832
47
2250
-4391
-1794
-5435
6558
-5447
9385
-9546
8829
-9341
-6533
27
160
-6755
-6081
1893
-3426
8954
-9997
-6176
-3110
-3232
8529
1678
2790
-972
4104
-7656
-1281
-68
-2138
6366
-4572
-9164
6185
3355
-5961
9987
7791
-7147
8244
-6243
-6531
-3613
-3143
-905
-6304
4824
7742
1541
2726
6889
-1947
1604
-59
-6361
4163
7985
947
-4539
2904
-9610
992
1717
1831
2857
-4946
-8576
6606
8935
989
7703
9334
6852
-2644
-6942
6818
-6460
1894
-6161
-7016
-6012
5717
-4392
5141
-5502
-2042
-8706
5222
8157
5475
8255
6455
-3621
7310
-8519
-937
-4302
-4827
8533
-1516
-2704
7188
4692
5835
-2853
-1352
-5914
4585
-6981
-6741
-498
-3852
-303
8808
-8206
3020
-9622
-4198
9411
4973
-5086
5277
-3871
2357
328
858
-8171
7388
-6519
4443
3521
4852
5321
-3213
997
5985
9546
5405
5499
8251
-1007
5065
3123
287
-4205
-1809
-8117
4374
-4622
-4684
-7917
6962
985
-4557
7610
9031
8977
8792
-439
-7097
-7515
1420
7300
9148
-1288
-2981
951
3089
4634
-2989
-4393
1994
9128
6448
-7585
-4806
3819
-9531
2230
-8211
-6695
-8939
-2885
-6219
7060
3498
5171
7836
-1491
-6859
-7447
7606
-1092
-5567
-409
-3404
-1199
107
-6432
-1397
-6935
-5053
-1019
5917
7333
-4330
-8953
-8512
-9742
4757
4876
4556
-7445
5794
-8029
6558
498
-5176
-6834
-7793
955
9407
-3425
9039
7419
-2645
-9428
-7582
8251
-1023
-9809
6608
7224
-2377
1239
8336
5164
7641
902
149
7767
7697
2561
1737
-1208
9331
-4496
-8035
4696
-2000
6568
-384
-187
5585
8436
6249
-3283
1747
-2437
7385
5447
-1287
4248
6954
-101
7658
-3960
420
-5557
3001
1426
8063
-4153
2788
9649
-5301
3931
-7783
6093
6127
723
-1264
7437
8463
-5743
-351
-4209
1152
-6943
2655
3534
-8563
-2357
-541
-2745
-2014
-6086
-4891
-1406
-3874
8663
4431
8848
710
-7617
-486
2312
-5922
-642
734
2116
3432
4497
-3617
833
9200
-351
-4434
4206
-5975
4454
-1508
5654
6901
2439
9933
-890
-3492
-2109
-2293
1918
9956
-1929
-34
2508
-7578
-5850
-7401
1271
9950
-5029
9433
-8963
-1361
3680
9055
471
-9373
-991
8079
-6743
4566
-4960
-7551
-5025
-791
7329
4727
-1521
4653
463
-9814
884
638
-9278
9595
-8528
-1165
1138
3218
-7567
9326
7913
-8730
9835
7376
-1391
8253
658
-8913
3017
2739
360
4039
7170
-4545
4260
6251
520
-1316
-2545
-9556
6854
-2506
9648
7708
7423
-4789
6844
1745
6625
-2643
-2342
9802
9078
8664
542
-3312
-2442
488
4699
8088
527
-7899
9022
3247
6427
-461
1415
-2119
9435
-310
-3507
-6699
-7367
2062
5746
-4464
5897
-7741
-6985
4567
5137
-7376
-6075
-5352
-6892
-3656
-8150
5550
2578
-5632
-6654
-3163
-5791
2861
-415
2177
-6119
868
-3637
7749
6974
1669
8615
-2411
1233
-6031
5880
-2718
6732
-4631
5991
9378
-87
-8628
-865
-6511
9898
8259
-9835
6551
9927
-6166
6811
6586
-1814
-2694
6093
1129
9603
9451
2541
-8089
2005
9020
3394
-5113
-9656
-1805
-504
5838
-2438
-9822
3764
9651
-5011
-9627
-1677
4424
6612
7048
-8023
4307
-9726
-269
3147
-9663
9191
984
-1079
4382
9587
1481
6160
510
1408
-5350
-7227
-9324
-6754
-3537
5048
1733
-699
1510
3236
-6087
5837
4891
6369
4446
-782
2757
-5517
-2835
4598
-6680
-6499
-5934
3654
3050
1619
9481
2888
2820
5666
5092
3698
7915
9487
4942
384
-9956
-7606
-3625
5986
-4993
-8516
1529
2612
7542
5983
-7399
-7574
6203
-3708
-1848
8097
4932
1806
-215
-4333
-2386
-2823
-9990
7274
-2503
5078
-707
-3212
7290
1422
4990
-352
-1007
2041
859
-6588
6119
6215
168
4921
-6563
9401
3590
-1474
-6879
4826
32
1918
4395
2366
-2150
6700
5958
-5689
-4572
-7774
-4739
-4445
-4686
8292
5386
-2174
5336
-336
-2069
1185
-8787
5993
7036
-5262
6484
2160
7544
1251
-8544
5214
5001
-7932
-3272
1262
-8677
-1176
-9887
-209
-8945
7887
-2669
-4059
-7942
5486
-3456
9888
-2313
4834
569
1943
-6519
-499
9039
-7551
6680
-127
5341
-338
-3183
1601
-8909
-9399
-9861
-7532
459
6520
-2523
363
-8029
1624
-203
3332
8595
9273
-7257
-810
-9658
-7393
-8529
-9240
-7651
-4405
2170
305
-3618
-5342
364
-10000
654
-149
-6312
5029
-5460
-2520
6443
-4569
-9870
-9171
-7002
3258
-7733
2436
-2724
-5295
943
-5360
-1538
-4698
-7427
3090
7946
-9885
-5033
6183
-7861
1334
-3032
-3472
-91
-6793
268
-2804
-6030
-6419
3782
4333
-2568
1739
871
4615
-1169
5272
-5927
5175
-4087
7727
6174
7777
2220
-4479
-7692
8858
4992
3592
-3813
3588
6590
6050
4540
4076
-9855
8273
-8777
-4025
5967
-4434
3337
434
3049
8176
2822
1546
5332
-5520
4519
-5426
1261
9515
1681
-132
4016
-6235
423
9261
5731
-9073
7634
7540
7319
-5160
2944
-6365
-4109
-7984
3310
7645
2762
5008
-7130
7581
-9987
-1694
9558
-8116
-7441
-3991
3774
-7765
3301
-9294
-3143
-2874
7373
6449
-5938
-7781
8331
-5292
-8690
-4330
-9642
-6201
-6849
-6274
3125
-6343
-8872
-5945
869
-4804
4289
5559
3537
8649
-6740
8160
-2652
4468
5038
-1456
-3729
7212
8478
-7931
-3834
-7735
7233
-1637
8200
36
-505
-5838
-6872
2467
-9646
-5969
2659
9279
-8076
-8534
9925
-5525
-8378
-3502
-2999
3247
-7865
-2020
-3794
-3146
1533
-2873
6665
-8836
4205
-8100
2292
-3759
1181
-3900
3664
-2246
-5115
9108
-9484
1254
7625
-8090
7623
9386
7839
-474
9242
-6341
3280
6581
-1892
-1055
-4362
8141
-8281
1588
723
2539
-6110
1076
-9517
-7949
8284
9993
-2744
6092
-3909
1508
1162
-7503
1939
1257
-3528
6884
2033
9318
2435
-9399
-4479
-6697
-1104
8702
-2803
7995
-304
65
4513
-3993
3396
-9367
-3493
-52
9801
-4550
-4823
4663
7013
-3213
-5242
7047
3274
451
5629
-4158
-6055
-7854
-7178
9786
-2740
9096
-1349
-6296
-3430
-2476
-1138
-1102
9966
-4224
6089
9413
9939
3210
-6520
8908
-6779
9138
-1505
-8863
3813
3052
-7844
-6499
7183
-8892
8617
7991
-5175
3806
-3321
-9595
6362
8016
648
-9151
304
473
7800
-9006
849
-4265
-7375
4409
-918
8918
-8399
41
-5438
-6079
-4920
8136
3316
-1873
6880
-1799
-2822
4556
-2087
3603
-6002
3964
-1127
-9178
-4890
-9348
1261
5537
5650
3591
-5319
-552
6495
4768
-2716
3953
-1321
-2004
-9219
-2256
9065
5049
4808
-7562
5527
4853
-8644
4660
2336
-6424
1992
-706
6504
-4511
-4508
4668
8088
4841
-1332
-7057
-6836
6649
-8467
-5484
-5230
-1908
5646
-8167
8961
-1368
5318
-8982
8962
6180
3148
-6199
762
-8273
6079
-4464
-7094
8000
-7200
5462
3951
9158
5122
-7582
1559
-6753
5342
3248
-376
-6294
2824
-4620
-5276
-2193
-5462
8911
7106
-2504
-650
7357
1900
4939
-2728
-9724
-1662
2149
295
-6723
8530
-2886
-6723
4454
-9658
9056
-980
-1495
3004
3269
1906
8198
6614
4186
-6708
8912
8030
7711
-3088
-535
-5671
-8474
-4784
5511
-6179
1039
783
-3775
-8982
7036
4371
-3930
-4804
-4100
4078
-4828
-2352
-449
5012
-7893
102
4958
-8807
-9810
-2723
-1516
4907
8981
4434
2061
-2558
9244
-7631
-3187
4044
-1172
-7153
3583
-4169
6081
-8272
-6712
3655
6142
7650
9569
5921
7407
-643
1019
-4900
7800
3089
-7125
-5899
-6321
-110
-8372
-7191
1940
-8540
-2354
8754
2184
7346
6415
3508
4556
8411
-9237
9899
2683
2107
-9950
3564
1196
-6694
3339
-6634
-9716
6683
-9101
-6716
1579
5828
9740
3541
-3785
9423
-5404
2941
8515
4234
5496
-6969
-2104
4391
6915
-77
-5796
2342
-5021
1941
405
-3829
3473
5187
-1682
7213
2349
-7367
9030
4320
3580
-4114
3765
4563
-1639
-1145
8063
-776
-5228
-5551
7475
-245
-3993
-261
1346
-6042
-1129
-8717
-6730
7337
9756
-1309
3122
7416
1234
-7598
-1005
-5831
2281
-399
580
-6111
-5931
-3290
-4591
8332
5892
-5520
5421
5741
6156
7889
-1502
4117
5249
-9186
-1047
2534
-3462
-3554
7097
-8024
-4596
4579
-8836
5903
-1700
-6340
6392
5865
7841
-4366
-2194
-1802
-8089
7658
-7110
-4233
-1478
1155
-8776
-381
8676
-108
-8273
6454
-7209
1206
6869
9726
-3982
-7106
8187
-293
8439
1569
-5685
-6555
-1303
363
6894
2797
4056
6921
-5505
-6854
-7898
4084
4278
7633
8261
-6421
-1963
-9096
-736
-5270
-6289
6723
-9408
8680
-3637
-6211
9710
3554
6150
-9901
2697
-8878
4251
7392
-5069
-4796
-4371
9879
179
-4421
-3835
-3381
-9149
-6518
4425
-7665
-8945
3899
-5440
-3653
874
-8453
-1249
-2409
-9631
-7555
9630
-5491
-4484
-3698
1429
-1349
-5800
-8442
4391
-6112
-3022
2497
-5448
1302
6687
-2856
-6709
-6075
9875
-2701
-5128
-9384
9573
-9351
7351
5795
-2259
-7201
-4155
334
1534
-7602
-1738
2269
-1201
3700
7735
8107
-9146
2306
7870
-5576
-7970
1987
-3059
2777
1182
9707
4985
1129
2718
2800
-9274
3992
-2582
1125
-2292
-4361
-6027
2761
-3696
-9743
6229
6259
-1647
3192
-6355
-507
-3988
9230
-6802
-646
9254
-7564
5283
4459
4557
1915
-1694
-5762
-2918
-2930
-9890
8799
-1311
-8334
6106
1050
-8221
279
-4268
5001
4200
3687
-1107
1342
3774
9289
-2016
-6193
7484
-4368
-4524
4644
-6466
-9307
4901
7115
-3758
7612
-1053
-375
-8011
-721
-498
-3569
-3337
3527
-9046
4216
9090
341
-2474
9734
4012
9700
-6557
-8602
2340
-449
7364
-9664
210
8692
9941
-5754
9014
6849
6429
6127
-2800
-6342
-8940
-6476
9512
-288
-6483
3464
-342
-4909
-9168
2468
-6410
-8980
1691
-1543
3155
-847
4921
-3188
9159
7172
5852
-3453
714
1844
-2297
-1665
-9712
6928
6600
-3674
3082
-6043
-7820
-4462
1910
6088
5821
-629
579
1540
4456
-8588
5999
5098
-9990
1807
-3579
-2152
-9777
1718
-4703
-9334
5479
-4207
600
-4750
9043
-864
-8375
9427
-7832
-8515
-7892
9518
-9809
2050
-7371
7930
7485
-4853
-7504
-9469
-2936
-9535
-6517
-8876
-6179
-5603
-8518
-5722
-82
6523
3148
4724
-4569
8481
1239
-7781
352
5717
1510
5468
8437
6882
-3141
8767
-1692
5892
-5463
8414
-247
2269
-7175
2766
3139
-7114
6201
-4860
-9251
5860
7633
8479
-9123
4451
-8662
-9598
3038
1839
6601
1390
-1097
2307
3380
9599
-4472
-4042
9660
1123
-3108
5083
-6546
3677
-1786
1320
353
9143
-3451
-5734
3447
2334
2377
-4479
-5218
4921
236
2909
-9308
-6893
-1861
868
5263
-1235
6069
-629
6912
-2360
9624
-1019
4916
-9558
-3018
5857
-3190
9902
9322
-7906
8438
7865
-8858
8904
-2189
-9880
-5579
-3569
432
-1119
-6607
-9322
-8904
-2229
-1920
-1071
5826
9444
9797
7150
-5740
-3258
3713
6555
3320
-7783
-1783
4003
1873
-6863
4403
2466
7663
-152
-3477
-3775
-2235
9747
6114
-7949
-2677
5322
-3164
-8069
-3833
-5300
1784
-6425
4265
-6860
91
2961
9105
-5495
-8776
3580
-6361
-9933
5633
-2771
-8916
7739
-229
2798
9084
8842
3352
-1683
-8919
1121
9490
5981
5404
7531
-7725
8489
-8233
-8368
2904
-393
-9684
1677
-5316
-2314
3166
8197
-1250
-6958
-9619
5154
-1276
217
-4464
-1526
-3459
-6599
2940
-9178
9633
-1616
-2847
-2016
-3617
9438
-7144
7320
-6912
7646
2477
151
-6023
7525
-3820
6077
-7506
-8859
-6942
3686
-4052
-8526
-4556
-1527
-4872
-6841
-2804
8945
-3825
2598
-4158
-7694
-5271
-1694
-7279
7914
4991
4547
3241
9245
6970
9410
9101
-6619
5420
6119
-9730
-3006
-4885
-6965
-5164
-3604
-1979
2490
1513
3378
-4037
4190
-7414
7817
3372
-7979
-7952
-9377
849
1488
539
-9961
4556
3010
5853
-5550
1900
5617
4473
8472
-3441
-2146
654
-1263
7407
