-2653
-4016
7918
-7839
3510
9060
7441
-4158
-653
844
-8828
-1198
5833
1982
636
-9
7036
-4103
-8027
-7881
-6906
3295
5681
-3335
4713
5530
-6354
-3495
8210
995
4688
3054
3781
1537
6757
-4864
1063
7041
5039
1372
-7112
5691
4694
-3689
-1578
7685
3532
-3465
23
762
7543
-5006
7518
-3731
6635
9864
2492
-4525
-364
4182
2702
4203
909
9846
-3747
3401
2554
-3122
-3134
1348
1520
7654
-4050
-4277
-1745
-4603
7927
403
6978
-8586
4994
2486
-1739
-9068
5676
-7169
-8818
8104
9501
-2506
7037
821
4428
9578
-3205
4719
-129
-5451
-4421
1765
4936
4109
-8638
-921
-801
7795
5766
9906
4884
7974
1951
-2222
-4462
5401
1593
1317
2785
-519
-8967
-4701
-1032
-3193
8526
9315
-1691
9704
6547
8542
6215
-4209
6872
-4259
2088
4013
-2705
1265
7407
-2843
4656
9081
8261
-641
-3222
4742
-9458
4886
6213
2733
7118
7415
5033
-6313
-2814
-8751
9222
6531
7426
-6495
7329
3628
361
5801
-687
7438
-5724
-5473
-5982
2631
-3227
-5412
2669
-6668
4822
-939
-4815
3806
-1196
9907
4348
-8237
9426
-9986
-8812
1145
6959
-187
3706
5089
4765
6352
5725
-1744
-8882
-2205
-7109
3
-3826
8676
4073
8954
-3080
6056
5457
6333
-7620
-4837
9988
-8885
1729
4138
3971
5164
-7146
165
6276
-7020
3829
3116
686
-4732
8695
4851
3072
5627
-7102
8211
-5210
-7156
1570
-888
8709
-5416
9637
-1451
8736
-7623
6428
8387
-3061
-8471
-7183
9583
-1421
2163
-3416
-8489
-956
3376
-3284
6734
-518
-4476
891
5055
-5308
-3721
4148
3295
6938
7539
-1104
2477
1690
-877
8734
-9374
4357
5695
-5602
8523
9375
-8870
-3331
2599
676
1163
-4229
9398
-2282
6783
5044
1672
-6661
7326
-2046
4723
1284
6500
-8507
-8335
6513
2388
-8424
-9033
4216
2657
-8778
-6737
-8339
-1773
-9382
4816
2872
5055
4687
7978
-5560
-5025
-2701
-7453
7405
-5853
-5498
8075
-6467
9920
-6380
4459
-6628
-4567
-9557
-4241
1922
-7577
-522
553
-77
1164
2383
-2432
-6082
-3369
-7137
-109
-5147
-869
6313
5385
-1130
-7525
-5612
-1133
5501
773
-2862
2415
8968
5331
-9815
1326
8270
-2646
-8725
-8168
-4804
576
-6848
8546
-5936
-1532
-1597
1425
3716
-396
1344
-3834
-5704
-6693
4935
3480
132
-3681
6696
3336
3115
-123
-9414
7439
3406
7743
-7192
-29
-9474
-3242
8678
7215
-9721
-9348
2405
1380
-3917
-8645
-6729
1645
4480
6726
2719
-9186
-3096
3339
3441
1914
6768
1040
1617
5625
7669
2072
7678
8132
-985
1338
8310
340
9531
-1771
-5828
-2109
-8565
1161
9562
-9781
-7862
9036
-4134
8699
-8303
-8639
-6231
-9034
7699
682
4684
1413
1442
-6700
1565
5765
-573
5082
4244
6460
-4759
634
-5430
9546
-1281
-4967
-3810
8308
3538
-5860
-3467
-6551
9821
-6785
4559
-4926
-564
-1301
-7786
2335
-3936
-8940
2692
7797
3103
984
3120
6120
-465
-5307
1119
-1066
-9454
4949
8716
-5403
-2181
9671
-5089
-2788
200
6440
-9950
4421
9025
-8798
5814
-2285
3736
-6167
-2867
2672
5935
6650
7267
1251
-3773
-6900
-9538
1482
5938
-8301
8835
-8914
-8347
5020
3459
2664
2526
-599
3462
4498
711
5671
435
5964
2965
1387
5811
2315
5042
-6106
3493
-7498
5263
6364
-54
-4783
-7591
-5855
-1184
-3602
-1376
-9748
-6560
-1622
5958
-7507
-1258
-2505
4046
-1778
3870
4626
-2809
5117
-4477
4599
762
2941
-8709
8250
831
-5930
9219
3299
-8532
-3512
-1511
5444
-4834
7387
3946
-4603
-7201
4404
-6298
1232
2325
-6191
-3377
-9364
3501
3044
-2745
5265
-2832
4886
-761
3384
-5845
9349
9152
6330
2403
253
-6520
6465
-1223
2774
-9321
4858
-7900
-1224
6328
-3716
-9538
9262
2107
-3022
-2450
-3484
-1781
-9590
-6966
4559
-2602
-991
-1076
-8599
-6531
6361
5883
8938
9879
-9394
2335
9060
333
1130
3315
8576
-9068
-8849
9433
-7000
9758
-2581
-3074
9998
195
-1331
9645
-1890
-5598
-7372
2415
8905
9082
8692
7955
-1262
-3556
-3190
-3387
-81
-8386
-6069
8120
-1245
-1550
1785
4681
563
-335
-8557
2063
4238
8899
1416
-5250
-3474
1512
-3111
-5944
8215
2040
-9662
1334
427
2905
-1554
-6838
-5073
-414
-6283
-3687
-1653
9353
9951
6957
-7012
-8873
486
1217
9142
2867
3581
5502
6727
3406
6305
-5207
1781
-6090
6813
-672
6957
4809
8602
3516
-3014
2640
9524
-182
-9805
-9406
2015
8944
1726
-5617
-9655
863
-9885
-2006
2974
5267
-9601
-6768
-8629
-6117
-315
-9675
8400
617
493
-6175
-3860
2480
-7816
7955
2979
-7990
4669
-6890
8607
-1266
1380
-9169
-7612
-7802
3365
-7753
-7377
5624
1389
-8599
-3858
671
-8244
-8919
-4572
-4831
5234
-2519
-7004
-4154
6318
3078
9307
6166
2431
1816
7743
-5772
6682
4001
-2607
711
-9679
-8642
-5004
7932
483
3234
6992
-6402
7110
-6903
975
330
6967
544
1040
9505
-6386
2717
-3291
-2492
9799
1980
-8589
8260
3567
-5346
-6241
1710
-7803
4265
-3810
-7836
8029
-2320
-3834
6474
8840
-9067
-1048
8468
6470
9227
-6183
6273
2639
2917
-9398
5766
3412
4966
-1389
-2888
-6240
5764
-3705
-4290
1494
7048
1857
5586
2005
-5220
-127
8936
3808
-3135
-7373
3148
-3307
-9018
4562
-3521
1102
-9908
-7167
-4087
-8083
711
1790
-9711
-3050
-3802
-6719
-8159
4259
8719
7919
9360
2208
7233
-2533
-1508
489
-1880
-7704
7147
-1607
-9198
-6523
4057
5415
5860
-6495
3998
-7037
8602
-9437
9663
-1296
-3158
3237
5099
9359
2560
-6687
-2918
9944
5195
-8421
-9560
-7972
-3706
-6721
9355
-8952
7427
56
6462
-7773
5218
-5644
-6643
2149
-6723
8170
-3082
-8429
8852
2707
-5037
-8558
4069
4902
6660
185
-9195
3975
5848
948
2199
7917
-5890
4027
-9875
-360
-3622
-6091
4716
-1148
-1460
-1043
-910
-5154
-2220
-1535
-6877
3381
-3686
-3956
1886
2381
3534
4758
2339
5622
4558
9098
7071
3064
177
3675
-3637
-4955
2804
-1958
-4076
7207
2842
3567
3428
-8039
4572
-5746
-2678
8884
-4779
-920
-9056
-816
-6280
-6056
-8190
-1458
3729
-1064
1344
-8101
6094
7709
5555
8712
4795
-797
9712
5706
2091
-9065
4937
8581
-6180
-5592
-556
7187
9838
-9771
-1971
-7357
5988
775
-5273
6918
678
-1523
-4615
-4668
-2669
-8927
-747
-279
6736
-5769
-4459
6342
1452
-5531
-5655
-3115
-3323
-7612
9740
-4786
-7150
94
9514
-4552
-8645
-8508
-1777
1188
861
5850
-1054
8224
2612
-8662
-809
9207
-3307
-3166
3831
-1756
220
-2735
6833
-4449
-3536
-943
7483
-9892
-8930
8563
5803
2063
-997
7489
-6023
392
3420
9072
8673
8664
-1596
8922
6312
-4057
-1993
6309
-5659
5704
6404
568
3567
-9727
-2562
4667
-3810
7404
3958
874
-4532
2964
7091
-2250
6673
-5548
-4518
1443
-904
-8483
-8204
-1170
5870
8419
4900
135
4021
7523
-216
6155
3540
-7523
2350
307
1590
1210
-2605
-4589
-3119
-3217
-3963
-3862
8483
8385
-1960
1221
6931
-9195
2283
3089
-9489
-8292
-3393
4983
1381
7234
4599
-6806
7385
5346
5800
9832
6604
2875
-2400
1725
9325
-2461
1214
8609
-8720
-8725
-8782
6155
-5934
5035
7040
-7189
-554
2081
3769
-3076
9804
-5156
-1835
-3510
-2121
8784
7372
7909
8291
1897
7229
5500
-3250
-7809
9599
-9143
6465
-3004
742
511
460
112
-5726
-5562
-4433
9439
-4434
6829
4923
-8046
-1418
-883
-3616
9897
3985
-9632
6137
3801
763
-5211
-162
5578
-275
-1092
-1447
-7218
4504
4837
3775
1484
-2503
8493
6420
6806
8475
-3990
-4172
9098
-1812
37
-7597
-3982
6260
-1654
-1878
1671
7354
-8101
7918
8191
9775
-9891
3936
5417
-4481
4349
-8057
380
-3695
862
4881
-596
7783
-8955
1723
4111
2055
-2110
6014
521
8788
7025
221
-9417
-5826
-3547
6677
5017
4062
4909
3709
8017
-767
8782
-7204
7094
5905
8955
-7520
436
-4938
-3556
-458
8417
9311
6131
-3423
-3890
3591
1677
-3096
301
9603
-1634
6742
3402
7078
-8500
-1616
-6416
9892
-4499
-5009
-7828
-1518
-9187
6885
-3206
8267
5698
3193
-1882
6012
-3971
9389
-9415
159
269
-7786
-3660
-72
-9722
790
7675
-7446
3038
-8734
4238
-1797
-8720
6783
6028
4774
4912
-8288
9464
336
2334
-2847
-2829
4184
-1766
-9556
-210
2010
837
3296
6024
7255
-2520
-2315
-1200
-2028
5007
-9252
-8089
-1117
7686
-3536
9340
-442
-2011
-1771
5246
1437
-3047
-7240
-6980
590
2379
-7984
-7670
-3943
-7693
4006
-2562
9813
-2205
667
-1657
-7268
-5725
-649
8344
295
8365
-5040
-7639
5703
-9195
-887
1381
8101
-8963
-9917
-9615
-1954
-9635
2184
-101
3388
-6074
-6731
-2977
-5652
1309
4070
-6813
6580
-9029
-4059
-4406
6109
-5878
9360
-7824
9459
-1297
-222
-9564
7350
9381
-1867
4191
5767
3082
-3984
4702
-1223
-3518
-2056
-7236
9731
-6402
-6209
-8398
1079
9928
-1185
-9959
4857
7123
3401
8084
8735
7419
4301
-8911
7199
-2328
-3065
-9327
6264
-5977
7086
697
456
-2706
4736
-8242
-3763
-243
-2529
7550
8848
-5634
3331
4180
-4920
-1027
-5317
-932
5458
-4391
2618
4464
-2473
5445
4968
-874
-9526
-7688
4692
1198
-8696
9160
-751
8959
1411
-6808
-2451
-8529
225
-3299
-9056
9489
-8012
-7471
1594
9001
-7355
5525
5851
-9639
-6296
-7698
-2005
-9810
7533
-2319
3262
-8486
1564
5430
-8014
3359
3402
8232
3290
-9392
-750
4364
6023
3777
-8583
399
2899
9352
9574
-9901
-2735
-7346
9492
1704
-654
-3672
9794
-9072
-6944
-8957
-6984
-6790
-3374
-9182
3817
3405
-5231
-4481
-7849
6216
9007
4718
-9805
4038
3656
7637
-80
9512
-7984
9106
9155
2286
-5814
-3035
-8256
-9697
465
8005
9990
-7406
4727
5641
34
7781
2470
5796
-936
-1167
4009
-8267
-3372
-6002
-8465
1140
3764
-8453
-4301
-893
1048
4029
339
5352
8466
-2381
9928
1257
-8530
6026
-1068
9511
5941
2669
5466
1612
-8449
8516
-7572
3693
-5979
7419
856
4309
-606
-8198
1539
-2114
5738
5939
-5757
-6687
5898
3652
-7402
9930
-676
9409
-355
-1219
3121
8232
8912
-3515
6804
-9006
-6425
6576
-8277
1543
4503
-339
2594
6008
-8594
6975
-9497
5837
-7704
5232
-7652
886
-2024
-3388
-205
2713
-5334
-3185
-6281
3301
-5853
-8315
6913
-1321
535
8869
-7110
-2430
-2244
9746
6032
4611
-9529
6242
-5670
8116
-6125
4587
-5204
2300
-636
4879
8827
4736
-2771
8655
3493
-84
-5182
4854
1305
-6307
-6455
-3805
4210
-9162
6347
790
7171
4572
1191
-7840
8653
-7838
5453
-4258
-3501
7137
-9140
-1796
1676
-3144
1991
-3488
20
1147
4752
8377
5892
7197
-4806
49
9251
2939
6485
7491
-8346
-2003
3444
4025
4797
4687
5107
-1084
423
-4728
-5958
6860
7734
1056
-6391
-2042
5331
3963
-1938
-9239
-6481
-3666
-1802
-6497
-8658
8513
1465
3517
9065
-6251
-5497
-1183
-8785
6400
7612
-7676
-4000
-8094
8578
-5896
2030
521
-7687
951
5015
-9895
-9331
-5731
-9256
-6590
7907
-8645
-1878
-73
-4396
-8979
-3137
9778
-6865
-187
-211
4334
-865
591
-6915
4860
3960
-2474
5432
1136
502
3229
-6796
-2804
-9148
5470
-2591
4487
-8580
-4095
5663
9350
-6562
2476
-5697
-783
9895
-1851
-1095
-8757
-2244
-9168
-6227
883
-1190
-3721
-3406
-2886
5946
-4697
-9200
-8301
-4623
1145
2615
4459
116
-2335
-6710
1017
7238
-256
-3042
-8643
7773
-7022
-6702
-6280
-2552
7117
-5564
2365
7067
-2049
-3813
-4990
3155
5258
7053
9017
775
-4769
-6553
8069
-4307
-5125
8814
7861
-8905
3893
1355
938
-1102
3239
5860
-3582
7673
258
-8461
1626
-2045
5218
3363
-5548
-5902
-7628
4733
4147
1433
5640
2440
1556
1438
-1197
-9392
-1040
-5177
4769
8832
-2735
-5047
7497
9344
9832
-9067
-3477
-2692
-152
-3294
-778
-9654
9671
-381
8040
4842
-3857
174
-3587
-8119
-4943
9848
-9126
8871
-9900
-1371
-7892
9273
8441
50
-6440
-5685
3566
-982
-7619
-2941
6165
-91
-3839
8584
2384
-2558
6632
-7963
2918
-8424
-8090
-124
6786
-8365
5485
-1232
9636
-7761
1455
6831
-9321
-2402
-6392
-9245
-3496
3775
-9905
-2362
-9800
-6821
6249
7166
7061
6465
-3529
3709
2188
4728
-7150
1139
-8991
4368
-1201
-483
-4193
-9669
3439
-8757
7327
-6740
-2594
1770
-9278
-1803
-3662
-7774
-1580
-4187
-8904
-9081
7574
9605
5419
119
-7569
1240
-1043
1096
3004
-9810
4924
6710
-9748
8764
-2915
2449
-5495
3361
-4031
-9769
-3708
-9005
6890
4602
907
7992
-9399
861
1016
-212
-5700
9848
1379
-5332
4611
3240
-9545
-1621
-7227
5499
9422
-9757
76
-3993
-2319
7378
7983
8248
4681
-6094
402
-6472
8065
-4781
-4604
-6788
5326
-6943
8348
5003
-8809
2382
2067
5462
-4232
-8493
8843
2110
9863
-2689
3669
7519
-9703
5574
955
734
-4064
1866
-53
2437
7103
-4889
-598
-1798
-2903
-9934
4627
-253
-7626
7036
-3774
1182
-3365
-6918
8490
2147
-3442
-2946
3127
6503
3436
-4801
-2079
-3673
-8459
1610
5134
9071
-7047
6092
1832
-5468
-1981
190
6497
-4610
4571
4554
-5019
-9191
-4928
2601
7062
-2150
2376
6470
7884
3403
-8140
-4520
-7473
1650
-6826
435
9595
6314
-5508
1640
-2729
6191
4499
-6176
4665
3797
1269
5090
-2766
-9199
1891
8053
1958
5247
9419
4938
3415
9011
596
-4239
3291
-8809
-2179
4575
460
7934
-8056
8741
-7172
1283
-3110
-674
9239
507
280
4787
1083
1378
8668
4640
-9380
6425
-958
5961
-2854
9203
-8557
-6490
2346
5825
1801
-7720
-3046
-9498
-8568
-7414
-2293
5254
158
6202
7166
-1426
2917
-1304
1733
4884
6912
2686
6536
-2060
-6184
7590
461
-6576
8034
5275
9773
2879
-58
-7703
-9887
-4316
-3517
3747
1443
170
-4675
-2247
-3754
-9533
-4300
-5322
3045
529
-4101
-409
-6507
-9090
-2502
-5807
-6301
-1007
-138
-658
-2212
6744
8126
819
-4443
2958
-7792
1438
9440
4726
-4214
-3013
-3714
-9764
7719
-736
8132
-9650
1138
-6424
-9600
4859
9913
3685
9183
-5950
8118
7966
-6023
-461
2005
5727
-5321
-342
5934
-8342
-4606
4441
-7898
-5303
-8845
-8033
-5576
-8838
-4072
-1518
-8329
6681
-7988
-3821
-3964
-2071
4349
2589
-4740
7695
5752
2833
-4713
7454
1225
-7166
1728
3660
-2078
-2151
-4737
-2109
8974
-4418
-5474
9587
-9960
8958
6736
-9032
-6881
-8637
-6774
-1090
8491
5375
-7423
5097
-8869
-3420
9767
-3345
1067
-8035
-1101
-4795
7414
-6389
-5603
-512
1470
-9236
1642
-9253
6548
2206
-1003
2620
9147
3455
2534
1220
6040
-41
-2504
-8284
-9501
-8917
-6959
-5012
9611
6561
627
9042
-9232
-9493
-4010
-1503
9094
-1175
-7898
2258
-9137
7321
-6394
-4455
-4907
-8780
9406
6271
-9127
-5831
-4479
7591
6749
5692
-294
-1790
-583
-5783
-8926
-1836
-2780
-1064
4606
2619
1381
-3563
591
-8717
6537
-8159
-7797
6578
7904
-4015
-6547
5232
-9204
-9369
1929
-1382
3543
-6015
-6139
-878
-2926
2059
3991
8123
-6949
-8937
-4756
-2380
-6980
2328
-1151
-9623
-473
5490
-1641
-841
-8760
9996
-2844
1428
2689
-1698
-9122
6208
3760
-8798
-7123
4712
5378
-3031
-1097
4793
3986
-8341
-5945
5820
-1574
8276
-9723
-9332
1407
2732
-4304
7299
-4590
7529
1201
7215
-5718
4660
-9155
-9347
4578
8828
8349
-1570
-8801
1041
819
7661
1967
3419
5992
4436
793
-3502
6241
-4771
1777
-3274
2198
-800
-2940
-4511
-4127
3871
-7677
-1692
-1298
137
-6303
-2777
9297
-4193
-6568
-5294
6158
-3920
1170
-9364
-1605
1775
-5676
6601
131
3892
-2622
7661
-1997
9452
-9339
-8811
5807
-6241
-4348
6309
6628
-7641
6922
6962
-4278
8417
-6455
5801
-7916
7610
7306
7800
-5848
-3465
9509
-796
-9645
-1210
8098
-6508
-4209
-8319
3075
-7160
-3524
-7447
-6902
203
7219
7113
-2293
698
5722
4325
-1499
533
1095
-100
7141
-1664
9858
5258
4340
-2514
-3003
-3010
2194
-2525
-6774
-8903
3896
7642
9109
-9635
-4461
-5092
-9032
-49
5763
-5206
-1421
-110
-9483
-7934
9107
6759
-6415
-4692
-2191
6376
-3280
-3025
-620
14
-8891
-9267
-6544
-5957
-2915
6274
-7491
2771
8572
7314
6301
-905
2529
1753
-2693
-4230
7827
-5454
-2958
-4247
5141
6354
-2682
-6307
6219
-4382
4070
4927
-1050
2032
4737
5667
-3963
-2812
6740
-5148
-1407
8901
-1471
4863
-569
-9040
6143
-3294
8959
6322
8110
-2123
1315
9770
-6347
-9791
3343
-2954
-682
-3141
3199
-1985
-2589
994
-6700
-5036
-7538
807
259
5726
2144
3156
-1590
1267
-9199
6487
872
-7039
5216
5184
6733
1929
-3158
4242
-995
-7819
6687
703
-7121
-1319
-466
-298
7227
6008
-3910
-4189
6118
820
-9503
4302
-339
-4098
2222
-7085
4767
9940
6135
2011
-486
2860
3314
200
-4925
-8129
-1260
9067
1122
6046
-1202
-3881
-9544
-6327
-5176
-8103
-151
-1884
4727
983
60
-2416
5164
9045
9120
-2836
1194
-3455
-9910
-1217
-1495
-3405
-2184
3852
3656
-5645
-2113
-4992
-1391
5773
-5300
-5764
-1758
5720
-5745
4266
790
-6002
-4310
1912
-9703
-1971
166
-635
-888
-7303
-9248
-4445
-4370
6060
-7463
8192
-1583
7570
-8468
9158
3114
-2930
6772
-2889
-5857
-4891
8626
4454
6826
-1682
-2882
-3960
9020
666
-2563
2422
9522
9629
-7624
-4425
-7855
-1762
-3221
2302
-9401
-1560
9994
6444
435
8505
-7613
-3703
61
-3501
-648
-7787
-6285
2937
-3538
-3654
-9682
-7582
6848
-8170
2594
5994
-8566
6474
4153
2165
72
-1323
3683
8307
4903
-7010
7449
5736
-8964
-5332
6074
-468
3804
3183
-1727
7719
-6294
-4949
1717
5434
-1944
-2917
-8730
5875
6825
-2942
3243
-5314
7605
-6979
8010
4290
4407
-4369
-9862
6481
6009
4866
4249
9312
-7699
6731
5027
6692
9228
-6414
-5334
-6281
4536
-3106
-2968
-5593
8308
-9202
-2028
-6530
5716
1834
2212
-9261
6462
3440
9867
6338
-832
4607
-1077
3713
2594
9577
-6427
7345
842
2387
-3603
262
-3957
135
-9223
3294
4800
-6128
-6528
7742
9644
-2973
-3058
-8351
6103
-5877
6249
7192
42
-6218
529
6470
-6458
3672
-6834
-8238
826
7134
6128
-6348
-417
-9636
9398
-6051
9323
9240
5563
-8690
-4658
8824
-8837
-7437
-6148
-4271
336
-2491
939
-9257
-2341
-257
5157
9971
-8511
-8570
-3221
-4101
-1362
9599
6283
-6627
-6884
-4799
3701
-3483
-2319
-4625
176
-5986
1999
7067
5874
-1640
251
-9660
-6188
613
9060
-3000
7520
-964
6033
424
1343
-3996
6718
-1177
-9808
6005
9606
4571
-6563
424
-5603
6819
2359
2266
-2457
6100
2919
1912
-5563
-7983
6495
3993
-518
-3556
8421
4177
6704
534
5007
8370
8447
415
3607
-1189
1926
3767
338
-745
-5312
-3395
2412
9524
-7884
9463
9466
-999
-6418
-8457
-901
-6844
7948
-6817
-6175
8165
-7526
670
2661
3047
-9497
8189
-3220
2042
2809
7388
1488
-1575
1881
2886
8724
-8168
-2823
5424
9034
-9520
5139
5681
1249
-1098
4275
7838
-7554
1089
3569
2663
9662
3448
-1961
966
-8913
-2717
5999
6078
2478
-752
-8842
-8867
-492
-8707
3284
-7380
7634
3495
8289
437
-4641
9992
7561
-7916
1108
3499
-5586
8902
-5898
-4298
-8594
-3352
5187
8153
-2318
-2629
-1639
-9711
5657
761
-9337
5472
1400
-8318
-1210
6545
-4101
7721
828
-8433
-3187
5625
-8692
7636
-1233
-6470
2381
-4746
-3932
4047
-7539
5713
-5405
-4763
-9103
4784
-6623
6999
-1021
-9472
-2734
3736
1394
4924
2563
7258
4594
8519
1854
5612
3039
8145
6335
-9724
-6628
-6804
5920
6192
-4418
-1101
-4588
-2537
-1266
3279
-9511
-4983
224
5415
7701
-244
4596
-7690
4954
3461
4786
8201
9178
4610
779
6235
-4879
-8747
-1485
8546
-3552
8900
944
4642
3071
-7817
-2403
2415
-7851
-7858
5264
6052
8313
-8768
-5831
-756
-9233
2029
-2231
7029
-5154
-1101
1693
4493
-1184
4897
8313
-3746
-2257
-4606
-6409
4489
-3477
9877
2365
-5337
-6050
-4663
4833
-7526
-6304
-8115
1652
-7090
-496
4936
-4430
-5794
2783
5991
-9562
9626
6694
-9655
6713
9493
5277
1136
-6552
4485
8185
-4733
1917
5202
1298
-8421
-9457
-8594
-4267
-1620
1760
4108
548
-3067
8332
-3857
1620
-9327
420
5773
2591
-9448
-4272
9790
-9764
1691
7553
4847
-9214
1017
-234
-3353
-4410
2677
8051
261
-2693
-5400
-8800
-2392
-4056
-916
-5485
-3605
862
7952
2075
-7067
3454
596
5071
-5984
-1756
7140
6326
9226
-2685
-1506
4832
-3339
-3440
-1205
4060
423
6168
-1965
-3609
7734
1193
6531
-474
-2708
2506
1056
1527
-3228
6312
3383
-9626
-4466
-6035
4878
-1763
8289
7785
8770
-1659
-156
7031
4049
-3903
-5575
3090
8251
-7184
8975
8917
-4644
469
3088
-8010
5520
2163
-7113
-1074
-2948
8704
8722
9827
9949
512
-9834
-6632
1601
2581
-2958
-9661
-8797
-6744
6473
7719
-9769
-4668
-506
-9546
7977
9445
4604
8599
8489
-3046
-8916
-4330
-6949
9239
-5116
6373
3144
-4670
1627
-3513
-4793
5135
9352
6227
3847
3370
-6352
7478
9618
5100
-7629
9785
-8257
7960
4250
-9207
6566
6153
-3522
-560
9811
2668
8171
3878
7186
-1088
6535
1839
-9128
3679
458
-6241
-1246
-828
-4749
6192
-8917
-4182
-3391
-7406
-2557
-4231
-9945
-1327
8795
2957
4628
2958
5999
7375
4981
2780
8784
7858
6194
-7581
6969
170
-3201
-8837
4897
4479
4360
7129
-9028
-9345
984
8708
6138
2477
8521
-8210
2087
987
9861
5865
3132
8073
-2688
-629
-8436
-7505
9764
9059
-4412
4031
-2397
4504
1521
-5790
-8905
-5148
-3851
2281
-1517
1613
-9020
2602
-6206
-9888
2406
6237
3092
-1365
-4965
2171
8455
4
3008
1067
-524
6606
1409
-2152
3526
2416
1469
7379
3269
3392
-8699
9688
2582
2217
-6979
-9028
-293
4847
3703
-6229
5906
4105
4138
2534
12
-308
875
-981
-819
-3273
-8900
969
-7084
4538
-1048
2833
6980
6305
1943
-29
-5626
-543
-8264
9415
8041
-298
5437
-7362
-7351
-1512
9972
192
802
2724
-8512
1814
-2317
6901
-4367
6093
-8813
-706
-9888
-4985
4640
-2377
-1654
-5668
-1389
7989
8702
1900
416
-2877
-1764
-7915
-8485
-2900
-3861
9908
-7076
4763
-7078
-6416
-5919
-4993
5332
7451
-5269
4527
1375
-5625
-4550
7098
7778
-4078
9414
-4034
-333
4859
5050
-8187
-6820
9101
-7775
7635
-5746
940
7877
9948
8997
-6119
-5795
1261
-1781
-7284
-641
-9447
1589
3658
9101
-7691
8810
5612
-7402
-4219
2149
-9927
-1590
3058
4822
8448
-4048
2501
3489
6541
-4466
6272
-4275
-6888
-6704
2676
5794
-6463
9329
-644
-2921
-6417
8194
-2208
7694
7657
9202
3567
-9255
-1297
9173
6068
-3681
-5655
-3481
6916
-8162
-7227
-9259
7562
2151
-2143
-5853
-7602
-8336
7466
5995
550
4597
-859
-2409
-6849
-4187
-5589
8261
-9392
-4574
7434
2561
-5676
-8058
5841
9027
377
-6908
-6998
-4080
-2944
-4367
2151
-8126
-9202
3211
7599
-5370
3358
-41
9314
-3772
-6671
5930
6457
2343
-9426
-9204
3495
8397
9613
2937
-1348
-7294
-7892
6603
-6460
4378
-9214
6051
4548
7484
5817
-3476
8929
-5493
-8981
1485
-8584
7326
4331
8783
9448
-2938
-3202
6639
4283
-5355
-6263
-9513
5888
-6825
-4371
-9914
6699
5701
797
-5570
-4005
8146
8504
-4278
-8953
7774
-3509
-9814
-5597
-5741
-1086
2460
1152
-4507
4402
-552
5002
1308
-5274
-4117
5937
-5766
-518
413
-1194
7301
-3880
-1842
8275
-3386
-2489
-4916
7360
6823
-3962
-983
-9412
5939
-9953
-8718
9492
5030
4781
1069
-4348
3296
-7677
1585
-5127
4924
-5927
3597
-4248
-7365
771
-5451
-848
-5968
-530
6828
-9865
7527
1872
4452
-855
1027
7327
7143
5507
-9617
6390
-645
-7787
-1091
-5464
-5723
7078
595
-2028
6337
-1291
-7384
-8228
8490
-4643
9382
-6015
-5927
3901
8070
-1348
8960
973
932
-6852
-4411
-6621
5024
1296
-2815
7597
-5641
2701
-5227
6258
5255
-4715
-50
1576
-3366
6934
1884
-4513
-3025
-7735
-8966
-485
5659
-1968
-6129
8987
-3001
-991
3439
9447
-8602
-7567
-6733
2780
-6811
8774
3226
9926
-6771
-7813
9089
-6230
2217
-6172
7837
-4391
2139
361
686
-8828
-2509
9038
6023
1637
1986
3234
4686
-8758
4699
2995
3544
-5275
2170
8492
3892
-825
-5496
6571
-7327
6174
-885
8131
-9517
-4481
-9492
-3800
841
-8834
5179
-4288
6450
8549
3449
8150
-7830
-2202
591
2708
1041
8337
3842
-8900
-5420
-5181
-7226
5676
-4835
4932
192
6598
670
2960
3593
1619
-8348
-6529
-6824
-5389
-1366
3880
-1298
-4707
457
9313
5517
-6658
-5535
-873
-846
-6252
7385
1909
-3475
7334
-69
3397
2184
8659
-7305
2259
7769
9745
-2063
-8200
3960
-6291
115
-9576
-8408
5281
-8180
-8438
-5616
821
-1536
-7713
-355
-6152
1652
7222
-8567
-2980
5564
-9772
5650
-8026
-4500
-452
8828
3515
-7806
-1439
5936
8679
-4190
-6820
-9215
8650
-9462
-4218
-3782
-1186
6138
-4931
-1889
-2268
-5383
5654
-2201
-2094
-9213
2499
-6342
-2373
-4166
-461
-8890
-3219
-4607
4776
6674
4480
7068
-3023
7869
-9892
6569
-9264
-1986
-9846
6576
1676
6185
-4767
8731
-8668
-8778
-6942
-547
4620
-1803
-2009
-7798
-6540
-7668
6108
-6011
-7963
-8502
-6184
-3138
3067
-5647
-5633
-8435
-183
-4807
-5682
-525
9260
530
-7319
6487
1363
9277
-8178
9106
4876
-2475
-71
-4335
5110
6580
5328
-9203
6557
-7078
1593
-1744
-9322
1720
-6739
-3601
-6178
-1219
-7803
-9682
-7102
-5057
-1990
1021
-8059
6391
-6665
-6076
-4327
-3245
-9677
4620
-6245
-6868
-1086
1610
-8128
-4559
1627
5055
3091
-3394
-8896
-1570
-123
-581
1815
-3032
-1071
-8919
5124
1303
-1748
-2390
5648
8957
145
6883
301
-6826
7696
-4436
-5803
7904
9537
1146
-4879
-3870
4738
-5620
9356
2309
-29
-4288
685
-1700
-7186
-7952
4566
9908
-5501
-8539
9554
-6051
9829
4893
6795
-1609
7864
7872
802
-6622
9327
-2620
-7938
-1534
4865
6162
2901
4191
6776
-4777
1626
-2789
3588
-4234
8193
-9382
963
9117
5902
910
-2183
8978
-4049
-7163
-8167
-8591
4388
7255
5659
-3282
-5267
-9016
0
9834
4043
-2310
3415
5075
-8318
-8902
-2657
-6547
-8578
2063
2317
9583
3031
729
-7589
-4326
7429
-5294
-3280
-9261
5245
-8161
-1425
4283
-8761
3896
2224
-3037
-1722
-2811
3724
-5596
8506
6114
-1634
-7130
-1531
-2923
7491
2935
-4960
1995
-4353
-8881
-702
7317
9505
3459
-6370
-2467
-1958
-4986
-2614
9540
577
8145
-6919
178
-266
6763
-4953
4442
5845
-315
-5125
6134
901
-1906
-2631
-2841
3603
2378
-7713
-3455
-7423
7163
-504
-9517
-8251
2864
-1837
-3413
-1731
3891
-2161
6648
9140
9829
2468
-8226
-7864
5395
-8646
-9971
-5734
-3797
-956
3730
7812
-3532
-4171
-1103
-8339
8927
-6780
-4766
-4224
-3540
4982
-4447
-7403
1163
2407
-6102
8805
-6554
6769
-769
2634
9878
-6136
3723
-6098
-4863
9045
6449
-6286
-6614
6743
7472
-3945
-3834
-9882
5612
812
701
6973
-5430
7632
3862
3573
1154
-8880
-2069
6852
7992
2175
767
3418
-5125
-9406
-2678
-3019
368
1432
6773
1553
-6679
-5201
2265
-834
6615
8679
-7132
24
3478
-1441
-8368
-6094
5578
3579
8734
-4264
5007
2890
5913
6126
-8641
1185
8261
2937
9134
-8697
7880
-6089
8413
-5305
-6431
9785
1459
-1843
-3729
-8036
2376
7604
-6515
7286
-7550
3836
5668
6447
-7266
6536
-1532
5889
9949
-2673
7743
1967
-4931
-5086
6227
7819
9734
9660
1685
-1638
-1787
-437
2821
-2818
1851
5694
-8883
3167
1551
5063
-5376
-5503
3094
3011
-131
-5623
-325
-9839
-4823
6186
-4423
-9363
1866
6736
-4134
5445
-58
7072
748
7224
9147
6478
-7619
-9386
5958
-9494
-5020
-6878
-9180
-4898
5510
-1021
1107
-5055
8341
-8116
7661
5714
-2945
-2671
8120
3447
6321
-9220
5212
-9960
-582
5206
1538
-3794
-8295
9220
898
-3489
438
-4863
3900
9288
-2242
940
-562
-6194
-723
1927
-3231
-6854
9952
-2877
386
-750
-6741
4038
-2892
2477
9630
-6895
-5849
-3302
6952
8069
-3452
-6895
-9818
-7605
-2268
3240
2090
2765
-1836
3028
9388
-8307
42
-3893
3969
-5763
-7393
1481
-6587
-3914
8586
799
-2130
2989
-5619
9567
1250
1060
9540
5670
-5833
5841
7842
-1795
7160
9600
-7820
-6686
9556
9456
-9405
-7164
9039
7699
9437
819
-290
-5944
1416
6137
-2168
3528
-5604
-4906
3290
-7759
-6379
7587
-1071
1768
-6380
7122
8606
-2719
9705
491
-8591
-3072
-536
-1133
-6889
9076
612
5984
7453
-1070
-5141
-4475
-6521
-1076
9574
6750
6169
8453
4911
-5947
5608
-6047
-7636
-1154
4155
5400
9033
1414
4261
3549
-1458
9146
6478
-383
3993
654
-1567
-5553
-3616
6624
6959
-1700
-8869
8870
-6574
-1203
-6395
-6987
2627
4373
3953
-6403
7303
5709
7007
1795
-926
-58
-9599
3319
-2892
-2361
5211
-7543
-7435
3534
4780
6057
-1773
6522
6668
5214
-8751
-5080
2936
3248
-1131
-4437
610
-4336
-530
-9698
-7234
-3082
516
-6561
-2486
2788
-5346
8577
4689
9976
-9396
3565
6868
8268
575
-8809
-7415
-6538
-4081
8093
9605
3004
-1015
65
-7796
-8498
9307
-4752
-1826
-563
4118
9909
-5499
-854
5030
-5348
9007
-2733
2516
-6107
6708
-822
-5184
-1217
9652
6520
7291
-7401
-1006
7700
4577
5274
4026
8238
2723
-8515
-1880
873
7908
5616
-5323
2990
-6772
-3120
9426
-8809
-9037
-1574
-6304
-8472
24
4671
9713
7290
1971
4221
7274
-1420
5615
-2109
6547
7310
5288
6279
-5487
4034
-2255
2314
-9131
6051
-3255
5122
-3053
7080
9360
2521
-7238
-7577
6373
-9158
5612
-7290
-9251
922
1827
-8756
-733
-9645
8798
740
9240
5403
-3018
8027
4098
8225
4408
-4380
2801
968
-232
9968
-9285
7994
-2213
8248
7240
-1877
-3844
4413
-5787
-5952
5382
4622
8699
-3024
-3800
-7581
1106
-8455
4710
7942
1963
-7176
4067
-9184
9514
-6842
110
1971
2190
-6224
-8107
107
5272
6981
-3089
-8421
-6838
-2665
-4725
-9856
9154
6288
-4693
-3311
1513
-5292
7243
2953
7079
-6092
1928
-6015
-3556
-8980
7241
8400
3787
3847
5801
1578
-9257
-219
4103
-5674
9062
-2485
-8586
-3027
3759
-7369
1091
5435
-2434
-2939
4484
3048
7902
7759
6962
3557
-2
1779
4397
-7691
4793
9789
186
-9788
3185
3639
-8873
-681
311
-197
7846
3186
-4662
3964
-5516
-321
-2777
-6033
7760
3452
4769
4353
3461
-1725
-8276
-2392
5271
8387
-5338
3853
2843
-2998
1955
-3093
-2461
-1065
7249
-8925
876
1134
9477
-93
1025
9627
1515
526
-6351
-2595
-1690
1658
3350
2209
779
-2076
-6955
1154
-9284
-6069
8325
-964
9296
-7250
-2640
-937
3764
2262
-5643
4175
5813
3119
2626
2039
-5197
2472
7922
-7507
-3694
-9731
8372
1556
4644
-2187
6423
-8372
5739
-3983
-9809
-4288
3327
-8971
133
524
-2055
-4165
-537
1097
4955
4438
-7271
6984
-2831
-7430
5124
99
-5186
-9521
8000
-8051
1672
8798
1932
-2773
9684
2260
138
-7964
-1083
740
-3739
7426
-8718
3002
5496
-9029
9272
-216
-2217
1319
-1679
9333
8943
8054
1953
4214
-3283
-6276
7512
-7531
9063
1855
-2225
-9342
2641
768
-9848
-191
-1404
8477
-473
9938
-4188
9715
1347
-706
7142
5619
-8580
2582
4959
5444
-4037
8450
-4892
40
7099
-5673
6691
-5532
5018
-3606
-4021
-2056
5580
3010
1346
-1266
-5543
2293
4764
-9342
1970
3068
7287
-9829
-5852
4936
373
9525
9065
4633
5602
5522
-2851
9748
3447
-357
-356
-7813
-8043
-356
7864
-2958
6876
-2691
-1974
262
-5304
2525
-9906
-7501
-990
-678
-3335
8087
8575
-3384
-9453
1398
9023
7468
-2225
3484
5405
9442
1636
-5570
-4947
9659
5011
6278
6683
7048
-2051
-1471
6990
-2032
-2465
-6424
-9852
-5664
2675
-1348
-8751
-4822
-5491
6428
3033
-3752
-6939
-4413
7915
-9547
511
736
-3227
7470
-5828
6681
51
-8662
5241
-5132
-2650
-5809
-3687
5895
-5199
-5459
3706
-9209
6690
-8324
1072
2903
-8575
7540
-2374
-5887
-9802
-1102
8795
-4567
-1689
619
-3287
-137
2067
-9105
8310
2995
5147
7470
-2551
-7973
-7059
-9183
2385
-5936
9156
-9537
8180
-9558
-3145
753
-9199
-1554
3529
-6806
-6022
-6977
463
-4768
-8132
-6461
4747
-1543
-5661
2023
-6476
6838
7855
9574
-8921
-9848
5409
780
-8092
-834
5706
-8742
5111
-5402
-6614
-2710
1990
5602
6297
-2173
1062
3887
-5102
2652
-904
3720
-4156
-390
7569
8359
-2326
-4687
-4515
-5940
2526
5876
2920
-255
7836
-8371
-6971
-3897
2496
-8608
613
7269
22
712
7334
2802
3020
3634
-1621
-8547
-1817
1465
6854
1572
5212
-6615
2872
-3803
-5734
-7078
-8428
741
3163
6387
-3645
-367
1285
-6234
8858
32
-2343
-1773
7484
-5078
-4177
-9954
2523
8865
-9139
-2905
2357
42
6213
7125
-6971
600
-8737
-7752
8220
-3921
1692
3478
2315
8266
-8106
-7381
537
3424
-1914
-4103
-4701
7672
9505
5202
-3464
8538
-852
-7979
-7794
2793
-2857
3070
262
8849
6162
-1729
356
2399
7794
-136
1787
1252
-6961
5971
6762
6335
-3394
808
-8838
8913
7666
-3280
-7457
-9053
3033
-659
-2373
8095
-3201
-1047
5717
3640
-7030
-563
8615
3980
4026
2760
-5214
7619
8965
6761
6570
-9939
-9606
-2831
-6127
3235
8396
8470
-8237
-3988
-2885
-5222
-8348
-484
8829
-1222
-2038
-5848
8715
-9321
5301
6365
-6032
-4647
3514
2784
-9531
6533
-2822
-6982
-3803
-3703
3407
-9800
-6905
1356
-1579
-8117
4712
-4684
-2350
-5231
7028
4229
3674
3053
274
-40
-6160
6336
-3235
3809
-5806
6880
-4246
-431
-4278
-2727
-3156
-4431
-5502
-2112
5705
9230
-5890
3900
5508
7771
8896
395
5926
-1927
-9047
813
-3670
-535
7924
-5897
-6063
4827
4774
-2004
-9681
6010
4407
-4410
-1904
33
5412
5040
-9453
-9357
5885
5400
-9148
-3494
5491
1298
-5813
-2637
3442
-7251
-4295
-3935
-3503
-277
9515
-8884
-1617
1627
-7340
4775
86
1616
5754
-4061
567
5342
-7526
9379
2204
8943
-6658
4572
8694
1224
250
2419
-8846
-606
8198
-8659
4964
-2340
-6180
7813
9029
599
-4696
1241
8249
-6980
9573
-6803
721
-2103
-7044
9013
2722
7712
-6625
-2497
6622
-3584
-3458
1661
9844
-3634
2740
3223
1157
657
-1879
-7663
8270
5647
-6019
-7027
-6420
-2648
-3567
-9665
-2431
4236
7387
-6188
-5836
-3402
7321
-9272
-1662
5434
7633
-8372
7033
-7089
4143
9028
1451
-8464
4908
-6101
-7991
2526
1392
5564
-2126
-5687
5898
5159
-1330
-6099
-973
2108
-5151
4932
-6219
9863
-6327
-6585
607
-1802
3202
9722
-504
6772
2434
-3806
1594
6601
9112
5900
4320
-3582
2149
-2791
-453
914
-1386
5329
-8429
1212
5666
3010
8005
-4913
-4028
-3186
1934
-6310
5359
-9561
9243
4221
-3351
-9694
7411
-9049
-1501
8988
908
3503
3088
-2823
788
-3976
6557
2690
-6703
-5144
1218
-7491
-7075
-5274
-9716
4635
-8939
-7390
5543
-3762
9499
-9316
-6703
-2857
-7104
4666
-8898
2967
8927
6334
-4337
9378
3495
6719
-7936
-9205
-703
-6049
-3623
-4049
-1115
-8221
3274
4683
4357
-4443
-1126
-5529
2977
2556
-3897
5482
4423
5312
-9406
-5762
-5061
5585
1347
-2302
-2107
955
3076
-7047
-1753
-9079
7814
1067
7773
7899
-8337
643
2630
5765
-8649
1606
-9155
-9334
6495
-7427
7671
-6748
-1738
916
-528
-5428
-5248
-7625
-2761
7150
2529
-4518
9260
8773
4080
6479
-8077
-3845
-2924
2095
5752
-9258
4219
-9122
1988
6946
4038
6554
545
-3180
3054
1034
-4502
5581
-8605
-7333
-1985
8008
4555
7293
-288
3332
-9654
-9575
6429
4670
4944
2928
9564
8562
7518
3931
-4991
7167
-519
502
-2196
1563
-1302
2641
9390
6381
975
-9486
7638
-3140
2640
-7486
-3558
292
7104
8009
-5348
-1592
-9928
-6532
-7293
-4625
-9841
-8392
-3476
-4355
-1903
-1278
-8533
-5226
5126
-5050
-5482
1441
1930
2586
9096
-4495
-3740
-541
-8885
-9596
-1823
-9891
419
420
-2552
6346
-5960
5115
7520
8517
-8892
6157
4600
-4707
-9144
-9593
8038
-9661
8852
-7878
-2557
-7492
1881
-1864
7034
-1715
7325
176
4564
-6252
-5951
-1574
-7652
8752
-1236
9224
5146
9096
8100
260
1286
-8405
1656
-848
-7371
-2561
1353
-6810
-2722
-4628
-3198
2903
-3885
-6415
-6979
8154
-7725
5884
8517
8718
7331
9734
-8799
9391
-8134
-4912
5143
-2663
-2614
3645
-2322
2266
-9093
-930
-2996
-5699
-5708
9885
-992
4973
-363
-561
1274
7099
-5607
7793
4769
-4123
-4003
9100
6192
313
-8173
-9329
85
6301
5817
-3345
5040
-4979
-9314
3890
-2200
4787
4168
8210
2889
4025
6317
-6422
5801
-827
-4619
-7701
-4143
-3787
-925
5625
-8367
-3175
-671
9371
2703
7044
-3950
-5290
-4621
9890
2015
-2418
-9857
2173
8998
-4849
-5436
-4059
7986
-2411
-4383
2
-4584
-7922
-4854
4932
9531
2441
7868
1602
4934
-5306
-3188
5402
1852
7543
-9444
1580
-9935
-1724
7511
-9777
-2714
-1247
-733
-8697
1007
-7464
2416
1245
-2254
631
6501
-1358
-7394
169
-4154
6307
-2346
-1686
-2914
861
-7544
795
-1340
7317
8961
-9523
-7932
-4607
3978
-49
-46
530
4155
-3212
7937
9586
8152
6239
1145
9152
5014
5421
6221
9906
1858
9395
-7528
2542
3886
-9761
-7599
-9492
5887
-5612
2947
-4787
3813
1599
-2697
-2163
-4455
-7377
5835
5464
688
6343
797
3394
4743
2401
7470
9575
-1335
-5525
-618
-482
-3719
5089
2602
2244
-4907
6362
4376
9563
-2555
417
3161
812
5270
-3751
-9052
7203
5969
9679
-8681
5086
6983
-9536
-1280
7711
-4552
8030
6451
-5713
-485
-4062
6787
-5398
-5438
8716
-36
2062
8994
8897
-6126
3077
9090
6743
5360
1541
3698
-5622
7055
-3950
9562
1673
-6574
2501
-1670
6794
2095
-2876
-5907
-4093
-2791
9852
-5686
-4688
-3329
-4613
-9840
8473
-528
4699
1217
1054
8580
1496
-5917
-8997
-7044
8630
-1915
5978
-5590
-2963
7680
-3145
2576
-4512
-7921
9445
-5662
-4484
-6261
169
2954
-1782
1909
8031
6775
-685
4757
5263
-8623
-5455
3285
-476
8103
-7984
-3051
9416
-2782
-9322
-7747
5236
-6574
-1440
7838
6867
3280
3128
-4578
-452
311
-7165
-5927
3628
4393
410
5500
-8395
-1298
-2999
4055
-59
2639
3252
9430
-3704
2770
1244
2481
-1331
-9601
-6706
1786
-5941
-3666
1276
-2408
-2277
-8676
-9752
-3931
4062
-4196
508
8193
9330
-371
-9776
-701
1529
-6573
-199
-7669
-6724
7749
1520
-2591
-6635
1270
-1411
1448
-6851
6510
4029
-9765
4521
8156
6795
-3087
4992
-9416
7776
5988
5033
1607
-2337
9472
-3152
6306
-6749
-8633
2651
-5832
-7699
1845
-4577
286
1256
-438
-9035
3120
-6422
4555
-950
1587
3045
4178
-5410
1517
-2352
-6943
915
287
-5427
-4761
-7062
1088
1712
1915
-7191
3273
8228
4597
-6599
5470
6196
-3475
4186
6159
-4884
1434
-9558
4818
-6517
1205
6458
1385
8579
1806
-6361
3621
-5090
1508
-8917
4956
3975
8395
-2722
4220
1544
8220
-3629
92
-8059
8761
-6608
8019
8314
-8725
4004
-3547
3254
5566
-142
-6255
2738
519
-4553
-1606
4482
3953
6037
1234
9838
-453
8742
3524
-8003
-1337
1952
4106
5396
4033
4856
432
-8978
3505
5288
5827
-9333
-9162
-5490
6885
-8845
4423
805
-2868
-6427
6748
-3643
-2993
-4677
-3958
-545
2673
2678
-7402
4318
2220
-2314
5456
-5021
9143
1901
7827
-8901
3235
-4514
3544
4901
-9329
1728
-7160
-6979
-9512
7039
-9091
-5924
5819
5765
-8930
-931
6185
8871
-8039
-4587
3086
3541
-9841
-8587
2873
-4536
4124
4529
5109
1820
4320
4913
-4180
-9244
-6952
-34
9203
-6451
-634
5764
-4057
-2775
3806
9357
-6236
5632
-9237
4981
2698
3415
189
-9028
4592
-7719
8322
-5726
6696
-1640
-8929
6087
-4383
-7640
655
-4051
-1295
-5472
-7091
5824
-2565
9830
6167
9501
2480
-8410
-8012
-7758
-7746
-6616
4183
29
5279
-8836
4760
5549
-1092
9662
-4083
3412
9395
-8742
-3997
-3372
8874
9371
8001
4491
5701
-22
8186
-4799
-688
3499
-5751
-655
-7263
-8229
5114
-6859
7495
5663
-3747
-6773
-5588
1819
174
7208
-206
6905
-5437
-9255
-7439
-2429
2236
5516
-4377
-7126
3418
-7237
-5707
-268
293
1136
-7039
5813
-1794
-2573
-166
-846
7284
5312
968
1504
-2316
1644
814
-4020
711
-2525
-8580
4684
-497
-6639
-8291
-9412
5832
-6673
2928
-8653
-986
-5125
4036
5041
-7
-8039
9211
8097
-8751
-8809
714
-6346
-1154
5283
-3317
-419
8348
-8495
-8887
-1636
-8291
6045
-3944
-5484
-6905
3249
7192
7997
-908
-3094
7435
-8274
9076
-7431
-4240
2009
-9928
9977
-8181
-642
3074
1052
6360
-7231
459
-8461
2451
-3749
-8660
-9356
4804
-5884
1694
-4592
-3453
4690
2892
-5916
8893
8822
2386
4424
-8996
-6236
-8172
1678
6498
6603
-8621
-2824
-5907
-9276
9784
5359
-4788
-1576
-460
9083
6068
-3599
87
6096
8169
-3111
-6299
2316
-7187
-8599
-5663
-4983
4396
-3523
-7695
-2071
-8320
8159
7972
-6104
-2787
6726
-7501
9807
5175
-8047
2251
-9919
6754
-2025
-6390
9677
1309
2776
-9008
9475
4001
-2805
-8201
-6528
-783
-9347
-4936
5840
-8227
4095
4703
4280
-4399
-4165
905
-6487
-2340
6308
-720
1337
-4478
-7975
5759
-4490
-4824
277
7373
4801
-6601
-363
-614
-8052
-3468
5953
2173
8212
-9819
7775
-4934
-2805
9090
-9374
5487
616
-9207
9128
4680
1470
-9810
2864
-1675
9619
9696
-1811
3322
-5531
5389
3779
-2616
8536
-108
-3962
1712
-3640
-8729
9783
-6320
4520
4591
-3115
-525
-5973
7235
-1603
-8923
-3510
4720
3111
-7640
7642
-4657
-6531
2612
2832
-614
7549
3294
-1768
-7255
6906
-431
5612
-6808
3025
-8685
9809
-6830
-17
7003
-8629
-5648
-4389
-6082
5563
2041
9898
9334
357
-973
-1883
8101
-8669
-884
1454
3482
-6908
-2709
-4425
-4720
8579
-4000
-7653
-5886
9219
-7957
-9525
-5829
-6338
3047
6635
-862
1938
8017
2976
-5129
-2543
6998
4713
8811
8879
-1902
-354
4189
-9053
-3976
-5426
1919
-7805
-8863
2664
-4743
-2438
-2160
1927
4767
2388
3495
3860
9727
-687
-4139
-4117
8513
6648
139
-7609
4726
3031
-8188
-7145
2977
5400
3083
6644
8047
-5767
-3940
-8023
6485
-2502
3080
-231
6171
-6884
1199
-237
-6572
-3813
-4545
-1144
-5442
8193
510
-4185
6280
9119
-2603
597
-1991
-3070
821
5466
3363
-3500
-2867
-8998
-3899
-7930
-8293
-1009
8206
-671
-3467
7183
-2445
2472
4387
7622
-2544
360
-6261
6374
9177
5248
-7950
-1846
-3839
3437
9961
9035
5117
-8869
-8496
6216
-4000
7121
2110
-184
-4230
-7735
2618
-7995
3162
9430
-2332
-1082
9551
-4324
8010
7005
5260
-2322
-1671
1221
951
6063
3060
1551
-8412
8438
2532
1115
-1638
-1245
-6890
229
-3799
3470
2675
-1259
4857
5064
8590
-4007
-2245
7978
2144
3807
8477
-9629
4090
-5234
-1574
6761
7017
-5469
-6717
-8552
9765
1530
6564
-5040
-3895
1765
-2065
2955
-9458
3628
7141
-8362
9806
-8142
5311
1772
5634
6749
-6031
-4077
-5114
6175
-2332
7441
8130
-813
9081
236
-8174
-3230
575
-8897
6585
-8441
4365
6280
-3403
6049
-1674
5934
4435
-4758
-3158
-5015
-1122
1276
2018
8631
7941
1411
-708
-898
-628
7289
-8986
-2303
7280
8662
-8584
7582
-8994
8753
1011
-2426
1012
4350
-8359
899
9302
-4742
-7655
3361
6867
2251
5325
631
-3831
8554
-3504
4941
3249
4701
8430
-9124
6918
-8768
-4448
-6482
9373
7712
-8261
4384
6999
-7399
9159
-5426
-5465
-5365
6841
-9037
-2856
1634
-8500
3393
-1279
-1758
817
-8692
-1740
-1879
-3879
889
-4955
-2149
8312
7271
7932
6146
1761
-2627
-9582
8516
-9607
1023
6350
-7677
8356
-1003
-3258
9326
-6515
9473
5331
-6044
224
5302
2419
6008
9336
-8996
8119
-2545
8930
9065
4596
-8308
-4629
-4847
3961
-3306
-4960
-2006
-5931
-9595
-265
-7760
-8606
-3933
-8204
1942
1220
5863
-3633
6673
6523
-8957
-8839
8637
2569
-7714
3219
6524
-4477
4942
-5984
8860
4635
-5346
-9477
-754
639
-4251
-5297
3736
-5501
515
-533
-9210
8770
1394
-2492
6843
-713
-2679
-2371
717
-6888
2447
-7318
-7319
-2472
-5083
7910
4784
1242
2112
9263
4003
-6276
-9866
5586
5994
6091
1293
5998
-9326
-908
3272
-6272
1959
-9202
-9866
9880
7120
-9728
-5131
3639
3382
1236
-510
9350
88
-8584
-6397
-1543
-3992
-1636
-332
3647
-7899
9655
866
9057
-1013
-1498
4006
-3250
2173
9262
5519
-4020
3539
-2658
-4349
3593
2988
-9474
6139
-684
-911
-1929
-1693
-5102
-6300
-7084
-8283
5269
3809
3682
933
6757
1161
7589
3049
6102
9444
4129
1615
-1459
-4462
4354
-9179
1987
-2131
-7915
-7612
3788
-2113
965
9366
-7615
-8136
527
-395
-3858
-313
-2280
-7500
6292
-4467
-8192
-8663
-9676
-4391
-4503
-3573
1051
-9079
9005
-290
335
317
4932
-8073
-1529
-3526
-9649
2767
7902
-9396
-1152
-5015
-2311
-4086
1459
2592
-8340
-7258
5860
-2584
5666
-9662
5202
9369
47
3255
2574
5348
4651
5340
9185
513
-247
1896
-9530
1859
1801
-271
-2489
-5322
-2290
-4329
3425
-8463
7456
-6319
-2805
2483
-285
4553
-6748
8637
6552
-7595
3047
-3067
9826
7786
7757
5316
4500
230
4320
-9733
5249
-9487
-5584
5509
9068
8552
1865
-8589
-228
4566
-1173
7112
-7739
-8983
-487
1717
-1576
-6022
608
4014
-3794
-7625
-583
7850
8927
-9759
-8385
-8471
7318
4706
-1460
6813
-6268
-2985
9208
9652
7081
-7065
-7412
7140
8790
7141
-6272
-243
-771
1984
450
7894
-4149
-1941
6858
-5309
3727
533
2754
-6459
-2811
5156
-6201
-830
2179
8703
-340
-9731
-8595
-7016
-1082
3595
-882
2385
-9766
9086
8592
-778
-515
-3868
2270
8245
2827
5186
2985
2847
6229
-2133
1429
4355
7450
5438
-7056
-4320
8994
3173
6846
-1727
2533
652
9008
-4798
4553
6060
3375
-1957
-2410
3430
6336
2133
6649
1159
6759
-3323
1652
4673
6647
7875
-6367
-6170
6926
7136
-9943
7741
-9830
-1728
-5145
-5802
1442
-930
8806
3517
-9053
7857
-8694
8728
-5091
8809
237
7792
1617
4092
-4043
-97
-7299
-4736
5179
411
-5551
-7827
392
2708
-9553
8109
-7009
1477
-7123
9641
-5230
-4901
4975
1460
-6370
9352
-1001
117
1582
-7568
-9798
-2725
-962
1273
-1816
-6140
-8000
-8759
-2672
1596
8915
236
7616
9689
-9668
-4309
-6662
5704
-6538
-1667
-1569
-4186
-4461
-722
2170
1267
8428
-2919
-114
-1608
-4193
1565
-3775
4722
2701
8568
624
6391
4670
-9760
-4492
-8148
-280
7088
7412
-4527
5265
5259
104
1033
-192
7370
7760
365
4485
7112
-6722
7405
-4646
6863
1680
-5198
6114
-5655
-6694
-1464
-7127
-9683
-7867
8428
6751
-2979
-2216
8564
3972
586
7426
-3171
-465
-8968
6632
2855
-4835
9885
-549
-5230
3992
-8233
-9073
2106
7797
8429
-9685
-3925
-1976
-3078
-6992
1916
9143
-1584
2394
-8252
548
6263
8278
-679
9628
-7225
-6205
-5821
-1896
2298
-325
7697
3651
-6799
2250
4132
-8980
-2351
-398
-9131
9172
5723
-8177
4196
-1941
-8447
3813
-8693
-4188
-9757
-4658
9405
-2206
-5281
-2188
9918
9199
-5490
-2286
1325
-788
31
-4893
-5102
-1618
51
7703
5937
-5759
-2755
-6426
8025
-7990
52
-869
-788
2349
3276
-8729
3561
8966
2564
-6248
-8646
195
2548
-9444
-2847
2502
-3885
-2344
8747
3738
-5521
8500
-4113
-4553
7084
-7256
8654
-965
-6584
-2532
-4645
5180
-5933
6920
4210
-1134
9336
267
5771
8832
1325
-8221
-5198
7713
7091
8467
207
-3968
-9401
752
6175
-2528
5371
4452
-1282
-3925
9959
-5859
-8146
8176
1777
-9338
5904
-5995
-5107
9847
2502
-7479
8696
7391
8387
5231
-552
-7658
8932
403
7665
5465
-3598
3700
-8921
212
-1693
5205
-5701
-1816
3855
-4426
-3289
7896
-538
-2670
-1345
6739
-3195
7292
-7661
149
9778
6638
-2708
-1871
5097
9331
1246
-4180
208
-8001
3745
3460
-8776
-5492
3423
-1295
6406
4913
-8698
6931
-470
-2239
2334
2366
-6920
2454
-54
-1672
8580
-2361
8849
5801
-9365
6799
6175
3929
-4646
8759
-8186
4708
-5521
-9845
8544
1994
-3366
1947
1776
9965
-4078
4882
-6568
-207
6441
3076
-5282
8626
2322
-5860
-5428
5985
5924
59
-3155
3369
2321
-8960
-750
-949
8591
9193
5884
-5793
-7105
-582
-6414
4143
2450
5627
944
-4546
4309
-1157
-5637
-4278
2912
5443
-8315
-4331
1551
1811
-5502
5579
2920
4570
9316
8267
227
2338
-9867
9622
-327
-9946
-2905
5755
3809
8676
-3380
4550
6918
9623
-7220
-4123
-1523
1089
8301
-29
-5591
-1195
-8293
-4501
8204
-3325
-9147
9837
-6842
4013
-9183
8653
8085
3387
-9705
7401
689
907
-2968
2757
3105
5553
5143
-48
-8855
-2223
-1888
-4008
-9891
3329
4241
9045
7023
-2842
5583
6078
-9250
5203
3024
-8479
-6412
798
4923
4176
-9511
-8783
-7670
-9593
284
-7988
7470
4239
-225
9901
5032
7828
-2209
-1842
630
7360
4318
7873
-8566
-9605
4980
-9814
-9437
-8807
-169
3541
8070
7924
51
4660
5494
-86
2951
-5290
-2098
-5637
4383
-4027
-675
4041
1203
-7485
9535
6806
9140
8479
-3040
-834
74
8287
-9401
4236
1503
-3378
6934
-9922
5419
2064
2408
2095
-2971
-4094
-2380
-7068
8410
-4263
5877
7535
-7484
7705
-2720
-5857
9140
4499
-1678
9615
-7346
2561
-4131
2404
2138
6280
5902
-1831
-7453
-2512
-4287
-7087
-1718
4184
-6009
-9212
2397
-6312
-1591
7263
647
7347
-8776
4867
-9521
7273
-3325
-4672
4429
6427
883
-9710
4386
-9638
-3947
4579
8468
1677
5079
-5608
6267
-6623
-8039
1312
-6379
3252
-1206
-8264
3065
906
818
3884
-1208
9731
-6186
403
8519
-9387
-7224
6022
-7393
3264
4512
9933
6996
-674
-6091
-4301
-1600
4976
6983
1873
-8980
2710
9664
-9273
5551
-4655
-8957
-1371
7063
-716
862
746
2863
-1352
-3272
-9090
-9435
1013
3309
4645
3039
1843
4039
-1656
68
5468
7029
1585
-7632
4707
-3871
-1446
-3241
-3850
-5558
6052
6654
-2683
-7989
9978
4408
-8540
7150
-10000
-2472
-5826
-5706
-2330
-5824
5377
-3655
4145
6747
7115
-1954
3277
-200
-7423
-3757
-9740
-5593
6622
4516
-1420
-6039
-6162
1021
-633
8055
3405
-6865
-6957
117
2128
-2278
221
-8166
-1358
-7481
2724
4637
7200
-7611
-9786
-2408
4210
-7683
-5125
-3648
8960
-7398
7928
5852
8527
4214
-1973
4325
-8908
-46
9016
3442
-3855
2493
9957
1588
1621
9062
-4369
1636
8437
-7956
5447
7287
-3324
-2960
6215
1241
-2589
-9652
-8048
8345
1154
2000
161
6689
-9943
-538
4287
-565
-1848
3211
-8344
-8678
-7954
8570
1670
-3004
-6684
2227
-8874
2973
5290
5269
-6477
-3703
-2110
-7828
-1911
-2144
1396
-522
-4356
-7954
1536
6423
1653
8958
2297
-9643
-8321
-6839
2239
6268
1175
-5986
5244
-6534
6439
-7154
-5052
9742
-8230
-9559
-2700
-51
-1054
-9958
-5397
-2829
9283
4585
-4248
-2598
-2237
-7349
8630
728
-6788
-6014
-4362
-6607
-2579
3093
5909
4714
3207
4340
5514
-2934
3965
-5881
1108
-3303
-6977
-3831
-6083
467
-5352
6914
5946
1079
-6417
6463
-7616
3482
3614
6455
707
2208
-7916
-6764
6504
1002
811
-1767
-4735
-8276
-3290
-859
7820
3623
-8013
-7024
-1042
3930
2172
6958
2437
5651
-8781
-4442
-2288
-9583
6515
7726
8935
9523
-84
-8028
-9553
6676
7600
-4250
-2235
3856
-6419
4539
547
-2124
-4954
1842
4945
2056
-5972
-726
1161
9592
-1271
-738
-3111
6873
6966
4233
-3852
9424
333
2251
-7585
9982
7371
4774
-1903
3742
4336
-4536
-2875
-2538
7349
5302
-4497
7366
-7740
8220
-3535
-5971
-75
202
2424
4545
-1691
-9137
5386
2131
-53
-9051
1917
1361
654
-4860
961
4440
842
2050
1391
-4883
-1669
5472
1024
-3205
-9935
6291
-7309
6174
-6017
-1891
4461
4374
2379
6086
-2165
-3894
-4545
-9153
2850
9977
3221
3046
-8397
-3525
7983
6573
-2292
-3493
4208
4582
-510
-509
9240
-4420
7775
3201
688
-2242
-7070
-5683
-1722
1042
621
7820
-4086
-2731
-4951
-9789
-7667
7890
-7217
-4279
-6139
7824
-3664
-1206
-8371
2217
1595
-9154
-5815
-3247
2134
3480
3457
-5237
-3626
4943
8883
2892
8888
-6083
-2925
-4526
-781
177
-4971
-100
7738
-8895
-3892
9995
-7129
4301
-8443
5291
-4926
-265
-1716
5625
5053
-1845
3838
-4595
-7950
1628
-4072
2414
6835
170
4062
5542
313
-7671
6274
3237
-8299
1882
1086
-2853
-981
-9424
-8851
4236
465
4300
8200
1387
3553
-8103
-6403
2774
8544
-2624
7635
3992
777
-7259
-4007
-5011
-1619
-9371
-3387
-6228
1380
9640
-6549
704
-2869
1386
1716
-4633
269
-6535
4229
9587
6784
1541
2939
8814
-6314
-6722
6885
8229
953
-1328
-8020
8664
138
-841
-3123
-232
7760
4779
-3779
-9198
-8861
-725
-5116
-1848
-9217
6351
-4533
-7650
4937
1177
9108
4469
-3020
3120
-1969
-6983
-3301
-3459
1275
-2976
2265
9539
-5734
3101
-7211
-6636
6318
-6537
9607
-9189
3829
-9070
-2487
-3209
-576
-9972
-7782
8083
8411
-8946
857
-8769
9611
-8360
7716
-3571
-550
-9897
3534
-2510
6107
-609
7120
-4308
9949
7390
6762
3409
-7010
-3842
9985
-5160
-2850
-5844
-3039
-9198
-8951
-2611
112
8689
7564
4275
-1552
1267
1381
-3228
-581
9590
-246
-5358
-2997
5552
7779
8524
-9453
6278
3084
9700
4342
3603
8028
7669
-428
7317
5440
-27
-3654
5389
1284
-8015
-1946
3580
5240
-9647
-7743
-948
-2987
-2212
-4482
7928
8681
9534
5247
8696
-9590
-726
4898
-8019
3232
-3818
9284
-4727
-2732
-1679
5849
1106
7794
8225
6364
-868
-2949
5721
-2507
-8293
9677
9730
-3660
-235
127
-718
116
-1549
-9040
4003
-2175
-5620
2346
-768
2021
-8832
-4138
-8773
-71
-1169
5333
4766
175
8863
3609
-4446
2688
2212
-7186
-6720
-6860
-8070
9528
-6946
-6697
7732
1647
3519
3733
2560
-4127
9482
-75
2220
7735
6839
6020
2796
-7632
-5939
-263
3254
3677
5406
-173
2244
-712
-1193
4282
-7273
-7365
2990
-9864
5331
8481
9009
-8805
8802
5987
5383
3669
1512
3549
588
-3879
-6302
-324
9213
-3650
2262
-6486
3055
978
-2062
-4041
-6562
4752
322
-4292
-3959
-6464
-1839
1675
-9900
443
-3919
8274
7652
-9107
7592
2377
-4810
8384
8960
9274
8980
-4803
4038
-1636
5204
6490
9232
-9235
4888
-6329
4101
-9535
-8951
-4453
-2872
-6514
-737
7511
75
-1705
9177
8211
-7198
-3063
-3245
-8858
-5504
-925
315
-469
-9192
3551
-1786
6911
-3897
8679
-9652
-4406
7862
-4805
-2797
-4635
8751
-579
-7118
9788
-1648
3881
9655
1445
-958
2652
3093
8432
-617
1161
4539
9157
1219
5418
1491
-5143
-3037
7565
6827
-428
6341
782
-1430
3814
5762
-3005
-4010
-310
2227
4092
-4783
8300
6477
-7061
4363
6901
-8167
-4616
-7452
-7776
-739
-6183
-3257
5236
4314
-9786
4176
-4130
3894
1768
1826
769
3336
-9603
969
1336
4806
-6313
1122
3067
-3876
-7938
-7931
9972
-8226
-9493
3470
8007
-3861
-7983
-7967
-2070
5370
-3892
4442
-1969
-606
-990
6365
6590
6472
-8265
8633
-5886
-626
849
-5812
245
-174
-4795
-3032
-866
6761
6287
-6626
-4289
-3579
-5856
9386
-5560
3387
800
-2820
-3796
-3290
1290
1247
4792
-7461
9809
3579
-2319
-1321
-5520
-9383
-5454
-4391
2246
207
-8293
-8898
-5059
-1099
8244
-4500
-1014
-3844
-9067
-829
2970
-6207
763
-7274
-6525
-639
3029
8927
-6649
-1272
-3602
-1881
-9232
9783
8439
-1330
-2945
5536
-6285
5574
2484
-2894
6813
-6837
8085
-9538
6541
5027
8651
586
-6470
-5641
-1910
-1805
-3762
-2089
-7832
-1919
-555
1767
-8262
5078
8702
-6047
5367
2875
-1251
1120
-4900
5178
-9730
6866
-3958
309
-9219
-3760
-3543
-8781
-4812
1853
-3227
-196
4373
5984
-4077
-589
5656
678
1827
4213
9365
209
-537
3935
-9810
-505
133
-5085
-7562
2739
6996
-5308
3574
-2154
-6201
1325
-7776
-8045
9302
-3290
6198
-3727
-1188
456
9437
3345
7705
827
6699
4988
-5711
-1366
1257
-8380
578
7120
1388
-1714
-6537
6328
6487
-8642
-4626
4845
7475
8656
3105
1947
1431
-2634
-9112
6864
-1666
4108
-4416
2069
5125
1517
4681
2788
7678
3901
3527
-6971
2961
-1168
-1621
-710
3037
725
-8915
2931
-2944
4975
3547
3734
-1030
-7706
-9582
-5487
-1591
7415
5625
-2202
5385
470
4627
4971
3902
-3051
4449
-1097
-4758
-5013
-8524
4711
7664
6332
-5926
-9957
9748
513
-609
-733
-2681
8808
-3708
-1369
-5766
5556
1743
5087
9142
-918
-3837
1728
-5707
-5838
2474
-2928
-6518
90
-157
-5569
3476
8874
-6192
7961
9599
-8770
-3661
1587
3617
8081
6420
2138
-4676
-5785
2295
-5009
-6479
-6701
7271
-2891
-4548
-9702
2894
-5940
-1931
-5718
2353
-7207
5199
334
6842
7841
9446
-5519
9155
9107
-1638
4523
5982
-693
6749
-498
8666
-2282
-7993
2396
-9375
5745
-6566
6613
-213
3171
8704
-574
9720
-7128
2130
-1172
8796
-904
5584
-1974
-726
1235
-5786
-7565
3599
-6541
-9471
5721
-8520
-3635
9386
4457
5149
-2627
-2049
7553
7220
-2560
7668
-2622
-4108
-3844
3872
4389
-8507
5944
-8230
2584
9721
-8203
-6644
-8974
5120
-3759
3988
-8708
2838
3400
1289
-6803
8896
-2458
-9002
-27
6227
-9379
-6731
-1027
-4749
-6648
9094
-7790
4687
-5294
-1527
-5933
-618
-3938
-7596
2027
7998
-3257
-7289
6514
-3587
-9402
-5039
-223
8110
4424
7619
1725
-2610
7525
-6672
-9075
5799
8449
4850
7693
-813
-9766
-1719
-3794
8089
3463
-6828
-8240
1732
-4662
7672
-8866
5139
7602
3246
7121
1430
-641
-407
-3879
-7450
617
-2885
7042
9186
-2319
4076
-6653
-1347
5651
223
4824
8329
-5712
7367
352
6660
53
6650
7159
6034
4291
-8807
6919
7467
-7388
8539
-1693
8339
9055
-4504
7572
-1997
212
1345
5927
-7596
1611
3229
4036
-7692
-9840
2104
3952
2960
-4502
-7155
-477
9672
7863
-1884
-8028
-9294
-2701
-2552
-9521
9957
-6217
8805
-5056
3594
-7550
3888
-6542
-8916
7720
7413
358
8209
-1097
-7739
1235
4947
-281
-645
-9409
-6220
-2050
-5008
-247
-4823
5275
-714
307
-9633
7890
-6581
7320
2922
-7161
-8147
576
7568
7861
9397
-3524
-1300
-3638
7299
7018
-8419
-3008
-1419
-9345
-7424
1486
-8993
-5816
-6273
-6654
7824
8182
6717
8661
2564
366
-9363
7900
-8371
-5702
-594
4302
-7129
-4955
-8091
-972
3901
1220
-3312
-7139
7793
1145
5427
-7096
-1908
-543
536
-2013
900
28
-8099
9611
4918
-7345
9961
9858
-3609
-5014
3788
-769
9737
-8357
1862
-9557
6999
6048
2573
-9789
-6966
-4844
2473
3786
3052
-921
3930
7340
4999
933
-4458
-4923
4900
3836
3721
-6957
5139
-2186
-6162
1533
-5479
5356
-4964
757
8704
2156
-4087
-2599
4233
5783
6101
-5744
-5970
-3783
-1579
9163
2047
782
9581
-8956
1822
4287
5226
-9691
-77
6728
-8339
-781
9264
-3999
5225
9437
-6852
-2347
-5872
603
-8759
-1838
5094
-1815
1423
1248
4692
6155
-8944
8695
-4481
-2032
8527
8924
7888
-5941
-9876
-1801
-2728
-8969
9538
-2795
3182
6832
-9238
-4671
-85
-9482
1632
-4571
-4130
5856
7283
2506
-6547
8958
-1264
659
-8288
-4455
6999
-2733
8784
8719
-6875
5898
-735
-585
-5782
-3613
3599
-9073
9222
-9787
7237
1869
-4960
4653
-6998
2232
-6525
-8401
1073
6178
-1172
4573
-6121
-8186
-6660
-5816
5639
-481
-7832
2281
-7658
-9611
5174
-9347
-5149
-3238
-760
-8553
-7256
-5443
1294
3791
9564
9608
-8140
-3611
1070
450
5313
2821
9781
59
-125
808
346
-7071
-8486
-3745
9409
-2348
6984
5242
9458
4790
-3824
4345
-5700
-73
3976
-8510
5454
1332
-7477
-2615
-2187
-6896
4998
2757
-2876
-791
-5836
-1960
-4536
9544
5964
-4716
740
7842
7377
-66
-2302
-6599
-4598
-7514
-8933
8969
-2783
7760
-2249
-1519
-2166
-5431
-4966
4452
-6209
8803
4757
4063
-1023
799
6409
-7745
8977
2447
-4794
145
-8967
6857
229
6468
6881
7122
-3148
7814
5075
-680
-8895
-7377
3359
5383
-3145
8307
-2520
2066
8279
-6427
-1276
3870
3692
2960
-8403
87
4889
-3621
7427
1305
9773
-4351
2716
3986
-4290
-3316
2250
3291
-7326
-8467
-6355
-7163
-7861
-1063
-7238
-816
9867
-4275
-7370
1204
-4772
-3465
-6153
2132
-4130
-3153
7024
-1930
7151
-1135
-2233
8482
-6277
486
-8762
4624
-4343
2884
8708
3706
1519
5092
-2721
5521
8105
3991
423
8957
-8137
-5735
-6137
3085
-4280
-6345
9403
229
-5213
-4943
-7403
-5494
-1454
6077
-6280
5194
-332
-6784
-8439
8016
3219
3031
-3150
2603
379
1913
-9477
-2047
9731
-3987
-2875
618
-8571
3681
944
-69
-8045
-9030
-616
-8905
8738
3533
-3197
-6329
5272
5709
4807
2666
-5054
5000
2012
1474
5194
-5232
5828
8062
8293
-9570
5329
-7788
3421
-9882
7048
-148
759
6669
7963
3013
-4537
-447
-565
-1685
-8741
-8546
9960
-4220
-17
-9101
-6183
-6478
-8536
7004
-1561
-2903
-4222
9680
1373
-5916
8797
4027
-8081
-4886
-8838
1832
-5285
8414
-6050
5278
-7411
-3813
-6112
195
2087
7029
-1922
-9416
1587
-9934
-8893
-2320
8786
-3419
-7646
-6104
-4528
8066
895
8534
9011
-7718
-7691
-9918
-6328
7536
-330
-6901
6553
6943
5740
7723
4426
9412
-4460
82
-5209
8548
9593
5053
8797
-9853
-4173
5526
-106
-5774
1094
-5068
3911
-9519
-422
-7521
-3819
-4466
8927
2315
201
-5161
8979
7290
-2711
617
7694
-9253
2976
-5101
8515
-4537
7451
4205
5135
-4276
-2374
6407
6397
9001
-839
1433
-843
-4688
-4843
4893
780
-8549
-660
-2990
-2649
7217
6501
-9778
1183
2575
-6842
9045
-7609
2114
-8854
5183
-465
-9421
-774
-7277
6911
-3430
4721
3618
4875
6101
-5103
-6745
1158
-1409
4642
292
-5284
3706
2448
9491
-8298
4385
392
-9697
-6909
3326
-4674
7291
5476
2383
576
-5958
-2794
-8150
-1240
2964
-5552
-5950
1463
-193
5441
-4860
-7433
1782
-4169
-2690
3529
-2112
9464
-2858
8556
-3079
8104
6237
5268
9889
-188
35
-2337
-8280
-8418
-1264
5521
-411
-1270
8509
3161
9259
9708
-7309
-2037
-9423
2553
-4106
-1195
5458
-3539
8088
-1351
2843
4735
-9078
1878
1983
-8894
-6601
9848
-4473
986
6759
-2384
-7252
2026
-5708
9896
-4807
-1089
-2232
2528
-1326
-9084
-1959
1629
-265
-7240
2032
-4515
3872
6073
-1295
8616
-2481
7468
-9783
3146
2858
2916
1315
-4111
-1555
-7585
-108
-8509
-1664
-8132
4767
-4197
-5629
7041
-9799
-9807
-4694
-9837
-1104
-7331
-8664
1117
1738
-9055
-8092
7702
6309
7246
-3344
87
5907
-1762
9957
-4442
2826
5739
2200
-4603
-6041
-5655
9029
-4318
1562
-2308
1787
-5494
3870
-3052
3647
2638
-9273
-3626
-7746
-8261
-4849
-2466
7776
-1463
-5644
6881
6643
1785
-7707
-2923
-8320
3712
-3503
-6399
-1892
5745
-9497
-4466
-7918
6536
88
-7457
-4809
9753
-5976
-5330
-9090
8503
-1035
-2080
773
-7329
-8111
-8724
8078
-8484
7615
-3918
6935
-6436
-3576
6085
6931
1696
6706
-4726
-6613
-7801
-1738
-1832
3041
6141
9181
5945
-103
5060
2837
383
2248
106
-3294
3198
5780
-194
-9437
5701
7386
-9713
-1655
9444
948
906
-5214
442
8911
-3947
4077
-4262
-1055
-1196
-3025
799
7434
2426
1482
-2443
-2981
-6000
-6405
-2266
9409
257
7675
2275
-7066
-5206
-4209
3154
-9972
3227
6812
-7057
418
-1522
-364
8810
-3058
4982
7993
-6979
792
9118
-4850
-5716
-9910
1789
-8394
5871
-3380
5466
-9301
-3813
6478
69
5567
-2984
7714
-1672
1899
5599
5859
3903
-2738
4494
2557
3252
7626
-5273
-3528
8135
-1059
-8705
284
2364
8374
-2943
4507
-96
-1589
-9073
-3598
6319
8815
-276
-186
2741
2402
6906
-940
9042
-949
2107
-8596
-9240
9356
2216
-9245
-6740
4799
-7972
3973
3598
5379
-3913
-8269
9070
-9473
8926
5539
7755
2651
-9479
-2092
8454
9960
6622
6204
4775
2672
3702
-2672
-2174
-3
-830
-5389
-2783
3503
-6431
4547
28
7967
8070
2805
-5068
-6653
8303
3787
3859
446
6515
-6403
-6721
5931
29
-2870
5278
2754
-8624
-7807
8582
-7563
5926
-7403
583
8922
-5029
2326
-8373
4260
-5638
6407
-6467
9701
9548
7720
-7019
-4248
3669
-6395
5862
-8247
5871
-1193
9990
-5994
2878
9763
-1196
-5979
-350
125
-2340
9028
-111
2560
-3893
-635
-3479
-9463
511
4466
8368
5775
3429
8962
-6409
2592
-2751
6499
-5804
-8737
-6844
-1904
5788
-739
5335
-1188
-1154
-3064
5901
-9884
2108
9715
-4889
-9753
3556
5722
-7423
-6464
4199
2194
-6198
5365
-971
-2217
-4696
-8006
-1595
9563
-7370
-4144
3896
-7855
7065
-9226
6970
9439
-8839
3194
8852
-990
-3117
8997
3343
6740
4816
-9416
2703
-8583
3895
-1821
1913
8346
5952
1662
9825
9513
8873
-4846
8804
-9086
3544
-3361
-3349
-3534
8363
-3521
1636
-7037
-6609
7012
420
273
-7197
8343
-6602
-7097
9621
8750
-3424
-6069
9717
8372
3663
3429
-3210
-9081
3167
6486
8939
-6896
-3014
8658
8380
9165
6997
6229
-1843
-8132
-806
-3357
-124
7849
-9940
-2542
1246
-4564
-7123
-679
1892
-9913
-2741
-891
-3310
7372
-3066
2569
-4555
-1904
9812
-8796
-9359
1731
5953
-1876
200
4976
-6426
1267
-9242
1297
8566
5936
6811
2681
6030
3076
3020
5638
-5604
8085
4881
-477
8936
-8021
6189
-934
4913
4790
2760
-3857
-7320
-297
5183
5261
8490
9196
-630
8285
-8672
6160
-404
3436
-7181
1656
-7015
-3622
5866
-1921
1299
-6456
5047
2990
9427
-6305
-1568
-4988
8857
-7403
-4648
8747
-8370
6369
-1064
-4260
-1874
2016
-3119
-8665
5963
7955
2097
-238
9165
-3765
1687
-8680
-5350
4283
7831
3577
4719
7515
-7663
2092
4815
-6567
8876
1994
-5225
5638
2380
9258
-6465
9845
-3718
-7681
3650
-3990
2326
-5439
3391
5681
9830
8319
4847
-32
-7227
7039
580
9214
-1022
-8913
6772
7649
2753
85
4445
-5002
-1800
-9877
-5784
2653
8768
681
6039
-5770
-2001
-5963
8492
-7594
2604
8246
-9039
6305
-2065
-1735
-530
9763
-3108
-6427
3323
-349
3535
-5122
-1641
-3240
-8279
5818
4714
7916
7072
-1792
-4231
-77
711
-1671
-1401
4570
2052
2362
7023
-7783
7791
7256
-4205
7568
-9668
-4021
-9887
-4655
-2192
7286
-2517
-9319
-8684
-6453
-9474
9834
-5412
-3039
-4242
-8192
511
-2377
-3793
-3014
-9070
8064
4133
9406
-7990
-445
-9154
-7304
-879
-2755
-9481
6637
-7399
-3418
-5079
-6293
-6740
793
6189
-5955
5882
9874
9532
-1720
-770
410
6472
7697
2436
-862
-9768
-1770
7683
-6468
-6840
4906
5929
-9927
8121
-4397
6850
8126
-8507
595
7261
9804
-1778
2691
-3417
-390
8866
-1434
6223
-7265
3097
7188
-5559
802
2376
2536
1449
514
7957
8193
-3121
8400
5359
-6209
6780
-7802
-2973
9387
-5839
-8648
9738
-2764
-6854
6350
194
-5234
-4384
6581
-4098
5568
9959
-7763
2335
4418
-7357
-8303
-6573
202
-1973
3847
-1056
9339
-1991
-2447
-8199
-2964
-5392
2638
7187
2831
-2870
2331
-9373
-4765
3845
4211
6153
-6769
-6289
-7970
4730
6045
-5653
5505
6711
7653
7520
-7422
-2423
9159
-2097
-605
6498
-85
1349
-6496
-8757
7394
-6498
-6535
-1064
-8619
-265
-7728
-8408
-4226
-1548
3725
8130
-9279
-1932
433
9784
2766
4008
2898
-3446
87
-6088
9275
-1173
3559
9284
6854
-3021
6984
6778
-4191
-6662
8212
-5046
8327
3257
-8022
-2653
-6383
3076
-7850
-2663
-6237
9056
9742
-9884
-8129
2330
-3289
-2974
-2014
3304
5171
2005
-1103
6687
8819
4163
-9226
9754
9825
2564
-5128
3779
-2855
-8894
4217
9899
9275
1400
-4944
-8595
-2750
-8628
-3811
-7531
4485
-5834
-8108
8121
9994
-1598
-6289
1661
6138
149
1340
-1078
1382
-2312
7240
-7701
9009
-7276
3571
6616
2653
-1269
419
9287
980
1013
-8033
952
1725
1857
664
1692
5548
6387
-3722
133
1515
-3552
5204
5242
2583
9200
4580
3739
9957
7005
8055
-5388
4879
7100
4042
-5663
-1740
-5956
-7748
1096
5132
5011
-9599
-6395
-5493
-8483
-8559
-2822
6092
5801
-5523
-1516
-7613
-13
-2286
40
-7429
-2717
826
-1865
7720
1025
1430
3738
-6671
648
4815
-1677
-9343
9392
1212
-6594
-4239
184
-8255
-8942
-7059
-2226
-296
-4354
-6358
-8403
-1283
5007
-2761
-6448
406
7069
-6415
3710
-3388
-6256
-4214
265
5228
2504
2884
41
-2215
-9228
-3207
-5758
-6313
-2969
-8875
-163
118
-8477
-9497
7261
4533
-3621
-7112
8143
-9103
8143
-6695
3579
3968
-3920
190
-7154
8622
253
-7571
9962
-1227
-6271
1250
8081
554
-795
5675
4761
-8398
1032
5393
9848
9373
8949
9775
-8692
-6620
-3844
9462
1794
3398
-4416
1725
7938
-7945
-4010
3154
-2194
1312
3827
-8816
-3292
-752
1923
8301
-8614
-24
5005
1216
1560
-9696
-3972
5049
-2304
-7405
8830
7739
9820
-6580
4153
3657
8486
7997
6858
-4885
7182
-2756
-512
-7256
-7470
1873
-1073
-3835
9221
-8470
-6403
6498
5227
2173
1125
-8451
-7765
-9706
7979
2729
-8956
7263
-6605
-2977
9320
867
3735
-325
-1529
-944
2621
1033
-5814
-9664
41
-5500
-5141
8268
5040
-6304
9000
-2581
881
-1944
2008
-6619
6347
5280
6521
-8149
4476
-6471
8228
7276
-6961
-3079
-2703
-9163
6760
4097
-1393
1512
9848
1117
-6346
9008
9648
5781
6353
-721
-1613
-9574
-8506
-3597
3481
1789
-8591
5664
533
2534
112
-557
9745
-4202
4882
3125
-3244
5439
-6338
-9683
2012
304
7574
-6756
-5920
-2579
-8440
205
782
-3221
6435
-5137
-3089
6659
-2910
-2660
7683
-2038
-6077
-1962
-3667
6144
-7619
-6086
8266
4794
-9709
-5813
-3737
2995
2829
-5392
-4509
-1606
9407
-526
-9688
7182
-8075
-8286
-1915
6449
955
8005
-2441
6495
-2111
9542
6604
-9372
-5410
-2890
6902
9135
9901
-2511
1328
-5503
-8732
-8301
8784
-9437
-8064
9306
578
4625
-4418
2781
5612
-5657
-4346
-486
-4996
2515
-6710
-5768
7830
-7967
2712
155
8825
-4717
-8566
6653
4756
6143
-8197
7868
-7872
1418
2510
8200
8146
3170
8368
-9782
4159
8838
8821
6722
5502
-6582
8646
7329
4229
-113
5284
-9062
3879
6216
-5085
-687
-7251
6103
2384
-6188
-2952
9015
-5392
-4689
-3965
8176
-3964
196
-6888
3964
-337
-7180
9777
8297
7062
5790
-8921
-9342
-5849
9831
339
-5734
3840
7966
-6302
-1802
7355
2520
-1156
8639
-8687
9019
490
-474
-1612
-791
-643
-3442
-368
2026
913
4146
-5810
1576
7878
-547
4313
-3788
2332
1564
7061
8648
909
-4170
-6988
3187
-8806
-2308
-7804
7803
-7753
-183
-6655
7050
-2470
9760
5105
4929
-7492
-3503
-4544
4541
-3930
92
-2481
9592
4460
-538
-3999
-9060
9809
-1498
8354
-5972
-8359
155
6171
-6297
8835
-8974
405
4187
7294
-6196
-5440
9894
-8816
-3965
-2314
6349
1016
5028
-5501
-2845
5385
977
416
-6420
9444
3459
9438
-7180
2000
4987
-388
4102
-6735
4272
-6882
7509
-2705
-3799
6724
1694
-5550
-8701
-1222
-9190
-7547
158
-5462
-4942
-6347
-80
9355
-7815
3979
3710
-7672
770
5628
-5664
2241
-2031
-6889
-4793
6528
-8626
-8424
-1509
-544
7038
652
6200
-4771
-9614
-4604
352
674
-5584
6514
5503
8595
2956
-380
78
7080
-3931
-3875
7511
-667
-4494
6682
-1602
-2487
-1562
-2532
1676
4996
1474
-4549
-7028
-6272
-7344
5491
4325
-736
8437
9122
9716
-2245
-6303
-8446
-1897
1069
-7250
-2318
-9092
4392
2581
-9331
5956
721
1815
-774
4891
-7910
-6279
7309
-7617
-4984
4434
-1910
-2770
-6508
-7839
-9956
-1352
6772
-2768
3687
3173
-9995
2421
6640
-6525
4166
3135
-7016
-3045
-4152
-1677
8265
-9112
-3969
5899
9390
-1935
525
-8073
-3748
6261
-8886
-2425
-9922
6947
8333
-4638
4648
4174
-9268
369
3481
-8989
91
9450
-1213
5661
-3331
-9029
-920
2897
9391
-4656
-3653
-754
2273
-3051
-9307
-3824
-9295
8175
4960
-8418
-9159
8360
376
4491
9040
-1264
-2643
4150
-8800
7199
-5602
9928
4430
-4439
1652
1979
-9830
2253
-437
-8108
5511
8017
2294
-4183
-3276
1677
-5553
-5363
-2811
-8462
3280
-3244
929
554
1122
-7743
-1869
-5571
8349
7662
5206
2964
9134
-7632
7666
-5699
8802
-9043
-4349
-164
-4926
-684
-8549
8987
9243
1750
8758
-5370
6181
-4912
2537
8810
4308
-3100
2613
-356
-4072
7690
-6886
-2225
2689
-2615
-7294
832
-8202
-1542
-7714
-9728
5868
-2003
48
-7343
-3091
-1393
5992
5459
-8403
-2753
-2424
8435
3478
-2924
5189
-2661
8330
4572
8564
3177
-3717
9405
2272
387
-9340
-2664
-7223
-9458
-151
-4989
7610
4989
2116
-9615
-3017
6581
7471
9749
8489
-8967
502
1840
-8728
-8721
-2432
-2586
873
-3321
-9399
864
8777
308
3071
-443
4634
-9616
-1350
-3405
-45
-7837
2475
5379
960
1658
5196
-7507
9521
3015
-6046
6215
9249
4789
-2279
6532
-4058
-5294
-2018
8761
-9221
9701
7874
-5846
-7298
8952
2997
-8458
2186
-9483
4081
-33
4983
-6366
7420
-3956
5530
-7752
22
1699
-5250
-5365
6774
-1667
-7668
2937
4405
4049
-8872
-8076
4337
-9263
9335
8590
-3614
-6378
5865
5334
5598
505
2688
-5473
-3015
6190
9916
9912
-2130
1498
-9787
-6964
3144
1697
-3741
-4403
446
-7151
5811
3202
-1052
-3863
-7969
9153
-2382
-4512
4036
-4238
7226
3233
-321
-2929
-7043
1882
-8705
-9030
-1014
926
1439
8219
4744
5809
-9809
-8422
5449
2867
6902
-9276
6417
-4048
8069
6129
95
-3675
1299
-2913
-9691
-5668
4621
4043
-6341
1614
-8712
-1571
6773
428
8272
-3158
-4508
-2192
9592
7296
-3495
-8144
-8921
-4154
-9309
-1463
-6627
7446
1418
2215
2205
4434
1532
-8834
1320
-6830
4769
2352
8880
-2056
1691
-9783
-2985
-2361
-9308
222
8511
1049
-6517
-5645
1884
4659
-9631
65
-9436
-5700
6642
5095
-8401
-3211
-8699
7706
7083
8203
-8758
-9735
1563
-3585
-5036
-5706
7822
4691
-7515
834
-3858
6783
1530
3525
8190
-5784
-5530
8350
-322
5905
5165
573
-4439
6887
7013
-9436
-6214
-4135
-9682
-9573
-6756
-8588
2995
-3796
1155
2775
-2315
3609
-1559
9677
9167
5856
-828
-1423
-7516
-1964
-1883
370
1740
-7431
-2847
-2681
-8260
-69
7083
-1859
1533
1450
-4766
-9965
2270
-8571
9657
2297
-9664
8805
-2031
3833
9248
3437
-7499
9306
3511
-8601
-5149
-6874
4707
-7415
-3157
-4320
9052
7884
9579
9134
113
8535
267
8526
1761
5631
6715
-7735
901
7520
3169
-769
1155
-3989
-9986
1893
1410
1201
-5729
-7201
8978
-8378
1545
4023
-5443
1049
8463
8083
-1608
-592
-5330
-6054
9070
6579
-8947
2162
-678
7188
8845
2473
-811
6544
3109
8811
1968
-8638
-5585
-9123
-7342
-731
3614
3558
-3037
-4173
6841
-976
-3418
1441
-3244
8251
8581
1615
480
821
-3483
3111
-4639
-2171
-350
1999
811
7557
4037
3730
-3031
-6074
-6639
553
8075
3982
-5390
-5181
-3085
-176
4668
-4944
-7280
-9643
-3748
4311
583
-7628
6310
1506
8680
-394
-5284
7831
-6070
-4776
-5638
4528
5115
669
2545
6564
8110
-2714
-406
-257
6575
-4335
9019
-8560
-4689
-6298
5984
9989
-52
7670
-6998
-8343
4051
-9466
-3089
-1400
-9810
-13
6357
7300
-1334
887
9419
2592
-3419
-9585
8596
3417
-3807
-3647
1863
-1618
-7510
1167
-2471
3135
8025
6598
-8247
1058
8505
8571
-4463
-7218
7041
4530
-7259
1607
9408
7935
-1581
-1670
533
-2683
2983
5288
4030
475
-7833
5063
8590
-9568
6706
-4256
-1488
-9947
-7891
-4460
2664
7645
-4117
821
8769
7394
-2130
5534
8505
-5595
-7303
-1520
9423
4975
48
3391
-6180
7712
9298
-3286
-8784
-8343
-9108
9255
-906
-6936
6939
-8521
-902
-7773
-6004
2838
-7286
-694
-6620
1390
-2980
9663
-3091
1543
-5822
-6578
-4447
-5158
-3969
-3135
-7430
2632
-6063
-419
-5511
-7122
-8633
2823
-9034
4639
7286
-2706
-4117
-7001
-2626
7851
-1440
8660
-3278
3853
2110
2342
-4775
9457
6117
-4054
-5580
4248
-1622
6870
-9641
-6606
-1379
-1373
-6309
-4231
2593
5634
9181
-5003
4214
-7287
6763
-6430
4501
5406
5582
-1040
1268
-3383
-6605
585
-109
-7950
-5926
1289
-5273
4945
309
-1823
7947
-2288
-9977
9699
1017
-7691
-9918
6839
-2966
4127
-2370
-2007
-7403
-7585
-4467
5686
-6712
7707
-5681
4523
7935
-3897
-2272
826
-449
7822
-3864
-2356
-8580
2541
-4221
-1586
-9609
-1188
5013
-1871
4876
2935
4976
7896
7410
7432
-1575
7041
4858
-2936
3341
6691
4629
5579
6447
5606
3299
-6858
8196
-7597
9090
634
-1919
4244
-5117
-3583
-1717
2301
998
-8247
-9432
9763
4805
-9220
-6448
-5586
8534
8296
-2782
-5476
-8872
65
-6944
3862
4443
7723
5863
6773
4658
5456
6431
4450
3781
-4068
4793
-166
2371
-9916
-4680
-1256
-4024
-3594
7979
1081
-5917
-4844
-9489
-8071
-255
-235
954
3229
-3759
-164
-6614
-2335
-7710
-6515
-663
-8395
-4430
8669
9498
-7937
-4337
2896
3647
-2987
6545
3559
-6462
2966
359
-6501
-185
-2501
8339
-7941
6780
-306
3793
-8349
5678
5707
-385
3950
1011
1354
-8730
-8225
-8676
-9827
3604
-9974
-6067
1862
7528
9593
-3407
-1073
2324
-6251
8264
-509
8582
-9410
6104
-5094
-8471
-3242
2325
-8627
-1564
-4702
-6025
92
4454
-3299
3989
-9568
1573
-5548
-7013
7509
-945
-9375
-4912
-9430
-4135
-5652
6779
-3870
5839
6682
3250
5412
-8078
-5495
-9180
9824
-835
3141
-8157
-921
-6067
-2617
-898
-247
-2826
-616
-3548
8716
274
-4223
9554
-7665
-6432
-5725
768
6118
-9286
3348
-5774
-5404
7444
9261
-2904
-6701
3673
-2347
-5936
4072
54
-1338
-1197
5911
2919
-4936
-9299
5001
-4408
1154
3221
-3366
-1997
4470
-8565
813
1537
-7219
8238
-9981
-2388
-8153
-6707
3287
3648
4541
-8014
-1048
2127
8964
1233
-5344
-6954
4976
-5087
780
9075
3657
6140
-4604
445
1040
-4462
-3054
-4996
9260
-3080
-5419
-1104
-5979
-8625
6327
582
6202
-4000
-9908
-3637
-930
-1183
8193
4915
-4591
-1806
-3265
9136
249
-3810
6638
8531
4381
-1308
-1509
9973
-7602
-6577
8828
-6313
-1958
7700
9712
1676
-6764
3081
-7248
-3089
1956
-9657
-4402
-4182
4712
1507
6585
3772
-3305
9226
9155
-9288
-8037
-1553
4998
-3822
-1432
7569
-2008
6041
-3178
-333
2702
-9618
-6046
6465
203
-5298
-5482
5784
8247
3099
775
-5947
9990
4271
8968
-9779
-461
6157
-3561
-3628
-141
-7259
-8814
-8014
-9490
-2282
3118
7649
-9924
8515
7621
-4152
-2283
-9050
2855
-4459
7359
-889
-5666
5195
2874
6837
6439
-1177
743
-7084
-7047
-9735
9055
-8038
-1187
1097
-9427
8573
5237
-6993
-4064
-5747
3299
-9930
-2619
-1205
7026
7543
6482
-1247
669
7279
2697
-444
1502
7988
-6766
-7778
5040
575
-6717
2975
8633
-890
-3909
-3356
1344
2842
-4599
1588
2368
9161
9840
777
-7205
2702
9782
2751
-6054
9787
-7071
3525
-5032
2061
-8181
-6475
-7557
7123
-4186
-2682
9329
6276
644
-796
5574
5982
5151
-5092
-3011
-3227
8615
-6804
7158
-6569
-5047
9760
-5790
1341
5265
2488
1584
-9766
3090
6040
-9587
-9922
7431
9339
-99
4239
-2832
9933
-9257
2375
-8373
5615
9215
-6793
1229
8042
2933
-1185
8362
-3598
-7278
-7213
2528
3267
2148
-3761
-2975
6054
-2686
-8486
3838
-3939
6439
661
7560
-4780
-1794
-8807
-4512
-5848
-6720
8873
-8611
8622
3124
1745
1108
9894
-735
-7837
-5554
1297
-8071
-8196
-6015
-2278
1728
3220
-1880
-6732
-6998
9693
-3636
-9894
3112
9973
7322
-4640
6063
-4074
-4438
-1065
-6099
8851
9496
2932
-3367
-6406
-5689
-6565
-4625
-3391
-7259
-2594
1807
-5072
5969
2845
2561
4160
-644
6608
-579
2622
-6376
-4927
631
9033
-2130
608
-2865
2635
-1407
-6992
-2327
-109
9591
6995
672
-3662
-7867
1934
-532
8743
-4941
6301
-3507
-7288
-6767
-2583
-8002
-6345
6949
6741
-5153
5518
-5482
7221
7657
-6879
-1734
7873
-3477
2104
-8345
-7446
8824
1204
1975
-818
-1293
5953
-974
699
3794
6182
-3919
-5187
-2491
-9991
-5210
-8468
-8212
7781
-4109
8155
2236
6552
4147
-8994
9042
-7178
-6568
-1963
-6978
2654
-6331
-7225
1643
-5729
-6230
-9535
6206
4352
-8690
1987
8989
7599
-469
-7533
-8316
-839
2876
-9390
4866
387
-890
-7051
3815
2565
-7595
5407
-3284
7082
7156
1538
-2496
-8645
-3604
-6780
5670
6413
4262
4441
9507
3672
-693
8950
71
-8571
-7681
211
1889
6483
6909
7193
1716
-8298
4659
5313
-2358
8479
4088
3737
-4014
-876
2743
3745
-8109
9120
9280
-5244
-9915
-3745
-4958
6547
-7569
3
-9368
-1361
3260
-3822
408
-1523
-7632
7371
-9661
-7437
18
-8889
3261
-6604
665
2358
-3722
-6811
-2215
-9126
5074
-3832
3564
-164
2976
1357
-847
6052
7978
-4994
-381
-9292
-3949
7885
2844
1450
-4009
-6608
1998
-1275
7578
6674
4830
4875
6851
-8871
-6683
-2673
-5401
3413
-1816
5967
2124
-4427
-4889
6012
3460
-4766
-193
3684
-203
-7573
-6645
9704
3626
-6327
-2345
8760
1397
-8642
-4266
-8876
7121
-2939
-3592
-4103
-1772
-1257
5211
8530
7859
-1270
2880
5243
7161
-1223
9078
617
1797
-1931
-9623
-1830
-1507
-4276
7548
2510
6755
-1623
7461
952
-6161
7822
-8077
2637
7494
3575
-4028
3188
-1337
-778
-6301
-8453
-2784
-5423
-3047
5030
4040
2976
3266
1011
-2579
9122
-1968
-2719
37
-750
-71
3417
-4961
2761
-3223
-318
-659
-3088
6553
9742
-6823
5473
5087
-8061
9055
1568
-5841
5959
-8109
7817
5437
9125
-9049
9571
5230
-3830
893
419
458
2591
8214
-6722
4600
8845
4875
-4739
-6100
832
8242
8245
-4700
3172
-2812
-5918
1664
-5065
-5857
-4694
2454
3338
8162
-8438
-4340
2186
-3114
285
1123
-8524
-6931
-5923
6496
7737
2746
2707
2806
3170
-4128
3319
-7398
7017
8845
-5644
7512
-9929
-5642
-2998
-3342
-7995
-7027
-5142
-6592
-770
-5285
7944
6364
-7336
-3440
-1367
7315
-8613
-1188
2936
2909
8771
-8431
328
-7096
-341
-3709
-5146
-8664
7241
2330
5890
-5504
-7622
-943
2065
4944
2169
-7481
-9323
7074
4471
3735
9916
3560
-5716
1136
7750
9695
6514
3504
103
9285
-600
-6091
-7653
-663
-5552
7475
-7748
9662
2865
-3820
8145
7205
2315
-1976
1573
-1928
2141
-5553
1642
-1327
-7397
465
-4393
-6121
2513
-1274
8555
-5820
1633
4207
7666
3768
-6294
-91
3779
-6180
-7020
4679
6187
-9656
3970
-6616
-7114
-3359
2209
9093
858
8913
6885
-1246
-3174
4135
2410
-5569
7768
1320
-9301
3588
-9947
-1043
-4781
-8550
3875
7755
4452
-3700
655
-1832
1056
7183
-800
-7454
-3954
4395
-9774
-1099
-1388
-9091
-9534
-3981
-7754
-7051
-4542
4712
1952
1497
5747
9854
2575
3978
3120
1326
5117
2899
-1333
1776
-2651
-8088
-9867
-9682
7309
-6560
5082
6187
-474
2095
-1824
-5205
376
3192
6115
-3058
-5377
-3765
3434
-1607
4076
8253
-2290
-8854
-9479
-1390
4565
8484
6193
2080
3162
-6783
-7551
-4847
-4248
-1199
-5372
-9485
8189
918
-1638
-2180
-8870
8794
8152
-8845
-1261
3955
1114
2975
-3950
-3667
2851
-2651
-5757
4924
-3890
6839
5149
-6066
-2614
7910
5268
3083
4815
-5048
1314
-9629
-6954
2815
9048
-2684
-4092
5443
-9040
1024
4003
8415
262
-6544
-1473
1037
-2778
6403
1508
1365
7141
1231
2248
-7654
-703
-9901
-4531
7602
-5116
7557
-2935
-3590
5580
3477
8346
5355
-5896
-9614
4385
-1843
5290
1231
369
9318
8219
-7753
-8394
-4106
-6305
-9521
5452
3786
-2800
-6358
-5705
-6338
-8387
4441
-9050
-6093
-7390
-6982
-9392
-6281
6290
-6131
-5439
786
-7827
-1945
2496
-3594
9043
-5514
-4484
-1696
-7159
-8861
-1621
-5794
-7339
-6156
-3144
-2276
-319
590
-7624
2666
-2773
-3202
5804
-3402
-2487
-464
2305
-875
6195
-4321
2516
-3961
-9082
1777
2191
8585
-7024
9718
-5618
8342
-8231
-4467
3419
4037
-4398
5315
9735
-4939
-1416
2319
-7721
-1939
5809
-574
-3586
-5123
-2333
-686
-9928
-9667
1238
9156
9042
2077
-9618
-1393
-1823
-6738
2305
5087
-8931
-4410
-4385
7006
-2390
-6159
801
-9720
4133
6776
-8271
-8252
8540
-9174
-6
5325
7446
5651
-7217
6273
1265
3258
-5869
4477
-3049
3572
4054
2521
2378
872
6099
218
9014
6919
-53
-1440
8994
-5362
7653
-3257
5328
3214
-7738
2778
6246
-8464
9753
-8746
-8758
-165
-2568
-2612
4348
1859
4554
-2693
603
2770
5826
2480
6050
1832
-1408
-8784
-3564
8723
-4429
-6928
-2306
-6424
-6954
-672
4787
-6136
3873
5122
-5564
9739
-761
7129
6311
4696
-3033
7952
5324
-819
-3810
-1395
6225
6703
1345
-7882
7251
-7313
198
6285
5783
2368
-3127
-4675
510
8722
-745
-3402
-1074
6760
336
-8473
9185
-5597
-6356
6075
-1101
-3897
-323
-6385
-1535
4686
-2346
-3896
-5252
4666
9585
9719
2833
-2582
5058
-668
7786
-7769
-3429
7915
-2194
-6141
-3755
9163
3952
1728
107
-8597
7272
-6514
-2546
-9504
93
8665
-9600
9502
7586
-7139
-4980
-7455
-6700
-535
7610
3944
-3136
-9253
-1511
-2493
1475
-3876
912
-2843
-24
6303
6158
6551
9404
1410
8554
3859
7750
2319
8638
-4371
-5166
5191
7886
-2398
304
-3199
8537
-8312
-9858
-6799
-2866
-4119
-4271
-4059
-6321
-2089
-4668
2515
-9478
6385
-3266
922
7171
4013
2353
901
-4619
-3097
-8880
-9672
956
-3563
-8523
-8296
7191
-6799
254
-1737
-3012
-6738
9338
-8025
-1804
-9603
390
692
-7441
-514
-4409
8518
-5230
1985
-5257
-8679
-2013
-4913
8939
2610
8103
8089
6776
-7093
1354
128
-7508
-4493
1201
8034
5410
-682
1881
7504
-9233
-5296
-5915
4189
6370
1545
-8336
3673
-3743
645
5260
-7491
9099
9182
-3579
7532
6559
3569
3043
2845
-8063
7902
-2349
3617
-3482
8267
9733
6789
4503
-6355
-9647
1125
-4688
-6666
-4445
6338
-1192
7128
-50
8053
9335
-110
1249
-9450
5485
-4722
1471
-5062
2537
4654
6694
-8070
6142
-6832
2912
8637
-3468
-9059
6004
-7067
2232
3269
8360
-4148
-4936
6146
6998
-9383
-971
-6790
-8830
-2820
4270
-6228
-2263
-3664
-8742
-9273
-2352
2270
-2918
-7927
-9711
-9770
-6483
3957
4326
-5049
4761
5027
-8958
-5179
4963
9913
394
2548
3894
9156
5201
9683
6156
6216
7659
-7707
-9622
7884
4265
-8956
-9957
-8879
312
6089
7651
93
-2172
178
8811
5536
-6161
-6411
5987
8416
7922
-1073
4108
-2482
-5066
9033
-268
8971
-8463
6065
4643
434
-2874
6297
-6325
-2999
-459
-1829
9814
-9385
4462
2947
2651
-6254
9166
5944
-9969
3384
5134
5141
-1223
632
-2762
-2971
-4901
-4682
-3143
8074
2359
-1395
-7369
2855
4040
8880
-7650
1870
-3516
-7546
-6701
-7372
3977
5777
-8065
5267
-9719
8260
8480
8107
-955
2312
-334
7534
3594
-3473
-3325
-6937
-949
6434
6295
4296
8063
656
4005
7095
7704
-5981
2974
-9071
5270
5830
-6539
7506
280
3197
9490
-2482
2531
9209
9736
1313
4871
-5020
-6617
-8566
1287
9851
3217
3425
-4839
666
1006
1903
-1767
5677
-6904
4631
-4854
-8643
4061
16
7112
-4268
-4670
-87
-2326
-2914
3204
2627
-7467
1702
-7604
7317
9078
-7619
8510
8945
-3865
1224
-4923
1682
5515
4276
9052
-4914
9479
-8253
-3718
2307
3539
-4010
-5687
3898
-7063
-8079
-4912
375
3033
8169
5426
-5407
4138
3355
3365
-3185
-2770
-6988
-7664
-2444
9250
7762
-747
5023
5603
-7066
-5635
-127
-9348
-7206
-3202
-6560
6478
-2798
-8221
-7185
-2883
-4829
9960
-7859
8752
5936
6141
8878
-6203
-4310
8137
-7477
-4195
2734
6173
8035
-4238
9556
-2170
-1353
-7743
-8553
-3230
6426
-2745
-2085
2161
-8761
4371
-4875
-3574
-2385
-1764
-9680
3033
2215
-7355
-790
-6846
9026
7247
7112
-1434
-4265
-8187
-3660
613
5292
-9173
-6818
6901
-688
-8232
7891
-9133
1112
-6553
-9107
-4771
7081
4312
6282
8248
581
5307
1344
8278
-7107
-2562
-7493
-5505
-6849
-1147
-8047
3399
714
-7121
-5071
-5410
6668
-2188
2008
-7931
1271
-3137
735
-628
-1734
5995
9731
-6551
-4776
26
-3302
-6309
-1317
4889
9988
5519
-906
-3766
7594
1826
5956
8483
1314
-8520
9418
5637
-6624
2776
-7151
-7540
-2544
-453
8240
-7879
6068
8150
1216
-8161
-9879
-6919
-7484
1021
997
917
-6268
-7455
-7537
5622
-5881
-7649
-8271
-3793
9697
1014
-2614
204
7208
7030
-5516
7082
5301
9775
-9233
-9314
5293
4041
-1109
3083
-3255
4302
-8901
7211
5888
4081
8240
-4977
-4697
8304
6560
3337
-8130
7635
-9565
-4258
-8256
9618
3688
5361
2028
9332
8694
384
7125
1936
-8086
3654
-6483
-3966
-5729
-2867
4972
7485
8951
5084
-9610
2771
-3644
4676
6439
-7606
6779
5858
3069
3831
2895
9098
-7598
-8063
-8558
1520
1228
2239
1661
8597
4663
5749
5980
1600
7186
4301
6211
-3345
8699
4264
-1328
-5213
818
-7723
-2998
3380
3779
3108
-6720
2025
-4846
8814
2300
-3027
563
1452
-8823
-706
-5451
-4956
986
-4927
-9613
-287
8341
2225
-4238
9067
6875
-6975
2751
5253
2572
3499
1799
8294
-1620
-2087
-9396
-4096
-6010
508
-808
407
-4071
6734
2895
-9141
-7357
-7206
-2163
-8968
7293
-7070
-1952
-333
-2463
6798
-6699
-1375
-7774
8340
-4056
1296
5440
-6062
6159
5901
398
7007
7305
2913
-3891
-7732
4363
1418
4860
9807
7256
-6504
-1894
1049
8403
8559
7607
274
-3842
-6843
-4488
6617
5598
-1001
332
2778
2957
7556
7405
-6227
-7564
9936
862
-1174
-5260
1553
-7275
8848
3129
3762
5180
4609
-2678
-1524
4401
5005
276
-8648
-9763
4729
9915
5229
-3919
1328
-8973
-3676
1069
-4848
5905
-7096
-278
-1678
1359
-5651
1313
7753
664
2843
-843
4876
6210
9354
-306
-7582
7221
423
-9788
1436
5107
9837
-370
9145
-3995
-5755
1984
4797
-1838
9953
-2301
3978
2755
-8920
3669
2227
1029
609
7742
-1058
5650
5140
2255
8755
6519
-1551
2684
-1359
6356
424
5798
-5848
-4347
4036
9809
3467
3550
-4503
-1208
6005
5979
834
5632
-6614
-9965
7828
1629
-7579
7036
-8306
2172
6322
3019
7389
3474
-9427
1351
3065
6511
-480
4656
5520
736
-1759
-2991
5877
454
8538
-1223
-4551
-5846
-169
3056
9490
-9957
4226
5432
9957
6210
-3001
-974
-21
4976
-503
1906
7353
7478
4451
578
-6072
9098
-837
1380
1289
1541
7543
5930
8791
-999
-8413
-6407
-5662
-4972
3574
6126
1806
-1304
-823
2822
9657
5306
-635
-1852
5061
5715
-5211
-9298
-2547
394
-5351
579
-9704
-8841
3548
1117
8757
-8643
-9383
2424
-8102
-8457
321
7437
6507
6345
7374
3800
2061
7122
-2925
9468
-3671
-3587
78
3532
-2373
4176
-2652
-3009
-5575
-4943
-3465
-6643
-6793
8634
7585
-5080
3647
-7874
1388
8792
9970
7329
5037
1986
877
435
-5458
-383
9119
-4290
7592
-8385
-2774
-9054
-2066
1651
-9235
6538
5535
-624
-4468
1576
4372
6070
-3242
2837
7114
5898
-931
-9965
-6755
5536
-4189
-575
-8600
-4693
4838
-8307
-8366
-4679
8720
-8706
-1377
-7585
-8025
8762
2211
3636
-146
-7679
-8074
7818
-6474
9863
7693
-3185
5
-7995
-369
7596
-2841
6630
3160
-5030
-1855
-4616
-2497
9210
5512
-9883
-7837
9050
2819
-827
1214
3709
4104
6334
2814
8148
9652
8962
-615
5289
8379
9443
-6796
8545
-7163
6239
-1757
372
-4282
9969
3249
6080
1335
-6653
-7067
-922
-8144
8759
-5756
-550
-6073
1676
6265
9050
-3382
-538
993
-160
-7901
9220
-6079
8669
-1369
318
-4346
-3190
6094
-3177
5349
-1804
-2772
-7982
-2302
-6046
2956
8313
-4296
6493
4989
8975
-8217
3321
-5029
9688
-2202
6277
-9029
-2447
-1387
-2643
5094
-7567
480
2961
4147
7827
1827
-138
-223
5064
-2749
-5157
1381
6765
4081
374
1374
-3456
-4888
-9416
-2651
553
-4751
-7040
-2190
7570
-8105
2335
-2292
-9202
7965
-4703
4407
-8126
-3168
-4647
3207
2825
-1802
8851
720
-5088
224
-513
2204
-9776
-6683
-1106
-2583
-8672
-1218
-803
3159
-2654
-6534
-7935
-5902
-7072
6062
8272
-5884
6090
-1384
5230
-7373
-8506
336
-265
1176
9748
4852
-5334
3416
-8841
3000
6153
-3971
6063
-2952
5839
-1217
-690
6444
2867
-9670
-7722
8772
5970
7033
-343
6955
8304
2133
-8948
-1499
-243
5733
-6696
-4623
3493
-3068
-19
4813
1339
3042
6022
-3079
-5046
1255
-4699
7938
3715
5913
-4557
5353
-6078
-2490
-5155
9885
-3922
5658
7749
-6828
8748
8992
2005
5038
6645
4409
-102
-5542
8641
940
1378
9617
9848
-5128
4742
-900
-8148
-4601
6362
-111
-1183
-3419
9602
-6167
-2425
-4917
8809
-394
-9339
5398
-1446
7589
-6199
8603
6679
-1081
-80
-6113
-6687
7616
-4801
9131
-1750
-4867
-8041
1975
-6192
6244
518
4892
-3412
-2211
-3359
2400
-4148
896
1568
-9243
2473
-3264
-5001
9785
2904
-7441
3519
8933
9381
6649
-2700
9952
8573
7297
9514
-2708
8217
1006
368
-2767
-9250
-648
3320
-1091
-744
8699
-3795
29
-4585
1825
9923
8558
5979
9471
6762
8677
9701
4464
9633
-6953
-4864
-1780
702
-4211
7240
4686
5852
-3140
-7323
8194
-1887
-8346
-4998
-4608
-4879
-9958
6584
-100
2131
8366
6782
-9307
6928
-6999
-816
4278
4820
2984
1916
2703
-5504
9806
3567
7217
-7534
8359
3171
3191
7423
-6536
-5884
5582
-1504
8414
-5373
2524
4444
-9172
-8759
-3512
-1010
-2827
2270
-3301
-6627
-1187
-4064
-4954
-5458
3013
4476
-5879
8711
9038
-9406
4264
-9068
7932
-4026
-4453
-614
4266
1529
3938
9840
-7374
-5486
677
-3018
3205
6660
-533
-3367
-3939
-1630
-4120
5872
-8084
5750
-6572
-5578
1783
7603
-5539
718
-7278
7775
2690
-8398
-2287
-5675
7000
-5320
-966
-1860
2830
-4064
8663
-6810
6873
6143
4982
-2726
2999
-7059
-2096
3744
-2733
7383
3885
-6102
7475
4567
7209
790
-831
5530
9646
9286
-6165
-915
-487
-6734
9368
-1325
8989
-8991
8196
327
4077
5573
8433
3444
-1743
-3943
-9739
169
-6867
6587
5771
-4476
-6398
-5289
1771
1581
-7088
-5940
-2565
1787
-5542
9774
312
-5128
868
2129
404
7504
8126
1056
1104
2576
-2328
-7721
-5637
635
