-9720
2634
6718
5408
7868
-1093
-8784
5575
3728
4342
2836
-4612
-5110
-157
3196
8176
8917
3421
3034
-2090
-2305
-8318
-8451
4742
-4955
3221
9474
7132
-1466
4616
-9715
1565
9824
4446
-2763
4706
8747
-7578
8760
9079
-2766
3745
4704
-7833
1671
-6924
9978
-9589
4196
-234
7971
-6801
9176
-9156
-7464
1280
-6049
-4672
1078
-4269
-61
-9201
-3744
2914
2767
6958
2605
8560
-9827
3903
7570
8642
-3317
-8337
5812
3366
2453
-166
3399
-2057
9561
-3746
6925
-7417
309
5659
9732
-732
2830
-6701
-1256
3403
-5377
-8684
-8431
-4823
-4171
-9714
-7855
926
8547
2596
3607
6005
-8123
-1544
-6458
9033
-8426
-6572
-6441
707
6237
-3945
124
-270
-9496
-8716
328
2444
-3198
2232
393
-4605
-207
2118
-3502
-7408
9618
3939
9875
-2009
8760
-4899
7196
-533
-1806
6029
2670
7163
-6564
-17
-321
-612
6260
-8444
772
-3932
4712
-5113
5144
125
-7285
2918
-5919
7824
-2159
-4686
8505
-8914
2919
8342
55
-7217
-1244
1246
-4235
998
2718
9725
-9505
-248
3588
-4995
6687
-2059
6915
-806
-660
-9170
-5303
-1012
-1077
-7816
6951
-9457
-6762
2050
-2479
4497
6245
-2315
8149
-8498
-608
899
6263
-9309
-7257
-2389
-8192
-8708
6762
1182
-6587
8509
8336
3698
-2884
-5309
6465
1044
-3204
-477
5892
8197
-9275
-3667
-8256
-9176
-5069
7938
-5510
9963
2828
3264
-3362
138
-4279
-1568
7974
9185
-4870
-9247
-5907
-9735
-7279
5399
7359
2096
-7624
-9163
2605
9156
-1821
-1640
9230
8247
9248
-435
-2303
-8176
3470
6349
2797
-8528
-139
-8581
-1306
2679
-6565
6977
-6420
7505
8560
9934
-4709
-8108
-6333
-6625
-8562
-6077
7282
8497
-3665
-3882
7287
189
6380
-9535
-5045
9971
-4921
4362
791
-189
1401
-1211
4928
2181
1662
8270
6496
8508
-8648
-3215
8273
7698
8853
-3034
-6600
-2266
-5715
4348
-1958
9468
-1456
-8688
-7947
-8157
8243
-3102
8552
-945
-9737
-1335
6737
3839
6614
3565
-477
-1361
4737
-5358
1555
-8319
-561
-9007
-7542
2836
-6286
-4227
-3897
-1997
-2673
6203
-8792
-6106
6950
6717
-499
-7961
563
6543
2223
-6156
-3066
4529
3125
9832
935
4180
-9933
-8040
-7977
-9806
1505
-6706
2525
8595
-9083
-3424
4411
7791
6560
-365
-1197
5809
118
5391
3976
7948
-5856
3286
-3843
-5822
-3865
-4802
70
808
396
-2485
3592
68
-1786
-7188
8077
9253
-5794
8879
-7366
-312
-3174
-2437
4378
9424
1119
-2483
-9717
-9190
6505
7048
3017
3987
-9507
6690
1826
-2040
5593
-2383
-7927
7918
-897
1358
-7310
-3097
-4040
-8840
231
8527
-1481
5300
-9226
3313
-8425
-9007
-8836
8480
-7657
8920
2067
5267
2228
8649
-1335
-2992
1782
-388
-4802
8832
1907
-2086
6788
-5022
-2304
5516
560
-9610
1368
7685
9760
3122
-1046
-8581
3646
7332
-5515
8567
-1047
-7216
-1657
786
-851
-3292
9782
9093
-6380
8394
-5920
79
8847
-2534
3407
9799
8363
-1508
4513
6076
3396
-293
-7713
3074
-7493
-416
7393
-3111
4665
1285
7285
9025
1702
-2586
3291
-4017
4552
5698
-5078
5725
-2561
8319
6006
7981
4042
-6522
755
-9633
-1031
-8220
8176
-6506
379
-2917
3358
6274
7252
8249
-3973
6155
309
-7351
-7459
-3779
-5321
9890
6014
-520
7686
4224
-8958
8518
8114
540
8121
6060
7047
1995
1529
-5731
-8155
5214
9757
-5662
-8502
-1525
2206
6384
8214
-7249
-6459
829
-6025
6618
4057
1728
-4732
-2120
-1965
-5998
1565
4001
4404
-4316
-5105
3928
7618
-2870
-1844
8573
-1893
8405
-4566
-887
-9658
-6071
8101
-4426
-3674
8254
-9639
641
7141
-6126
4034
-7862
-5686
5183
3914
-8737
-7234
-2179
569
8570
9668
6223
9507
2294
-2893
6737
-3322
-6662
-9957
-9292
-281
7151
7616
9185
-6604
-5589
3472
-2428
9443
-364
5518
-1521
-3279
-6716
4777
9207
-2338
8423
-3336
-3488
1382
3953
2915
4854
-8879
3356
-4097
-3811
7102
-1887
-2471
-8253
-2583
-6046
-418
948
6161
-93
726
-6543
-8961
-6074
-4133
-5581
2088
2217
2592
2318
-1807
3942
-3403
1126
-5858
-3886
-5583
9566
5453
993
-9575
3144
577
5338
-9488
5950
1708
-2216
1542
8842
-5631
9699
-8810
314
7770
4703
-8717
-8577
-3815
653
-1436
-2713
-7626
6824
630
-5778
694
3271
7497
-4537
3187
8328
2885
-9706
7416
-6144
-5975
-6002
1763
4773
6571
-9622
-4117
-5653
-4666
3846
-1124
6352
-1606
7305
-7591
635
2595
3286
3923
8852
3998
-4220
-7064
5278
-1594
3892
-1991
-8440
5552
-442
9291
-8906
-4297
-587
1817
-4283
-379
-651
-8507
-5526
6550
-9901
-4631
8480
-5067
9166
-8823
4743
5364
9060
-197
7339
999
3378
-3497
-2816
9010
-3677
8051
-1386
-9537
-6979
-646
3687
8871
-97
-8254
-3341
-2155
8497
302
578
-8863
-6359
-9003
-576
-2930
-5888
-288
-4257
9702
7269
656
-4166
-9159
2298
-3392
122
4864
-9872
-2162
2136
-1229
-7204
575
454
930
-2331
7711
-2781
155
-9391
9539
-9291
7614
8941
-9857
51
-4902
7583
-6178
367
-1765
-2936
7057
-8699
-1418
6861
5657
4423
72
-7679
-3749
4956
6744
-1533
-3399
-6501
-645
-1858
-5568
-5719
290
-1277
6980
7096
5855
1254
-9193
4953
4513
6257
2547
-5881
8227
-3187
9046
3817
-742
-27
-5422
6084
1437
-9642
7068
-9816
6227
1926
-8455
2971
-2445
-2525
-5050
-8682
-4925
9938
5371
-7365
-9022
-6765
1247
-8532
2325
2906
620
-5865
2290
-5811
3666
5490
-4652
6727
-4260
7105
-1580
8445
7021
5533
-281
7028
-8509
-7411
-2696
5467
6067
739
-1698
-6672
6361
4415
2290
7519
1107
-2664
-1163
-2573
-7905
-839
8320
4662
8213
-7837
-9434
3405
4380
2275
-5594
5614
9247
9055
-3935
-7761
4560
6197
-7147
2755
-498
3514
2527
2764
1885
-6685
904
7462
9036
-4054
-1119
-4067
1255
6568
-9285
7548
-6432
7060
-8725
-2600
-9573
-2411
-2186
2066
-9546
6835
-4007
5694
-7614
1934
7358
-727
-8664
8478
-9778
8262
207
7985
7616
5734
2761
-9973
-6539
-5934
-8302
8147
-6717
4309
-4110
9588
-9731
-8536
-5660
2382
-7711
7395
4543
-4863
8771
-712
6297
-1385
5364
-8660
5982
4745
-7998
-2599
1865
2391
9615
-1847
-1600
-7824
1018
-8658
3788
-8464
9794
-7714
3532
9385
-5121
9557
2084
-3325
9028
3254
-543
-4066
-2781
3980
5384
-299
-8415
6518
-7333
4395
3311
3589
4029
-389
-4141
5131
-2344
-386
5143
4178
-4622
-4351
5106
3127
-2768
-3102
342
-3155
5212
-529
-9454
-8495
8255
8919
7277
6339
-4631
6976
-3740
5770
-7081
-660
-1981
9008
-8902
2940
-9092
1959
-2495
-8871
-9275
7765
-7126
-1479
4592
-8506
1007
-2568
9195
3729
287
1138
6655
-5209
129
2356
7740
7980
1495
-1452
-9901
8850
-9464
-3
-8722
9774
-2187
9519
-7308
8723
-2290
5252
-8761
-8062
-3943
-5147
1403
-5424
-5457
4094
-9764
-1392
-2869
6286
-5286
3662
3568
-4937
4381
7431
-6285
1215
4915
3905
-7146
-2247
889
6629
-5708
3648
-7983
-3626
-5497
-7655
6251
7400
5437
-9242
7663
6544
4015
376
-9028
9959
-1261
7842
-2598
-5228
-7998
-1058
3584
-5723
-2016
-7606
2742
8605
6230
-7221
-9371
-4085
-8807
-260
-5748
5172
5386
1704
-1145
-9036
5899
-2502
487
-7709
147
4577
-7947
-4185
7491
3628
-6494
-4520
3491
-4970
6087
9852
-3373
4489
4976
5142
1568
-9799
-8774
7478
8791
9280
9823
2499
9136
-1388
8005
-5431
1101
-3794
-5275
3788
-2325
-8740
9299
-1468
-9614
-5276
8963
-3322
3452
4153
-2426
-5948
-4465
-4619
-207
-8727
-7943
-2328
5219
5754
-653
6087
1080
8080
5243
3171
-9412
-4575
-102
3288
3660
2933
9933
5916
9971
-9209
-3300
-3783
2807
-9192
2256
7877
-2861
8715
-7969
-6556
-7308
-7320
8615
-7789
-3004
9360
-9904
8935
-733
-1571
5914
-9574
1593
1819
6884
8153
5255
3747
-5823
-4573
4698
-3434
-4755
-2271
795
2692
-2209
-5325
9760
4415
3770
-3354
4884
-7179
4949
-2349
8167
-2987
-3850
6375
122
2722
4889
7802
3684
-417
6490
-1984
4692
-176
922
1342
-7824
-3905
7657
-3162
-1205
7175
1205
2820
-5959
-9793
-9227
-3411
3709
-8401
-6221
8121
3202
1482
-2137
5318
5543
-8722
-2084
6116
-3464
326
-1104
-9632
-9230
1097
-5843
3269
-1290
-8616
-1778
7624
-6164
6898
-8664
861
7042
-8721
5529
3429
7790
3
-7533
4194
-704
-7046
6497
1841
-6909
-2000
-616
-8252
6670
-5026
-613
-5110
-5352
2931
3567
-7584
3412
4683
8219
4517
8781
-3757
8908
-8445
860
-9151
1354
-368
9267
-4733
3300
-1455
-7127
6288
-9777
-7529
6475
-9388
8297
-3047
-8317
-5582
-8637
-3712
2684
-8231
8530
-1355
-3025
-7774
5980
-7750
1792
3940
9259
-85
-7662
-3296
-2257
7456
7487
8997
5185
-1877
-5995
-3374
5679
-3677
7743
-2883
829
-2853
2592
-1785
-1293
3251
4395
-364
-6498
-856
-8127
5548
-5938
2065
6359
-5710
-5652
-3889
726
6438
-5495
-723
778
9104
7662
-3547
1995
-6730
-8265
423
-6059
-9733
5988
-5112
9834
-5448
3814
-3739
-8808
-5020
-8728
5487
5817
-4650
-8200
3098
1061
8357
-771
5098
9090
4301
6952
-3827
-1852
3220
3424
-630
821
807
-6451
753
-8891
-9758
6403
3243
6587
-9804
8665
9986
-8110
-7454
7370
9779
3963
1291
-7442
9888
-5094
-3028
-4722
5463
-6489
-436
7000
7652
-5926
1329
-9086
-2333
-5702
5105
5815
-1427
-2243
2111
-2731
-6240
4502
2829
-7335
-3234
6015
1171
-1408
173
-9646
1677
9071
-5647
7238
-9905
-3902
8385
-3394
-538
6255
-9215
-8289
9433
767
8638
-3841
-9550
-5855
-8561
9633
5135
-9061
-1265
-225
4841
-3671
140
-6509
8826
5505
7600
-5160
-1831
684
-1306
1518
5393
7600
-3673
-7310
5016
-4640
-6238
5045
-9440
-1219
2694
9324
8164
-1592
-6605
1277
-7520
9923
-3428
3864
9744
1139
-7512
-9019
-6874
-5347
4563
7987
-4638
5426
8083
-403
-292
-3555
7813
-9393
5251
-9890
-8510
-3113
-6219
2056
6065
3418
1612
2365
5919
-7622
6938
6907
-1335
3740
1331
-1632
-9229
3700
-6194
4189
2549
7052
-5589
-2485
-2549
1986
-8704
-4840
4228
1842
-4065
-5998
1229
2987
-7046
5389
2741
9211
7970
1153
-2541
-5365
-2813
8692
-891
-1985
-3403
6655
-9323
-5653
-3092
2279
9698
8319
9692
4299
-9729
6140
4119
8603
5011
1676
4936
9818
-9077
-3931
-9427
2532
6383
-8522
4880
-4881
4606
-1113
-6400
-4229
-2285
8504
5295
1378
-6528
3177
5766
8545
-4321
-7629
6642
-1808
-9496
6614
-3087
-7034
268
5589
6057
8068
8759
-3969
4900
-3986
3663
8637
1389
-3399
7526
9085
4722
-130
-395
4851
7759
-9654
5285
1075
-5483
5804
-888
1694
-3849
-9662
5664
-2913
-3574
-4919
-9948
-882
-7225
7420
-6921
808
-5804
4752
6221
8626
8919
6187
5807
-174
-6148
-4389
-8384
-5753
8147
6191
5878
5509
-9397
-3159
6367
7824
-5055
6624
2771
8677
-3043
-2552
1101
-1385
6009
-515
8682
8791
5378
-9370
7051
9151
2676
-4546
-842
-7703
-4214
139
-8488
8622
1883
7379
2847
1380
7107
4772
-2857
2765
3260
9300
7981
-8574
7735
-5627
-2289
-3238
8653
-6977
8358
7139
8725
1731
3946
3287
2244
-6669
-5421
4720
-9845
3632
-4803
2919
-724
3349
6005
-9951
3949
-6837
4193
1059
281
-8149
1123
-7749
1052
2729
-3394
8578
-5531
-3047
1001
-4888
478
-2169
2424
4074
3692
3156
417
-1894
-2121
-6496
4722
4439
-8758
-286
-3985
-7466
8098
-899
-8600
960
-992
598
3290
2960
-293
5015
-6873
5890
-1439
-1173
6302
-4362
-7111
9558
-5263
-4577
4654
-3371
930
-8388
-6070
2911
-7964
-926
-1056
-7690
908
9186
8322
-6081
3743
6282
-8283
5461
2907
-6312
4379
1392
-7961
-5688
7754
-725
8318
-8623
4020
227
-5924
-5766
5955
-6032
123
6059
6904
-6275
-1463
5302
-9094
-8726
8405
5415
-2172
7591
-2348
8359
7399
-7488
-6945
-5254
2122
868
9609
-7086
-5500
-9508
1719
830
-4821
-4866
7394
6040
-5768
-173
8793
3864
-3837
-841
1083
3216
-5630
3448
-5398
9073
-7055
9618
8818
-300
7378
7206
-2335
-2585
-3090
-4183
6692
5397
-9054
9920
341
-248
6085
2572
899
-5004
6941
-907
7481
-2536
995
-6296
-9457
-880
3584
5133
3975
-3729
-6511
7890
-5814
2088
-2770
6087
4854
7161
2198
-4529
-7659
6681
3627
-7473
3346
54
-9753
-4955
5783
8714
6576
8513
-3251
-8281
5235
-8558
5430
6965
8894
-1621
9705
-5875
9640
-4774
629
-9677
-3396
-6453
-1374
-6963
9399
1217
-6613
-2414
-3791
-2935
-3204
1525
-3128
-359
-9066
1687
8820
2634
2946
1593
-4424
503
3413
3856
-5450
-2212
-8238
-2507
-7104
-1107
-9065
1206
3414
1336
504
3429
-3546
-6159
-1926
-2443
-658
-3028
-5430
1129
-296
-463
5715
2052
-4777
-9930
8757
4702
-840
8789
-1006
-1759
-8313
-273
7339
2482
-1413
744
-6199
1479
9842
-5673
-5864
2518
-6469
-8759
-6699
-5174
5221
-6112
-6119
676
2312
-2268
416
-3393
-3612
7464
5412
-1521
-5258
3236
-1350
-3174
-9534
5251
8698
-1651
-8446
4674
6982
2645
175
-5700
-5448
5194
3993
-4151
6118
9851
5305
-6045
1964
5822
-3108
-4089
8110
3787
-910
6373
-7989
-4272
-6541
9044
4522
-8562
-9456
-1071
-4247
-9912
-1706
-8773
-324
8841
-8261
4008
3199
-5110
-6941
-5903
7481
-5001
-8688
-2953
-4366
-957
-2833
-9738
-6237
-6673
2186
-1457
9263
7572
-6097
-4048
-620
-7046
8180
-93
4975
9543
-8630
-6821
-6655
7328
9461
-7440
7303
9811
5132
6510
7089
1781
-8223
2584
-3488
1165
-8037
680
8646
8738
-8441
1361
-6658
-5291
-7093
-9842
-7553
-3853
1821
-5534
-8543
6655
-9876
3835
2280
6791
8741
8052
4818
-8011
-6117
-2030
5840
7174
7753
5390
-3879
-9327
7384
4525
5392
-1490
4159
-67
9315
-8736
-5185
1302
9707
-6241
-68
3978
-4551
924
7894
9646
-1768
-7242
8863
-1063
-4281
-2278
9283
-5311
8007
9871
-5252
-995
-7608
507
5041
5558
2152
-9079
-1021
5663
8022
-5225
5897
14
5484
-7677
1958
-4320
-7925
-7676
4377
-8839
-4736
-9214
8581
-3519
-7818
5853
9754
5506
2563
8195
4747
-6220
-8698
-3896
-678
-6426
3026
5209
4206
9772
-6060
7417
9142
5147
4961
-7121
4962
-4627
5188
9083
790
-8289
873
395
7572
1019
964
2264
-2210
-6146
-791
-5225
-8780
3773
5949
-4269
2195
7971
-5843
5201
3856
408
8895
8915
-4731
1170
-1413
-8658
-2137
-7114
4471
1139
-2600
-2968
-5502
-670
9437
1936
-5800
8501
-4522
9965
394
5798
-7128
-6311
5479
-3166
6393
6462
-2414
-1074
980
7183
3979
-1591
6792
2977
-4230
-460
2640
-2712
-3903
-2715
-2599
-2494
-918
-9183
2106
-9425
7747
-1039
-5675
-8410
443
279
-6523
-7906
-1883
-3082
4014
-7156
-3249
-5792
6020
9356
-9369
7056
2191
-8204
-9500
-6472
3242
-5849
6326
8804
-7392
1925
2640
3574
-6732
-9590
-2059
3257
5780
-8736
-632
-571
-6963
7639
38
-6119
-4731
-7831
8783
-1703
-828
2985
-254
-8118
-2413
3471
1634
-2601
1452
-8703
-5354
-5948
-1428
717
-1730
9819
8123
2781
-6076
-5741
7771
8202
5229
1483
-4938
-2275
-8846
6418
-1220
5692
-5889
6254
-8085
-2242
-550
355
-7579
-8862
-9266
3089
7372
6165
-4936
-1488
9205
-6399
441
-1907
3843
7762
-9396
-783
-650
5331
-420
1650
-4534
-5358
-476
-7440
1451
-9836
1200
5581
9377
1827
-1595
-1533
-605
7907
5691
4451
1152
-8654
-7071
5512
7859
6857
-8350
2193
197
8941
-6836
-1057
8808
-8068
-1571
-390
-1801
-7450
-7233
1727
-1889
6276
4714
7264
7558
2789
4553
-2953
9845
-7003
-5978
4191
897
-6355
-8040
-385
-5057
-7337
-8266
4556
-9348
-9364
-4873
-2658
7114
-4405
-5048
-6277
-3037
1476
-1587
6489
2846
4349
-9156
1586
3326
-1795
1422
-33
7726
3751
1098
715
8704
1544
1404
2770
9173
-5984
-3452
-2487
-917
6591
-5917
837
-3925
6190
3854
1139
5133
4558
-912
-764
-6190
1795
9667
2521
7516
9512
1131
3726
5917
3874
6387
-2197
9942
9430
9963
4019
-885
-9942
-8799
-2753
-3160
-4415
6460
2669
-5268
-5190
-9947
-5225
-2044
-8971
-8376
-5273
-4040
-5765
5786
-6837
-9871
1253
-2153
-3310
-1943
-3268
-863
-3712
8184
-9866
-1516
-802
4132
-3852
-1422
9697
8740
-1161
-5434
7042
-9792
8488
8592
2864
4836
-9325
2900
983
7712
-7936
2829
-4620
8844
9110
960
5116
-4612
-4452
1792
8521
1617
-1477
-8915
3478
-4275
-2684
-2030
-5211
-9676
2352
5225
3690
-3716
1064
5804
5682
-2675
-5091
7993
-3678
855
-7847
329
468
-7854
7675
9209
7535
-8493
9490
2051
-561
-4468
-3173
1189
5494
474
-4837
6860
39
-3654
-8278
-3053
-5960
-2243
-6451
562
-2063
-1422
8084
-2775
5323
-4964
-877
-5492
6021
7468
4559
1140
6556
-4301
-1459
8430
8634
-8551
6957
4032
7972
6778
710
-5276
-1082
6820
8519
3375
9053
9830
1008
5841
-1938
-7556
3809
-7568
-4863
-5552
-2416
6175
-4218
4366
-7414
195
62
6430
-3870
3432
8625
-6400
747
1016
5984
2306
4880
2984
7212
-4854
-322
-1283
-1616
-406
-3044
3196
6984
1954
3128
9514
-9354
-8638
-7405
-6319
-4340
8272
4982
-8116
-7274
3523
6198
3709
3280
-6
-2315
-7454
-2456
3225
9097
-2304
6429
-2436
3174
-5749
-9117
1715
-78
-7195
5990
-5739
-7197
9625
2645
1296
-3076
-7865
9040
9004
2688
5398
553
-3782
5563
3268
4040
-2031
-6247
-4544
9342
4829
-7102
-3808
4100
2224
-9132
-9898
4038
-8706
-7645
8755
-9022
-2958
1706
7935
2070
-5533
7097
-5847
5054
-8527
7978
-5582
678
-8784
8271
4163
-2669
-7334
-9891
-2885
-2128
1086
-8494
2330
8069
7322
6785
2386
5686
-9946
-6240
8610
-861
-9676
-6743
-105
9654
3803
-2029
-7996
5935
1415
-2039
7518
-4244
-4867
-4730
6991
1913
7987
-7052
-8662
5069
-3952
3240
-6870
4034
6724
-6804
-4576
-6519
-9955
-970
3122
2817
9444
-7568
8753
4423
9895
-6882
-185
-1312
3587
-9896
4627
-8789
345
6441
3933
-528
6360
5145
-4801
-6320
-4161
9622
5688
3648
-8295
-6271
1475
-7627
2196
-7626
1253
-1682
6463
6874
-2291
-1752
6685
-486
-9576
-6929
-9339
1011
8067
3169
7595
-850
-6134
-1732
-1402
5245
5981
-3280
-2447
-8437
8339
5061
-4217
-4794
7403
8014
-8287
-8107
-936
2712
6340
-3004
2351
-916
-5129
3552
-4122
-6218
5562
-454
-7951
-1891
4416
6640
-9912
-1098
-368
1410
9810
-8585
1892
-5693
80
3559
-8483
-3717
-8045
3925
1907
5430
1234
1195
-7045
4229
-6468
4723
-822
9518
1563
-5731
-4031
-5726
3916
-8688
-8556
-3382
-9612
7124
-1896
4597
-33
-9997
-3139
-699
-3622
3651
-9694
-8288
-3081
5529
-4739
1490
-3191
1497
-9121
-6465
8846
-7304
-174
-7426
3097
6293
-5335
2633
1643
-2890
751
2230
3155
-7413
9526
-4026
8239
6881
-8364
-5357
-7289
5360
6054
-8568
-4175
294
-7912
-4544
-1804
8320
8356
-1682
-9361
-3474
-3983
2702
-8325
-937
3340
869
-3836
-2716
-5726
-5088
-4777
-5351
-776
-6398
-7779
2036
5334
-3568
-9529
6174
3729
7976
-3289
5283
-2218
5892
-1431
-7352
-6249
5211
2971
70
-9453
5884
-6061
-1467
-9583
-7959
5346
818
-9028
3940
7901
-9116
-2528
-3640
1330
5465
8443
4862
8737
-5532
-5150
5586
1526
2434
-4189
9147
-5546
5408
-5875
-7631
2976
5192
2272
8939
3133
4900
-9279
-6633
2994
2696
317
4519
-718
5185
-2664
5809
1655
-2945
-6010
-6290
7669
-1331
-8559
-9852
-4744
-533
4153
9097
8792
-2083
-5461
3194
-8325
1144
-3878
-7285
2346
6440
-596
-7716
3885
746
9846
-344
8949
985
-978
739
9611
-8409
3203
2784
-3228
4638
-8793
939
-1071
8000
-9238
-5495
-9266
-6037
-8180
-55
-7719
7908
7705
7462
8287
-9069
5345
9294
8355
-6846
-367
-6998
4198
-1615
-9531
-2548
8159
4887
-1220
9452
1110
4517
7057
4419
-5056
-1350
-2831
2231
-8266
5683
9015
6155
-6947
-4058
-4407
2942
8184
8931
-4355
-2525
2162
-3436
337
2945
-3757
-7995
-1328
1585
-6783
-9630
-4362
-2592
9306
-6754
7911
2387
4380
-5720
-7514
-5578
3281
-3333
-5085
-9601
-2056
3057
-4625
-8416
-8141
3457
-3435
-3303
-6579
-2776
120
-4543
8715
-4807
781
-3600
9179
6405
-8810
8797
-3476
9458
-5157
-3278
393
5677
3720
-2066
-6624
-7912
8996
3710
8043
3927
6150
8775
-8614
7943
5479
9384
4554
8602
-4815
7886
9576
8090
-8113
-4679
-4287
882
6437
6586
-4419
9765
669
-465
-7526
1221
9070
-4137
8883
8760
-2905
-2898
4518
8442
-2696
4562
6941
29
8453
-8628
-1640
-2251
-1651
2702
-4761
-1451
9091
-9225
149
4234
5194
8476
-7755
6958
842
-9256
-3689
2716
-1746
-1275
-7076
8466
5543
152
-6954
-1401
7104
-3356
-1570
2764
-7562
6852
4519
-6764
-2361
-3791
-7754
-9827
2160
7417
9882
6934
136
-7288
7382
-6485
1404
-3192
-7635
-908
-3073
-695
7715
7731
-1752
-4700
5043
6915
-3539
706
5053
-3924
1179
3330
-4658
-8927
-9117
-7190
6870
-2941
5673
-3498
1701
-665
5323
7575
9109
-3645
-4527
6775
-2568
-4768
-4330
3157
-3335
-4989
1996
8210
6692
-9391
-1844
-1238
-586
-1216
-4361
9043
6008
-5867
4758
-1455
1951
-2072
4923
-3654
114
-2902
8953
-2114
4812
5677
-597
5335
-597
9862
5877
5912
-9862
3093
7345
9797
-4905
352
-4385
8473
9780
2960
1747
9198
-6332
6478
9103
-2922
-8798
-4221
-4226
7478
8805
1615
-5164
-28
5730
-8257
1434
1109
3543
6591
9559
-5375
-3676
7696
189
6182
-1794
-9570
955
9458
7990
4055
3760
9627
8800
-4952
5262
6756
-466
-7056
7895
-1020
-6036
5681
-8009
6802
-9259
-9031
-6769
6134
-2588
-4732
-4608
-4368
-5899
-8013
2317
-5502
-119
-5677
6966
490
3779
7498
-1528
5952
9944
4592
-2633
-2514
7731
-420
312
-8573
5235
3027
-1601
6871
5363
8089
4785
-2918
5513
3508
-1531
7696
2494
9357
3718
-8924
3172
-7466
3822
-9736
1493
904
-899
-9929
3914
-5668
-4216
1412
904
5879
8525
8932
4655
7362
-2507
-3711
-5886
2263
-3306
2325
-1784
-3818
2985
-8157
2650
-5162
-364
46
-4610
7640
5868
-6455
8546
6920
3948
5689
762
-1614
-715
-8774
-3439
9956
7874
-5617
8616
9360
917
-4908
2125
-6198
1254
1219
-5745
8981
2400
-3211
2020
-7968
-3551
-6242
-9076
-9452
-8654
-9337
4067
-4031
-3307
-3999
-9979
4583
4778
-5657
-8399
-1271
8491
-2909
-5407
-8628
-1588
101
9277
7068
-5236
-2670
2634
1102
-4966
7419
7945
-7556
3121
2175
-4009
-6910
1814
-6799
-8839
9143
9655
-9101
398
-7103
5654
-6160
-98
9732
-3157
-2415
-691
-7051
-925
8324
2958
7772
8483
7018
6831
-7187
-5841
3245
-705
5666
1775
-1636
1804
2269
-9921
-224
6658
2499
2756
1350
1302
-4544
9544
-994
-3815
2760
-8120
-7529
-902
-3093
8593
-8524
-1644
1154
6982
5023
5294
-735
9342
-844
0
2737
-5425
1841
-5605
-6015
7507
-8362
-5893
3927
6161
3009
-3699
4744
-5699
5188
-6545
-9040
8973
-426
6925
1249
4137
5826
-8067
-4523
5371
5451
419
-1938
1010
-637
-4654
7565
-6865
-2913
-3819
-1661
-2973
-9462
-7475
-2439
323
-9984
3331
4018
-493
-882
9948
-2817
5030
3512
5578
-8733
6990
9318
-5605
2689
-6122
-8171
-7859
-7797
1636
-9631
9355
2440
3116
4254
-2657
-8634
-8219
8993
-27
1301
-66
4543
6412
-7440
9377
-4512
6410
-5820
7129
-2911
-2482
1515
-4129
4164
-5446
-4448
-9900
4854
-4266
-5884
1186
-6183
3507
-4264
-564
-3347
7950
4383
-2048
8619
9901
-9459
7800
4620
6252
-5804
-174
-1231
9514
2110
4470
307
299
-4346
-8461
9557
-7853
-1426
2615
-1791
9043
5909
-3137
9754
3037
-4662
-7383
-6426
5729
844
4370
-1370
-717
-4084
5559
-8060
-1163
-787
9520
6418
6114
496
-2808
6907
2440
-1347
-4144
-3297
3541
3072
-4626
-5216
223
4774
4138
731
-1363
6067
-9247
5935
4820
618
3786
2101
337
-2245
911
2735
9320
-151
9147
-3632
2599
-5563
2409
-3838
5904
4216
4177
-7699
630
8447
-1094
9706
6993
-9610
-5350
-4331
7939
-4724
7617
3120
1667
615
8517
-5968
-3639
1661
8393
5709
-760
107
6193
-919
8797
587
1781
7238
-6613
1732
-9261
-842
-9798
4726
-9573
-2908
-573
6510
1621
3912
-1058
-5379
3227
4936
4899
-985
8886
-5653
2420
3922
-8671
6135
2136
5342
-3164
-6375
-2924
7420
2302
5350
8043
-8618
1285
-2077
3753
1984
-7346
4398
-694
-2793
520
3760
-8530
2349
-2639
-267
7678
-3500
6004
-5810
5514
-1317
8794
-903
-6686
656
-81
-9177
2068
4614
569
9338
-554
-8502
-7154
-419
-6095
-698
2436
924
-7914
1571
5848
4295
-3196
6939
-173
1917
-2419
-1163
7907
-7478
9000
-2706
-1387
-6860
7234
-643
6636
4224
7244
7982
8885
244
4030
9056
-8380
-6619
6468
89
-6928
-5537
-6080
-8308
-4483
-4126
-7156
-2020
-3455
5582
4079
2203
4364
4335
-8315
-7736
-6115
-9483
-7927
-7860
5866
-9768
5853
-7820
5263
-2199
-3762
-9771
618
-5427
9078
-6241
6868
-7019
-6818
1221
3604
1254
5310
2092
4541
-1359
-6466
-7019
-6958
-7569
9110
-4036
7478
9596
-8092
-3446
-8053
6554
2890
-5869
-3336
-2360
-6301
-5571
2819
-8236
-7092
107
8530
-3117
-2857
3680
-8851
3078
6632
-6547
877
-8829
-2491
1025
8901
-4829
8732
1059
-2959
-6148
3208
-290
-4068
-5751
8072
-154
-5543
2144
5570
1807
-6714
1908
2358
-3817
-887
-7263
6408
2669
82
-5962
-8793
-5417
-6046
-6784
-8881
-9997
-7607
4604
5514
-9733
-5137
5202
-9919
-6588
-1996
-2369
5348
6287
5119
-8440
7368
-1474
-5403
7894
-3851
-2797
5735
-8802
6933
6637
-1106
3230
-3935
-3582
909
-3927
3106
4008
602
3217
-8259
-4980
-3374
6602
-8619
-1926
-7128
8797
7139
1025
5334
5752
7765
656
-7382
4400
-1822
797
-5990
5693
9777
6398
5637
-1702
-5272
2582
-5491
-4259
6165
6671
4133
-4136
331
489
7173
4629
-6176
-5035
-1801
-5251
-7181
-863
8825
2223
842
9712
2928
-7431
-6585
4541
4349
9825
8689
-7018
-6612
7760
5109
3841
-6533
-2026
-2327
5748
5851
2172
5128
8130
-3209
6528
5301
-6707
-5626
7616
5334
-7398
7353
9548
-977
2970
-1246
4750
-8303
-6091
8423
-299
5195
3230
4379
-6774
1520
-1084
-9588
6157
5118
-6505
-75
-4987
2003
-647
9196
1110
-3348
7271
-2234
6645
-1129
-4800
-9985
1492
-8354
-3
9984
5082
9568
1846
4759
4525
-5796
8629
5200
-8899
6422
-9887
-3476
-9347
-1817
-4992
-276
-698
2555
-4552
5641
5084
-9952
-3861
1418
-3529
-5656
-9714
3879
-4518
-4291
-2384
2942
-1876
-9956
-2201
-9832
164
1329
964
152
-7058
-2595
-7142
-5270
9706
-3755
-5533
6105
9232
-3143
-9677
1262
-996
-7021
-1740
-6589
-2151
-2705
-184
9036
6713
3177
-8622
3710
-8934
9866
-8485
7894
-8285
-4076
6507
-6242
-2693
7548
1330
6780
-6507
-4464
9005
-493
6729
6233
2786
8643
-8595
3236
6094
9227
7736
2241
3189
5059
-9547
-1743
-6390
-1563
5406
5743
-9167
-385
372
-249
9626
7522
421
2533
-2575
-9628
-5038
-4327
-992
7852
1857
7975
-4084
-1192
-6533
1196
3704
-1295
-658
-8736
-2259
-8171
5528
8195
-3593
-2861
-6874
-2147
-2847
-9326
7204
-7232
-6666
273
-3297
9114
5620
5417
3362
-619
6007
5398
4879
6898
7846
7133
-1175
9525
1346
1229
-4710
2822
-6386
-808
5900
-9021
7285
-3956
1753
-739
1187
-6003
-3944
-5936
-6811
-1155
5796
7617
2918
-6351
-6671
1462
5176
-8561
-9232
-6069
-4006
-1601
-830
-3858
-554
4801
7444
3003
-6788
7662
-948
-5010
7099
-226
8560
-3034
-237
4348
1842
-2575
4819
-1300
2647
6846
455
4663
-4163
8381
5281
6590
-2348
-9871
8304
7703
4568
9678
1
7868
-5452
7265
2221
8752
9176
2524
-3147
3681
-2070
7942
115
4051
-6577
-3811
-4064
3030
-3617
811
2203
5416
69
361
-9685
-4437
9054
1
-8726
9011
-508
-1779
7774
-3659
-1991
2067
-8062
6958
-2431
-4663
-8092
645
3169
9806
-121
-758
9723
9204
-640
-6190
-861
-7359
6814
-4192
4942
6372
8112
6043
676
-2981
-1512
-2720
-7752
-2058
6398
711
-3192
-2957
3327
-84
969
1007
-6042
4354
-2700
-2471
-359
4723
2439
3161
9110
876
-3358
-2340
2105
-6954
2240
-6921
625
-8297
3673
-2018
-1445
-8675
-6473
-3048
7468
-1153
-5513
1842
-9277
-8988
-6507
7140
126
-8941
-2762
2709
7567
2034
-9764
7750
-6107
8316
7713
-7257
-3428
-2414
-3553
-8195
8966
3949
-2623
9817
-8868
7152
-6325
-4350
7929
5122
3345
7341
-472
-5177
9983
-9639
3492
-7022
-9149
-1430
-6267
-3657
-4595
-7001
9108
8437
-126
6586
9987
9219
-7157
-6995
6536
3759
-9852
5366
9887
6318
-8880
3841
3547
-4741
-4685
8618
5852
3692
778
-2324
-8649
1378
1885
2051
-5385
980
-4672
6338
2240
4950
-857
-9410
2636
3357
-1654
-5418
2321
-8868
2035
8835
1342
3653
5862
1074
-5827
8268
-5036
-1203
-1070
-3421
7607
-7697
7097
-9266
-8599
8527
-7000
4055
7917
5751
2974
9419
-270
-2557
8061
7052
-1799
6570
4123
8967
6649
-44
327
6145
-8563
8453
6924
-9866
4235
495
-9113
-3635
-9851
-115
8324
-9403
8574
7152
-2065
4920
7314
8621
5832
3039
3683
-2859
-290
4370
-7707
4521
-9022
-5374
8385
5777
-3510
1773
9284
2638
-477
2489
918
5602
9288
2151
-2992
-4348
-487
-4828
-89
8614
-5122
3580
-5253
-5412
-9573
1943
-3469
9309
3473
9700
-1552
-2327
6801
7932
2412
-2
-5207
6700
-1634
-7792
-4717
-5796
1855
-5304
5462
-5778
1886
-1128
-6444
5083
-5413
-2357
-2505
9363
6879
8243
3830
615
7762
5176
-2446
8137
8715
-2040
1729
-488
-865
4363
4452
-8890
-7725
2031
-688
7741
5703
-7915
-3610
7502
-3812
-5515
4948
-2699
8297
4820
1652
6512
-6989
-9001
-1934
-2630
7311
4111
-5326
352
-3410
-306
4019
7890
1529
4428
-6431
-32
-734
-9672
8229
-9992
9673
-4087
284
9873
3672
-3275
-7838
3849
-2553
-9290
4980
-5258
-9444
1685
1865
-1158
6338
-2645
1115
-6567
3458
-2607
9106
-8837
-442
-8519
3916
-7369
-391
5381
4516
3086
6001
-5284
4718
-1723
-3383
-8478
3282
3079
8176
-6765
6396
-4320
-5121
3170
-3154
5639
-1342
9816
4515
2489
8247
-3198
-3816
9925
4587
-9907
9085
2603
1407
-71
-6823
9551
4465
-4186
1257
-8034
-6478
-8305
827
-4709
9809
7029
-9409
-205
-6196
-7307
-1477
6348
2737
3297
-1281
-3913
3617
-3551
-3429
-1605
-6146
9940
3355
-8218
-8963
9782
-1122
-8580
385
4856
258
-3502
-3730
-7242
2135
9052
-514
-9655
3123
-9521
3708
6259
-3296
3447
-5608
-1377
-1495
-5497
-3635
912
6591
1910
2554
1089
-9438
319
-6402
9075
-1339
8
-3001
8919
7192
3396
-1997
6338
-2226
6103
-9569
1781
9125
-2251
-1809
2082
4760
5222
-1686
8894
7031
4908
-9712
219
-2615
6916
-453
-8668
-949
4032
-4145
-1338
-701
7395
6915
7085
8650
-8456
8513
9414
-1276
9795
-705
-4239
-398
4641
6004
-3008
-7262
5848
1276
-8472
4407
-5073
-5687
7409
-8685
4965
6428
4812
3640
-4810
-3117
-8796
-7828
5161
-3948
8145
-1212
9140
-6013
-8526
-503
2628
-6334
-9161
7193
-358
-6900
-7636
4382
-7626
-7209
1255
6527
-2630
3711
-2933
3071
5925
8211
-3773
10
-8322
5756
-4592
3118
-275
-1546
-8851
2810
9330
193
-8257
6874
846
-9419
-9473
-5778
8566
4951
-6289
-6387
-8345
-3565
9486
1203
-5562
-5211
4935
6446
-5679
-2136
3115
7551
-5816
-7997
6831
7154
2843
9029
9797
-9851
8521
8986
4601
768
-4860
-6402
9836
3745
-4356
5713
8062
4159
-4321
-8335
3323
-2161
5342
-4325
4325
9222
7471
7427
-5463
8786
4566
7839
-1769
-5437
-6643
-8431
-7536
5027
10000
-8646
1452
340
4020
7909
-7875
4381
-374
918
-8729
860
9675
-2125
-7722
-5936
-5634
9237
2755
-8997
2998
8289
-5963
1702
1034
9869
2893
472
-7847
7002
-1946
-5700
9644
-9675
4082
1290
6396
-7005
5173
1693
-3919
-4335
-207
-3355
6680
-5267
-8835
-5979
-1786
3746
6600
-8280
-8354
-9279
2739
6969
-9910
-4787
-5079
7277
-7771
-2966
-1917
-7988
1907
-5408
5200
3795
1111
4820
-1831
2622
-3721
-3722
6909
8295
873
-3356
2738
3688
-116
3922
-2469
-4162
-857
-2169
9566
1359
-933
-8824
9963
5084
9979
6715
1893
-6686
9794
-1436
-2118
384
6522
-5446
2438
-9255
6959
-9535
-51
-6452
9296
9180
-561
8420
1624
2425
-2332
6477
8601
5677
7389
-6790
-2243
-3755
-5300
-2782
6386
2684
1784
-9642
-2585
-7657
-9748
5281
-6731
-365
-9244
-2694
3229
7188
-4122
8437
5243
9777
-6027
5170
7047
5871
9178
-4409
-6686
8330
-8228
6835
-9046
-562
-5173
2354
2948
8084
6479
-3749
2317
-9655
-6878
-1110
-8194
-9012
4596
-3794
-4929
114
36
-6071
7215
-1292
9111
-3720
-4568
7059
-7163
2454
-1218
-4227
4795
-740
8023
2057
-3205
-3163
-4852
995
7769
9464
656
4393
483
1097
-7683
-8716
8340
1450
-9533
1953
1180
-3881
3274
8309
6246
-1110
9227
-4451
8309
-6602
4706
-7406
3297
-889
710
-4803
4766
5822
6575
1069
3485
946
6768
6233
6258
-9002
3082
-465
1246
-5606
-4562
7054
4954
6517
4918
6368
8823
7293
-1128
1574
-934
-426
8671
-9891
-6593
-8734
8268
2077
9387
8998
2609
2203
3185
-2509
-5395
-9324
8558
-5016
5349
8267
2588
-404
-8002
-4319
7621
-6171
-3097
-9463
9242
4153
2698
9233
4541
-1166
-4174
-6723
1677
4088
-5221
5401
-1047
1941
-9408
2100
5213
8197
8517
-8985
-4969
7415
181
-9495
-1872
-1014
3229
5502
-9318
-9168
-3147
-6973
4508
9288
-1551
8125
-847
-2134
2665
-3191
-8473
-4517
387
1943
-6924
-8363
-5708
5190
-1543
-8930
-6756
957
-5463
-3669
-3915
-7887
-2744
1946
2192
-2659
4207
-6646
3445
-9863
-1890
8797
-3661
-4697
-7637
-8932
-3974
-255
4103
9265
-4047
-3087
-8483
2654
-7648
-8055
-3698
2104
6859
4746
7131
8982
7546
-5702
9358
6077
3853
6620
2751
7480
-7524
218
-1461
4200
-5527
485
-3592
-6185
3210
2809
9434
2776
7903
-2
-8137
-1388
8254
8254
2388
5289
2879
-4268
-7978
423
9474
5615
-5142
-3153
-9371
8853
-3967
1549
-2179
-5265
-7494
2302
-9701
2608
8107
7834
1594
2161
7961
-9427
360
-3736
-7466
-6792
6856
-3638
-3401
3007
-2478
5350
5753
8141
7761
-6045
-8897
-6554
-1648
-8802
-8679
7693
3758
9577
-4109
-3203
-1540
9724
-820
9800
9131
-2654
-1838
-8212
-3162
8148
9080
-6196
-6149
6538
835
-1965
5864
-8065
4375
6463
-3087
1424
-8311
1695
3972
8137
-8443
-4847
-6445
-2854
6397
8528
5503
3506
-9751
-4301
9623
-9632
-7073
6620
3626
4674
7776
-7153
7729
-3390
-5631
2510
-9209
-5526
-5876
-2844
8147
8887
8966
-8751
4637
-3122
-6054
6864
-3843
-8493
8267
-8407
3821
589
1194
-9684
-4531
-6993
-6031
-8777
6964
-9090
3929
9454
-9289
1106
-1534
-7288
1610
-6728
-2178
3475
-8613
-251
9476
-3478
8624
9084
-6612
-9674
6919
-7733
6279
-5511
6930
2239
-3120
7675
-7573
2783
9835
-9970
2525
-3582
9557
-3460
-7183
-622
-2162
6220
5204
-6873
-4203
-8836
-8796
7703
4651
1680
1441
-794
-5829
4426
15
9310
8053
-13
-8503
7964
7276
-4391
-7212
-1569
6936
7542
-4074
-2996
9973
-3488
6823
-2547
-5221
-8599
908
5361
-6419
-4502
-4934
-3610
2524
2496
-4838
9034
6165
-7656
8932
5961
-9593
-8476
2564
8979
-4936
6517
-9003
-8706
-4031
-819
8582
6483
1605
-1203
-714
-3606
2375
-7857
-6655
-8315
-2502
-777
-960
-4015
-6032
5458
-9355
5159
-315
-5015
8389
-4375
-6475
6403
6354
-7029
7105
9504
7587
-2915
-9264
9041
-9715
4908
8562
-1625
-3376
5033
3063
-9179
-3293
-9269
-7835
8693
164
8152
-7524
1647
-2424
-5742
7486
3222
-2925
6315
-389
-7711
4639
-5319
-269
-6895
-8397
-8137
7016
-3193
-350
4762
6949
-1108
2224
-7656
659
-1635
-4759
6419
-5039
-3586
-2210
-4219
-1006
-361
-8773
-1440
8825
-2140
3716
-6523
-7571
5657
-2777
-5362
-7233
7140
-1784
6618
2325
5300
-752
-3597
7505
2781
-3774
-8521
-4608
6610
5884
8920
6339
3812
-8771
2891
2429
2908
4402
-866
-7689
-3122
183
-4645
3702
441
-1362
-3478
9926
2182
1308
-220
-8378
-4375
-8831
4421
-1486
9178
534
2017
4570
-3023
-5814
6945
2747
6326
8049
5607
2565
2342
-764
4382
992
-9870
-8902
1104
-7702
-7492
-6794
6163
1662
3276
-3810
8569
-687
-6483
-9767
-8474
6773
6959
998
-9781
5384
839
-2868
9932
8409
2215
-7271
9857
-6454
-3864
-4560
4871
3182
-42
2208
-4920
663
-8855
-1585
9242
-7194
-2862
4943
-2744
-4954
-5840
5325
5102
9307
3806
-3305
5905
3979
3354
-5840
4129
2254
3896
-3575
7873
4815
7053
-4592
-732
9576
9071
7486
4607
3112
502
-1697
3673
7025
-9038
-9064
-2805
7978
676
4205
9107
-5414
1021
9033
-3718
-9347
7500
-7302
-4864
1075
-7243
-939
5052
2631
338
6291
551
-4586
-3349
-8905
-5504
-22
7349
5107
-8806
9922
-6166
6215
-4083
4661
2554
-8666
-8757
6089
-7415
1821
6487
-5292
-6303
1928
1067
-9182
2564
1553
-7776
7908
-402
8940
-6271
6658
4502
-841
-4913
3781
-8227
389
3805
-1043
3977
9862
9944
1986
2771
-8032
5146
166
4379
9806
5652
5377
-9966
689
-6187
7716
9273
345
-6562
-8291
-1861
3707
-7630
6092
-6470
1675
362
9220
-6651
3666
1748
6534
-9884
-4640
-4045
9114
7523
2820
-8323
-8154
-5066
4352
782
-6323
-323
5488
-8001
-391
-6690
-3945
-7449
3076
-865
9971
-468
1657
2532
3653
9248
5693
7316
8557
6198
5862
2706
8808
-4370
5562
-624
2368
1743
7158
898
-9006
6774
-8602
5662
-2107
6144
-611
4476
4037
-5217
577
-112
-9809
5121
-8742
5067
137
-8715
4873
9751
-3269
9079
-1861
3330
-5874
-6135
-1611
5788
-9156
1024
-5546
-2445
-80
-2790
-2521
-1190
-5519
-6350
918
-1230
8316
4393
9497
-8969
7356
-6186
8654
-2689
-209
-1163
-4030
-6685
-6573
3482
-6201
-7319
-1875
7958
-8634
-5815
-8397
1550
-3862
-8522
-4475
1342
3133
-942
-5056
9110
3254
2569
7034
-1500
9060
6933
3922
-7335
-9029
-1745
-8972
-331
5665
302
-5725
2731
7174
-228
-7542
-9024
357
391
-9083
-2415
1767
-3656
-1320
6321
-8144
8304
9564
832
-2766
-9596
-6001
8105
6538
-5751
8659
-2085
-2157
1724
-8034
-6789
-569
7593
-5050
-1256
3996
-8396
-9094
-8971
4234
5019
-117
8307
-5028
-9461
-2422
5565
7189
2286
5352
7004
3183
-4675
-3441
1448
62
2267
7117
-5385
9009
4294
2627
2782
2943
-2580
-3349
-1367
7611
5178
-9355
4102
8654
9946
4844
-6640
-7116
-2555
1424
-6225
2527
4208
1530
-9833
-6529
7579
5105
-1600
-9278
-434
-5978
-5835
-8498
-2257
9447
4253
-7955
-5290
-5241
5261
3543
-3044
3875
-9939
-7158
-6713
6149
1795
1727
3627
-9171
-2581
-1036
3080
8568
-3109
4789
-9881
846
7545
-2478
-8540
-7499
9671
-6685
3257
-7333
-1318
-6703
-2207
-8720
2246
-4542
-9227
-106
8259
1567
8055
2840
5080
-2272
-533
4675
-6869
7395
-4693
9357
-5212
5772
-2440
7079
2893
-2126
-4093
6286
-4801
-2622
-1575
5530
6991
-8356
-6222
-5659
-7823
4318
-5237
3140
1005
838
-9236
-2428
2055
4858
9656
2971
7900
-1573
-6425
6741
5937
594
-8253
-2267
-6639
4923
9829
-8729
-5582
1857
4068
-6294
-9034
-7047
2618
-4225
-4581
9681
-1749
7900
-2009
5479
563
4515
-328
-5846
-3442
-2426
-4940
-962
-2146
1240
9789
1438
-4071
6129
1292
-506
-5475
4259
6376
-6292
9788
251
1932
-4036
-6610
1135
-5449
-4766
-3379
9200
9400
-4170
-4259
9599
5295
5663
7009
-4510
1633
-679
4344
-76
-1674
8777
2622
5481
-2215
1759
-7507
1339
3899
-7537
4903
421
8200
8361
-5910
-7777
1950
-6511
2974
-2594
7631
-5067
9179
2308
-1996
7202
-7784
2950
-6452
-5932
6331
-2971
-9084
8978
-3037
6857
-841
-7586
3264
4568
569
-4472
-6931
-30
4575
-3384
-2976
-8326
9118
1139
9609
-5931
-1444
-489
3825
6212
-2590
-1244
5882
2209
5780
-9218
-2304
-6268
-9445
8145
-1958
-1098
-5134
-9297
2466
7056
8801
-6958
-3376
1244
-63
3424
-9173
-3843
5313
-2729
3938
-9220
-9534
8580
-3128
6165
7006
4962
3559
-6963
-7428
7537
1434
150
7228
2255
-4531
7729
-5286
9791
-6091
-1274
1966
1611
-7539
-498
-2540
1112
-5244
2124
2381
-8359
5207
6199
8745
3158
-9216
5781
-6130
-1769
5878
8199
-4188
8157
-2886
4219
-2528
6351
-3964
4342
4240
826
1353
8006
-9842
-4704
9622
3706
6475
-6618
-9586
-5875
-7518
-7165
-3243
-3390
502
2191
5516
9825
7448
3304
-6288
-8642
-5221
-6697
9660
2525
-4041
-5286
-6601
-8323
2583
-3109
8069
-8338
-2158
-6285
7555
-4148
-5221
-848
8854
-5489
5794
-369
4824
1291
6658
8230
-9197
1768
4884
-9906
-727
9706
-3866
6748
6973
-6713
5788
-4133
397
8603
-262
4158
-9043
4201
7410
1150
-8178
-8513
7766
-7068
-4062
-2430
-9482
-5003
-2042
6439
8005
-3793
-8054
536
-7004
-1164
8906
5454
2866
7427
-4042
8947
-342
-6515
3490
-2867
8070
-5352
7643
-668
3245
6154
-3614
3468
-6275
-193
-7384
-3767
70
6464
-4247
-5415
2861
-7064
-705
9855
-8697
2295
5564
2694
3988
-4065
-9967
4079
3939
-1848
4506
8794
1102
-1646
4690
8337
6495
9512
-4342
3471
-7803
-1582
-7780
5830
-6265
1313
2259
-8327
-372
-5226
8957
4013
-2904
-9880
-3018
5955
-2386
9649
9956
-7673
-8294
-5795
7682
17
4060
2036
3600
6469
3828
8359
-9829
9672
-7320
-5574
-7504
5429
308
-5105
7433
3367
519
-853
-4130
-2128
3413
2636
702
4164
-7144
7501
-9654
-3646
1133
602
146
3345
9833
5020
5354
317
5738
4036
-3665
4555
2815
-9994
4552
9560
3369
4904
-383
4408
1378
1235
6335
1020
3248
-8001
9041
-8474
7258
-9957
-6319
5011
4661
-9175
3652
1301
-4054
3476
-6890
7367
3153
-4042
-4097
-1155
6812
3402
2643
5646
-7288
4170
-5858
9886
1503
-1154
1801
1898
6480
9038
3385
-1651
9349
-5891
7266
-536
4505
-3304
-8307
6848
3526
2083
-8108
-7528
-2125
-7699
-1622
6375
9740
-8480
7284
8933
3859
-3569
-8107
1285
-9870
-3818
-1410
-662
-2315
8210
-8792
3627
-9724
-4965
8026
-2386
-4435
1785
8553
144
-3379
5997
5024
7341
-8257
-9011
7836
-8499
-2796
-7530
1021
711
7474
7002
-2389
8873
9946
9508
-7893
-3872
-2021
3353
-7469
2167
467
-780
-6718
-5254
-7428
-1907
6355
6888
1794
-325
-3320
5441
-9274
-5326
8879
-2920
-6706
-4419
3368
-1491
-2977
-9987
8922
-7503
-6619
-1516
-934
-9340
-797
7268
7499
8172
5654
-5331
2540
-1468
-1599
5548
9558
3880
3543
-6648
-9427
8924
-8595
5149
7888
2081
8545
-6139
247
6263
-4397
-6654
7630
-4005
656
4176
-7044
-6328
4290
6818
4957
-814
3828
8064
1046
-4019
-8605
4408
-308
306
-1359
-6213
-9105
1449
-9327
8876
-5662
-1224
-594
7527
6880
-9663
4097
-1236
9839
-4664
7024
-5657
-1904
-4991
-3698
-4988
-9563
-2111
-4661
-5950
4167
2378
6029
-9863
-865
9804
8
-5325
479
-1587
-1439
-1029
-8960
2855
-1700
6257
1283
-1404
1985
-3428
6545
9890
-3039
-7232
4423
-3131
8462
9845
-4585
-9797
3625
3826
-1178
4559
-6630
9068
-8274
-2726
-5713
-1204
-8074
-6717
3355
8387
1350
-9428
2656
-6029
-9868
-3184
6091
1819
-455
-7694
6600
-8573
3418
5299
5520
8409
9337
3822
-8816
2365
1330
9425
-7447
771
778
136
106
-7204
5451
8907
3740
145
9433
-6177
8612
-1192
-8895
8840
3270
5416
4523
-68
2958
-1422
7638
874
-1167
2253
-4243
6131
3920
6347
-9474
-2265
-8741
2032
-3432
8654
5847
6498
-7493
4835
5917
-1609
3416
-8394
3667
-3562
-3692
1066
5291
4564
-4321
9063
3721
-1117
6962
5458
4801
-1624
-2525
-680
9613
9614
-8071
8768
3872
859
-4102
4807
-7952
2808
5563
440
-5087
-7959
8350
4431
9703
-2746
143
-6788
5230
-6550
9331
-4082
-8867
3074
7818
5015
-2853
2511
8156
8330
2722
-1436
-5078
713
-6607
4869
-3428
-1944
-7923
-4392
9399
4092
-9438
-7157
-2096
5017
5791
-6874
-4492
-8296
-6902
-5593
5942
-9308
846
-2638
7573
-7834
7161
-936
81
-3444
6866
98
9342
2035
3781
6050
-8464
-3535
5254
-1147
-6990
-4864
-1189
5019
6954
7075
-5249
8497
9173
9040
-4936
9161
3035
-9505
5835
-9234
-2423
1991
1220
-167
1180
-7883
2226
1128
1792
6464
29
-8150
7396
3818
7457
3115
2034
6300
7157
22
-4993
-6316
2766
1776
418
3020
7084
-9362
6685
-166
-2453
8479
7074
1429
-7745
-6359
-9086
-3498
7045
8840
-8417
-3930
-3977
-2287
-2671
-6521
2196
-381
-8873
-5271
-3300
-502
4447
-3724
-3889
-5496
8223
8560
1478
-6223
1546
-9468
7089
658
4497
-4528
7557
8712
8226
6913
-5230
-1987
4129
7330
-5477
-6949
-633
3483
4201
-3378
-3710
-4493
-5592
-5864
-2340
8919
619
-4826
-9954
5746
4584
268
632
-5106
5391
-5962
1089
6984
9672
-4369
7225
1763
8464
1031
6517
4287
-4807
8354
6187
-6205
-5750
-6177
2317
8351
8744
6097
580
-3545
-8413
-9934
-48
7977
5996
5772
1189
-4524
3731
-5025
-6853
-9761
-3137
-1197
-1068
-6724
-8322
5216
-2427
-5052
6039
885
-3871
-6836
2942
7657
5950
-997
4219
8355
-8746
-2419
3340
-448
7889
7291
2349
3492
6028
8864
-289
-2770
-7656
-3920
-2113
5945
7576
63
-6574
5646
8202
-6475
9876
-9964
7995
4553
2104
6261
9198
-1534
-9881
2498
-1847
749
2069
-8304
-8782
-4129
3201
-9433
9691
-7198
433
-6438
3626
-3267
-5484
4946
-6324
921
-3258
-5519
-5126
7854
8712
2941
2351
6369
-3713
-7565
2341
8936
1863
-919
-1620
-8392
2635
-4110
2444
-9810
-4590
343
2541
-9503
-4358
-5813
907
908
-3094
-9327
8139
7264
45
-8841
2789
7841
-6216
4323
-7058
-4772
3692
-8323
-373
-4775
970
-4095
5529
2418
-2797
8225
-5565
-5554
2434
-6301
-4727
-1570
-6094
7588
3782
-4941
703
-9305
-3446
4787
9110
-2316
-4199
-5629
-4050
4488
8194
-9147
7822
9728
8987
-6619
-7926
-9350
-2097
6760
8611
-708
-5105
-495
6330
-2701
-2319
3369
3313
-7654
-6889
6297
4294
-4092
5036
6301
-4055
-893
-4093
2060
1631
-633
6173
5623
-8573
5301
-7345
6956
-1834
8619
1071
-8981
-8901
4509
-4525
-944
8436
-9985
3314
-4850
-9685
1906
-8354
-818
7101
6891
-5934
-1920
-1039
-106
-5449
378
5680
-7018
-901
9397
-4850
2917
-9231
-9984
-3427
7232
-3516
5692
-9132
-6789
-7311
-8633
8957
-5660
-584
-6768
7253
-1973
8579
3648
-1851
-7067
-2306
1210
-2358
-3948
-9298
-9693
9946
7262
-5109
6312
-9370
2688
-1588
9916
4723
157
-2130
-5577
2784
-2467
3768
7994
6329
-2425
7798
-5789
6673
4563
-1009
-5796
3498
9106
-8829
-5766
1474
-3825
-8508
-5838
-5898
-1508
6959
9428
6253
6375
8556
1132
2617
-2444
-8881
9469
8144
4846
-5349
-4243
-625
-6971
7852
-624
-1691
-1082
5034
-7439
6942
6797
-5602
-5764
1667
617
6481
-4183
-1565
-7888
5753
9241
-1919
4446
7802
2052
733
3760
1715
3948
-766
-4872
-5169
-5720
2875
3880
2772
-8516
-8900
-5547
-5158
3933
772
-5373
1611
3473
433
7310
-621
3773
6273
-1254
-7000
6922
9970
3359
-9985
-3460
5073
-9021
7950
4681
-4260
-8474
39
8308
-8785
-9250
-621
298
-3732
-4534
-1766
-3675
-1101
5237
-6519
-7020
-7749
-8303
-4874
669
8363
-9304
4330
-1170
868
-13
2847
-3177
-9547
-9140
4362
-9896
1982
-1947
-1923
7179
5567
8226
-4835
2784
-4214
-7049
4013
766
-5481
4387
-5773
-9636
-8306
7402
2654
8708
2783
391
6485
4102
-5070
3645
-9138
-8366
-8569
7305
-6007
2892
-1802
7334
-4715
3628
-6412
-794
-7403
4989
137
-309
9819
3175
7806
8645
-900
-4544
-5340
4764
-1088
-6864
3983
5610
-792
-4220
2410
3624
-9862
4820
-4110
546
-9322
-2307
-6472
7566
-342
-9088
-8825
8040
5279
5209
-3311
1118
-4478
-8191
3430
-385
6274
-6655
-233
857
-5833
-9480
8003
-1741
1261
-6346
-6668
-4477
2646
6401
-3260
-5362
-5699
-343
5010
7374
-2049
-6399
-4832
-3337
3023
5363
-5724
8899
-9869
6856
5487
-1092
-2908
4908
2508
6977
4364
-1665
-6186
824
-4962
-291
5983
-4149
8507
-1123
3141
-3802
-7082
6783
-9043
-7397
-1274
-8539
5385
9491
-3153
-8478
-5376
4843
2341
-8159
-2923
-3508
557
-95
9241
2865
-2949
-5090
-2448
9682
3246
3222
5521
-3583
6733
-6364
-6846
-2944
6387
-5372
-2013
-576
3431
-4666
9262
-9428
-9962
-1565
3605
838
-4744
-748
418
9899
-4337
8168
-3790
1087
-9088
4262
6967
-9612
-8970
6629
4049
7010
-7992
-892
2477
-7255
-8348
-6982
-5914
3389
-3769
-2178
6317
6448
-9612
4485
-6202
-5605
6103
-8472
-9107
-5293
9467
1146
-4755
9544
-7868
9311
7656
-6056
4035
-6310
-532
-859
7156
3090
1093
5631
9413
2108
8702
-6767
8511
-3929
6459
-8188
-6000
8401
4046
3999
-4279
4669
319
9325
-4990
-7318
5359
-3378
-1331
-7003
-9192
-8884
-1061
7322
6058
-429
2186
496
6182
-8763
8397
-6990
8491
7520
187
6734
-402
1996
6777
2309
-2639
8023
-5334
1206
-2675
-414
4623
5720
4106
-2429
-8403
-7328
-6803
-2901
-6261
-6832
-3516
773
-1843
-667
9365
-1642
6797
2638
6548
-1057
6468
-9448
-5812
-8734
-5266
-2869
9539
5764
4641
-1889
2052
-3425
1550
8377
785
-9388
-8836
7323
4353
-8487
5966
4987
8150
-7734
-6571
2123
5946
-1383
-4561
-8531
2049
-6932
5685
-4965
1683
-3410
1519
9341
-4030
6192
7701
-7348
4473
-1867
5391
527
9249
-3310
9105
-2155
5822
-281
9679
-1467
9239
-4164
-8628
-9707
-1254
5855
-4429
6971
-9204
8445
-4765
-699
-3091
8410
5401
3476
4779
-3644
-2773
-2958
7789
8417
191
901
7242
6494
-4465
-7045
7081
-1039
6294
8457
-9225
-6303
-6905
-7832
4462
6537
9128
9669
-9061
-9318
5226
-3608
-4574
-317
8093
-8496
-8704
-94
-6805
-164
-1422
-9521
1801
-7301
5449
7534
6835
-9163
1671
-7226
-9704
9046
-7094
-7147
-2225
1294
505
1714
2184
-2786
2635
-2734
5020
-230
7445
-7501
6908
2607
-1234
-9586
-120
125
108
1136
-990
768
-2060
1819
4149
-8064
-6601
-1172
652
-8310
-1019
1483
1628
3436
-602
-4813
-5049
-9647
-2167
6991
7510
-4816
-3720
5970
5417
9370
-1444
-9445
6483
5429
4895
7238
4797
-9050
2951
-7571
-416
4099
7398
6717
-4537
-5319
5425
-9
-5803
-8143
-3588
1016
-6814
8966
3381
-7402
2694
-1517
-9291
9104
3020
-1606
4875
-2323
9087
-5960
1508
-8294
-2861
7243
1234
2405
6090
-7857
5738
881
7650
4942
6879
1965
280
6758
-1427
-3470
-7025
2679
-4222
-2251
9735
-8670
-363
-8127
6413
-4014
9047
-8625
2526
-8892
-1531
-8510
8374
5033
-5939
2735
-2926
5170
4346
-2977
-8704
-1483
-2222
-5575
3395
7603
5710
-8946
6171
4855
-6232
-468
-7460
-7855
8878
-7251
499
4350
714
-8772
8884
5524
-6453
3811
1942
-418
-4069
-3870
5343
9524
-9780
9637
7521
7284
2133
-9376
-8638
434
-705
1176
-1766
8438
1522
-8471
-1160
-6250
8917
4845
7994
5903
-6165
1715
5811
-2300
-9170
9230
-6280
2488
-9411
6103
-3235
-3065
9673
8487
6527
5554
-1948
-7414
7482
-3516
7450
-7800
636
-4305
-1632
-6254
4421
-6953
9828
2143
-6585
4115
-652
2206
2207
-4009
-7442
3190
-8770
-9046
2944
4671
-2393
-4585
-4044
2560
7609
7345
-1140
3245
-9159
-6408
2809
5545
-1674
4057
-1545
7693
-8079
-6138
7913
1775
-4682
5473
-9867
46
3008
-5309
-1696
-3267
826
-5671
-6001
-9443
7696
-9080
5047
-2447
-2865
-8300
-5629
-6801
-8281
893
-8766
7722
-1412
-1447
-9329
7453
-6821
-9857
-9227
-1209
5991
-7589
9911
-7745
-7710
8110
531
2524
-4042
-6728
-5077
4001
-8505
9656
-740
1762
-6948
69
1718
6632
8764
-5333
705
7804
-3766
-7837
8747
-6938
9968
-6619
-2350
918
1908
3274
-7829
-1072
9597
8920
2290
-8462
3438
1172
2665
7975
1700
3550
5475
8282
-6372
2877
6362
687
-7500
9424
5265
-6746
6394
-2351
3119
6711
-8685
8565
4066
5827
8457
2172
7847
2812
6757
-760
4931
-9572
-5001
8665
8007
-4353
8565
-3154
-9555
-9497
-134
-3840
-310
-5868
-9020
-5812
-7028
-7623
6299
-4108
1995
-5248
9899
5942
7228
4624
-6543
86
6816
-8014
-6339
-5393
-9251
9034
-7124
9765
-1695
7338
2003
-7007
-1177
-8603
-2952
8713
4715
960
9021
-9743
2817
3003
-3860
-9386
-5699
-4363
9609
-3252
-6691
9990
7638
1261
-2092
8444
-5051
323
-8364
-5226
6260
2628
3316
7625
-434
2654
653
8761
6134
-7436
4147
-9454
6509
-5093
-6234
-5351
-2052
-770
1726
6649
-5340
-5512
6144
-1360
7297
-4503
722
8253
102
-1770
1183
9481
4383
-3624
7692
9676
-8539
-9476
-7079
-6511
-3709
9984
3576
-4768
5990
4482
-8839
2855
6107
4814
9454
-9757
-9100
8751
-9549
-2689
-4337
-4549
7316
9927
1656
-6451
-9587
9892
6599
7696
-5008
-8184
8029
2013
3381
-8195
-7015
7879
-8828
3418
7333
-4041
-1940
5960
-7012
-5588
-4785
-8320
-7447
-6983
-5056
2473
2334
-7962
8754
426
-8225
4555
-4732
906
-9395
-8158
-8784
3029
652
3441
6033
-4891
5277
4077
-4756
8761
-7835
-6493
7760
-7900
5145
7548
-851
7419
3946
2918
7668
-3323
-7277
9296
1797
-4422
9129
3218
999
-8593
-4207
-7433
-4128
9038
5705
-6691
-3605
4810
6279
9273
-3532
-3847
-1143
-5433
-9964
-4434
-9310
-9974
-6153
552
4783
-5269
-661
6616
-8163
-4364
-7677
619
7500
-3508
-6623
7989
-5062
2472
-4978
9854
-4654
887
-8531
7077
7448
5137
5188
7164
-4546
347
-8102
8147
3618
-709
-8350
8486
-3801
5077
-4648
471
1847
-8151
-5864
-1273
2097
-1957
2541
-2084
-8299
735
5370
4745
8244
-8768
-3478
-4399
-480
-2402
8016
5306
96
-1348
-8945
-4618
4940
-9990
8208
-133
-2603
1018
9430
-3951
6882
-7171
-3044
642
-1472
-7325
-18
-2114
-1453
7504
-1370
4463
-4688
5409
2755
2990
5520
-9931
-8980
1010
1447
9947
7498
319
-5426
2758
-9224
-2893
-6907
-515
-6781
8568
5538
4549
-8326
6316
-172
-583
-5029
8905
-5832
261
-5588
4013
-7773
4070
713
3606
158
5424
-4178
-6537
5414
4813
-9686
-7472
-2233
5121
-8937
-7185
3582
1622
-9266
-9543
-6592
472
-1783
1001
7424
5760
422
8434
90
7445
8551
-5554
-5559
5131
-1020
-9918
6281
6144
9612
9472
9288
-9067
4089
-2877
-5093
-6183
8834
-8003
3777
9096
5608
-194
7341
6400
2276
1553
5099
4039
7744
-1483
205
-4901
-3278
4258
-3323
2405
1483
-673
792
-1835
9800
-8347
-8123
-9013
-5686
-1889
2466
-6241
2249
2785
6459
-8725
8486
-4042
-2701
4879
7440
-1762
5216
1772
6236
-682
9244
6788
1961
-1420
3416
-2526
3531
-1583
-1466
-8376
-2684
9823
-5309
8886
-5703
-1730
-7404
4749
8757
-1162
-2462
-1505
-9271
-8574
5806
-2433
2115
-5268
561
-9336
9174
-2193
-7995
8963
5200
-497
2500
6150
-3954
743
6129
-3515
-8027
-5073
2870
7731
-7823
-311
4302
8071
-8895
8171
-7245
-5378
-4723
5018
8722
2079
-2750
2633
4735
3007
6547
392
-6520
6493
8300
2363
-8461
1283
-8022
-340
-6805
8230
-6934
3676
-6470
7135
-3195
1242
-6400
-2166
-7973
-9441
-4755
4972
7232
1343
-3277
-9440
-8063
-3083
-7455
-7385
-5765
-3956
-7015
7757
-3214
7494
7640
-3271
4498
3470
-5230
-1495
3457
3459
-5808
-5362
1673
-8358
306
-4354
-9824
-9127
-6459
9694
-6141
-202
6919
-2757
-2523
1029
-2144
9465
-6270
8156
9445
6557
-576
-2309
432
8632
-3635
4505
7607
3353
-2967
-1042
-1103
-6687
-7128
-8399
-7284
9527
2262
-8800
-6062
9797
-8105
392
3410
8499
-6834
7580
9847
-8894
7876
4856
7311
3302
4685
-7594
3943
-1927
4649
3458
1969
-6090
2535
-4867
-2890
-2010
-4556
-6133
-8695
-7315
-9621
-3477
1023
-9810
-9190
-4705
-899
-9555
6836
5948
-8817
-492
1986
2798
-546
-8994
-599
-4732
1773
1035
3232
8649
1860
-1641
-630
-9279
-2033
2531
-7968
-1323
8117
7623
-9426
2625
-1185
1031
-9545
5368
-2641
1935
1791
-2354
9576
7053
-8449
6498
-5133
-6929
-4040
364
-1398
-9612
-8699
-391
4837
6319
-2782
-6235
2991
1704
-6587
-9292
-2131
8062
8664
7504
-9508
7714
-9725
-751
9317
1492
-6101
-6962
-9114
-3168
-8365
8120
5653
-5471
-4638
-2400
-8937
-43
-4131
-8123
-7615
-1532
4370
-2507
3503
3941
5789
-8556
6630
-6279
1267
4073
3114
8115
-7212
-1747
4987
7101
-8870
-7426
8591
-9712
-122
-3306
-1734
2035
8930
-8396
-2939
6398
-8994
-5758
-8542
1333
4904
1108
1480
3755
-8401
-9255
7126
-1852
9301
1790
3922
7129
-1814
3964
-2069
-7835
9486
-7050
6148
-5760
3997
8761
3961
-5063
-7352
6113
8624
694
2038
-2738
137
-4348
428
-1500
-904
8079
8894
9493
794
8899
-5596
1857
9148
-4323
-8315
-1894
-3595
-5772
-6446
3018
-3545
4745
8224
-2972
-8724
-8248
4051
4717
2570
-9139
-9969
-7570
-3939
-1736
-4300
-4211
7530
-2252
-5256
-9374
7199
-822
-9869
-4899
-1047
-8293
-6461
943
-9283
-9319
8864
-5873
3528
6976
7513
7510
5367
-4511
-6484
-6910
6865
9987
-2803
-7144
-9771
-4503
3696
3001
56
5647
9824
-2622
9373
-4788
1015
6448
-6245
7150
-8183
-2666
-3983
-4175
-6704
-4839
3856
-6129
-3191
394
9879
3652
-6715
-8872
7780
-6565
318
7674
4581
3653
-6443
-4156
7962
8995
3687
6709
282
-772
969
6537
-7820
-424
2001
-6265
2657
-7709
-5519
-9503
-3815
-4910
1308
9617
8119
-2168
-5434
5989
7107
4137
-2208
1907
8389
8895
-8799
-135
3744
7234
273
3429
-1727
-9941
-3188
-77
-111
6481
-4626
-9562
-3953
6379
-8052
-8403
9415
-6261
7784
503
-3106
4972
-5472
-9486
-2351
-2297
-2113
-5483
-9649
-2236
5146
-2699
435
4010
6891
-6447
-5858
956
-6873
1389
-2757
4474
9147
6668
769
-9048
9848
-2365
-2553
2508
-954
5607
-5079
-9196
-3006
9642
-8361
-5156
-2724
-2159
-1896
7882
3954
2634
2595
2151
-7736
-5435
1511
9732
-5621
-8360
-1372
5348
-1534
2515
2454
4743
-9840
7056
-4325
-3589
-8422
2352
-7158
-4434
-840
4222
555
8739
3256
1036
1068
3918
9605
-1100
-510
7494
-1352
6465
-5028
-9678
-9727
7091
-8746
-6983
-7781
-6172
8759
-1505
861
1295
-6973
-1842
-3093
-8261
-8995
-3295
7467
5156
-9792
-744
7461
-8431
6386
-1414
6338
-7553
-2166
5377
8201
7847
-3243
-822
-4020
-6735
2290
-711
-450
-4853
-191
2718
-7940
5269
5141
4902
-8957
823
-5617
-7838
4266
-8549
1561
3458
-5082
-1015
-8575
-2746
6884
-2696
5844
1699
-317
3828
8852
-6911
-5138
492
7549
-6065
-4081
6611
1037
-1841
1422
2840
-7891
4884
-813
-7697
-3490
-4583
4285
-1316
-4730
-6690
108
7594
6281
-1979
4741
2642
5997
-758
-2681
4305
-9634
-8100
-1633
5260
-6860
3768
-3954
9042
-316
595
-1192
-8527
-6028
9449
-2142
2221
6526
2771
-2865
6021
3279
-624
-8914
7377
3898
1325
4243
-8008
2275
8221
6563
9617
7226
9385
4867
-7347
-924
-7715
-5767
6665
-3143
4585
-3140
-9689
3469
8733
-6714
-3961
5982
736
-613
8530
8829
-420
-2434
8729
7239
-6658
9107
-4868
2015
-9908
6201
392
2881
4289
9327
7954
2928
-3824
2567
1705
-4446
5188
-1371
-643
-2232
-8854
-1761
-7000
9513
1627
-8923
1599
2240
-8302
-3472
-7968
-2354
4670
-9585
4017
6948
-6523
2839
-680
1124
8047
333
3615
-6578
-7778
2232
7200
-7403
3831
7231
-6348
5145
-6497
8710
6108
-4106
3334
-4391
2052
7043
-1988
-4084
-5149
8811
-2788
3737
4625
-1605
2153
-728
1901
1801
7012
7280
5979
8749
-613
-9295
-7507
-7314
-3538
3978
-956
-9374
9676
4724
2851
-1571
1430
-3919
-9761
-4955
4592
8475
-4739
-2433
-1710
2603
9350
682
656
7699
-9242
9342
-5150
8394
6221
9033
-9001
-4567
8895
7464
2305
-8855
3291
1829
2980
5567
2566
4580
-3478
4270
-8557
-1566
-4376
7155
4184
7983
-9255
1966
7906
2483
2223
5407
4922
2183
-5766
4685
3911
-865
-777
256
361
4873
5376
6080
-3020
5346
1787
3231
8615
5695
7617
-9720
-4129
7986
-3359
2173
8666
4957
7727
7381
2629
8152
547
-2876
-3675
6281
9062
-4465
5393
2941
3601
6952
-1124
2147
-4691
3641
1249
2531
7425
9890
-135
-5457
7175
1857
4543
-7720
-7889
-1797
-4099
-2299
-648
-5422
3917
-8271
-8349
7890
4539
-5635
-4188
-4628
2094
-9218
-4987
7277
4202
2227
5441
7041
5491
8268
3108
6429
2904
3596
-2932
-507
8641
3094
-9333
-2129
2253
7348
5744
2592
9106
134
2433
-3285
-1108
2979
-8688
-9582
-5810
9083
-9892
-6586
-2371
-7258
-162
8820
-7679
4982
-8600
6112
-8331
-7001
9601
7358
7996
-4293
6740
-9476
5275
-1499
-2353
2548
2528
-5120
-6983
6626
-5134
6895
-2247
7236
4717
-647
2236
4428
-939
2667
2871
-6308
-2993
5424
7783
9001
670
-9864
5491
-378
-8331
-1832
3467
9163
-3949
-4540
4029
292
-3188
-2621
337
8206
2338
-6248
838
-725
9370
2463
-5909
-3060
2140
-9128
2416
-1793
-4800
3903
9122
-7711
5350
-329
-917
8161
-6467
-8982
-980
-5640
-7086
-3553
-5844
-5498
-2340
-9394
3168
2211
7112
357
8109
-9966
3573
4497
-7503
-241
8597
3065
5202
-9885
7041
-4224
4376
9337
-3300
-7103
789
-4793
4801
6557
8354
-6837
-5518
8826
-5928
9778
-1484
-4547
6823
-530
-7105
-2204
6993
8428
-8017
-8201
7939
8484
-6988
-9933
-7615
-2386
-3671
-4162
-3593
4592
8453
3569
6322
6591
-8818
-1425
-7096
8405
3940
-7589
-2238
-603
-8885
-6427
2625
-7734
8212
4449
-1775
-191
161
-1003
-7623
6036
4867
9832
5684
-8578
343
8336
-2883
989
-9432
-5560
4174
-9747
-5216
-6281
2886
3940
-8167
1596
2482
-8937
-483
-9556
2734
-6096
-6331
3078
-5398
-6832
-6815
-6683
-8955
-2963
-240
-5117
-9303
-6764
-7416
-1268
3150
9495
7255
-485
8231
-5553
-7786
-520
-3268
6084
46
-4244
884
7499
5431
4286
-7812
6528
-648
-2843
-3638
9870
2260
-1524
-3306
-3031
-4520
-7445
7352
5330
-5419
3556
-5664
-7721
-6641
-272
-5221
4068
1065
3244
-6419
-4649
4595
-6149
-936
6319
967
-3899
-2299
-7488
7118
