-4477
-5028
-3732
8168
1641
8928
-6399
-8351
7203
162
1404
992
-461
1153
4720
497
-28
5758
272
3851
-4454
7769
-8174
-3798
8634
-6657
9664
-5023
55
-8452
9442
-4281
1870
-3575
5383
8636
1239
-2466
5114
-4743
-4014
-7884
-546
7733
-3369
-7168
-6892
-1561
-5930
-6196
4813
7225
-6499
8816
7840
-5192
5192
7135
-8677
-647
3053
-7736
-2342
178
-9744
2237
2118
2244
9669
-8067
-2410
8325
-9773
-4054
1420
-5436
7701
2115
-4470
-2168
-9864
-5989
6999
-2525
-4574
-6604
-8905
-9259
2461
-7974
-7028
9061
1689
-6768
-881
-2044
1304
7356
627
-4969
-9490
-7324
4849
-6709
-8166
3193
-6739
-3583
-5571
-3418
1109
-8298
-9181
-5183
-3484
-2952
5603
2744
-9216
-5345
5906
6371
780
-5320
1976
7024
5399
-8940
3132
-6916
-1573
-9763
4654
-7700
603
6974
229
-7644
5468
-7271
9497
8543
-6816
-6676
8304
-6312
2663
3853
-1986
6972
-6103
-8888
-3596
2360
5820
6349
9475
6863
-6016
5452
-1454
3172
6872
3475
9248
-768
-5924
-5367
-9877
-7148
-5278
1783
5353
8826
9491
9023
8703
6877
288
-3831
9954
-4020
-7167
9224
-689
5645
3132
367
7913
7678
3679
3944
-7283
-1247
3831
9174
-7845
3189
-503
5906
7614
5730
-1795
7029
4781
9165
7525
-38
-7590
-3915
5568
4836
-3643
-1178
7966
3400
-1743
-2236
-666
7517
6478
-3187
-7479
-3258
-3575
211
8841
-8710
7746
8130
-4294
6382
-3890
9461
2931
8681
1084
4673
-8756
486
109
-1581
-7691
451
3729
643
-1150
9451
2698
6558
-7741
-9718
-4554
9836
4722
-179
-2206
9045
-4072
-9939
-7270
-2448
7636
-9570
-2827
5169
-8601
6357
3943
-5373
2717
5836
6649
6903
4852
-6358
-2868
-9609
2974
805
-4636
3749
-2450
9996
-5277
-2702
2818
-6457
941
6648
4175
7267
6655
9341
-5458
-4820
-5702
-9887
9667
-9254
-6569
-8804
-7939
-5574
8912
-8578
-8383
5382
7151
4250
-1152
6138
-6772
-8594
7849
-567
-5146
-9950
4913
9932
8381
-1425
6051
6759
205
3603
-7546
-1672
1723
-5185
-9106
7914
-1011
9023
-4660
1586
5351
299
1477
1787
-7808
-5367
5118
2927
-4389
-1305
-9991
3458
-9251
9942
4509
6411
-7942
-7875
4358
5655
-3635
3151
6980
-951
5059
769
-2461
6552
-7163
2088
-3509
-9283
-2118
-7177
1212
-6323
-8101
5178
4718
3595
3961
-9270
-688
1300
3069
-9508
2793
4415
-68
9239
6945
1406
-7679
-4150
2488
8637
-6029
-8177
1019
-2943
-3840
5435
-919
6169
-1685
-974
-5606
-8773
-6672
3994
9987
8825
2138
8656
-4927
3346
-2758
-2940
-4888
1346
281
3152
7864
-3744
-7552
3429
8330
8763
-2074
5525
9515
5052
-8018
-3146
-9819
2206
-5605
3383
-8502
5174
2589
2518
-2075
-5928
5967
-3665
1826
-2341
94
-2475
7181
-6612
477
9706
8171
-8563
-445
5410
9111
-1272
-2670
-9944
-7142
8401
1364
-4038
7078
3835
348
-8631
7391
4931
-9621
-6995
-2789
-299
9408
-6488
-8615
1422
-9165
-6250
7083
8902
-8625
-2308
-7575
-171
6677
2157
3621
3795
-6006
-3569
5710
-1278
4431
4723
-8099
4732
7573
-376
-6856
6720
1227
-7188
7317
-8064
-138
-8808
9307
1404
6599
-3703
-1754
9032
-815
1978
4649
-5825
-5817
4577
5631
9588
7803
-9720
6123
-9341
-4206
-8219
-2362
3169
3950
-5198
527
6801
4077
-6161
-6981
-8845
-5227
3809
-1081
1596
-6426
4939
3293
5311
-5536
3155
8337
-3460
-4202
-353
5282
-2077
5772
3725
9670
88
1493
7599
4870
-2695
3106
-2947
6097
4265
-8077
9243
9017
2371
4840
9301
-6901
4666
6621
6724
-5462
-7060
-8958
5489
8431
4249
2163
-1793
-2216
-2377
-7401
-5485
-2007
-3289
-5296
-180
7798
5080
4036
-9687
9655
4503
7416
-6515
-4688
-5907
6529
-8692
8686
-7
1418
-9789
-5859
1350
3676
-8874
5243
-584
8774
4687
6983
5129
-4626
-2264
8130
5872
1778
-8613
1198
-3158
5250
-9421
-8506
6128
4656
682
8852
-3314
-9658
5844
-58
-4971
7289
3900
-8099
3214
-2879
8607
-1961
-4312
-1578
-6021
-9309
-6638
7015
9720
-988
1913
6065
-1169
9618
-7744
-7564
8787
-9243
4615
-9100
-1157
1749
2903
-8644
-8587
-8248
-8000
-1384
-5044
-8642
-4366
2365
-9613
3615
249
5971
7655
-3524
-9102
-5278
-7021
-5343
-3748
-5986
-5717
1
-7844
-1411
-9459
-4820
4208
6393
-582
6951
3541
8852
2133
-5131
-7136
7169
9849
-2869
8911
-10000
9658
-1845
1422
-4011
-7661
-3684
2053
38
-3361
-3742
1178
8377
-7917
-2558
-3288
5481
-1041
-4518
-4412
-463
9175
-3408
3152
-8818
7619
-8422
3956
-1005
7418
4618
-6925
4622
8084
9084
-9770
5794
-9605
9549
-2219
7033
8325
-9385
-8135
1801
-6461
-9784
-6215
2646
-3702
-8257
-8828
-6545
-6508
9003
7073
1988
-736
1099
-2341
-7813
-3190
2598
-8465
-1103
4596
-7218
5940
-7743
-2980
-2348
-7048
3048
-2938
-2676
-8264
-7883
-2042
521
-2180
-9736
8821
-5603
-1763
-745
1169
-3661
-3948
-1093
-7167
1402
8657
8014
-6511
4687
3048
2057
6850
6612
5444
6949
-30
-9201
-8063
8618
-7068
-7699
2107
9873
-2660
-2465
-6697
4588
9187
365
74
-7377
-1396
-6761
-6190
2764
-565
5345
9037
-9796
-898
-6696
4301
-8576
-9723
9269
-1222
4603
6622
-1886
1122
-6137
-5376
3114
-2223
2734
4908
-364
3143
5058
-7560
1336
-4580
-5245
5936
1472
4880
-9654
-6926
1414
-7970
-8060
-8982
293
-2148
4407
-7283
-2848
-5650
8453
6952
9510
-5567
7072
4585
9561
8812
4238
-669
1275
6296
5674
-1064
8407
6285
-2966
-5912
-4218
4833
-3841
8863
-5977
-2910
3726
-3917
-8411
-4180
2601
-7306
-5399
6237
8904
-6006
-8033
-4314
-9372
8742
-9335
7181
-8707
-5392
5811
7593
-9968
6808
7289
9123
3255
-1579
-2216
9097
-6836
-3008
-376
1697
1609
-472
5147
-2643
8162
5889
2951
2451
3033
5437
3293
-4299
-2087
9820
-3377
-9067
8098
995
-9034
151
565
-2008
-5724
2855
6172
4708
-4449
-7346
7707
-8054
-1166
8989
-2075
-7600
4166
-8512
-7492
-9957
1317
1466
-79
-4152
-943
8716
-4068
-2756
-8579
-5289
101
-833
4167
-864
-871
96
6936
8110
-8048
-4399
447
-6119
1032
4044
-9699
-7577
3605
8154
4670
-2734
5253
2656
-2646
9327
6296
5593
7644
-4588
-5344
6972
-6286
-9968
7844
8462
8193
6883
1277
-6616
5091
-1059
-6191
-6385
-2514
9797
6410
9206
6794
-6315
9977
-9553
4136
-9246
5107
-9608
5275
-819
-741
-7359
2684
-5938
9370
2578
1720
-565
3843
-5663
-457
3542
-3041
6842
3337
-8452
4217
8986
-3468
6013
-7064
-5964
927
-3589
-3059
7228
-1944
-4694
-3137
-1575
-4850
7211
-8955
2817
4121
-406
7609
2212
-9630
135
2704
-8017
4487
1483
1574
4999
-5764
-6276
-7307
-8667
-2913
5642
-5303
-9466
-8271
9859
-2973
-901
951
-4646
8206
-6194
5687
5825
5178
5691
-7792
610
-2023
9647
1751
-8993
-911
-1252
-9245
-3135
4499
-5955
3418
181
9391
-6677
-5104
-5959
-8701
-1243
-8429
-5638
4014
-8218
9803
-8450
-5579
-3847
3794
9663
-2971
9363
-7626
-9513
-4598
9643
5791
8999
6152
-20
-6007
-4544
8281
-5336
5183
5699
4821
-4758
2048
6007
-9178
-5188
-983
1816
3622
-4009
-3400
-5955
-7528
2756
-2211
1517
-1894
-8462
5555
4057
8077
5570
3018
-3331
-4135
4862
-6787
1266
-2576
-4383
7013
3910
-6794
8653
1514
3235
-8644
-102
-1408
-2947
2871
-4643
4369
-9216
5232
9241
9034
-1182
612
8638
-7606
-5603
-1249
2208
-3025
1119
-3170
5023
-3728
9117
8680
-3929
-8529
7225
-4697
8826
-6862
-1212
-4313
-4612
-1174
2730
14
4766
4247
-732
6916
-1702
-9305
-2655
1555
3025
1113
5203
-183
-560
-410
7076
1452
-1691
-7836
-9791
-7067
5448
-5297
2373
-2758
-1882
6994
-9349
5688
9174
-7752
6291
-9139
-5524
1612
-6551
-6686
-2905
-5572
3601
6995
-4230
3781
4096
4900
-7765
1345
-1022
5950
3167
-8822
7921
653
173
7214
-4072
-6174
8448
4915
3643
5093
2126
5822
4168
6289
3940
-2418
2004
1651
-929
-8742
5595
-1065
3898
132
8061
-380
-3438
8854
-4218
-8737
5554
8542
9889
2512
1252
-7332
5476
2574
1572
-7510
-5770
-4150
-2265
-556
-2843
4412
1339
-1708
-8460
-172
-189
-8904
7355
7971
-9390
5436
-6856
-2112
7256
-5763
-4390
-2370
-586
-3053
1235
-3562
-4163
-4963
-77
9247
-6817
2876
-7038
-4564
-1271
3509
1674
-801
4552
-6603
-3430
-3198
-5570
-3358
8313
8170
1306
945
5642
-1128
-2157
3310
4169
6725
-1618
4789
6847
8124
-7978
-9774
5106
6404
-5835
6554
519
-290
6908
-6631
-3392
740
-3523
6387
9177
-7239
-6337
-5542
-5558
-5856
2455
5101
7436
-6901
-3180
9472
-1187
7935
9877
-4613
2628
-1937
6786
8295
9853
-3955
6998
3744
4624
-4611
-1866
3050
-447
-8615
-1795
3025
101
8423
-5234
9214
2831
4249
242
7782
-9186
-8317
6681
-1787
5844
-5086
4365
4047
-7953
1337
-2033
9778
-4877
5278
6849
-9126
8961
1449
7728
-4022
-2875
9548
4080
-9683
-4525
4851
5993
4139
1058
7581
7997
-5699
9978
-1119
9493
-1478
3793
-8728
-7605
8201
2658
4797
6266
1022
6468
-3488
-1685
-1681
1877
4234
-5599
-80
4353
4955
1668
6665
3017
8258
-1344
-5746
-3465
-5648
-8557
2374
-7062
125
45
8435
-6591
4100
4594
1506
-9106
-1339
871
2071
4724
8920
-1948
5467
-3459
1632
-3313
332
-678
3435
8354
-4967
7491
-2677
-9901
2345
-1652
-6760
9500
-9993
-4834
-6197
2965
-2086
-603
865
-1413
4881
-1755
-5490
4511
-3702
-271
431
9718
-4706
-5124
8967
-1290
5451
6907
-782
1405
8073
9893
6718
-7630
-3000
5422
-6953
-6868
-6933
1068
2154
-186
1792
945
-4963
-3674
-4634
-1459
9366
-8331
-8370
-4297
1207
10000
-9729
-8020
-8802
2528
-7199
5253
6556
355
-4799
7168
7476
7210
3373
-7970
-3987
-7876
7369
5286
-8180
-2400
1832
1595
2080
1317
-3228
9621
6470
1811
-195
-7851
1143
-8878
-7432
4234
1718
4707
-5062
7611
5165
-5065
-9102
-2630
-684
-5782
-4232
-6986
-3992
8217
-9505
1372
2264
3689
-4875
766
8609
1969
-737
3480
6238
2642
5100
-9561
-3890
167
6360
7532
-404
9508
2534
-9033
4876
-2608
6952
811
394
4722
-5166
-4405
9822
365
-9492
-3249
-5912
1246
-2251
-4597
-7022
7249
-8517
6063
2590
2458
3756
6744
1452
4194
4844
6676
4098
-657
-4028
1519
-4148
4323
-2093
4784
4811
-4924
4957
-8523
3533
1167
4037
4136
-7640
5134
9540
-145
-8878
-3166
-9193
1679
-2737
7806
7080
-6364
7269
3999
-7962
4416
681
135
-8899
-9051
-8178
1137
-8293
-3692
-2039
-2304
2294
5657
1143
-3620
4050
-1577
-7422
2644
-7071
7232
6313
-8734
-7360
7275
2306
-2494
-1375
-3366
3355
-5427
2578
247
-1319
9829
-6203
9634
-5183
2926
-4226
-5077
4776
-9489
-603
1800
-1317
8966
6878
-8177
-5154
-374
-9319
613
4448
-1656
6321
6143
-3977
-504
-6554
-7863
-6714
1902
-9148
-9577
-6763
4267
3423
1055
-4794
-5912
6207
1041
208
-3733
-1086
5508
-8768
-5461
-2872
1372
-1540
-5351
-6798
6958
-12
4883
9422
3807
8606
9596
-9323
-2325
2661
-4284
-67
9741
-1827
-5940
7331
-9016
7824
6675
-24
-5390
6274
1961
-7343
8590
6312
-5752
1675
-1433
-9976
-9255
-926
-6733
3247
9279
2802
1790
6458
-7892
4766
-868
-9792
-8080
3521
-8183
-3462
4281
962
-2664
-9080
7437
-3787
7732
-8268
-4356
2480
5302
4526
-4499
2924
-1151
566
-1209
-970
7766
-5240
-4573
9877
-933
5705
-3197
7147
1230
8758
8874
4858
2682
-8456
-1055
-5696
9812
7904
1514
6475
-8020
9210
-6799
-645
-7661
-7445
8359
-2633
-4085
-8716
4759
7873
-6784
8186
6657
4102
-6691
-4908
-8006
-5916
4553
6573
-8116
5104
9682
-7884
8961
-2961
-2055
7183
-9781
8050
6375
-966
-4743
-657
-5327
-7750
-6939
4420
-7317
-9577
352
8737
985
-4188
5168
8996
979
236
6825
-1779
-7970
-3623
-9141
-8478
879
6120
-6032
-3748
-7223
-6495
1000
-637
3359
9944
2898
6267
2341
-2458
1287
582
1672
-2001
7680
6323
-3089
5677
-8798
-7177
-9591
2036
8593
380
4803
8708
-4274
6872
-5123
5141
5203
-7371
-4270
-7546
-307
342
2138
-4510
-7222
-7236
494
8739
6765
1252
-3182
-8063
-1109
-4169
-644
4506
9850
9802
-8986
-9347
-1492
2701
-246
3929
-8485
9774
-3478
5806
356
-3420
-3546
6365
1051
-3538
1268
-503
1918
4513
-6796
2136
-561
7724
6373
9280
8365
-1301
-5912
8871
-548
-1363
-7322
2821
9580
-9713
-6227
-5205
2438
-1518
-5305
2957
-8830
8691
-8859
-1159
9211
-7686
6177
7370
-358
917
-5420
-956
-6562
4579
5883
-6127
-8957
4840
7413
-520
8035
986
5786
-2461
-7781
-9392
9992
1692
5552
4363
6551
-4530
-3682
4725
5407
524
7797
2770
4885
-9707
5830
-1277
-531
-9110
7283
2281
-4115
-1970
6414
-7553
4218
9704
6974
6822
7692
-783
8673
-7847
-6919
7620
-3239
7131
-5962
6516
1986
-7618
1473
2464
-3458
-650
8849
7754
9937
9037
1239
1363
3333
2140
-9901
8592
-363
9436
6078
-6724
-507
-7228
9752
2268
-7835
-7474
7221
-8934
3224
-6341
-1415
-6214
7337
-4150
1447
-9666
-4287
570
-6377
-3643
-3366
-181
-4523
7457
-527
3059
-590
-4454
2604
6816
501
-2592
-228
2499
6389
9787
-3056
3141
-1013
-6849
-9271
9892
7339
4478
2615
-4781
9188
-8151
8828
-4351
-5432
-3616
-6659
995
3531
844
-1804
-8738
1853
-3640
-1618
4160
-5665
-7055
4379
59
-7305
8431
6600
3214
7872
-9039
2071
4949
-2394
-1978
6695
-6150
1800
5603
7028
-8155
2515
5619
-6496
8088
-3538
4084
604
5740
-1905
-5251
-7912
-3378
2502
6096
-9905
5292
8156
-7161
-7599
-9312
8998
5219
8514
-1558
181
1195
-318
5715
-6894
2514
-4872
-6613
2691
-4583
-1815
-2335
-8462
378
1794
2360
-3045
-2495
5944
-7623
2358
1444
4651
-2835
9643
-809
-9443
3716
-544
1848
3841
-8393
-8468
2662
-6696
543
-9569
5285
4117
7364
1407
3141
2694
-1941
-8171
5065
-6897
-5280
6930
-9187
-8476
7710
2159
7777
5132
8758
-4930
6555
5603
2012
-3500
-1954
-9287
-2862
-4660
-3857
-1006
-7871
4714
-687
6338
-5018
2320
8992
-9673
-7272
-9383
8455
9489
2722
7071
2363
3574
-3592
-2861
-7576
-3877
-5055
-568
6961
7067
-4337
-1700
-5932
-1360
-5491
-8907
5801
-9753
9593
-8519
5149
-1805
-1999
-3386
-4273
8223
-9096
3516
7015
-1166
1431
-5431
5472
6839
5616
-2570
-3841
-1751
8281
-41
-1657
-9094
9978
-6241
-4122
7834
-183
-7653
5021
-3348
-2585
-1609
9682
6452
4120
-3937
-3232
4555
-5771
1177
-1230
-6232
-290
-7848
-6845
1732
-9063
9215
-5879
3422
1196
-3406
-4473
-1051
7631
-7239
-6491
-4567
-8200
7699
4570
5524
-263
-2704
2950
-2615
-6630
-6063
4456
6026
9912
-6729
9121
4122
-654
4961
-1945
-3333
-3948
-5333
8326
4705
-4749
5476
5120
-5770
210
-2307
-6180
-7929
2429
-2376
2343
1382
-6216
-9758
-7994
9763
7236
-2550
-3685
-3161
4349
6319
-9948
1377
-8550
8421
-7906
-5250
4872
-8602
535
6191
-9917
3899
-2761
-5970
-1255
6727
-6210
2517
1840
5719
-4511
452
2909
9605
6452
4351
7287
-5045
-9095
4460
7208
-2191
-8758
4947
9898
-880
-4819
5264
9348
-9713
-5401
2466
9283
-2167
-8089
-1048
-5343
5987
-9045
8702
5657
70
-7143
2703
4964
-763
7926
4237
9362
7832
2798
-2234
-5061
-8245
8724
-7040
7653
-3444
-1570
-878
-4470
-4441
4781
5319
-8162
2981
5980
7988
8602
2560
-8936
1007
-6161
6025
-3317
-5419
5432
576
9051
-374
-2178
-7816
7200
7022
-2319
-7794
121
-7301
417
-1809
3961
-2090
-7181
-5145
-4384
-2636
7461
3884
-2
-7577
2564
-4595
-778
-1655
9198
1065
3259
5503
-521
5575
-9912
8923
4298
4609
5191
6492
2070
-3297
-441
-2276
1818
-5531
-7453
7600
698
8935
1091
-5154
-4662
-7843
1729
4679
1664
3148
1405
-8915
517
-4680
6636
46
-8475
6163
-1124
9179
5073
-9860
4307
5618
-9905
-589
-3079
736
-1464
7293
3194
-3245
-7397
8258
-6969
-8415
-4564
2528
-4611
-931
107
8421
-5554
9224
-6658
-7213
-3789
-5994
9053
2052
-3168
291
-8156
740
3671
4358
-8876
6678
3506
225
-6674
9803
3944
-379
-6315
8729
1500
-8460
-775
6862
8007
-1621
-438
797
-131
2465
-5742
-8796
-1042
189
9265
3509
9463
-7951
706
-7094
-8400
-3323
2991
-1624
814
8403
2228
-2253
4739
928
5377
-4223
-2205
865
-5248
-1371
-2221
5524
4649
1453
9774
-8048
8112
6094
-9803
-3589
-1901
5604
-2066
-2772
3907
-9883
8850
-979
-1202
-8620
-6985
-5968
-8333
5902
7341
-7701
-5607
-6792
7208
6461
-3432
-1577
-1121
-7461
-6699
-4397
6458
-6846
5042
824
8359
7232
-9073
5496
-1813
-8648
4578
-7327
-9637
520
7906
6733
7407
4148
-7900
-6953
4024
-4954
-5475
7257
-5577
-8857
3555
985
-6756
-2093
-5413
-110
-1781
-888
-6357
1407
8722
-1320
5391
-6995
7380
7236
6860
-4557
-857
-2774
9743
-3969
-4515
-2715
7425
9598
-9332
-6521
-5948
-1324
-6609
-1846
-7231
2407
-4501
868
4831
-2349
6435
5050
-3492
5363
-6113
-8566
1072
2355
8860
6420
1623
-7097
7395
8699
-3351
-3019
9892
-8821
-4539
2597
-5048
-963
-3066
-5645
5413
756
8624
-7888
-9570
5967
5519
-9652
9094
3311
-8473
-350
5632
-2065
-203
5993
5778
-4521
6544
1933
-3322
-8817
2400
6770
-3050
-4422
7216
-6557
-356
-3
7060
-153
-8157
-178
3727
1300
-7038
2935
3320
4067
1240
-6508
6315
-283
-8769
-1011
-5968
6972
-4900
9771
-440
6736
-4852
-5646
2271
5792
-6066
6661
-5535
6565
-9618
9766
9700
413
-566
-2791
8994
6011
-7181
4261
2524
7886
4742
9329
9772
6070
-8467
4232
169
1120
-8367
9917
3410
-666
6842
7862
-7664
2159
-9443
1759
2150
-546
-8581
8349
9169
4944
-5284
-4697
-6626
3792
-4580
6555
-9622
-1857
4654
-8695
-1291
9685
-6196
3184
2743
-103
2531
2609
-8228
-7575
-4568
8330
-1101
4227
8594
1726
-7782
7696
-8571
3667
-5742
690
9791
3617
-317
-2267
9069
-4201
-8826
114
-2745
-6625
-1222
-7669
-3820
9378
9038
-4269
9073
18
-7255
-5746
-5888
-8787
-9024
-1493
-8369
4609
-6254
7254
3857
-3091
-2997
3482
-6106
5392
8962
1845
6486
9147
-8250
-6487
7369
-4041
3807
5281
1388
-3003
-91
-6973
3062
2310
-823
-3109
-4619
6371
2821
9714
8010
4235
6458
1773
-5245
3230
2834
5635
-1103
9735
1698
-297
7069
5274
6196
-2886
2200
1088
8942
-5530
-5138
4405
-8304
-4345
941
-11
1422
8172
7267
5714
-9447
8671
-7834
7540
7267
-7096
-3553
937
17
-4307
3032
-3751
-4789
-6451
-9084
8828
6454
-152
-8177
7560
-6260
2808
-2474
-5105
9914
1152
-8400
387
8978
-339
243
-240
-6173
5118
5976
4270
9557
-3537
7029
8581
2633
9125
-6035
2171
-2292
5334
-1095
-6686
-185
9541
-1702
8003
5499
8880
-4916
6814
-5895
2850
-4684
1001
3324
-6042
6172
1692
-6744
-4067
-3353
9953
-3378
4300
5671
-4743
4512
-7888
-7025
-9320
9012
4621
770
4267
5537
8805
5025
-6058
-7315
7352
-3105
-9242
3359
-6816
1932
4393
7767
2481
9248
8682
-1927
8152
1961
947
6916
799
9591
6900
-3552
8037
-7351
6767
6299
7431
4975
6080
-4187
6738
4995
-7120
-9875
2709
-1711
-2235
5655
-5897
-4477
-1812
8175
6801
5602
-3644
7566
1772
6768
-1370
-3573
8679
128
5623
994
-3902
8210
1884
3641
-5113
-8188
9477
-3305
9052
-7945
-3080
-906
3061
407
-7827
2991
2813
-2365
-4344
5273
-8636
-7460
7736
5348
-4697
7003
-8106
7213
-2571
-4605
-7964
-1591
-3635
-2281
4420
6212
-9504
-6080
2968
-9153
3722
8231
-4077
-5390
-8108
4665
-6552
3093
3800
9055
-8101
-6081
-8285
-2186
2978
882
-1602
2571
-7283
-1133
7608
4250
3368
-1471
-8857
-5344
-723
1875
-3882
-6649
-7651
-2843
-15
8599
-5923
-4742
5967
5675
3434
-7752
-9147
-3970
-9527
1900
-7524
309
-3731
3951
-3029
6983
-6272
6777
-9553
9467
7956
-5321
9379
-9610
55
-2475
1500
7852
-8536
338
-2394
-976
4808
2608
-594
-4618
9120
-4026
9542
11
7772
4905
-1405
-2571
5802
8997
-7672
9565
-7322
6449
6293
9334
7359
2383
-3588
6597
2141
744
5526
-5827
3228
-9391
-689
8527
6864
-3873
6356
8380
-8231
5092
-7201
173
9141
9995
2745
4079
7493
2268
-7033
-5623
-9448
3380
-5124
-527
-744
-9888
1059
-5733
-4440
-2508
4625
-1376
-9575
-3818
7626
8999
2917
-8380
-3793
5902
-1882
-6911
-6442
4847
5770
7517
-8929
4692
6716
-9251
-9335
-883
1434
3544
-7834
-3363
3641
-1601
-3542
-7025
8937
-6549
6434
-6461
-5166
-4388
4800
-2045
-4276
-6623
-4568
9789
9301
-930
6570
725
-5347
-1309
-9028
-8070
6879
7088
-3432
3319
-7568
-2170
9692
360
5272
-9646
-3240
-4413
-2131
9180
9059
-7495
-4762
6015
8154
378
5664
-4439
72
6305
4444
8455
1554
5264
-4456
3573
-9669
-3442
-5180
8194
9549
-6856
-5886
5433
8709
6498
-3962
-8602
-6638
-2265
7135
6949
5837
4646
3519
-9990
-2458
-7263
-1483
-9072
336
-6720
7925
-9350
2533
3412
-450
9320
-6835
-6583
8969
-672
1977
5873
8397
-2971
-4815
-7213
-8126
5165
2794
-7982
2911
1204
-3534
-766
-3043
-1883
1622
4134
-8429
8084
4975
5209
-4665
-3497
6346
-2508
854
3746
-937
-3650
-6234
9717
-1694
-5705
833
-5836
5655
9021
9868
-9539
3106
-5321
9354
3568
8310
-5192
4150
-2659
2159
-2330
-4351
1514
-7759
-7673
1849
2351
5081
9958
-1069
-5388
-9869
-1596
-3427
-9952
-3595
9222
-9702
-1980
-7397
-4974
-8751
8822
5133
9249
-9036
-340
-9155
4
-8615
5811
9794
6799
-7708
1475
-551
7714
-758
-6924
8114
-8070
1573
-452
6281
-9788
407
-5807
-2657
-6407
-8067
847
9262
-5965
-8821
-1848
-7614
-6374
1431
-5415
2372
-5011
-1500
-643
-4018
8733
1542
8565
-7513
357
-8290
4020
5113
4753
5151
-6693
-1003
-9917
8374
7918
8805
6937
-9892
-685
-4443
6577
4460
-7602
7057
4423
-1104
5513
-4551
-9056
-2115
625
-6643
1428
9782
-9217
-2353
-1518
3990
2053
-1594
857
-6665
8078
-6241
8866
-1985
-1164
5089
-281
2260
9946
1936
3589
2895
-8711
-5067
7969
-9285
321
5872
-2015
-7234
-1909
5881
-9218
-9323
-1363
-2378
-707
-8592
3417
2361
-5029
1837
2820
-8082
8158
-876
-5819
-2304
-8812
-7529
5272
-5742
8345
-583
-4047
-6175
2021
-7174
-7943
2247
-4893
6080
6956
-3404
8135
-8822
-8653
9216
-5688
-2935
-7356
-4461
-5936
4612
9526
7722
-8219
-515
-5469
-2620
4294
-7175
332
9837
2308
6571
-2779
3063
-7014
5370
-7501
1552
-8789
9016
7624
-2487
-989
8510
-5647
4791
-6257
-77
5614
-2944
-3708
-8377
-9343
2002
4383
-7278
9978
-1229
-3248
4312
-3585
-1121
5266
-6227
9831
1626
4235
-9192
2615
838
-561
-1734
8841
-4765
-909
-7634
-9931
8227
-8843
5826
14
-9655
-5362
-2449
7676
2797
5619
-4046
1655
-8338
3901
4232
-8492
-9068
-6326
494
-1141
-5519
-8634
-8125
386
9851
-4356
7975
9387
6151
-2505
-9691
5698
7346
2518
9158
-6458
7109
-8792
1440
7845
6532
-429
5378
-6592
5139
-6352
-6749
-2126
4844
6462
-5018
4390
9582
-6287
4766
-514
-9548
-9818
268
-6746
-3793
1478
-9359
-517
5511
5864
9159
8206
-4753
5531
-8271
9563
-8989
-792
3915
6559
2948
4922
7257
4723
-5641
1590
-4781
1460
7007
4319
-8733
9359
-2391
227
7096
8736
-103
-6210
-9847
-742
5551
-5711
-1973
-6276
3030
-1451
-9011
-4169
-7679
-212
-841
6911
-1534
8995
5665
4312
326
806
7785
3871
-5071
-360
-1336
8922
-3396
7719
-6373
1859
498
4213
-1755
3458
2256
79
-6273
5992
-2051
-6162
2273
6613
5221
7719
-8215
-8696
-3045
-5675
1695
867
-2962
-6383
-5978
1372
1759
6309
1944
5867
-3386
-3462
-9939
-2426
7279
-7850
5059
5167
-4310
7394
-6732
-343
9406
5593
-6821
-1874
2736
2905
-1592
2480
-1129
4010
4675
-5909
-7198
-5338
-8841
3624
-7580
8964
5194
1907
3985
7824
9743
9690
888
434
-4054
947
1059
-6325
-272
2444
9061
4234
-1172
-9821
-6605
8532
5549
4080
4967
-9998
-1637
7606
6776
6790
-8936
6468
-7928
3477
-5877
-9368
5773
5621
-9755
365
6314
2922
4656
-9623
-341
-6356
6945
-2656
2425
-2506
9842
6272
6214
-3816
-3976
7309
2284
-9835
-9261
-5356
-2845
3949
9754
9270
-9375
-1652
131
-9369
7151
5427
-2957
4173
-7527
6540
3978
-6402
8519
274
-9638
2701
5098
-752
-8497
-3340
-404
2258
-3935
-207
107
1651
3944
-6837
-8867
2102
246
1504
542
-4276
-6083
646
2209
8334
-89
-3898
5291
2393
9202
8459
5836
-846
-1028
9378
5437
-3740
-7745
-5346
1181
6890
-2632
2098
-8140
9801
-5659
-9438
-9615
-2031
-9979
8199
-4485
7866
-8398
9407
3848
5058
-6277
-1952
-9136
4771
6908
6745
-2651
-4325
9044
1862
-5916
-3626
-8393
4638
-1488
-3723
5012
-3778
-8152
9358
-4430
6644
5229
-4542
-2180
58
-3628
-6558
9612
8933
6614
6564
2280
3782
8020
8705
1518
686
517
-4322
7877
8731
-8760
1481
7684
2130
-2725
6856
-2621
-4837
660
3006
2758
-3631
-6147
907
-9042
-4762
-6563
-2963
2502
-9480
-8832
-4827
7448
-8555
1481
7233
-3388
2496
2554
7718
2047
4926
-9644
-1209
1256
7052
-1508
-58
-3851
-4435
-9322
8810
-7044
2580
-2402
-1692
4270
-9694
2788
-167
5910
4773
8780
-6903
-6507
-7964
-8718
182
7861
5744
2665
-1097
2480
7810
-6780
6401
1038
-9465
-8862
-7607
-4607
-2885
-127
-961
6116
3377
-4781
6907
658
6628
8704
7108
3015
-3277
8764
1524
8646
-836
6189
-2972
-4448
54
-2932
-8218
-583
7420
189
8152
-5458
-6061
1017
9875
4467
9906
-8772
4400
-2041
-3838
-3808
-9663
2544
3157
5556
-3185
-6981
-2496
4620
-740
-6635
9855
8688
-8088
-6322
-3087
-2488
9842
8358
9949
-5212
-672
-9106
-632
-6520
1064
-6649
-8029
-5958
9514
-9080
9290
9767
-7542
-9790
-9218
7807
-8566
-6799
9993
-6859
6198
316
-2683
-8407
3041
2837
-4769
-7450
8730
-2376
-9090
-4034
-4269
-1691
-9787
8731
-1969
-3491
1164
-8731
-1541
-480
-7174
-206
1893
-1917
284
-277
1487
-281
-58
-4401
-1676
-2366
-440
8422
3933
-8393
2261
-2547
6253
-6898
1370
1150
9752
-8450
-6292
-5927
794
-3178
-1826
-5720
7518
6472
-2471
-3598
1981
810
6145
2337
-6776
3438
1361
6475
-4804
4707
-3283
3781
6931
-2557
8065
-580
-2073
-1365
-5196
7143
-8042
-7676
-4125
-6317
-399
-8654
8395
8194
1314
-2684
-1504
-4803
6292
6361
6970
-1854
4009
-1788
-5964
-796
1040
9091
-5328
9577
6080
5638
-2187
6152
9569
-2738
-1324
-3560
9100
-5675
-3655
-3222
3931
-95
-1908
-8017
-2861
-8636
8989
4191
7888
-1771
-6053
-3087
-9559
3424
-8284
6948
-8166
-2925
360
7165
-587
4872
-5054
-6603
6388
9573
9529
-371
4933
-4878
3173
800
-6800
-1409
-9205
1517
-5109
-2222
-8024
-1661
163
1147
4484
2859
4218
7741
-6216
4113
-1437
9546
-9392
-5019
1201
-8977
-7471
4621
1162
7351
8330
-8129
3447
-184
6346
-9855
-1172
-9652
-7491
1465
-2775
-9502
6928
-6603
-6986
-7668
-442
1041
-7702
-9680
4291
8683
9413
5788
-8998
5384
8267
8201
3114
6707
-9457
-9938
767
-122
-1133
1075
1057
3575
923
-4530
5795
-9061
8604
709
-2957
-4248
4914
-7063
2946
-5160
8437
7780
7824
-3187
4799
-5320
-5423
-671
-6231
-7975
-6690
-8586
5124
6527
-2570
-4164
8131
2530
-583
-4617
-222
2194
-4641
-4858
-6905
4156
-2237
4938
-9643
-4359
4955
-1781
39
4104
-5922
3486
8571
-6573
-4581
-5678
-2927
-9980
2227
2489
9028
-7247
8104
-7338
-386
-4300
-1255
-4791
5631
-453
-1833
413
-8830
-682
-3248
639
435
-5203
8170
8388
-6289
3648
7282
-1048
-1737
8132
-9982
-7679
-6942
5252
-4280
-9532
8752
-2527
2142
-7685
6401
1576
2926
-6049
7021
-2897
-4213
-7420
-9177
7468
-9364
-6253
-7617
364
5397
6759
-179
9371
-1203
4940
-9479
-8540
8742
-6577
9424
-9307
2486
641
-3802
7330
-7158
9060
-8625
-4580
-8333
2511
6875
-7902
4425
-3342
1684
4303
6943
2781
-2319
4466
8597
-5270
-9891
-5162
1475
-1563
-4595
-4624
-9602
-3738
4931
-3899
5671
-7257
-8743
9111
5730
-7674
-9558
2988
-9491
5771
-813
5365
6533
-8111
-3476
-4802
-7482
7354
8045
5001
470
5327
2977
-7863
-3949
-2775
-582
8210
3149
-979
5124
-2681
-6908
4402
-6985
-5412
-1841
-7478
-1411
-4990
-5890
-5753
-2086
-4142
-8778
-8272
-3854
-3446
-5601
1727
-7663
1151
-7490
6732
-7190
2304
6509
-2321
175
5208
8984
1712
3745
-7734
5571
-2536
137
8649
-5826
9958
-9345
-6554
-2749
2987
-4572
7020
2829
35
-1281
608
1079
-2365
-2213
4879
-7612
-7473
5010
7772
-6925
-7805
-3175
-8902
-160
6824
-4640
7921
-2080
7394
7782
1056
-5524
-4495
-6253
9942
-8105
3405
-1132
3134
9900
-6337
6826
-940
-6060
5821
273
-6264
-593
7643
-5405
5210
3618
9293
3892
-7598
3045
1786
-3012
-9088
9061
7891
297
-87
-7645
-8393
-6418
3649
-6704
6477
-9021
6463
8667
-4573
-3216
967
-9550
-5887
-7889
4612
-608
2726
-3800
-1092
3312
-7968
-9565
-754
9068
-5107
-5660
-3984
-5548
2671
2711
-2303
8527
-9746
4048
-2461
1881
-9361
7891
76
495
-9829
-9751
-6129
486
8372
-9467
3008
4668
2181
8033
-2487
4055
-2651
-1644
2798
-3875
-6084
-8890
-4118
8118
4259
-2340
-1618
4745
9091
5113
-9949
-7746
-3096
8863
8198
-7448
-93
-4080
7555
-808
5623
-5730
-9275
-5384
-1153
-5233
9321
-8582
5221
-5026
-1790
-5832
-9453
5082
1504
2769
-9170
-538
4462
7073
-4121
3420
-194
2019
-9734
6958
2942
9963
-1404
-2994
8495
5917
-6877
8796
2727
-9604
-6899
4524
9115
4466
5002
3676
5983
1193
-7070
-4455
9808
-5853
-5186
5092
-5807
-2990
-6895
6278
9242
9365
-782
3635
3379
1482
1966
8535
9139
-1993
-1770
4582
955
-2936
3079
-7425
8161
8108
-9797
-2616
7440
2822
-980
-1543
-6759
-2454
9292
-6345
-3030
-4027
4073
-5609
8961
3203
-68
6572
-9546
2473
-4178
308
9918
9433
5105
-9924
8514
-4906
-1774
-7042
-175
-165
3324
-542
993
5584
5726
-6397
8852
-6321
-6183
5825
7030
9943
7477
8627
3802
-1666
-3380
1287
-3201
-9244
-1686
1192
1589
-8657
132
4314
-6690
7477
2761
6997
2359
4237
-6727
5063
8683
-5218
6275
6740
-874
7378
8971
8599
1765
-347
-7669
4041
-5660
-2210
-540
-2437
-1034
-6377
7238
-8084
-8953
-2798
6666
71
177
-8925
4383
-3442
8665
8866
5432
-4198
-2467
2991
-345
-414
-1613
-6221
7095
-2867
-2163
1783
-482
4465
4815
-7602
-2848
-4286
-3934
-9494
-9336
-6597
-5162
-1086
5038
-3724
-6533
-241
596
7576
9516
-3018
-2899
-8891
3221
7010
3981
-5933
1507
-419
4987
6310
947
-6623
-8078
5391
9131
1087
-5953
-9389
9572
8639
-4719
1458
4107
-1738
-2654
3573
4852
7129
6478
7838
-6028
544
-4787
1150
-4718
5374
-9897
3193
-4482
3012
9606
5953
-112
-1891
7380
-7840
6202
-5316
-7803
440
-9649
9515
-8225
2607
-8006
-211
8486
