609
7050
-6197
1660
-6908
7293
-9810
3747
-6579
6151
-7023
-6803
1941
-8090
6546
4929
-2053
3391
-8949
6881
9517
7727
-5294
4776
-9791
-3982
-1315
-7191
6991
-5947
2357
-1621
-9226
-4129
5470
-6914
-21
-505
-8080
6638
-4595
8952
-7909
-1403
-8731
-3693
5805
-3552
9223
8657
4122
3444
8912
-7328
-8813
-9616
6036
-4825
1462
3135
8875
-8507
-9492
6146
-7361
-3584
2513
8991
-5487
-545
9138
2506
-338
-5432
5099
-941
5984
-6453
9209
9157
9164
8230
5332
-9005
-7548
-3427
-3686
-496
7008
-9289
9914
-2824
8211
7319
1139
-6885
-1772
2187
6258
-4965
4186
-6624
2451
1382
1720
5890
819
-6136
-6983
1698
-3050
7180
-6987
2039
9077
-7489
-2640
903
9343
8207
4489
-7702
8445
-8964
2167
-9138
6905
-9870
4076
-8435
2477
5577
-3336
5067
9469
9208
5667
4535
3270
-5020
-8157
453
675
6535
3453
7496
2149
-9810
2132
-3652
-2161
-8812
-9391
-6582
-510
7561
4738
-1931
1624
7688
-3300
-576
-4797
5694
403
7524
7699
2009
5927
-592
980
-9277
-3441
8885
9823
-1351
1496
4050
-5451
9192
1224
-3520
-8172
8977
7021
-3070
-8641
2718
9279
4147
4695
-6807
8631
5577
6950
5836
-5708
4807
-7689
6324
-1731
7314
-7828
-6307
9556
-7164
-350
-6317
-3700
-3322
-1900
-5403
8786
6849
-8072
-130
2225
-2295
3801
2892
-6341
8762
-146
1088
-1053
8398
-8884
-5600
-2519
-4130
3337
7317
-3870
8796
985
-9687
5836
-8824
9176
-1527
3746
8385
265
9280
577
-9284
-6910
-5441
-688
9511
-5259
5336
2395
-140
1198
-5228
-2420
-8914
7016
8796
-5747
2425
-4720
593
6822
4474
1494
-4730
-5093
-6789
1753
-642
3996
-8891
4387
-5090
-3897
9407
-7287
-7651
3793
5597
-9119
-3524
-4695
7844
8646
-8962
-9017
7418
-3486
-2455
4831
9101
256
8090
9782
6639
4085
-7094
-4692
-4308
3752
-1184
1605
-5151
6060
809
6573
5491
-6736
-3316
1583
6515
9272
-6531
6712
-3438
-5584
-7839
-7328
4329
4407
1993
3448
-3990
8444
9621
5068
1427
-6206
2450
-1316
-6849
-4855
-6484
-3001
9742
5771
-6689
-3689
7768
4336
-1389
6785
8119
6700
-7962
8221
7960
3950
-5084
3011
5108
2970
-2882
-7840
-7321
-5121
-6116
2669
9041
7402
8782
3168
-5726
-939
8302
-1651
-347
2181
6147
-1313
-3217
5861
3210
-456
-4841
-5429
5082
-5275
1910
2582
-6203
8838
-3935
3693
-694
5676
-1601
3110
-7295
-9140
-9353
2844
2286
-3612
-6048
3065
7071
870
2104
2786
2933
-8099
2755
-9152
5954
-2074
340
9550
6324
2639
-7058
-9765
2583
-1452
7739
3229
4992
-5386
5843
1622
-4200
6724
-4548
-7721
-9491
-6031
-6598
6819
-8783
3638
-4931
5826
-1937
-3562
1602
-2072
8571
2062
6561
2988
1748
-6429
8426
2739
-7824
2520
-4386
-7033
-7745
3484
-5543
3848
4579
-7707
-8244
664
3948
9442
-6165
1929
-5628
5454
8229
5075
9881
1978
-6906
2154
-6156
-651
8339
6590
8919
5143
6990
-6778
7208
-3837
-9443
4755
6611
-8045
-6974
6163
-8767
-5598
2825
-2075
204
5829
-4187
8181
3000
-2802
1306
-1226
7516
-3220
3343
2099
1138
-7360
-4367
-5689
-7468
286
-792
5435
-1360
7638
-4171
-3510
-5262
113
62
-286
4349
-3789
-7948
8831
-5679
8607
3048
4001
-7031
-8331
-2718
566
353
2056
-4484
9968
-2196
6581
-4023
2041
6771
9698
3517
-8823
-2676
7281
1239
1477
6810
-8859
-337
4495
-4142
1011
7783
-9400
4939
3741
1167
-3206
-6913
-6958
-3869
-4195
-7874
3705
-9509
-1865
6571
-6950
7497
-1053
1762
6024
4667
-281
2328
-3118
-370
7543
2196
-7344
-4949
4095
5263
4584
-7519
2301
-1020
9399
7737
-7487
-3816
-1755
-81
6576
-9175
3243
-1781
890
-2480
4405
3621
-4111
-2575
5626
4079
-9977
3673
-4700
-2469
-2787
-8358
-9365
-1455
3553
5968
6846
-390
-1594
-1064
2560
1921
-1586
-4158
8493
2543
-708
-2602
6083
8054
4155
6974
-7641
2603
-4706
-4809
-6087
-6822
4619
-9727
7011
-6652
-8064
4639
-3383
2629
-831
-8269
1131
-54
1437
8576
1983
4531
-7602
7233
-7303
-9391
6244
8625
9451
3133
-8967
-5796
8340
6498
5259
-8851
-9994
6839
-4942
376
2254
2464
1570
-6737
-2314
7565
-6414
6660
-9363
7330
1672
-5644
3510
-6863
8880
-8093
275
-9774
-7613
-2552
2505
8495
-7422
5443
6198
-6600
4619
6171
3346
-6224
4073
-5220
9388
-9223
-2158
-1705
4255
-8941
5915
-549
-8169
-3135
2967
5178
2664
-3832
6178
-7947
-7765
6931
-3442
6206
-7606
-1698
-451
7985
-4373
8021
7533
853
3515
3900
9185
-3935
6920
9034
4216
-6099
9198
-1020
3727
865
-4723
6101
3423
-1172
3209
8339
4180
8397
1034
5640
-9551
-8169
7864
9626
8345
8173
-7241
2983
-2789
1674
-4233
3152
-3557
6915
6519
-6957
8205
7516
2561
-2682
-826
-4098
-7305
-8196
2544
5723
3740
-4625
-3784
2160
-3679
-2812
-52
-1380
-2847
-6579
-267
-7954
-4500
548
7653
5098
416
-232
-955
3387
-7338
8813
5749
2071
-5957
2401
-3189
8876
9583
7504
-4630
7671
-4904
-121
-8499
-6084
8153
3077
5233
-2400
-7520
-4507
-488
-8797
4234
-5816
-3369
-4808
-1807
4196
-5884
-3998
-8011
9532
-9736
2668
-5738
8620
-3346
-9865
-7037
-3809
5499
-7623
-9985
2860
-3296
-3317
8339
-2436
300
-5146
5188
6143
1135
2290
-421
-3201
-4666
-4374
-6433
-3785
-2594
-4858
8933
4119
6763
4500
3247
4927
6021
-8086
-3797
6259
-2016
8929
1304
7736
-2027
-2623
-7200
1758
-4966
-6140
-8053
-388
605
228
-8632
-6890
-3979
-8633
1691
-4611
-2713
-9695
-2015
492
8192
-5415
8273
509
-1009
-705
-6870
-9183
1996
-3206
6651
5779
-2443
825
-5775
4193
-8162
2153
-8770
-7427
2839
3534
-5655
2286
-1599
-7484
-3725
-566
-7489
-5477
-6029
6865
-6152
2440
-6021
3408
5275
-6580
-4817
-1529
3843
6295
-3701
-9715
-4185
4010
-642
7056
-8637
9710
-2524
2430
6891
2681
-9918
7086
1953
5997
-6362
2636
7043
5206
1017
-9324
8985
-7741
9596
7207
-9875
-316
9520
-2009
5288
-4400
1797
-8708
-9770
-1926
-3364
-850
-9692
465
836
5364
-7320
-1876
-6879
-6487
-3228
3160
-8146
-6474
-3106
643
-67
4612
5586
-4464
2024
9664
2518
-3412
3721
2816
-4446
-3366
-3790
6733
-8393
-1440
-8006
6484
-9537
-207
-7380
-3498
-9959
9478
-1406
2570
1801
7192
5893
-8106
1279
-8837
9903
8652
5824
-9974
296
9091
-7435
-744
-8408
-7876
-115
-8635
-4315
-9493
7833
-9261
589
5596
-9093
-7146
-1951
-6506
-3118
5547
8494
5157
3827
-9042
-8806
-6144
-702
-3065
-5310
7691
8548
-9524
-5239
1030
3280
8110
7201
2690
-1533
-6062
6912
2647
-7732
-8370
1629
-6298
1615
3150
-9090
-3643
8994
-8161
1278
-9760
1611
4234
-5933
5167
-778
-2820
2226
7274
-3381
1671
3444
-2732
6803
-861
2705
-549
-6430
6638
-3371
-4327
-4354
-7640
-3681
-5849
2983
3629
1986
-318
3280
-1424
1587
-9199
8506
5836
-685
8949
6126
-7144
-9715
-99
-7143
-5161
7031
5080
-9318
-5756
-5584
-6358
-8397
2808
-1850
5371
6788
6821
7727
-7947
-100
-378
-3942
-6410
3332
-8315
-4680
2083
9918
1856
-4912
532
-1439
-3057
-3418
-9362
-4661
7594
-684
2055
-4254
-400
4806
7375
-8825
-2926
-8567
-3462
5709
-3662
480
1506
-2503
-7558
-9971
2686
-3080
-222
-3195
9678
-9837
-6165
-9208
-6891
8374
-9666
5790
5491
6549
-9753
-5200
-5594
728
-5703
8378
7061
3885
6664
4453
2485
4257
-8882
-5670
1625
8201
2211
-4193
-2760
4701
7457
-2732
-4077
4678
-5053
1549
8927
-4291
-1903
542
5468
-3596
3696
5097
-4832
1507
-2293
-7716
-4272
4514
9928
311
-1412
5292
-1986
-428
-8393
-14
-4368
9994
-1050
-6411
3400
-2214
-8801
-8429
6985
9672
-4322
3631
6694
-8209
9901
-5560
-9954
-6362
1560
3309
-3116
8951
-1150
-4262
6505
-1022
-7739
1988
3667
-6814
4989
-1439
8091
-51
4156
-5569
8599
-4
-6473
-6446
4568
1674
5235
-7812
-6091
5769
-5296
-3645
-8956
31
353
1149
5024
6952
6974
4136
8516
1693
6987
-8206
8887
-3399
-1418
-2553
-2222
8023
1090
4034
-9128
-4439
-6410
8005
-5521
-4081
9869
-6843
8629
-9584
-1593
-4253
-7273
-6034
-5703
-4204
3891
-7981
3694
7841
-9984
2711
9213
-4726
-4517
-6580
-1971
-425
3524
2079
1622
-7987
7566
-5069
6449
3200
3498
-4131
-3354
6366
2313
-111
9747
6853
-8583
153
-7544
-4493
-8081
-7610
-5399
2000
-7412
3594
-6192
9378
4085
-3927
9180
-7873
7295
3682
-1981
-2960
-8650
-8925
-2545
3616
-6668
3595
-3535
2114
-7528
9361
9062
-8324
-5676
-1223
8330
645
-30
-1823
3965
2922
-4714
-2174
2454
-8810
-2547
-4938
-1267
8839
-845
1429
9167
6377
-4086
8554
5278
4585
7594
-9469
803
-2502
881
7727
8656
-4383
-4092
8109
2106
-6027
2659
364
-3517
-1313
5390
8822
-2299
5551
-1287
8322
5390
-9851
1320
3004
-7215
-9817
4061
-5211
-6301
-3432
1036
-5594
-4843
1670
-9840
9696
-1261
5053
-1169
7470
7135
-190
9512
7043
2893
9724
-5923
-3297
-1702
-9363
8979
5817
6668
-2567
3326
-582
4071
-5666
-8719
2884
2227
-4429
-8031
-7044
-9534
7767
-9640
-1819
-1487
-7073
-1092
2826
4234
-9193
4562
1896
-4023
4666
5439
-7048
4076
1748
-3655
5074
-6042
6747
-2705
9387
-6345
4701
-8241
-5629
1101
-2498
-2829
4703
2944
6833
1526
1823
-9803
-434
-2850
5343
4778
6621
4478
8796
4475
1028
-4782
-6982
883
-7207
-6870
5827
5213
5403
9398
1253
-6879
-799
3788
2735
7061
2741
-7591
-7940
-7807
7280
-4983
-9487
1086
7112
-5941
-8174
3435
2897
1779
6447
2114
-2400
900
-1867
-1526
120
1338
-8524
-8816
4838
8070
3209
1636
-693
-6933
-9021
1639
8129
-6345
6414
-1019
-3152
1652
223
3926
-1439
460
4831
-2507
-6672
9969
-8395
6042
6394
7945
-4967
1129
5899
7251
-6438
4822
-5789
-6741
-5163
-6854
917
375
718
-3696
-9881
-2547
1123
-8456
9252
1718
-9092
-1100
9518
-6736
-665
-9159
9768
-474
9903
-8326
-5421
-1751
-3181
353
9395
-5945
-942
9032
-4338
-6594
2843
-1396
5533
2456
4079
6267
9088
-7558
-2317
10000
443
471
-161
-7457
3137
6687
1113
5085
4900
-4300
-414
9480
8750
1702
-3517
-7808
2233
-7489
9280
-9731
2080
4382
7850
4851
-1176
9931
64
6974
-8156
-4556
1862
-5173
4260
-902
-9705
-9688
3316
7514
-3048
-4
-8557
-6935
-1345
-656
-5826
6259
4658
-147
8127
-865
5016
2643
1854
-7936
8310
8437
3352
6886
8866
8688
424
-85
28
-8634
-7936
-5489
7769
2754
8794
-4470
75
-2238
-3561
3358
9512
-7709
4825
-7185
-7281
-2750
6601
5584
-1663
6666
9165
5611
4311
-5937
-9912
6008
5275
6789
9774
-8768
5507
-6021
8306
3197
176
6883
-3170
-8245
318
-119
5791
-8
4015
7708
8316
6911
-8115
5958
-6465
-6874
6087
8905
-3251
3790
9405
-8246
1597
-2274
-9561
-1926
9235
7261
9442
-1014
-130
5140
-1499
-4287
7927
1710
-5382
6738
-3945
2601
4662
-7574
2808
5806
-1598
-5821
2088
-4361
-6412
-2666
-484
-6264
-7053
-9816
8645
1882
5198
8358
-9634
-5446
2692
-5301
2708
8701
-8350
-6116
-6621
2304
-1847
1061
-1023
2277
-9312
-8540
-8018
-7874
-9515
-2613
-2347
9778
790
4028
8700
-724
7145
9262
466
3
-4514
5693
6409
3004
2133
-1032
8806
-9792
-1544
9178
3965
-2302
5417
-5811
-1090
7310
-9100
-905
2637
3136
-5405
4703
-6808
1341
9034
2951
8825
3909
9997
-6033
-2190
-3523
2363
4498
-3829
-7582
-9901
9869
-6427
-7849
-6205
-2593
5954
-3119
-1861
5331
-5392
7833
8809
2337
-6957
6623
-7942
-4668
8569
8087
1726
7014
-6883
7077
2423
-7456
6416
-2913
8171
3792
-776
-883
7610
-5638
-4768
7908
-9571
-5061
3875
-1776
4405
9634
9864
7910
195
5262
-8609
-2006
2854
4799
-3132
8869
-9726
-4645
-3373
-2772
-1454
-957
7764
-8126
-8955
264
-805
8847
-322
24
4182
-9855
-7823
7695
-6091
9421
-19
9894
-9233
-404
-4815
1658
-5419
-8998
-2754
3334
4305
4629
-2505
-2143
-340
2936
-9518
-3599
-646
-5536
-6181
3006
-6313
-8679
7581
7365
-7411
-4368
-8913
-9092
6968
-188
9698
8877
-5949
9831
-8713
-505
624
-4473
2723
1641
2683
-3166
1193
-1200
-8090
-4521
-6728
-298
229
-5365
5933
-9602
2061
1663
-8063
-6831
-6723
1616
-4310
8323
-2791
7520
-9529
-4895
582
-9494
-7785
927
1325
2346
4299
6235
-9561
9130
3270
-4487
-1484
2278
9524
9908
-3429
-9311
8805
4727
9358
83
-4717
3473
1816
2602
-719
7203
-619
-8508
-3185
9735
-1132
-8098
8903
2125
-1317
9786
112
4014
4500
8270
1341
3591
4898
2850
2999
3765
-1260
9164
-3798
-661
-8560
5392
8067
-6125
6549
2569
5895
5301
-1954
-6380
-5413
-6123
-3591
-4523
3783
9850
6215
7562
874
8844
8483
9265
-3840
-93
-9683
1534
7955
-5470
3649
1691
5689
-8793
514
9102
5926
8581
7899
-7758
-2114
-3327
-8819
4953
-2992
3812
-5552
-3201
753
5516
255
8650
-9618
4337
9964
3704
1488
2465
-5583
3338
5540
-3110
-5913
5605
6709
8079
-5043
5375
-5753
-8748
-3232
5147
-3942
-9563
9578
-4922
2862
-2423
1230
6167
9796
1737
-4725
-8537
3880
5694
7381
-2899
-4390
-5069
4725
7906
-6598
-6950
-505
-4181
-3062
9001
-607
4980
-2084
8127
-5894
6654
-1278
-9044
-1431
8293
-3097
-6295
-2112
194
-5558
5779
-3990
3176
3970
-6418
8074
7426
6835
3190
-3473
8938
6486
-5100
5378
3942
1842
-5771
-8385
2781
-1747
9182
4287
-2521
-183
4346
5663
-8422
8552
5335
3296
-2122
-6086
2109
4994
-7330
6975
8814
-2406
3117
5887
-7210
8441
-4335
-1960
2429
-4592
-9757
7389
820
4930
-2349
-5926
323
-3983
9039
-3728
-2446
4700
4830
-7738
2446
-7383
5079
8409
-6219
-8272
625
-5834
3647
3874
4666
-3458
-7919
-6376
-2740
2647
-7352
-8453
-7924
-1365
-3441
-8225
-41
792
-7941
-8295
7597
-2201
-8912
8511
-2778
-627
-2388
5948
4832
-3527
7864
6488
1161
-4918
5490
6636
-2801
9811
7378
1701
-4671
-9023
-8533
536
6916
5374
-7597
9735
-7115
-5734
-5001
-71
-9604
4782
-2964
-2850
8654
-4095
-9907
-3222
5077
9613
149
1403
-7435
-1325
-8807
-9197
-6497
7904
-2990
-6154
-1157
1260
-798
-5155
-5499
-7720
1584
-9249
-7556
7361
-2037
-3432
-7926
-320
-848
7417
-2064
-2424
8290
253
-4576
-6755
1125
8566
7980
-5050
671
-3224
-1933
-2344
-8586
6082
-5986
-3878
7580
2646
-8225
-8659
7298
1445
7491
-8774
2611
-3838
3544
6331
-1245
7526
-9388
-8770
-8966
-7678
-562
926
-1738
6813
3580
-111
-3360
-6702
-161
990
6933
6487
7380
-9200
2966
-2660
-3348
8389
6907
1264
-8504
-116
1218
-9387
5803
7971
-1585
-9688
-1188
6314
-5170
8900
2931
-1208
-6444
2197
9962
-4997
-5926
-4920
-4981
-4908
-8274
2365
1553
-7992
7149
3242
3321
-8839
2790
-8918
-3351
7621
-8006
4133
-5213
6731
8461
152
5096
-8087
2012
-7388
7263
-6599
1140
5143
-2994
4591
7943
-6861
5006
-1983
-6115
-2131
-8478
9778
-935
-9247
-156
1998
-5272
6426
-8544
-4139
2234
3499
2385
4614
-8764
4521
-8377
7341
4615
7151
-7548
3097
-7222
7594
-408
6439
6548
621
-6857
-7187
-804
-4337
-6836
-6864
-8237
-6770
-2625
8338
9903
-5665
-8135
1244
4097
804
9607
-3998
-7490
-9970
-3367
-8896
-2319
702
5927
6608
4501
2681
6000
-7038
-5743
6703
-8918
405
-9877
2870
7576
7455
7584
6494
-1772
-71
-3816
-1107
-9769
-4406
8975
3981
2664
-1827
2066
-9350
-2567
434
-7823
5400
-4211
7673
-3988
6027
-3183
-480
-3320
114
-3635
-7720
3837
-1495
-6270
8760
-7696
1579
-3820
4819
1548
8508
1768
7514
1542
-5590
6088
-1757
-3719
-957
-8327
-6937
-1103
6687
859
-7443
3842
-8531
-674
-766
145
5020
-4403
6299
-5864
2422
3277
-6044
-5194
-5577
2031
-8708
8412
-7942
-2024
-580
-5905
4368
4158
1730
-9780
-4959
-2454
-8290
-930
9197
-1790
5478
1440
-9835
-3957
1592
3507
-6200
1283
-84
-4384
-858
-8666
7292
-3443
6443
9402
1589
5091
19
1448
-6089
5569
-6426
-227
-5994
6300
4972
-7891
-1497
-3681
3788
-4197
-8319
-1291
-2808
-9734
-4910
5423
-8070
2055
860
-1259
-7294
-8834
-4854
-582
-3556
7303
1679
-6465
2121
-2932
773
8137
-618
9446
-8969
-6021
8887
-1511
9826
5525
-4989
8848
-1267
1953
-7154
-3610
-2774
3491
8991
5759
3228
4238
3982
8157
1834
-8337
-5447
2123
4726
-2487
3522
-7612
-2656
4157
-6679
-2348
1436
7177
-9466
-5473
8918
5179
7422
-3282
5671
-4400
8344
4163
-4230
-5864
1567
7226
-1662
5058
-9674
7381
4556
2286
-9442
-6781
-4581
3682
-9803
5217
9862
6237
-6255
4175
-3432
-2871
9758
-2875
7521
-4203
-3863
1132
-8456
-8064
-5583
-2744
-5396
5872
8906
-4092
-1951
9516
-7890
4838
-3462
-9642
-4324
-7784
-206
-2188
-5650
8238
9097
8560
6258
-947
9613
3176
9470
-9624
-7320
-4214
1893
1066
3910
-6579
-9573
2815
-7707
5465
5517
-5426
6196
6404
-9843
-2349
7156
3260
-2887
6941
5538
-554
8675
-9266
-5426
3170
5157
-8242
5952
474
4687
4991
4378
-3495
-5549
-5840
7539
3432
-5779
-1407
-1808
-3645
465
-5234
4866
630
-198
-3528
6122
2083
4097
-1016
-357
-6495
5769
1309
6947
6196
-1912
2442
-7402
4568
-3002
889
-8371
3936
-4746
301
-1606
8816
6894
-9659
769
5319
9929
5913
432
2799
-1174
-4661
-3924
-4109
8264
-7372
-6385
891
-7646
-5402
-102
-1645
-1924
9067
5331
-3581
6450
-8882
-6420
7561
-9261
7892
-1929
4887
561
3680
-5829
-1349
-65
8552
8510
9490
7337
-7492
-2951
8864
3988
1600
5154
-7678
5848
-4388
1531
-4293
-7817
-6045
-9456
-3861
-9197
2354
-4819
-5976
1325
-5999
4626
-6587
1340
-5666
-5329
605
-9413
7280
-6697
972
1469
5074
-8605
-2355
5742
-3138
4762
3982
4328
-4854
4652
2180
9593
6729
5885
3764
6366
7776
-356
3693
8752
-9592
-3714
-7825
-6281
296
-9604
8101
-4296
1153
-5786
9368
-776
-1418
847
9257
3772
-3498
-5064
-4663
-6037
-2059
5694
5512
-9539
-3603
-2671
-8563
-4517
2236
-3903
582
8413
-6746
-8694
-7671
-2710
-8709
-153
-2094
8277
3217
-4273
1258
-4991
7756
3282
5711
7909
3347
-7016
-830
-1206
785
-8828
-2004
-4378
6616
-5269
-4545
-9914
-8972
7090
-3688
-1079
9191
-8488
3355
-3885
-9183
145
5480
828
-3737
-8358
4560
-5659
2395
6707
-7268
-2028
581
-5201
-3394
-2595
-5107
-1362
485
6816
2044
-6918
-6991
-9880
325
5925
-1999
1468
764
-1345
-8385
-173
-9908
-4034
3693
-543
-6336
2940
-2171
1437
4904
4985
-3836
-7204
3841
-6740
-316
-3576
9289
-4867
7523
1821
-9326
850
6533
-8345
-5091
-1880
8000
-5240
3516
-4315
-7347
-3846
-2272
2859
3782
-982
2930
-3937
2691
-9564
-2713
2236
6821
-2299
-3933
-9192
2235
-243
-6076
3418
-6039
2417
8607
2921
1190
-9263
-2343
-4981
5030
9261
3172
3684
6862
-4433
689
7185
9600
-1866
-1724
9415
-5437
-2146
9897
4929
-3272
-4215
-3392
9970
459
4641
-4627
-6496
4967
4395
-8526
-3495
-8322
8204
2872
4039
-5321
-9723
-8208
-9904
-92
8860
1743
-1620
7110
-6043
-1939
6586
-6327
5192
-2981
1417
6769
9841
4547
-5380
-8847
-1425
6767
2447
-9835
7179
-4202
2696
1980
-8969
-4042
-8366
6333
7751
1950
-6055
-5916
-7600
5396
-9925
7360
-1651
-5640
1082
-5470
-9957
5373
9664
-1651
563
-6644
1796
5273
-7481
2960
-8132
-1522
-611
-7591
-4965
-2287
6366
-7493
-9738
3036
6465
-9090
-3838
7387
-8628
-4907
7544
-5262
-9075
9846
7366
-5565
9490
3445
1509
1438
-3648
-3179
9068
-7913
2770
5523
5315
989
-9347
-8261
2131
1532
9700
3417
-7180
-6027
-9120
9847
1259
-4286
6671
3026
9295
-7943
6616
2392
482
-6482
3337
-4275
-2352
-8592
4259
-3774
-4473
9872
3634
-2497
-2911
-1952
-5326
5416
5152
5798
1142
8735
7547
3094
-3111
-5828
-9578
-4847
5060
7935
602
1833
-1874
-3561
-7007
-9048
3742
5063
7286
1743
9467
1008
-6780
7415
1556
-9939
2623
-5262
-1345
-6887
-1592
5835
8608
8575
-4616
919
-2359
-9657
2825
-5156
-5287
-9791
-9027
4095
1241
3705
1707
-3246
-8112
3888
5830
8448
-1812
-4194
4917
-5959
-2993
-691
1650
7227
6517
3442
-5749
6904
4047
-7753
8894
-8711
-2865
-5579
3733
6324
-3572
-6895
-5230
-2841
7743
3927
-6493
-5708
-8626
-3178
-5259
7464
-6287
3291
-5647
-977
-4078
-7253
1399
-3590
507
7215
9023
-8090
6567
2580
-6294
5285
-354
-7472
2558
3145
-4563
-8723
3437
-1732
-8691
-9886
-7226
9515
8682
3078
3082
-1680
-438
4472
3729
-4095
-2576
-3691
-9953
-4283
3952
6600
4697
-5927
3254
-3444
-8709
-3947
2804
287
8521
-1775
2429
-6732
3759
3029
-8325
3209
5318
-2229
-5971
-265
10
1660
2219
2917
-3730
-738
8379
5923
3434
8157
-9811
2123
8474
2174
8132
8197
6419
-413
5487
-3171
563
769
2148
7241
7965
5097
-4315
-5173
-3353
-4448
6159
-3101
-2108
-7547
6747
-2852
-6991
-8867
-587
-7453
-2293
-7951
7759
-4384
-1109
-9411
9140
4922
8701
-8119
-6906
6522
8277
6515
5433
4101
-1960
-8730
5997
487
5426
-4235
-6356
4582
-5888
7202
-3561
-6069
6501
-131
-6743
2698
-6268
-428
-3632
4117
-1648
-8245
2123
-7666
-7017
-1456
-6595
5227
2908
9923
5907
1027
1192
1782
-241
-7032
3822
-6479
-9523
-185
-1946
-2366
-8968
-2403
388
-5682
-5325
-8370
-9742
4806
9892
-3922
7990
-6529
9825
-3097
-3366
764
130
353
-2012
9358
-7773
-9426
2824
-6303
4427
-4149
-8164
-4404
-2321
-3293
-7991
7979
9887
1879
-93
-2715
-8984
5355
-5716
2500
8789
-8804
6178
2547
6560
-1177
3705
-9625
-72
4137
-3919
-5652
144
-7235
-5644
3389
1150
9377
4793
4067
-1428
452
7370
300
-9940
-9176
-8421
9832
-4651
-4243
6950
-7995
2605
-8687
7947
3354
-761
4491
-935
6013
-5506
4982
-9650
-5969
-7057
-595
-4183
-9084
6841
-7156
4030
-2529
329
-5381
9719
6174
7892
8653
-6522
-9636
-5052
7536
-434
5004
-4075
-1274
7519
-2834
1296
-8260
3647
6499
6657
-5345
-4796
7304
3393
-953
625
-533
6513
-8678
7972
-1579
9108
-5231
9176
-2728
6633
493
-1670
4665
-6633
4679
5243
3694
2674
8642
7240
-8475
8192
-7092
9855
627
-1512
8747
1177
2085
-9469
-1803
474
-4840
7140
-8628
-2886
9868
9514
-549
6379
-8657
-3222
-815
-1002
3278
-3413
-1042
9392
-3647
7
8755
-8779
7235
-3427
-9899
8776
4324
5189
-4596
-8724
-4437
-9699
-2401
-8411
5469
9777
9258
5482
1162
-5029
7659
-7779
-2537
-7806
6003
7786
6629
-6709
-2911
-5793
3607
8076
9679
83
8408
1158
-5030
1954
4855
-975
-8804
4551
-3411
2155
-3454
4499
9338
-6875
5908
-1776
-5482
5673
-6606
-6434
-7305
8821
8303
4943
-5542
7652
6130
-3978
-4983
-3537
9287
-2180
2627
-2190
-1809
7286
-7653
-7683
7254
-5306
7579
6311
-648
-9410
6553
8333
-6171
1642
-6406
9886
3754
-6301
4985
2163
-3561
3484
-4599
2107
-7497
627
1679
-8872
8164
8113
6338
-4342
-5973
6920
1154
-3484
-8656
38
-6452
8287
-8902
877
-2549
-7432
1976
-9866
-3289
-7652
5700
-7852
-9425
-2589
4235
9411
-6900
-7149
-8183
-4716
6302
7579
-5726
8809
9675
-7273
-1690
-2104
9852
-2660
-2135
6246
-6353
9446
2815
-4321
-4248
-5193
-2180
8463
-9775
-795
9736
-6960
4314
5271
-8460
-3006
1042
-6857
-9591
3220
606
368
-5032
-473
2813
3010
3790
8254
-5497
-7555
9719
1807
-4228
-7071
6998
3813
-2097
400
1662
-5317
5270
-2669
-8124
-7727
-3751
6017
-3415
-7062
3255
3225
-5866
246
-8059
-1238
-3761
-2335
-3929
-4852
-6101
-4652
-9311
-7304
7641
9814
5603
7245
4217
-4530
-9694
-5012
7175
5815
-2721
-7770
1215
4446
4726
8482
2250
4132
-3356
-4624
2172
-2215
4342
-4179
7536
-6825
-6425
6958
-13
5981
-6485
-9162
-2276
5576
-480
-6768
8071
-7492
-2218
-8836
-1926
9129
9343
4980
2083
2919
5428
-8654
3711
2761
2781
7661
8349
573
1586
-3055
9594
3225
5049
5690
8634
-9791
8202
-3347
1353
-198
1345
-7669
773
-942
-889
-6602
6418
251
3011
-8598
-430
-7460
-1473
-2200
3558
332
3735
-7548
156
-3935
-1900
9215
-6031
6575
6894
7695
166
-3289
390
5560
6735
-7146
-5154
-6547
-4033
-8800
-9803
3408
2544
-7918
-6213
8215
-8957
8501
3474
148
-1974
-2846
-1297
-2782
-5908
-6750
2736
8302
-6684
3521
5820
3107
9450
2413
-99
4329
-7345
-7001
1972
9182
-4685
398
-4227
8665
6156
-2927
-9346
9951
4451
5209
1444
-4769
-3174
-7218
-902
7296
-2457
2058
5098
2069
7940
-3012
-3340
5854
9387
3479
5748
-9441
6460
-2670
-3363
-5411
-7893
5603
3191
5331
2964
7448
-5148
-2628
-4059
-672
6673
-2276
4288
3330
1832
-5606
3523
1901
979
-2442
-5365
-6491
3277
4679
-579
-9790
815
-473
-6204
-6769
-7406
3966
-1847
1569
8557
5721
758
-7803
8545
-3834
-4761
-6596
9247
-5784
6869
3924
-1413
3478
-99
7958
-8937
494
-3597
-8690
1521
9235
-40
-882
888
9627
636
-538
396
-9778
8189
-9252
7521
-2636
-7405
-3864
3176
2321
-5905
9607
-5643
-6951
-485
5290
8500
-8665
4881
-6744
984
8142
-7728
5870
7501
2516
5296
-8628
-3790
-8467
-9178
-7677
7426
-1180
2119
6472
-785
-1479
6730
-4058
-872
-5153
5452
8359
2414
4224
6842
-2326
-8088
9072
3074
7669
-7538
7108
8703
912
1280
-1145
8231
-8207
4771
-8173
3785
8995
5920
-8428
1823
-275
8554
3628
7287
1264
-9912
7428
7694
6816
-8840
7080
-65
-3066
8230
-7631
-6196
-3807
-2704
455
1757
-2985
-1846
-3568
7882
5681
2141
-949
3699
4849
1274
-6259
9577
-4286
-6350
7995
6834
-475
5879
7360
-8336
1280
-5011
6038
-8247
-3804
-3075
-3523
455
-5129
-1005
-9383
-186
1082
-1594
-1377
-8136
7906
2365
-4303
5897
5387
6132
-5232
3288
5649
3134
-8047
8461
7701
-6113
-2525
9908
-2275
-2097
-5550
-8400
-4792
4687
-2279
4521
4624
1018
987
-3604
-5633
-5966
451
7905
-8301
-4433
-5892
-5677
-6614
-3347
4893
4902
-7039
-5577
-2391
-371
5671
1836
-1566
-7088
8707
979
-4119
6910
8363
5233
-9534
-1996
9408
7858
323
4739
2031
5048
8483
5543
8332
7118
4120
4220
-2163
4763
3604
-1262
7119
983
4468
1460
-338
-1834
9234
-9440
-7659
6016
2850
-5944
7951
2933
2294
-2277
8540
-4347
-7131
-5902
-5766
5822
-4565
212
8228
5537
6060
4927
699
-3370
-2027
2978
668
-8459
-1644
-6333
8288
-4662
4508
1191
1367
7197
5998
9731
-6352
-2021
-8987
6825
-2731
7513
-7623
9666
5313
-120
-7489
-5105
-9393
-2146
-4260
-5753
-9866
-9214
7218
1356
6905
-5238
3002
-2268
-8618
516
-489
9099
-6747
-8226
-1636
8184
-8588
-9542
-2128
-7915
-5699
4341
5117
2407
6306
-9604
1149
4235
-6987
5931
8536
8134
-2053
6637
-1424
-2844
-1814
9772
9057
-6333
5178
-2199
3204
-2572
5795
-1155
8428
-4697
-4253
-957
571
5035
-3004
-6182
-240
-5098
-7445
-3920
2986
-2202
6565
4404
-8724
873
-6097
8549
4765
-1490
2614
8038
9085
2020
7138
3002
-3984
-456
-9055
7605
-1747
4072
-6312
-3510
3984
1502
-1106
5803
-8358
5642
3392
-5853
3183
-8490
4634
-1860
1903
-4822
6080
3414
5671
-7595
1867
6733
-2667
3420
2336
-2614
3065
-1020
9081
5410
-1074
-9651
4388
8436
-4144
5873
-6193
8024
-1560
-5250
-6081
-3043
9515
5015
1052
158
4762
7572
5348
4960
1207
6219
9161
8699
3009
3531
-783
-8628
-8633
-7740
7690
-8925
-9539
5371
1513
-2271
8850
9749
-2411
7543
382
5687
1138
-4623
-3342
2341
8547
-4913
-4345
4469
2044
-3390
9986
6552
-5078
7075
-1726
-194
894
-7295
-2808
-2848
-5016
8821
-1297
5616
-1296
-85
-5544
-7807
-315
-6540
2728
4176
-277
2751
3845
5072
1272
-8045
-8530
5092
8319
9742
-2898
-4042
9675
-889
-6820
5843
-7250
-2787
-720
735
-8143
2471
4367
-3151
-4928
6307
9970
-5925
4667
-9025
-8630
8578
-4882
6933
-7203
-7057
9026
612
453
-8142
-7173
-7053
3830
9152
-8003
-6773
5183
-2360
6228
-9369
-1999
5685
8341
-3237
4774
3219
-3175
4935
-4695
-5602
-1643
-2792
-3201
4242
1629
-9451
5018
2976
7417
-2523
-1400
-458
-5903
3729
1722
1758
5013
-7839
-7633
3573
-2861
-1369
3111
-183
-2155
3307
-8528
5807
-6646
-7586
-5449
-9411
-1464
6040
-884
-8159
5743
-3105
272
-1737
-1576
-8916
-9531
8843
-9012
-4877
-5773
-5041
-6679
-4398
-5098
2740
-5228
9275
154
-6379
717
-4528
8
2733
-468
-5502
-3400
4612
-6608
-3481
8314
-9996
9495
-7009
4539
-667
-4723
-5532
5363
-2254
-6900
-5842
33
6194
3206
-5537
-7870
-7691
-2515
7629
-7429
463
6318
2318
-8034
-3630
-6371
1267
-2051
-9241
-1767
-2375
7613
-8366
-6505
-9278
-8481
7672
-3709
-9127
3973
-2314
-4213
-776
9706
4229
9640
-253
5992
2165
-1091
4020
-5582
-2736
-1199
-6963
8580
-7918
-9935
-1826
7506
9549
-725
3253
7156
-3429
7310
-5018
-8671
1151
-3576
9933
-7890
-3038
177
-3302
-8322
8407
8444
-2170
6999
-2393
7308
-3047
-3085
6480
6111
338
2208
3057
3882
7580
-4210
7747
4754
6427
4761
-9816
-5772
-3818
-6843
3456
8253
6464
-820
-5463
-9594
-2613
9784
3349
-6178
9808
3022
-8578
-6965
2622
-8252
1123
8816
5521
-1460
-1185
-2136
-8040
-2187
-7038
-8201
1275
-5297
-9991
-4221
-5063
1457
9026
8842
-3227
-9720
-2849
7252
-4684
-9652
9032
-6309
-3290
-6546
8304
-1840
773
-7319
-3229
3397
-7605
-2315
-6352
2962
3933
-2346
-8537
3159
7588
-4853
-8486
-987
8065
-3587
6892
1408
-8386
-629
4182
-756
-5847
-5602
9167
5881
4000
-5662
-8965
8656
-4893
-769
3688
-1803
-5067
-1938
-940
-4450
8322
103
8470
-7480
7617
-8488
8021
-3116
1153
-2699
-8459
-9650
-197
5084
7522
-9103
-3314
-1401
4524
-250
-5243
7175
-6882
-669
-9368
9501
499
-8862
-3443
6889
4313
-8832
8880
4331
-3719
-6529
1248
-2000
1852
7779
5529
-4910
-9226
840
-212
-2484
2485
-4450
4834
5911
8385
956
4161
7467
5360
-1135
1169
-2080
-9411
4752
559
-6819
-8339
26
-5549
-9756
1087
-3316
-2011
-7193
-6082
-5797
2299
9243
-8455
9417
8548
8561
-1945
2859
7224
2105
4349
7574
7546
-2133
-7271
3673
7530
-1761
6113
5512
806
1692
-452
-8628
984
9379
1742
3887
-8249
4387
-3886
9697
3267
1567
744
1775
3333
292
3705
-4883
1800
2214
54
-1790
3687
2203
-8192
5076
-177
9384
317
5906
7806
-7541
3227
3502
2907
-9691
-8041
-2965
6143
8068
2940
-8190
-5576
2207
-1085
-6631
7229
-1018
5053
-785
9216
-7490
-6395
-7400
-5468
4200
8409
3199
-413
2528
-8236
4413
1364
7590
-5197
-5313
-2824
643
566
461
-9796
1995
193
9492
2052
5570
-9675
4801
5047
-3200
-1538
9847
-6761
-8573
7426
-6766
8554
3984
-4395
7628
5020
3371
6151
1452
449
8448
2033
-7160
-4523
-6887
5621
-8776
4306
3068
8011
-1660
-8377
8903
-4605
9115
-3254
-6995
2672
2611
-1429
-6065
7136
2665
8180
-2500
-2420
-9935
-2284
-5962
5000
9023
-8898
506
6251
5278
1095
2615
-1780
4013
902
-4043
-1130
8917
4377
-9351
5850
-3241
8823
6077
-8096
6131
6685
-3951
9580
-1869
8681
-7253
7723
-899
-9035
-3017
-2692
-3000
6057
-3527
-3503
226
-8313
-9217
-6538
-1913
3606
3221
3242
-6656
-4647
-5534
694
-4204
6021
-1245
-7383
6635
9911
-5520
-6457
5400
5539
-8122
8508
-9175
-8655
-9201
2515
633
-7430
-2361
9519
-8280
-4742
7352
5702
-9622
-4371
5990
-2687
-9205
1165
-9156
5337
-5055
-6777
1271
6012
-6005
6723
3785
-3038
-8413
-4993
-4731
4674
2161
-8762
7953
4325
-2216
-7475
-9080
-8326
1751
6947
-190
-8427
-8049
-3000
-7716
-4080
3634
1707
9476
-7203
722
5232
-7505
-9759
-8482
9822
-3730
-3543
-4921
8999
2223
1652
-951
4847
-772
2895
-1581
9064
84
-7984
-6118
-6396
-3404
5463
2915
6242
-4288
8496
3596
8048
2243
6083
7160
9416
4366
2331
-5630
7254
1718
-6454
-1695
1269
-4465
-6247
6136
-966
9601
7611
-1704
-8746
1192
-8231
-4542
-1454
4440
4399
-8701
2696
-5813
-7215
-2112
-3798
-336
-6359
2061
8970
-9405
-540
-6126
-9320
376
2209
8641
-3905
4115
5730
-3652
-4452
-4259
4834
-8849
1501
4485
2389
-3991
5329
-8233
-4098
3902
-6532
-4350
-2762
-7425
3669
-6818
143
9422
8192
-9652
-3489
6800
1777
-9220
370
-9624
991
-3126
-5527
-6117
-1834
7021
-7506
6039
-188
-6417
-1382
1539
5747
-8033
-4156
-4404
4421
4718
-5619
9669
-4132
-2582
-4580
3639
-8245
-8693
-6681
-8706
-3153
-2838
65
3734
-9291
6378
9384
-8376
2974
-1197
4794
7032
9509
1525
-2397
-2201
-9613
3643
-4599
9477
7910
-5070
235
-8243
3724
2898
7207
-6357
-9415
-9061
4056
-6720
779
-8646
-6103
-1087
-3612
-63
-9513
6814
-7558
494
-2656
1037
-780
7013
-3124
1361
9788
4207
3141
-8015
1760
8124
-4386
6442
5564
-4969
8720
2978
6247
-2000
2594
-5874
-6573
-6075
3144
8886
-7910
3057
9503
7731
2993
218
9140
7067
3870
7874
6786
-3529
-5566
2114
8957
-568
-9641
5812
9063
-6025
-2298
4924
6243
-952
-4560
3244
7612
2344
-4333
4978
5957
7648
9750
-6008
5995
-3911
-5621
-1498
-8751
953
6385
-5505
-5744
150
3052
2669
6380
1711
-6484
1807
-7047
7937
3902
1288
7567
-7586
-4406
-3527
-6611
-9524
8594
-4813
2963
6596
-1148
-6094
4778
-557
1822
6284
6846
9852
5909
7500
757
6520
1572
467
9096
-7973
-87
2156
1258
5418
9770
2906
6426
-8303
8712
-5352
8664
-7652
4197
-4531
9775
6602
4114
8532
-5357
2293
-7107
-1459
2685
-7047
4612
1236
1493
6469
1453
5499
1540
6709
5543
1083
-1132
-2237
-190
-1983
-7507
-4137
8972
-3921
6583
9850
7889
7434
-7275
-129
-9366
9035
-2677
8522
9923
2194
-3132
343
8070
3049
-7875
-4858
-3618
5996
-9679
-9388
9799
-8762
-8634
5965
4882
-9551
-4867
5541
-7034
6463
1951
-185
6568
5828
-327
-3298
6551
-5664
3870
-3173
9015
-3739
2786
-7811
-9813
4151
9454
3768
-3523
3236
-9516
3523
-9059
259
8267
-9778
-5256
6560
-9981
493
-1937
6628
9433
-6704
-642
996
442
3145
-1803
2643
-1670
2173
3998
2673
2609
-5064
-1091
5507
6978
-5895
5012
-5710
6715
7145
6491
0
-4866
-7191
-8614
2557
3028
-2403
5445
5912
2840
734
2817
-6344
2419
8886
-6402
-5996
702
858
2278
3950
-4923
-1367
3508
-615
-4291
-7364
-7957
7615
4636
5049
-8394
1073
4030
1733
9634
7348
-3860
9059
-3852
2174
5426
5127
9478
8023
-167
6244
-2458
-3367
2586
-2426
7498
-6351
-6588
3954
-5110
-1886
8038
1669
70
3023
-1898
-5179
9159
-528
-5020
3085
-4020
-3533
-9492
-6663
-5907
-2217
-6639
-7364
4497
-3648
4279
4180
-7245
-7544
-7378
-1394
-51
-5447
-5720
-661
5173
-6506
2748
180
8956
-6705
-3012
-4810
-1739
7884
1157
7526
3828
6571
2793
-3007
-7009
8965
-2036
2226
5671
9532
-2263
5939
4215
2927
-3319
7675
-6329
-3673
8664
7842
1968
467
2852
-9123
-5709
-8234
-7629
-690
7956
-7149
-1757
4603
3745
-5595
-2159
-9526
9065
-3786
-6628
-3190
7832
-1698
-3448
-9805
-2834
-3215
5188
2176
-903
-5443
-1873
1202
-4620
-5562
-5422
-8695
-8711
-3001
-3894
-1605
-6777
5318
3775
4494
2124
-2054
1772
5863
-4573
5555
-8860
6065
-5864
-8413
2615
2629
9614
-4110
3735
3817
-6397
-159
4682
-4759
991
-7715
5375
566
1428
-2106
-8902
2316
-1218
8375
-8938
-2940
-4045
6560
-5845
-5129
2275
-1748
-2943
1095
5790
7833
4014
-739
8268
-125
-9629
-207
1119
8238
2745
8432
-6795
2791
-7095
8220
6800
-9704
-3832
4583
8783
-7344
6223
-2488
4689
-682
2146
172
-7329
7497
-4402
9068
-9332
3391
-2918
8521
4193
2955
4873
9766
-9230
502
-3876
-9134
-2467
4894
7241
1972
-1113
-794
2195
1273
2440
675
-5860
5486
-3854
9291
-5765
-6585
8905
-5399
9401
7435
4729
2674
-9519
9195
-4945
-4422
4608
416
2909
-3224
5632
3023
-7197
-5270
6256
-3507
9369
1442
1814
-5661
-6631
-3514
1793
-111
-3007
2083
9091
836
5991
8123
4378
5838
-3320
-6655
9275
5129
-2264
-1199
9246
-5181
737
6254
-8948
-4498
-7125
-1136
5129
-6261
-3105
-2897
1306
-9022
-8505
3486
4558
-6901
-4698
8749
-7344
974
-3097
-2813
-826
1221
-2965
-5225
-4161
1858
-1185
-8744
8078
7851
-9154
4420
2621
7798
1804
-7909
-1525
-5340
5675
-9937
-6181
439
8637
-6243
-9475
-8727
-1485
-1364
-8014
7616
214
3549
-9946
-8398
-6701
2127
2057
6624
-7188
-4720
-6439
218
3700
6455
3158
7492
9587
7164
-908
9102
-9760
1984
8827
-9492
-6131
132
-9892
4337
743
1728
-5032
-4761
-8286
955
2941
-3346
1703
4640
8968
-3724
-2041
-7655
-8766
-7758
-3946
3901
9266
6473
1345
475
-3648
-8068
-3014
6320
1595
-3647
5513
-600
-2814
-3454
-2362
-5676
9799
-1633
9319
-4324
4508
2487
6060
-7191
1043
-2428
7638
-9189
-7887
-8741
6011
6951
-4362
9998
3043
5268
-6392
3087
3886
8835
-6123
2427
-8050
275
9283
7993
5606
-2588
-8394
-187
-5987
2063
2597
1995
-754
5541
-4264
-9439
-6868
9960
2183
-1595
6682
-8200
3324
2230
-1450
-56
-7128
-1958
7958
-4356
-421
-8402
820
-9619
-6228
2290
-3240
3487
2418
4829
-3773
-1756
-1420
538
6784
-7404
5715
75
-3313
-7871
5228
-3173
-8158
-1488
-8216
-5668
-7797
9837
-9091
-6201
-9193
8621
-7809
687
-3905
2491
-8031
-9100
7026
6431
9450
-4414
-1703
9829
-9296
-8293
-6996
-3439
-4352
1210
3357
680
3644
-5114
-5528
-3026
-2874
-3338
-6252
-201
-623
3583
8979
3158
4562
-5008
-6691
3136
-1761
-7247
-6449
-7335
-359
4936
8888
-2159
1139
1165
275
3004
-1424
-612
944
-8906
-4319
-2590
-2343
5491
-2405
-9133
4151
-205
3664
-2472
-3834
9895
-605
-2322
-520
-7025
4164
4693
8501
9877
-5161
-629
3957
-6700
1066
-7916
-9844
3541
-9652
9931
-6691
-8954
-5878
-7931
-6471
-2301
-3079
-7416
-419
-9998
4437
2063
9362
-3079
-7549
-7098
2639
4725
4893
-1592
-4147
-8259
-1080
2124
5219
9630
-7868
-7221
4462
452
5405
-1125
-2788
-3123
2176
-9781
-9148
6625
8708
942
5742
2233
1021
1903
-7839
-4856
-3493
0
1637
2691
8468
-5324
3633
-7776
239
3204
8163
4818
-8741
6052
2173
8530
-6206
-9974
-2957
577
3528
-4224
8523
-6620
-7602
5780
5205
6305
7924
9176
5683
3597
-6697
-7984
-4464
2190
-6468
-5366
9047
-5277
-3141
-4783
5924
3460
2193
2531
-3746
-8842
2467
-2672
8417
-4570
9591
4361
-3283
5315
-1368
7449
-6228
-8815
-9732
2121
-2607
5326
-6502
8098
7835
-8519
6509
13
9126
3586
-7057
-5811
-7301
-5366
6130
-2625
-8186
-232
3799
-4742
8204
-2906
9969
-6169
-9620
3892
3451
-4092
8642
-1107
1647
-8850
-5028
-285
-7411
1066
7621
3346
-1522
-9513
-1807
-7922
-3938
-9252
-9427
-9163
7491
-1724
-8192
-8187
-5780
480
7039
-8159
-5829
3019
8008
-1247
-6547
-6525
6832
-4423
-1288
3269
-718
-8112
6795
-5691
822
-3932
3931
7726
-6833
-8895
5510
7004
-1431
-2920
4880
-9415
8983
5423
7125
1518
-1774
26
8168
-6430
8371
-4860
2139
-7184
3166
4916
-8029
8908
-8032
7088
9982
-2666
-2321
-1628
-5192
-5416
-6158
7550
3387
-3129
-1346
-2656
3977
-8602
8982
-6878
-9187
4187
2979
3848
-3049
-4434
-6075
1945
9546
-7519
6333
7570
3810
6012
2072
1908
-2224
8297
-641
-9753
3195
-8790
-4261
-6219
8582
1305
-7185
-6261
-1120
6423
-2647
3068
1428
2892
-6201
1242
5420
-1294
3923
209
4510
-3225
3341
-7339
-7583
9958
-8462
-6197
5397
7345
8347
-2101
-1865
-5384
-5828
-2733
-8416
913
-3336
-6276
-4279
8246
-9385
-9610
673
8488
-7054
-8029
465
-7389
1193
-595
-3582
-5409
1206
4420
241
6666
5102
-6440
-2440
-2152
7063
-4457
9917
6230
-889
-1042
7465
5828
-5751
-9128
-2321
3775
-6305
1754
5805
7254
-6134
7393
-717
-7427
-3492
-8154
-255
-989
2469
-5928
2500
9734
-1648
-256
-7294
9640
2116
-8523
-2089
-3069
4801
4840
1864
1211
8271
-2598
1370
6717
8640
9362
-868
-3016
2880
-151
7116
-9161
-8825
-1144
-9756
596
-6824
-9194
8598
3009
1685
4574
-4408
6856
8181
-8983
3337
1534
-5960
5502
-3487
-5320
-9806
-7014
-9070
-2610
-6952
2959
42
5458
-3998
6689
-6113
-7408
-1828
8503
707
-6450
-2060
3170
-2895
1093
6003
-8528
2405
3691
-1356
-5728
7578
1449
8461
-5421
-1411
-8488
6221
2380
1179
2731
-7598
-5324
6060
9310
5577
8744
-7590
592
9982
-7741
-2396
-5801
-1407
-907
-3035
-5232
-129
-3897
-770
2037
-3872
-3922
-8438
-5504
3918
8952
5992
1665
2811
-4769
723
-6469
300
7895
7591
4896
6291
-7018
6305
6291
-5640
-1400
9651
4638
9432
-6342
-1282
9086
381
3222
-8703
-6219
-6932
4318
-9115
9553
8294
3645
7891
2168
6113
6313
3855
6630
9269
4261
-6177
-7688
-3266
-668
3701
-6552
-3544
901
-3580
-6585
-3156
-6192
9645
-8006
-9431
-7113
3344
-4645
-8111
7270
-9311
-4866
-5727
5244
8136
-3194
-9404
2973
9935
3317
1877
5125
-2967
7030
4453
9364
-7657
6630
1257
4785
2740
2813
9053
5783
4539
-3574
-4091
5073
3551
-4553
5674
1333
8233
-5759
5191
-5939
-4241
-5325
-9554
3832
4660
-2881
1394
4214
2259
286
-224
877
2149
7809
-8826
-2265
3054
-2479
-5469
-148
-1000
9558
6691
-1662
-1514
447
-458
-8356
-2164
6766
5694
-8040
-9953
-7266
-3706
-1878
-8970
5330
-7927
-134
-7148
4710
8163
-9076
473
2190
-1410
-1358
110
1160
-6860
-5462
-2335
598
1026
2757
4738
9914
4836
7679
5228
6923
-5608
3062
6917
1840
-1753
-4911
5488
-7361
-1852
-4511
-3702
-5593
-9928
-1598
1597
2140
5852
-5510
9302
-5063
6186
-8626
-9641
7958
742
9888
9947
2696
7438
41
-3642
-6068
9934
7970
857
75
6352
9771
-2265
3676
-9512
-5588
-3721
2732
-2919
-1046
-5191
1275
4896
8146
-5671
4673
8511
9855
-7841
-6094
-6623
9152
4316
2012
8474
8834
2070
8489
-9204
7901
9358
-3703
512
-4954
-1143
3419
-4940
-7639
7873
-8975
-2571
-2612
-309
-6607
7278
5061
-5220
-1325
6566
-993
-8626
1401
3868
-9092
9576
8311
5972
2774
5830
-1945
9451
-6833
-1693
4654
-5241
-333
-5175
-7556
-1764
9021
2424
9898
-3411
2282
3564
2812
-7159
7556
-6675
-1103
-2174
-109
8423
3419
-7143
4297
-1838
4241
-3220
7548
-9835
-9743
-3234
8762
-3663
2981
7424
5310
5038
6363
7465
-8572
-4196
-6757
-78
7817
4159
9979
1461
-3108
2002
-420
2696
-6557
-2865
-8700
-7340
-3827
-7265
2395
5658
257
-6493
5217
75
-8837
-2569
-7786
-4142
1301
-2858
7939
-8230
4491
9427
2390
7964
5511
6468
1550
4367
-2888
-1204
-8236
-596
-5974
-3207
-4233
9939
1978
-9081
-8982
-8104
3177
6828
-7508
-3274
-8362
-707
-4221
5864
9589
6114
2211
-7858
2451
-5023
1026
-770
5566
-4789
-7853
-5094
-6048
-5785
3395
4186
4903
-9031
-2919
1593
584
1271
876
5159
-5881
-2749
-7203
-5880
-7688
3630
-2035
962
-2303
1003
-1254
-3882
1770
786
-7567
2735
3954
-8296
4656
3865
-7691
-5363
6195
9028
-490
6478
5785
4118
1998
-1343
-2645
6253
9639
-8988
-2790
2350
3213
9904
3586
-7045
9541
-9268
7024
-1947
8730
3161
-1815
9549
661
7582
7789
-5706
-9787
6049
8938
7909
4881
6412
-143
9208
-2531
1344
37
2966
-4986
7437
-1279
254
-8038
-6645
9437
-5988
6478
-7078
-3978
-6119
-3656
-3599
-2148
5522
-892
5077
8330
-8919
-707
2161
7455
-4693
936
3065
3732
-6364
-9045
-8071
7504
-7663
-8116
-9022
-134
8801
-263
-4197
-1846
-4238
2770
3483
-9322
-9518
236
-5128
4569
-6782
-6124
3441
-7099
-4129
-18
7048
-8261
-9829
7751
-5425
-9944
-1030
-436
8446
1141
3980
-4356
5703
-7444
4064
-6818
6405
-1868
-9973
6748
-9827
5339
167
-6602
-1717
-3014
-2846
-7597
4012
-7722
6096
-845
-1027
1294
1159
-2144
2103
-3956
4769
8240
-9650
5809
-8864
8545
-3675
-6405
4287
806
8150
-971
-7559
710
3806
-9251
3279
-1071
-1989
-4143
6236
-9828
104
-2546
7128
-8206
1324
-3764
-1290
-6729
8953
2796
7531
-7816
-7166
-6787
-5312
9893
1048
-7149
9743
6939
1578
7613
-460
-4224
-5886
4812
5357
4856
517
3138
440
-8864
8774
-9372
-1027
4524
1806
-7583
6343
8059
-2562
6294
-2227
-2592
9236
-5411
-3537
2809
1078
9736
5742
7547
-6167
-9531
-8036
-7729
-8287
9599
-1381
-5606
-3029
-1103
-2694
-9415
8714
952
-8164
843
228
-4186
-1155
2518
-1823
-6652
2409
-4637
-7685
-4793
-9307
1609
1889
6867
-2503
6875
5328
522
-6316
-113
-4165
-7398
6072
-483
-6030
-6552
-4606
-6844
1893
-5895
3658
-7651
6162
4304
-2484
-1283
-859
6081
-5486
3856
7604
-1956
7729
-442
4860
-2477
1796
-7599
-8814
3186
-940
-968
7335
2620
-6358
5855
7986
-1050
5116
-3872
-8467
-1417
-1874
3736
892
625
2272
-8343
-9382
-6016
6072
8834
2137
-7629
2562
-5092
-5530
-1150
-443
117
5328
-9148
-3478
-493
-171
9370
-9195
-9087
-9406
8773
-3035
-223
125
-7048
696
6415
942
4427
-2449
8319
9303
-3200
8379
9097
-2188
-8003
-4524
-7064
9356
-7166
6907
-7827
-2742
-4658
-5104
7726
6251
-5701
273
3483
-9350
4274
-434
2165
4801
3820
4954
-614
-4356
-6795
8763
-2397
6971
4800
2941
-7184
-7435
-8482
-5232
6203
-2967
4615
7750
-2803
2168
5564
8303
5362
-4119
-7505
1076
5636
4997
6722
1234
-4886
-3252
-8350
-2563
8042
5380
-8722
9747
-9834
6731
-6820
5600
6053
-9325
-6492
-884
-1146
2139
-3179
-9639
-4656
-710
-4755
-9260
-8115
-2442
-9367
9698
-4535
6230
-4222
-7699
990
6349
1638
-2330
-7099
7423
-272
6586
-8153
2236
-19
2946
-8798
7408
9658
2333
-7845
-1254
-9699
-16
-3089
3022
-122
8756
8857
-9586
9744
-5366
-5848
777
6585
-1866
-1565
-1911
1339
-4166
1520
1809
9304
9215
1612
6745
-8844
-4627
8962
-769
566
5417
-7639
5386
-5128
-1967
2418
-9767
-7528
7718
-684
1651
2522
1969
3126
-5533
-6788
-6282
4555
-7243
9690
9161
3726
6837
-6849
2220
-7862
-2465
-8369
8183
3917
9373
7490
1120
1849
-3582
-543
7102
-3204
5438
6937
2974
9482
-3386
-974
-4114
4497
5208
9941
-8351
4829
-641
2525
3577
2600
3063
6500
2832
-8199
3299
7740
9853
-702
2450
1759
-1182
-1975
-2369
-6402
604
-2959
7478
-3311
-8510
-5302
178
3494
-9697
-7337
2090
-8266
-4258
486
-8544
4981
2724
2974
665
5254
4565
9812
-5284
5551
9786
3689
2954
9627
2943
-4216
-341
-6572
4615
8271
7533
3739
4453
-3330
-522
6979
-6544
6080
1657
4574
9537
3755
-7152
8571
-3080
-4413
2252
5087
-7183
-1221
5
-2135
-4354
-1166
7369
4057
7438
8885
4213
8929
-388
3580
-6062
4076
-6004
7576
1188
2508
5206
7335
3373
-5551
-5170
-3284
1224
-779
9019
-8262
-1862
-2155
1268
-4597
-9637
-2092
-4664
-1093
-3655
-5674
-5132
-8227
-8392
439
-5874
-2773
2530
7951
-6438
5942
-7539
5328
-6276
-1229
-4283
-1021
-8172
-9804
-4928
3246
-9076
3904
-4480
-6231
-6832
-3589
4127
-3775
3088
3139
-3532
4279
3653
4164
-8409
8807
-917
364
6055
-2784
4862
7767
1448
-6890
260
1965
-9693
-2285
-1943
-3056
9042
590
-1844
-2541
-9872
-7637
-6078
8240
-7827
-6469
444
-113
3753
1388
6033
-8168
1175
4007
-6763
9201
-6223
-7418
821
2985
-7419
4253
-3902
3789
6401
-5352
-2743
8000
2775
-4307
-2202
7303
-6103
-8761
-8233
-109
759
2466
9264
-3622
746
8059
7152
-4005
-9067
4637
7133
8549
-3233
2099
9180
9836
-4450
-6447
1715
-7808
5577
-2355
-2697
9680
4424
3227
-8910
4933
299
488
-9566
-8566
4163
-5436
2952
-5800
-2399
-747
-4476
7027
5487
9580
-4034
8317
-1452
-8593
-5217
5810
-3256
-9840
7412
1202
-1228
8761
7853
5140
266
-5328
-5025
5983
3077
1314
-8969
-1656
-7939
-8632
8527
7208
3798
-7197
2164
3087
3920
-5373
-8613
6738
-9718
-4250
-7065
-2000
3288
-2260
2958
6922
3324
8180
1278
9335
-6998
4904
9590
-2950
2406
2395
-7468
8959
-4798
7325
9239
2195
7673
9086
-3539
-3724
601
6784
21
775
8115
7423
-3264
-1376
-996
-9486
-7748
7582
2909
-6529
-2959
-731
-2960
4671
-8409
-503
3792
-8483
7035
-1265
9138
9346
9824
-155
9604
1397
1388
-8263
-9683
-4974
-8487
-3971
-5243
4974
1992
6740
917
-4913
-1382
-2035
7569
-2759
3655
4762
2008
1762
8550
-9517
6086
-3918
4543
-1661
-5778
2529
-5095
616
5763
6946
5042
6496
3291
2242
1630
-9843
-5607
2244
-9346
6773
5511
1550
3942
7737
-5084
-5811
4467
-3420
-501
-5946
178
756
9840
-2287
4380
4820
6309
-6109
7790
-9741
1288
6577
-3797
2675
-9098
-8489
-7958
-230
7861
-5814
-76
726
2237
-8631
1316
-6754
2519
7999
1119
7069
-9892
2117
-4883
3452
-5361
-4678
2848
-3666
-3591
-6746
-9740
-9714
-2300
-7168
6246
9750
-3543
-9188
5242
-8715
8709
-793
3696
-9168
-2132
2619
-8984
-693
8143
8719
79
-2014
405
-5481
-4809
-7267
71
-6310
-8148
-9754
-6337
5813
-9628
5970
-8658
6207
-9336
7891
-1883
9589
-2835
-5437
9377
-6710
-8799
-987
-6817
-305
5153
3119
2990
9283
7631
7866
328
9481
1352
5408
7285
-6192
7763
696
-396
6357
-2448
-1046
-1682
-1539
2729
-8202
-8997
7615
-837
-4057
-8373
-1195
8847
-4093
-3526
-1051
-2136
-4542
4538
-7613
-5342
-6426
8000
-5320
-8642
9705
8736
-3190
-3362
2395
-1644
-1650
2965
6963
1901
3949
1623
1117
8911
6732
6281
-5578
-12
3613
6832
-5204
4268
5212
4142
-8373
-196
6489
-840
603
-2491
1132
-5166
-6433
-7454
-5122
-9316
8656
-389
-9586
1883
-5511
-4556
-6474
-4045
2725
-4114
5008
-5023
3174
-5520
-3548
1411
-6283
35
9506
8488
3001
-741
8092
-5061
-1923
7151
-1892
-6071
-5586
-9873
9111
-2389
-6464
5970
6221
1539
-4836
-3360
-2620
-4341
8619
8626
-7477
-4669
-2336
-9085
-5717
1339
7182
6107
-7732
7700
7965
92
907
5772
-4974
-7234
2836
8481
-6609
-5132
-3920
6198
-7643
4928
-4445
2278
-8811
-6010
6610
-9319
-5413
-6693
-5580
-3495
-9972
1465
-1763
5695
2777
5695
-868
6078
4363
1911
7469
-4562
6808
655
8159
-4656
5856
-8010
3617
2788
1490
7813
2459
-9215
-2600
7272
-3356
2837
4316
-1066
8435
7368
-8108
7055
875
963
1637
-3529
-6361
-4242
3513
7884
2507
9391
-2502
-7726
-6775
795
-3074
6087
-9291
7836
-7347
8333
-7110
8409
-7150
9066
-6828
9341
-2800
-4920
-5933
-6599
3815
7909
-3537
2045
-7245
9117
1789
-2775
-5307
1592
32
-361
7854
-3306
-7370
6308
-6087
-6186
-3412
-9251
-4632
-6915
2981
-8336
-9049
4853
9912
951
6641
-6102
-3547
4531
-2309
-4160
-3430
1284
-5047
8959
-3136
-6974
-849
-6789
7956
-8642
3661
-5577
1818
2768
-1661
-1535
-8119
5364
9043
-3626
-9786
8940
-7595
6594
-3828
4514
-7210
6060
8635
-6555
6796
9713
6940
8903
3111
8167
1180
8840
768
9172
6888
8161
-894
2190
-5683
823
6247
2807
5735
9998
-6673
2610
-2279
-6517
2283
-6302
-2032
-1648
-8244
1381
7595
-1371
-359
3422
-8955
9009
-5133
-9055
523
-6601
6525
2092
6796
-9586
7029
-7850
4997
-4911
-3822
-5176
-9743
-1046
-1214
3271
-1366
9876
3458
-4585
-5
3097
-1272
5479
-950
7083
-1112
-5673
-2811
7473
-7501
-9246
-1436
2998
5899
3279
1527
-5554
-9762
-1375
3578
-3579
-2923
280
-9948
3227
6583
-9846
2099
-7318
5028
-6408
9804
-3075
5951
-3077
-3820
4070
-94
427
7760
-6628
7268
4874
-8860
-59
-6519
4138
-2378
-6131
9822
8994
-9310
-1981
-1819
7582
-4516
-927
1594
-5397
-7311
-9660
-6796
2412
-6556
91
-1113
2060
3650
-2661
6886
4538
-5645
7642
-1649
1139
3134
7414
5831
-2139
-6455
-1763
6866
-4346
4001
9046
4832
-5476
-7913
6560
3584
7165
-5244
-3549
4945
-529
-7211
-8073
-5363
3756
7555
4243
-418
-8574
4641
-2210
4974
-6004
6043
-5338
2791
-5141
-5697
6762
-4318
-6703
6774
-7466
-6436
-3058
9643
-8627
-2489
7397
-7026
-1295
-9166
4925
-6674
-5832
8090
-6448
6216
-5980
-9276
1369
2458
7914
6342
-6542
-5860
1620
2903
-6117
6684
-5157
3388
-3437
2188
9056
2538
-5029
1134
7237
-7451
-315
5869
1890
7251
3340
-3334
-4200
7054
-2636
-1133
-3365
6913
-1153
-6518
-4784
6617
-3821
4243
-1727
-573
5449
-751
-4159
9882
7209
5785
-7293
-5517
2281
581
7401
5373
8451
3639
7716
9818
9792
6524
5000
-9286
-2372
-1350
-6368
7369
3666
2731
8522
-4763
8549
2957
2405
-5837
3709
-7028
-3984
-1692
-2551
611
-4202
844
4220
-5769
-9641
-6026
7677
-7630
-8483
-9286
-337
-8340
-6761
-4829
-5838
3477
-9776
-6121
697
-5449
-5954
1056
1294
-3036
-1436
8447
-3688
973
5145
-8003
4106
8266
6883
4669
9165
-6411
-6805
-1370
3629
4703
-6969
3688
-432
-6240
-727
3445
7178
6448
7259
2831
-2044
-7033
-2677
153
6934
-1787
-2815
-6369
-7640
-6210
-9046
-969
-1419
9392
-9712
-9218
-2759
-9496
-2336
530
7574
-8835
-8567
-4050
-1717
5202
2311
9205
7226
-4890
9087
9381
879
-2461
-7831
1199
7984
-9752
6025
1064
-6053
4613
2210
-4791
6061
5696
-8947
-1474
-6
5993
9616
-4459
6269
7494
2965
-9732
-4552
8330
2930
-7781
-6306
8675
-3768
1672
9044
487
-6432
1332
-7954
-9127
6826
1804
-7740
-2272
-4184
6577
-1265
9701
6524
3245
-8964
1449
5504
-8
-1081
-2228
2121
6378
-5663
-5998
-5187
-5003
-8962
-8255
5351
-9129
-3443
-2285
-568
1675
9849
6882
7380
8072
-4363
4607
419
-6144
-5114
9831
-2489
-313
5047
-4703
-3812
1042
7748
-3468
-341
-8418
7719
9786
4377
802
-5418
5884
1379
603
-2476
-598
-660
1427
-5200
-7057
-2065
8741
-9174
-5473
-3347
-7859
-2859
1862
-2826
-8551
5297
-4722
519
-5079
-633
-4219
-7917
-7042
-6254
8523
5906
-3820
-9478
7972
1113
1630
-4248
-102
-9308
5768
-5580
8969
-9296
-393
2787
167
4465
-1353
3327
-3207
2788
7328
2742
-1546
1197
4640
9227
-8971
2646
501
4969
7745
7032
-723
1050
-3645
-4903
443
2530
2230
-1982
-9932
-498
-5737
8317
4428
2237
-9987
-3235
-4778
-6830
807
9479
8242
-1290
1411
1836
8915
5608
9682
8110
9992
7981
-6182
3079
9642
-7418
-2067
9209
408
-79
-269
6533
-422
-3434
-4207
7358
-8309
2419
6674
1912
1640
343
1678
-5146
-7306
-4032
-8076
7714
3350
3319
2565
-1379
2144
-1160
1416
-2196
-6965
6623
7242
6322
-1735
7073
-7415
1091
-9934
-8544
6637
-3828
760
8582
6795
-5848
-7545
1446
-4361
-3269
-2243
-1143
826
1676
-3782
8229
-6704
-546
1895
5767
-7491
2176
4427
8395
977
5929
-4443
-2471
4685
4399
2711
7455
-1597
-9173
6839
-1384
5911
8599
8215
1394
8164
4794
-5490
5126
7304
2200
-755
194
-4756
3881
-7000
219
-9758
3167
5474
-5520
9525
-9265
-8494
7353
-9926
-8426
-6618
-5400
3412
-4381
714
4923
-7561
2698
-2191
-3010
1790
-8798
-6723
-8854
-6294
718
-1043
7351
5856
-8028
-2261
-456
-6054
-7419
913
-7317
2519
-6680
-6330
8609
5209
5683
-2635
-7697
-4159
-621
7043
5740
-6517
2376
4966
1169
-7181
-1526
5411
6716
-4729
1908
9698
3136
456
8660
9838
-5101
-6246
-9769
-2858
6023
986
-7145
-2794
-890
6812
-4783
8990
8464
8939
1445
-129
-108
3834
2881
-3613
5883
1956
9240
-392
8923
3132
7752
9161
-4058
-9500
-515
-7948
553
4304
7824
7231
-1023
-6129
-8212
4116
-2133
-9005
128
1147
-2171
-8687
2747
-8425
-5752
6947
8383
-4860
-3256
-4981
7608
-1811
-8276
-35
21
-7735
2773
-9574
2782
3075
-7529
9468
3682
-6392
3379
7168
4910
6290
-6894
5746
-8028
-2463
7511
-5766
-8687
7408
3841
-2523
-1385
1917
6707
4382
-6671
-7437
1812
-6263
5600
7417
7937
-6357
3546
2989
-2483
4144
2132
1531
6728
-4177
-7275
-3265
-7933
-5761
5968
8415
2560
3540
5863
-2805
9905
-7071
-7956
-8952
2207
1581
-9915
-4689
6718
1126
5243
-1400
3413
5325
-3395
6427
-7510
-5021
-8835
-4029
3711
-5533
8573
-5815
4139
-6403
-9316
5872
8503
-3302
3755
-4564
7245
-3488
31
5271
61
-5573
4856
-2125
5068
4651
-2999
1883
9250
-4722
815
993
-4189
8787
-4297
3216
8934
-3486
-5088
-4730
3018
-8311
2606
7434
8191
-6178
-1793
7527
7189
8020
9882
-8033
-4017
-1777
-1691
-5629
1100
8609
2251
822
8206
-7866
-320
4008
7119
-4429
-5806
-8914
-873
-1461
-746
-7330
9989
-4002
-7277
-8955
2970
3763
-3797
-4205
-52
-7031
-6692
6331
-8847
-4950
-6813
6226
-6184
-5155
-6135
-8813
-996
-1467
1460
7800
7788
-3993
-1082
-7559
-9660
5546
-8013
-9640
-2093
-5955
-7083
-4009
-2008
6973
-9944
2172
6497
6905
1903
1906
9053
-6001
937
-2927
-5222
3514
3177
-1286
-499
-9623
164
-4831
-5072
-4716
9073
3061
1541
-9913
2587
-2850
-9663
3982
-5711
6477
-271
-6985
6717
-799
-3556
4874
-4052
4213
2303
-4050
2307
-4496
8621
-6060
-4799
-4036
5596
6797
7003
7039
1395
-2092
-2486
-7185
-6097
8788
-1282
6373
-5678
4632
8986
7120
720
7565
4981
4303
-7855
-6424
-2732
3241
-1706
-5243
1619
4510
-5570
874
1163
-8858
4821
-1679
-3845
-7905
-5648
-8954
-1117
-4494
-6626
7355
-3867
8476
3584
6372
7260
7725
3654
-8490
-9765
-9602
-396
-2812
5545
1907
2085
-9946
4630
6301
-5238
-781
2239
-2626
-1868
1897
-7819
-4942
8362
-8818
7825
2517
2729
1139
-2063
-5280
-3495
807
3445
-8800
8290
-10
6797
6244
1749
-4927
8114
5802
1984
1655
-4377
-5895
7132
1149
8303
6082
5710
1723
-5860
1545
-1432
-9251
7756
8799
7837
6406
6818
4676
8657
-5121
9259
7425
7971
1560
7294
9375
-9755
-359
1377
-4163
-9050
4115
7826
7409
-3870
-8578
5162
9103
-4120
4881
-1770
-9160
-5817
-3814
27
-6115
691
-756
-602
2759
6142
-7670
-553
-9560
-7265
-5594
-8407
5405
4213
8028
4222
7266
6328
3321
3511
-4507
-5606
-6936
-7241
8627
8829
4392
447
6305
-5346
7834
9685
-3190
197
4178
127
3662
-1876
-9189
139
1826
7794
-9078
2746
-9063
7288
6020
190
-3787
5045
-9510
6248
9254
-9751
-2171
6654
9781
4099
-5707
-7011
-3462
-6080
-34
9887
-4078
-5081
-6220
4311
2043
9919
8241
-6530
-6013
-4840
8942
1305
2068
48
-663
1755
-6444
-1043
7433
2954
8683
-7722
-810
2923
6863
-6660
4539
1923
7727
569
-8343
-8192
8036
885
-5073
-2705
360
-1696
-2735
-9738
5500
1125
2771
-9964
3515
5877
3348
-6215
-3363
2987
-3073
-9283
-2862
-5262
7117
3393
1788
9376
-3309
-9206
9952
-2190
-8936
-278
7340
2147
-2748
4281
-4510
5826
5344
-839
222
3026
4149
7702
-7622
-5200
-9787
-7302
7688
5764
2410
4507
6746
-7038
9331
-6011
1914
-6252
-4375
-2727
5236
827
3799
-5991
7809
-2869
-9334
9376
6636
2273
-1437
-6358
-1956
-785
-4877
-9141
-5126
-1038
7025
-2999
-4037
4859
-3548
5959
5703
9612
8850
-6758
-6768
6158
5339
-3274
5800
1373
6425
6074
-2000
-2956
5706
-8204
9771
4169
686
-2202
6814
-90
-5596
7754
1711
-6149
-2297
-224
-7308
949
234
-9653
9239
7900
-9583
2571
-2517
3103
8766
-8828
-4118
-5792
9455
3701
1063
8919
7454
2988
-5632
-1242
-7427
-3300
-7398
2323
-6176
-8323
-3603
5789
6960
1314
-5161
-8649
-4460
3472
1050
9051
-2360
-560
7510
-9584
-2190
9673
3496
-9062
-9826
-9442
-9276
7858
6318
6425
6771
8264
9824
-405
8770
-824
-6256
7668
-3205
4093
-8673
-4812
-1834
-8414
6791
7613
-4709
-1099
-9251
-4992
6982
-118
8504
-4850
3934
-2790
4124
-8363
6857
-5030
-7130
-761
-7396
-5546
-1888
4270
-8768
-7951
403
-50
7670
-7294
8573
9960
-9575
8709
8136
-2348
-7431
7919
7935
-1362
-7794
-6749
-5851
-8785
5207
1537
-4905
9310
1888
-4278
6860
8374
-3412
-5824
-926
-8436
3872
3008
8902
5402
-5646
1288
-5569
4367
47
5444
-9055
5231
-8716
-9536
-2702
-9804
5724
4738
-1643
2939
-3724
2240
-7984
-5877
6313
6631
7787
6575
7853
-4719
636
7920
-9997
-1950
2463
2234
-4158
-3236
-626
959
-9485
-4504
9410
8934
2082
4136
-7356
9750
-9280
-2107
1154
-9111
5552
-8861
6337
-8665
-3388
-6743
7065
-4095
-3182
-2305
-1686
-9924
8516
8481
-8823
4807
9907
3782
-1875
-324
-4603
8402
5605
-5900
-5185
-9729
2352
1359
-8499
-6572
-5132
-2583
9083
-5073
9532
-9342
136
2772
-7976
-5958
-8848
-3303
-9090
-2039
7134
9325
-9090
3873
-5363
-4618
-1822
2810
4279
-7041
-9308
-2567
7411
7494
3816
-1118
-6935
-232
456
-4525
2408
6950
9284
-9894
2381
7467
286
-3354
-2391
5816
-3429
8465
-9292
-5744
-6300
-3423
2309
6036
8537
-56
9359
-5012
5414
-2774
959
-793
-7486
-2697
-2121
6319
2772
-7956
-4235
5825
3553
4341
2806
5238
-7495
-6682
3276
6004
-287
813
-6069
-3780
-9035
3997
-3839
7156
-9314
8336
-7388
-2350
-5567
-4317
3799
4372
4336
6986
9134
-9283
4545
-7780
-8719
8806
3968
6387
-1338
3697
357
-3371
-8160
4420
-3332
4471
8097
9384
1835
9717
8233
2258
3367
4177
-3541
4955
-282
-9690
-2226
6945
-6420
4740
-7402
6152
2436
-759
5981
9208
-8823
-7702
-8554
5303
-8057
7244
-6911
-1231
7202
-4994
6553
-4121
9104
-9428
4332
-4769
8510
-8154
9961
-2541
-4398
-1992
-2254
3704
-47
-9802
6037
3248
-3317
5643
-6590
472
2647
3524
7310
9973
-1962
-6505
-2369
6441
-5355
-4012
-4454
-5961
9604
-8437
928
-4492
-8127
3037
2182
-2042
-1053
7696
-3084
-4220
3993
9259
3862
-7108
6771
1542
2200
-358
-3081
-1220
-7115
-4008
92
401
3934
-5449
3516
7814
2118
-7731
-244
9258
-9097
3707
1626
6759
2547
8218
2024
2226
-2973
2322
-9777
6458
-2537
-7719
1640
4220
8912
9828
4217
7690
-8094
7644
7845
7974
556
-5622
-2011
-6799
2678
-3149
-6524
-2935
3364
8836
4225
7229
9438
5787
