-6229
6709
9223
9088
9548
-9703
-243
-1028
1231
2591
3982
7118
-3910
4718
-4429
-9516
-2325
953
-3353
2571
6196
8752
-871
-3292
4188
-7273
-2918
3646
-3649
9302
1139
-7406
3494
-8235
-3344
8882
364
7141
2979
-4258
7029
6681
-5362
-7364
982
-6593
-5264
4469
-6070
9652
4734
-1625
3408
-7564
7402
-5059
-4489
2796
-3711
-7982
3294
4352
9325
-7127
2725
8989
-1595
8528
-5397
2474
7756
-2640
-9058
3963
7739
-9922
7563
-4759
-5774
-3447
4487
8265
-2993
5815
-8902
868
-4124
5273
-7423
-8084
-5865
-9859
5407
-6718
-3319
5413
5363
-3692
7418
-653
-1052
4717
3415
-3739
5411
-3708
3953
8677
-9092
-4216
-4202
1769
4391
-1578
3913
2428
6116
9093
-8613
-4489
-4267
-4035
-8528
-5155
-6269
7628
6392
-4345
-9601
-8441
7413
8195
8062
6325
-3421
-5750
-2107
-6500
-839
1501
6749
7205
-7032
9328
-1154
7450
-2537
710
7385
-2299
-2855
-4057
-6732
1961
-1613
-4464
-5520
-6956
-5461
523
8982
-3103
-9331
5391
-9447
-9456
5761
-7685
-9619
4441
-5102
7884
-352
9256
-4978
9829
9306
-9982
4105
-8743
5044
8512
5933
5169
644
1917
2240
-5986
-2970
4795
-6750
-2700
330
3385
-1641
-9617
-1325
-3931
-6289
9591
-328
-3900
-418
-7934
-9314
1330
7752
6926
398
273
4241
3795
-9790
8209
-3260
-3675
-1575
-3136
-367
2240
-6658
-1757
-3019
-7099
6311
6049
-9682
-8813
-8745
-4129
6820
-8757
4318
3980
107
-921
9776
-882
-4698
3211
8683
-3139
-6667
3577
5987
1232
-6006
-3027
3054
7525
-3486
-3646
5589
3654
-338
963
-8911
-5055
6607
7809
892
326
1519
-3540
6782
-815
-5385
199
4325
-949
-2464
-4242
706
-5646
6804
-4864
4357
1981
5589
6033
7912
-7746
2456
-8905
853
10000
4027
5218
-1105
8008
6347
-3626
4179
-4524
-4395
1970
-9581
-4018
-1079
470
5798
-6349
7221
7164
-3593
7223
339
794
1160
-6489
-8911
-6773
9340
2726
558
4605
-3930
4814
-3486
-8190
8370
5474
-8626
8293
8538
6594
7526
4602
8654
7919
6449
1722
4007
6560
2425
-7768
-8508
-7027
-1342
-3273
6746
-5302
2571
1558
-5303
9573
5212
672
2696
-5255
-1520
-5945
5406
3964
-1174
7566
-5785
1277
7316
6268
6130
4818
-655
-2729
2021
-7010
-4557
-1484
2093
7478
-3769
-5200
-4445
5172
4042
6016
-1396
103
-4641
-1963
-405
-4085
-5772
-9153
-316
-3619
5442
8246
-8056
7988
1615
-6174
-943
6182
-5499
2993
5167
7802
-8625
-4003
-1708
-2506
-3780
7149
-2890
2982
-6440
9339
-982
3036
3077
4098
-8870
-3699
-2699
-5338
6992
7992
8168
4255
-3352
9043
9328
-8740
-9803
8311
6068
8576
4017
9195
-3755
-4450
-7439
7352
-6434
4593
-116
6999
7176
1760
8376
9386
-1359
8029
510
-9710
-2033
-8526
9367
-4765
8145
434
6828
1501
3463
8099
-7076
-4420
-7940
8863
2772
-3876
3334
4810
-6682
-1799
-5442
-499
7757
-9712
759
-7983
-6621
-9575
-3550
-5182
127
-5869
-3863
7969
-778
1254
-3321
-3009
8392
5127
2433
67
1254
-1836
-9203
2723
4726
-3260
6903
-7723
-8107
-4209
-8202
-8017
-91
2362
-5514
-2860
-6430
6279
3475
-3905
-7938
-2397
3516
-492
1617
1204
6743
2445
-4776
-8388
688
-2514
5359
-2468
4302
-5879
-7824
-9355
7077
-3195
2028
-6651
-2972
-8242
-40
8015
4778
5740
1072
-9929
7411
975
-5269
4339
-2110
-3677
2941
4281
-168
1286
-8742
-9640
-6456
-1551
4782
7973
-3802
7026
-5120
-2031
8434
-8230
-6277
6393
-213
3438
6743
2059
-7704
8949
-2215
5621
2905
-8587
-7184
-7702
6559
7473
7582
9553
2314
5070
-9177
-7309
-6819
6177
-377
-4883
157
-2900
-372
-2115
-9171
-3654
-5115
-8362
-2081
-336
5838
609
-8808
5447
-7764
3330
9108
-1062
-5363
-9529
-702
4507
4648
-708
-9304
5323
1643
-665
-635
-3929
2683
1135
1098
-3297
5952
9032
-7878
-5586
8883
7170
-1924
-3002
4545
7272
-7858
1160
2265
-9220
9371
3004
-775
-3752
2020
3186
8837
-5793
8911
-280
6360
4510
5420
938
-3967
3787
-5965
-9920
131
6417
2381
2063
-9055
-8665
-4200
-6270
-5818
6561
-7208
-5043
9753
6374
3979
7470
9956
-9546
-2822
6880
-5515
692
342
9795
-4024
363
5997
8853
7218
6400
3364
-2258
383
-3482
-8006
-172
4007
5321
-5097
-976
-2702
-7344
-6137
9884
1804
-2501
4765
-9164
7749
-1762
-4815
-9430
3278
202
3858
1377
-2682
2271
-8586
7092
5153
-1979
-156
7041
-2957
-9418
6857
8556
1138
1450
-524
8702
6457
7528
2147
6739
-5684
9052
-1448
-4968
4476
9055
8430
-4905
2157
9459
-6188
-3376
-7424
-6265
-675
521
-2506
2416
-7974
8537
-1573
9691
1993
1975
9034
6596
-8377
9459
5376
5927
-4865
5065
1555
2367
-3050
561
-9042
-4783
9875
-3440
-2462
8475
-5636
-9021
9676
-5221
386
-3761
-4791
8142
7532
1037
-7211
3312
9646
-7880
3948
-9042
-9963
-3579
-8131
-5616
-4902
2073
-3580
9135
7831
-4213
1725
4275
-1231
4715
154
7074
-5779
6790
9239
-6210
-5945
-4608
127
5839
7807
3174
5883
8973
-177
-3902
5210
3013
1068
9025
6598
8448
-6865
3091
-3789
8957
-528
8932
6269
3631
-8259
-2480
3934
-9495
-7908
1449
-3902
-9601
-7450
-6004
-2518
8009
-4914
5838
-5841
8528
7232
-985
-981
-1761
-4039
-2610
2910
2747
920
-1080
-4844
-6291
6280
9030
7253
-5547
3139
-979
-2855
-5462
4117
-7992
1993
-991
7525
-7932
8470
-9847
-6980
-2175
-8077
2127
5042
-4849
3934
6677
9873
-2579
-618
4474
-2186
1387
-6587
-6737
-1275
1813
-2399
9203
2843
6144
-9248
-4206
1544
8717
-4037
-2022
-7841
4888
138
4905
538
5644
-3147
-8350
4070
970
548
-1359
-5917
505
-150
5753
-2171
7240
-4735
-2280
-5042
392
4448
-8582
-9242
-2616
4672
-1837
6564
-6791
3710
-2417
-9468
8753
-3883
8025
2072
-7117
-7917
-3503
-1451
-1591
-3812
8321
-5926
-5784
881
-3044
-3743
-5841
-4495
1092
-3423
-2980
-859
-391
-2861
-4295
-3540
4099
-2645
1925
-9519
-2296
-5470
-5046
6845
-8977
-4148
8365
9671
5671
8343
4326
748
868
1687
-1024
-5207
1184
2317
-7724
5047
-3151
-3332
-7445
-5754
-2969
-7487
-2655
0
-1487
6282
7641
7698
5011
1825
-1132
-9324
5204
-612
8409
4889
7438
2774
-8659
-35
2571
5656
-9271
-8002
-2616
4105
-590
3424
2146
-6846
4546
-8472
4423
2020
4207
-8917
-5103
3918
-4865
5123
3802
342
2880
5418
2846
5000
3440
7161
8215
3351
-2711
-4703
-9994
5331
9236
7948
-1788
8878
-6088
-6281
-3046
336
-6295
9779
348
2470
-2316
3679
-1355
557
-1456
-2342
3671
8635
5050
2062
1562
-8880
7076
7178
-7499
-9959
4152
-6470
-5203
4123
-3352
4055
6434
6584
-1853
-4953
2176
2422
-6081
-7192
8578
5712
3864
-8637
-4053
153
569
3734
-6992
-4219
-6786
-9017
-3756
-3245
5680
-97
-3195
-3866
-9569
-4828
-4257
-3694
-976
-3138
-8262
-8689
-1439
8837
260
8934
-9212
-4072
-7800
-6605
9356
4395
7099
2807
6963
-427
9425
-4471
5625
762
1131
-1070
-3091
-5882
9785
-1175
-3180
9386
-2347
-5990
5750
5167
2233
-5218
5556
-5148
253
-2286
-8621
6034
5649
7963
7271
-7709
7397
6463
-2853
8424
-1190
921
2465
-4406
4256
2357
2613
-9739
-7703
-9528
-472
7430
-9120
9656
515
-1276
9304
6597
-6992
-6847
6223
2938
-5330
96
-8885
9912
2080
-4770
-1547
-334
-3131
3911
-7802
-1275
-2854
-4055
-6507
9417
8960
-5403
-4045
1803
-8607
-9546
-1856
3352
2508
-467
-2415
1623
7347
8863
-5138
3592
9974
2155
-9302
-5883
361
-8445
4650
-8490
-5415
4035
7330
-4439
4957
-4854
-4757
8973
4072
-8646
8131
1861
5150
-773
4878
7027
-2051
1897
-5511
2733
-662
-2600
-9218
7973
-9789
-9307
-8374
8027
-9606
8726
-4809
2136
5250
-6711
4417
-5717
2047
4641
9104
-3485
6006
-3327
-395
-4680
6868
2342
317
-879
1504
-6939
-2444
-7896
9745
448
379
-3558
-3251
436
-1643
-1809
-9054
-7106
9919
-6777
-8929
5629
-1329
-1834
-880
-6577
4216
-5582
-2502
-7813
-4456
3404
6036
-8513
-7375
-3593
545
8437
-8511
-249
-4419
3498
8010
-6411
3431
-1788
9992
-7840
3932
-8941
2768
9189
-91
-8152
-7536
3239
7375
5599
-6538
2641
7414
-9856
-1080
1545
4961
6508
2932
6271
4260
-8447
606
-5295
-7810
1075
8593
-8831
9501
-5004
8699
1236
4808
-1777
-4598
-4110
-4389
8526
9838
-8655
7771
-5622
-6785
1752
-1345
-6421
2629
8014
3288
8478
-9782
-2190
-7807
9846
4505
-5809
5483
-2146
6402
3197
-137
7004
-4254
-5178
2300
245
-5792
7488
4576
1866
-6801
-8495
-8409
-3993
2774
-5235
1240
3621
843
147
-706
-9477
-2765
6010
-6
-1983
-1357
-9936
-7731
-4564
9565
2086
-5219
-1486
-3400
-9870
6477
5325
-5022
9771
-9385
-7937
-6549
3382
-6118
7541
-7020
5
-5741
9802
-1711
-2459
-6664
5849
2581
-184
-7900
-3608
-6338
-6982
-4461
-2393
7585
2447
6990
-1516
9554
4536
-9206
-1323
-5145
-306
-9677
4748
6322
6562
1180
1277
6797
7727
6270
4403
-7875
4867
2920
9977
2855
8116
5116
5869
6602
-6525
1261
-2876
-1751
-3519
-8888
-1179
5496
10000
1497
3693
4858
-850
-9155
3781
-6717
-8335
2033
-4678
9715
5296
-9386
7870
5748
6950
-6524
-7398
-6730
-6383
-3076
-6606
8312
9013
6389
9573
8567
-6304
3815
-1163
4771
-5109
1388
8291
3830
426
-341
8153
3818
956
-7378
4944
-7380
-5262
-9614
6923
4410
5806
-198
3747
-4664
-8097
4473
-4180
-8426
-1434
-1402
-3090
-1540
-5797
8261
7051
-1735
4771
-4001
-3100
9938
1751
3275
-9164
4834
-371
-5189
2551
-770
9303
-9932
3573
-7723
670
-5037
8226
888
4436
-4404
5250
-9293
9134
-7069
-743
8598
-3496
-9837
-3730
6982
3446
-4277
6314
-3595
4132
3055
-9759
3260
-8722
3374
3573
-4947
-3229
-7750
-8107
-4287
-434
262
5773
-3496
9438
-7811
-3319
8180
587
-7678
-2357
5768
3334
1222
-2965
3260
-3570
2699
-4851
-1509
104
66
-2931
5203
-3000
-6082
99
-7352
-2432
3637
-6318
-9960
-4690
9092
8991
-8753
2693
-3519
-8404
-2941
-5872
-7764
1100
-5168
327
825
5498
4252
-1125
3834
-3393
-5081
-223
-4920
-8203
-3834
-7344
-4300
-4371
7241
6780
-6311
-5648
3737
5163
2266
7296
-189
2737
-882
8349
8841
-4746
-4701
-4007
-9015
-2424
-4377
3581
3975
977
862
2672
3751
-4347
9957
9067
-1657
180
6732
7140
1500
-4205
-4336
2287
2737
-4461
9536
-21
6091
9025
4498
9689
5879
-7095
-137
-3461
-556
6156
-7331
2641
9153
1806
-9313
-532
2714
-65
-593
4751
9585
-4641
-8895
-9471
4959
9991
-7538
-2864
3037
7498
3341
-4661
-7837
-665
-9221
-4526
6712
-8008
-2754
-7803
-35
8500
-5571
4161
-5104
4518
493
-8400
-246
-120
-6389
3800
2371
2842
-7741
-5629
-3894
6536
-559
-8121
-9585
6674
-5573
9701
1770
4812
1670
743
8653
-1442
5678
8624
8147
3271
1933
6881
4823
-8499
-1901
2833
-388
9605
-1066
6841
718
3587
-7869
4337
-5496
-7090
9661
4713
657
-5640
3604
-1789
2711
3142
-9098
6511
-9414
-1563
9112
-3839
-5643
1618
9815
-4286
5821
1517
909
-1983
-3108
-6554
-3473
-4080
-8061
6074
2080
8776
2633
4165
-4154
4336
9235
-4429
-3693
5874
-3190
6286
-4941
1734
4197
3679
-6382
1622
4752
6752
7529
-4251
-303
-2160
8760
-7919
2738
-5311
-4481
9158
-4128
-4002
7634
8718
-5079
-7
-988
9559
8648
8531
4229
7230
-6836
-827
-9023
-4449
-8735
-7721
3157
-749
8493
-9839
243
463
539
1694
-4359
3503
-3881
671
-3989
-2334
-8052
9654
4510
-8872
-9126
-6578
-2513
-6392
-4698
-9594
-5701
8765
-4704
-5497
6238
-6075
9783
-4471
8999
3338
-2765
7983
-1493
5651
7927
-5139
-3550
5162
6855
-482
5897
7345
-3705
-5316
8257
-7170
-3574
2346
4223
-2684
2470
-9709
4754
1651
1241
-9069
-3959
4871
-9978
9418
588
-7654
3796
1744
-1091
3474
-552
6147
985
6851
2334
3030
-1259
1692
-1844
-542
8962
4347
-3778
-8048
243
6792
-6141
9856
-4568
-4690
-5874
8845
8712
-2899
4682
3529
-3482
-4557
-3324
-4033
9588
-8598
9086
-6478
3934
8997
2095
-9583
2083
-2718
9960
-1120
1843
-653
-2928
6867
-8364
7313
-684
1414
9453
-8782
2794
-5664
-9052
-2968
6893
4769
7937
-5066
-6148
27
-1481
-5509
1372
-54
6171
873
-945
2156
6043
-6182
-7848
3533
2342
3298
-313
7335
-4588
3529
-1450
6936
3535
9189
5423
-3143
860
7441
4712
-6670
-855
-6036
4644
-6844
-239
449
7989
-2983
-838
4231
-3687
1245
-7368
-5229
-3224
6242
-4073
9062
-7461
346
7676
8525
-553
-8276
7976
-5608
6304
-5102
-1350
-200
8179
-1851
-1405
6751
-3647
293
1267
-6607
-5505
3490
326
3737
604
5141
-2642
-1696
-5187
8231
-3626
-6082
1931
7283
8231
-7830
-3079
8911
2674
120
3609
7229
-380
7489
3622
116
-6165
-2687
3249
6115
-8026
-6048
2105
-9406
-6950
-112
-6
-224
2991
8100
-7330
6453
-7007
3114
8949
1531
-98
5295
-9483
-5617
-7679
-5620
-6781
1810
2622
-8360
5605
5783
8227
-6811
1162
-483
6872
9069
3170
8730
6783
3239
801
-858
-9098
2254
347
4824
-8377
-1416
-285
1450
6620
3996
-6410
-5412
-795
-1934
-1753
520
4088
-871
-1794
-5835
-657
-4808
8790
-943
242
-9708
3020
-6995
-2829
8733
4944
-2
-5195
4127
4890
5912
-6459
-7231
-3115
2343
-7683
4752
-6696
-9461
-5389
-6763
-677
3342
5831
152
4041
757
7454
3220
-9539
-9193
11
7939
-9628
-7274
1220
6954
-773
5221
-6131
-1044
4046
9671
-7634
6769
-9324
1921
-5275
78
1623
-144
-464
2413
-6816
-2916
9295
-4684
88
-9176
-1963
-2399
2103
6800
693
-3262
-7984
-3961
7324
8031
2399
4391
-9379
7342
-1153
-3970
-2188
5935
-1348
4566
-5647
9970
-1252
-2787
1088
-120
-2686
-396
-6541
4250
2809
-5256
-7539
-6989
335
-3967
6253
-2614
-2524
-4350
-7365
2549
-4181
7354
9767
-6789
2255
8342
-9006
-5351
5009
-9202
2796
225
-6877
4619
-2697
2255
3142
7148
3125
-889
-3858
7087
9754
-1595
-486
-3643
5384
286
-2761
-2470
-7103
9561
7071
650
5174
5273
-6818
1444
-4353
2725
-1560
-1906
9802
-7126
-2081
8516
4520
-8063
7785
-3912
-4382
-6817
-6919
7448
-7609
8522
-5983
-9700
-3226
-8606
-2500
9591
-4030
2029
-3048
-6746
-3797
4455
-7960
6603
7489
2532
2963
5639
-7277
-3735
6728
-6205
-4711
-4831
7480
-6485
-804
-4525
-5144
-7195
2668
9926
-8942
-5174
6304
-8389
-6127
1911
8003
-2256
8577
1755
2195
-7030
8139
7565
-3779
-6700
2234
-1838
-6814
8613
-8849
1067
-3001
1826
4682
-1133
2501
-6918
-5221
-9457
-6866
-4970
-2651
-5879
-5540
6517
-6724
-5089
-7976
8261
-607
-9051
9497
1824
703
6423
-6385
-26
-7073
5795
1625
-286
-2324
18
8730
3777
-251
-2841
4439
-4191
-9310
1869
888
-1507
-7559
4375
-215
-9646
-7690
-1279
842
-488
2428
-9830
-6383
4996
-2996
-6450
5489
4748
1782
-4056
-509
4442
-9044
-6301
-752
-9111
9571
6327
-8013
-6925
-5566
-3044
3541
-7139
1420
-6186
-3671
-581
6147
3703
9196
4618
1590
4344
-3266
1618
7522
1137
8275
-4583
-1783
6568
1402
-9522
9824
296
9927
-9221
2111
-521
-8887
-2141
8184
-956
-6434
7227
499
10
4166
4712
6603
-6888
-6699
9515
-4413
-4831
8662
7486
7083
4162
-9944
3494
-4624
-2523
9204
-7634
-8832
2283
5228
4743
-5798
-8117
3640
480
5324
-4240
-9563
-2751
2235
2737
-6728
-7611
3759
9680
5449
9567
-2212
5664
4843
-5877
-5730
2473
-2777
-3495
-6963
-7614
-3857
-8071
-1687
-8869
6770
-9894
-4970
-8929
5319
-8150
-7321
-8882
9184
-5005
-212
-3892
2483
-8001
-133
-5437
5904
-5374
5459
-9787
-4189
-5484
-2897
-2733
-1407
3029
9520
3790
-3522
208
-6174
-2946
201
-2594
2086
5077
2152
6715
2561
-3235
6174
4148
8621
-1439
-5420
-5794
-3911
3396
1648
-3795
3563
9118
-6781
1918
6107
-6528
-590
1965
-1767
9664
-7951
-511
-5488
-7771
1305
-287
-127
-3144
5092
-2508
-7819
809
-8622
8794
4279
-5023
3711
2169
-2619
2087
9181
-42
-7587
6690
2810
-2481
9742
-208
-6319
8408
7393
2815
-9457
-3822
-1530
-20
-4836
5505
4098
-3972
-6912
9858
4409
-5534
-8391
5326
-6284
2528
1776
6498
4564
-567
-7328
-5198
-7821
-2327
9198
4713
-1971
-9935
-1299
6200
2922
4195
-99
1155
-9271
8688
1076
-1191
-2218
-9391
-1127
1530
3762
-3924
-7008
9884
-6680
360
-8119
4652
-9291
-3584
3319
-1108
4996
2822
2804
3661
-2674
3943
-2153
6818
5168
-6345
-1634
-706
-9833
-1847
7762
-9078
3274
2807
-4050
-2536
-9477
7062
5656
-5068
-7022
-2074
996
215
7945
5775
-8225
2703
-1196
1313
-5288
-2450
9485
8712
1922
-5087
2526
4632
-3270
7154
-3490
-3793
7952
437
4947
-3685
-5204
2937
-1169
6838
-6335
9132
6394
-4861
-6140
2374
986
1470
-5915
-1024
-2086
-9361
3048
-4539
-724
494
4910
-5946
-223
9861
-560
-9571
6439
-6452
-6742
3465
-1475
3686
9192
646
-711
-6903
-6125
-7787
-9839
-5345
6577
2150
-8346
5725
-7202
9601
9979
7399
-3460
-466
4405
-7965
-1532
237
-9828
3614
-8540
6768
4387
-5575
9424
1442
-8554
4975
-6007
-8029
3260
-1291
9396
-5078
8172
-8884
7069
-4059
-3300
8350
-9391
-1433
-8600
-7699
-9607
3560
537
2870
-702
4843
4009
9640
3585
9933
1866
9692
4782
1202
1234
-8172
-3890
1061
-8923
3979
2020
-7597
-1248
3236
-6968
3909
458
6252
1622
-1424
-8786
1779
-424
9195
6597
5271
-3142
9169
-4505
-5668
-2275
7136
-7909
310
-9591
9440
-887
-3473
1574
3065
-5631
-1642
-6244
-9291
5768
-15
5626
-6849
-2405
2520
-9057
4610
-2653
1390
-738
4152
-1576
6097
8827
9228
5904
-2325
2949
3248
9235
-8613
-2253
-9011
237
-1850
3710
-913
-4361
-2327
4571
-4477
4382
9593
2057
4644
9653
9749
-1223
-3424
2660
9735
1705
5191
-9205
-6959
-1242
-5143
-7088
5671
-3178
1126
-7575
1096
-5617
9209
-3183
6777
-5387
1329
-708
5002
843
-204
9966
8699
-3185
-8359
-2722
2944
9396
7757
5519
9446
4768
8400
-9218
-5669
-6152
-8067
-7440
3792
99
4481
-137
7627
-3161
-1069
6299
8908
4164
-8391
-2820
-9114
4865
-3690
-3557
-627
7277
-8359
1588
-7784
7554
-4572
2638
-9493
2274
4623
7525
-2882
1634
-764
-1237
2450
-8016
-647
6305
-4469
338
-673
9099
4654
8896
2865
-4960
6581
4630
8924
-537
1875
-3617
-8226
-1615
-7212
-3958
1726
-4471
-4845
-1057
-3290
-2424
-2131
-4611
-8807
4960
-6524
-4897
2494
-7046
4305
-7769
-1182
8525
-9009
-206
-7252
64
4442
-3845
8513
7481
244
7623
-8887
-5995
4460
-1046
3693
-427
-1705
7479
-5009
-8244
-3600
4936
-4054
6977
-3540
6040
6968
-106
7215
3651
1627
-2686
1613
-604
-928
4065
-265
251
-1227
724
-8558
3403
-3
-2018
6480
-1487
-7623
-2590
94
-2254
-4424
1407
-9397
9204
2151
8706
5050
-2898
7709
-8590
-4182
9659
-7825
-7830
-2915
7411
7644
-4723
-8470
-2842
371
-2159
-1463
-1477
3131
4588
5139
-5774
-5432
-163
-8705
4584
9318
9321
-8990
-2503
1439
5190
623
-5156
-4184
2723
-3671
-9513
-9291
-6933
6786
-9744
-9064
-4432
9827
-3272
-93
4985
-745
-5867
396
-6073
8031
5313
3371
-2253
1516
-8911
1231
7906
7577
5643
5847
7679
6986
-396
-24
5051
3548
1263
-5276
1546
3763
7316
7432
6179
-3163
-7426
9894
-7116
5754
-2755
-7807
-9672
-8853
223
1456
-8814
-8113
919
-5491
-5235
-3163
5394
8968
-7732
-8611
4809
5802
-7102
8606
357
-2842
-6635
1114
-3169
-6928
8619
-2880
-1354
3913
-4616
5509
-9534
-128
-9478
-3978
9585
2517
-400
4426
-8094
-1322
7791
3585
5904
-2896
4193
8041
8852
1952
4184
-2827
6982
-6115
-9995
-9672
7606
-8369
-1722
-2224
8773
4042
-4964
-5686
-9858
-5624
-8948
-602
-5882
-9134
-8049
-7317
4673
-7716
9136
-3574
2156
-226
-2840
-9218
-5948
7617
3699
-1002
4112
5033
-1474
6788
3124
3838
5113
9834
-6145
-7124
2678
862
6170
9738
5755
2615
8430
-6376
-6789
-6261
6721
-8926
-4950
-1479
-2809
3554
8389
6409
1398
-390
-3066
3137
-6514
-3236
-9409
7024
-9494
-8582
-6794
-22
-8505
-4504
3294
-7628
-7513
-9211
-9712
2559
5876
6225
-8242
-5270
-6337
3482
-8119
2570
-1544
5118
-76
6533
9727
-3558
-8883
9666
-3481
9026
-406
-8676
-6605
-8504
6091
6751
1950
-6013
-7970
-1963
-8073
-1823
8072
2732
8709
-6584
-4961
7160
-7460
-2655
-6320
3516
-9081
1198
-7565
-906
7512
9667
2001
-1443
-628
6058
4901
-7983
6902
-5382
-9372
5990
-2130
3428
-9986
-6969
8072
-5931
-4408
376
-5526
-5632
-2986
-534
-5267
4994
9319
-8469
8952
-1779
-1220
9551
9293
-6550
-7878
-8996
-3044
-3048
778
-2133
46
-5630
-7045
-6849
-6839
-7767
3274
-3913
-8271
-3922
6245
1013
1568
-388
-1035
-3162
-7209
7075
9110
5880
4574
4955
6077
-2369
-8997
-571
9663
-8734
5429
140
2179
8578
-2071
-1477
-212
-485
376
-16
-5031
-5049
-1070
4691
476
5960
1390
-452
-3858
2134
-7215
-4219
-5660
8860
-778
1235
9393
4782
-2942
-6972
3056
9832
-7861
-727
990
9868
2194
-6504
-5514
7783
2405
-1387
7741
5704
6515
-6498
1473
1570
9316
902
9910
-3021
-3303
-9607
-7532
2396
-5521
1917
-12
6360
4542
-9898
-8989
2744
7064
9161
-1921
-8897
4389
1353
2527
-2612
-7798
-4967
9175
6924
9527
5588
-7297
-3227
-3724
7964
8684
8036
-3854
8552
1998
971
2716
-8969
3148
691
5118
3898
8577
-5605
-9691
7556
-6859
2420
180
-3112
-2572
4480
-8948
-3163
9709
7513
-257
4367
7361
-8498
-7576
-9741
-159
281
-5255
-5421
-879
-1797
9694
-6098
-7665
8087
-4600
-5523
4161
-3963
-5247
-6392
9519
8645
-6003
-2758
-7481
6069
-8288
789
4840
-4720
7835
9490
-8106
5885
-156
6786
5579
2351
-883
-9253
-3125
-9945
7500
-7895
8118
1580
6096
-1605
-3121
-3203
-6530
-1396
-9011
5127
1703
-8688
-4494
-6136
2348
2151
-3872
-2864
-4159
384
-6556
-5354
9158
1505
-1489
-9959
9529
9814
-965
-8326
5204
-9742
-2607
-4446
-145
-718
83
5899
-6006
5610
6673
6774
8136
-9450
-7926
9523
4122
-1258
-1812
1013
-6541
2236
-6495
-5984
7877
-2820
2097
39
7970
-1989
2742
6890
-3771
-8020
-7737
7801
-1123
-6991
-2477
-9550
-2823
-3604
-7030
1573
5888
-6786
-4908
1206
-4518
3658
1817
1877
-5593
-8821
4041
-6634
-3941
9309
2949
-6760
-4228
3071
6632
6661
-1892
611
5891
-6852
-7826
628
812
-8308
-3675
-4626
2093
7439
-6992
7766
-5752
-6341
7367
-691
1218
-4047
9755
-3519
-2440
9359
8941
-5555
-9106
606
-1616
2421
2290
8798
-4979
-8381
-9908
7163
-4457
9100
7131
-6290
-7039
35
7907
394
-2491
9969
3246
2374
-5008
-8627
3214
-8074
-2436
6204
-4951
-3611
-6119
-1900
-1187
-3323
-3599
-1364
-4684
3479
8923
-2302
-6033
2432
6288
-9194
7808
8738
-102
6948
2226
-6999
-2197
9795
891
-9448
-9496
-1183
-963
-2606
2635
2163
-2809
2533
8725
9783
2221
1556
-5192
-5893
-6859
3028
4950
-9720
-7915
8892
-2894
-5090
1099
-9659
6969
2287
1179
7218
-7473
4764
-2142
-3220
-7637
8240
-5232
-6681
4506
6735
6418
7898
8692
-9677
3957
-8268
1951
-6299
7775
-7096
-1045
-5612
4114
7100
-9071
285
-1957
4421
3086
8842
3171
7256
-7190
3856
4675
3288
5339
5179
8365
-9223
4491
-1602
-8441
7169
-7523
8435
-6162
4912
-9380
-1740
1940
2821
-2649
-3454
-5295
3653
5096
-6366
-5358
7550
-6516
-5924
-9788
-8076
-4732
4883
-7998
6898
-4435
-8833
2048
2050
-5261
678
2609
296
-7933
-6420
-6512
7508
7822
-5605
7408
5555
4590
-6638
-2455
8553
-2686
-2306
8683
1161
-2320
6741
1525
7439
-6196
-3389
2811
-3538
-4833
-8976
-1496
6700
1916
4688
-3091
-7489
6012
1289
5029
-5385
-306
8730
3508
505
5040
2560
-2865
-6868
1504
-3158
-1151
5116
-9215
5943
-801
930
-12
7004
-9438
-320
2487
9892
4558
6361
4340
5297
-9359
-3441
-7842
5128
1011
535
3020
-3759
-4970
-8686
3105
8579
9005
6458
-8774
-2941
1518
-8562
-371
8891
9743
6720
7032
-5009
9999
-6925
1316
5603
-6027
1456
785
2796
-194
-8741
-9720
-3281
2222
2199
-9127
4319
-5888
-1691
-7539
189
1238
3243
-6207
2973
-3149
4165
-8593
2269
-8250
-5295
2899
7852
-37
6303
7674
6376
9451
-5853
1173
-6951
1514
-8527
-540
-839
4719
-8440
-5320
6797
5408
-8098
-4265
1505
6446
-7480
-6848
-5101
4662
-4779
838
956
-9461
6224
7886
3644
378
5339
-161
-7375
9473
8132
9197
2781
-5075
5582
7484
-3324
7280
-2795
-6839
-9338
9500
-5267
-1362
-8635
-5589
-8131
1433
-897
221
-5638
49
-7029
-6654
2764
-4775
-2968
9617
4408
-6936
728
956
2402
-5725
-4846
2408
8230
4297
-7421
8246
7015
-1844
7263
-6350
2894
2963
4365
-7037
-6330
4838
-9389
8258
-2621
-8186
6643
-817
3619
9983
2015
7309
8575
7474
-5612
-4305
-8307
8994
2754
1448
6189
-4955
908
-9208
-3559
2610
6826
-6969
7194
-2877
9620
-1570
-8206
1146
2070
5116
7281
995
6127
-4301
-278
-6653
-4964
-6410
3198
2832
7682
6686
6133
9785
-8302
9997
5804
-3630
-8263
3641
-4447
-6948
3868
-6382
-4108
6050
-8083
-1210
3976
-7021
510
-7009
9539
-7959
-869
2253
1220
1664
-6589
-8522
-8638
5377
677
1902
2217
4444
-9397
9040
-7015
-5404
-8288
7906
5278
-3734
5112
1922
8931
-8651
3538
-7811
-7574
2803
830
-3205
47
-2540
5177
7749
8738
-9728
9207
2936
9982
-3860
8885
9497
-9373
-30
5703
-7353
-515
2118
-6830
-6385
9761
-1408
-3705
-5410
-591
9205
-7453
2667
6153
829
2604
5898
5835
-3356
-1612
-3
6891
4525
-9330
-9074
2271
-6412
-6069
-1070
9395
3256
8258
9175
9370
6332
-3020
-451
-1142
6877
-330
9502
3287
-8525
5085
259
5314
-1474
-3440
-6255
8145
-6111
3354
5009
-8810
8309
57
7218
-3196
-4451
4570
7968
1448
-6490
5985
0
4489
-9952
5141
-9207
-8839
5398
8876
-5097
4179
-7132
6920
-4123
-110
-7881
1012
-6537
5062
-9718
2457
5619
-3555
-5318
-324
-8270
214
-1936
6171
-5427
-8411
4672
-446
3371
-9174
6924
6294
3914
8717
-7235
8232
4517
-7079
721
-1202
-802
-2116
6224
-3239
5917
625
3237
322
587
-1381
1089
8159
1497
6758
-4150
4002
-3136
2823
4035
-4459
3271
-283
4552
2880
-4916
-5158
-9996
-2559
2230
5679
4496
-8351
7072
-4829
1734
7493
5204
-2839
8384
1369
-6373
-3173
-4645
-3575
-2622
-1523
7119
-8996
6024
9842
-4853
8139
-2878
1496
633
9605
-7922
4100
-2280
-1831
-5105
2222
-139
-6711
-3473
-1738
-4160
8657
-5195
9489
9852
-6882
-7463
2021
-4873
-1649
163
-6554
4977
-3132
-7124
-3069
9229
-6746
1984
-3715
-7052
7690
3872
-1748
2042
7545
303
-23
5193
-420
-9012
-1784
4894
1231
-5440
5584
-9758
-4713
9724
-9154
2794
9307
-1743
5459
1019
-2759
2843
-4536
1886
3899
6232
1381
6921
-2816
-2483
5840
-3338
9341
-6875
-272
-2742
-1522
-8601
1974
-8202
1734
8384
4525
3199
-1013
1391
3472
5017
-6329
-3145
-8554
-7925
1112
8667
5039
457
6170
-3044
-6425
3668
-6435
-5309
-9954
-1735
467
32
3787
-9975
9206
-9006
8345
662
-368
-6853
-8731
-3223
-7284
-547
-3798
3761
-4680
-3906
4463
-7048
9815
7268
-5790
-6560
-7299
5439
3267
-5071
-6231
-7869
-742
-6867
-3751
9767
1231
-4174
-2005
-4817
8317
6871
-650
436
-5112
-5761
-1729
-6781
9839
4618
-5886
-7982
9904
-9824
-8597
-9842
8522
-3561
305
-1537
2739
-186
-3247
-6631
9751
7597
-808
-1464
-545
5446
-5271
-2429
4120
-9838
-898
-1896
-7508
8693
5721
1398
-856
-7630
-1098
3028
5103
-5910
-806
-1472
-1273
-1259
6741
1673
1001
5217
6412
2248
-7719
-5063
4497
6223
-5361
-2479
3489
-372
2836
8087
8034
-9204
757
201
-7414
-9373
-7543
-8878
-7691
-6930
-3052
419
-9212
2930
2743
-7834
-6381
1725
-5854
-6687
-9284
-7724
2729
1525
8823
8567
-1473
8355
-3073
3378
4930
9474
-3201
4252
6759
5035
8367
2241
-3087
-4890
-9086
7272
-6894
-4872
9415
1247
2184
9698
-6757
-5684
-3396
-4932
-6355
-4183
-3807
-9703
-3291
6671
-6113
6363
6502
-8718
-2526
2687
3538
-368
-7830
-6119
-870
528
7178
-6065
-4797
-4464
-4118
8389
8539
-5781
2304
-55
8655
2876
3408
2529
5650
-4797
4768
-8400
-6114
-6089
9681
-9997
-7542
7492
1478
8448
-2519
4283
-8264
-721
3118
-54
-6911
-6581
7418
-6395
2628
6627
3483
9817
-6902
-6791
-5353
-6657
944
-7366
4185
-6741
-8881
1009
89
4993
-7666
-1359
-2928
8056
8211
-3273
8318
-7157
-2783
-7475
7576
-6870
-9880
-824
7218
7000
7352
-9213
-6186
5497
5366
6777
-5933
-2962
-842
-6509
-4568
679
577
4894
-9623
2180
-1380
-4411
2055
-7415
-6139
401
3677
-8636
-2838
2944
-6707
-1953
5547
6748
7063
-1490
2384
978
-2347
-1145
4266
-2502
-5183
-3259
-2470
-5848
-1212
-7433
2949
-8333
-1218
-2082
2912
-9358
9655
7763
-1350
4579
-3274
6515
-4724
4521
5364
-6247
-168
8951
2519
-5949
7034
-6187
-7524
-6142
175
-1019
-8246
-1549
578
-875
-163
9508
-3549
1923
-8786
-5206
1114
-3089
-6073
-3179
-9944
-531
-1010
7159
7852
8089
-9277
4692
9525
-5377
-954
-1947
-502
5962
-2930
289
-4369
-5043
3323
2323
-7314
1926
-6743
-4061
-9824
1623
253
-1411
2880
-9727
2922
-822
6445
2972
8547
5968
410
-9160
5674
777
-6686
7187
6103
-712
-3754
-5700
1219
-3507
-3909
7576
6187
1607
7343
-1918
-8338
1225
9886
9845
582
289
8669
-3395
8363
3450
8172
-1256
-3098
-1692
6342
3566
-1579
7318
9522
4244
8792
7617
168
-5711
1149
-3310
6195
-6557
4861
-2601
-1609
-4680
-3926
-8288
-4991
3238
-2815
1810
-4036
9984
-571
-3510
6018
3617
2111
6459
-3499
9744
-8692
-5271
-4477
5737
9971
9372
-2221
854
-4263
-943
3398
-2466
-5801
2213
-1694
-5762
1461
6950
-5035
6780
6225
-2523
-6088
8508
1740
5432
-2612
6735
7920
-5783
-784
-250
4261
-5720
-1988
2692
-5405
-3915
-1502
-4531
2616
-7888
-7994
-5934
198
7817
610
2777
-5743
2555
7087
6964
-5926
-7092
-4127
2868
-3217
-9966
3897
-4884
-2063
-1788
-706
-1852
2350
-5878
-3168
7310
-1452
-4394
8420
8445
-6690
-6196
-5226
-506
5682
3925
-3010
-7264
8118
-3430
1410
7188
164
-9706
-7623
-8405
3835
-5922
-9915
5910
-2638
1770
-84
-5648
-9610
3090
4635
7381
6620
-974
-1071
3647
8978
-7791
-6924
-1303
7545
-9883
-5861
9578
-1387
-922
8115
7390
-1755
8637
-1426
9822
6790
5886
-9602
2183
5975
-3760
1453
-62
-2518
487
-6360
1634
-8552
2549
6447
-9746
-6654
4293
1443
-9194
9882
8891
8924
8134
-1472
1175
-7616
3640
4910
7002
-4730
-5970
7455
5729
2241
-2762
-1728
7526
1558
-2532
7970
5391
-9196
-7558
3367
4089
-5870
2450
-1560
-7752
3375
709
-9867
-9935
8786
5027
-7362
6725
8300
126
1934
-7858
-3162
1924
-4166
8081
-4290
-8777
-2762
-4114
2845
-850
615
-142
-7844
739
4460
413
3469
2054
560
-1446
-8709
497
3994
-8700
6761
-6454
-7384
-4819
2667
-4128
628
-9343
6507
7866
3897
-4314
7769
8970
-5345
-833
1473
5715
-5071
-4407
-209
1658
-3848
6228
2863
975
8901
5372
-9549
-5671
-1518
1974
-5696
-3278
-6707
-125
8944
8540
-9687
-20
-2820
-9553
505
-3207
-6491
-8387
3864
6877
-7764
6917
6091
1923
5139
8846
-3487
-6047
-7014
-7416
2794
8538
5749
-489
4865
-151
-7179
-3333
-86
-4183
-1866
8570
-5515
-5516
8294
-2421
-6059
1335
-8916
1662
5897
-8979
-9398
-7342
-1052
4063
-3098
6716
-3965
-2549
-1537
-214
-7286
-8301
4245
8179
2731
75
3017
1143
-684
-844
2035
-2959
-8384
3799
-5423
52
7463
6235
316
-4818
9258
5320
-677
8506
2079
4615
671
1116
183
7814
8172
-5639
6508
223
8564
-6230
-1522
4709
5190
-7246
1590
-9031
-7670
3968
-3980
-4411
-9868
-8650
-4508
5435
6809
5925
-3318
-8512
-5205
-1239
-7872
-9416
-4451
-906
6227
-871
9739
-6859
-1397
2453
-4963
7860
-2295
-804
3002
9635
6547
88
-656
2678
-8134
6823
-3181
601
-7257
-931
4478
-664
5850
4491
9939
3856
-485
2754
-3544
1106
-5941
8782
-8101
-6215
197
9601
3421
-1841
-4005
5787
905
1433
4755
4422
-5925
3601
3864
4135
-9548
9349
9306
-1474
-78
-8306
6193
5513
-6506
1692
-6986
-3062
-2766
9917
574
2176
-7897
-2790
-5555
-2590
-2756
-7567
1384
-2013
7190
-5913
850
7279
4469
497
-5206
-5139
5236
-2403
-7166
8934
-5208
-9375
4025
2463
-8771
-5662
-5464
8242
-6463
-197
-8764
-8231
-9794
3256
9581
5453
4847
-764
-1115
-1916
3019
-6742
8746
-2733
-3450
-685
8801
2393
9929
9886
1306
-9501
-8467
8592
-6738
-1474
6063
-8174
-4013
8986
-7819
-8957
-6792
9190
-4683
7408
9219
-9194
3771
-7399
5283
5855
-6474
1772
-2526
-5574
-9771
2860
1739
-3425
3526
3355
7546
-2550
3680
-2000
-333
8196
7559
5091
6486
-1356
-1280
-1623
5988
-2556
751
9499
4001
5658
2958
5047
-571
5852
-6459
-5702
5307
9639
7696
833
2318
-5100
2730
5536
3582
1783
-4060
2156
-3335
2486
1994
-5580
-5791
8647
5765
-7617
567
5755
-5908
-1214
7295
5696
-4052
1231
-5726
3776
-3136
-2225
-7998
901
-4630
-3914
6100
-1600
1296
-2312
-5666
1152
-7922
9130
-2118
-8542
-7900
1363
3588
9238
2881
3540
7485
9525
1236
-4403
-1213
959
-6836
53
7637
3671
6330
-3040
9319
3404
3675
5593
-9775
-1548
7917
3732
-8795
-4334
190
-5523
8160
8543
5120
-7590
-8778
8377
-4975
-3567
8023
9938
-6224
-2978
-9535
3163
5519
1469
-3259
-7126
4779
9845
-2679
-4222
-7544
-5235
-3020
1859
-7805
-3676
6657
-6599
-7724
2542
-8551
-9436
4375
6485
-521
7380
-5131
1251
-4918
-7640
4991
-568
-1358
-7578
9386
-5697
-8578
-6202
512
4837
1026
7902
108
-6533
4353
-1315
-681
-6496
-4838
2868
-7918
-1049
-8968
-3962
3680
-3165
-6688
1720
2318
-9546
-3877
1843
8178
4198
6124
-5376
-1492
9591
-5223
-5359
3203
-703
-1773
597
8475
-3597
-8529
-7238
8756
3449
5194
3973
5128
-7961
-515
9863
8412
-9668
9797
-9298
9372
-8125
-7273
8295
-4163
-6408
1384
-1531
5549
686
8499
8894
6010
-7664
3074
-4374
6302
-9595
908
9775
6370
5109
-5585
2218
-1270
3671
7273
7752
-4979
9024
203
8258
526
7470
7243
9934
3542
2990
5120
1079
-448
9403
3444
2098
8928
9277
8829
7033
1478
646
-3868
-8756
1350
-1966
-1895
2354
-3174
-196
-1312
7660
3539
-7128
5607
-4366
9266
7490
-4204
-5452
-3890
7771
130
-9255
540
2807
-6399
3896
-7428
-1643
-219
1142
-5672
-2776
6608
9193
6704
3557
779
-847
1138
3769
-5521
7645
1036
3057
4955
5537
8272
6739
-5778
-3281
-7364
-5801
3967
-1828
-5828
-4417
-3793
-6336
-7132
-6103
-6069
-1673
2330
2595
7783
7826
4777
2594
-334
-2657
8723
8728
-3474
2041
-3493
7291
7449
6532
-3419
-8090
-6531
-2806
-2185
-3549
6127
-5501
7051
8465
-5001
-1246
-6570
2202
3881
5304
237
7160
8270
-8458
-2336
3077
-4663
255
-3930
-5750
6698
7858
8049
-7159
-2152
-9240
7115
5660
-698
-1369
-1776
2376
4594
-6335
9893
8539
-7340
-4272
6876
-7929
-9768
-264
2167
7265
-4065
8658
1869
-6274
7346
3539
786
5881
4774
5099
1271
6434
-8617
-9216
-2506
-9143
-5541
3082
3224
6813
7590
5465
8183
2934
404
-2509
-3735
-3919
7296
6604
-3317
-5612
-4140
-4728
-5341
-9289
3009
9259
-1600
5426
-3736
-2946
8563
-1799
77
-8937
9897
-6264
-9009
-7554
-3673
-8045
-6811
6469
-5893
8296
-510
1085
-4966
7194
4041
7282
-6448
-7976
2099
-3549
6607
-9579
8868
5500
-8960
5164
8934
-1595
5470
-7398
8280
8141
2399
-6630
75
-749
7123
-5153
2689
9377
1742
-3749
4290
9449
-5601
-4751
6183
-3469
7954
9700
-4552
-1498
8814
-2124
8544
-1187
4871
-5806
6422
6753
-9926
6423
-5369
-8932
-2870
-1534
4789
-3696
-3063
5454
3528
-6912
-5572
6388
-9855
-4077
8050
6708
-4202
6888
1321
-1004
4920
3729
-4200
6127
6578
7788
-1817
2116
-1374
3637
-481
-474
-2093
3917
-4547
1414
-8632
-6007
8512
-6470
-523
-9328
5558
2510
2271
-6108
6171
-3717
-2634
-826
-4079
5546
-8843
6844
-296
-6872
-2542
417
-7434
7120
-6434
6044
1654
-609
740
9125
-5962
450
-511
-5177
-2803
-7186
6334
-2278
-382
2533
-2913
6790
4129
70
-7290
562
6252
-8998
9481
6009
-2874
-1907
5525
-3965
8547
3533
-1352
-6623
6092
3002
-1295
6526
7381
2295
-4156
-6094
2966
-3468
546
8534
-3838
-1961
2757
-7120
-9398
4340
-6582
-9323
-781
7739
4893
-9465
5314
-1853
-1824
888
7423
-3063
-5365
-7328
1501
4958
731
5955
124
-5171
7400
-9490
5290
-7131
2948
-8801
9079
-7408
3932
2214
-5549
7771
2384
9408
-6134
4328
3558
682
-3485
-4693
7931
-1246
-5520
2139
5560
2944
1728
-4007
9835
891
-4707
64
7206
8911
4778
-6914
-3530
-6557
-4837
6065
-4246
-4694
2884
7568
7324
-4834
2434
2154
9433
-9556
6220
-6150
-462
-5797
-2233
9791
5610
3700
7320
-8363
-1047
-7431
-1467
-6962
-6831
-5929
-2385
5965
8063
-5357
1372
-9788
-7962
-734
-6940
9025
-1515
9247
8690
-2524
6757
-8003
-3807
5597
8158
4482
-6446
927
-7687
-8849
-8597
1862
5174
478
-4680
3105
5622
-2189
1141
4241
328
-5234
-6101
8918
9777
1020
858
5420
943
7655
-5268
-2442
-8700
-127
8816
-5031
-5228
195
-615
4422
6012
-6868
4823
-1812
-3970
2091
-9257
-8881
-1577
-8177
3177
-6441
-1690
8315
-7880
1045
7505
7881
7609
-6537
9068
-9865
-9291
5407
1798
2295
-2482
945
9182
3004
-1100
7920
-5345
-5336
-1697
9722
3543
-8196
-7840
1728
-5479
3328
-9409
-3246
6520
-9806
-6938
2022
2468
1847
8041
2123
5344
4017
5161
-4702
4129
7469
5005
-4392
-9878
8487
-9237
3088
-1922
-9021
8875
-8984
383
7380
20
-7394
6473
6266
-3308
-7347
2831
3787
-5803
-6786
1279
8968
-9027
2537
1146
-4390
-3426
2252
-3423
5273
3337
8490
-2031
-8310
5500
3961
-1028
-3795
-9523
-7990
-3110
5263
-5489
-8805
9148
9639
1210
1461
4979
-5115
-2378
-9426
-180
440
-9770
4310
7518
1438
369
1466
-3727
2180
853
-3339
-50
-9387
-3084
4710
8618
3886
372
-2216
-7570
6899
-6557
6904
-4037
-6616
-2602
-448
9107
-7768
5253
-2780
-7225
8425
1833
3958
5705
6473
-5851
4138
3571
-6163
-3480
5962
1390
2015
-2607
-9726
-6143
-5147
-4166
-7959
-9123
-8653
6044
278
-8827
354
-5263
-7291
-5045
6889
4148
4609
7580
-4543
-8655
6223
435
-5208
-5571
7739
-5660
4545
-3965
2697
-2167
-145
2624
-2513
-5127
4724
4384
4177
-4429
2850
2934
-7226
-947
9546
-863
5303
-6947
5827
8948
-1415
6375
6490
-1817
-9034
-741
3739
-2596
-6931
7560
4947
4313
-524
-6117
7763
6804
-2123
-2628
8703
8161
4047
5327
-4902
592
-2615
-5058
-9374
4559
9822
-8638
491
7286
8207
1266
-7467
4145
2336
1304
-1017
1543
-7612
-4220
-8388
4728
-9459
-9735
-9425
4001
3655
-1479
3286
-3947
8866
1116
1846
6957
-7182
-1649
3628
5803
-8167
-7777
-4444
4468
9332
6241
4301
-1110
3256
7083
5802
6876
4313
256
6836
7588
6050
7610
-5549
-6574
-5019
-5529
-9988
1712
-2023
9533
-7891
-9737
-6856
9983
9992
2144
-4831
9837
-5774
-8931
-168
2311
-114
-671
-9711
-3565
-8089
5333
-1081
9588
-8812
199
-6793
3028
2089
317
-5707
-2247
-5617
1668
-620
-9264
5136
-9317
986
4538
2101
-1479
-4412
-3939
-4496
9867
-5027
7829
6632
-7672
-2873
-7472
-9553
-6966
-4743
3600
7597
-2917
536
1464
3375
9062
8238
4942
-8982
6943
3956
5568
-3222
92
-705
-9510
-6116
-3232
-2957
3503
-2089
-8857
-214
-1208
-9419
3479
-6644
6495
-3579
6040
-953
7700
-5980
5854
5344
413
7280
5452
-7698
-763
-5064
7696
-3825
-3230
-6883
1610
-713
4435
-8258
-2998
9283
-2143
4020
-619
2081
-8798
6226
2295
275
-3342
306
2840
-1300
798
1831
-4415
-1494
1267
-8407
-2276
-387
7729
-1921
6525
8921
9017
7666
-8960
-9028
-5095
2614
9200
-1278
-2564
-5006
6491
-3039
-9881
4702
-4897
9050
-6423
-5071
-3976
-5394
2089
-2600
-8046
-8143
9954
-2772
668
9926
1194
-981
2026
9675
-9223
-562
2745
3799
-7078
3385
1428
792
-9803
4515
-8913
-2598
-1586
-8878
-2414
3323
-3322
4946
4328
-2384
1094
3066
1835
-4761
4340
-4258
-2661
3290
-9092
-8259
9578
-3622
-1399
468
-8713
2772
9388
-8488
-8392
5645
-3098
6712
4364
-5161
3466
-7927
-1039
2921
5555
-111
9357
1826
7337
7677
-9710
5690
-8467
709
2441
8095
-9167
6962
-773
-8040
-4891
-1705
-342
1561
4089
-8553
-657
-9522
1461
3452
-7497
2033
981
856
-8390
-2450
4145
-1334
-5572
-9078
5811
-3838
-609
1464
6799
7872
-2564
-8687
4155
9752
-3857
2967
-1281
1717
7159
-2976
5781
-9196
-2852
-4464
-7700
2613
-2284
7307
5779
-6468
138
-3827
-6955
-3448
8270
-8332
26
5067
3718
-1691
-3045
-9711
-9779
4246
-4933
-9086
-8589
-5692
-9600
-1961
2577
8277
-6911
8792
5564
4255
3023
8359
-8607
7091
-1565
8744
-6683
8342
-1922
8954
1652
9837
-5721
8025
-5280
-9798
-3510
-5083
3656
4772
5496
6309
4131
-6359
1134
-8968
3210
4448
-3989
-1034
683
9259
-1083
-5007
-5834
6532
-3474
6471
9630
-9467
8264
-1255
-4005
-8628
-2090
5563
6641
-5283
-3087
-9148
-9928
4984
22
2031
4826
-3962
8564
769
3015
3309
688
-363
-1607
3980
-2636
4072
3269
2778
5498
9139
-281
-3972
-3077
-7156
305
6675
-1392
-444
3931
2762
6640
3941
8841
6720
-9047
2327
6508
-3027
-2355
-7297
8009
-3735
3167
-9555
-5351
-3158
6207
-5238
-887
5423
-6000
2808
4100
-9745
2855
9169
-9699
5783
6748
-8960
-9566
-3081
-4143
3754
-2809
4620
-3201
7941
-1386
-269
-9281
-8693
1719
-6606
8764
-699
173
-7140
-8198
-2693
-2512
8800
-3985
-8617
9239
-5289
8706
-2646
-4315
-4905
6971
-6822
9705
4915
-2678
-7399
3098
9421
-1481
-5460
2832
7023
-5703
-5736
2079
6755
-4837
-6801
1297
8463
5367
6225
-3929
-87
-938
4906
758
1363
-4348
1960
2855
-7454
-4536
8191
4823
-897
-9423
-322
6067
7035
-9827
4461
5346
6781
-6638
7567
-5215
-8507
-312
-2428
6529
6896
-5502
3712
-5833
452
1976
1879
7988
1852
-9559
-1104
8865
6036
6947
4797
2897
-1741
-6114
-5349
4943
-1515
-2652
-9675
2411
4181
-1548
-4919
-7500
5447
-902
105
1501
2366
-1689
1104
966
4385
-8674
5633
-3954
-5202
-9039
-3551
-5274
3200
-148
7881
-4416
2148
4213
2198
2930
5979
-9100
-7875
8641
8674
-5091
-4105
7650
-428
9860
6667
-9016
9425
-9467
-6024
9717
-5841
3330
-9661
-836
8362
-539
-4333
1162
-3979
5027
-9585
2006
415
-3702
-8149
4657
1661
-5063
-4091
5044
819
-4594
9581
7652
-8857
-5008
-4928
-1757
-8142
3683
2604
2451
6245
6476
-6832
-1316
-5
-2996
4859
3
-2021
-5997
-7611
7413
9864
-1160
6001
-6333
-9102
8521
-8060
-2655
-8459
-9923
-8759
-9558
-1313
8649
-6172
-8204
2666
5909
-2779
-1763
-4967
-5548
8332
-4413
-1225
2574
6027
653
9155
-4687
-1627
315
4463
7802
-533
5066
7338
-500
-286
9122
5811
-5385
4052
-2415
1970
-1418
2648
-939
283
-2816
-2431
-530
1018
-2603
-9405
7134
2302
6585
1141
8940
6367
-4128
-4763
6080
9842
-9723
-9460
-3416
2267
2948
-3744
3457
7229
-3436
-9047
-1470
8955
-5439
-3795
1075
-4742
-7097
8653
-9410
2358
6006
-6831
-4372
4395
3295
5540
-7627
-9296
-9381
2190
-5098
-3379
-7175
4222
-2462
4414
6221
-8946
-1287
-1940
-183
-4882
2772
2448
-3168
-4205
970
405
3163
-9326
4280
-9835
-416
1531
-669
2910
7187
-1081
-8481
-5645
5579
4965
4273
-2030
5172
-5595
131
1951
4020
-6907
-5443
-5519
4474
-564
-7093
1104
-9873
8500
9700
4394
8635
7476
3802
9129
2200
-2877
5409
949
9228
8253
3898
9325
-2976
-3977
-9668
-9255
-475
861
-900
273
-2465
2408
-5921
-3389
767
2798
-5166
-811
-3882
5552
-3645
4632
7995
2600
-6890
1246
-6638
9716
9477
-3334
-5283
-6648
7406
-7290
2734
-8780
4904
-2607
-7051
-6701
7853
-3028
-9245
2408
6165
-3664
-610
7416
-2580
2920
-4135
-6454
2618
-3838
-3008
-2414
8619
-7929
6038
7020
3238
1244
6225
9562
-5220
-6177
-5547
433
-6096
7677
-5809
2699
6820
176
3396
6071
6068
-8324
-652
5776
-1370
1877
-2284
-6883
-4635
6718
-6513
-7661
-5770
-1317
2215
8840
1624
1851
-94
-3223
2735
-755
3122
-3620
5792
8620
-4113
-9935
-2818
1637
-455
561
-7222
-8541
5776
-1777
-9093
-1260
8174
4470
700
-5983
-8741
-9629
6574
3772
-10
-6122
3490
-6985
-395
2738
-4820
8253
3555
6082
8240
9183
78
-9969
7963
983
5101
8004
8084
831
6009
-8912
3131
-4701
-2004
7605
133
-9764
3764
-3496
8043
5025
6450
2247
-6970
7637
7633
-1906
-7642
2652
-5004
2424
-1895
-9208
7897
1984
-2803
7119
8071
-1868
-9026
5497
-6354
-248
-5300
-8383
9420
-1216
-1846
7066
-229
-5749
7165
-4402
-4593
4387
-8011
7164
-4927
7150
6631
-8118
9384
-9093
-9886
-8004
9347
1999
1678
-4664
-150
3149
6173
3459
-3017
4507
1284
7563
7163
95
-3536
5425
1709
-7081
-8330
-4696
3239
-130
6170
1432
6322
-6615
4983
-2236
72
-3675
4775
3194
-8831
-9294
-611
7418
-6379
-2006
7770
5506
-1455
4564
3790
3322
-8210
3159
1348
4763
6167
5107
5512
3033
9819
4416
-1375
3555
7002
-901
-9130
5211
2331
-1966
-2962
3552
1614
-3033
5178
-9296
-6912
-161
-8565
3794
-7410
724
-5219
-4590
993
-2840
8068
-3891
-6014
-2343
-3178
5351
2092
-4817
5078
-5833
4212
3834
4409
-8836
5219
2023
-4980
581
-2067
-4503
-6613
-3249
-9390
-4304
-1613
-9462
8949
2389
3424
9934
3083
-2819
2699
2631
-9449
-8261
7558
-7488
-3576
-9400
8011
-6434
-757
8668
-8008
-474
9105
7615
-4766
8779
5415
9515
-8045
2863
3727
-9535
-2771
-1483
9977
416
7530
-6529
-327
-6000
-3341
-931
-9669
-3938
-5747
-487
8517
7589
-2330
-2727
-1899
1378
4735
-7757
506
-9055
6064
6248
-9774
7586
7854
-4379
-453
4451
-3340
8079
-2290
-7947
-7754
4001
-778
-9882
-8084
3289
-1921
-6859
-8231
4766
-8382
-8561
-3110
6100
1716
-5346
-2091
-2705
6698
6970
8986
5106
7468
6266
922
-2411
-5122
5583
9172
8875
7696
-4385
-3177
-4987
4442
7983
-1973
5653
4473
-8470
-8333
-4593
-1216
-1148
6105
-7677
3643
-1632
4832
6514
-5154
-4424
-7996
-6464
4866
-1949
2409
-5522
7718
4604
-9984
2783
7678
-2570
-9219
4552
3312
7494
2209
-1356
-3646
-275
4742
2020
9459
-9967
8569
9646
7138
9160
1307
-5271
-394
7665
4620
-6579
-7685
4338
-4420
-3155
167
2756
-4575
8056
8311
5809
-7816
-7672
1787
-1423
8740
7619
-1422
6992
6837
9549
-216
-7478
2377
6743
7757
-6844
-958
8358
4608
2876
-5589
-9210
3833
-1710
-8839
9683
8962
-3398
4152
-6778
-4424
2064
-1655
-9887
1396
6862
-9963
3916
-1856
-3058
-1372
-8377
-8331
9129
9787
4342
6613
-2310
-8239
-6410
4155
9452
8998
2464
6792
-5217
-2361
3645
-9956
6757
-4722
8668
296
-8310
9983
597
297
-4544
6142
-2948
9257
-7502
-2071
898
-5926
6520
-9832
2903
4700
5350
-4981
-6796
-8803
-6375
5065
-7824
8139
3574
-4086
-3307
6919
-5860
610
3155
9915
1894
9362
-5889
-6896
6979
9812
-9853
-895
9869
5772
9616
-4217
-3528
7212
4086
8142
-3518
4612
26
6876
5046
-3316
-9182
-3042
-2750
-4356
8331
-6143
5992
6762
-4720
-7631
3422
9012
-8187
-1936
9664
3209
-9212
4981
9050
-3064
-8008
-3974
5577
5307
9915
-799
579
-1664
-3924
-5751
-1831
3529
-4602
557
-1961
-223
2027
6393
-1537
-9755
9359
-2234
8118
6592
1987
-48
6565
-5368
-8419
5775
5664
7679
-9978
7378
-2556
5611
2083
4921
-2260
-4060
-8567
3830
1073
-7974
2574
-2771
-3036
-1428
-6367
1455
6971
9230
-9238
5366
2427
-2656
-7717
-6748
5283
-2977
-2703
-6587
7468
7589
9160
-4017
-2489
4045
9194
3537
784
6179
-8054
3573
-1976
-7231
5404
-9907
-5310
-1821
-3816
869
9807
-1870
5716
-3625
1695
6822
8693
852
1157
1900
-4780
-9343
4048
9778
-553
-2248
7577
-4974
9239
2516
-3895
-5164
-1536
-4283
-1542
-1190
-6236
-273
2522
1270
4229
7278
-2826
-946
-7923
-6659
7676
6222
-9451
-5440
-242
8040
-7688
8575
-3923
-6199
6056
9035
6783
543
-1153
5671
-6472
-4425
-3354
-6683
-1522
-2098
-2264
-7905
2081
8442
777
2265
-221
-4353
-3644
-277
-510
-6513
-1294
72
-9822
4899
1744
8586
8178
-2898
800
1988
-4394
-3406
7077
3010
7649
359
2166
6541
1031
2066
4499
1622
-5306
-4251
3975
2991
-1518
297
5684
1771
6551
4886
-6260
3964
-9104
-4306
-3730
-513
-2724
7977
9066
-8821
8199
-7749
-7783
-6966
4724
-4114
592
7754
-303
5330
-1725
-6945
-5094
231
1350
6089
9532
-8232
-1783
-8481
-5265
-2468
7237
3541
-890
-389
3523
3018
2860
-9211
-9589
6011
4688
6393
2771
-5493
-134
-4290
-5699
682
-5623
-2799
8927
-5165
-6331
9604
-8271
-8952
-2181
-933
1550
7786
-9284
1593
-2754
-4215
640
-2826
-5872
-6110
1204
-2991
4876
-4387
9309
5847
-141
7091
9101
8082
-8657
3407
2319
1236
-5300
-2094
-158
1775
-6750
3941
-5574
9171
-3096
8177
-5176
8663
-9946
7148
-3294
3969
3538
-3218
8085
-6703
-5748
-1090
-425
-5859
-2217
-3039
-7135
4871
-7777
1668
-3997
-5561
-923
-3742
-5759
4026
-6391
-6431
4878
8759
-2018
-2097
4449
7472
9828
1862
2031
-8587
3407
973
-3143
-9975
9971
-988
-1318
-6760
147
-5838
749
-2578
-9691
-3454
1040
-9479
7979
6828
-9634
-7227
-8976
-1167
6391
-2052
-939
6246
1526
-485
4344
-5731
-5950
-3551
-4244
-9233
7540
8863
3038
-9523
-2700
3582
709
8044
-2878
-9427
2571
-8221
-6573
-326
-8177
1592
-4765
3310
1965
-2962
4004
-2210
-1416
-3344
1243
9568
8220
-7175
-6311
7598
-7723
7489
-472
-4359
2257
623
4236
83
-5369
3482
-3464
-6210
2786
773
7122
1034
-3533
-2457
1750
-6690
8981
-4653
-5725
1148
-828
-1114
-2530
6200
-1908
-8151
697
-8888
1709
-1402
-8467
-2842
430
-1361
-9087
3399
-2798
7660
-4326
5809
5278
2753
7126
-1068
-6404
-2666
-389
9371
-1046
2515
-3037
-6089
-9059
-8837
9367
6960
-9202
8831
-6593
-9852
5926
-8978
-5317
6153
2125
-3546
1325
-2757
2578
-2024
2997
-9053
-6411
3573
-7940
-411
1951
-439
-6987
3865
5085
-3322
7016
9587
-1852
-9026
4959
-1281
9970
3876
6867
-3276
380
9718
-3093
-3449
766
-6407
-5993
-8656
9298
-2725
7730
4359
-3293
7347
865
-7337
6338
6546
-5715
-292
6032
-3178
1728
-9916
1242
-9883
-9558
5171
-8818
2217
8416
4440
7635
3642
-4278
2707
-8153
-48
4360
4373
8483
9742
-7706
730
9542
-4636
4797
-9095
5907
-3426
-9839
-8155
-7873
9527
885
-1456
6857
8215
-6038
8764
5800
9881
5103
9160
9910
5671
9839
4767
724
7777
-4304
786
-8762
867
5378
-9693
6747
4297
9117
4963
-6718
-1552
-8464
9431
-6425
5328
-5359
-4835
5248
-659
-227
-9055
-4358
6449
2796
-8230
-7116
1411
7993
1933
-1632
7129
-5832
8358
-5348
3562
6947
-1191
1065
3019
2395
1482
-9853
-8513
9401
-5489
7830
3815
3242
7491
5602
-9318
-6790
-2331
-4003
6065
5912
9767
8418
6270
-4406
1465
-4928
-669
7788
5594
-7216
657
8044
4019
-6175
-6617
-6030
-5693
5125
8384
-5926
7137
-5098
-2890
-5504
3452
7761
-6174
7607
9549
4952
-6415
3305
-2701
9698
196
3072
5097
-3051
-8970
3259
6493
5285
2498
8569
-1890
9557
9358
-2326
-7523
4616
8122
-9374
-7788
-2982
4948
-8393
6453
-2972
-7628
-922
8429
-3448
-9947
1246
4688
1568
3941
-2053
-2230
7679
-9898
9902
-2847
9142
2070
4893
-1679
9184
4714
3400
-821
2154
5628
-6792
7429
6324
-7054
7573
-6593
1129
8905
-2636
-9455
3340
-6605
-340
2391
6004
-6569
-9152
-8286
-1961
1376
-893
-502
-3872
3758
6247
8355
9550
-2035
-1908
2697
-3463
9923
-2016
-1639
-814
2164
-862
-985
-3852
-8030
-3751
9171
9328
5452
8742
-5797
-2767
6730
995
-2501
-3761
-7265
8704
-3620
-961
-9963
8519
-6795
-1006
-7882
-8619
-3
8623
-3485
1187
-6073
7524
-5299
5314
-8033
-9504
-5878
7900
2633
5623
-5989
1363
-5257
7886
-8675
7660
479
-1685
-3150
9914
7574
1455
2662
-1282
-6255
-746
-7984
1719
-3241
-8522
-1977
-3787
4939
-9638
-6600
-6109
-5816
-6640
4784
4370
-3453
6396
1308
-4973
-9945
-5492
-5128
387
-7688
-3916
-4342
-5671
7287
5930
-7612
2838
-6399
-5580
-9553
-5643
9368
-1214
5507
-3327
-6697
-6987
6218
254
-1275
556
-5308
-627
913
-2175
8601
195
-9686
5471
-7294
-2339
-463
-8626
-3197
3518
-8870
-4811
-7399
-3990
-4
7398
1825
-8905
-1607
305
-344
-5364
5002
887
6392
-7407
1672
7548
-2611
7748
7306
8462
7659
-2504
-3026
-1748
3822
4749
6244
-151
-5759
-1943
-3692
-3390
-3553
-5585
-809
-7772
-5288
5006
5609
1905
2403
5167
5147
8430
-5700
8586
-2623
9321
9103
-1207
-4389
-6070
-4856
6485
-5035
4116
-4929
6393
-3284
7139
-2288
7671
2647
-4131
9462
7135
-5399
-5857
-8620
3368
8292
825
-9485
-1074
-7831
-6781
3203
5726
-6999
-3046
2688
7526
3158
-7344
9
-2188
9942
-5753
-915
7913
-9973
7500
-5036
-856
-7164
-7343
8028
-397
-4910
-8590
-2959
7314
-7946
-2665
-9388
-3817
87
-4231
3202
4226
2691
-1676
-3524
8410
2183
3353
-7631
3477
-4442
-9165
-2462
-6188
5365
9625
4835
9289
3827
-8066
-7234
9741
2600
-1976
8045
-2404
-4803
6127
-342
4243
8530
4100
-4037
-9728
-536
-7594
-3436
-4553
3480
-922
5131
396
-4365
7606
4600
2547
3616
4430
3472
-8523
1136
-3054
9162
775
1684
-4375
-2160
4347
4598
-6429
-1458
6766
-7412
6671
8345
9970
-4443
6868
415
-3681
6554
-3025
-9836
-602
2727
367
-2765
-2061
-8192
6333
-7814
-5092
9297
87
7240
24
9337
-4545
7713
-6084
-8978
-3451
1313
255
-9564
9585
-748
2495
-8075
-5479
-3047
-7377
-3020
-2609
1592
-9326
-1069
608
-4646
-8943
2710
6249
-210
1950
-2180
3812
-5500
-8465
-1865
121
-7515
-8199
-8525
-4765
5141
8711
1759
-9873
444
-1612
-4054
6330
-8909
-8219
9338
4058
-764
-5248
-8568
-780
767
-7760
266
-4438
983
2774
-5928
-4812
-9166
7977
-5690
-4235
3998
-4904
-9161
8959
-1069
-5385
-6389
2940
9774
3194
-1557
4614
-7669
-3425
-7058
2786
8297
2536
-4405
-8094
4069
-858
3293
-133
-7787
-5173
1002
-2086
4607
-724
8471
5931
-9791
-2520
8292
4368
4847
7526
1699
-6424
-5040
-6727
-8440
-9722
8292
-7491
-4209
-9810
-8832
-88
7000
-8686
-6730
1613
-4821
6427
794
8845
-3074
-1086
3616
2548
2125
5159
9293
1924
9604
9944
4346
-8027
8694
-8217
719
-4690
3442
4952
3475
677
-5768
-7345
-5742
6427
593
-7943
7568
-3820
-3274
-7536
218
1047
3992
5375
-8526
-4019
4412
9204
5568
-2773
-790
8995
-5624
1551
9675
4532
-1969
-242
3441
5167
5980
-666
-3329
-1282
-3976
-4907
792
-662
6511
-2125
-3364
-7662
-2668
-8941
-8287
-8987
9652
-9992
-6429
2714
-9376
-5864
428
-7883
-9065
6634
4941
6057
7689
8532
1153
2282
862
-1701
-7468
4408
-9595
-1298
6976
-1918
8790
2200
-252
-4343
-627
4477
-4322
2356
7071
-7094
4113
5603
-633
-9332
9164
-6768
2072
5751
-2751
9946
2827
-1971
-8552
-5555
-1502
-8370
-1659
2799
8504
8074
2397
-7515
6388
-8820
9736
-6899
-7098
2136
3065
2926
3238
-2811
-9997
-8569
4772
3187
-4841
8894
900
7421
7938
-5117
9413
-4460
-8182
-1158
1312
-2621
-8876
-775
-7668
3826
6725
1339
7716
-1732
9310
7886
2667
3534
5967
-225
2588
8908
-5796
-2221
8531
-2034
-2746
-4569
-5142
-8411
2111
-4773
-6319
1066
8460
-9135
-2040
1758
-8564
4060
-3778
2086
-2177
-5367
-641
1243
7715
-7955
5300
6578
5328
9986
2825
-6151
-396
-634
262
-4350
5636
-646
2337
-1927
414
8013
8310
2395
-148
-4934
9750
6544
-6183
-5975
-2151
527
5010
-9456
-1333
-2656
-8554
-3479
-592
-807
-809
-2003
-674
-7108
-9163
1599
-8273
7820
-2489
9643
-5495
6349
-707
-8925
9397
-1373
7135
-7330
1700
445
-6409
9317
-3716
-6660
1532
8162
-7785
5377
-1881
3160
-4251
-2099
6181
-8223
-797
8671
4187
-5072
-8205
5874
-2855
-917
3791
-1342
-3691
-5581
-131
7799
-2204
-5840
-7862
-4538
8674
-639
-8677
-2662
7692
2472
-1921
6207
-7779
-8330
-5960
-3257
81
1014
7996
1477
-1915
9119
-4728
9095
-4943
-618
7106
310
3703
6813
1092
2280
1380
372
9887
2786
-5539
4749
-7860
-4727
3815
5785
-7563
8843
4565
-1121
-3699
-8747
9749
-9442
-702
-1394
-9569
290
282
-2224
5867
6728
3095
-6815
9407
-7982
8556
-302
-8256
-6527
9504
-6036
3152
-5201
585
4984
-5756
-2368
6921
8064
4638
-9899
-9563
-9670
7560
3358
-2586
-9667
-5769
-9966
694
626
2820
1956
-9763
4515
9658
6665
-1067
2282
4022
930
-7162
5660
-7175
-6271
8037
9131
-4928
-4817
171
2439
2457
8776
-8271
-8825
-3491
-906
-637
7250
2166
-6515
6677
2139
-9415
7739
-2423
-8841
6377
5141
9306
-1509
8103
-657
6420
8683
1817
-6000
7490
166
7178
-5101
-4539
5851
-6166
-943
-3573
1878
-3222
-1169
7861
-4817
-8298
9571
441
-4437
5937
4235
9696
-5221
-3391
9449
3632
4887
1985
-9141
-5217
-6673
-534
-7619
4671
9097
-8380
-1042
-4891
-8636
6339
1896
1667
6156
-308
-1790
-6808
-4219
6814
1779
7471
3301
-8482
2713
7920
8281
1935
9709
-8476
8087
-2557
8507
-33
-6963
5872
7649
-4390
-153
9074
-9005
-7440
-9855
-3424
4257
3283
-6563
-4449
-5149
7284
-5108
-5364
4903
4545
-99
5545
-6065
6244
-9886
4600
-7652
9028
3266
3109
435
-1252
-411
-3407
5575
-6758
7246
7601
-4737
-4
6565
987
-9565
6419
3859
9289
6920
9190
6995
9150
5903
-9345
5990
-988
-5237
6050
444
7903
6928
-9833
8938
-9311
-5145
3199
5064
-4364
-3844
812
8417
-765
3321
4714
7093
-6863
7476
-5716
914
1327
6622
7150
-8936
807
-4447
2154
-2200
-710
9596
-6414
1433
3099
6098
-5322
6442
-6764
8627
7451
-22
-2149
-1980
3133
2387
-6012
5378
-8994
-5717
-4612
2078
-4484
7339
767
-1098
8866
1785
5828
-4183
9222
5320
7070
-4420
-2386
-2986
8880
5919
-6159
-7288
2260
8260
8835
3655
-9392
-4887
-7150
-7347
3064
3941
7678
-8146
7492
-3021
2275
-8645
-5498
-5521
-599
7109
6606
-1831
-1402
5126
1464
-2610
4138
-4398
9371
-3496
5900
-8182
-6762
1200
7993
2510
6332
-4584
4841
-1714
9402
8776
-2052
1966
-1002
-4479
-8376
1416
8181
-625
2089
5341
-5063
-7778
-3631
-2028
57
2561
-4346
9186
-2014
-7828
6552
7829
8427
2225
-8985
6201
-9008
-9869
3067
-2039
-8683
272
6010
3539
978
-4795
-7676
7467
-9138
-8745
7112
8721
-32
4588
-178
1784
142
8450
-9679
-7089
4648
-5109
2370
-9965
7288
-7920
-362
-2397
-7426
5534
-7880
8076
-5186
621
-8533
8657
3686
-2105
-2783
205
39
-89
4760
4506
1814
-1754
-9195
-9923
-2849
7761
2779
4493
-7189
5871
-126
-8712
9769
2870
1588
-2558
-2015
-7807
-9153
7566
-2757
-1394
6685
-4631
-8712
3699
1059
-2750
9321
-8014
8935
-6358
-7038
1729
2720
7753
6585
5186
67
4444
2468
8506
7584
4519
-8061
-8970
4161
9770
819
-4602
7967
8184
5376
-6328
5439
-7826
-6630
-5423
-1873
-9024
-6188
9980
7323
-6143
-6117
1489
1693
878
-3701
-1181
-7496
-7250
-5071
4640
-7456
-165
8731
1147
-1125
-68
-1179
5168
7518
-4960
6371
987
9823
-5431
-1353
7769
-4402
107
-2442
-9218
-4536
-4836
-7037
3250
-8682
1846
-3679
-1347
-6571
-1549
9416
-7666
3552
3275
-9183
9611
9943
-1376
8285
9815
-6837
-1727
-7173
6378
5415
1576
-4608
7591
-8270
-8911
7403
8624
-533
4006
-9046
-621
2912
-5289
7407
9925
-182
4708
-8957
-2315
-3351
8957
-1547
8760
9279
-8358
8689
2732
-1536
-4422
-9391
7610
-7243
4859
-7922
-5928
-5059
6064
3825
1284
1237
5153
4587
435
-1660
-7972
-4302
8166
2907
5067
7510
-8483
832
4307
8086
8209
-5726
-5541
-7962
-6192
4776
-689
4701
1121
5775
-6594
-1059
-387
2463
-9308
3060
9382
6202
-825
2771
7282
1751
3362
-6294
7257
2351
7062
-1941
2910
9658
-1295
-8600
9603
6375
4697
2248
2144
-7276
-1404
5744
-9226
5362
-8750
4164
-5654
-7649
-9056
-6453
-6020
-6095
1364
-1275
3304
4800
3533
7859
-7606
9479
-7251
-4522
-8697
-6995
6446
-4864
9909
8659
7065
4334
-9633
3662
6732
831
9877
9152
539
1858
9325
-1496
-377
-7524
-9484
-2805
1928
1728
-5984
-3570
-2010
3305
-8233
6461
2988
7648
-1791
-3787
-9732
2187
3644
3462
-5738
-4735
8947
-9060
-9587
8229
1114
-7405
-2916
-7544
5736
3706
7801
-4624
2239
9015
9025
-9175
4662
7253
-5102
-5479
7404
868
-2551
-7860
8441
9236
-1660
-1151
4154
-7231
6711
-1490
-4540
-2651
9805
4276
4983
4244
-3267
-6685
-596
-1442
-7154
-8554
9547
-591
-147
4226
-2438
-314
4304
6696
9886
7146
1692
-6491
7728
-3857
9376
-7656
-7804
7359
-6942
-9673
-884
5104
-2223
-3427
-4074
-4869
7186
3738
9424
6742
9471
6816
-4278
-5284
841
4080
6103
-5009
-4441
-7743
3509
-8460
-1322
5309
6669
-4307
9093
9943
4052
9696
3803
4552
-6671
-9803
9058
3227
-6964
-8448
787
-648
7996
-2107
-1549
-1606
4004
9655
-993
9935
4606
1144
6683
398
-38
2111
1710
-5049
5290
126
-3436
3300
4875
1757
1843
-9897
-8820
4166
5849
3901
9925
2932
8687
9831
-4447
4015
5988
-5948
-6174
5063
3386
-7743
7188
1326
182
-9688
6608
7198
-3341
9446
4405
-2654
2679
-2151
9227
-7224
-8337
-2638
-4417
-5923
-4283
-2030
-8769
-5713
6124
-1090
1403
-6936
7904
8644
-9542
-1981
8532
4652
-3732
7089
2798
2838
-3957
9323
446
1490
-5917
2248
5125
-3139
7065
-1084
-876
4337
8268
-8844
-8258
-4088
-6521
880
3946
9390
-3290
2153
-8568
-6066
-4402
2952
2412
-5199
-2152
6282
6477
3681
-6381
5242
7906
1326
6291
8556
-6656
8994
1541
-4474
-7730
-6616
-6153
7952
-7100
6069
-7478
-9021
-160
8440
-8218
-8505
-5689
-1742
2161
-508
-3417
8990
-1021
1648
-5083
-2071
9619
7978
1758
320
-5016
-216
5032
8026
-2097
-7803
9914
9437
9713
-4540
-9711
-30
5872
-6420
8541
1686
-8292
-6556
-167
-7415
-2692
5281
-8359
3775
-625
1426
-4512
9775
-7578
9166
8088
-3149
-5245
-8124
-1913
3748
8315
-2512
-2472
7613
1231
7920
-881
-2579
5173
4408
6708
-7165
-4150
3879
874
-7942
-2794
-2995
3735
7668
8727
-3523
4221
-1769
1739
2041
1139
-4187
2392
-7804
-6758
4543
-2431
-9270
-3929
-756
1388
-3377
-1830
7321
-7780
59
-3778
2265
9957
-8259
5671
7730
-4959
-8247
-5652
-2472
9000
-3499
-332
3241
8549
4611
3663
4614
-9010
2136
-3353
-8617
9872
9470
8608
-3236
-4992
5792
-7281
-2913
-5779
4982
-6986
3032
-1276
-1795
6867
5969
-7249
-3154
-1916
-3700
-8720
-8018
-9264
-2544
-6479
153
-3282
3147
-4785
-6593
-7784
-4807
1306
5834
7823
-8704
5558
-2815
-477
2613
8438
-9481
9690
-4105
-3767
287
-7678
-6464
1446
8727
-7912
-2926
2279
9435
-6292
1630
-1668
-4281
8749
-8220
-552
2528
9055
-1702
-1531
-8653
-8707
-9417
6589
250
344
-5446
-7562
109
-8268
9364
8226
8548
8492
1714
123
5136
3218
-2830
3330
-689
5252
1737
3924
6096
9327
-6823
-7214
-9155
-5124
-239
-6759
-6119
4465
2082
-9476
-6086
-235
-1987
-5606
-1620
590
-7025
-1913
-2854
878
-5198
8397
231
-4518
-1321
3389
2783
9899
-4125
-3266
-4053
-8978
8482
-5210
-7242
-8547
7890
-2631
-2570
1270
3405
4882
-5276
9919
-9580
-1293
4554
-3326
5734
-6510
-2954
-2600
-4124
-2491
5706
-3590
-3847
-9935
-1821
-2964
-1564
7301
9862
-4299
-8501
4928
6590
-8669
7177
2411
2496
1734
-870
-8504
6630
3285
-8221
-1449
4148
6744
-9805
-7036
-256
-2096
3758
9254
-7327
4137
-3523
-6063
-7898
-744
-3835
6759
-9408
3458
-5333
4513
9599
8911
2238
4470
-5538
2774
-8444
1381
-2844
-4019
-9127
3397
-4444
7197
7662
8054
-3115
7065
1301
-3201
-4578
4340
-6770
-4615
4774
-8882
-3212
-1546
3407
9597
9722
-6054
9712
5126
-7070
-5106
2177
-8602
-4218
-1882
-9751
74
-8500
4499
-2428
-191
-2277
-7126
7674
8635
932
-6484
-3770
6357
7350
2051
-3971
1598
7995
7491
9725
-636
-5791
-8622
4130
-6900
5803
-8811
6456
-8414
-5104
3274
4678
9527
-2390
1096
4622
-4276
-2873
-6540
5455
9597
2174
-8255
-1137
4399
-4864
5808
-2718
9475
4360
8016
-9980
-6224
9247
-4899
4520
4288
-2264
-4649
7921
6898
-9537
-848
5707
-9267
-337
-4383
9136
-7278
6156
3662
8096
-5298
-4557
8287
-6942
-2084
958
8004
-6453
3867
-7565
-4990
8868
9888
6504
-9416
-8095
7997
3915
-6218
-4264
-999
-5018
5211
-3066
-6438
6965
5979
1608
4950
-8069
-7660
9001
-5240
5461
-5894
-6069
-9262
-974
4976
-4242
345
-1666
9751
-9069
-6708
9667
-8969
-5667
-443
-422
-1589
-828
-2358
-8233
292
-6629
-5785
7650
2482
-7989
2313
6485
1948
7763
-4491
8835
673
-1126
-7984
6998
2288
-9855
2456
6290
526
-7559
608
-4510
4552
2273
4057
-4560
-1221
9750
3420
-4286
-4770
1708
-7442
-7423
-3179
-447
8182
1853
9431
-2784
-5767
-1511
-3404
-311
-2542
4346
1695
-9519
-5795
5504
-4437
1482
-6281
2713
-6277
-8255
-6388
866
5734
-8331
4382
9849
-8789
-386
-5469
5685
4076
2081
-2399
-3533
2734
-3915
5980
6018
9867
6973
-1694
5287
-1662
3591
-6295
5230
682
6369
-8745
-6048
9523
7874
9725
-9928
-4159
2337
-7432
9793
481
8151
4808
2422
-9120
-5372
8557
6191
-4107
7511
-6567
-9297
174
-6450
-1435
1569
234
-2706
-3366
-6465
-4445
9387
-1958
8366
-1937
-8730
5931
-5075
2036
8089
8508
715
9812
-5170
4798
5477
-2267
-6783
3141
-7157
-8146
3429
8964
-3693
-543
7533
-9692
-8547
1692
6944
3833
4120
-7785
-3649
3177
-9637
9236
5860
1410
-7682
601
-8058
6004
-5964
-9265
8972
2018
-8317
-7552
-1374
6744
2731
-5129
-840
-4591
-5794
9498
203
-4492
-4249
3918
2463
-4372
-4628
-6152
-1817
9568
1893
-4651
7872
-7674
3203
1097
-6166
-8717
9643
3790
-1745
3194
6835
-9602
6045
-4728
4416
3719
-3049
-5104
-9484
-3485
-382
4369
-5664
-2427
8691
1344
4575
4572
-2754
-3693
7900
5999
4739
4571
-9474
6498
-376
3457
-4407
4705
4574
-6584
8116
4072
2973
7491
2422
6594
-8790
7451
5841
-5554
-7687
5850
9644
9763
102
8948
-6471
5417
6990
9870
4574
-7594
3407
-8200
-9325
-8285
-9318
7115
-4581
5379
1435
-7399
5937
8739
7059
-1184
6454
-4364
8049
3742
-897
-2522
5313
3511
7863
2612
3885
-91
-7497
4450
7003
5692
1001
-9661
-4636
8667
-7247
4884
-7888
-3627
-1828
1306
6680
-9924
3211
4370
-2961
920
4695
3962
-493
-5927
5876
4227
-1142
-5864
2428
2600
-6753
-2582
-2272
-6587
-8800
-9002
9140
-9437
4607
9233
-3576
4248
7879
8950
-8524
5983
354
4528
5600
9968
2285
-8045
-2401
4477
-2372
-7104
5512
1692
1547
-1733
9486
9854
-6539
-2679
-1514
-3602
5396
-3990
-2223
-992
-1683
-1878
-9033
-6514
8315
8658
-6350
-4578
7230
-2540
-6864
5242
424
-9833
-6159
952
-2425
2752
-6334
5971
7436
-6391
-439
1109
-3001
7195
-1671
-4881
2766
7236
6590
8346
9297
-2971
2143
-9744
-682
-1899
6696
-6887
3638
-1724
9350
-4140
984
-2494
-7357
9455
-7891
3575
5575
9598
-8501
-4806
-2650
3255
2099
-6348
-2083
986
-7132
5267
-2958
1080
-8692
-182
2526
6774
7510
9658
-3457
8952
-234
-842
6080
9403
6076
-3870
2304
-702
3260
4573
7762
3747
2829
-7678
-5442
5417
-7194
-2829
-5287
-4942
5763
4736
7440
2818
-1427
-7737
404
1498
42
8570
8730
-4127
900
3208
-1332
-7923
732
-2363
5659
1245
-7850
3416
-2793
2345
-5467
5194
-8972
-9554
-5671
6291
6792
-6376
3798
-1178
-9421
5978
2146
5519
-3488
19
6980
1776
3091
6689
2648
-1278
-7367
-76
6457
-7418
-7742
6784
8108
-2214
8907
-8877
-8781
4372
4663
-5523
3502
-2478
-8917
5637
-1338
1078
-2623
-3370
3856
-1420
8464
-5298
-3269
-8373
-8503
9053
-3709
-867
-8543
-4194
2237
-4401
5844
-2043
-9732
896
1244
3872
2154
4548
-3685
-2640
4902
8403
-9956
1724
8363
-7548
-8697
-4503
9168
211
-9387
-6042
6192
7361
-9733
5955
8702
3236
-8203
-458
1616
-5411
182
-8861
-3866
4711
-9353
3355
-3356
502
-2542
9129
2591
-8726
-6035
269
-6955
1999
5573
775
-5986
-4193
-7301
-6063
2425
-4653
-875
-3659
-6910
-8579
7614
980
-7224
8389
1435
1840
2042
7447
22
-1938
-9835
-7896
-1602
1911
997
2223
-3632
-6842
-2738
1183
7779
-2849
5447
-2766
7302
1263
-9443
-2758
9759
-3458
2267
7710
8120
6527
-8731
-5947
-8517
6939
9959
9084
7292
2644
-5509
5034
9033
6621
-9664
959
624
3799
-8466
-2758
5913
-7039
-4033
-7268
467
-7772
5184
5372
-7952
3028
-3390
8682
8961
-8009
-7931
-6176
3670
-5002
-1031
4910
8864
2735
-8140
1888
-6982
-7288
-4991
717
2872
-1479
6529
-2309
4369
-5546
-31
4194
-5025
3845
-2415
-8149
1455
-8175
916
6686
3300
3758
6032
-2311
-3378
5906
-2446
8668
-7728
7908
98
-7410
-6362
3221
-3637
-2287
-9460
9181
-1060
358
5895
7056
-1397
5294
-6393
-8009
-5368
-4526
4326
7009
5382
-6441
-4914
313
4559
7575
-4541
-8815
7160
5508
2463
4321
-6199
3974
-6714
9725
9778
-9431
7631
-6495
8039
-9484
-9995
-548
1831
-2680
9793
6186
-2584
-8752
-1080
39
-9864
4635
5951
1721
7986
5784
-6453
-136
-155
-343
1145
7073
6493
9404
-4595
2459
-784
41
-9068
-779
-3308
-8290
7750
2092
2655
1539
5209
-5802
-7461
-9813
5772
-302
4913
-7862
-4150
-2703
-7016
-7598
101
-4787
417
-188
5357
4344
-5563
-6624
1140
8941
-4652
-273
-9572
-5712
3276
5927
1061
8133
6023
-6580
9237
-651
6552
4516
276
3197
-80
-3345
-9557
2633
-3747
-5848
4755
-5904
1221
-1715
9122
-9529
-3005
-3816
-3714
9029
-4413
-7122
4849
-5564
5755
4225
1626
-3025
4127
4129
6808
-4778
884
4220
-6865
201
9956
9095
-5938
7910
-4744
9516
2128
8165
6526
4894
5849
3918
-9171
-8613
2353
190
7332
-1082
-2246
154
-847
-1561
-20
-1882
-1032
4060
2871
-39
5906
9331
6449
-4704
-8254
3971
7794
7992
6910
-9183
-2112
-7461
6813
4609
5475
9749
7674
3217
-1499
-7223
3848
-1667
-748
8895
-7957
1591
1626
-204
9212
-6638
-6292
1094
-4794
5785
-6615
2217
6576
-9353
-8157
-2155
-4741
710
-1672
-6278
5323
2198
3822
7396
6268
6572
-3136
-4688
-6602
8574
5153
105
1437
-4942
-3488
-5617
7300
4068
6241
4168
-5054
1975
-1171
-7958
652
4500
-2019
-9717
-281
-1426
2285
-9719
-6302
-6462
-9915
-3790
5310
8321
-9263
7188
480
8637
1652
-80
7877
4114
-5668
-5146
-6823
9192
-5911
1955
-1058
-3933
5594
9016
-3156
-1997
7660
8178
-9334
9049
5496
1974
-1110
4200
-6343
-2643
4139
-7651
-6661
7953
9615
5527
-9171
1746
-3823
-2210
8119
4220
-3221
3058
-4221
-2796
5855
9138
-5620
-6780
-3523
7475
-4560
5590
4935
-2308
2741
3623
7316
-3029
4761
-5790
4723
8876
8040
2882
727
-4044
-5778
6910
5645
-952
7172
-9324
-7327
1266
-4049
-1246
4716
-2768
3826
1755
8474
6562
-6370
6660
-8278
8382
-9491
-3664
4591
4356
-5888
-2525
8264
2137
2312
720
-4955
4838
4423
-8396
1359
7662
8585
2561
5581
-8814
8160
-4731
1303
-6627
-4818
-7200
6132
-3853
-1346
-8041
-1147
-7427
-3349
-5660
288
-8663
-6459
9594
1686
6043
-5098
-1992
9677
-5388
-6133
6905
7886
1150
866
-7726
5436
9357
5280
-7473
-9157
-4625
7507
-1766
9425
-4151
-555
-8524
-4633
2879
1697
3710
-4757
-6575
4921
5836
-6036
-3839
-3467
5963
2653
-7043
842
3811
-1385
-1654
-1741
9526
6726
-5696
-9486
9256
8134
-8172
-9873
-9125
-2508
-9421
-2520
-778
-7423
-4162
-9405
-9978
4348
-9684
-5071
-3682
7469
-1302
5814
2476
5872
2808
4416
-5232
-1452
6920
275
-9087
7449
-6602
4990
-6984
5458
-4922
4874
8963
-4917
-8775
5021
6363
2636
-8008
-5053
-2944
4995
-8022
5321
306
9357
-6945
753
293
-7107
1559
-6545
2786
-2936
7468
-405
-4493
-9334
-9107
-4363
-7585
-9052
-8615
1033
-7372
6085
8778
1988
9466
-8917
6282
434
-6601
-3693
-6077
2904
8349
389
-9716
3678
-4283
8176
-6077
2294
-1424
-4412
-5130
-263
513
5487
5215
-5956
5669
2469
3526
-6424
-2737
3329
-2451
7964
-8302
-8549
6862
3552
-1834
3876
-2186
-9990
-5779
-6089
4911
-6306
-7845
-2027
9239
-9815
7328
3457
-1586
8445
-9521
1054
-5648
9649
-2442
-7119
-8841
8922
660
-4230
4359
-2830
6833
530
3215
-2403
-2601
4819
-4965
-6453
1867
876
950
-3117
8589
6963
2031
9012
5064
-8195
7804
-1939
7166
1547
818
-8603
307
-1469
74
-772
-2448
-494
9092
1221
-3165
-3722
1190
5563
-8824
-6378
1268
-1807
-7084
1365
5475
-1713
-3749
2930
5587
-6576
-2714
-6707
-4630
5326
6426
-8399
-1155
-7970
5199
-3044
-5297
4506
6593
-269
-3876
1388
6098
9279
-4228
2442
4642
-9016
-6560
3830
-9747
-1434
-9853
-129
-467
-7871
-8575
7812
-6757
3421
-8866
-6580
-3231
4329
-2546
488
4830
-9486
-2354
6689
-4300
-8359
5182
1909
-1248
5904
6118
-5658
5394
-8237
-2411
7320
9454
-3408
8579
6820
3952
6392
-7928
-5108
-8821
-3897
-4678
-9295
9607
4508
564
-47
-7274
-5231
-970
-7767
-3564
903
3560
6009
7638
929
-879
9505
-6318
-8022
-5368
8956
-303
-5519
7345
9785
-4723
-9570
-5492
5018
-9291
-4286
-8210
-5247
9170
-1939
-5118
1591
3404
4054
8035
512
908
-369
5637
-1931
9315
2261
-1775
-6080
2873
2627
9703
1145
6098
-8964
-9850
3648
-2486
7742
-8296
-3940
-1040
7953
-7579
-6712
-5930
6609
-5952
6956
4264
-6125
-5367
-6363
387
-7971
-1131
4941
-959
-7665
-8343
7379
-4841
-8940
-6663
2759
1254
-6348
313
-1730
5415
390
-6620
-3258
9973
6689
2255
7520
8313
-2304
2321
4696
-1206
2752
-8270
6983
2418
3220
-894
-2634
1819
-9973
1347
-1400
8943
2661
7236
8394
-3731
-911
-2961
2183
9314
3178
-3123
7762
-645
727
7204
6963
-8335
3889
9529
-1477
6048
5484
-3261
1294
6142
-9432
3869
-1517
-3426
6461
5350
2966
3038
5521
3100
5165
6854
1777
-1709
3162
2981
4690
-7497
-5319
-6448
-8661
-3409
2504
5022
4128
-2542
-5642
8173
9415
-6159
2969
-5128
4017
-9489
-5457
9862
4200
-176
-5088
-1287
2260
-5204
-7041
-7560
1299
-8063
-3386
-9849
7394
8286
-1834
1440
-8603
-3250
7571
1884
-4293
2906
1189
4407
-617
2218
2782
7845
6658
7872
-8872
-1761
-1213
-4457
-2449
1376
178
-7321
-4564
-1745
8544
-8734
-1153
-7215
-152
5643
5394
7541
1179
8263
9722
-5847
4546
1901
-4912
-8646
2015
1321
-3161
3739
7179
4294
3712
4705
-5549
6286
2328
9915
2228
-8893
-1549
-4723
-4487
6470
9287
-8250
8049
-7302
-6686
-1492
2080
-4327
-3014
3981
4173
5305
-3032
-3657
-3484
8190
3989
-882
3031
-74
2025
-4239
6629
-380
-8066
8659
1940
4358
2323
-3791
-7765
-1198
9809
-1573
9334
5481
8770
6152
849
8916
-601
-7560
4456
-9672
-7996
782
-1964
-8711
825
9146
2513
-5404
-3936
814
1826
5705
4305
-7813
-5802
1883
-3133
5222
-8953
-3491
-4184
8892
1578
8996
7516
-7810
2270
2159
-3886
-7599
-8896
5192
-7084
-3344
-9147
5887
-5014
7549
-4719
-6445
2271
8497
4584
2167
-7982
-2519
-9158
-7626
-832
2675
3846
8077
8029
6660
4387
6997
4371
-7019
-9928
-4079
-4693
2285
9419
-6413
-2686
1090
2182
6312
-4895
-7121
-3055
7545
9066
-4317
506
-2011
-7628
9339
-1933
8468
-4010
-3408
7078
7659
-844
5464
-8807
172
1428
-28
-4754
9665
666
-6367
-8962
6665
5380
6305
6240
8977
999
-6431
-3335
-4258
8604
-1129
-3884
-9176
5046
3256
-1849
-5053
9321
3639
1173
-8092
-1559
2124
2185
3046
3749
-7872
-3463
-9624
-512
-9274
-7615
-2970
1085
5805
-1796
450
3637
-9279
1918
922
2329
983
6335
2127
-1769
975
2368
-3158
8861
-8253
465
8439
-5616
-209
-1609
-7159
636
-5202
-431
-2465
-2893
-7623
-5562
-3702
-5552
7949
5482
3985
-3409
3973
6179
-7227
3783
-9932
297
-2312
3845
-6361
-677
-3705
-5902
-6709
6441
2130
4173
-9730
6499
-1781
-8784
9937
-5126
7369
7106
1339
-5959
-751
-9847
-322
234
1717
8163
1206
-8719
-6179
-1587
1070
-3308
729
-634
-2086
-4805
189
9141
405
4101
-7255
-7345
4054
-4721
7390
-3633
9358
-9330
-1442
9690
-8922
1970
8724
4458
3793
9183
449
5822
-7481
-237
-7645
1356
9742
3688
2639
-1470
-9602
4353
-6782
-9435
-7682
903
1803
8593
1545
8187
1977
7421
5320
-3394
-1975
6390
-5032
-3838
2991
9461
-620
2680
2120
8995
7332
6588
9654
-2721
-5815
-9289
-5770
-2237
2079
-8026
7616
-5737
-6778
-2705
2979
888
8576
5316
1894
7176
4588
-8715
4475
4145
2682
-4805
-6995
3280
3180
8345
-3441
-7178
8935
314
-5504
-498
5291
1547
-1603
2807
7178
-6198
-4345
3318
5729
-4734
-2160
8745
-7321
3252
81
-9567
9722
-8061
8216
6669
-3639
9851
-3918
-3232
-3138
7741
3248
3274
626
-1188
7970
-2680
9243
6739
-970
-5537
2763
-9197
7029
-5160
1154
-8068
6124
3711
-1825
-168
-6803
537
-9572
980
-9095
-3398
2988
4305
5814
-5430
8689
7618
-2615
-4300
5970
-3949
4653
-9732
4207
-1222
-2933
3785
3992
3632
-6572
4054
-1200
-8522
2795
-5632
7144
2357
-3631
4760
-7978
-4971
-6136
-1755
-397
-3252
-6155
-6299
6910
926
-1492
-2087
8938
-2690
-8088
-9089
5319
4923
-6367
8245
711
-3221
4452
-4646
1984
-4866
-4820
5735
9636
2602
-8235
1243
-2558
-8146
6274
4532
-3015
7798
7881
1862
-2412
5908
3490
-9494
-5990
9507
-1330
-8652
-1203
8447
-5722
6309
1790
39
4808
-8254
4692
-7936
-8145
-9369
-3421
1147
-2960
8905
2454
2353
-2491
-2027
-3568
-2585
125
-3505
-3750
1402
-3726
3364
-8812
7185
9635
-7810
7837
-9187
2810
-4413
-3586
2992
9412
267
-3689
679
2052
-2708
2838
-4526
-608
-2407
-2025
9403
7672
2726
-7752
6663
5515
2556
-636
4853
-1528
1176
-3614
3263
2226
7250
-9181
-4668
-3926
5249
2842
-9400
4476
3479
-9795
4706
-2517
-3327
807
-2306
6058
2857
8643
-9629
2777
-586
4331
2547
1000
4603
1287
-3255
8920
6
-7749
9133
-4762
3009
-1287
-234
-9818
-1034
7708
6719
-4064
-1278
-4662
-2972
2845
-1771
2719
-2453
-4589
8605
5318
-6979
-2446
9461
-2758
-8789
1415
1520
-3414
4799
6230
2715
7270
3118
-7282
-9812
9534
3263
7400
6667
-5417
-2468
-3259
-6456
-7013
7322
-4212
-6660
-2020
-9960
-2640
-8854
510
-3443
-7299
-7184
8699
7755
-7175
-6683
-3803
-3548
-7895
1748
8019
5775
-1667
-3231
7595
4931
-8204
7644
-8715
-7281
5059
-7992
-4399
9080
-249
792
-9966
-6415
-6929
-3779
-3211
1012
-3948
8091
3121
4070
-7935
-2714
-674
2482
-5929
7579
2955
-3826
-1676
9165
-8733
386
6569
980
3244
3129
-3131
7045
-7448
5299
7874
-6233
-9066
6850
-9898
-568
6351
3343
9539
6663
6616
-6165
9844
-3421
1185
-1574
-3905
9927
-2747
-2066
-8690
-3764
-3552
7573
8002
-7185
-3051
-2822
-708
294
6583
-5959
-4444
-5977
-3886
9928
7635
-2696
-2815
7753
-4763
4897
8817
2103
-2356
4057
-2799
-1537
8697
1026
-8460
3835
1339
-5662
8705
-9551
-3208
-4063
7048
9392
-9019
6017
-2420
4721
8478
-4390
7860
-4304
-8909
327
3110
-2110
-1018
-6474
1004
955
816
3792
-7210
-9930
5926
3264
3133
9638
2257
9975
-1898
7993
6524
-5268
161
7401
-6266
3068
5280
8520
-1411
-5624
-5235
-771
5358
-896
-1670
2293
6436
9509
-8174
3963
4933
6257
-3342
87
7530
7193
-6617
7657
-3376
-5392
2557
9737
5311
980
-9029
4146
-4072
-2928
6222
1022
-4337
-9906
-4934
-4699
-8354
-7273
-1357
8678
-8823
4028
3268
9143
6214
178
-4555
4845
6442
6642
-7613
-3680
1690
-4769
-9142
-5067
4044
-364
7462
-8364
8705
-2116
9326
-6992
-9475
1456
7111
2282
9370
-7001
-2520
-8550
154
-6839
714
-8133
3272
4209
7839
5881
-6088
5610
-2048
5742
2582
4311
2422
7368
-679
-8674
6033
4741
-3475
-2195
2191
7380
2683
9463
1289
8062
2477
7998
-406
8636
9815
-5211
-9458
8260
-6713
178
6977
9784
-6745
7783
6518
7342
-2553
4106
-7461
-3566
5928
2180
7883
1002
4389
-9966
4730
-7821
-3714
2194
7993
7082
-6698
8536
-1153
-7088
5710
-7562
-74
-782
6909
966
4625
-4853
9261
-4311
1421
7452
-1637
8010
-3035
-1608
5097
8161
7806
4973
-9527
-9717
-2252
9985
4960
-5528
-2015
-2166
4206
-9540
-924
-7815
6580
1925
5401
-4189
4405
7728
-2011
2299
298
-1971
6000
-3610
160
-3632
4607
-9111
5466
-2697
8245
-3346
5306
-8289
-1079
-881
9282
-5120
-7390
-6126
-4139
2238
-8044
2945
9962
-5031
-6348
5341
6229
3901
-7116
-5651
-5116
2989
-9653
3276
1251
-5352
-8562
-8794
3085
863
9594
959
-1212
-5920
8252
668
-7590
-5978
498
-8108
-5947
-1188
-8074
-532
-8478
8794
-7666
1080
-635
-614
-2364
-5727
-1311
4396
2969
1059
5294
5707
-9563
-6761
-6863
1034
6114
5388
4462
1673
-755
2702
-72
-4883
8508
-156
2861
7669
2283
5387
6816
7214
6316
6947
4043
6852
-1826
1769
1914
1439
3897
2520
203
-4225
2218
-5934
-9687
-8148
659
-4881
-5154
3894
-3116
8038
-1524
-5726
-7430
-7778
-2579
9
8467
-1071
3281
6292
4196
-736
2819
-5980
-4462
1328
9421
1950
-6746
4265
-9554
2976
1721
-2793
-4151
-3526
-7769
-2493
-1308
-3745
2407
3573
2413
1254
-3927
4300
-178
-7586
6215
819
-769
-6881
7791
-5190
-7988
-1243
850
287
-684
8502
9669
-8933
792
5812
3430
2257
3728
2725
5067
-5727
6956
-6547
-9592
-6552
315
2222
-8593
-8090
5822
5045
8446
-7179
2913
1027
4242
2712
-1882
9059
-8030
7990
3658
900
9541
-7216
7783
-4683
2646
-4550
-4186
4961
-5283
1982
-5159
750
-8451
-351
-8391
-2380
6673
3903
8658
3866
4905
-9675
-901
9913
-3311
8353
7472
-5268
629
8522
3880
-3882
-3005
1157
-7000
-279
-6696
-3708
-1003
2937
6685
-8371
-2276
4897
625
4331
4606
-936
-8873
-7621
-3949
1907
3296
9333
155
8539
-977
-7234
-7305
-8823
2201
-6798
-845
9518
-1745
-4628
-4008
1285
-3484
92
7581
-9017
6999
9323
2807
-5583
5053
-447
-6667
-962
-9002
-2360
-89
-4495
2016
-3427
9844
2919
-4111
-5304
778
5229
-3156
-4685
1891
4797
5080
4512
-178
-5519
943
5265
8880
-1371
-6260
-8566
430
5892
7642
-8551
-3876
-4807
8642
1921
3989
1220
5277
-2209
148
-9960
6404
-6290
6776
-7263
1047
5864
233
4893
5304
5760
4964
5087
-8739
8650
4852
-8486
4731
3343
-8901
-3767
9769
7044
9703
-8189
-6600
-9875
-3596
1227
-2137
833
-9886
-688
3424
-1710
2571
8262
9466
3457
-761
-4580
-8061
1385
-6173
-2598
-3208
-3055
-9152
9405
3502
5788
-134
941
-5083
-6243
8819
-6395
-4838
4837
107
9794
7016
8560
-8241
-2339
7333
-6902
-7898
-6383
318
7487
-8738
73
3744
-8116
6893
-6610
-2297
-1471
-324
9337
8434
-7329
-3971
2047
7956
7904
-1699
-2662
-3914
-520
-2226
-6316
4447
-3444
-5914
-1040
5225
-3769
4399
7895
-5118
5050
8252
-4444
-5470
-6236
4978
-6694
6038
770
8188
-1553
4393
-8931
8115
-6483
1237
-3528
1152
-1058
-7961
-2126
3197
-7635
-3951
3455
-6761
-6090
-5507
-2168
7372
2845
9998
2947
-2659
-595
-6855
-5647
-3135
-2326
1444
-5042
5421
-4514
-6153
-3733
2140
-9633
6945
6069
5862
5542
9121
-8353
-1510
-175
-3716
7569
2379
-152
-4768
6243
-4904
7361
5627
-7647
-78
2879
2235
8929
-8049
-1130
-4595
-870
-9894
-9170
-5914
-8462
-2334
8783
1703
-5712
-1171
-6702
-7147
8254
-4797
-1130
-9760
-8568
-8126
6357
-7659
-5640
3041
9115
-8464
9667
-8366
5779
8532
-9185
8686
7614
-7220
1120
-4741
-6466
-1857
4460
7304
-7505
-5958
8004
-5057
1743
-410
5953
-6002
7496
8888
-5682
6620
-6391
-8200
-8551
7337
7346
-9690
5726
5997
8384
-3886
-8631
6901
1924
4219
9926
4910
1227
-1204
1633
1936
9117
-1028
-9951
-9519
7964
-1294
487
9100
-5817
-1785
9145
-4705
-1161
7683
5820
4907
8884
-764
-2456
-3201
-2592
-4953
-3104
5640
-9625
-8962
-5347
6786
4872
7638
-7043
9083
-2919
-488
4262
9328
-1071
8549
-9740
6338
-1866
-1321
-3089
-9179
128
-2056
-5749
-132
2173
-2853
-7743
4199
2638
402
-6550
6793
2842
-4470
3677
9516
3991
9776
-9034
4085
2959
7367
196
-5817
261
-1885
-1012
1427
-9207
464
-2820
1601
-682
-3668
3610
-5054
-3999
-9065
268
-6863
6114
8092
2097
7588
1763
533
-819
663
-8863
8198
3983
-4769
-2794
-9124
4739
2520
-6306
5294
560
5168
-4563
-4703
-8649
4960
9932
9789
2286
-3243
3114
4557
6606
2811
1545
2021
-7599
2767
-8181
3409
-94
6303
8559
2283
8691
-4196
5702
-7243
6218
-8629
1250
-127
-6687
-5743
1505
2746
-3908
-3986
3765
6063
5552
-3117
-829
5962
6421
3755
7963
9716
9330
-9469
-9255
-535
-890
-8221
-8992
-8036
-3918
3063
2254
-8577
-2818
1004
1934
-8842
2639
-8543
-2868
2609
3937
4442
-4852
-5930
3584
5221
9393
-3730
470
4054
8970
-8071
-2428
7071
-6758
2974
-7381
4231
-2559
-3647
-8120
2449
3021
-7244
-7667
-7201
2923
86
-6925
1365
9262
-1019
-9620
4588
5575
-524
432
9887
7997
-4159
-6063
1890
-7269
7767
6564
6868
-9843
571
-9858
5131
8541
-9694
-1864
8942
363
-4320
-9066
4263
1451
-2504
7758
6774
8420
2168
7308
1224
-6163
-793
-5170
-8998
-784
3965
-6673
-2795
722
-1364
-3058
-7767
3465
-4011
-5602
1497
-8259
9862
-7482
1650
5961
-654
3024
3148
-2468
6528
-2379
-5987
5631
847
-2990
-2462
-4128
6266
-4620
-3946
5246
-4195
6005
8917
1441
6020
-565
8942
-1892
9979
9192
-7844
6407
7385
-7226
8074
-9349
9882
6870
-5521
-7579
-1548
8797
-5609
8535
8644
-3830
-5630
-9208
-619
6839
1442
9350
7704
-3465
7563
-7844
9209
-8838
7704
-3922
-6953
5984
-3333
2063
8978
5675
-3815
2715
-5963
-4436
-8836
-547
-6629
-6013
6313
3720
-8284
6303
-4990
9589
9437
7752
-4541
-3836
9657
1215
-1406
-4078
5592
531
-7025
7022
8038
-5058
-7540
4882
3874
-1857
6197
-7865
-6348
-8849
846
4020
3498
7336
7750
4207
-2707
-2936
1495
7962
4705
6634
7895
-4864
-3535
1294
8602
7014
-1015
4
9560
1740
4666
-499
-7588
-1502
1022
-6397
698
6150
-897
2724
7488
7759
1463
-5581
-4911
-9482
-3948
4955
-3745
-4947
2800
8277
4370
9189
6380
-8882
-7957
4208
-4042
9494
-8648
-4219
-8853
3819
-4994
7634
9727
-4689
-3879
7490
6634
-2813
-8859
-9832
-9192
8034
-4604
7284
3106
3046
5273
4739
3914
-3979
4280
7180
-5626
-8509
-6272
-7959
5135
-7705
-1914
4300
-887
1838
-7701
6208
1542
6662
9491
2999
1661
7975
9473
532
750
-8104
-6086
-4533
-1683
3063
7778
-726
7136
-2296
1826
-4304
7121
-9463
7013
-9365
-5204
9155
-2657
3279
-6161
-6021
2141
-7525
2799
-4715
5335
-7992
1797
9840
2325
-3663
5236
-8636
1104
8256
8286
6815
2625
96
415
-7685
4390
-6378
-5399
9923
-7320
2808
6554
9960
-7101
-7310
-3477
-3934
-5461
-4516
3288
4267
-6446
-8609
9096
2998
-6542
-2526
-1760
-9736
-4557
-701
-2502
-246
7464
4787
-9751
-3758
-8786
5009
683
2246
3843
-3383
5122
-8334
4051
-8578
1587
1590
8092
-8624
49
-9203
8254
6509
4752
6511
2703
9722
6863
-4741
-1173
8988
-7882
-2418
3244
-1375
9309
3684
8720
1299
-9970
-119
-7965
6194
-6572
1068
-963
3169
-2009
9218
-8525
-3584
8054
9257
-4752
-9824
-1458
7820
7352
-2961
8041
-2819
6209
-7564
1904
-6929
-5432
-6590
5070
16
-8618
-8307
468
1029
-5525
-9125
6977
-4041
7656
-9080
6142
7523
9918
-175
4733
6238
-8954
-5352
694
-3250
8235
-9623
-6924
6318
-4939
-4269
-6304
2018
5712
-2802
-4748
-1755
2776
-7627
-7396
-6095
1675
-2311
-8674
-15
5814
9577
-985
-2360
-9266
-569
-237
8634
-217
9961
6179
-9619
-5672
2271
3312
6223
-8913
-3409
2598
3289
2350
3465
-329
-9055
-4321
-2632
4552
291
-1520
3765
8987
-8496
9513
-2150
-2371
9880
-214
543
6171
8091
-6442
-6635
704
4759
7220
-2718
9204
-5093
7984
6332
7692
4895
-3887
-3492
1527
-7439
7857
-8955
919
3436
3994
4772
9821
-3875
1109
8532
-7216
-2843
2730
-4077
4666
672
-3861
4558
-7831
-4058
-1966
3009
302
-7015
-7012
6052
-4531
5186
-3325
9232
545
-6936
9456
7081
-1750
5462
4121
-9347
8306
-2936
-5795
-8379
-7212
3477
-2029
7222
-8892
-2859
-78
7478
-6138
2455
1842
-9017
8701
6087
-1190
5745
-7759
4855
4417
843
8507
55
3727
5843
-5381
4628
1435
-7380
-7850
-2165
-4343
6523
-6784
7178
3895
-1356
790
-3101
-77
-7763
4893
-2191
-133
-2271
-5548
2703
-2698
-4933
-340
-486
3413
6790
-5668
4547
5284
3405
-3554
-6161
-5072
-8630
9672
4294
-4697
9036
9916
-563
-9923
4141
-5740
1434
-8209
-7630
3779
3711
-7651
-2531
-1021
6544
3295
6019
-2984
3637
5865
-364
-7030
-4537
2620
9905
-5535
-6869
4196
6423
-4066
6458
571
708
9113
-7437
-8070
5153
-5547
-849
-8163
7319
8394
9072
-2846
-2446
-3099
-2911
9390
-7518
-5077
-7605
6723
-4062
1615
1543
-8241
-2790
895
-2229
-2813
6062
-5432
8744
-5979
1437
-5538
-5110
7919
-2412
7069
3982
4366
-1796
4660
-1267
-7475
4603
-3858
2262
9371
-3300
5676
6585
-2916
1201
-1910
6520
5396
5924
4357
-4000
-4330
-6909
-65
-8373
8453
8853
2030
2312
-9242
-7054
-741
9646
-7973
6144
-5851
6522
-5009
-3520
-7733
862
1147
9268
5197
3729
-5830
2784
-415
3426
-9900
-7381
-5812
7813
-7677
468
4892
7148
9430
7960
-7639
-771
-1773
-6866
4670
-6289
-12
-338
3987
1835
-2348
-8408
-7755
-3902
127
-2685
9682
-5887
6954
-1623
5276
-9466
2112
1545
3396
-6188
1858
-3875
6046
6857
-7627
-5449
-2317
-1521
6035
-796
1752
5592
1243
4037
-1318
2206
5061
3472
350
9560
266
6312
1827
1293
-315
8519
12
-2980
-7592
-3464
5754
473
-9565
2253
-9988
8290
-9204
197
-529
9384
-6188
4238
5931
-6184
1858
8468
4377
-7851
-8123
5315
1377
-5002
-7214
-4327
6629
-9
-4828
-9725
-4149
5186
3689
2496
880
4194
-9488
-8944
-7016
7538
1703
-3837
4733
3390
-2499
-3560
-4057
1174
105
6816
5243
-1892
7428
-6996
-6752
-6161
9195
5174
1207
-1579
7443
6633
1355
-3627
9426
-5374
4985
-1852
-4351
-6373
-5729
2699
-7597
-8016
8703
1598
-131
-4446
-6566
-1745
486
6676
-8343
-8541
-1769
-3527
9139
7467
302
7701
3788
1003
-7495
-1468
6151
2584
4425
-7818
-9869
-3835
6013
-950
-7381
-8280
9872
2437
-8689
-5478
-9608
-5778
6334
7564
-1725
-6844
-7835
2497
-4608
-2797
-8895
-8064
-1317
-4707
8696
-6146
-5115
9573
-7725
2983
9451
9113
-1057
8639
5421
-6590
-1918
-9982
-175
48
8670
-9156
-1668
1150
1198
7040
-2524
5532
5811
4261
-3828
-6016
-7469
4402
-1796
915
-9271
7958
-5176
5774
-3439
-6709
-3870
1021
-1264
-6787
-6155
9322
8525
-3820
9226
7987
6212
6217
5164
6974
-7314
-1623
-1721
3153
-9173
-4833
-9565
-2124
5816
8836
9575
7128
4316
4777
6383
3004
-8697
530
3717
8114
3387
3487
8198
6652
5077
9744
3251
7664
-4632
5382
4312
-8094
-3140
-6182
9544
1062
-6917
-8463
-1412
324
-1660
969
-6869
7877
-7240
2845
51
-540
910
-9500
5317
-7804
874
7015
1274
9068
-444
2826
6625
9402
-4062
8238
-4261
8344
-8028
-2491
7807
-389
-8632
5595
-1551
-2769
5268
-4737
-7153
4589
-8546
-9926
-4183
6203
-4172
-9544
3617
9504
-4582
9564
-861
4271
-4339
-3639
4777
-269
-9447
6191
8339
3322
-6683
3450
6411
7812
3825
-7376
507
638
-5929
4690
5500
5366
-9220
1699
1658
5610
4231
2992
-7687
-5059
1319
8475
4152
-9677
-1881
-6299
-9630
-3827
2133
6693
-8809
4198
-2997
7482
4405
5954
7586
-6941
-7572
5790
-5080
-4300
2052
1659
-420
-5912
4915
-4776
2434
-2730
-5774
-7956
476
-4958
-1063
4414
-5641
5609
-2815
663
-1470
5667
1294
1214
-4163
6928
-4810
9174
7389
7502
350
-7430
7689
3129
-2818
-5309
-5891
-3938
-6177
-1655
2468
-3171
9838
4967
2599
1748
1956
8470
6436
-5239
-9871
-5760
-1181
