5820
1196
-2331
3364
5307
7109
-9091
-7447
7508
5064
1900
4805
-9343
-3652
2538
1803
8447
8
-357
-1111
5682
-7613
1850
-1338
163
9408
6986
-9178
3585
-9193
1978
1613
-3733
2484
-1387
-3212
-5714
-4541
-169
-1031
-4314
-146
-9186
-1075
-9442
-1098
1501
244
9819
-1164
2342
-8082
-6750
-9104
-4674
7183
-7033
6537
-6884
-6044
-843
2820
5523
-3209
5917
-3983
-7278
1158
-752
5469
-7007
-7424
-3577
-3426
8954
3429
-1856
-5133
-2954
-5280
1135
1682
6639
4274
-5035
9912
5124
-7483
-2126
7072
1456
1804
-2038
-1126
1907
-7594
-780
-7822
3054
2079
4057
6908
4498
-4282
-222
-4081
9056
5972
-1545
-5666
692
-9470
4736
9677
-5241
2237
9564
2508
-5715
-4228
-9519
4208
6379
9754
5962
-7378
-524
-6836
7014
-7925
69
-2765
-5220
5750
-2051
-7952
5306
-3641
-3588
-4690
9604
-3113
3180
7792
-1738
-8968
1838
8154
-7456
2648
-7517
-9445
1633
7141
836
4251
-4325
-2723
8895
-7857
3313
8641
-4921
2054
7286
9020
1294
9148
3800
-8881
-9015
-2729
-362
-7025
-8979
-5784
9542
-4539
7398
-2071
-686
-6045
6910
-9105
8876
-1283
6103
4195
5473
-6098
-8036
-1554
-1220
-8094
890
8878
341
9292
9597
1642
-8301
-7426
-8846
4873
-5557
7607
-2663
-4873
8815
-2613
-669
3592
-2943
-3305
3464
-5663
8632
4146
9586
9774
6110
3611
-7313
-8238
1922
5399
1423
6322
-3014
7150
-8183
1180
612
-5899
-9519
-8633
7461
-3034
-7389
-8124
-5681
1612
-3467
2207
-5671
5659
-7484
4239
-8833
-3092
3761
9521
2368
5313
8971
-2651
-6761
3027
3408
-238
788
9621
5991
4564
-4976
9176
2647
-7265
-2368
-2584
9148
-4281
7868
7409
-6632
-5266
-8138
-5986
7915
3218
-7498
2135
5069
-3862
-5108
-8747
3155
-8591
-9556
4735
527
-1670
-6182
325
4605
4400
4030
-1436
1471
193
238
-794
5777
-7042
3325
-4081
8022
-5433
-3773
-8393
-9197
-5859
4378
-7417
-7663
4122
3709
5367
3498
-2254
8708
-2322
-4377
-3603
3006
-332
-7965
9940
-4374
-5870
2514
4113
2325
-1623
2871
796
-268
-9607
8429
-2319
-4405
8182
8315
1287
3354
-979
6669
6247
162
-3507
232
-1419
-9239
-2271
-8914
2555
1199
4037
-2205
-2746
-1113
-654
-8217
4873
5081
-8750
-5125
7055
-2319
-9
-8580
-4188
-306
4360
1661
-5486
-3410
-9620
-8227
-5366
4746
-3843
-7166
3605
6103
3048
-2516
7718
-6754
-7493
-4037
9980
-3306
-9196
-3374
4248
3279
-3923
3063
1576
-484
-1666
-6237
-5696
-483
8236
4195
-8590
9250
6814
-7373
-2984
-648
7901
-6809
-3397
6503
-8168
-1676
8754
9415
-4715
5976
-550
4887
-8191
3241
-7385
-4537
-766
-7715
-8283
-6439
-5865
1411
225
5553
-4071
3545
6767
7375
-6045
-7112
-7177
-2791
7851
2778
419
-2739
6884
3136
7014
1693
1446
-6977
-5368
1105
-2331
-6361
-2148
7485
-3566
-1169
-4644
4248
-6283
9375
-3466
4781
2648
-6817
4298
6073
4426
-9996
-5817
8384
969
-5910
-9372
465
2334
1276
8416
4116
8211
-1213
-1844
-8188
-964
-8291
-3608
7778
897
-1767
3640
-9058
-8671
-8949
-8689
-9979
-7990
-8874
6569
3450
-3958
-4396
8046
-3941
-5126
9109
-9855
-3713
6897
-1630
-5662
-7970
-9696
3017
-1214
-2556
1313
8264
-490
-7561
6719
7687
-6927
-5170
1761
-7664
-7858
-5286
-7009
-3759
-1265
-7626
6128
-4887
89
-1127
7776
-4388
3549
-2096
3980
-4486
-8005
1495
9636
1665
-9331
-2736
-2300
-5522
1805
4163
-814
8079
-5919
-5833
-9211
-8392
8344
88
7400
9591
-7800
1836
6894
-7012
6250
7079
2415
-5203
3631
-8585
3968
-1342
5376
8877
-7188
8409
-3681
-1821
-3114
-4745
-3033
2369
-156
3995
-8942
3570
9648
-801
-2788
-9590
-9825
5604
-529
-1119
4816
6668
-8174
6051
-639
2137
-7011
8634
1088
-868
1908
-960
1127
-7467
-1803
-1793
-5740
-4645
-5867
7128
-8056
2352
-6781
-5802
-8319
-2432
-296
8615
6245
605
-5087
9404
-7248
3285
-8324
4123
-8810
-8932
-7797
-8521
301
-4276
-438
9079
5474
-7908
-6914
9595
8745
2797
-1023
1549
7994
-2920
-5319
-1910
-2710
5387
249
-3846
4584
3424
5810
-8175
-9822
-2565
7087
-4168
7506
-8921
8072
-9454
-2571
5098
-1057
-808
-1772
-95
-6178
390
8307
-6742
-60
9019
-1219
-3509
6777
-5318
-5314
9994
-4419
-2068
9055
7974
-9581
-6988
1590
-1270
-5032
8612
-6093
-4181
5882
-3542
7691
-8940
4897
-139
540
-3720
5056
4534
-789
9789
9806
2166
7673
7211
-3369
8060
-4855
8407
-494
-9687
409
-1818
-5763
-262
116
4527
-670
7360
-3798
7710
-4210
9824
6198
3419
9221
365
1514
6882
-2350
6187
-1134
-655
-8272
2792
-435
556
2677
-9068
1884
-1065
-3570
-7528
-728
7808
-8954
-5017
-4237
8428
227
-4194
-6531
3331
-9432
-6356
-2815
982
4154
-2325
3264
2056
-5654
4862
-9719
-2549
6834
5253
-5015
6615
7496
6227
-3563
5126
9796
-565
3351
8574
-68
-6415
290
-2037
658
-4070
5543
2904
-6670
-7932
-5623
148
-3978
8383
-1924
-8160
644
9365
4230
544
-182
-2856
4506
6399
-3867
3068
3360
-5703
-5755
6233
-9382
4270
-7057
-490
9816
-5161
4050
6578
5962
1457
5144
-5681
5524
-4271
-5865
-1735
-9670
-1485
-8100
-9991
5468
8747
-619
1353
4727
2905
-1537
-2709
5577
-2568
218
-4977
9490
-1366
-7786
-459
-2358
-2670
2184
-7344
3396
-2998
7735
-7310
1282
1384
8167
8073
9781
6921
8591
6997
-618
7314
6952
-4599
73
-4248
7275
1846
7710
6559
-6085
-7349
-2078
4629
7382
-1472
-3257
2529
6160
4043
-8006
118
-2910
6886
-7222
-5628
-8790
-1903
-2824
-5471
-6495
-7774
6129
5853
4025
1075
7635
8995
-8436
-9192
-6769
8868
8918
5366
-8449
9826
9453
-2950
3878
856
-5121
-1972
-5130
-2686
-217
-8497
-6599
4092
25
174
6680
8249
-4651
-7772
-3873
5651
4659
-3885
3845
-3758
-4875
-396
-1856
5136
6853
-3994
-5912
-7753
-1602
-3071
5989
474
6305
2773
-5648
-6207
8299
-737
-2781
-4155
8895
-4221
-8820
775
5384
-1714
1911
4920
4535
9248
2825
7422
5627
8701
6
-7132
-9067
-7129
-2645
9282
7484
-6658
-3903
-1019
-4307
1267
-6020
7166
-8727
-969
5940
-5671
6388
2348
-6991
2915
-9366
-6932
-7394
8266
-4352
8498
5594
3121
1873
-606
-6751
700
9087
-6856
3872
4027
-3634
1982
6031
8550
4836
-4013
-5745
9547
9913
24
-720
-3798
-2995
9925
-5960
9680
-1099
-2666
5781
9129
949
2577
5082
-2725
4902
-4036
5278
5809
2801
2940
4800
7180
-8009
-9976
3184
5927
6727
-31
-89
-4353
4189
-4714
5780
-2855
-8761
-953
6116
5908
-6197
3911
-4795
-7233
-2013
-4808
5785
7718
-94
-6350
4308
-8116
701
310
-3882
-9532
-3372
5458
-6417
-6270
-4562
-7510
-9431
-941
-324
-8293
-1580
-5865
-9119
-5236
4804
-5539
-4512
-5533
95
-395
8333
-7885
9521
9568
8960
-3229
-9223
-2152
305
6651
6713
9816
-9243
9414
-5834
-2838
2167
-6939
-3108
5848
5440
7408
-3028
-3203
1082
-2635
-6381
-1156
994
-8736
2671
4858
329
9634
-6756
-1364
-2082
-9946
-4730
9020
8794
-5295
6471
-6414
3826
5958
-591
-3993
-4233
3512
-4129
-7240
-2834
-1987
9012
4872
-760
-616
5533
2998
4652
7349
-1360
2030
-9233
4961
-1668
5124
-523
-3786
1486
6687
5789
3572
1544
-6358
-1222
-1886
9831
4337
-9172
-1069
-3595
7513
8129
1819
-980
1651
74
4751
1437
739
9427
7699
540
9789
9918
-1576
1800
8033
-9895
-5078
5109
-9315
-1763
-2492
2740
8500
7700
-3297
-4721
-9672
3843
-7898
949
8061
4039
199
-9981
9493
5338
5702
-7894
2048
-9849
-400
-7239
-9481
5755
2771
2023
-7008
-6624
-8013
-23
9976
-538
-7157
-5537
-8790
7891
-9519
3399
-9411
-7580
6798
5287
67
5068
8331
6870
-3896
5981
-90
-3316
6688
-1511
51
-725
-4614
6176
7456
-8163
-9369
2448
296
-274
-9439
-5999
7301
-8059
6858
-9204
8383
-9157
3052
3661
324
-1595
6592
-3846
-5799
-6481
-6001
-8326
-1744
-5898
-1102
-9511
8841
-4454
6899
-6701
6270
984
152
1311
5984
-7138
8145
-4448
9309
-4811
-3246
2139
6341
-8046
8217
-3186
9771
-967
-8142
-929
9573
5857
-6103
6217
-8750
2766
-1132
7303
-9086
-1168
-277
-2808
-5503
-7557
-2013
4696
-9170
-2966
1597
214
2870
-5871
-2669
3163
-4993
-359
-175
9314
2310
-9852
-5816
-1185
-9977
5966
2224
9314
9345
-6186
3966
2971
-9540
9463
-6591
-9761
3861
1596
-3131
-93
-2512
-2706
-540
8719
4022
-256
-7668
-5347
-1199
-1680
7242
1272
6448
-6484
-7601
6191
344
-9785
486
5617
5107
-3502
3204
8304
9792
-4010
1565
-3250
3439
-3977
719
95
-5286
-334
-4986
3751
-4466
-1366
625
3207
1435
1469
1373
4294
-2205
5148
8095
3444
-1679
2002
-9439
529
3782
-2997
-491
3867
876
-8451
4372
6687
3776
-2576
-565
3181
-2661
8077
6466
1316
4572
3179
-6490
7901
3057
-9700
896
-3763
-8561
9153
5479
7896
6917
684
7770
3182
9798
-2961
-2247
7213
-7582
-2305
9687
1966
7487
-1217
3468
-2526
2865
-1399
6699
-7701
-364
3599
1060
4718
-7877
164
-2353
8451
-7288
8264
-5229
-4616
-6731
6354
1608
-5312
-6772
-8645
1732
-2985
-8433
-7959
5880
-418
5896
-732
-4282
-7950
3195
-9179
5587
9183
-9375
2851
-6113
-597
6617
287
-9152
-4544
-4705
-8888
-3094
-8681
9699
-5421
7738
-8374
-629
246
5944
-2249
6404
-1579
-2113
8380
-3626
4938
3122
-1102
6522
-7127
-5367
-6857
-1204
6496
-3516
-3201
7138
-4490
363
7193
-3775
3873
-4574
-2152
-9555
-9519
9568
9094
6430
970
1761
-642
-3793
1728
7242
7042
-1769
-4175
-7550
-8383
-7287
-6960
5789
-3163
5083
-1568
5262
3139
-8624
4913
-8461
-3841
7059
1519
-3815
-7418
1619
8134
-1679
-1938
-6459
1120
9928
9849
-1539
-4672
1126
-1414
9492
-5913
9706
-3105
7814
8949
-5252
5663
-699
-5342
2332
-442
1512
6201
-2431
-4769
7577
6333
-3003
-8137
5254
-4361
6238
7942
5127
7641
9509
7754
-6177
-9356
-6682
-3422
-9038
5950
-1488
-1406
-3405
-7479
9993
-7686
-1463
-4229
9781
-9587
-1007
-6775
-173
5589
-2113
587
9206
9829
-6229
-2435
-9074
652
3720
3179
9161
8734
-5062
-1554
-5257
2940
-7023
5370
-9267
162
7826
-5688
2958
8105
-5166
5524
-9132
8831
6290
-8788
3250
-3871
-5719
-8602
256
7046
5748
5373
-6042
5065
-8019
-2511
-2181
1234
871
8218
-2758
-6275
-2398
-2292
10
9480
-4732
-5390
-3973
8216
9256
-5043
-9065
-5622
5815
-745
2794
-454
7024
-2456
9725
-5774
-7422
510
7934
3513
2136
778
-5655
-5146
3356
-7961
-5558
-8396
8824
9147
1367
-4481
-1294
7744
-3242
5467
-5545
-7851
818
-3322
3977
1263
563
-4810
-327
8661
4457
-3692
1911
7936
25
-5666
-1871
7205
4956
519
2524
607
8891
-770
9584
7034
9291
3247
2509
-3300
9291
4472
-5214
5848
-9575
-7677
9551
7622
7730
3027
-7736
3086
510
8082
1439
-9263
-1424
9587
-7997
2540
7881
7698
783
-4276
7637
6497
-1442
9362
-6491
-1969
-7629
2218
-1607
-6546
4816
6374
402
6976
-2101
-9225
-5473
4394
6631
-6600
1595
-7293
5056
-971
-1389
-4195
-62
9544
-7353
-6967
1736
9917
278
-7678
1915
-6501
-7141
-5547
-1977
-3879
-8404
-5034
-5261
1521
-4299
2862
-1530
738
3605
8060
7577
3388
5700
6122
5174
-7589
-2358
2186
-1916
7070
3550
-7592
-7877
5157
9254
-8647
8059
-2474
-6096
-3682
3442
-3212
-408
3369
-2010
8897
-950
-999
6519
-6041
3283
-3443
4944
-8307
-7019
3308
-3947
-5103
-1241
-6271
-3602
-5195
8564
3515
6226
-5300
6070
4787
788
-2572
-7336
-3934
788
-9017
-2700
6776
614
-6099
9730
6864
657
-4041
-4488
8509
-3008
1789
-7685
3508
5918
-1765
35
-5461
9997
1488
8271
-9084
-1438
9177
4985
-6472
-6202
-4379
-7996
-106
6320
8529
-386
8780
2333
7517
-9471
-4500
7654
-3809
7600
-4837
-6204
9481
1993
-279
-257
1499
42
-9940
-6976
-8683
1361
-6605
-430
-8109
6724
9772
4086
5698
434
-366
2863
-4718
554
2906
8816
1245
-3081
-7231
9740
3559
-7931
-3629
6869
-3946
-2783
3343
-9183
-8750
684
-7157
6335
-8531
4419
3943
-8835
8385
1796
-3422
1142
5458
-5807
-4414
-8221
-6567
-7413
-4931
-3580
-7703
7449
7514
-6264
-9964
5591
3133
-643
-3801
-3787
-8248
-1899
58
8837
666
-4009
-8437
-5124
-5704
4029
2197
823
-4350
-6023
-4981
8259
-665
-3412
-4776
-4726
-6971
-272
-2024
-2430
5464
-5036
-188
1692
-6372
8765
6020
6142
5103
1501
1597
2124
-7553
9002
7474
-6102
-8152
-7004
-1046
-1300
-339
-7051
8924
-5754
-5981
-6415
-9251
8904
9429
293
8514
-9286
-2342
-6063
4929
454
-678
3665
727
-9199
3225
-953
1976
683
1334
6872
6422
8593
-7430
-5228
-2434
2632
-1601
-5176
-2432
3218
-9605
882
-61
6920
-7101
9874
-840
7761
-2554
-8512
9102
4398
-6651
-3508
-8309
5461
6796
5813
-8292
9539
-5749
-7096
-1174
3989
2939
4932
-9264
3219
-114
-8635
-641
-2107
-7746
9694
7300
-4399
-3385
-5761
-6559
3362
4393
-9179
4296
-6417
-9230
-7678
8566
-6260
5910
-9281
-5694
7465
-3480
3378
8378
-2690
-4849
4056
-465
2804
-99
231
-970
3903
2178
-2726
-7836
5726
-9090
-390
8162
-2627
2529
924
-7150
-9862
1999
-6673
-3015
6561
4367
-3217
7883
9211
-5026
3856
5392
-5627
1811
-5122
9973
6721
5427
2686
-1765
7993
6317
6580
-3597
-6303
-1746
6923
-791
9587
5118
-503
-1516
-9958
3590
-3434
6103
-4676
3825
2640
5002
8734
3640
6319
-3789
3892
-7808
-7403
8150
9109
6307
2865
-7932
-9643
-4264
-4970
-3589
-7179
-1109
-1645
1399
9217
-8997
5431
2904
1250
-3635
-61
-8903
6236
8882
5972
-6360
7108
-3774
-1518
-2044
3799
-1207
2383
2377
4162
1223
-6845
8133
-9722
-3384
-5143
-2583
-840
5006
-7390
5828
-6698
-912
616
9967
3379
3640
-4163
6570
-8088
-5542
678
-6228
-3377
8377
-1522
8794
4459
-6524
8168
8227
1973
9620
-9779
438
1848
4338
4359
-4622
9629
9864
-2401
-6033
-1019
-1913
3933
-4982
-574
799
-5370
2721
-6214
4955
-8877
-4996
6220
4964
-1385
-2100
9063
-5916
-7363
-4783
-2175
1577
5352
-3114
648
5589
4878
-257
1707
548
-4709
-9841
-3863
-7558
-4661
4929
-154
5301
-6875
-5052
8699
3210
5565
5692
5691
1261
-4105
5802
3480
7744
-952
-6637
-7164
2161
-3104
2445
-9899
-326
9988
696
-3800
8058
-8410
7473
-5869
-7676
-2452
7090
-3835
-6347
130
1730
6144
-1999
9013
-815
-4588
-9739
9124
7168
-8894
-5234
6458
-8370
-606
-5047
2046
-6258
5473
4156
-9743
-114
-1133
-3645
-1458
-8256
-6194
-6359
5720
-7715
-8864
-4266
-8483
9102
1724
-6465
-5577
5095
-8526
-1445
1264
-4767
7524
4049
-5775
6713
608
176
-2564
911
-7223
3572
2609
-8324
4542
-2036
-342
-6737
-8824
7359
-8759
-843
-767
-4025
9140
1415
-1332
-9310
5543
3325
-3654
4151
-1399
-4025
7962
649
9020
2891
-8642
-4206
453
-6662
8779
-4014
-3785
2586
5763
-3461
-9623
9540
-4554
-1540
-7236
-4381
9507
-8
-272
-3114
6892
5598
3607
-8976
8272
5391
-1871
8557
-3301
-6968
-7236
-5336
-6380
788
-5953
4023
-9204
-7854
-9660
6050
7681
1801
-8992
-3012
-64
-9731
-2363
5648
-7329
-8205
6705
5048
6451
9063
-3333
1910
-3897
2172
-2265
5210
2757
1701
1135
4106
-7563
-4345
-7569
-4238
-693
-9443
3340
2105
-8530
6429
6454
7669
1225
-5912
6977
8198
-4513
7837
1756
6663
-2958
5846
2156
-8595
-7284
4296
-3082
-8899
-9783
4053
571
9611
-812
9078
-4016
7478
2037
-8749
-4959
-5952
-8747
4782
-824
9320
-451
3621
-2141
-796
7725
4691
9603
-9425
5688
-6449
-4452
4627
7070
7230
-9236
7764
345
525
3048
-715
5748
-9463
6221
4216
-3125
4832
5380
-9517
-7951
4260
-4223
7217
-4291
3090
1140
-3939
8091
-4025
-7475
-9845
4222
487
-5525
-7501
-4599
2273
9635
6659
8278
6585
7138
-9650
9816
-3574
6816
5826
-8347
5783
3484
7501
4134
-6044
3235
-9163
-4368
-1753
-4490
8002
7858
4609
3668
-5709
-1120
-9246
-4451
-456
-76
-963
599
-2793
-553
-5533
-4352
389
4212
-6941
1775
2473
635
5612
-4581
9852
1393
-9269
7440
8023
-3998
-6563
-1388
-5688
-2089
-1869
5489
9871
-7718
-2255
-4172
-2826
3751
-2301
-5328
1553
8767
-2934
3295
8622
-3224
-5556
5158
4179
7371
-7672
-7232
-8623
3813
-9189
5737
6780
-450
836
7959
2789
3276
-8900
3977
-1755
3462
-1563
-6015
-5458
-2919
931
3179
3943
3829
-5092
3046
577
8468
4156
-8917
4205
9636
5295
14
6434
-3051
-911
6997
-8522
7759
7469
-2845
7789
-3648
7603
2007
-6798
-8878
-5150
6313
-5507
3167
4159
-6823
-7316
8903
8092
-3343
-8514
903
-6658
9127
8131
6850
-9279
1744
6986
-3979
7863
-5396
6481
5660
-7703
-5494
9776
-1366
6471
4404
8949
-9658
-5679
2170
3911
-6428
5008
93
7859
-142
-2815
6191
374
-5038
-3359
8024
2795
-97
5355
7629
7024
948
3152
8959
1587
-1046
-2944
4021
-3097
3335
6015
-8403
-7306
-2953
4866
9756
-6949
-1303
7582
1777
-2900
-4661
4013
5320
-2898
2865
-7107
-992
4401
1468
-4979
-7159
-1360
1358
8402
6576
-7689
-6034
4788
777
-4480
5842
3484
-9537
4478
4985
-5153
-1971
5325
188
2490
6697
1879
8262
-2199
3336
7652
6958
-379
-464
-3381
-8567
2187
-1361
-3845
6678
5053
-9420
-79
-4369
8533
-4244
36
473
-7539
2315
3507
-5885
-5781
8317
-4336
-7200
9969
8741
8032
9166
1286
-5282
1515
-4428
1052
3373
-8589
-2842
7506
-3254
3671
-9251
53
1838
3807
-4746
-8208
6399
7485
4300
5136
-7282
-2677
8123
-3991
3106
1029
-3146
197
-9090
3044
-5519
7880
6527
-4596
-1034
5608
5020
-7534
4362
-3971
-3374
-9365
-8481
-3260
1459
3200
-2314
-3008
-1574
-5357
-2680
-9920
-7885
-4370
961
-3951
9102
2133
-4902
-9410
2840
-5804
0
-6519
-2608
5664
-5994
1155
-2451
-8636
-591
-698
-4257
166
9352
592
1982
-8084
-1137
8964
1489
-5042
5691
692
6699
1316
5945
8501
9665
8393
-1716
8226
-5993
-1807
5786
4062
-6760
-5661
-2308
2532
-1959
3487
-5418
9652
-9132
5278
-4253
3516
1667
-1542
-833
7575
3009
3984
4652
4256
-1557
-8474
-2313
-684
7077
-2348
9947
-3661
1070
5044
-339
6277
-3196
9277
-619
4022
-4134
-8958
-9613
3560
-872
-2898
8056
2669
4783
6841
9908
7148
6910
-8911
-2747
-3904
4295
2707
-844
3886
-8187
-8765
-6460
-5615
-1792
-8360
-9554
-982
3410
6291
9911
5038
4682
1602
1630
624
9296
-7041
-4023
9283
-4505
6931
5788
8649
9864
-980
-7361
-9275
9704
2094
-7552
-4510
8182
-260
3243
-7768
6471
5581
-7683
5671
7105
421
-4285
577
-6492
6097
1006
-1521
-1545
-8892
-599
6389
3327
5694
4170
-9440
-5173
-8569
1173
7053
-314
-366
-4655
-8451
2480
1953
5075
-7035
-9014
-2796
3141
865
4885
3601
3474
-995
-2511
5722
-1090
-2674
4133
-9283
4084
-3412
828
6593
1217
-3753
-4547
-6412
-8380
-3933
317
-4047
7449
113
-1125
-9075
-4790
5549
9346
4366
-2039
-1240
-8399
8368
1109
-6766
7420
-500
-5490
8561
7361
2914
-4750
4998
8964
9644
-3390
-6832
1354
2828
1525
1989
1305
-9859
6177
121
6476
4351
-9473
7882
7194
-9069
-4541
-4539
-5212
-9453
8609
9993
-514
7021
5358
7856
4750
-5290
-5682
6239
-9604
-2412
-5551
-8460
-9221
4065
3105
-6781
-5539
-5027
-4842
-5090
-937
1140
3152
-994
2920
395
-3994
9222
-7021
-3504
8397
-3733
-9476
5137
1767
-2053
7551
-3328
8788
-7810
2729
2708
787
5526
6553
-9449
4595
-5962
2687
-7952
-8573
-822
-5026
4258
-626
1329
-8060
-4674
-9508
-445
-8288
9668
6847
6680
-4575
-8187
-6029
-2134
-6696
-3867
9948
-9057
485
1984
-1748
7657
3973
8985
2438
3185
-2916
4306
-9079
1846
-1626
-2348
-6318
-7237
4700
-9918
1790
-7198
-5702
2479
-6063
6617
-3317
9258
7928
-1158
-5533
-295
2411
4834
-3790
-8835
4161
5181
4615
9125
1473
8900
3813
1636
-7133
-5108
2844
6749
-187
8233
2205
-9122
5726
6044
160
-9097
5692
349
-6100
-235
-2726
-8489
437
-5974
5542
-9959
-8746
3160
802
7602
5328
-5357
-8655
6831
98
995
9141
5873
1752
-4372
956
1345
9515
6331
8635
-5115
6321
-7986
-6909
-2404
-9530
-248
-9243
1387
-5986
-7870
-2160
-9950
5936
-3996
7649
-8594
2647
8875
5181
8664
4053
-9026
2839
-7023
4394
-1737
-2764
3424
9834
9440
3825
-1006
2943
883
4784
-9540
5156
-4546
1398
-3555
-4383
-1636
7844
-543
-9637
-1504
-184
-7236
-5551
623
1891
-2637
-9103
3819
4015
-4226
5496
-8896
5714
-9410
-8357
-1584
-5788
-9810
3334
2955
-6089
-5529
-8342
5873
-2367
8477
187
-9633
6646
2183
2757
-5692
970
-2304
3710
1618
2562
-7167
1939
6434
7214
-7249
-9922
-9073
5052
-8239
4016
-5735
4208
7321
9971
-7776
-2275
6717
9752
-6658
5709
1528
2345
-2836
-231
8514
-3519
-6439
-4035
1974
-3476
4309
8355
-7237
-1580
-2766
4509
560
-3611
-4443
546
-8164
6873
5572
-2830
-2728
-1278
-7399
8588
9321
4626
-485
9731
6167
7241
7620
-3760
8795
-5168
-3511
4220
-4919
2081
5057
-1152
5748
5085
2044
2160
137
-6688
5197
-9498
5314
3901
-3252
-4556
5291
4069
-1765
4371
-412
-1660
5481
-8451
-915
96
-9258
4754
2931
7925
8614
5978
-5833
-1552
-2300
-6700
-2369
-1031
-5575
-3992
1254
-5619
1009
-969
8192
-6533
8159
-1809
6096
1633
-2185
-8179
-2760
-5289
-2512
5995
4949
9322
-8562
7360
4819
-9897
-4047
8001
5741
9063
-1548
9951
-1956
9936
-231
-8114
-7314
8477
-4939
-1422
-4274
-9995
4009
-5134
-8370
4447
550
-6018
-9578
-4893
-9053
-867
7291
-2202
7219
9407
3057
-1474
7641
-7975
-5979
-3274
-1483
-9581
36
-2150
7386
2027
-1464
4728
-2660
-7095
8113
-5646
196
-8839
3793
-7999
3940
9575
-2739
2921
-4403
5946
-4767
-7486
-3954
-9481
9432
5189
5601
4154
9728
1592
-1574
-7500
8125
8698
-1723
-1608
-912
8155
838
3906
5782
-3799
6685
-4333
-5249
9304
7794
-1602
563
4171
6058
7511
2960
8752
-4879
6077
3926
4530
8536
946
-899
-6034
3497
9995
-5837
5216
-6090
7947
-5203
9690
-9360
8128
-6925
588
5745
-8917
8328
-4766
-2317
1794
7686
-8124
-1558
9655
-5850
7850
4669
-4142
8651
4969
8621
6247
-8464
7326
8101
8870
-1646
6407
-9948
-7165
5483
4816
-8036
-6044
-4948
-6826
196
4774
-950
-1421
3000
2727
-6881
-3766
-6091
-658
-4932
-3538
-916
9403
-5392
7683
7700
-6842
9164
-1471
-9249
-7144
4584
-2410
8143
8767
-6993
-8727
7738
-2223
958
6536
6949
9290
2459
-8766
-3656
1747
-3693
-8991
7834
-5413
9475
-4520
-2666
-461
-2793
4078
5145
8021
-9775
-3420
4429
-2626
8206
1516
-9488
2956
-32
9384
7275
1499
3182
-8105
-4206
2092
3837
6890
1731
-1510
3489
-9846
6004
6652
-3465
2644
-7900
7360
-8938
-5006
4058
-924
-1980
-9374
-6390
-8561
4212
804
8844
-2279
-3065
6551
9872
-2783
-5617
-3515
-6945
-3169
-9678
4638
-516
5250
2785
-8859
8712
5553
7616
-9363
-6006
9084
9575
-5906
6184
-916
-953
-4554
396
1574
-5974
-3220
1326
1191
5968
9843
2437
-1758
-5444
7220
4310
2058
5947
7192
-2221
-2785
5410
3643
-2738
7056
1168
7940
-4514
-2144
4339
124
-2342
16
-1237
-4583
-1972
8536
-4546
8075
8952
3868
5967
3524
-9724
-4859
-506
7913
-860
2401
-5364
133
-8292
-6693
7702
69
-597
852
5476
-2452
-8715
7074
-2956
2655
177
6280
-1298
-2361
-4706
-3017
-8230
5394
-8958
5350
428
-1379
1959
-7095
-6137
-3121
2326
-947
2560
-6040
-8564
-6818
-5685
1707
-4328
-2446
3341
9916
4634
-6900
-1878
3159
4068
-5743
3777
-985
105
-780
-6806
-3734
7662
-4823
-6000
7036
-7264
-1835
-7764
636
-7026
7129
-9951
9491
-8599
1590
-4680
1212
3535
8712
-2046
654
-651
-5464
6548
9866
111
-8219
-7705
-5622
-6931
-710
-5658
-8038
-9071
-6126
-9993
-1559
-8462
-9028
-1510
-1869
1119
-2671
1609
2713
-376
9737
-5577
-8609
-8759
9174
-1509
5888
-8483
467
2400
4585
-4693
-2866
7721
6215
-8416
-2744
3574
877
2553
-4508
7718
7047
3740
9857
-9929
-9596
-8333
-2819
2928
5577
-7615
-4601
3133
603
-1609
-7322
1252
6359
3699
3516
-1119
7632
-3672
2421
7598
-9278
7628
221
7256
3141
-7140
2454
-2501
-8026
-9067
-275
6054
-8976
3895
-9877
7521
-6017
-2486
1830
-7452
-2849
-9167
3185
4369
-2849
-1559
-5635
4759
-1040
8613
4014
-661
9792
-3923
-3262
-4611
-2749
8521
-6426
-7107
6605
7208
-3971
-1624
1677
5656
-6212
6939
-8502
3419
7069
5853
-9798
9381
-7655
3593
-4264
-7603
3982
8868
7721
803
7095
-8537
5437
8669
1702
5095
7206
353
5636
-9916
-497
4359
-9870
-9085
-2270
-4231
-1284
-9912
4231
59
9255
2301
2829
-7134
2427
-6162
8601
4146
3998
-3499
1704
-6334
-196
3048
2286
7548
-589
1676
-6776
-2173
-9781
-697
152
9520
-6228
8050
5444
-2736
-7421
3712
1814
6508
-5918
-3392
9451
1371
5060
821
-4603
-7188
5201
-6004
5796
3979
-8025
-9089
7796
5551
4793
-5328
-6958
-9748
2570
-2073
-2287
-7243
-6099
3863
-3964
-4654
4704
1821
6033
-8262
-3250
9791
6860
-7631
3379
1183
-3020
-6171
2171
2337
-7427
171
5763
1789
-4574
187
-4851
3388
3357
-1644
3810
878
2392
-5910
-9153
8713
3338
5207
8613
-9212
-6215
2782
7795
421
8225
9830
-5339
7977
-504
-8383
-6601
8510
9215
-7838
-3704
-4219
-8544
-5741
1541
-9728
-5721
2648
-6162
-8324
9457
4186
7347
6146
3326
3207
-9192
-4608
5635
-4997
568
8568
-1042
-4791
-1976
-6024
6329
-36
4136
8041
-7763
-6636
-2105
-6320
4233
-3781
-3906
5252
-4772
-8951
5015
-4974
6562
-6659
4919
-5226
4798
-8680
2497
1756
-4765
8824
9196
-8455
-8863
9188
-4151
9526
7277
-5250
-4794
-5442
8496
897
4931
9968
-764
2137
-6009
-1785
-1394
2976
1804
5178
2858
-3851
-1860
6297
-1620
-7124
5917
3383
2626
8472
-5010
-1924
-606
6955
1122
5250
-5880
-9218
8141
1662
-29
6719
6743
-5726
-4044
-2431
-1312
-4373
-3365
5785
-785
7865
8492
-8297
8493
1907
8068
-3125
213
-8631
6862
-7123
-7042
-3263
972
-9589
4996
2795
-5992
4451
-1574
-2332
-7693
-3774
6410
918
1282
-7114
6690
-3574
7158
-9101
-7549
8487
-8958
4556
-3781
-1652
3806
-1986
-9385
-9519
-4483
-8817
4203
-4888
5248
-4108
-6200
6350
-1879
-6916
4151
4674
2421
-7417
-5181
-1446
1795
-7044
9244
-937
-698
-3634
3771
-5046
-1595
4213
-9766
-553
6324
2654
-3708
7375
-9608
5815
4343
5833
-126
2333
977
4494
5122
8033
715
-5258
5802
-4966
4807
9644
1859
-4911
7812
-7853
-89
8409
4978
-8337
5503
133
-2908
-7059
2872
-4222
4245
-7236
1779
-3080
9823
3826
-6326
7379
-3007
-896
-9280
8788
6213
-7019
374
3252
-8358
-8557
4126
1051
1820
5857
8709
5025
2453
233
8392
3856
6188
-1410
8661
4892
-4777
8134
8918
2444
-124
-1009
892
-7420
-6376
8101
-4154
9359
-3664
-2905
-1812
334
5342
8188
8001
1057
119
-9566
-1331
6712
-3683
-5591
-6868
3134
5203
4689
9856
-3296
-2786
2050
2121
-2314
-3716
2494
-2518
-5903
2511
-2216
-8971
9895
5996
-5227
8472
-4608
2578
-3951
-2981
-8678
1738
-1614
8277
8452
9378
2213
4700
3026
-8477
-8580
8981
-8401
8819
489
8124
-2748
2026
-5488
2323
-1375
8312
-7388
8856
-8062
-1114
9599
8328
1947
607
-59
7248
-4788
-2780
9230
-4494
5821
6171
-737
-8655
1860
-3733
876
6824
-277
-6441
6129
9100
-3346
-269
2868
3824
675
9418
7278
1006
8442
5523
7803
2537
-5948
6617
2761
-8682
4639
7135
1636
-6872
7222
3317
-696
6600
-3416
2897
0
-5716
-8942
-667
-8700
-88
7532
8935
-8076
-7874
-6777
3256
-6039
3993
6471
4500
2546
6739
9851
-9109
-4481
8588
7991
1614
-2310
4339
-8227
-6427
-7610
1237
3757
-982
4030
636
6768
-3915
244
-6339
-2902
1831
-1058
7720
2336
-2455
255
-2646
6103
1321
3583
1545
-8628
-6948
4019
-4866
2205
1050
3398
-5617
-4287
8242
1768
4999
2858
5554
4894
-2159
-2987
-5241
-5725
-6863
-5272
480
-4675
7167
-5256
-4166
-1777
-4640
-1134
-4313
-8677
-4822
-8417
4105
-4273
-7986
-2840
5998
1729
1309
5306
5082
2398
6927
-4717
5568
8335
862
-9207
-4908
-6662
-817
2583
-8174
5456
-4418
-9797
-6093
-8190
4618
6297
-2881
-6978
3805
3872
6232
-1269
-4347
-1404
9014
-1873
-6833
-7656
-2970
8542
-8105
1628
-2268
-5225
-5756
-8292
-7401
8778
-9238
-4095
-3668
-1541
-9272
1406
-1614
-2858
-5362
-6481
4275
-8861
3641
-9158
-358
-7882
-5874
-2976
214
9367
-7526
3179
6559
-3229
-3519
-8506
7802
6746
-8094
-6332
7787
8267
9845
6333
-1468
2903
-6029
4671
-4353
5284
-2406
7947
6288
7597
9196
-8579
2327
-1308
7160
-3910
-3094
770
8299
-3127
-5734
6694
-6409
-9546
1184
7558
-7181
5618
-2556
8226
-4544
2448
7209
-1185
7383
6069
7472
7928
-6782
-4821
-3007
-3104
-51
-7423
4071
-6888
-7842
543
7079
-3103
-6537
-7146
-8103
6509
-853
1392
-2014
-8583
-8337
-3004
4989
2189
-6469
-4674
-6943
-629
2834
3863
2469
-9649
5808
-9249
3781
-908
4000
-9639
-4164
7282
7114
181
2084
6496
-5713
5990
8496
-8695
-4009
8814
4915
4947
-4377
-7032
8246
-4773
-5432
1888
9419
-9742
9
-2161
1442
-1646
-5000
480
-2080
6202
3015
-2855
9038
6856
-3960
8268
8620
-5518
-6258
8860
-7724
-470
8990
-6256
-8834
-3018
-1519
-4426
9549
-963
-1459
2138
9294
3232
2170
-4431
-3382
-3611
5703
9472
-7152
-1050
1407
3911
-1992
-8010
4073
5487
-5068
-338
417
5936
8219
-161
-8178
-7892
-3689
4623
6510
4922
2502
7487
3033
6528
2444
8956
9635
-6206
6757
4058
5952
-9048
6339
430
-5893
7493
4176
-3922
-2206
-7434
7594
-3584
-223
-2311
-9583
3342
9478
-4005
2794
-6525
-6135
9584
7872
9206
7548
5601
-4954
9675
-5095
-8546
-8822
185
-5132
780
3544
4849
-1368
-4793
1803
3718
-4248
-2860
-348
-3068
-8337
5783
-6494
-9795
-6016
-945
-9731
735
-8143
5648
1642
-1692
-5865
-7171
-9777
8658
-9604
4259
-6346
3926
-6807
401
6974
2544
1440
8525
9849
496
-1931
468
4236
9590
-7916
1975
-1521
-6197
4124
-7824
-7463
-8931
6115
-6747
1880
-3249
9255
7727
9353
-9343
-2519
2832
706
4762
1005
-5988
-6998
-8837
6943
6685
-2780
-6430
9313
-3735
6958
-3508
6840
-2923
-7937
-6303
4508
8749
8519
-6815
-5072
-644
-5890
7983
4891
-1737
-2159
-1314
4709
6566
-7672
61
9678
-1897
-3795
3386
5031
9713
-7566
3747
4695
-4557
3976
805
4272
-5908
4788
-3837
3366
8617
-4676
8140
-8720
4270
3983
-5539
1769
-9863
6946
7740
8264
3663
-5171
-8115
6615
-4764
-2525
8570
-1798
-1354
-8704
3880
3495
-9157
9539
5764
4673
2818
-6990
1712
-6607
2407
-1683
-5917
6301
479
5761
8930
-4179
-3779
-6361
9334
469
707
9920
1097
-8167
3684
-2148
3785
-2838
-734
-7257
1003
8642
8625
-3575
5263
-8568
-5948
1121
-6010
2160
-2997
3884
-4293
-7923
-6619
-7908
-2916
-9888
7253
-5134
4145
-2458
316
2417
-796
557
3817
-934
9475
6179
-2886
5214
7482
6193
-9397
-4473
9925
844
-9127
6680
-485
2571
-6099
6699
-5505
-981
5562
459
6194
7283
6307
-5144
3932
2200
-2903
3358
2916
-7179
7311
4897
7321
1030
3335
-6532
-525
-3602
-7337
-3729
5721
-9796
3863
4050
-4239
6998
4241
-1066
-3885
-677
401
4928
-3596
1006
1017
-2673
-9771
4514
2449
-3016
6756
-6833
3651
-5391
-7357
2773
-6128
-7138
-8967
7560
8445
-4903
5048
7379
8712
5375
-5895
9914
-8382
1843
-5466
-88
479
6897
4153
-9959
-5728
-6805
-424
9952
1932
-8412
9361
3345
3797
2340
123
360
-9929
-2863
1674
-1715
6025
597
3688
8313
7883
-368
3376
-8638
3847
4871
4074
-7674
2089
-5728
-8490
-5458
1598
4713
9016
-4855
-3373
-40
-4405
6592
-946
4100
8674
2560
-8179
3118
-7792
-5091
-1299
-6799
-8905
-6260
-3770
5667
-1472
-8977
277
-7963
9412
-5444
1291
321
4399
9267
6647
-1240
-3538
5012
-3184
6362
1262
490
-4969
7381
-1090
-3583
-9261
-3756
4561
-4871
-1233
1079
-5805
-8266
-7230
585
1525
2671
4625
1028
-9538
702
5992
-1615
-826
-9334
-3663
3435
2215
4224
-602
8651
-547
-2520
-5835
-7216
721
-5783
4646
3754
5318
-6699
-5898
4391
-5840
-2612
-7332
-5320
-6409
-9244
-7585
3048
3328
-6919
-8649
-5719
-1331
2721
-5240
-5215
949
6625
9904
1054
-7831
-3553
5265
-2807
-9910
4054
4850
7208
36
329
-3008
-2401
-933
7870
-3374
-4646
-9087
5975
-2511
36
5491
156
-2252
4196
2872
6145
768
-6773
4534
354
-348
-2113
7385
4493
-1975
-4563
-8630
-8131
6314
2586
-3144
7466
-6558
8361
1496
-9270
4848
5632
-9648
-4134
475
5132
-1715
4579
-1524
-660
898
-6345
-6811
-4637
-1474
8321
-8160
-6101
6904
6441
-6350
375
-4675
8490
9993
6713
3511
-242
-6983
-2793
-3431
6259
9197
-7706
-3841
5104
-7692
7184
-7535
8948
3048
2968
-1348
-4830
-9285
343
5000
-7205
-3370
-9949
9460
6517
5501
-4491
-753
6522
-8290
-618
3174
-4500
-6709
-3225
8301
8738
-2047
3658
-3109
6289
-7053
6987
4925
2801
2037
5739
-2050
-6107
-1120
5685
8003
-138
5861
-1711
-7146
-8444
3889
9866
-9611
-6939
1396
8872
713
64
2164
9567
-6370
7095
-9675
5709
8488
-9186
-6024
3035
-3604
4758
-3712
3169
7632
3390
-7969
3029
3815
4397
-3742
-6910
-2373
6685
102
3968
-8216
2004
4321
-4476
8839
8737
9263
-6580
-8677
2160
9460
-8713
-3215
-9670
6542
1417
-8475
4743
-1679
-3182
7195
-8392
6373
-1578
-4622
9627
9771
4579
-5583
6117
-2730
-3191
-3008
8729
2401
8520
8969
-1308
7741
7217
-1233
5513
5224
6135
6491
-3068
-6403
8614
-7456
7233
1176
7124
-6179
-2431
-5545
-1427
-909
-2708
-8428
-6949
5841
-4958
4266
4821
3437
-7691
-2438
2660
5071
-9401
-2539
4922
-7898
-8332
-7243
-2237
-6387
-582
8681
-570
-1770
8335
-8233
-4086
5315
2745
9934
5222
4769
4179
2627
4356
-1177
9560
6339
3579
8854
3015
3710
-843
998
-1837
-4741
-1100
9067
-7431
-8842
-5543
-9173
2749
-6758
-4711
3729
-8075
4180
-2676
4116
-1031
-5504
661
9289
8872
9550
-6997
2302
7335
-964
-340
4850
4852
-8751
9924
4704
2995
7259
509
5143
621
-3384
-8840
5314
8096
2641
2424
-657
-6676
-8214
7221
-4078
9508
9155
-569
7520
2268
6804
-1201
5377
-263
957
-984
9343
-5455
-8726
7599
-5503
2756
-1834
9988
7168
-8013
-1690
-8388
3857
-2490
7062
-7875
390
-8236
75
-1401
-7454
-2142
-358
5484
6640
3803
3423
1234
4892
-1091
-2796
-3738
-1125
1932
-4657
-6972
-6597
-756
503
1618
-7470
6177
-5738
8696
-2285
3189
-4941
-1764
3486
-1967
5318
2875
8324
8749
6810
1930
-9325
1022
4272
-1510
-986
3643
-6113
-9857
582
2711
-9918
-8938
8040
-1714
649
-6315
3797
-9045
-5780
-5854
4065
-7348
-1195
-2582
-2539
-1818
3678
-8026
-7283
-291
-9740
-5286
-6243
-241
-9396
-3707
2509
-5328
2405
6698
2346
149
5397
-4015
-8933
5454
-2791
5923
8029
-9440
1261
-3815
5186
4114
4507
5082
2384
3384
-9754
-1923
2377
1193
-6784
-208
6080
6917
9823
-6019
-7835
6313
-1712
-9032
-7041
2294
5205
3986
5823
-4460
9359
7123
8619
-9421
-788
3914
-3047
-7055
2391
-6141
-9853
5253
7505
-2239
2104
-1921
559
1923
9118
9589
-7869
6702
-3667
7636
-1517
-5826
5632
4818
-4867
6054
5080
273
-8951
1629
6037
-2137
-6682
-5201
-9210
-5149
-5055
846
-747
-4629
-5956
3205
7015
2027
-469
-9189
2837
3692
-5372
5310
-2252
2572
3118
-3576
-9282
1570
-3971
7780
4383
-384
8283
8200
2015
-9386
-3210
-4301
7051
260
-3048
-2864
-8253
-6473
754
5411
6382
-2256
-7307
2647
2237
-696
-3359
-5228
8793
1952
5314
-8042
-5390
5842
-1963
-6710
1122
8050
7075
-5330
-3189
264
4556
-4412
-3263
3653
-5038
-8171
-4384
-160
4323
-4811
2572
5881
4049
4333
-9723
-2890
-511
8446
3261
7538
-6166
6214
5659
-6538
-6117
1594
6887
-4008
-3119
8057
-5230
2974
6969
1915
1498
2663
-786
-1932
-2235
-9514
-9968
-8237
-3833
3806
-5183
2364
-4108
-8757
738
-1760
1832
2395
9090
-5254
1958
7329
-2898
-1545
8483
-7295
-8161
7239
-1256
535
8541
-1382
9413
-2718
5040
3441
-9644
-5196
2410
-363
9554
-2354
-6707
-5242
2021
527
2689
-9881
-8081
-1861
3513
9408
-9811
-4004
8738
3168
4951
9312
-3083
2799
-5022
9204
-6949
4724
-6552
9630
-8671
8014
-8115
-7103
-3761
41
-7761
-73
4967
7467
330
165
2603
-2357
1854
4919
636
3724
-3646
-9505
-7254
2559
7318
-5404
-454
-6704
1636
8023
-6884
9884
407
5754
9730
9455
-4047
-4269
1348
5469
5093
-2023
-243
-5187
8270
-4696
-8011
-4194
8805
6227
2051
4677
-6473
-5912
-501
5297
-894
3429
696
7843
-4432
-5672
1649
-178
-2758
6877
-4620
5797
-7170
7486
-6769
5328
-891
-3534
-1043
9426
-9361
7361
5357
-7649
-5575
-9266
-7873
-2288
6181
7905
8802
-715
-2491
-6217
1366
9455
4126
5067
-6347
5440
2283
9644
-3332
-7000
-3378
-912
-4565
-2378
-503
-6817
3336
5592
2482
-9415
-4651
3290
8696
240
5892
3121
6952
211
-5909
8755
9011
-3808
1893
-3685
6566
7733
1101
-4055
6276
5719
-6736
8831
-1365
-5185
5175
-6649
1648
197
7940
5110
-6972
51
4151
1863
-1786
1078
-5657
-4130
-1662
799
-4272
3254
3826
4826
2345
-8316
-4128
-4271
-4217
1161
-5458
-9726
6853
9817
-4079
-386
-3123
-5679
-9697
1543
3176
-1997
-2483
-3600
435
-9013
7022
-5015
1602
-272
-4744
9128
9604
5339
9321
-4647
2484
-4196
-8711
-9601
3948
-4080
-5598
-931
-7406
2175
324
7945
-8302
-5996
7846
4771
4231
482
-4787
8319
-7994
-7775
77
6309
-3899
5932
-8467
5096
-8983
9881
-6709
-9358
-1092
9800
-3235
7759
-4744
8364
-1945
3163
4412
6449
7946
6444
9358
132
9251
-8430
-3863
4403
7317
8746
-4261
-3844
-759
7397
3290
-5114
9666
2928
-921
-3527
-8997
9306
-3574
1399
4482
-4075
-196
-5628
8759
-7954
1097
9956
6324
-9716
-3532
4102
-6795
4700
-505
-288
-3466
508
-8884
-4071
2491
3476
-4529
2893
-5112
-2522
4255
-5857
-4463
-8742
-9360
1733
-3643
-8509
-3297
-6187
-8378
9925
5663
8700
1738
6073
162
4752
-9380
4878
5855
116
8769
8891
7859
2173
-7689
7375
-614
-2438
-5772
5019
-426
-4189
6811
-9940
5620
9204
569
6042
-9095
6600
-3093
-1156
7785
4448
2399
-5316
-3263
8165
7244
4205
1722
-8373
5802
-6137
-3551
7056
8120
7714
375
5921
-4727
4416
210
6834
4428
1943
-9437
6698
-9011
-119
7328
-4634
4865
8029
228
-4443
1964
6674
-240
-9157
-1905
-28
-8824
-833
-8274
-1312
-8137
9362
6340
-680
1542
-2110
-6227
1604
-7601
7151
9913
-3934
-5515
520
5231
8907
-994
6095
1765
2714
-2561
1638
1191
-6085
90
-940
-6626
8105
1609
-1344
3561
3949
8757
2598
-6758
-1031
1317
-3215
-9336
-4160
6111
4021
9412
5149
-1734
9380
128
-1993
4171
1197
-2464
2952
-7988
-3649
3377
-9168
-7460
-1052
-6352
-5912
-1976
6324
-8258
8928
-6813
8512
-4940
-6052
-6637
-1067
-2062
-1356
8120
5180
6560
-8262
8985
1633
9991
-4418
-9813
-1814
3254
39
9396
-2536
148
6820
-4844
-6040
8341
-2747
2924
6514
2774
-9302
-4213
2385
3125
6264
-1936
8742
9111
-8341
2880
-3520
-1172
-9993
1867
8763
6649
6807
-9928
-1398
-5125
4013
6310
6970
-8281
-7262
7231
7611
-1416
-9908
-8460
9064
5547
8498
-9017
7916
-8278
4136
-6365
5292
4492
2022
7258
7848
1758
2594
-8489
-2738
2459
-8570
6202
371
-7937
-7952
3363
-3323
-6863
9508
-8758
2579
-3536
1412
-8056
9802
-5415
7228
9109
-3337
-3160
-7888
-7448
-9811
2750
5345
-9348
1513
5127
6899
-8015
8190
-7337
4972
6493
1037
9423
6803
9101
-5049
694
-7297
-8576
8289
6357
9693
3851
-3611
-669
-1697
-4574
9318
-1297
-1390
2015
7668
4066
-9188
-7507
8473
4521
3917
-9342
-7005
3717
-4235
190
8769
6380
4871
-8450
3473
-2610
5989
-3494
7627
6407
-2394
-7349
6814
4742
-4981
-78
2561
2797
3308
-7018
1641
-6895
555
-645
2261
-7565
-7847
9003
-2025
9861
6222
-3226
-4563
9856
-8498
-656
-6901
-4233
-3914
-6390
672
7744
2942
-120
-9813
-4450
5662
-2969
-9528
5927
-1119
5705
-2582
3569
5356
-3937
-5330
6678
5454
2312
7666
-6120
1343
7029
9735
5734
9956
1270
-21
-1746
-4224
7274
-1739
-8551
-6362
-9828
4351
-3865
9023
-491
2080
-5999
-6333
-5321
3017
-4202
-500
-7511
-7271
-1908
4226
4842
-7026
2222
5187
7074
6721
9134
3690
8449
652
-1956
-8337
-6556
2816
-4872
-8229
7573
7352
-3919
-6955
4932
1423
6514
-3494
6939
9385
9056
6238
-1756
3335
-6689
-6386
1843
8900
5859
-1102
7167
-3314
-9364
4781
6764
8044
-5208
-5832
-7562
-2072
9500
-1763
-9734
5951
9076
8655
-1190
1954
-8878
3103
1488
7618
7810
-7817
4313
-7107
-7552
-6442
7910
9292
-8932
3573
-4188
-4573
6443
-5626
-4382
-4774
9262
-4448
-3864
-8174
1199
9314
-1408
8413
-1815
-6355
885
6280
424
-7373
-1337
-4568
-4716
-9859
-1079
-4392
-8680
-3962
-8867
-7426
-2418
-5115
-287
9340
-9996
907
-6798
-6425
8053
-6786
8646
-3993
3248
3570
-780
2170
1428
-8179
9186
5251
-4568
3837
-6373
4569
-8748
9591
5574
-4077
-1304
-5675
-8172
-5999
-1799
-8412
-8462
-4527
-9949
-5188
-6584
-757
2702
7408
7021
-1192
7577
775
9530
-5157
1405
-5052
486
4721
-738
-8600
-5548
5306
-6023
236
-1436
-1712
-3925
4742
2777
1022
5822
-1987
8120
6358
-503
-9186
-720
2229
-3417
566
-3246
8534
-2907
7006
2606
-4385
9436
-8671
9451
3749
5717
6081
-4227
4304
1150
4130
2575
1104
5586
2470
-1828
2311
-4958
-9083
2447
4717
6112
4397
-9605
2052
-3341
3926
3096
5047
7381
-1169
-4719
8434
3179
5358
859
396
6759
-5759
5889
3904
-8952
3324
1385
-7453
2074
8556
-85
-2733
9646
-8238
-6125
1221
-584
4714
-7501
-6989
-8021
8916
2221
2303
3583
5849
5583
4248
830
5502
4476
-9022
690
-9323
-7920
707
-9154
-7786
-8320
-8686
9882
-1651
3381
-8440
6576
-488
3781
6273
7223
-4400
-8786
-2170
-7244
1314
-6526
6575
-7616
8379
9909
-2415
9666
-1781
1352
3344
182
9639
-2015
-1995
-7642
-6388
-8214
6509
7809
-1127
-5232
9797
-462
-791
7561
3998
1620
-241
-8765
27
-9877
-5790
7905
-1767
6676
3853
-8135
-2282
5266
1937
-4076
-7540
-9423
8495
-2787
-8243
-9622
6978
6445
-4628
-6408
2414
-6217
4782
-6096
-2816
992
6100
4579
-5345
-1587
-6446
4940
321
-4750
2263
2779
-2788
-3355
1565
3744
9715
4240
7138
-510
-6380
-557
6503
-7763
1388
7405
5718
4296
3948
-1927
6491
6460
-5719
7612
4874
9891
6522
3385
2551
-5441
-1721
5305
4927
-8999
1548
-6942
-6397
-2335
-323
9291
-1126
2467
4679
3253
-2258
-3837
2918
-1554
2244
3353
-4660
-7155
4068
7067
3833
6957
3835
3595
-3719
8662
86
-5296
-4703
3778
-4366
2407
-3077
4041
5255
-6981
8289
-9205
-5988
8004
9030
8680
9886
3879
7398
8100
7255
3003
-2981
-1172
2308
-5627
2677
-2916
-5948
-9399
-8284
5533
-2491
6344
-4535
3364
-5623
-3907
-9891
-7486
4050
9483
5731
1463
9581
876
5471
-5586
591
-1681
9110
-6207
3546
-7470
4024
-2310
8660
2096
-4730
9847
3922
6150
7887
-7059
-674
7042
6208
5267
-4952
2806
6678
-3354
8944
1769
-9466
2773
-4785
-820
6024
-1511
5369
-7647
7983
-5114
3332
7925
-565
3737
7582
-3897
3451
-2538
-3858
-7725
3328
-374
3380
8528
-9429
1342
-186
2089
-6417
9269
-2858
-143
634
9507
-7157
7624
-6204
-2622
483
-9218
9363
6252
8935
-2715
-474
3928
6918
4916
-5558
-9928
3620
-2744
-7062
6329
7572
-1964
-6626
-6864
4348
-3529
-3900
-3067
-2023
9464
-5656
8793
-6958
-9701
-5788
9877
-7248
3761
-6414
-7385
536
8125
-4781
9333
-8999
1051
1396
204
7015
762
7911
-9508
9880
-9746
2841
-2131
-4927
-8046
-3251
4963
5212
9291
-6678
-5137
-1591
7930
9400
-5079
-8297
-6622
3611
4827
2329
5707
8828
3121
3394
-8515
-8178
5180
6828
-8192
3415
1830
5441
-3215
-5150
5471
-6037
2564
-7589
6454
3838
-5880
6302
1782
6681
-7902
-8550
5408
-6651
-2612
9561
9528
4887
6568
8341
-4676
-6414
-3685
-2317
-4205
502
-8478
9138
-5478
-1516
-7974
-1400
3542
-9723
-8815
-5806
58
-1954
3605
-1246
-7398
-4091
-7493
-8156
-479
1917
-3994
6199
-1129
6845
5723
-1739
-6002
-2764
733
-1073
6216
6112
-1310
3772
8074
8425
3284
5913
9564
-5350
1962
-1262
-176
-8514
2777
7377
4611
8259
6707
6806
1549
-8220
-293
-2728
9464
1793
7887
9531
4132
-815
-6584
-1244
5603
-6613
7831
-6797
2592
4082
7315
8647
2469
-9013
-5057
-1828
5817
-8722
-1823
-7093
-6795
-2119
901
-9670
-7930
6348
-31
1
2996
8835
9364
9673
-4367
7870
1322
-9333
5336
8310
6209
5837
-5649
-9431
9191
-2724
3879
-5288
7069
3401
-2199
-9933
6475
-8080
1054
-9947
-7646
-625
-6076
-9873
-9240
-7592
-5092
-8990
2142
2820
6990
-8878
5115
-1465
5453
-1176
9167
-6130
8473
-8148
-590
-5816
-9493
8886
973
3416
3738
7105
4094
9747
-7250
9715
6668
-8778
9370
1768
153
8287
-3186
413
1704
6792
6985
9066
-8222
9058
-3932
2933
-2535
-4872
-9399
-3826
3042
6154
4554
9138
-237
-9843
-924
-9402
3672
4064
2319
-6170
2470
-2826
-387
7914
-9172
8487
-4098
8377
-9228
-8209
-223
8066
-3128
-4435
5671
3530
-8535
-5959
-6022
7481
-3942
-9049
4209
-6591
-3150
1707
-2778
1986
-4637
-8230
2446
594
4717
2886
-1331
2701
7527
-1909
-9027
-8398
-174
3156
2540
4867
-6649
1056
-6399
8124
6229
6489
2729
8584
3401
-9231
1227
1994
-9594
947
3338
5131
-7348
7669
-7772
3064
298
6451
-3585
1625
-1749
8144
1000
5468
-7421
-3578
-2040
-5308
3747
3053
-3113
3714
7434
-402
-7199
2579
2228
4823
3294
-5660
-1855
6956
4537
619
1380
3139
5610
-4359
6265
-9291
8141
-9392
-1807
-328
-6199
-9433
-7326
-4862
-8162
-6016
-8298
-735
5431
1343
-3904
-5172
-6951
2360
5429
2458
-8399
5609
463
-755
7035
8745
7290
1549
-8365
9605
6266
2112
-6962
7058
1383
3660
3207
4734
1872
9207
9077
2675
-8586
-3311
3765
9219
3485
-5342
-6003
-2741
-3861
-1673
-5890
-4641
7855
-9132
-6094
-9637
-8774
-6705
-5003
782
3552
-9490
7766
-8013
1354
-9038
2147
1336
6562
-1033
7453
-7105
7288
-2564
4745
-3919
721
-6620
-8277
-6965
-3790
-7425
1907
-239
-8404
9336
6043
6653
6130
-6223
-1711
-1185
9181
-612
4455
-4343
-5128
5500
8926
-4302
-6962
-6818
3193
1448
8427
6599
-7833
8175
-1995
4852
2790
-4448
-6100
6595
-8438
-3145
-1786
3841
6972
4732
542
9262
3777
-250
1253
-6167
-446
4988
9973
390
-649
5858
2851
4713
6862
-2932
-3555
-6143
-2351
7714
-1847
-7224
-927
6533
-40
-4264
-8196
-8443
3362
5816
6400
-6382
3181
-4915
2480
6149
8251
-3904
1663
-4384
8691
-3880
4265
-6325
-4720
1963
-2640
1141
-2428
2418
7293
9055
3462
-544
-4750
-305
4849
-7261
8648
-8618
-8799
-1017
-2156
-6916
6207
4139
-9052
-361
-6939
-2537
7175
-6323
-5421
-6209
4555
1271
5452
8723
-5018
4126
-5177
6569
7149
7294
6008
2647
-1228
2626
-28
-9564
-6338
4930
3963
-8324
7632
9691
-6400
6085
-8414
6838
5577
9627
-2711
1126
-6845
6536
8757
6364
-4419
-859
-3088
2782
-2694
4623
-9360
6465
6097
9462
8810
-4125
6667
-4088
6354
2703
-9633
-3462
-9005
-90
-196
8116
8029
9759
-4007
2679
4892
8951
6396
-7328
5500
9117
3648
9585
7976
9967
-4936
-1518
-620
-8739
4550
-7983
-9800
-3281
8160
-525
6320
4079
-2361
6524
3795
-4581
9407
-9408
-5842
-2669
-5216
-5212
9028
8739
-6909
8880
-9343
-5676
4501
997
6402
-1780
9822
-9484
-6043
4982
2666
-439
1165
-2553
6434
8169
6963
-25
5802
3565
1199
466
4661
9506
1351
-311
-679
-7600
6295
-2161
6363
2181
-7587
-4355
2582
-9544
8443
2300
4867
-3333
8642
5458
-1355
-8282
-1716
3613
2712
-1658
-2986
-3902
6089
-7632
9929
2766
5757
-1668
5753
4345
-3605
8598
3403
-9004
-5171
-7181
6619
-367
3367
-9973
3987
-8273
-6588
4910
-3248
6405
9241
105
-3581
8768
-2207
3327
-4717
-7987
-1617
-6428
-4671
9646
-4193
-9641
1769
4001
-8049
-3949
4110
7552
1439
-4414
-3671
-1802
3670
-9668
4632
-8687
4831
-6456
-1678
9949
-897
4154
4384
-1515
-3691
2933
-5547
6589
-228
6181
2648
-9407
-9584
626
-7985
7519
8203
-9237
3316
5538
8099
-3839
6089
-4996
6741
5253
-4784
8952
2607
5331
6949
2774
9093
-6411
-949
5961
6186
5831
2652
6640
-1348
-371
-5112
-5864
-9447
-5170
-8273
7175
-9218
-2629
1301
8722
-4614
1856
2929
-8781
-7332
-3837
-9419
8030
2073
-5478
8481
-9549
9295
9617
-39
-4588
-4757
6453
-8210
5928
-684
5238
4512
5288
-1558
7049
7532
-8317
-6740
4968
2304
9588
1896
7737
-7602
-8872
2487
-3766
1710
-5856
-9956
-1941
1984
-200
-727
4793
-2680
-3941
-4817
-5804
-4513
-9191
-9388
8181
6733
-2948
-4633
-402
-4639
4568
-5160
7797
-1754
4061
-1853
-7852
-1101
-4846
4277
-1159
-970
26
-7365
153
-9530
-6603
9618
4970
-1288
-7093
5061
-2684
-1818
-7151
-3649
6278
-6925
4399
609
3391
-461
-5174
-3232
3254
2610
9038
8166
-2897
-2216
-3123
9501
-8331
-8738
-344
-4893
5331
-8000
1147
-9830
6972
-5490
2321
-2129
4493
-3556
-3443
-185
-9648
1521
5661
-1409
-7935
-5971
7227
-3030
-9936
-8591
5821
5156
-3140
215
-7979
702
-7678
6302
-9747
-1929
-460
6313
-2012
-3361
565
6993
-4665
-7824
3557
-2035
2686
-9450
-7038
-8238
6069
5643
4805
4818
-8977
4106
-3543
-3959
9944
3151
-8620
3234
7813
-6957
-1301
-4656
-2772
-3154
2348
1974
6166
-2303
9650
-3884
788
2978
6072
-6654
4278
-4892
4525
953
7863
7129
-7788
-2723
-5816
5439
-2018
-5354
9685
3217
-3647
-4138
-7990
56
-811
-583
-4864
-7106
212
4502
-6249
-8092
-1350
-6653
-9104
-8958
-9819
3973
2566
3358
4900
5064
398
1191
800
6522
8496
2892
-7898
3799
4363
7728
6524
9409
8764
-7767
1753
-3385
5578
-447
5331
5550
1587
-6957
7451
-4132
9624
-796
-2590
994
4045
2561
6645
5664
7294
8031
5349
9393
-8438
7538
-3980
4461
9600
2739
-523
-5298
-1243
9962
-3296
-6909
-8369
8461
84
-3617
8617
-7204
-4506
-4902
4907
-2492
-5039
-1379
7999
8605
2896
4779
9065
-8094
599
-285
-3973
2059
-6772
5647
-1606
147
-6379
-2006
-8588
-2403
-6396
9691
-5484
-1641
-2244
6521
-5377
-6893
2905
4507
-3331
5900
3460
8501
2191
-7522
2676
3474
4893
-7176
4347
-5215
-9665
-8392
-7138
-9812
-3036
7406
8389
-3312
8476
-769
7701
-5430
7852
-5409
8406
-8671
8126
-2925
-4974
1147
-455
1196
2852
2267
-1492
-1641
4592
6249
-2722
4120
-2688
2014
4096
7491
-5501
-8894
-7619
-5799
-3337
-6480
5343
-8682
7203
-9417
4681
2979
538
-840
-2447
2625
642
594
1102
-6692
-1804
883
7527
-973
-9608
2937
8792
-9060
-8461
3918
-3761
1829
2582
-1227
6457
3149
167
1186
-3194
5850
4516
-7487
881
6322
781
-5519
-7386
7304
3795
833
-1919
-2879
-7279
943
9582
-6182
-8737
3302
6761
1768
2400
-8804
7472
2049
7965
-1630
-771
1374
1417
-7717
1613
-6157
2242
-9935
7947
4109
4050
2813
-9957
-2795
4646
-1271
-284
2199
-4364
3267
-4243
1796
-2495
-9676
9451
3888
-5073
-9557
3268
9416
-7632
1515
-359
-1349
6011
-8097
-4271
9435
-8264
7557
169
-8121
5547
-3514
2334
947
6433
6205
6799
4900
9143
5301
709
7747
-5985
8213
8748
-3565
1706
-9549
-1269
2480
5889
3269
-5923
-4507
6485
4394
-2918
-3113
-8565
3487
9696
4527
7284
-8859
2661
6032
-3134
-9935
-3122
-7666
4721
547
2924
7554
1969
1683
-2072
-5805
-1458
5823
-9977
-9616
9213
-1297
7055
-3680
-6367
9433
2231
-3393
-3291
5371
7626
1270
2969
7732
9633
7352
7847
9019
-2322
-6677
-5588
7921
-8146
8644
-3408
9306
6158
-9346
7455
-659
-8228
3521
2345
-493
-4375
-2475
2240
-9193
8573
8157
-7203
-2178
7513
3117
-2507
-1001
-3425
-5085
5135
5940
1552
8828
5926
-8515
-4994
-3155
1217
-2411
1000
6101
3781
-8004
-3812
2025
1169
-890
4953
4704
-3922
8787
2373
-8675
-7895
-8602
-3723
-8242
3736
-1600
3429
-8102
-7571
-5323
3922
-1401
-9767
-9261
-3659
-4060
1467
4672
-7775
-2932
-5459
6429
-1959
2911
-5594
1880
974
2739
4435
899
-5338
-4918
6330
-3601
5168
-5979
5390
-8234
-6093
-564
6492
-2946
-8057
6300
-6372
-6604
5848
1664
9656
-6334
-9752
7372
-6129
8908
-6380
2443
-9045
-6779
-3709
-689
5040
2472
-6500
-9920
-6044
6836
4272
3614
-3498
-5924
-7766
-7204
-5231
2555
1950
-2332
2484
-6697
163
3204
-1740
6994
3979
72
9483
787
-3316
5777
-9854
-3601
-5233
-4907
-6703
-6811
2376
327
3426
-4597
-7957
4245
57
3784
3609
-767
-8681
-2504
-7555
2818
-3624
7902
-8287
9365
3194
-5939
4217
3709
-9425
1787
9174
-4582
-1176
-187
-6003
4918
-1010
-2090
-4656
243
4257
-2478
397
-64
749
6863
7717
-5798
5709
2861
183
7991
3718
-7273
-8724
-827
9962
5038
1656
4383
-6507
8191
-1916
9434
7286
5683
8147
748
-1763
3304
-6519
8601
6365
1234
-6953
9429
-8929
9808
-517
-9766
1798
11
9105
666
8421
2185
-6891
4421
-5381
3740
-1821
-3883
4842
1691
2979
1951
-2954
-930
-3342
6978
6313
-1469
-3021
437
4253
-1913
-8691
4426
8057
-817
-3061
-5786
9246
7857
270
55
-277
-8731
9718
-3751
5191
4962
2112
-3846
-7655
9155
3024
4542
6108
-9413
-7705
-9291
-5550
-7480
2165
2159
7569
-7126
-2889
-6732
-4361
-5004
4030
131
27
-5412
9824
-2610
8301
1523
-2111
-1688
-6124
-3088
7013
3722
9403
-2069
3193
3464
61
-4453
-1051
-9345
7803
1612
5320
9986
-1065
-9333
-44
-6525
-444
-8085
-4292
-5665
-3105
-1978
1752
892
-2753
7063
-103
-7678
5226
292
-5235
-1629
-9130
7745
8089
3023
5770
1701
-3564
-8835
-1155
-7256
-8309
-3400
7676
8392
1635
5233
6198
2024
-3675
2968
-383
4019
-1723
7945
9100
-3888
-6966
-4085
-7145
-6834
-8398
-5038
4032
7621
1607
1804
3068
8654
3514
8703
-7028
187
-3586
-7023
-468
-4710
9649
8947
203
-1196
8358
-8909
1351
-2783
-7183
2487
-4968
-7718
1664
-1532
-9945
-4024
5242
2680
7656
3425
-5397
-9372
6787
-3427
6232
-5736
-1680
-3638
6995
5404
6232
5794
2481
-1795
777
4576
5740
-6866
7100
1587
-5209
4443
9745
-153
-4481
-3816
-6781
8881
7535
196
-7766
2763
-2410
-5751
-6494
-2233
-3396
2489
390
-3220
9122
8063
-7240
-4256
6275
4122
-7333
-1536
-318
-6767
-8184
6244
-1093
8087
8253
3154
-7442
-1045
-1925
-5290
674
-8718
-3899
363
-5235
-15
1629
-1768
5972
3709
-3507
-3252
-6949
-9129
5142
7729
8991
7383
2922
4937
-1813
-8781
2238
-7465
2539
-846
8033
-7563
2142
-1263
4468
8927
-3689
3359
9189
-2888
-6431
1592
5821
6747
-148
4095
-6714
6057
2123
1796
-4412
-335
4390
1357
-8039
4516
5418
-922
5282
2361
-8602
-613
-618
3703
570
-1299
6538
-6875
-985
6855
2414
-9069
1472
-3573
-474
-9155
1869
-4170
-5144
4141
-8936
7816
-4594
-9579
-1720
631
3155
3865
6711
7553
-6410
1982
-7127
-8412
-2119
-3851
-9690
-7391
-8654
1677
5245
-9572
1988
6572
-27
-5994
-8624
-7248
7507
5827
-6727
-6168
9872
-5937
5784
-8971
-7569
-1943
-4232
-87
-706
-398
9932
-5794
6741
-2813
-1668
1448
-6535
-6192
-7933
-9149
-9928
-7878
522
205
4938
4475
-5098
3309
3170
-8545
8347
-9553
675
-8896
-2113
1969
3979
9477
-4972
-4388
1942
1834
-9182
-1191
-7668
-6848
2502
3232
-3318
-6413
9781
2646
2488
-3731
-9730
4407
8268
-2882
9485
-341
4015
-3339
6344
-7719
3063
-9679
6892
-2838
-8048
3934
-6682
-7659
8579
-9714
-5334
-9270
6582
-533
-3426
-427
5205
-4483
-8031
-9175
-759
6622
943
6662
-6917
-7489
-9165
-926
4356
-4122
-6218
-8664
-3302
-4185
-7839
-3885
9047
5541
3642
-9082
-6341
-1486
-8598
9636
-4120
7560
1462
5212
-5888
9533
-8859
6020
-5961
1660
4649
-8836
-4000
-6462
3545
-9017
-6342
-3542
6071
-2409
-1798
-9456
-4654
-5593
-8317
3355
-6318
-2293
-6824
4904
-482
7546
3025
-958
-7706
-2067
-2754
-8669
7720
-5378
-4177
-8498
-5572
-7573
991
7547
-7874
7074
-3159
-9238
1832
9290
-4483
7647
1645
-7056
1454
-1039
472
8592
129
67
3984
-9902
-7245
5452
5195
9012
2662
6324
9889
5728
-9745
-4431
95
1138
-2402
-5490
5248
2770
-8394
9600
-2922
-2715
4996
3714
1203
-9994
-2940
4860
4034
5972
2411
-1259
-996
683
281
3516
3638
-3944
-8181
452
-9952
-746
1322
6748
9019
4187
-1549
5460
3945
-501
5054
-3072
5405
-637
8664
8867
-3641
539
-9699
-9804
1065
8172
-5326
-758
-7289
-9039
-4539
797
-9155
-8470
473
-1585
-1539
-2866
4569
638
5081
5925
-4828
2872
-2691
-4683
6244
4208
-1697
4320
-9338
2594
3944
-7465
6079
3881
-8026
2802
-1294
-8640
7894
-1382
-8474
-50
4384
-5399
-8978
6971
2293
6875
-9716
-2518
502
-4332
3362
7982
-8934
6217
1965
-6911
3906
-7860
-9917
-1942
2211
7504
2794
-4601
-3386
5121
-9532
-272
-7143
-2959
163
-5086
-6306
4948
4376
7891
7098
-6093
9565
-277
-3108
518
-7532
-6675
-490
5912
-6340
7639
-6192
-1532
-7856
9666
-7217
750
-4572
9696
5509
-4414
-550
-1454
38
3766
7419
8027
-8957
5244
7113
251
-593
2563
6404
1720
-1682
-4605
-2330
5751
8996
-6947
6991
-7882
-7912
-3827
-9058
-1806
1199
5553
-8867
-9542
-5321
4000
3350
-4563
-1619
-5552
6759
-2648
-907
2032
-798
-3756
-6836
-4151
-4668
9184
771
8024
-4429
-182
5299
1164
1018
-7255
9009
43
7721
9107
5119
1326
2521
5153
2891
-3811
9795
3031
6155
8040
4785
-4089
-1651
1932
9458
-7808
-4356
2096
-5023
-1860
712
7297
-3068
4412
3984
62
9047
-5441
-120
-9042
-4121
6928
9998
-6698
6687
-6631
-3702
-6863
-9378
-1299
-3756
-6926
2904
1860
-6395
6058
3362
-7978
5970
-3399
-6202
-3686
1871
549
-7759
-9643
-5311
-4378
-1346
9191
6727
-9874
5376
-9987
3688
6377
2991
-4772
-8742
-1182
7447
7913
4531
1362
8972
6980
9098
3017
-8778
-2854
281
9888
6399
-4195
-6782
5250
-2820
-3115
-8791
5457
7655
-4746
-890
4609
5868
1937
4494
-4020
-2654
-2820
9212
-6511
-5873
8909
-6265
7506
-9558
-9092
1601
9763
2161
-1283
2314
4515
-9617
3424
4678
5752
-7286
5586
8521
426
-7666
5081
2895
-3356
5162
-3167
2071
-361
-4630
-6877
-7708
2520
-9586
7102
1713
4881
-8857
1367
5750
-6097
8153
-2546
-9395
484
7570
-9532
-5076
2007
-1462
371
-6401
-8692
-5600
-6437
4737
-6211
4659
-7160
3378
112
-683
-8970
-2263
-2435
4230
-9817
-649
-2659
152
3566
5251
-9168
-1493
-6803
3885
-8170
-6610
7985
6652
7397
-1897
-5208
-616
-3662
-5941
-5231
2770
-4783
-2139
5072
-173
-8063
8056
3122
2833
-8284
-6123
740
2366
-2572
-1825
-86
-3911
1531
-3312
244
-1651
-8611
3497
8802
2278
-7840
-9899
-6
-6683
-8967
4266
8927
7559
-7226
8582
296
-7170
-281
-5987
-1189
-2139
-9047
3752
7262
-5359
-1709
9012
-1091
-1217
-8097
4599
-5900
-744
567
-3056
-9837
-434
6222
1631
9200
8482
-8736
-8081
7367
-1642
8751
4902
-2233
-9823
-9149
-6475
-3987
-8743
-8924
-3857
-2023
779
2788
6602
-4763
-900
-2651
8901
8042
-549
4242
649
6070
-3097
7699
-3844
1626
1517
-5319
-8094
-3861
-7328
8000
5736
1644
-7204
9748
7545
5443
7603
-4314
5254
4946
8051
9053
5090
7974
3080
231
6270
-6632
4832
7020
8629
-906
-5470
4234
-8626
7959
5139
8296
8699
-9492
5713
3960
-7874
3885
-5561
8660
-9087
-397
8878
-9529
447
-9984
-5082
-5594
2178
8838
4040
5633
6904
2972
-5239
8199
-6060
-5546
8929
-6311
1770
7837
-2298
1284
-7185
-2117
5950
7067
5567
-520
-1086
3698
-8927
9637
6180
2147
-615
-3344
-4534
1544
886
9171
9159
4361
6117
-3115
-2239
6876
5483
128
1262
7099
-8886
-177
-5166
4127
8961
-3980
5096
375
3841
-746
-5245
1019
5106
5252
6551
-920
-7158
-8772
3176
9596
9515
-8345
-749
506
-5140
-916
3455
8065
-2055
-6182
-2844
1582
-5576
4992
-6885
-5715
-6799
-1672
-9264
-5073
8149
4438
7735
-1183
-3591
-2116
-1675
-4626
-5419
-4414
5332
7725
-1782
473
7516
1300
-8184
4
-8127
-7011
-1243
4934
-589
8314
3895
7542
2232
4145
-4632
-8503
8097
-1364
0
-349
-9323
3500
-568
-2061
-2096
9401
8897
-3815
-9781
-4576
-8667
3877
-8998
8725
-1249
9149
6880
5403
1167
9440
4271
9678
4101
8676
5534
8155
-6631
-9628
-4950
7579
4251
3301
-5751
-8469
-5180
-1773
1187
5759
-2176
3415
6919
2001
-7902
-6670
-7328
4372
2805
5988
7478
3723
-5739
-7350
7589
-5620
-6844
4237
-2135
-2605
-3
5485
3704
7728
-201
-2936
-2041
-7695
1323
-9027
6268
5395
-9722
7681
-2744
4538
-5176
4234
-8714
1559
-1314
2023
9242
3939
-8917
28
6139
-9541
2998
4468
6740
-7506
-6883
-2310
4639
-3491
1357
7461
7516
-6432
3219
8382
-4850
7106
866
-610
1316
-1096
418
5889
3318
-5904
-5328
93
9832
9595
-201
7605
-1369
8208
2477
8111
-5098
14
-1456
-9834
9672
-8126
-5861
3010
-2463
-6597
3821
4316
352
8716
-4294
-1061
-7630
-8064
8187
5826
-7133
5632
-165
6940
-1260
-7299
-7297
-5479
-8648
7827
4862
5397
4187
7755
-7826
-9041
5900
3833
-8218
-9406
756
-4630
-129
1240
-8371
-8523
3810
-7567
8881
316
-2095
605
-3984
-9031
-331
5866
1191
-3010
-8778
-9193
-5568
2960
6444
6830
3712
5774
-7
6044
-9157
8204
8912
-8344
201
-7414
-9355
2479
-720
-4669
-5403
7282
-1534
-6594
9975
-7995
-5542
9598
6466
-2377
-7189
-2124
-4598
5024
7278
-1256
3491
2132
-9009
5566
7699
6232
6112
-8299
-6224
32
-1515
-5658
7945
8934
191
-6284
5901
9643
-1535
-8995
9613
7275
-8950
-5194
1363
4957
-5596
5435
-7219
9049
7594
-8608
-9738
5589
-318
8740
-1560
173
6528
2893
4640
-1671
-694
2815
-2020
4876
-3707
2645
-1426
1621
2937
107
6800
3359
7026
8560
4868
6889
-540
649
2820
6337
-5971
3705
9345
-2054
4354
3558
2826
-3841
3613
-1863
7818
3519
-5020
-3741
-4500
251
-2914
9642
-8780
1802
5248
3023
-802
-2301
-4762
7500
7896
-137
9191
3075
4337
104
-7158
6946
3288
-621
-884
-7731
8309
5708
3843
8037
-913
-9322
-8177
6051
1000
2676
-6875
-3165
-5225
-7654
9890
-7600
4857
-3553
1118
2729
-9429
-9530
-8892
3638
-2048
-8338
4227
-6291
-8871
-1507
-8486
3350
2102
-6251
6255
-5701
4572
5717
9475
-8763
6461
1983
3519
6324
7396
8937
-6378
-6621
2772
2852
5591
8623
2365
1918
-3373
9317
-6787
-4809
2246
9548
-8029
-7170
-8762
4683
-5753
7751
9760
-2197
-2465
-7180
1229
6714
7116
-3616
711
-482
6314
-726
-9289
-2761
2468
-5658
4453
6803
9846
5848
3617
-3585
3830
1579
181
-9031
9290
4382
1340
5391
-2617
-3515
8428
7126
-37
7871
2186
2335
-5205
7623
-760
-2410
-859
-541
2609
-1621
-9622
-4144
7502
-8218
7820
8909
9639
994
-1147
-1431
2654
-2385
-9258
-7432
-1858
-1278
-648
9068
-9428
5769
-3608
7649
-9735
-1431
-13
2910
4318
-9147
7519
8081
6841
-8573
4197
5106
7825
3202
-2385
7800
-5940
-4485
-5503
-5247
1716
-1552
-1868
8865
-4448
5452
7272
-5985
-9755
-2062
-1876
-1375
4806
-5164
901
-9073
2613
2782
2034
-200
-7784
3909
-9360
-1201
6700
-7807
-7112
2521
-8836
-3690
-7655
-2574
3545
6859
-5917
4141
2956
-6429
2515
-9802
-8877
-1214
-4171
-7327
-3266
-645
7203
9290
-865
5749
7408
-6488
8665
9965
-8195
-6239
-5166
8151
-1550
-7481
-4698
6068
169
7802
-9532
9499
-4160
-5894
8409
8072
-8279
-2022
2913
452
120
1370
-7725
-3490
7999
3051
-9259
-7453
1545
8621
-9335
6062
1236
5774
1022
3208
-1509
5591
-4031
-1066
-9373
-2895
-3490
-8432
1534
-2271
-1490
3726
4369
9214
-3171
5239
1161
-2652
9850
1551
8399
5484
6413
1565
-9804
3507
8915
-6203
3154
-7524
3040
-5344
5764
-1878
1137
7982
-4205
1768
-7698
-9962
9847
3593
-249
-4553
-9376
-5004
3766
5354
5213
-4126
-5531
3709
-5167
-4902
-1067
3019
9479
-7889
-1159
5611
-2738
-2361
8349
2091
-642
377
6181
5028
2622
7353
974
-2579
7820
-9138
-1905
7313
-9382
-3922
-1537
6641
-1874
6822
811
-8938
-8984
-5016
2894
3090
847
-6935
-9409
-6882
6673
-2004
1982
524
9594
207
2145
1689
2422
7892
-2796
-729
7025
-859
6091
-3393
9655
7320
-517
-4529
-8758
7718
-2205
-5966
5256
7357
-1475
128
-9896
-7796
-5163
6733
2039
-1995
-7829
-4799
1092
-6921
1402
4380
4135
5319
541
5182
-5861
-3065
-3809
2602
-3355
5628
-3923
2280
9002
4526
9483
-410
-1740
7716
-3167
-5615
-5030
-7188
3780
461
7566
-9684
7266
4183
-8528
6178
9864
-5075
123
2286
-1871
-6281
5504
2699
-2911
-3524
-849
2010
-3115
-7931
-4764
2840
-1060
-2417
-3368
4371
-4588
-8020
-6814
5218
1360
-3327
-4220
9215
8377
7416
7988
4735
9573
-3237
-7202
-2350
3306
-50
4944
-3858
4036
9756
-1061
3637
3260
1197
6681
7035
9683
3943
7975
6420
7413
1126
4607
9679
-6907
702
1496
-47
-9001
-2444
7675
2193
-835
-3665
-9120
8430
5146
-1414
7779
597
6702
-5105
-6093
4395
5901
5457
-5758
-836
5926
9785
4777
3946
9617
8098
7491
-9246
8388
2841
-4281
-932
9726
2274
6884
-5524
1073
3426
9574
-2785
997
8534
-2523
8089
-451
8967
-9161
-7533
797
5664
7443
-8993
-718
1063
3165
-1339
1156
-9511
3622
-8159
388
-8596
-2463
-5610
9512
9456
2331
675
-6104
-5410
-4450
5253
5007
-5680
374
6629
3123
-4627
-7799
9377
-4066
-6378
-5184
7541
-4703
-8562
98
3723
-4945
8306
-9060
2247
-9713
4525
6289
-8703
-7099
-2719
-433
2830
-5514
8917
5621
-3480
-7916
5323
5961
-1210
-6810
806
6401
1094
-9743
-821
-1757
-515
1835
-7208
-3840
-5144
5720
3990
8799
-5062
9073
-7033
1998
-9489
-8500
-3595
-2972
-7043
-1676
-4173
6539
-530
1172
3895
-9654
8628
-2076
-2727
-6704
5497
-2640
-7801
-6504
-2771
-9810
1348
3000
-1626
2899
8742
-6852
9453
8506
-6941
9818
-8170
-846
-4255
-7589
5974
6679
4146
-192
3780
-1625
-5345
9596
-9360
-1721
7154
-4336
-2506
8546
6993
7496
-2021
7814
-9528
-673
-8950
6627
2383
-6031
821
2057
-7306
-4781
-1073
8868
4582
10
4818
-1682
-7910
-5125
5559
-6849
-3556
-2361
5440
7713
-6577
5617
7562
5470
2640
9929
-3035
-7104
1585
-7444
-4104
-2063
620
9518
6852
-1842
-9855
7293
7633
-6566
-8810
7737
363
-1298
2029
-2098
6378
-6293
5387
4509
8497
7117
-7178
-6300
6181
-9730
3227
-4647
-4038
-5068
-4819
-4708
3910
-2022
-5234
4788
-8698
-5956
-6873
8079
101
5341
6652
-433
-7151
-4549
-7690
-3733
2500
-5156
-7061
6850
-6254
-8185
806
7346
9677
-631
9682
-9503
6491
-2078
-914
456
6230
3045
2966
2272
-5544
-5836
2285
-4805
-2943
-8758
3582
-8742
9617
-5789
-2748
816
-2448
-4026
3576
-7542
-9472
1653
-6191
369
3086
4780
-4819
2902
-7403
9344
-7034
-8083
-8138
4355
5693
6192
7190
-5400
4820
-347
-3040
3764
491
3248
6632
-3636
4989
-3373
-2019
-1304
4120
2000
-9841
7464
5709
-1952
-5039
8056
-4698
4355
-3319
-906
-9583
-9707
2078
-2434
7194
6463
-940
-5651
5353
9516
-5915
6503
-2800
751
5272
-8974
6771
-1486
7912
-8669
-5084
-8455
4899
2211
6398
7353
-4964
-5962
1250
-3170
4603
3869
-9529
-4170
4985
8926
-4137
5887
-5074
2856
-1865
-7543
-5147
8879
3108
-7783
8689
-3155
-3968
6006
2932
8126
-2646
8428
-6450
-4703
488
9050
-1866
-2969
-6068
-8516
6401
2058
9210
2519
-9728
-1852
-6706
-1267
-4793
5476
7968
8664
5014
99
9573
3528
5942
-7703
-2959
5512
-7508
1359
5162
-7885
8497
-9909
-9059
-8259
6600
-9331
9313
-4883
6352
3891
-4360
7809
-4340
-8402
6538
-1633
3474
9635
-8641
-2826
-2624
1524
2741
5774
-4721
-6735
2448
-5846
-6959
-5247
-3687
-5684
3272
-9216
2217
9380
-8830
414
-8027
8141
2359
-7149
-6265
4665
-5973
6738
-5132
3761
3730
6118
7879
-3562
3586
-6391
-5908
2806
-7456
-3308
-957
-3818
-4227
-9720
5403
5316
-3469
4756
-7541
-3779
-831
-2596
8491
-2978
-98
873
-8043
2302
134
-5739
-9300
-182
4821
8441
381
1341
-3712
-7132
6956
7218
3058
5976
7082
-1050
8831
-2733
-6557
-1319
-9708
4846
7782
967
4952
-1676
1365
-8357
-6912
-5605
-6096
-1188
2441
-9276
2474
-9951
-2751
5419
-109
-7366
-6808
6742
3675
-5201
9289
5438
8186
-335
7008
-6699
-1515
494
7991
-4422
3752
-9520
5032
-194
6751
2565
6001
4467
-657
2037
6183
2229
-1991
5716
8927
-4288
-6987
-6919
-6228
-7610
1333
5018
3918
-2172
-2545
-7571
3336
8473
4694
7797
-9232
3524
3681
3353
-8926
-6337
3729
-3846
1164
-3055
-6514
402
9430
9552
5701
9492
9485
-6570
8319
-6527
-223
4792
1447
-8651
764
-9628
-7711
-6099
-6740
-5716
1675
-6312
2903
8470
-1563
-8535
-2859
-6348
-3013
781
-1313
-9256
2462
6766
3401
-4040
-1922
-5230
-5403
8905
-9402
156
8972
3576
5774
-2431
-1873
-4488
8613
9411
8976
6170
64
-6136
-584
6721
2774
7621
-366
-1796
-7732
-7627
9710
-7621
-5983
-5241
8238
-7110
8085
9762
9376
4646
8221
2207
3314
-9617
9830
1942
2215
4500
4877
-9420
-2548
5968
5549
5387
431
8196
4647
9970
-6334
-6287
6947
8322
3589
-2220
-4237
6677
-6881
356
-1387
898
97
-3326
3679
-6886
2457
7703
-5999
-6245
7584
4456
-2189
-8172
-4968
-2872
9493
-4660
-4756
-7940
-2816
902
-7929
-4109
2754
-6110
872
8544
4236
5316
208
-836
7121
6758
-7168
4020
8894
-1946
3397
3046
9256
-8159
1632
-4496
5846
7165
-3529
6392
-6935
-6636
-1431
-5504
-9518
-7799
5839
-3510
3285
5636
9106
-3175
5416
3818
-6694
-2459
135
-774
-268
-7275
-2612
339
7392
-1944
51
2293
8546
-8189
-3040
-4613
752
-3925
3480
-2069
4823
2244
7794
-5827
9824
1748
-4249
7122
-9452
-6370
-5953
9656
5193
-8900
-513
2509
-5942
-7998
-2419
-7626
9906
-1755
-9654
1488
-4473
-8918
8484
-6210
-6382
-6720
8851
165
8004
-4082
8441
-7913
1921
2790
-1292
151
7431
1654
3306
1109
-3917
-8700
376
4255
153
-6749
8902
-2028
3269
-258
4633
-9911
2814
9387
8222
-4869
3960
1676
2100
-5
-3962
4319
-8913
957
-1505
6275
-9089
-8701
-9856
686
-9910
-9347
4243
-318
1127
8621
-8327
-5097
7419
-8003
-9456
-2212
-6252
-7612
-8944
654
-8427
-7252
7652
-673
-6607
-1784
-4588
8097
1927
-4464
7006
263
8250
-5631
-340
5958
-5561
6117
4595
161
2841
-8634
3711
840
-6284
-9765
-5704
-7110
-9196
-3362
993
2173
4684
611
-6615
7266
-6112
3859
9613
9985
-9247
-4999
301
4975
2539
7182
-4635
1145
1453
-6639
417
-2454
8382
-7829
-1336
8138
-6902
5344
7123
-9806
919
-70
2879
9728
4057
-3554
-3696
844
8959
8011
6228
3459
-1516
-1039
-4493
-2547
-411
-8626
6763
6865
1844
7735
2989
998
-8441
84
-4268
-1596
-4902
-1187
6624
-9085
7779
8194
-8973
-6951
-3263
-23
9855
6524
4553
9002
9269
-1338
-4046
-3546
1987
6251
3840
1552
-9035
1430
-8738
4142
4906
8101
-8527
-2449
-7422
1893
-8380
1771
5739
-9846
-2261
6187
-5480
-5485
-3460
3134
9743
8516
-7476
-4451
-7769
-8716
920
-3782
-691
7016
-5130
385
6702
7171
-7663
6559
-3044
-2769
4518
-9634
-3585
-2304
6155
-8254
-3627
1604
-151
8336
1230
-1560
4938
9018
391
8951
7347
5817
-1547
-4070
-3282
-303
-9970
3891
-8150
-1243
-9570
-8783
-4827
-2789
5395
-4779
-6910
4270
-8498
-7547
2513
-9511
-3461
7941
8729
4942
-1785
1100
-6599
2291
7050
2228
-5907
919
-755
3473
-1184
-7808
954
-9134
-7265
5868
1531
-860
2149
-8725
-8364
7506
5520
5945
-4672
-9681
-8231
-1389
-4597
6556
-8475
1937
4587
-6055
3063
-4485
-3401
-9847
-9553
-4040
590
-4579
-9103
5113
-3695
1904
4128
670
-3308
3689
143
1180
9193
9363
4999
-6131
-4621
9483
3673
4389
-7094
-486
1816
-8919
5520
7068
1856
157
-4555
-6102
-9267
-3151
2879
6835
5978
-1040
-8821
-5920
9581
2193
8625
9124
2527
6973
8266
5822
5570
-2843
5117
7192
-781
395
7957
1525
-5080
-9200
1851
-6239
3251
7664
155
-6683
1425
-990
767
-3223
-4356
31
-7535
-1665
8987
-7367
8695
4202
-3032
2597
111
-4111
2813
6355
-3742
6679
-7154
4528
-8379
-8488
9571
-7304
4932
9524
-7487
-8930
-8230
3491
-5006
4966
7438
9418
-4644
-8892
9935
-6155
2649
-4349
8185
-3834
1050
8325
7906
-1054
7086
-5136
-1406
5909
6854
2053
893
2990
-4642
3481
-3051
-245
-3129
-284
-8196
7955
-938
-2646
-786
-2992
5723
-3089
8354
-5168
160
-727
9295
-1445
-6092
-152
3747
2245
2035
-747
7816
7477
3250
9201
8393
787
-8076
5581
6577
-5805
2951
-2111
-6133
-5322
-2877
61
7529
9121
-1865
630
1478
5673
8212
-6923
-3838
5087
6234
5722
-4069
5414
9385
-7965
4203
-4882
-3380
-2685
4959
3579
-9350
2222
-6873
-8422
-317
8041
1271
-3416
5812
3813
-8467
9863
4146
-93
-185
9757
-8302
-9622
-7928
-437
9495
2248
-3342
6786
7
627
-3987
2546
-2988
8719
8737
2028
-8495
6293
-2365
-7000
667
5411
9945
8861
2898
-5468
1410
-3870
-7533
-2598
-3215
297
-4839
-9500
-9111
-8205
-4260
9827
8194
7737
-3951
2365
3818
-6205
5424
-1832
5706
-6643
2381
1883
9396
5837
-4244
3733
7464
7364
-2365
973
9047
-2945
-4390
3500
-8498
7537
-4892
8732
-3551
-9470
3916
-7112
3308
-6402
2316
6093
7344
794
1698
-8722
-5892
6824
-6208
-9451
-6933
-2950
1162
2730
770
-1476
4726
-2815
3377
7508
-3350
-4975
-7408
5477
-9676
-488
-1397
-7931
6622
7532
-3795
-6586
7533
3721
5645
-5069
1690
-5432
-571
1366
-5342
3268
428
6600
4244
7791
-1139
-5927
-6993
-1755
-912
-1033
4582
-4917
2426
-1975
-3973
2890
4998
9863
-595
1538
-2244
1949
-7135
6015
3467
2050
-2736
-6268
632
-6830
6794
6095
-6667
-7813
4820
749
4394
4095
-7138
8485
-7457
-2046
2209
4495
6081
5035
2488
-1591
5815
-4906
7786
8583
9402
1698
7923
4772
1395
5464
-1518
-1362
-1555
-3059
4187
9425
163
2728
7349
-8265
-4773
-5990
5535
-4807
1916
3084
972
-9424
43
4439
6733
5512
4493
-5169
871
5191
9682
-2235
-587
-5416
5935
1719
4587
-1794
-7718
7574
9937
8501
-3910
-3181
8962
-515
-9688
3126
-9755
5092
7054
4580
2721
7165
8179
3723
4868
5657
4308
6417
-9479
4429
-2475
5957
-8151
-3117
7968
9661
-2596
-5536
9207
-7774
-8348
9978
9366
9707
6344
-7158
-4188
9257
5551
7999
-5040
8537
7383
-5519
-8037
-2001
9141
-5545
-3778
-9913
2012
-6686
-1461
-8700
-2246
2338
-2504
-5772
9055
-3563
-8357
5687
3136
9042
4459
-1040
6554
5415
-6700
-374
-7390
-2523
6554
-7636
3048
7237
2916
5969
2143
-7989
-3092
1762
5633
-2371
-8974
-2660
-6962
-7832
-4001
6628
8747
-3760
-6577
7504
-9160
-9888
-8617
-488
-8201
6847
-9728
6103
9637
-8514
-1883
-6995
7956
3074
8156
1385
8970
4857
-7759
6546
177
7200
-6535
-2256
-8889
-9468
-9476
-592
-7182
9567
6560
106
-4272
2270
4249
-4912
-9708
9473
884
-458
-3469
3605
1320
3122
-4700
-678
-9085
37
-9144
-166
8650
-4325
-9040
-5421
311
7320
-513
4740
6851
4270
6047
2398
-8137
8395
-1058
-9623
-6503
-5085
-9827
5395
-2315
-8305
-8334
-2736
-2358
3251
-3179
-3932
769
9679
-7228
-2868
-280
2171
-5971
7514
5702
-3308
-3869
-5032
9272
-5497
-4103
-8600
8793
-6523
3131
-3715
-6301
-5497
9521
-1775
-735
8703
2461
3999
-1518
2944
7007
-4445
8916
-7860
1454
1603
-5401
-534
5734
2627
8393
6925
8332
-9631
7671
5569
-9232
5756
7076
-9076
-4757
-9822
-2735
8875
-8859
-9524
7708
-2027
-9189
4212
-2649
-6505
-1268
-4242
-1870
-1869
-4696
1850
2624
-1844
2464
-800
3797
3495
-5392
-8067
-8301
-3893
-5349
5768
9917
-1502
-5969
-1068
4156
8106
3866
6801
-3742
9983
9839
9971
3986
-8819
3753
-5794
872
7143
-2144
-7666
7005
7251
3137
-767
-6088
6359
5658
3913
-6966
4892
-5179
-1467
-4722
-1162
3388
-5348
9604
5762
7173
-542
-1864
-5973
-9162
-6962
7430
-3787
3876
2856
-9244
-6490
-325
-6506
-6589
-7917
9974
4050
-6580
-2228
-1863
-4869
3196
-1121
-9915
-471
3217
-8592
2946
8541
-8314
-8067
432
-954
603
-872
-7496
-5668
-7093
-7315
9549
6874
-6234
7894
3001
2860
-9068
-3517
-4739
9676
-8221
511
9796
1543
9711
-8129
-5208
-5871
-3200
-2826
1780
9651
-9528
5736
8080
-4599
-8097
585
2294
4647
-1528
1481
1999
2802
2296
-4965
-742
8630
6696
-8400
2096
8054
-2038
7245
-9456
7249
-4284
-7303
-2413
-7337
4595
2897
-2862
-2293
4806
-3375
2907
811
-6522
6634
8465
-7378
2998
5517
-1192
117
8843
9025
-3742
-3021
5808
711
-2810
-641
9692
-6891
-913
-7914
-8123
-2311
5614
-6414
-1806
-8485
9885
7501
-5084
-2127
-8688
4131
9156
6146
1886
9107
-5992
-6895
-1793
9077
6559
-3229
4073
7953
-6891
5172
3673
-8434
-5152
1901
-2445
3251
4114
-8039
-873
-1079
-4838
355
-6226
-5300
-7172
-9051
-6983
604
-8354
-5485
-9608
894
1543
2405
1066
7906
-6346
4484
-6256
-7608
-9813
9775
-2394
-1665
-429
3921
-6356
-2939
-6299
-109
1704
8863
4689
-5069
-175
8742
1919
-1601
-2131
-9558
5533
317
-1011
9379
1335
-7393
8224
-6852
4698
6858
-4846
-4050
7086
2564
-3000
-6948
3487
3870
8802
-599
-1874
2967
-3292
8432
6418
-1699
5104
919
-9929
2076
-1642
7220
3718
-550
-7909
6463
-4738
-7290
8459
-947
-31
-9318
-3291
9500
-1147
-599
-9254
-7493
-479
5552
3977
-158
-2239
-7477
1024
4896
-2571
251
-7300
-5765
3354
8620
2623
6803
-6329
27
-8931
-5724
-2316
571
8636
1480
-5387
2598
-225
-3014
-8966
8992
-2734
-5968
3469
-5760
-3939
-15
1873
868
-2908
-3408
9780
-4446
-5885
2735
6149
2911
-5561
103
966
-8406
5915
-9177
9398
5924
3217
-5420
-1008
-4109
14
1222
4688
-1221
6172
4007
-9625
-1476
-7963
3505
6441
7953
3595
-8049
-6762
1443
-2461
3929
-8828
7251
362
-860
-4433
-2419
193
-5170
1736
2960
4917
4487
-1762
2722
-9300
-3434
2608
9874
-9408
3951
5866
2870
4939
-6205
6309
-8316
-2111
-1007
-8395
-1543
-7373
7065
-9474
5284
-7114
8576
-5505
-5316
-1067
9298
-7468
290
-3618
2049
-9726
-1026
8287
7725
-5683
-2302
6078
9595
-4125
5957
6048
-790
5218
-2866
-882
-9438
-5678
-2962
5311
175
7317
-3637
-6278
7749
-6790
-184
-4998
8465
-4926
-577
-3119
9724
-1074
-2836
7350
-6352
8073
1504
-3257
3707
2031
6303
9886
4783
-2535
9924
4486
-4511
-883
1813
-8014
7301
8618
1039
6170
9195
-5364
1167
-2991
-6160
9915
462
6455
9816
-8153
-3925
6118
8979
-8513
5169
-1941
2048
5153
5905
-5747
4254
-6422
1282
-3207
2437
323
940
3629
4679
-6362
2491
7947
8884
-7143
-547
3931
-6061
446
1008
-8028
4772
1916
3201
-7479
8034
785
8969
2446
370
1679
-316
6407
1811
3826
-8608
144
-4185
-7119
5380
9022
8353
-3890
-1259
-3166
9507
-584
1988
5551
-7596
3241
-2517
-2413
-3404
5830
5561
4730
8378
-1931
2975
-8187
-3047
724
7332
-7541
9629
6682
1477
6282
-4283
7373
-2990
2953
-1383
843
3062
-9824
7747
5813
6039
-154
9785
-9092
7227
-2490
8063
6088
1762
-256
6255
-1554
-3055
-803
-3581
-2206
-581
-143
8296
-9075
5287
-5606
-4175
-1898
-3892
-7391
-5056
9367
-495
-1198
3528
-5089
-972
-2416
-7574
6286
5673
-891
-6044
145
1728
8578
-3600
8459
449
-1995
3254
-3592
-4166
-4756
-5514
-732
4277
3872
3101
679
-1014
3517
1199
8963
-4238
7800
7839
4030
8504
-1741
4587
4951
5311
-9507
-5993
3142
-746
4505
2896
-6313
-5258
-796
8387
-157
6979
-3658
-3047
-6123
-2580
-2134
5404
-1981
-8662
-2843
-6298
9930
-8493
-5044
-565
-4098
-1294
-7760
29
-9654
3369
9097
-4911
6631
-4444
-7002
-3772
-8208
3356
657
5057
-9734
2974
-7369
-9233
-4879
8634
6843
2393
1673
1189
7432
9994
7347
1357
-6993
-7110
-2826
2253
-3293
1303
4352
-8662
7697
-5693
-9968
-3994
9357
-1418
-3797
4959
-4800
-7129
4178
-7612
2434
-6841
1808
-7643
3036
5765
-9212
9305
9023
424
-6888
2778
-1142
-3977
9805
5010
-2279
9629
-6210
-7415
3990
337
8576
60
1489
1132
1913
5360
-9218
-9114
-9658
4224
3697
9801
7468
3849
2527
3055
9859
4359
4387
-6203
6221
606
6257
-3533
-1955
1698
-8880
9661
-8930
1316
780
7395
7732
5343
-7724
9812
-271
-5105
-1133
-9478
-8837
3276
3189
-677
-9409
1243
4360
-4502
2609
1529
1990
3067
-2410
9400
-5321
9642
-1149
8136
-2913
-714
3705
-2550
7842
2666
1583
5318
-5734
9218
-1409
5647
-6935
-6745
5916
-3614
-2535
491
-5629
7142
8954
-2748
4451
2749
-9655
-4905
-4591
8317
-804
6290
694
1520
6453
-1755
1623
8508
3289
-2608
-2535
-4054
6225
4735
4993
-4764
-3614
-9830
4754
-7496
-8855
-4202
4138
-3416
1103
9161
-9441
4751
2526
9220
-2867
-2246
-5730
9403
3344
9848
4449
-1371
-2634
5886
457
-6786
-684
-6336
9133
-6455
7027
-4887
706
5167
6841
-5663
749
-2855
9565
4469
410
1252
-1149
-1178
-9108
-8956
-6550
-3142
-8897
-1145
-4145
7269
5642
-3880
-5938
-7109
881
4778
5083
3410
7389
-510
5481
498
9951
3413
-9536
-4155
4021
9279
3442
5068
-7208
9470
5218
-3527
5747
-5410
9567
5250
-5119
4288
-1252
55
333
-4036
2397
2984
9341
-5575
5020
-8653
5807
-5192
6084
193
7201
5477
-9485
-547
-5923
-5434
7960
-4244
-9878
4229
4608
9722
2048
8812
2138
-2302
3036
9557
1638
2041
96
5817
-4215
-866
-6294
-1212
-4496
8758
3624
8936
-3321
-1435
-6091
-6310
-6233
1942
-3588
3359
8492
2639
9394
-12
9006
-8962
1386
8145
-2111
-7446
177
2292
-6057
-9907
-1933
9664
-4023
1908
-2537
-7092
2088
-4749
4323
-5041
5106
4307
-4914
3145
-5570
-615
-4300
-5796
-5683
1773
-574
9110
-782
-7657
1123
8603
3983
6691
6102
4825
-6593
-1823
-9731
-3008
-1490
5643
9054
-4499
-345
-7649
2499
6607
-3506
-8230
-1890
6182
-9194
-9211
8471
6545
-3779
6126
-1363
-4481
-831
-3229
-4352
-8497
2379
-5027
-291
-7118
-3555
-2853
-2710
6218
-6141
-4948
9018
4386
4268
-6739
-4071
-9939
5942
5977
-4202
-7151
3290
-992
5097
-8119
4891
-2812
-1370
-6030
4925
1293
-696
6941
9645
-2092
9416
8585
8986
4872
-1354
-2064
-5031
-7249
7541
4850
6428
-2284
-5839
7160
4623
3627
-4959
763
-1197
7208
9359
-6071
-9486
-1002
2840
-971
-2381
4738
5039
-7888
1239
-6799
3229
9018
-7334
-7276
3635
-6955
945
4112
-8681
-5570
8649
-3791
-6802
1492
-4255
168
3870
-9812
-5264
2999
-6413
555
7488
-3781
5110
3923
-8446
-888
-9376
1993
-1276
-5664
788
5457
4243
2096
-4942
6762
-5309
5149
4714
5672
-7191
-6483
7197
7291
8790
-4593
-317
-756
1481
2367
7278
2995
-6439
-6756
2364
-4514
205
8381
1718
1912
-2172
2615
-3623
2163
6184
1416
8907
-8692
-8574
4431
9471
2592
3640
-6498
1114
-1899
8681
7148
3423
6723
-5791
8635
5380
-121
-7063
8907
-9943
-3967
-4952
3729
1473
-1040
-2048
-8948
2860
-7733
93
-7806
6265
-4049
3935
1731
1399
-4690
8444
8254
5747
5702
3238
5798
6250
-925
8010
4637
4843
-615
3587
-3002
-822
7791
-3932
820
7073
5867
4949
2172
6552
8504
1525
2791
4754
4114
6885
-3925
-4854
-2098
6495
3895
7282
7054
3777
3843
-3379
-6524
4989
-5184
6263
2977
7583
4002
4032
-5112
-6379
-1067
6788
9382
-2232
5151
-4241
2443
-6697
-7203
-2261
3209
-6641
-7584
-5320
-7995
5660
1865
3850
9944
4130
-6698
-6439
1368
-376
-2298
8749
3203
-5849
183
-5117
-1404
9152
9072
5732
7382
-8985
-9522
7367
-4047
-2713
-2614
-3315
8562
1966
-5487
-3539
700
-8186
-6452
6642
6208
4026
-599
-3473
1081
7614
6783
9303
8502
9408
6813
-476
5896
614
182
5855
1408
9522
4324
1857
3844
-6528
-2565
-277
300
-8120
9692
-6738
-450
389
7917
4225
3967
-4729
-6221
718
3982
-860
-150
5439
7781
-3797
-3887
9417
9593
6716
4313
515
9000
-6239
6891
-6790
-8981
-1813
7048
-146
213
-2561
6582
2360
-2906
-1444
3705
-4072
-408
-8959
-3531
-495
-5783
-1372
-3372
5110
5345
-8239
-1427
-5054
5017
-9069
1658
-2483
6086
-3524
7888
3478
-7472
-7762
-593
1295
6528
9367
-6064
-6595
-4641
3767
-2953
8836
-9647
-5456
1301
-5147
1418
-1867
9711
7847
-771
-9395
3529
-6427
5559
5000
4757
3903
6668
5207
2442
4042
-1907
-8636
-3421
325
9948
-9089
1472
-9972
5686
-6649
-2231
-2892
-6658
-8989
3177
-7819
1815
-1438
-9769
8899
1902
6635
5839
-5591
4730
4673
2843
-5447
-4062
-7038
-9148
6480
-3342
8958
-8347
-3303
-2302
6616
2522
4265
1829
-168
-5974
-4362
-2750
-7683
-990
6493
-7191
-8461
6239
-1513
-1656
-7119
3296
-694
6845
5522
1656
8905
-7582
8699
4278
9719
5963
8691
3985
9085
4
4490
2545
-447
2060
2024
-8534
-5206
7850
4268
2332
1825
-2778
-9261
-8904
-8570
9338
-2041
-6624
633
9378
7723
-9736
3018
2812
5320
3083
-6323
-2045
-9649
-9057
-7795
3928
-3751
4223
6647
8415
-1394
-6080
-676
9598
-1210
-8399
-6444
9909
1186
1465
9538
5935
944
3858
8418
951
-5095
8106
2679
-1421
-1208
-2483
-6346
-8462
-2679
5681
8786
-3398
5764
-6645
5382
-5230
-4931
4042
6209
3509
-7659
-292
2891
-1344
-6838
-7582
-9345
-8041
-8098
8251
-5377
2497
-5472
-9725
-5936
-666
-6660
614
-7561
2255
3616
-8725
2342
5926
-4049
-2959
-348
-3574
3705
8472
-8750
1735
-4615
-3461
-1987
5606
-8200
-8314
-8210
-1733
6276
-4238
1251
-1484
8453
-2805
-7844
-2158
-844
-7676
-117
3249
7996
3092
-553
-5634
9761
-3375
432
-2268
8921
-9315
5507
-8138
3890
-3166
-4268
4088
2353
6564
-3098
-4968
-8386
-8742
-9900
836
-5199
-12
1906
-6655
4439
3373
-1391
-6085
-8414
5770
7733
-8890
5087
-2473
-7266
5494
-4049
7962
2242
-7627
5178
-9473
3671
7974
-7908
1007
1359
-6624
-7024
5176
-28
-9805
-9311
-7682
2597
-2067
-1460
-31
3503
-2525
850
-7338
9646
4194
-1318
-5782
-6806
3165
9668
-387
-7763
8402
8672
1824
-500
-3744
-9522
7514
5813
-1434
3397
4880
241
-1205
3456
1464
2938
-532
1650
-7308
7484
9485
-2285
-5851
6500
-2313
6534
2735
-5874
-3191
-7749
-2064
-7420
-2928
6884
-3550
7118
-3005
-562
3261
6470
6521
-39
9299
1898
6165
5308
7999
-4068
990
-1000
1564
-407
-3891
-4117
5676
5079
566
-7848
-7763
6994
-7767
8506
-8675
7671
2697
9514
-2833
8364
-1219
-1788
6300
-991
1931
-5664
7670
-9676
2654
9135
5592
4168
7581
-4642
85
-3491
7636
-1392
7061
-1005
7129
-7344
-2831
-8346
6433
2597
-7274
2821
-9949
-9808
4239
-2221
-2966
5015
3159
-3704
3851
-8465
7723
5037
2312
-5391
-1042
-8140
-7406
-5833
7885
6365
922
2765
9851
6044
5343
-5726
4703
-6803
-4657
7748
-7112
3924
6475
8759
-1706
315
9015
1109
3279
-9899
-5651
2816
5822
-9894
-9543
842
-8350
-68
136
-3498
401
-6475
-817
-3582
9858
-5818
9523
-4440
-5877
4195
4766
9841
5278
-6413
8561
-6097
-3602
978
-5541
5766
4419
6401
-1471
-4845
2180
9278
-6860
8996
-7242
-2085
9070
-4136
-8112
-3682
-2865
-1397
-2458
1906
-5813
-6717
-6772
5876
8219
5132
9678
9599
2680
-7794
-7690
4202
-4943
4971
-2958
-349
7613
9193
-9121
-6001
-4925
9703
5328
1679
-4317
-4766
6227
-6793
3354
7871
-9224
-4145
-4948
6168
-5409
7885
-777
-1333
-8908
4793
3293
9141
-5992
-2017
-4563
-7631
-9612
4953
-7018
-942
-3351
-6886
209
-4228
6800
-3830
-2199
-9054
-1807
9586
-3083
1258
-3672
4371
-2168
2913
-9207
7252
1565
5214
6836
-9821
-32
308
9377
273
-4288
9863
2036
-5790
6885
9479
8438
5509
-7797
8656
-5317
8284
-4166
-1020
-3450
8463
8455
-9111
-972
-6073
7186
-9613
-5612
2903
-7437
7532
4890
-1140
3057
1886
-1661
-3615
2518
2503
3236
-8572
4890
-3267
-6383
5346
-1597
8944
-7525
7777
6160
-9752
-638
-7096
2045
1132
-4986
-4151
-9544
2002
-1298
2741
-887
5468
-1737
5424
-2427
2473
3710
-3697
3710
-6324
-9841
364
-7828
-3678
331
-7849
-6250
7122
7994
7604
6590
1769
-4234
-5348
7681
22
6595
1468
8497
6405
-8806
813
-3856
6784
-6405
9195
-7570
-1892
4147
-409
4608
934
9169
-4992
3084
1217
3689
3353
5247
-2550
2451
-9847
-1869
813
-7988
-8746
8830
-8241
5072
-4080
7375
-124
9308
6764
1797
9786
2850
-3458
5366
-1429
5459
6114
-6410
5843
9768
4526
6958
5701
2496
-6280
-8343
54
9139
-9531
8931
-1000
7123
5387
-2721
8387
-1973
4908
8819
9490
6221
4906
-7994
915
8063
-6403
8156
4352
4904
2749
7231
9930
-4613
-7654
-4068
7178
-1164
9966
9850
6939
-2589
8135
1005
4760
-8213
3067
9750
9748
-33
2997
6835
-1583
6939
-8637
-6742
6514
6099
5244
4098
-3067
8989
-8143
6484
-4183
5473
6537
-1203
5754
4368
-6715
-6982
8033
-4356
-7417
672
3504
-2972
6406
-7319
3807
-9188
9147
345
-8506
3202
-4105
7613
-9543
6185
-6246
-2971
-8818
442
8948
2754
-8054
-9392
8520
7169
3405
9136
8397
-586
-5033
7542
-4026
-6582
6181
9271
-8487
-1615
7783
8886
2683
9806
-7226
-1925
-9964
-9440
5920
6427
7374
-8919
3551
8491
-2525
-6588
-3535
-9225
9038
8847
-7086
3155
-3224
-9862
-7712
8165
-3586
1008
-8209
-1307
6138
-4946
-9239
5054
9497
-8546
-3860
-9413
8054
6084
5679
-2116
-3175
6780
6062
7236
-6902
-5036
-7133
1354
2530
-3482
-1673
-5761
-8360
-7247
-6176
-3597
8638
-4839
-7988
4294
2769
-2043
-5706
3243
5904
-9686
5946
9573
894
-5531
7145
5356
-9102
-1033
-5551
5511
-3946
1267
3602
-496
-4717
2434
-6727
7658
5786
6479
-3591
-2960
-9471
9250
3251
8960
6143
-870
-281
-1618
-9794
-7353
5115
-1707
-2103
5239
1665
4981
-1749
9106
-3233
4932
2720
2220
-5328
-8435
8593
-8280
7056
-5573
3161
831
592
6259
4648
8356
-7949
8159
4506
-8237
3483
1381
-4173
-6148
-7420
8197
4260
270
-5434
3924
-4279
1165
-4969
5982
-8365
-5931
-4701
9361
8717
6890
2661
7461
3399
-1252
9535
-4371
2
-751
-8222
-5481
-4689
160
412
-9856
-4602
-7819
-9582
-5963
-1089
396
6308
7621
-2720
9227
476
-1180
-8883
-250
6480
1445
2898
9814
6262
-6149
-6161
-9908
-1461
-9383
3345
-4183
-4995
7943
6429
-5003
-7002
5624
-8519
6150
396
4217
1999
4683
4254
7686
8769
-6155
564
-5057
-5309
5164
-7834
9721
-4393
-8628
-483
-3680
-7125
409
7668
-2706
7823
3743
8289
-7854
-8587
5296
6950
7170
-6384
-6477
-2799
7569
-3077
6511
673
9059
2320
-104
7558
-8173
-2945
-5999
857
-4485
-6320
-1338
2666
-4138
8679
1032
-4812
8003
8744
-8856
-9642
4691
2564
-308
-4764
-2408
1774
-6852
-9987
7731
2548
5706
-1528
6589
9400
-5036
8539
5201
5385
6449
-4474
-3171
9184
-8404
6454
-5440
-1314
9222
-7610
-6443
880
-3023
-2474
-920
-2404
-1322
-1702
3928
-444
-952
3993
4616
-9027
-5938
-8822
-9079
7904
-5440
1689
-316
5259
4628
5040
-1423
8401
-5663
-1303
5737
1542
-2351
8972
7479
2270
7778
3129
-5132
9355
-7997
1361
-2139
-976
1116
9986
2924
8213
-8880
6091
479
-8444
7063
-7925
-8904
6681
-3631
4830
54
-1337
-7455
3515
-2987
6950
6741
6503
553
-7315
-3804
-3502
584
3418
3333
4510
-4197
6728
-7311
-4059
3617
7264
-3651
13
4621
-5222
-2142
-5883
913
7559
2324
3869
1902
2883
5913
9977
-3953
4199
9033
3145
-124
5534
-4339
8154
2134
2473
-480
-8916
5421
8798
-5208
5585
1476
-8305
1136
288
6809
-1015
2234
792
-4789
-1196
2825
1944
1870
71
-226
-957
6419
-1487
1256
-7896
-7511
2981
-9132
-1149
-2077
-5403
2000
-2362
-3133
239
5168
-6435
-9237
-9319
3748
977
65
5571
-276
7751
