-3014
-5013
-2707
-9805
-5860
-6475
5811
4850
-2153
767
-2862
2644
5661
-5840
-481
-4261
7564
753
7687
-2402
-6025
-1015
-5768
6548
9103
6650
-6371
-6109
-2752
-8378
-9734
4220
4897
2709
-3509
3763
-3402
-5960
-8835
8311
-3795
9750
2386
-190
4035
2549
-3215
-1396
6878
6643
-7128
-8023
8439
8812
1603
6773
2901
-2729
-2421
3127
6464
9446
-9161
3738
8403
3442
-784
8893
4406
6126
-8837
780
4859
-5495
-1205
-9661
-392
7073
7761
-8503
-2398
5776
-8649
3222
-4280
-6006
-8584
-8885
-6527
-215
1833
-3428
-1734
-7754
-4149
-9767
-9596
-8526
-3384
-8734
-6443
-6909
1833
-2722
4300
8669
3468
5776
7795
-1045
4850
5102
-3375
4080
8329
2475
-4991
-6784
290
5949
5718
9605
-3836
7030
549
-8275
-2122
-9112
1301
2198
4035
7732
-7537
-1620
4144
-6479
4357
4559
-5767
-4504
5783
-2043
2193
342
-6175
5399
3402
3449
9055
14
3489
9532
-1399
8398
-2570
-1894
-7461
7392
-7988
3060
-7140
5358
2979
-173
-6423
2360
7261
9222
-9931
-2647
6950
7712
873
3508
-5705
-6679
-3953
3648
4113
7846
4153
-9451
6810
681
-4870
-1473
-8541
2068
4575
-7495
-408
3395
559
3569
9588
6992
8694
1644
6295
8594
-3707
-2628
1493
-6816
-2909
-1246
-3309
-9574
6562
-3535
7343
1792
-8859
-8009
-761
2416
-4265
-366
-3800
2070
8435
3327
6590
-3839
3556
3819
-3472
7129
5840
-129
-8359
1171
7020
-6944
-462
-5855
-3183
-4797
-6762
6644
3174
-4495
1663
6301
1763
1014
-8564
4664
-3221
-1804
9931
3982
7193
3998
-4603
-6934
-6572
-7338
3901
6926
-9019
5526
-8523
-2151
8324
6285
2192
9256
-5331
9191
8327
3050
4880
6483
3182
-3293
7772
-7304
3103
6868
5931
-9923
5965
-7875
8918
8268
-8757
9503
-8683
-6329
-9647
-7799
8692
2355
-7376
8184
-7274
5150
-1503
-2861
-8683
6688
9722
7441
-2921
-6856
-705
6394
-9718
7841
-4650
9142
-3041
-72
-996
257
6449
4572
-2601
9925
6645
9543
8959
-1637
-3714
5167
-2790
4640
-8018
6638
-5442
7896
4637
-7725
7727
2256
-9476
-1434
-5344
8089
7175
7758
-1409
4951
-4297
2972
5988
2454
6775
-9256
3680
7554
527
8936
5213
8971
-6087
5899
6082
-8862
6596
-9843
-7693
-4983
-1054
310
1867
2799
5695
-7871
-3188
-2108
1702
-686
-2723
-8338
1017
-4658
5211
729
2418
-9612
-4566
5647
-432
-7149
-9758
5112
1401
-1419
9292
-7890
8494
4641
6889
-1536
7562
-2869
-9004
2387
6591
-1233
-7215
9175
-3737
9359
5029
-2873
-6867
5549
886
-6458
3111
1047
-4238
-6184
-1712
6823
-8781
731
1818
6267
-6053
-241
9649
2997
-3375
-4689
-1472
-8928
3900
-8677
-1811
-6567
-9927
-1160
7748
-147
-5561
-8294
3954
-6499
-1708
-6473
7346
-2361
-7304
3372
-4642
4192
-8112
7259
7484
3859
5683
6660
-8069
-3144
1561
4257
2634
2411
4640
8034
-3014
-1192
-4261
7434
-452
4583
8594
7880
-4583
-9337
-6368
5323
618
-849
3836
-2648
3040
-6342
8691
-5587
9678
1040
-84
-3209
9183
7144
1555
-1501
-6591
-4841
322
-7146
-7942
-3310
-9574
-8037
-7610
-5443
8931
4063
1186
-9635
7261
-7754
4955
-4005
1722
3974
-1231
-9389
-7376
-5390
9749
-8033
7445
6137
-9610
3017
-2984
2649
7721
-8744
9993
6929
-5930
-7005
-6508
-7221
2605
-26
-6546
-8219
-341
-2771
7956
4385
4387
2594
-7058
7440
7649
3948
-6420
5612
272
-1680
-8490
6840
6668
5905
1503
5242
-1878
-121
-4255
-1099
-8155
1040
-2720
-8599
2431
-8876
214
3462
-8188
-8673
-306
1750
-4669
262
-3749
9066
-7441
-9160
-1250
5044
1199
-5498
-3510
3298
4930
2478
5292
-5430
885
5764
-6291
-2785
-8111
-6899
-6119
-1431
6198
-5879
-3631
-7849
-4547
-4192
700
-1529
290
-4010
-6074
-1864
4915
-1957
-8600
5673
-3856
-5795
7559
6709
-2316
-1227
-1282
-1139
1420
-8022
-3039
3290
-4528
5397
9118
8287
2057
5969
5558
3350
-5539
-146
-2161
-1542
3315
-5562
6635
6375
-2610
9836
5613
2436
-2691
-9803
8355
5004
-6300
-9752
900
-6274
6340
-9123
1355
2278
-7700
2698
-2505
-5146
-8976
8771
7210
-9436
-928
6100
-3345
5264
-7939
9837
8569
9827
8265
1198
7953
-8967
7827
-6049
7268
5736
-7343
4527
-1694
-5917
-2848
-584
4889
-5120
-7190
-3649
5416
7351
1333
-569
-5942
4955
2177
5144
-4119
9220
-5429
-3699
7140
499
-9636
4108
-4031
-6880
-2004
-8485
-529
-5897
5234
3312
-1924
759
-9808
8212
129
6938
5577
760
-6365
-4947
-3202
-8166
-1097
-9520
9975
4664
5976
5864
4942
-5668
-494
-7131
-2482
3268
-6575
7150
-3555
2583
8945
-9187
6867
-1692
1934
4648
426
1795
2602
-6235
-3042
-8818
-7055
1926
3444
-3057
3175
-6771
-8114
5222
-4866
8227
-3629
-1119
-8501
251
4445
6785
-4691
-7544
-1628
7549
-1405
5304
6360
-3863
-9475
-8725
-3907
-933
5872
-2014
-7080
-8621
2316
-1027
663
7263
-4529
4027
7394
-5608
4812
-1161
3193
-1626
-9912
5837
1260
-817
-5875
-6526
-1910
-109
9628
6087
3429
-6383
844
-5899
-6979
9298
4375
-798
-323
8550
-6257
2387
-8365
-8002
6494
3902
-2430
7761
4828
-21
3408
-8191
-3047
-5498
7287
6305
-6347
7011
-3952
5636
-4813
3883
-22
-4115
-4300
-581
-6637
6974
5250
6594
-1293
6046
7914
-8095
4837
-2983
-7031
2805
-1354
1520
-3065
-2261
-1425
4306
-4776
-2946
-8920
-9741
3267
-469
-7893
3986
-2065
3030
-6641
7545
-2896
-5729
7368
1566
1887
-568
-4266
9297
-4526
446
-7713
626
-607
-6458
-8439
-2284
-3289
-5557
-9056
-3820
6606
-615
-2780
4282
8285
-6088
-3615
344
-5331
6630
845
4853
891
4966
-7883
3738
-5656
-6203
8608
-8623
-9924
3525
4158
-657
-7477
7803
-3844
-1947
882
2966
-1871
-8500
6829
2332
7909
3930
-5273
-2987
6483
1279
2318
-643
1023
1125
3798
-3644
6572
-2212
8605
-2129
-9992
9814
-5045
-3940
-4361
-3738
-7692
6014
763
-9190
1848
2249
7669
-2404
2264
5899
-3373
3231
-4259
6079
-989
-7330
1710
183
-2713
243
-9603
3483
8777
3615
8500
6041
-1589
-9523
-567
7042
-6900
5474
3295
7300
6420
-7291
6892
7340
6554
6958
4096
-7839
-8824
-6698
-7353
7600
6910
1005
8149
9955
5726
-3983
6046
143
-6812
6586
-5020
944
6972
6350
-950
9445
6213
8944
8297
-8942
953
-4525
-3097
7405
3632
-5694
12
-2012
7781
-4968
-5138
-5310
-7897
-8442
-7784
-2072
-9112
7784
-3748
7601
-5650
-4360
9393
-8859
-9448
-9306
-6576
4427
138
6148
-4582
8799
6007
6494
-4410
-374
-4791
-4785
4800
9125
329
-9376
6433
3506
-4621
-1927
1189
-5843
5322
53
-7809
1119
7514
5349
7196
7539
8759
1689
9035
-4507
8624
-4799
3342
-5278
5064
4237
2067
-1800
-8641
5916
6223
-8795
-1801
2711
4795
1588
7767
-6471
-1291
1235
4830
-3622
1560
6191
-4526
4593
7131
1532
5162
3060
-691
-8719
1347
9167
6633
6626
5989
-6028
-1216
5458
-3474
2764
-208
4537
-6666
-3494
-7755
-4211
-6628
-6104
-9355
3164
-4837
-4053
3696
-8576
8768
8303
5438
2079
2087
9340
-4249
-9945
313
-5170
-6444
2047
-4011
9674
9331
-6872
772
8418
7794
5296
2913
1207
-9530
-3689
5059
3910
9727
-9989
-5175
-5812
-1549
-5896
-47
-2112
-322
-3367
1371
-397
6256
-4199
-8099
-1977
8752
-8652
9976
-5420
4161
-3643
-594
-4055
9251
-2511
-7439
9136
-2990
5447
3837
9311
-6169
-8300
5953
-1881
-9677
-2297
-9495
6581
-9776
-5639
-6183
7589
-5556
9968
-2613
5420
-3344
870
-8129
-2003
2974
9088
5653
8086
3482
1469
8094
7744
-1701
7300
3122
5800
-4106
-9812
8845
3922
-9900
-4556
1715
3537
-8903
-4320
-5485
-9751
-4307
-4717
-9273
-878
3876
-9953
8772
492
-9437
-962
9661
3570
967
-3549
-1731
-218
-9907
-2511
2788
-2228
504
7354
5210
880
-9639
-3237
2930
-5193
-2659
1861
-2343
-7987
-3776
3206
-7360
-9259
-8568
6066
3630
-9832
-6301
3445
-1386
570
-5185
-6547
-8314
9098
5068
8165
-8805
5214
-3557
-7236
-1864
5117
3632
9761
-5373
8919
3345
1436
-4305
-9421
5305
-7341
7472
-5091
-1019
-9409
-4699
568
1009
-2442
7314
534
-3143
2301
5779
9373
1190
5074
686
-1232
-1898
-6246
7184
-476
-5386
9018
1883
-5335
3181
930
-5282
-7860
-1164
-4407
-3725
-4578
-6031
-6958
-4335
7646
-4883
-7329
-110
7631
-8828
-3192
3648
-3185
4622
-603
9947
-4260
-806
-1335
-4221
-4630
-5641
497
-2242
-2995
-8221
-5525
-8223
567
2017
-4894
-184
-7298
-253
5368
726
-7418
2152
-3442
7676
-6989
273
-5506
8483
-9617
-2665
3996
6432
-8082
5781
-1826
2128
4984
7908
5091
695
5356
-3439
1679
6142
-6459
-3621
4541
178
-5018
6426
7385
-8322
-1568
3491
-2795
-1620
-9525
7515
5688
-3363
8880
-1727
8655
3791
6495
3569
4349
3493
5632
-9039
-4255
-7528
4967
-3712
-6505
-9957
-9584
-7883
5204
9504
-4511
6994
-4162
-1051
7062
-2917
-704
-7119
-9917
3261
-7633
-9779
-1331
-9776
-2270
7627
-3998
-68
7337
-6802
-8017
3533
8114
-7025
8844
-7471
5406
5290
-4416
4355
-7304
6623
-9928
-4761
3778
9100
832
-7689
4278
-7391
6009
-4839
-219
7109
-113
4202
-3384
-9016
1563
-2268
-3305
6665
-5099
-2364
2287
-9660
-9770
3451
6962
7767
-6507
-14
1465
-633
6403
-990
-179
5950
9947
4912
-9287
-4717
-2500
-8193
-2400
3370
-2590
-3790
3881
-4666
4756
-4500
-3674
-5762
-5277
-8747
5618
9011
-4410
-91
5000
-6171
7835
-2279
-9133
4000
-9641
-6057
-3291
4996
9937
-6496
8241
-805
-2250
8797
-7891
2588
-2225
-5786
-2582
1990
-4507
-7634
969
8055
-144
2833
-4389
5331
881
-4360
-7356
-1498
8651
2890
-9548
-233
-5347
-5320
-114
-3156
3572
-6569
-8023
-1932
2955
-1889
4074
-2698
7815
9940
2372
-1615
3756
1843
-807
-4708
6156
-4647
9060
2294
489
1441
7488
-1624
-3633
2975
-3691
8001
8083
-2503
-7405
2089
-9698
-1772
-42
1556
-4707
5678
-6031
8399
7499
4804
-8977
-9547
255
6748
-7736
-344
5769
-2880
-1821
-5023
9215
-6510
9953
2132
-4356
7614
7749
-1964
-7725
-750
3423
-5675
8826
1180
-8945
2884
4126
9281
3071
-9202
1297
192
3223
9408
7798
-3360
3702
-7428
-6489
-5664
596
-2009
-6829
-2534
6019
-2646
255
-5629
-7333
3127
5152
4558
2225
-4019
3256
-5789
3419
-3246
-7099
7028
4974
-8498
6328
966
4829
7888
9333
4008
-9775
3978
-5783
-1768
-5907
-3885
1566
4347
-9134
-4656
-2114
5601
275
-7012
8680
7321
-3770
-2131
-9393
-4811
3451
8554
4596
-4360
9245
9168
2752
-7247
182
5457
6925
-4920
3752
1116
-2375
-2908
-5349
-1254
9962
-2524
1054
-5179
-7267
3996
5719
2871
7480
4685
-6268
-353
-3964
6848
329
-9968
2926
4855
-7507
-360
7507
4279
-8771
498
8317
-9607
-9819
8420
790
-6583
-7704
-2100
-6299
4264
-8034
71
-6536
-5122
9659
1650
-1926
1490
-9201
-8719
-7875
-3551
3058
-5117
-9299
-1673
2688
8268
-5964
6471
5155
985
-5355
7925
-7437
680
6846
-2070
7744
-6635
-2784
3294
7609
9717
-4187
-860
6445
2997
-1278
-6567
-959
-7460
-3337
-3814
5466
8982
1794
1003
7824
-8696
-9592
848
4554
25
3350
139
-5763
7199
1773
-3187
-1609
-7399
-3967
-3327
9542
4764
-5516
-6554
8224
-5634
-5402
8823
-345
-5349
494
-2280
-4352
-2386
-4548
3153
-6041
1538
-9464
-3567
-8742
-3167
7498
-4068
8329
2022
-881
-3489
-9294
-9228
-310
-8048
1054
1201
1432
-8304
-2743
4444
-8618
5333
2077
-2341
-7790
-7078
-2491
-3442
9586
6132
8581
-1421
-2392
3912
-2460
-5603
2150
8785
-4399
-5681
-6236
2893
1701
5746
9956
3822
8698
-161
111
-2240
-1741
8805
-9992
7878
1250
-5494
7330
9341
8013
1592
-9589
-4035
-4579
-9107
-7035
5216
3765
-1562
-9060
6772
5013
-7818
5838
-326
-8542
1318
8517
1911
9684
8171
8427
-7673
-5908
-3053
-725
3002
-7319
-2751
-2213
-3659
2888
-6423
-7796
-5215
-6786
-5765
5682
-9985
5344
9610
-5849
4245
9439
-2364
-205
-1024
5912
-8858
-4192
5130
9782
-2906
-524
2259
9947
6011
9409
-849
-7923
5072
-29
-4983
7988
-5018
9912
8053
-7258
6992
7449
4804
-1645
7897
-6105
4650
-8185
260
2873
9253
7648
-8368
-8854
9742
3080
8575
3812
-8961
7942
-1908
7785
4496
-8945
7209
-7798
-2263
5689
-6683
-6635
-9994
-117
378
-491
-3114
9715
2944
2421
-5974
8559
9335
-371
-9657
8987
1690
-2816
3954
-9266
-405
-35
-9968
3361
-8380
-9606
2089
-2469
8214
8605
-5792
3451
5624
2896
-4882
-6799
4217
8729
-9770
6979
-4232
-7943
-8822
-4644
-5702
2204
8192
3249
9581
-7191
9239
-9248
7621
5179
7612
4185
-3351
-9362
740
-6985
2272
6075
4011
-9547
7846
4284
-2864
-7148
6659
3549
-5546
-1311
-8717
-3076
4554
127
-9781
8044
8925
5298
-1656
-7957
1066
-6146
-5663
363
1811
-4963
386
-9960
8843
9200
9616
-5204
-9103
-1302
-4502
-5122
9196
-7297
7792
-191
1963
-72
2871
7913
669
-1078
-8993
-4370
9540
-9384
-8168
-6232
-4974
-6371
3955
-8514
5813
297
6315
-6989
2184
8572
-3506
5464
4931
2500
-7175
-7392
-5007
-4445
-8026
-9232
605
6978
3588
5519
-2814
2727
9696
-7716
-7212
-4572
-8691
8026
2145
8801
-1537
-4948
-4226
7489
-4897
-3057
7031
-1841
1148
5359
-7245
4996
130
-2366
8731
7230
-6707
9647
2486
4094
-8963
2715
-496
-1352
-6296
43
6533
-3258
-7819
-7555
-1518
-243
-3974
9636
1777
5296
8384
7281
-8989
1270
-549
2278
9201
3900
-7116
980
-195
-9058
-3798
9089
-5549
4002
-9061
-6672
5546
-1483
-9209
-1702
-2593
5242
9237
4521
3914
-7617
-3743
4157
8705
-6176
2472
-5870
-1761
-4569
-1849
-8550
9723
-8708
-4316
-4596
8631
2906
-6044
-5521
3174
5622
-188
-3310
9519
5207
-4621
-470
-4069
-8438
-9933
-713
-2773
450
9497
1086
-5920
2214
-895
-7561
1990
-865
6474
-8186
-4691
7525
-7141
7966
-6941
9406
4585
-1438
2721
-8321
7368
-7133
-6307
-8284
8030
-1268
4142
5248
4818
8712
6805
-4943
5865
-9290
5701
-4516
4197
8595
-307
7171
3611
-9487
2043
4649
7834
-862
-956
1235
4239
6309
1745
-7543
2393
4446
3287
-6515
8921
-1340
-1582
6743
2205
-7430
-5930
9417
6575
-7174
-9845
6287
3682
-5389
-3524
-2782
9799
8753
2260
-8273
9467
2192
-4210
-5078
-7895
4136
458
-3489
6149
4127
9969
6321
6890
6811
4883
-3884
7924
-3736
6245
-2330
3546
3680
-6781
3836
3634
4398
7562
2317
5289
-5624
1796
2636
-5468
3751
-9723
2624
1334
893
-529
-8305
-8462
8184
7543
-3498
2174
2221
-7821
-9706
-53
-3454
8921
-8827
-8616
2301
-1134
-4211
4414
-5732
-5012
-899
2573
-7255
-1366
49
3662
8600
3239
-6894
1962
1286
-7794
6244
6883
1605
2567
-6034
9370
3068
-7842
4564
4169
7728
-6679
8937
-9009
-3568
-1118
-8954
7929
3232
-8007
-5052
1723
-9098
-8937
-1496
-2967
-1109
-1648
1871
-1266
1803
-4592
-6698
-52
-1316
4225
8614
7801
234
-4233
2343
-4204
2654
-6727
-1785
-2499
7846
1900
2660
-9123
1061
4898
-1875
-4570
6584
4716
-4764
8931
-5802
-6577
36
-2205
2992
-5144
-3984
-7193
-6801
9702
1934
367
4493
-7940
-5616
8653
6469
587
4502
9864
-4621
8927
8652
1658
-2436
-7329
6615
-370
216
-2519
-912
-2656
5196
-5413
3791
-5010
8684
-4133
-9373
-4007
8453
6339
1735
-2495
6860
4036
1600
7582
2592
-1572
-1121
-3929
9860
-2417
-8212
3053
417
1067
-3475
9394
6069
-8181
-6014
1367
-3382
311
9824
-4457
1883
-2625
-5781
-9300
-3395
34
-5252
-3952
-3301
933
-3109
-923
9305
-9896
4467
-155
-7135
1525
-8056
3282
-9030
-5058
-9233
-7306
-5499
3050
-7562
4835
378
-3107
1178
-9360
-8114
6498
-7349
-1326
-2311
-9064
4885
-5027
-6617
-3168
1267
8707
3315
-6753
-3135
-8077
4314
8226
-2235
9183
3652
-2623
-9538
-6441
-6027
-7655
-4331
-7677
6692
2566
-3297
-3822
-1635
965
5330
7884
43
-3991
5303
6701
8746
8257
-4601
3422
-6624
4011
6099
9771
-3124
-73
1434
-4117
-3441
-5781
-8744
-6864
-1843
-4480
9616
4830
7657
9506
-2771
7830
9
3460
6745
2038
6566
-7935
-9184
-65
-3258
1378
-5039
1905
705
-7704
-10000
-5497
7331
9309
-4341
4130
-6747
-8057
1441
-3732
-5791
-100
415
3960
-2636
6926
9847
-4547
7172
-8691
-5311
7979
-4829
-1243
8526
7306
-368
-841
-1867
-6939
1871
-6877
6793
-4967
5313
1889
4574
-340
2395
-2731
3850
3599
-6308
7914
-9720
-6056
-2440
2778
4056
-7405
-7143
8533
3514
-5675
-4248
2481
6682
-6418
-2445
9262
3577
551
1060
8479
-751
-113
7190
2313
6704
2832
9696
4578
-5786
5282
9768
9208
-7943
6347
5897
9455
-2059
-5144
-5571
-1893
834
8778
-3798
-1700
6253
-7087
-8979
-2275
-4184
3261
8912
532
-3925
884
-4127
7114
-2319
3766
-6641
-2978
-4414
-6868
-1866
-2215
5449
-6486
8337
-2511
9889
462
-2585
-8336
-1591
4709
-9176
-141
6609
-2647
471
-481
-9829
-6776
-8918
-7583
-5214
-2665
-1140
4062
6239
2592
8457
4431
-625
718
-9219
5904
-4547
6221
7777
-3801
-2272
-3017
3170
2946
-7716
-7882
4063
-9673
-5468
-3539
-7033
6422
-3419
-6255
553
4384
497
-4857
-2034
6512
-3337
2813
5680
-7334
-496
-8305
6839
-7833
4077
-7280
2548
2095
-2912
1045
-3685
1315
-7696
7716
-4679
-8763
-4744
-6598
-9435
-669
7439
-4547
-7983
-2210
2933
-1207
-1731
2949
2772
5177
640
2256
7289
-3290
2540
-2789
7539
4554
-1199
-8119
3705
-4803
-2699
-4007
-5204
6119
4574
7466
-4218
-3337
-3504
-6252
-180
-5137
4898
-765
-2638
1166
8805
-6291
3024
9759
-7927
-3298
-4954
-6177
-2389
9245
-3059
8675
7347
3715
-3027
773
8552
-5572
-2765
3694
-3362
5631
9466
3644
1593
1725
-423
-9459
-11
1908
-2889
-4731
-2828
3903
-889
3038
-4537
7770
-6097
7969
-9814
1500
5474
3605
-5540
-215
-1798
6200
6897
8075
-6939
6731
-89
-4209
4856
-4608
-2229
-1626
2899
-7515
3537
-7575
-2270
2412
-6796
-9388
1280
-8341
7450
-4323
3423
-212
-7744
3008
4869
1298
-5429
-7564
-5158
-5626
-6370
8427
7633
-6145
4472
-8667
9703
2759
-7648
-8320
-596
5503
504
-803
-6716
4792
9573
-4838
3312
-4573
798
-614
-6681
9071
-7565
-509
-4281
-5037
-6266
-6128
-4656
8225
2991
-8772
-1157
4545
6748
-9001
-8392
-880
4747
-5852
-9523
-4364
1344
460
4545
-738
2058
-7619
6608
8852
7786
6189
1768
-4625
921
-6422
364
-5099
3433
6700
-9534
106
-5567
977
2964
-5294
3720
6967
2538
3769
9442
2115
4855
-1328
-8101
8743
4823
2119
-9065
3802
-9214
5572
-7411
-8710
7297
2355
-2685
8438
7449
3698
-4542
-8010
5943
-1876
-7438
-1711
2445
-2581
8073
4615
-303
3595
7533
8
6411
7448
-3164
83
-2543
-9999
-1816
520
-7926
9615
-4379
5676
7355
-1329
-9572
2571
-668
6749
-2176
1844
-233
1585
-5308
-1554
9621
4718
-4317
-8072
-7585
2605
-1537
-8006
8058
9630
8797
-780
1975
-6206
-5838
3398
-2310
-4073
1276
3386
343
171
-2530
-5385
-3292
7612
7973
-774
-7720
-4859
1440
-634
-87
-352
3754
-7648
-2989
-7127
328
-3403
-5806
3439
-9647
-7181
8095
2173
2627
-6368
-6630
6656
-4380
437
-4037
1711
-492
8500
-3143
-8884
5694
1946
3670
8893
-14
-9978
6654
7567
-5492
-5342
5641
5181
-6261
5803
-194
-5305
-8086
4875
-5543
3460
-4096
-802
-7378
2804
2290
954
-3399
-9739
-6563
5274
6829
-9900
8663
6412
-7428
-3421
-2867
5345
-2638
-9484
-3330
-3990
-7332
7740
3962
-8519
837
-5405
3693
-1175
5419
-7747
-7112
2125
-7583
-37
4067
-5563
7503
-8924
-5200
8513
1738
4006
4365
4149
-644
4852
-1905
6424
3391
-4061
7644
-5825
-905
-4198
1917
5962
7434
-5957
8061
2321
-7149
7194
-8739
-8451
6006
-4816
6367
-4407
6728
7413
2683
-638
-8394
6816
-8040
5167
-9246
6134
1097
3480
-4234
-4295
-3986
4363
-9484
3473
6077
2520
-3734
2079
-8667
-6633
-816
-8207
6358
-9675
8249
-1804
4419
9228
9267
-1263
9580
136
6529
4270
-8573
-5007
-6783
-6132
-1423
-3242
-744
-6306
-1298
-7491
-1246
1925
4205
-501
-2800
2181
-140
1509
5236
4981
-9436
-6981
-7360
6266
-4437
-5310
172
-5352
5670
-7808
-8274
-1279
4969
8733
-3243
-7075
5657
7278
-2776
-3472
9651
8364
-158
-1364
2217
-4119
7488
-6966
3321
-5513
-2531
-3400
-8723
-3294
6673
-3686
1424
-3461
-49
7053
-2704
4102
1893
9977
-660
-37
2347
-7293
-9268
-2063
-4916
-5239
-2044
-1522
-5591
-8100
-9724
8689
-7316
-3966
-215
8970
-1778
-2405
3491
9301
9433
403
-8951
-1960
-5976
-1523
197
-2274
-2123
-4096
9132
5055
9876
-4277
4368
-9618
-8073
7932
-3666
5052
-6133
-127
-3220
-1140
9189
7675
-4889
542
8934
4061
6309
-8062
7193
-8036
-8180
3843
5038
8521
-5260
4044
3647
-2951
2097
-2366
6118
-9681
1585
-3169
7425
-1559
-4505
-2592
-5445
-792
-2567
4276
4375
-4294
6836
9939
5512
-9508
-6941
-8982
-9985
-4487
2138
7399
230
1082
2511
7113
-8893
-9869
-5542
-6303
-8376
4404
-3516
-6279
1123
-8022
-5349
542
2215
-5020
-6163
-5786
-3607
3271
4998
3304
4430
-9712
4533
-1149
7929
-976
6483
-5195
9009
-9934
-2165
-9405
8399
-2889
-9871
7856
-5149
3871
1296
-2833
-6764
4658
3515
-7336
-3461
3419
3355
-8112
-7567
7924
6978
-543
-7485
-3565
-7573
4396
-5353
-7106
-7962
3615
5306
-3055
-7972
2329
-1841
1306
2177
9183
5219
9596
-8582
-4497
7328
9903
-7610
-1473
6795
-2727
-3556
7223
-5519
-8337
8330
8300
-9369
-9997
-7185
-6146
-1528
2858
3931
-7442
195
-820
-5432
7546
9161
-9262
-1969
2842
-3184
-9721
-2820
-3721
-9698
8792
-736
5999
8280
3674
-4875
-8590
9189
8733
4013
1027
-6574
2297
2572
-2265
9404
4020
3024
5209
-1614
8823
-613
-1242
9595
-2975
-6970
-5730
-6960
-6430
1864
-6379
2423
2079
6412
9293
7198
6754
4961
-2702
3963
4786
-746
-6042
5276
2772
4281
-3679
-2443
-4273
4468
-11
-6836
70
-9702
-8387
-9138
6899
-1193
3475
-9303
-8187
-1431
3971
-3582
5386
6072
5330
-1547
-6098
8988
1081
2855
5631
192
3011
-7915
4450
1932
-3599
5606
4326
6165
-9405
-5132
-3637
6229
-4286
3146
-7891
5511
5097
143
-8109
1731
-6369
8278
5318
4423
-6905
-8362
1942
-9989
-5993
2126
5050
8761
-8817
8175
-1694
1922
2393
-9383
4753
1003
-7878
3171
-4965
-2126
7544
1046
-3202
-6460
8722
1605
6251
6351
7796
7052
8118
2406
419
-3628
2110
4045
-3792
-2351
552
4492
-38
-6196
-364
-9059
-8994
2238
4391
-3277
7311
-6924
-6657
-9411
-302
-2573
8938
1777
2048
-9836
9605
8668
-3583
-8449
-6087
-2559
6741
-4069
4170
-7375
-1194
-5251
-7352
307
6669
-8956
4242
7096
9609
-4645
-6511
9361
1297
-5356
1589
3023
-3621
-9664
-5728
1649
-7298
9898
7580
5074
851
7170
4252
2656
5797
-1584
9432
4644
2393
-6267
-8560
-6872
-3375
-3065
-4641
9126
-7566
-1133
7624
4518
-6979
-4179
3581
-449
841
-8628
2379
4094
5202
-1027
1536
3528
6776
6065
-496
5172
2726
-8419
4233
-3467
-2189
6151
-1573
240
6395
-9324
-9037
9912
-607
821
-9068
1023
-7668
-8094
1917
-4838
-8335
2100
4611
-3717
-3184
-1519
9654
3815
2002
9987
3127
-7525
-3560
-5646
4424
-8558
-5862
-8447
4466
8060
-8168
5753
-8000
-6658
7771
2304
6233
-404
8869
-6242
8605
-6080
1863
6546
8384
-4340
-2328
5425
6856
9939
-9468
361
3935
7068
158
-6531
-537
7517
9574
-8210
407
-6774
7970
6899
-6443
4715
5003
9808
-8006
8606
-6284
6182
7742
-42
7565
7549
3640
-9808
-6209
8957
1016
-9257
-1038
4096
-2012
-2645
-3480
-4592
-4199
8331
6988
9006
7528
-4262
-4980
-348
5286
1948
-5584
814
-744
-6063
-2192
-7248
-3579
6643
6489
-4396
-6687
-7769
9615
3917
2885
-7200
1123
-5228
-1004
-1720
-3633
-6347
-669
-4274
-7135
-9257
9537
9841
3584
-3166
-8522
2965
-7617
-54
3904
-642
-1212
9997
-9325
8706
-9886
7316
-6716
4644
-2710
-9222
-6166
-7347
7710
-1161
8430
5776
-6904
4694
-4186
-2845
-6335
-1240
-4472
7120
6822
-4165
-9651
7323
-5448
-1775
1067
-2569
8832
5487
8980
-3661
9847
-5784
4745
-8656
7814
2170
8771
1725
-4938
6024
-4754
6301
6377
5321
-4851
5415
8321
4367
-1054
4830
-9180
-9316
4989
-5249
-2140
7300
2355
6148
-4193
-9966
-2177
2523
-4661
9297
-3130
-5944
853
-1223
-7018
-8564
3856
5662
1621
-3542
1071
7397
272
3599
341
-5081
4874
520
-5743
1944
-3506
-6449
-2981
2618
-2831
-7979
-644
3701
504
-7389
-1632
6388
-8726
-6582
1768
7192
4397
2674
4318
-4969
-9534
8870
-5451
-9905
5262
-9805
7518
-910
-1107
-5703
4378
-7757
5220
-6335
-6369
3425
5533
7751
8501
-7389
8611
1540
7558
9171
-6587
-1469
3386
1169
6147
3741
9692
4144
-2157
-3728
-1234
2935
3096
4664
-282
-1003
2814
7980
6334
-5097
760
6133
-9964
5397
7492
-5617
-3368
8456
-2358
-6484
1499
503
-3122
-9176
-18
-7960
-7536
-9463
7889
6548
7623
-5048
-4545
5103
-8807
3202
-6437
-6240
9541
9628
7684
1133
-7007
-8893
3678
-2401
-3786
-941
1091
-5260
-6268
6916
5114
1986
-3588
-8517
5193
-2698
9317
7292
2502
2098
9448
3384
-7769
-9490
-320
2314
5890
7372
2727
5401
273
-6966
-2081
-3283
-8666
-9003
-678
-9131
-3480
-2291
3829
-9974
9731
216
-7539
-4027
9660
4838
-2620
7904
8175
-9081
-5529
-334
8764
-8563
-5335
1073
2607
-8045
3051
-5417
7633
-1746
-8495
-2520
-220
-4637
-6980
1803
-9839
-217
-2826
6465
6904
2805
9273
-1852
-3499
-7193
-8724
-977
-7057
-5111
7822
-218
2264
-1479
-1923
-1940
-2223
4703
8350
-1873
8389
6897
2778
3073
1824
-3804
6141
2350
509
3009
-2090
3414
5349
107
-4723
838
3767
-2963
6113
2719
-1767
3656
2959
-1622
5367
2832
-3828
-6788
4543
-659
9425
4980
-6079
3672
-87
-1174
6330
-5262
-5984
-1467
3597
7990
1521
-4797
-7041
2328
9718
4600
-4889
617
4335
3918
-422
255
5185
-3657
-8489
-1553
-9268
-7639
-8894
-9402
3281
-2127
8397
-960
-2675
2696
1410
8567
5027
-1177
-3955
-5988
1240
3404
8425
-4757
2628
9088
4323
9244
-4914
4875
3646
6955
6464
-1222
6532
-3646
-4642
7193
-8232
-3543
-4306
5590
-3512
-2838
-4135
5140
-2387
-5906
4280
5211
-7704
-8938
-3945
745
5391
2576
2569
4423
4695
-6155
215
1001
-1998
-975
-2915
8035
-1936
1949
-1757
-6249
6853
-6648
8589
1590
-6767
-4115
-2450
-2343
6885
-2637
8772
-2510
-864
3808
-5630
8350
2012
-86
6877
-5013
9512
-2896
-5765
-277
7431
4363
1765
-4298
232
-2980
9919
8361
-1601
5498
6673
-1521
-5450
-5276
-9285
9794
9404
3987
-5433
-2432
7715
-4583
-9549
-3686
-6498
5009
-3800
-8612
8806
-7896
-3726
1250
4530
7310
-8715
-8603
6024
-6425
9300
-894
73
-370
-8722
-5347
-9295
9128
5721
-7120
-3369
1698
-3775
6072
9575
-9435
-30
-7280
-1204
-7953
-2040
6980
7790
5049
1957
-2713
7054
-3555
6165
5068
-2124
6216
-3170
5816
-94
1262
-9046
992
7143
-9282
8476
-4670
-5399
3762
-9583
-3169
3088
-204
5350
-2876
9673
-4736
2242
-2588
-6904
3367
6128
-2417
3816
-6180
-9011
-6914
9206
2004
-5153
-5777
1676
-4905
-8138
-9767
979
-6177
-2578
-4350
4657
-6916
-7736
-8660
2835
-9662
1026
256
-4733
3335
-4581
-5568
-2579
2375
-956
-466
196
-6821
6134
1950
8103
2309
5741
1654
1389
3478
-9802
-9015
-8585
1965
1115
-2975
-7474
7450
-8519
5469
-6398
3830
8598
3969
-293
-2741
-7637
1894
8219
-8102
-284
2795
53
-5355
4195
2542
-527
-1657
5083
1980
6042
1190
-5069
5375
4679
-6763
-9944
-2024
-1805
3459
-8580
1399
5057
-5695
3470
-667
1801
-3320
4747
870
-4035
2940
-3634
-3124
-5620
-5501
-4349
-9484
7297
7931
3484
-1960
-890
5702
-4444
-1819
-431
-682
-9672
-4682
-7370
3106
4502
-8411
-3531
-8576
-206
-1320
-3300
8120
-3657
-4786
6514
-5445
8895
-5078
-75
6596
-8173
-5605
-8912
-5597
2533
-7420
4726
-6533
3085
-749
-5475
7383
8865
1250
-9392
-7369
9303
-5499
2761
4981
-3642
-204
-1398
8859
4500
-6349
-4757
9552
-3570
719
4862
-6037
237
-2302
-4537
7363
2411
4736
9947
-2986
-107
-7065
-3788
-8665
-1227
-5589
-1313
-7673
-8639
-4772
5961
-4252
-820
4454
8829
2050
7339
4079
1566
4127
8872
-8229
5696
7731
6226
-3072
3590
-3743
5880
7052
-2846
-6152
-8638
-1057
-78
-2844
-1459
-8946
8544
-6610
378
55
9952
-7371
-9115
3316
-4443
6168
-2051
424
-7304
-1090
7586
4954
-3412
-5384
-2528
-2114
-9721
-6496
9282
-6172
-6562
-119
6817
717
6917
-9699
-8095
-5163
-5832
-6702
-2704
-8164
-4806
346
-1780
5058
9054
8587
-5227
-6237
2439
5939
-4376
9429
9848
4589
-3612
-1690
-7135
8286
-8975
-1207
7243
-7320
189
-5979
-785
6464
9646
-7906
-2733
692
-5360
8861
-1183
-7752
2954
-8822
7103
1728
-9678
9854
1318
2343
-2530
8397
-7987
3979
-9675
5601
-4743
-8880
-3066
1027
8038
-3400
8515
6064
418
3641
-9565
-8848
-4910
-3199
-2190
-2701
5083
-4330
-5981
4120
4636
8420
-3417
1343
-1653
-3726
-3748
107
802
-2115
-1326
125
825
7628
-8039
1422
971
6782
8135
59
9653
-6524
-2343
670
-5797
-1254
-5720
-1177
3379
5117
6909
-7900
-7176
1051
3908
705
3445
-2911
-7597
-154
-5830
990
8933
-6271
1110
41
-4960
8002
-8013
4137
931
7286
1252
9420
5710
277
38
5461
-5481
-4603
5450
4248
8235
3547
9329
1138
379
8774
-27
4344
-3960
6195
-4453
-5344
-1799
5156
6762
3391
-619
-8303
-1041
3712
7227
2404
5142
3319
7699
3849
-3487
2451
-5440
7550
3002
-753
4200
6619
-9458
-3004
-4529
4266
-559
4958
-2244
4694
2361
6122
-6105
-7234
9462
4697
7327
5792
-9265
-8943
9670
4044
3903
8726
-4418
-5770
-7120
-2661
3955
-9749
-9450
-919
9033
-9041
7665
-6908
-1595
-3953
-1511
-5009
7524
5929
1428
5338
-1385
-2193
5211
-3926
-4813
-3269
-8053
-5152
-2976
-3433
-1641
-7323
9750
5948
9571
9227
1727
-9934
2026
2306
4456
2374
-9065
-942
-9207
4672
-2555
4281
-5146
-6232
-4260
-8239
6684
-2473
-8900
8512
493
7022
-3053
8795
7774
1979
4798
-4357
-699
115
-5281
-148
7968
-801
98
949
3413
8621
2933
-498
-797
7847
-1809
765
940
-9486
6182
480
7419
-8845
-1513
328
685
-8135
-5503
2920
-1181
171
2413
-9443
-9284
-9331
6324
-2142
-3695
8646
5630
8424
-231
-8478
6709
1003
8839
-2007
-4745
-4445
7971
5924
-2602
-8457
-8849
2316
7905
5385
-7206
-2383
-4765
-3406
-6446
4340
9607
-3549
8420
-9581
2503
-6938
-8364
-6200
1342
-9320
-5365
4326
-5014
-5120
-8280
8424
413
9062
3011
-3781
-1761
-2325
6785
-425
5510
-2172
2727
7490
-3025
7278
5679
-6399
-5032
851
8390
-4108
-4426
1012
4352
-1489
9215
-6054
-325
-3
-1564
188
425
5040
3617
9152
-2619
4719
6403
2709
-2131
-1401
-429
-7147
929
-605
7190
-4526
3975
2457
5519
9247
-8745
4565
8037
6140
-3640
-963
6175
7385
9440
-8034
2684
-9461
-6237
7031
2579
-847
-8841
-1171
-7707
-1206
9055
-6840
-8033
-2466
2070
5088
-1953
-8376
-8237
1529
-1526
-6891
7342
9285
-5044
-8710
-9566
9078
-5249
-2957
-9522
8891
-5363
-8576
-1370
-3711
761
-1498
698
-2442
9155
-3330
-4481
4782
6087
-6218
7636
-605
7167
2665
-2258
4227
-425
-3869
3940
-4340
-4110
1419
-4517
9922
7492
-6256
4467
2540
-9440
-2170
7844
2751
-3665
-5492
-1272
6310
9295
57
7488
2341
6023
3373
-3720
2342
4965
5562
-2890
-6773
3353
9897
-5596
3442
1727
5957
-5342
-1430
-4209
2795
1647
-7862
-633
-8656
9487
-4708
4148
3796
-3918
8670
2156
2352
-7668
7887
9987
9551
-9607
252
-8938
5486
-2512
-2725
-4721
-7182
665
-6999
3443
2381
7158
6902
6261
766
427
3953
2262
-478
8961
-4850
4103
-1327
3988
-390
6496
1811
1644
-3063
2253
-9043
-6292
3657
-2844
-3890
6012
226
-8218
-4432
-8091
6208
3811
5346
6038
7171
7426
4710
6428
-4701
5899
8381
-8807
-9783
-4941
-5737
9325
-3976
-4714
-1308
-7990
-809
8121
-3061
-303
-8326
7963
6198
-1067
-2243
1962
6030
4027
-5778
-7958
8478
-4216
-5047
-4961
9650
-2177
6867
4309
-1759
-5732
-7831
6449
7352
3352
-1625
3015
2994
-5266
2120
-9398
-8458
-9110
-8788
1422
-2941
-3121
3882
-9006
9703
-3597
-7028
-9081
-5846
-5691
-4287
9672
3346
9648
9033
4396
-3217
5910
4234
3069
9369
-6800
6283
-8589
-7355
7239
2161
9127
-3924
-1983
7055
2401
3374
4044
-8682
-3528
-3195
-6775
3923
8975
-3742
594
9018
3310
7365
-2446
7194
6887
7859
-2577
1806
1946
-7643
-3880
7559
5152
-3120
-6234
5358
4347
-1881
-1157
-8911
-5033
-220
-305
-6877
3294
-7794
-7864
8752
-2326
3264
5069
4355
1485
2880
5967
2307
884
6997
5843
-9605
4009
-9516
-2703
456
8966
2096
6473
-531
-8623
7006
1952
-9752
-592
-5154
-8503
1619
4855
-7898
1157
9082
1396
4327
1491
-7567
-4333
3469
-7390
-5178
-1386
7805
6688
-2047
-3022
-9943
2860
3280
2956
1688
3616
3875
6260
-8112
-6306
6858
-107
7611
748
5907
-5234
-6017
3393
1400
-5727
-5428
-981
-5367
-2753
7593
-329
-5226
-4368
-4782
-3975
1068
-871
-7513
8346
6648
6775
8499
4566
-7691
4601
3863
6872
-3497
-2062
-1248
5776
-4693
-5253
1429
8591
157
7071
-5945
3793
6293
-3300
-4114
-1041
-4533
4720
-8090
8916
8287
-460
-1492
-7266
-8866
-5086
7083
-8154
-1902
-6770
-7939
3285
6113
-7827
-9442
7384
5908
2290
8206
8047
-8011
-3474
-5922
-9936
8048
5465
-9100
-2612
-7628
-9619
4141
-9198
6477
6377
-6997
-368
4034
8953
7971
-8884
-3316
-7175
-8587
1153
9519
-161
-7013
1723
1157
-7871
6731
-3924
5392
6420
890
-6675
7844
-3618
-4597
9015
-5433
-7859
329
7167
9590
-2145
5550
-3859
6953
9381
1766
4240
-2571
3151
-8231
-1654
9632
-7174
-8841
1993
-4286
3163
8127
7588
1173
6506
-8598
2669
5904
51
7743
-5128
-2339
4003
8145
-7087
-1798
-6058
-5945
-9565
-411
2581
-8359
8459
5908
6447
8811
875
1344
484
-8783
363
1797
-787
-8288
-4331
-6027
9263
-4302
7821
2092
-5920
-3363
-104
-6297
-3680
-410
-1012
-576
-9540
3208
2609
-9714
-6284
-7802
-5921
-6190
-9780
666
5512
5638
342
3491
-4653
-5374
-7748
1393
9282
-4122
7542
5001
6322
-3441
1179
-7034
7882
-9891
-2107
-7361
5358
9537
7279
2048
-2150
-4672
-991
-1433
-7868
-4096
-1503
1501
6141
-3027
8039
-4811
2631
9835
1555
-8385
-4725
4447
-91
4482
4211
-5494
6488
-737
2587
-2562
-6050
-9618
-727
-5271
9234
7985
3958
-1726
-4514
431
-2375
7809
-295
6326
4856
2498
6100
-2307
1903
-8125
4354
6503
-4907
-3156
5858
2796
-6587
5695
8407
8426
3471
-6827
-2063
-8353
8515
7255
1730
6597
301
6217
-144
-6608
-665
-2348
6182
6346
-9048
-3767
-6236
7884
-1028
3169
-8377
8771
-2397
7201
-2799
-3899
-5803
-584
3848
2115
-9332
296
-9993
9250
1586
7713
-6118
9506
-1121
-7772
-1740
-9699
-6638
8424
-4689
4468
-7485
-4960
-7225
4197
446
-3305
1085
-2906
894
-8338
-6276
8576
-6241
4438
-9212
8169
9261
2187
-3839
3334
7263
-4791
-6117
7283
-5716
4723
8477
5847
-3085
-1756
9763
7126
-5911
3884
-4888
7446
-6780
-9424
4786
-3728
5273
8852
-4860
8283
1851
6032
8251
9616
-7515
1474
580
-6120
587
5759
796
-7098
-4260
-9755
5747
-1956
-753
-1170
959
-4977
8299
7960
-1425
6398
7143
-6965
6433
-8182
4378
3859
3066
-3528
-2465
274
8115
-4356
-647
421
4369
-6473
7502
-7590
6232
-5138
-1582
-1155
5815
3020
3813
-4598
3271
-5689
-7230
261
-1002
-3843
-7959
6965
-3824
-7581
8519
-1302
-8864
9577
-2833
-1710
-7555
-1684
-4239
-8546
8649
-2487
8673
-3210
9018
-7157
829
-7268
-9859
4137
256
6974
-251
5724
-336
-8113
1093
-4220
7408
6647
-5169
1618
-102
7379
7069
-6990
5430
9780
-1856
9158
63
-9160
6540
-1495
3597
1582
7847
-2532
-5559
-350
-5250
-143
540
3711
6739
6234
-8779
-4067
-5520
-3637
-24
-9612
4222
-1863
-3463
9963
3311
-9309
9122
2256
-8594
8863
2704
-9492
1657
6341
4346
-4807
5584
-2661
-5727
-8605
1947
3055
-8330
3839
-3841
6883
4579
5915
-1168
-5169
-4171
6501
8092
-3111
-8797
-16
-8606
-5502
-2443
-1725
8201
9725
-5171
4648
-7001
4379
1176
1088
-4084
-3305
6402
-3929
4797
233
356
-6789
-2927
-4072
8462
7605
-5280
2129
6580
-1328
-3465
-9339
-7467
8902
5435
-4861
8108
6159
-7226
-5229
9635
-4682
1692
85
-2585
-4319
5053
-2404
6277
3871
-1321
9162
-333
-9234
9321
-1475
-1097
812
5971
-5160
2952
9323
8291
-9729
-1615
4183
9329
-1719
-2125
-2042
-8155
1011
5466
-7272
3620
5461
-3972
4146
7040
-4875
7692
8660
-8576
-4695
-8331
5533
2848
4609
-3524
4262
-2903
-275
-5717
-9943
-9896
-5725
6684
3479
-6879
2161
-7828
-450
4649
7365
-9963
-1803
2255
1454
4746
272
-95
-9695
-7576
7170
7548
-3872
-9292
1174
-4383
-3409
421
-1180
-3936
-3793
5386
8326
3108
-6056
-4872
-3722
8999
5170
-1828
-4509
-9455
-3714
5727
8731
-7207
9452
145
9056
6895
7563
-88
1697
-868
-4790
1994
2300
-8747
-3176
7808
-5907
2682
9241
-5678
-7817
6976
4360
-2137
-730
9407
2339
-4943
6325
-4088
-9581
3457
3028
2197
6101
-4406
-5673
88
-978
-5950
-5401
589
7815
-7749
9713
-73
-6984
5183
-2885
1574
-2825
3305
2690
7741
-1736
-7237
176
5775
3980
-6657
2621
-1838
2888
-1105
9670
1976
7436
-4717
-1156
-1466
-5015
-435
-9157
9885
-4072
9250
-3563
8951
-8000
-5428
-9849
-8724
-1225
-367
-6003
-7398
-418
-5250
-4464
4013
-4640
-4368
-4908
8611
3033
-9389
4224
-630
7876
-2421
4247
-7380
562
-4214
2411
9541
-6220
-4574
3986
5432
6278
-3937
-3466
-2816
313
-1614
-6762
-8682
-6092
-6185
-7393
9658
-4795
-4218
-9217
7955
-708
-3888
8545
6534
-2382
-6560
-5088
7070
1574
6191
3568
9453
8252
9824
-538
7114
-5654
9672
4099
7598
-1873
6593
-4879
-7935
6735
2070
-7925
-1615
-5234
4146
7022
7038
-5826
2137
4721
-2085
-9195
-9971
-6534
-6740
-5844
-2502
-2805
-3523
-6623
-7797
-8554
3500
1844
1462
8498
4667
7702
1573
4804
5252
-8535
8337
-9244
2967
-3242
-7655
3792
-255
2662
8355
-5868
-3335
4004
-4984
7954
4908
-7894
-8438
-894
-8118
-5203
-8390
-9933
-5508
5162
-2179
-2765
-3869
-8626
-4602
-483
-5943
1135
-4172
3124
-838
-7078
-3443
9012
-866
772
-1312
-6322
-9763
3772
-4141
9896
-4576
5356
2451
7606
-5620
-543
-9058
6464
5354
-225
-5694
-3026
-6579
-5330
5059
-1631
-5041
-6903
-2662
-9675
7610
6460
-3032
-5864
811
7389
-8026
9470
-4085
6698
2006
1460
-4881
-189
-9373
1056
-550
-9723
4339
-7976
-7651
7918
-8049
4166
-5344
236
-4118
5384
-4111
-6706
-9798
-4913
-6527
-236
-4758
-3139
2295
7079
9151
5809
-3441
8244
-257
2293
6213
-7799
-9007
9815
869
8376
2227
2604
8969
6112
1305
-3678
8637
-9593
7918
5151
6709
3428
-3810
-9569
-7815
-1341
5889
-7660
6313
-8212
-523
-5657
5296
1246
-6201
9662
3060
-1406
7007
-1597
998
-8770
2050
5848
-5698
2970
7902
-1384
9646
-5282
-9290
-8434
-1900
-8433
-2495
-9141
8483
-3435
-9713
-2625
-8485
-9583
768
8446
5764
-9124
7083
-7693
-1274
953
60
743
2549
7368
5698
-8593
7734
2107
-9822
-9960
8309
9841
5492
-5459
7114
-8910
-3108
2941
-462
7249
9961
-2202
-8040
1257
2803
-8523
832
5390
6360
6861
2001
1843
-1912
-5245
9169
-8827
2251
-2820
-4976
7711
9503
7100
-7327
-2188
8808
2698
-5404
2352
5087
6239
-8140
-1666
4984
4309
-7657
-8294
9128
-7207
3223
-3678
-2429
4755
-7165
6259
-6615
8633
-8385
9930
-5187
1496
-3543
448
2096
-5083
7841
-6781
-499
-9984
437
-1816
3194
2792
2955
979
4508
-9499
-4207
-2081
2416
8499
3962
-7186
3665
-3253
-7813
9043
-8034
-5746
3838
2163
4347
5865
3173
4217
-4629
3182
9613
762
-2487
1416
4888
-669
5990
2536
2256
1534
9803
9168
3035
5667
5166
1246
-370
6941
-2717
-1750
-9287
-4762
-1159
7565
-9613
-9204
1393
9916
1838
-1778
-3048
-4951
3896
-8900
7380
1316
-5062
-4362
-861
-7523
-7482
9829
-4499
6871
5304
-406
-2588
-8967
2406
-9251
9820
5601
9244
1791
3362
2662
-14
3624
9795
8674
-2046
-5271
-5277
-5031
-930
-6724
7583
1596
1611
3509
2017
8525
7130
8157
-6553
-914
-4283
-9571
921
6705
-6962
4596
-4718
7133
-4701
7646
5933
-689
-976
-1302
8692
-7860
-351
-1751
-4351
-8682
2731
4441
5084
930
3365
-9742
-2429
881
7874
1890
9259
2968
9214
3255
-9808
3857
-6
7127
-5555
4458
4552
-4907
-3148
-3726
-176
9578
2843
-119
-4012
-243
-3953
1993
-1622
3672
-4106
900
5111
7130
-4631
4366
3682
-2820
1549
-1103
3530
-4227
-5550
5144
942
6266
4945
5352
784
-1192
-7717
-7069
-4048
6952
-6357
3135
-5002
618
-3093
-4237
7972
-7009
-8455
-4078
973
-8036
5806
-8319
6699
-7245
5114
1041
9897
-9040
-6389
-4911
7609
6631
-2288
-4774
-9033
1180
-4834
-6166
-7405
3409
814
-9200
8512
-7479
5869
-320
-7536
6078
2277
4085
-561
-2902
2992
8407
9917
7329
-3513
7880
-7562
1513
5671
-6393
3710
-9060
-886
2719
-9917
5637
-724
-8243
7640
-3052
-4019
-9263
-2020
7679
-852
-8753
-7443
-4275
4999
-2951
3254
-7413
-2867
-4973
3783
7081
9171
3426
3880
-3844
-924
5227
-7401
1555
-6615
4774
7809
6940
-6705
-3145
-3660
5720
-1326
5689
-7295
-3201
733
-5760
-5198
7091
-6562
7962
-851
-8702
5681
7631
6941
9723
9396
7125
-8631
-3403
-5018
6530
-9161
1168
1305
-9652
2560
6154
2487
6621
841
-3397
5872
30
4004
9550
5122
-285
8413
367
557
-7168
2967
-2003
-3486
8228
-1506
7532
-6636
-1710
-6048
-7828
8379
-1579
7657
-4428
-7089
6997
-8708
7210
1056
-6901
1954
-964
-434
7059
-7368
-5834
7614
-7001
-9123
-7417
-8213
-2736
1223
8103
-1275
-427
-992
-7609
5633
-9691
-8250
-7502
84
7761
5993
5897
6723
9428
-4159
-1810
-3751
-6543
-7168
8808
980
-5453
-1575
-9312
3117
646
-6247
-4268
3275
-7533
-2281
-676
5646
-2549
2444
4272
-4926
-2140
8266
3091
-3785
-5408
-3588
9655
-6677
-6448
1697
9445
-6783
9798
-3726
-2293
1915
6708
4847
-6150
-9424
8562
3780
9986
-6376
-3273
-9934
1982
-5408
-7265
8199
6397
-8380
-9426
9009
1580
-248
-1483
8750
8077
-4625
-1066
7695
-8171
9413
-6404
7044
-3075
1270
-8766
-5530
-1827
813
9933
7653
-125
-4781
8670
-1145
-209
2326
6684
2652
1684
-8307
7465
8605
3480
534
-1419
-2095
-3431
-2070
-4958
6092
8344
2981
-23
8193
2489
4742
-3109
4093
-948
-5204
4698
6838
-5073
2649
-3187
-401
6150
-3107
5231
9816
-9264
2981
5372
-345
-1086
7002
9049
-8366
3702
-3116
-7084
7759
7606
4382
-6074
-2205
6096
-3749
-3496
4855
1418
9425
6401
-9443
-4109
1637
-1113
6568
9902
4031
-8596
-3521
2442
-4750
-9214
-5543
4869
6511
-2825
713
-2887
-9350
-8881
4955
8417
6480
6609
-9063
1262
-3081
6881
-5005
1576
7676
1845
-574
-8554
5610
-4277
5104
4031
-7224
1096
-8469
-4695
-2514
337
-6183
-4124
-3700
908
-4350
-2697
6167
-947
-2873
5401
-2671
1285
7766
430
-7719
-9843
6581
9793
-9235
4357
5983
-4256
5201
-2342
9164
-1456
-249
-6845
-3815
4898
31
-1509
-1517
4364
7998
-6669
-5814
-2861
-537
-1931
-7405
7350
-7201
8625
4033
-4945
-3174
-1706
-6446
-8593
-8486
-2050
-5816
6455
-3220
-155
953
202
-1585
-892
-2901
4508
-9672
-7786
-2935
-356
8114
-112
-9016
-1238
6440
2171
793
128
2941
-4393
-5685
-792
-19
8674
-3719
-4288
-9880
8872
-4851
-4560
2112
1562
9632
-482
-5077
-1701
-9729
-9506
4384
-3639
-4227
7647
-5851
-9231
-1436
-2551
6375
5952
-5426
-1172
3681
-109
8618
9562
-545
-4725
1948
2906
9269
2173
-6163
5877
5332
-848
8396
9259
-84
6971
-2303
-1008
3768
-1705
2772
-7731
-9657
-8525
-5579
310
-8545
-5762
2805
-5784
572
-7289
8386
9692
-4731
2852
8404
-8841
4709
-5379
2545
7568
-2067
2993
8937
-5406
-7945
3053
5615
-6351
9442
1128
-4067
-9427
9813
1519
-1840
632
-6808
-2428
3542
4139
-912
1873
5716
-4036
-5043
-2296
7118
8817
1847
-9060
7699
-4465
-3546
6942
9202
-9307
-5958
-473
-9462
1213
-7878
4004
9058
8539
1462
-867
-951
-9061
3090
-738
-8810
8859
-4580
264
1137
4108
-3093
1942
4268
-3339
-476
-3742
4144
4889
-1772
-3537
-8155
5853
7439
172
-8323
-3471
-5957
1985
8620
2246
4932
-8812
9088
-2088
6218
-2246
-6882
7423
-9049
4639
1142
123
8937
3894
1431
-9671
5625
-91
-9096
-3266
8378
-2341
6183
9037
6106
9102
9766
-5977
-3864
9446
-3052
-1209
-7465
-3014
-7817
4358
3267
9614
-6013
7173
5982
8583
-9153
153
-8311
4810
6875
1290
-4981
7776
3700
-373
-850
5522
-4062
5421
-2208
5882
7269
4230
9842
9000
-5551
2834
-445
-5491
674
3000
4532
6176
-4950
1023
-8167
7740
6609
7926
1595
-1768
-6843
7771
2916
3727
-6301
-1465
-2803
9418
-2981
1062
-9259
-6349
1847
-4191
-1303
-5563
-4248
5921
-3651
-1139
-8526
5898
-8036
6071
8294
9634
6433
4153
-6307
-9101
8594
2392
1579
-3844
-497
-1497
-2741
-7573
-3092
1806
-8504
6317
2128
-5775
-2972
5401
-5336
-8517
-1205
-2219
-6644
2508
3942
-5100
8142
-8014
-6011
-5712
-3112
1338
9608
7036
9627
-5961
552
-1487
4928
7243
-3945
-4718
9576
4190
-2923
3279
-6755
2709
4194
1666
-9884
-7664
3781
-1169
-8726
-148
3527
-8745
-2047
6764
-8843
9537
-1896
3600
-6756
590
96
-6779
368
2475
-1519
1226
2058
5722
-1212
5671
4504
8271
-4464
-463
-7716
9103
4556
-8818
4846
7658
-361
3113
-9020
3605
-2263
2957
-8994
3764
1427
-9074
8887
4508
-3433
-1546
-623
-1526
-5061
8617
-9992
5698
8668
4890
2563
804
6100
-6652
-8220
4820
-5336
-2212
8449
-1045
7695
-6394
-1932
641
2941
-6626
5434
-919
-7943
3017
6384
3493
-5949
5520
9070
3884
6217
-6984
-6372
-1765
808
-1207
2123
-1688
3430
344
8616
-9484
-9946
-8002
-7400
-8631
-2091
9913
6831
5117
-4472
892
8895
1694
6846
2273
-5640
-5092
-2539
-8548
8277
2878
-847
-4209
-5917
-1904
9594
3537
-8357
7256
-8704
2399
3242
4350
5014
4188
-286
2263
7569
-9027
5665
-307
-9526
4100
9976
-7592
-3295
-1477
-7017
-8770
7315
2114
865
3837
-3709
-5997
-4150
8654
-1719
-6235
5082
-7019
-4276
2328
-9583
2586
-3568
3690
2213
8731
-7022
7895
5883
-9330
4267
1351
4504
8439
-5789
-3037
-2383
3737
5245
-2136
2020
5014
-2126
9389
-8079
6949
-5154
-8938
2146
926
-7396
-8275
-1076
-8100
7467
-2582
-2669
-5804
-9880
-2869
-2629
-3131
-3938
-8561
-1230
-9972
-6664
-1717
-3730
-2987
-4494
9938
-6566
9528
-3015
7786
6085
8982
-9809
-9920
-5308
1186
-3012
6193
-2551
8141
-5119
-2318
-6907
-6690
9446
-6652
-6587
-6171
1875
-4224
32
-5547
-1068
1457
7099
-1311
9437
-911
-5882
-9387
3782
-8673
3028
-8306
8192
3015
2726
2412
-2948
3759
-3143
-1851
-8514
8902
8831
-2381
4635
-9284
4294
261
-6262
1411
3989
-9747
-5606
8115
3690
-8446
-6934
-9825
4634
9290
3384
-9318
-2060
3663
-931
847
9082
4088
2285
-2248
8537
5119
9405
5853
1435
1980
-8573
5358
6202
-1671
6736
5589
813
-5791
-746
5648
1059
-4373
9707
-8500
4407
-6810
-369
791
3286
-9563
3596
8640
-7031
3477
6987
8834
7928
-4551
-117
-8765
-7385
1635
-1621
-4215
-786
-8215
-3886
7346
714
6368
6403
9882
-4121
5686
-1592
7020
1416
-8944
339
202
-3967
-7804
8948
-6719
-530
-2178
-6220
-1741
3129
-2685
702
7777
5448
-5625
-6320
-2186
1321
-5041
3090
-1015
-5148
-5105
-133
-4889
-9896
-571
7817
-5940
2881
-7623
3729
6385
6352
4635
-9242
9117
2330
4093
-1677
-9611
3002
-289
-3182
-6196
2265
6013
-561
956
4797
-370
-7937
-1855
-6689
6347
-5422
1947
5499
-8637
-9073
9142
-1448
7123
7498
2254
-4186
2382
2662
-2540
-146
3451
6164
3923
-8012
5579
6486
3703
9359
6909
8313
9141
4392
2473
-2444
-1791
-3773
296
-2504
-4672
6767
7141
2745
-5166
-6225
-4258
2101
4576
-4452
-7878
2424
1477
-5507
4093
7497
5416
-1357
-2456
-9923
211
3645
-8233
-1766
-5572
7246
-2835
9522
-4478
3174
227
-7581
5650
-6204
1978
-7621
8410
2387
5741
-255
6266
4672
5908
-5098
6552
-9702
-3008
-1637
5741
2822
805
-1576
9707
-1418
5365
-1274
-219
714
-1906
3674
-8644
6640
6407
-6154
-8973
2917
6428
2244
1187
8671
-6370
5747
146
7322
7618
5114
5790
1586
6618
5564
-9860
-5450
-4065
-5685
4283
6640
5500
8149
-6624
4611
3681
-6767
-7031
-9800
6939
-4345
5622
5412
908
-26
-6978
-2060
6930
5863
-3690
9474
7209
3701
8374
-6797
2905
7014
-3167
-541
-1929
9312
832
6786
-6617
-8968
-8797
-235
4600
7469
-8819
-6360
1944
-7315
7907
8455
6357
-2242
-6794
-3488
-2583
9242
2962
3099
4760
-5181
-9103
6034
9655
4355
-5587
-8229
560
4709
-617
-2952
-9745
591
5588
3913
-9801
-1873
-8330
-9827
3651
-6915
-8142
6181
-7948
9960
-3347
3894
6009
6290
2269
-3641
3959
-7988
-2091
520
3466
-7180
8239
9396
2968
9673
4850
-8503
5203
-6277
-9189
-153
4164
-8430
-8551
-5359
5650
-7452
-5189
6844
-581
8152
4675
-9404
1837
346
8753
7010
6
-7129
-3595
-6361
1120
9650
-3184
-7157
6425
8363
-7581
-218
7096
-2138
4106
-8265
-8089
1840
-7237
4802
-1808
616
4197
-4504
5567
-8430
6933
9986
6914
9571
2136
-3064
-8108
7119
7744
-1476
-448
-2746
8824
2897
5355
4647
-3915
-7293
-8669
2866
-767
1577
-3599
-8267
-8136
-4362
7741
5270
-4306
7208
-2501
3062
1067
8417
-9656
-7925
6358
-2738
-6223
3384
-1751
-1860
-5390
-3208
1162
-6682
1573
3429
-220
6938
5866
6615
6584
-3127
-8908
7892
-5429
-4273
7785
8286
-2156
-1714
-5038
4137
6651
7293
956
-8693
-5320
-9984
-8664
-2481
-7030
-7634
-4228
-5990
-2062
2336
8447
2037
9092
2847
1583
-9735
8105
2404
8869
-7009
896
-8265
5122
4876
1179
6097
2447
-3969
-9537
-3913
-8161
-884
9773
-7498
-4261
4122
1177
-2384
-2017
-8554
-6184
-1176
7571
8461
-3251
659
3791
-1052
-7532
4815
8411
-3654
9699
-4126
9403
9526
743
1739
576
3447
-3945
6982
-7247
4623
673
4103
5166
-2470
5842
5400
7084
-813
6380
4051
-1561
5077
2399
-364
-7808
948
918
-2853
3518
-8472
6934
2356
-7316
-7940
159
-8551
-2489
-9456
4670
-9441
-1170
4621
-8941
-9735
-298
3027
-6080
1396
-5902
-9242
2661
-5607
5665
-9091
9678
7084
1804
-3602
646
8209
9112
-7162
7848
-7361
-4135
-9150
-4209
7838
-6865
-4596
-7978
9924
-8656
-990
8430
-5235
849
6988
-4490
-947
-1478
-880
9073
8123
3916
4076
-3273
1948
9810
1709
5316
-9123
-2836
-4055
5912
2180
455
5765
1617
6493
-6538
-8563
-8441
-3446
3736
-8056
-9585
2999
-973
-5442
-6461
-8603
2072
6732
-2038
1845
6407
-9577
6510
6572
-4997
3899
4486
-6054
-4891
-3418
1824
8832
9981
4376
4635
-495
2673
-749
571
-255
-7666
-9635
-8172
-3424
-3898
1402
599
-7239
-6770
-5533
2005
3072
4346
2517
1063
9453
7554
7365
5381
3306
1635
3337
2788
-3043
4733
-4784
5652
-5670
3407
-7888
-8514
-9884
-8998
-7880
7441
9037
1788
-4584
-7587
5974
-4308
-41
8398
2447
6062
-4648
-2371
-102
-8378
5292
434
-8177
-7947
5634
8644
6741
-1182
8143
8052
-6427
2175
9874
-8883
2438
-6461
4698
4765
-6296
9467
8044
-4335
-4035
3554
6685
-6302
-2200
206
1199
7057
4176
2103
9058
7998
-7374
3229
8782
-992
-9132
-4737
5330
3239
7922
-5162
8993
-9535
-1458
4986
8714
3170
1795
-9271
4145
-7812
711
4275
2106
4586
569
-5652
-3522
7844
246
-6261
-6009
-4726
9920
-3560
9254
-204
-5157
1293
919
-5761
2826
-9681
2208
4373
-2247
7060
-5085
8676
-2569
9431
-2952
9739
2842
-5953
-858
3384
1744
461
3379
3072
2811
3196
-9220
-7682
-174
-9032
-4368
9393
8323
-9868
-1344
1676
5428
-4223
5159
-3820
9300
-5088
9094
-4554
7230
-9320
-7580
3212
3039
7521
-2360
5586
7786
-544
-279
-7418
5264
-1725
-5734
3259
2112
-9062
9829
-421
4083
7033
9952
-3994
-2334
6094
1674
-9392
3030
-3068
1145
2302
1408
2769
-5056
5715
-4222
-5515
5682
4295
4683
-8879
-7970
2632
-7945
-2525
-1431
-6717
-2869
-4521
1551
-3161
6809
1287
1138
5673
3264
-6932
-6549
3549
-3853
-7352
-3848
8853
-849
-2004
-8099
5316
1517
-5004
-7680
-3310
8442
-7209
3779
7007
-6987
7340
-8594
-6215
-738
2113
-4464
-8901
-6159
4545
4826
-1786
-8437
-7261
5896
-3604
8642
9975
-4932
-7051
-9653
-4345
1283
-7029
-4128
2292
-2338
-9954
-6401
-6452
555
3439
8539
-4500
-5630
-4970
-3890
8228
2737
-831
-1516
-699
-8552
3151
-8702
1554
-5929
2069
9424
-6231
2308
4813
-9250
2311
-5145
-7021
8320
-3351
2619
8042
-9898
-3197
-6951
-7289
-8353
-2648
151
-7436
4909
-7252
-6710
-3421
4440
-9096
-4712
1404
-3737
-9211
-4665
1608
8463
8954
2846
1552
1020
-5856
-3031
-80
-1054
-6836
9497
4567
-6102
329
2522
-4902
5843
5804
-2243
-571
9348
-6341
5229
-9891
2341
281
-6213
-6135
1171
2091
-2024
-7535
-2323
-2021
9172
4950
-9439
-8393
3923
-6245
-1609
5718
-9873
2949
-3346
4424
-5641
9104
-5293
-9702
5674
-6992
9648
8107
4868
3602
424
8469
4147
-4870
-7260
6022
9936
2548
-5849
-6321
4302
-648
-9789
2581
-5778
7180
9585
-9443
-8222
8057
-5524
-5351
-472
5135
1004
9865
-7105
-3976
3961
2552
1562
-2788
8407
-5938
3375
-9767
5667
-3226
5323
2573
7182
-8966
7274
5377
9095
7816
9057
2920
5147
-38
-1452
6989
5461
-7091
9565
-5629
2808
-47
4108
4494
-4112
7202
3668
6583
-7570
6908
7791
-6620
1848
9837
-5677
5201
9529
4804
33
-9420
-1997
-8787
7097
-4984
7224
-6390
-116
3814
4141
948
2982
5709
9860
8507
2230
-631
-2642
-3399
5860
9245
9361
5244
6404
-5307
-6310
5069
8157
-4020
9810
9234
-5128
6640
8098
4274
968
-8838
2023
-1024
-7619
622
615
-9433
-4222
-5902
707
8844
-781
2499
5388
6310
9952
1559
5868
2146
723
4047
5296
-9430
-9356
4926
-5931
-9320
-6248
7688
-5750
6588
914
-7220
-79
2735
6477
-5910
-1617
7054
-2361
-6115
9015
4645
-6844
-974
-6536
-2777
-3672
7240
-1959
5641
3332
8378
9706
4048
222
-4757
-6345
9849
-2679
-7206
9130
-6007
6376
1606
5555
-1779
-5745
8224
-6562
-7641
-5833
4568
4218
-9943
-3705
-3264
1894
8532
-8365
3758
293
9319
4637
5552
3737
-4439
-7417
-1187
3365
8375
1423
5686
4647
1819
6253
-1053
3294
8405
9155
555
3908
3926
5023
-6974
298
9820
-8709
-5954
-927
-4128
-3170
-3925
-3084
-739
-209
5687
2548
9823
8445
-1388
-9300
5783
-8100
2792
1084
1447
1055
9111
4351
6358
-9242
5953
-2734
-5916
4714
-9658
-6312
9004
-6291
-2134
3321
2241
-9403
4077
-8457
5663
-4848
-5115
-5826
5729
-7239
1643
6857
2768
-1092
-7953
-7466
-3401
-6395
-3770
-6500
-194
-3757
-5675
4036
2446
9925
-1413
-8864
-2956
-6864
-1475
750
-7411
7877
3187
5824
-868
6795
-6247
-3028
-2999
-8736
-8422
3453
8476
3961
2862
-6071
-8782
8281
-2730
5554
-432
9620
-3167
-1547
-1842
2226
-5341
-4062
8084
4779
4891
827
-5991
8851
-4398
-3741
9178
9854
-4076
-225
-4011
3845
5723
-4
1737
2115
2779
9055
1932
-4223
4491
-6963
955
7560
7580
837
-8704
-5625
4075
-2854
-6698
-2505
-9814
-7976
-6772
1711
-6731
-2639
-1284
5954
-1107
5306
9706
4732
8250
-7461
-9349
8578
4336
8349
91
-8053
7902
8
371
9879
5198
2152
8052
-843
-5718
5136
2453
1377
-7267
9507
8551
2692
-9784
-8870
-1434
9318
6625
2220
-4947
419
-9182
4722
-3966
-6626
-945
-7701
-3292
2348
-966
-8279
-1773
4329
5088
1250
-5946
6076
6395
9675
5685
454
766
7613
4115
8525
2586
2912
9444
882
1939
-8852
1600
6431
-4943
5111
5312
7024
8615
4784
1697
-4259
-1487
1373
9765
-6414
-3585
-313
-158
6141
2432
-2544
-6390
8829
3256
-6374
9675
-7443
6314
5784
3476
1695
809
9908
-9019
8267
69
4315
-3154
7388
7790
6649
3084
4567
-3678
-7132
-1260
1071
-3268
-6431
-3000
-7692
-1218
-6977
6651
129
8850
-6976
9929
-3552
7624
-4512
4067
-8537
8183
-2470
-546
-4334
5833
3881
2336
-5618
8766
7861
2821
-6140
-7228
-2303
-5106
-6231
-428
-883
-3226
8377
886
4406
2340
3441
-9673
-8285
1135
-5219
1853
-8730
-2060
-4836
-8808
-9750
-4316
-9105
-3856
-3
-7301
-9972
1979
-9863
-5667
-490
6954
-4620
-8787
3148
3537
2358
1731
-5640
-5611
-1846
9571
-4171
-220
-3440
3359
-9715
-7579
6033
2865
9484
-1240
1409
3282
9319
-1530
1405
2914
-4240
-1206
-8501
-9319
7638
3784
8053
4823
-6504
4241
-9008
8428
-8714
4214
-1107
-7191
-7679
-7476
8396
3360
4414
-4177
8609
3267
6897
9188
-2148
-5607
-5414
6291
6179
3863
8513
-1943
-1706
6550
-2540
1130
-8073
-7499
-9187
-7685
-6415
3701
8186
8118
-9542
2823
-8399
57
-8346
9892
-4427
-9087
6066
9632
-5304
2476
-9242
-5566
-9604
9889
-4094
-6671
-2244
-4041
2042
6943
-1760
1739
-7612
5686
820
3420
5442
-6731
-8359
973
9909
-6921
-1997
-8977
-2712
-3329
-658
1901
-4502
-5880
-6418
5770
8539
3789
6875
4204
-8358
-5178
-3268
-3743
-9126
-6205
-7094
-5805
-5250
-7684
-6716
-8928
1676
-9896
8430
2116
6538
-1365
5060
2136
-2616
-608
-6501
-9416
-5978
5941
-6040
4938
-5668
6285
-6551
-89
9231
9599
696
6566
-658
979
7389
-2405
-4934
-3180
-3065
-5420
5281
-6313
6540
-9369
-8753
-929
8353
4982
195
4686
-9095
-7832
2385
2196
29
3260
-3211
8950
-1178
-7341
3969
5284
1938
9451
-8203
-3729
-8093
-2426
-3720
2674
-6597
-3652
-8661
-7802
9428
-9367
-703
328
1174
4182
5981
-4035
4227
9163
4193
-9952
4677
-1604
3652
-1976
-145
2191
6968
3447
-1977
-3563
-6363
-4748
-4430
6914
-1417
4618
7585
1854
6999
6026
59
-558
9703
-7809
9980
5703
-9754
5388
2534
3619
5949
9394
-2388
9074
739
5915
-7309
7154
-1463
2562
-2640
5908
-6769
7265
1971
769
-3109
2107
2045
-4310
4989
2576
2418
8543
-4402
-6294
2307
-2992
-9597
2879
-7585
5055
9758
-1779
2300
2462
1781
799
9313
-8346
-4039
9635
923
-8888
5154
5768
5074
7232
-7107
4816
-7752
-4486
4938
8240
2779
-2068
-5772
9559
1146
-6007
-6669
8916
-2405
-2307
3773
7239
-8992
3636
-3123
6219
8135
-6302
-1972
-5703
7049
-8636
7530
8016
-9700
-6409
-2578
2112
219
-517
2566
2332
-7845
2822
-2822
-4210
8034
3799
5733
-6328
-4344
-8298
7906
2960
6528
2535
-4796
8053
3470
-96
-3955
-7040
-169
-4525
-196
-8451
2345
5984
5914
-6135
-8136
-5042
-8527
-8068
-7989
-6115
-9389
-4722
435
-7155
7565
-5670
6037
9750
1239
409
-1592
-1066
2822
7624
7240
6199
-8675
-3849
-5443
2076
-5753
5641
782
-6457
5011
8010
3304
-961
1573
-8363
-1217
-8873
-7972
-8573
-1787
-98
-7656
-970
4945
627
931
7955
1150
3623
4581
3818
-9795
-5583
-8268
-1529
-9680
-4909
-6449
-8479
-9558
98
9249
-1421
1330
328
-5393
-4809
4234
-1984
3356
6399
7933
8719
-9651
-952
-9524
-777
-6550
-8994
1292
-7372
4386
-4376
-9110
7105
-9442
-8495
2574
2574
-4866
-9789
-4356
-4552
-4206
-4516
1129
-1031
1216
4392
-1074
-1846
1573
-9070
-7903
-6505
-4187
-9092
5767
743
7022
6210
758
5421
5463
3126
-2831
-5568
8268
7530
-3002
5022
-9824
9589
-6427
-5714
9592
-4481
-2977
444
8713
7879
-9190
-3217
9788
-672
7832
7427
-7691
-3836
-3660
-5913
-6862
-2759
-5274
5626
-2579
-8195
-6894
3800
-9646
-9526
-7797
4667
7621
-2277
-5850
-9272
7722
5917
-6361
-6152
-4864
5115
-6640
172
-9133
-5875
5029
-347
-2145
3797
-1574
6507
8690
-8374
4196
1932
-5271
-1421
-3849
-4555
1932
-189
1274
-1031
-4037
-3631
-2106
-4296
-2502
-8201
-1972
8691
8201
8036
1368
6521
9732
2808
-2272
2992
-227
9850
4677
5671
3421
8153
3648
-4867
3482
5615
-1640
-2236
1407
-5557
-4990
-8554
-7547
-89
757
-1698
7272
2413
5361
-4537
-3564
282
-2513
7160
9797
9208
8385
6784
7536
-2718
-3498
-9637
1343
-6977
8885
2083
4982
8381
383
-6691
-2085
-6020
-3083
-928
-3234
-4630
-6330
4585
-2923
-2631
2924
9489
7826
8671
-4937
6665
-7369
-3565
5527
9107
-3552
-4805
-4305
4449
-8904
652
-3508
6586
-3244
-2432
-8339
-9698
1695
-1686
-5751
-5633
6441
-5328
-5969
-7244
-2698
-4188
4036
6073
4775
-2432
-2486
-8683
4338
-5833
7939
7581
-6304
-1949
-4244
-7752
7779
4231
-2484
-5720
6864
-9094
-717
3281
841
9547
-1054
2437
-4739
7428
7435
1027
1992
648
-7098
-4659
-9205
-3890
-4392
-3003
2804
-9076
-706
-3764
9989
-6272
-2415
9058
-7436
-1482
-3937
7705
2765
1273
-9891
-8725
3705
7325
-1487
3590
2501
-7857
-8050
9531
3523
5844
654
7529
-2665
9506
-7209
9288
-68
8924
4825
1801
-5319
-8955
-5985
-5968
-3434
-6750
-8724
9903
3927
-5237
-1750
-773
5628
7514
4517
9059
-4181
-2777
5386
-4155
5939
-1646
5254
9304
3521
7530
8911
6553
4929
-3816
1539
-485
9659
4007
-2606
-4573
642
-3805
9029
-1863
825
9658
460
-7555
-8285
1450
8525
-184
1267
3925
-6466
8779
-4493
5437
-550
277
363
-5716
-6541
4014
-7296
2234
5281
-740
4195
-9346
-4020
-4439
-6172
-7033
6412
-9825
9473
-3212
-1790
-9344
3505
-4729
8746
4169
-7208
-9003
7792
8469
5697
3173
