-4244
-6227
-7352
-8977
9591
8899
-286
-3253
-8183
3527
-206
3931
-8358
-3180
-4509
-7633
-2254
-8725
8381
2917
1500
7410
7738
8964
-6435
-196
3137
107
-6299
5260
-9149
4037
-4169
6409
-833
-8003
-5535
7791
-1142
-2436
6537
-7113
5976
2078
-6039
-9426
-4627
8262
-5988
9318
6518
9471
1024
-7841
-4983
7515
9876
-644
9743
6712
-9309
-1129
-7566
7483
-8006
613
-1513
-1512
-9847
2410
-5014
112
-5827
-622
-7386
9650
2482
9076
-8520
-1762
-8554
9181
-1406
5244
-8662
-3646
-5046
-9519
-9441
4529
7008
7252
9359
5722
3128
-818
9884
-3275
-1248
7494
-1013
2358
-5562
-8812
2796
-8186
1876
5698
1974
5
-4277
2472
1196
6885
-4995
-5561
3878
9528
-711
-1023
-4435
-751
-8543
5850
-8845
460
4440
752
-6977
8944
1163
7538
383
-2355
5891
8182
-7068
2516
4926
2780
-2271
-7377
-5893
-2744
-2060
-2473
8218
-9317
7960
9948
-2086
-224
-6610
5719
-782
-281
8604
-6232
-8464
4406
-6621
-107
1742
2538
9615
7998
-9446
6490
5868
1114
-2316
-268
9324
-4466
-5091
-8313
-1718
-5295
7401
7445
3073
-8559
-8946
-2162
-4800
303
4630
912
-9508
7134
1576
-9858
3852
-4226
9122
-8562
-3526
2684
2829
3494
9705
9982
4620
-4568
-2781
-1425
-1694
2617
6708
2998
7168
-2831
-188
-6494
-2738
-7136
-2996
-8056
7085
4881
-1289
4941
4971
8939
-1390
2752
-8942
8184
-7551
4527
-8439
-3835
-5080
1870
-2194
7068
-4892
8015
4176
9822
-833
-3286
610
-5404
3343
3283
5755
3070
1162
3430
-3210
-8321
6593
-769
-2159
-9881
4042
-5440
8696
-2156
5833
7732
182
-1711
-7997
-4755
-868
3372
-8488
9395
-361
-2498
-1105
-4661
5313
9401
-1020
-1506
4948
6594
-103
4211
513
-3880
5262
1308
-2131
6165
-7447
-3155
-2859
3515
-3483
-2121
3892
-1790
3134
8991
-9973
2881
2145
9799
3057
-5812
2258
3011
-916
-7250
-1276
6065
3850
-4515
-4791
1215
-2734
-3009
2261
8496
33
4024
-7933
-9215
-4581
1403
-7902
-975
3554
9182
3071
1021
-3630
-9685
-1115
3558
8143
-2076
1249
-2860
3255
5724
-2749
-4503
-4264
-9558
-3578
-682
-5686
3536
1515
-2287
4476
1132
2964
3085
9129
-3045
-5682
-5524
8268
6850
-140
1102
101
8190
-2794
431
-5614
-8845
9709
2071
1597
-9202
3375
1863
-8633
5323
6325
265
-7592
2786
-1169
-228
-6923
7015
6130
-3431
7357
-1045
-8044
-6509
-6767
-3359
8701
-9618
-5678
902
5190
1205
-4185
-8502
4692
-4403
-1713
-8803
-3313
864
3820
-5441
-2912
3420
-7805
9932
-154
845
6300
-3980
-6979
-2048
9891
2367
-9413
3784
835
-79
9614
6707
6182
8843
-975
-5113
-8703
223
3552
-9681
-565
-1697
-3717
-6608
-9560
-3289
-1981
-4878
-9974
-436
8849
-4762
-2336
-7051
-5847
4932
655
4652
223
-6909
-8186
-3446
5642
5850
849
1893
2608
-7412
-559
-669
1970
9121
-9114
9226
-1677
6930
-146
-5980
-7455
-5924
-2056
5051
-116
-9300
-9954
4894
2059
-2196
-7183
1852
2758
2947
-6488
7092
6918
-7781
-6275
8220
4549
70
-6062
6133
3198
-9993
-7542
7011
-683
-232
-4544
-1774
-7191
-5658
-4687
6464
-9176
4829
-3722
5875
7938
3560
2541
-1847
1333
-6562
-6413
-9037
-4219
-7868
6000
-4314
5989
2645
7355
-1396
7363
-6304
4435
-5891
-5931
-3650
6124
8883
-3164
3418
742
9386
-7835
-1239
-4794
8897
1447
5541
1863
-9120
3408
-5291
-5681
5839
-8396
-3384
7555
-6652
9500
-9557
5665
-4505
-9846
-6715
5946
-2153
-3969
-787
-5785
-236
770
-9423
2256
-403
9262
-9206
-614
1876
7936
7962
9367
-3531
-4750
8576
-9557
-8752
-1051
-9055
5329
6955
1809
-4750
162
-9922
-1096
-569
1229
6766
-4723
-4234
-7267
-8181
-4769
4933
2181
5785
-4902
-3040
1074
-4423
-3607
-7442
-9755
-4818
-9297
5449
-8735
4757
7441
3447
-115
-1984
-8975
-4757
-2253
-1779
4365
-9153
512
6615
-2499
1650
1972
3184
-3960
-3743
-6671
3935
4268
6343
-1348
3593
7175
3085
2932
-7008
2118
4045
-1550
4316
-4757
8653
-8837
-901
-3053
9511
-3904
903
-6967
2160
6920
-3692
6118
3637
-3905
5386
-3684
9740
-5575
-4118
7758
6288
-1763
-369
-2345
4888
9086
-5253
-3062
8036
-9883
979
2210
-6904
-9780
3939
-5514
-5410
579
3475
-9537
-7665
-4640
-1669
-2062
3500
-3195
4082
-3848
8262
8240
-1840
4875
-6784
-980
4310
-2357
7701
2034
-4105
3525
-2153
-7777
3621
-6473
3921
-4407
6193
2033
4806
2932
1314
4773
659
5329
241
7482
-6100
1708
2164
-6388
990
7543
-4825
-3409
3832
6660
-8677
-4501
2073
-4433
9076
4375
5727
3633
-6921
7636
-6286
-8762
-3228
4878
-1589
3136
-9258
9814
727
2987
-3577
-8587
-156
-4767
4436
-8528
829
-5677
9514
1050
-2521
6366
9634
-8600
6909
-2512
8027
-430
-2655
-8827
9965
-8217
-2373
-4852
3686
-6628
-8455
1421
7099
3915
-6142
7800
958
-2830
-480
186
-8492
-3527
4336
4279
-9158
-567
7180
1733
7297
1475
5533
-3715
-4988
-7235
-3674
4981
481
-2922
-157
-7709
4569
-9193
5345
7328
4524
-2761
8030
-9302
-1659
2984
6373
-7790
-6681
-2761
-5392
-6987
8748
1690
-4518
3055
-3974
-1363
7224
-1436
5401
-981
-4790
3975
7185
2447
-2499
-10
9976
441
-3140
8198
-3918
9345
264
3738
2729
1528
-854
-2938
-4482
7314
-2722
-3675
-4281
2421
7347
9360
1984
2544
-9492
379
-2323
5218
-2780
-4712
4318
-3781
-7027
4734
-9354
-3492
-4106
-7179
9332
5002
-5535
-2072
-5661
6715
-5470
-4809
3945
4405
-579
-5928
3910
-2817
124
-9384
-7924
4313
-5326
-782
-8911
-5392
6814
6107
9061
-2095
-7467
9583
-8876
-7779
-7207
-5646
5964
8016
3968
-8949
-7534
2629
6963
-8733
-3384
-5783
4929
9261
-9542
-6363
2390
-5343
-8080
-4454
9979
9148
-6129
5874
-3315
5708
7249
7762
-6206
-207
-3225
-59
-4773
6756
2105
-2531
8251
4146
8636
4855
-2478
-2386
-622
1002
9055
5544
6346
-1206
-5036
-5195
-1561
6968
-3175
-8070
-5729
7142
3259
-115
9449
-2021
-3957
7885
8913
703
-9462
-8924
3785
-8605
239
5347
-3848
-939
-7996
5975
7118
-9918
-2503
3507
1963
2696
6985
2504
8040
3048
-3606
-906
4731
-4307
-6422
1223
-1083
-5593
8811
7312
-257
-2330
-8655
-278
8275
5907
4101
2258
-939
3886
1329
-8266
6655
-584
-252
-81
-2196
-7512
-8606
-4862
-264
-2152
5405
-8481
8823
-278
1557
1790
3487
3149
-3762
3761
2032
9396
3640
-9742
4948
790
3466
-7665
-8533
-9524
-3035
-5875
3764
-7726
-761
8144
2158
-2529
7400
1621
-5520
-4046
-1359
-6702
-7110
-2968
8030
5092
-9986
-670
-3958
5985
-4240
2665
743
-9987
4600
-6299
-9914
-1466
8059
-9929
7375
-8387
9005
-6623
-2304
720
-1875
-3413
-5106
6374
2548
42
-2960
-2552
6546
1204
-3489
-8049
-8519
-2991
612
1522
4698
-4824
4385
1561
-2109
-6075
-1927
-3207
4346
957
8484
-3255
-7080
4535
7811
7316
-2662
1970
6219
2335
3488
5498
714
4563
-3534
2140
-2245
-9602
584
3679
1618
-2998
9754
-8272
3198
1490
-8599
-1958
-3267
-3295
6365
5399
-5337
10000
4183
-9719
2761
2157
1299
-4044
3716
-5046
901
-6359
-7509
-6267
619
-2312
2781
-5870
-6544
6943
4674
-7126
-1819
8360
5454
-7316
-8744
-6898
-6375
-3819
-6096
-8890
2957
2331
3823
9537
-7215
7760
5051
1196
-8474
-7928
-2677
9990
2834
-2315
3463
-200
-8952
7993
-636
3617
-5395
-3559
804
-1015
-2074
-9556
334
6674
-8042
1664
-6323
7385
613
7948
-2721
2033
-9411
8114
-4064
-6768
-6493
4104
4042
-3382
-9752
-4114
7740
-1258
8024
9138
6696
1968
2637
-382
7388
1628
-2407
-8254
-4970
8999
-1158
5165
-914
-3528
4630
-6335
-1920
-3362
-4793
9489
1521
8003
2408
2065
-683
-6796
-4662
-4845
1439
8904
-9662
8989
5004
2857
-9426
-3809
-2015
-6211
-3270
7443
7827
9738
447
-8839
-3080
-1563
-3859
-1838
9698
6791
2771
-8405
-9504
9514
-4082
9846
-2165
-8477
2117
-9148
4009
-3038
-7922
-1435
1793
-960
9726
-1089
-1907
4755
-1096
-5475
9996
-7476
3151
2077
6313
9837
-4137
5424
-4023
-6524
-5305
-2511
198
8052
780
8002
-5096
-1061
4731
-4773
-4758
-2575
-6480
8694
1357
9635
-5299
-3570
-7166
3625
4355
-4132
-8033
-4418
7229
8457
-7234
-7323
5194
1110
8239
-3469
-9617
-2010
2915
-6310
-1014
-4868
-7856
840
2292
9604
-4575
-932
-2835
-3355
-3151
737
1720
5325
4062
-586
4972
6441
-5344
6384
8803
-4043
3017
-1040
-1257
-407
-4346
-5699
5520
8300
-1511
9833
-3260
-4500
2536
-7136
-9967
6397
1513
1534
-4497
9164
-8439
5363
5320
-3329
-660
7699
909
5180
-2284
8373
-6598
2877
-1323
-3150
-5863
221
5609
-8384
3898
5781
-9448
8559
-1350
-921
-3092
-5881
-1554
-2107
2029
-4237
2423
1452
-5811
5260
1746
-8621
-1293
-6209
-3699
-9346
-7636
-2392
-1163
-8490
-4491
4386
6178
-8027
6977
-456
2510
-9325
2150
7437
-327
5764
4357
8562
4523
3593
2855
6318
1608
5290
-6323
-3667
9167
-5304
482
-6921
-6202
5019
-3432
3365
8318
-7948
-1941
-2314
-3869
-4893
-8304
9759
5413
-7740
-5831
-9441
1775
9960
-8561
6102
-9436
-4224
-10000
460
-4233
7660
7785
1198
-6372
3807
1591
795
-4103
522
-800
-4712
-947
-797
-9868
-6963
-3538
8718
8942
-7763
-8110
-3760
1968
2948
-6089
7336
4468
-8225
6494
6957
-8342
-3937
4517
3453
-3503
4944
5758
-613
37
-5635
2930
-6134
1831
3492
-8666
9450
-7217
9595
-7920
-4772
-8630
2381
2295
1912
-5864
5687
-3436
4354
-9510
-5022
-3463
4447
-2168
-2116
2090
628
-4572
9831
-1995
-3808
8476
4857
-9259
-2197
-7775
-5
306
2714
845
-9968
818
-2625
-2384
8972
-8315
324
-9984
2051
-2968
-3816
9623
6898
6907
-3609
1493
1632
6555
-8209
4683
-5508
-2960
1080
7405
-5298
6284
-3287
-6481
-3206
-7382
-1925
-7153
-3756
-2325
0
-404
-7512
2099
-3826
-5948
300
-3050
1892
-1671
-1285
-6504
-9698
-8055
-8287
-2462
-7791
-5408
6774
7655
1478
6396
-3880
857
8776
-915
8937
2480
-429
-2396
-6134
-4955
-6833
2828
-8023
8397
-6316
7107
-7761
2379
-8181
-501
1243
-5049
-4808
5124
-1733
1002
-2742
3299
-4112
7022
-1622
9408
375
-987
-1330
-8819
8330
-1532
5865
-785
-1249
-6154
-3920
-4462
-2136
-5870
-608
-6212
-171
-3527
-8871
-968
4531
-1371
4259
-8590
-8840
3311
-9979
3948
8169
8513
5652
5170
5156
-9297
228
-1718
-3778
2446
7133
-1428
3836
9687
-3429
-6972
6530
-6018
-6554
103
6431
-6204
9687
-1029
6304
4136
9804
-1765
4408
-9997
-5293
-6787
-4071
-9185
-6594
-1370
8005
6814
2109
-3446
2902
7242
5636
4859
1417
7277
-1789
5452
-3053
-4381
-3797
-2039
-7490
-5249
-3901
-138
-2949
5831
4115
-8109
-6199
238
8819
9627
-6535
-2469
-6124
-6262
-9576
-8992
8542
-8763
5210
-4316
-455
7999
-979
8463
4120
-9712
-7312
3513
-9336
-424
5381
575
6359
-5252
3932
-5763
-9732
-6017
5988
-2929
-5217
-6165
3533
-308
-7260
4538
-7782
-8008
4540
4841
273
-5785
-9765
3618
7892
3417
-8585
-3189
-8447
3585
-6792
9310
-424
-7257
5300
4337
7670
2391
-4995
-4534
4604
-190
7258
-3591
-2402
352
7476
2468
9390
-5810
3479
1639
7602
-6498
3894
9103
3945
5813
-9495
-6293
-4318
8111
-3246
-5407
-7680
2587
-5614
-8866
8964
6994
-6859
5192
-5108
224
-7376
9626
-6121
2151
2729
-4776
-4366
2074
-164
-6468
4054
8821
-1351
-5825
1453
3603
6648
-1073
9436
175
4038
-4043
-486
1180
-8014
6754
-5578
1147
-3320
-4083
-3666
-6141
9032
-8775
-4002
1806
-6697
2248
1271
-905
5128
-948
3435
4317
6967
-8071
4109
-6595
-8782
-5391
-7599
-3887
2205
-9511
-9793
-4202
-2987
-5704
-3718
9311
-2437
-4277
2845
-9139
7874
-9230
4520
-9466
-7327
-3258
162
-2895
1448
-7830
4548
-41
1
4658
5429
726
-5285
-814
2549
5120
-7822
9791
4111
-9184
354
1974
6937
-1304
8594
-907
-2798
-3738
6922
8336
7334
-7140
8168
2788
-7591
4468
-4795
-3002
5981
-4902
-6971
-3695
-5738
-8400
6448
9562
-2132
9015
5075
6566
-9623
2744
8414
-7337
-318
691
3612
9825
-5851
5640
9073
7028
-1602
-9130
5607
-9463
2247
-1951
-9299
2553
-2170
6146
1394
1454
-5843
9695
-9323
-4527
5783
7942
8964
816
5265
1217
1722
7983
-8928
-7679
4240
2196
-1654
-8076
-5585
-8714
1353
7282
8429
4894
-1557
-5368
-210
-5006
2252
-333
7163
9689
4423
-9130
-6148
-1429
-7252
7642
7609
-9949
8559
519
2219
-9198
3610
-226
-7321
-8615
-3092
2649
-9030
2612
-1971
7931
-5843
6769
5167
-6334
3494
-8518
2383
4874
-5502
-6165
855
-7318
9884
7858
6161
-6058
6238
1077
532
8710
630
9888
503
-705
-9977
3153
-4768
-8182
7556
3748
7134
6644
-4821
1215
4571
-6143
-6724
8967
-7563
7048
-7326
-5722
4352
-8085
2894
-2614
4035
6342
-8816
-1009
-7642
2684
-2002
8761
9483
-4501
61
-8672
9572
-6691
-7527
-1634
-5138
4666
-2777
-8792
9658
547
6183
9932
4712
-177
9619
5683
7959
2360
1702
-5605
-4481
-5194
9538
-1679
-8439
-2893
1203
5593
9518
-7178
-3169
4574
-2560
4636
-6104
7897
8549
1140
2891
-1321
2090
8
-3689
3155
371
5910
-1504
8609
-3633
9830
-5897
3565
9568
-397
5107
-4443
7701
5168
2060
-8718
-6375
7752
-9631
9207
1436
-1641
-7781
-9130
7267
8322
2988
-9643
-2777
-2919
-4508
4454
-6518
-7439
-1606
-8566
-7794
-4288
-1746
-1463
3160
9930
4417
-321
-6707
-6623
7348
-3578
-1447
387
4890
6459
2402
-2408
-7661
5718
-7986
7610
-3047
6449
9576
5521
-4359
-8204
4173
1877
-7948
9717
9050
-56
-2027
-9832
-1285
2571
-3940
7773
9987
3477
-1827
-4578
185
-7404
-4490
3662
-6397
-4298
-5847
-2575
2706
-3300
2153
-2781
5286
2027
4260
8293
7142
-9171
-2627
-1670
-2817
-7747
6997
-724
-8916
-7231
-7857
5975
2078
-736
2886
-8364
-6018
419
6133
-2847
-5989
-9071
-6375
2632
8064
-1543
2659
-4134
3070
-8922
-8583
-4069
-9571
5337
6482
6802
-5457
890
68
-5855
9385
-7891
1805
-7515
1774
-1327
-7831
62
774
1952
8808
4612
3146
9349
-1574
-8304
-1724
-4653
7617
3772
4355
-4150
4212
7232
50
3526
-1486
4458
7640
7129
-6867
8797
-2535
-6412
-359
5976
1570
-7055
-1906
-5809
1117
4980
1834
-2771
-594
4012
-2811
1166
4215
4260
2563
-6084
8983
-3782
-8021
-3204
-9096
-3573
4742
1700
-6752
9191
-3302
-5942
9808
-5744
-4283
4505
-6238
4250
-3669
-3807
-867
6703
1227
2807
-6265
172
4801
5171
7746
5542
-8309
-5671
8987
7396
5990
1479
-1387
-7927
-5507
-5595
4321
1593
2704
-6744
-1064
-6092
5367
4739
-6664
-503
3753
-296
-7707
9047
-8546
-5488
12
1569
4063
-8840
-1159
-488
5014
-7763
9019
4153
8064
1020
6571
7955
-5464
1809
-6513
-9263
-6775
4415
-5732
-851
-1081
5918
-8828
-5283
4488
-8059
-5091
-9921
992
2899
-7114
-4531
5251
-6503
-4425
-4527
-353
-365
-5339
2155
7068
-1524
-4380
427
-3805
6540
2195
8667
838
995
-8231
-2240
-6037
-6979
8283
-5331
-9203
-2424
-6742
6563
64
-3813
1926
-646
-2555
-6088
-1960
-499
-5745
-8435
8253
-6925
921
9015
-6690
5013
-1013
-3982
-5996
-1374
-2764
923
6360
2740
2220
5139
6843
-1806
3531
2970
1430
-5045
660
-152
1281
-7674
-7865
-3616
5747
5777
4155
-9963
5213
-7105
-6443
5282
1687
7732
5847
-2920
967
-6438
7529
-9759
-3094
-9914
-7491
-784
-4915
6359
3449
-6107
3355
772
6020
-8162
9229
-1311
-5769
2720
-8939
-4109
-6883
2489
4729
9819
-5713
-1263
-6633
-1097
6290
7168
-2816
-6854
-1997
-8676
1076
-6159
8611
-1480
-4070
-8592
7068
-9414
-1995
-3028
4085
6066
8514
-673
-2644
8255
3677
8825
9841
-1193
6055
4757
2403
7111
-5957
-8947
1657
2959
9303
1237
-1760
-727
-8228
-3029
9258
9949
7829
-9162
-2839
-6920
-4018
7900
685
-9258
4190
-3005
-3114
-7044
-923
-2874
4445
6776
-6743
9797
-2259
7215
-4907
-774
6132
2626
-6695
-682
-1774
-8402
-6922
3451
9049
1758
-8946
-8040
6605
1106
6130
-4471
3599
3659
-6536
-1733
8589
-6755
743
-9311
7210
-941
-3855
4452
-8093
-9773
9698
9239
4541
-2186
5261
-9166
-4052
-4664
8894
2027
6796
1197
1494
-7253
7625
-9292
-2947
-4769
3672
171
5818
6551
2845
5361
-7371
-647
3834
-138
4230
3973
9349
2918
-6041
-3864
3210
4692
-9889
-9166
-8899
5558
5757
-5128
-8775
-8678
9293
-7785
6032
-9996
7510
9072
110
-7903
-3110
-7809
5737
8695
1950
-8926
-5255
-8359
6427
-2113
1277
-2044
3027
-2975
8954
1313
-8242
2936
-8495
9236
3613
-610
3930
5583
-6513
9155
7360
8949
-8782
7840
-2147
554
-8683
8898
5174
-7621
5575
9279
-6431
-5671
-1347
1058
798
8094
5089
-4641
912
-2208
-8052
-476
-3429
9372
1689
-871
-6669
-5870
-9988
-6871
-2964
5338
-4669
-4257
-7567
3392
2580
6580
-9361
7092
-680
-613
-8205
-366
-7671
-1210
-1734
-7164
-9519
2479
2285
-6736
-4484
7403
4073
909
-7945
-1707
-163
-4502
1282
1469
-2395
-1010
-2693
5317
9956
6002
5948
-4970
5491
-4832
-558
-3567
7252
-6249
-1663
3063
-3307
3897
2626
5340
1782
7468
-2756
-3520
-1206
-1913
1429
-1906
-7058
-4950
-9288
4049
5344
-8626
2863
6997
1010
2381
9733
9730
-6097
-6908
1694
-3419
3748
-5146
-2672
9463
5815
5245
-1938
9706
-5807
-6540
4455
-1794
1014
1039
4303
5318
8096
-2913
4768
-4065
-9172
9142
5814
-8286
1301
4423
-5422
-4527
-2476
-7630
6165
-6561
8373
5658
-9065
2121
-2885
-4424
-4768
5691
-2499
-6317
-6837
3552
2998
-4981
3888
-7743
6735
-2899
-6767
-3069
-4474
-1388
6840
-5278
3799
179
7784
-6317
3691
-6214
9016
2407
8844
-689
897
8193
-5464
2826
3076
4023
8299
-5327
-6529
883
1605
5523
7216
-449
-7175
3024
9113
-7703
-2747
-1892
1728
7411
-1633
-5235
4259
-178
-6812
-250
1694
-4208
4767
-4194
-5247
1355
6825
6445
5457
-8975
-875
7315
3064
-5059
-6438
58
854
3436
-9855
359
9074
-2529
-7170
424
-708
7096
5232
-6883
8919
-8188
6955
-5610
4624
9544
-7254
-5319
7999
2989
4786
-5648
-4817
-463
-7640
-1748
9643
6849
-1796
5355
-5495
1605
7153
-4041
3810
-7411
2160
5003
7989
-588
-7561
-6548
-9104
-323
-7497
165
-4358
-3662
-7725
6818
7603
-9325
3341
-9267
8311
-1185
-7652
-9904
5283
-2079
-9162
-9429
-8437
-1182
7985
4182
3434
-3378
215
-986
1295
2423
740
-1261
5753
-3627
-9911
1069
-1454
6720
-4609
4025
5967
2976
8566
-4121
-1656
5839
3526
-6391
6990
2849
-9488
1968
-2033
-8636
7936
-5167
4850
-3009
1423
-1000
7152
183
7427
-8417
-5770
3674
-7850
-9007
-4921
3290
7274
6094
4309
-9123
-8207
2455
-2307
2255
-5468
3249
6374
3988
3408
-9873
8844
6612
6825
-3787
684
-6710
-5961
3400
9820
9120
-4399
1493
-2057
2838
-2307
7891
-4153
3119
-5803
-2062
-569
-3982
-2767
-7731
-9628
8669
2503
-3927
635
2558
-5685
5126
2723
8453
6916
6360
-9481
-3467
5383
8531
-481
2265
-2320
-7541
6870
-5322
-9173
9068
-3340
3552
-4231
-3389
-7800
-2
3184
2059
4282
1242
5382
-6182
4292
-8003
-3382
5083
2162
864
8147
9306
-284
8088
-7866
3088
-8882
9695
-8477
-6204
1795
-7937
-3013
7346
7518
2513
-108
512
-1172
4412
5495
4102
-3730
-8181
5447
8347
1098
1274
7617
-8036
1124
-4878
5318
-3584
-5480
-1293
4676
-8382
9277
6520
-5868
-4793
5523
1208
-3714
429
-8858
-2355
-8866
5631
-5637
-5609
3871
-3855
6131
4662
-9963
3530
3023
3858
1328
-4780
7715
2708
3932
9634
-7837
-2385
4981
-7921
-9588
5719
-2499
-7182
-3369
-4337
7315
-7099
2628
6101
-238
2206
1510
-9343
-1684
-9438
-9367
-6704
-7113
-9319
-7268
-1480
-7423
4187
-8385
3797
-458
-5632
-154
4392
2325
-6776
-323
9545
1215
-3746
-5069
1431
6653
8603
-5008
-1496
-6555
1812
7188
-3635
3167
6375
-5651
-147
-8716
8737
-8445
-7422
-7122
788
-9738
-3337
-2686
3732
-7720
6719
3552
8175
-8137
6400
-5777
7385
4673
-9516
-7969
5482
-5425
4287
2938
-278
7145
7207
8164
4086
8860
3078
1931
-8731
6902
9444
-7420
-8197
-2975
3807
701
6855
-7331
-5743
641
7349
555
7471
-3255
3411
5373
6856
7314
-1053
-8275
22
6913
5810
6626
-2050
-3362
7010
7459
3049
-1430
-7599
-9466
-3817
-8759
3778
-1914
-6345
4940
-5367
6193
-5610
9520
5662
811
6362
8731
-5522
4385
5329
9390
1997
-153
-7846
6888
-5817
8122
-9483
-2047
3254
-1546
-6374
-566
1033
9808
-3170
-8012
-8016
-9309
1146
-4483
1197
-4614
5910
9149
-1697
-1882
3352
9342
-2486
-2842
5005
-1228
-7598
6644
1806
-2188
-9833
9938
-8349
1215
-9686
6190
-7522
2586
-7397
-2596
-1372
4376
-4174
3195
-8471
-7092
6129
-6910
-4962
-2688
3095
2734
-8980
9044
7008
-9016
2945
-3657
-9182
-7441
-9186
-7107
-2130
-2694
269
-8467
980
-1637
-160
-935
-6898
2553
5798
4812
-7346
1741
3490
-2950
-772
996
5354
5141
4376
1376
5422
-1943
7220
5960
-4439
-196
6195
-4117
1507
3689
-3987
5640
-5589
-4512
-5004
-5825
-8678
-1301
-4053
-4802
-8011
8391
-356
-5483
7126
-30
-1804
-4569
-5152
-3121
7085
-4618
-9528
-7686
-9787
-3460
-7902
2153
963
3948
-800
4929
1146
-7068
7238
7872
9065
5750
-2684
-2326
-4517
4625
-4448
7477
-1806
-95
-7417
2723
-6263
-739
-5516
9741
6162
-6039
-7685
3656
-9747
-3503
-5783
-2264
-3236
-4543
2921
8553
6956
-3472
-8933
-4822
790
9348
2824
2381
8670
8186
-14
-9361
-900
-704
2263
-5841
-1888
257
-1180
8792
-7216
-6647
-7043
4329
2027
3563
-4958
4860
-8790
-2305
1068
8742
-2790
8941
1881
9802
-9434
-3115
5715
-8037
1784
681
3415
-6862
3098
7431
7728
-572
-4813
-3206
1242
-6435
-4405
-9986
3057
627
-4156
-9641
-6575
8547
5423
-9799
-1020
-8373
9701
-6909
-6202
532
9137
-637
3068
-2892
-3116
9852
9468
-7233
4423
103
3098
9383
-263
8960
-1821
5166
-3317
-4580
-9024
-4167
3895
-7564
-8533
5134
-3004
532
-8154
3250
-6315
4090
-8846
6533
-190
4049
6330
-6742
1366
-1203
9896
7395
-3393
7251
4185
-1644
1460
-4592
841
7184
4599
2118
1971
2743
-6692
6937
-4848
-168
7860
-2922
8595
3940
-8763
919
-5495
-8909
6650
2389
-4088
-6558
53
6285
6013
7577
-8672
8943
-3119
9872
9855
-2738
-1625
-4438
-5940
5572
3690
-8614
-6637
7522
-9116
-1774
6995
-6002
5563
-9984
-7413
-3937
-6534
3754
-9205
-3034
-3832
-6341
-9965
-5054
5031
-9846
437
-8182
-3088
-9219
2193
1903
-2122
-7300
1504
-2493
-9768
1458
4063
4728
-3425
-4930
4594
-5730
6266
-4513
-552
1634
5639
4572
5365
-5491
2179
-9034
-8162
-3516
-4659
6142
-9750
-810
-8422
-5106
-9325
4933
-5714
-7756
5365
-5975
8481
5014
-7330
6301
-5826
5258
-2577
-333
-1824
2370
-5463
-8211
-1019
6767
-8305
8387
8551
-9780
-4536
5559
7589
-2146
-5624
-8433
7284
-3336
-5690
3294
-365
-1234
-9784
6207
-1436
1808
1826
-235
3716
8876
3493
8010
-5756
4628
2883
-8371
-5258
-9653
9365
5141
5316
9783
-5067
-8001
-2135
6720
-9941
5026
-3921
-2054
-8085
1810
-1060
7987
-3056
741
7462
2700
6945
9215
5515
6137
9346
411
1544
-7939
2449
9138
-4167
1409
7346
-967
4638
-3975
-1055
-8235
4653
6229
2115
4358
5320
7507
-4482
5004
-9866
2995
-3805
-2745
5424
8868
-6962
-8775
-1837
-2285
-3467
-4037
-9137
-2147
5994
5956
-3311
-5930
-6145
5621
-4434
-4333
-4056
-1596
7918
-2502
-3791
5670
-1778
-1455
4764
8816
-8558
-1851
-7058
4504
3610
-5507
-7141
5412
-1850
9783
1538
7415
-580
-3922
1478
5671
-8475
-791
5956
-1005
7864
-403
-9112
7114
2201
-8181
8145
-7887
5504
-4330
-6983
-4084
-6714
-5147
143
-6493
-7210
4546
358
-3188
-4727
-4388
-4152
8248
-1196
-3442
3430
7342
6744
7029
4351
8331
8569
-8192
-4833
-5429
-5031
356
2175
-1419
-7054
-9804
9761
6674
9912
-4803
-7583
7114
-3922
3022
-5456
722
-4662
-7518
8165
7633
-7755
-6015
-9885
1419
-3634
281
-9821
-9572
-7030
9482
7752
4164
-6904
8271
-6399
-4885
-8512
2861
5783
-9047
3264
-3919
-5295
-2938
424
2234
-1532
3657
-9024
-6058
7270
2725
-3
-4802
-2174
-284
-7767
-7008
-5729
9692
-9982
-597
9125
-8386
6786
-8835
9
1889
6597
-4459
6728
-6337
-8692
-9663
-9534
-9214
8954
-7649
5279
-8719
-7599
-9976
-5768
-7053
-5459
621
6547
6940
-3147
112
-495
7652
-6693
-2220
-3575
2881
6384
6326
-8474
293
-3582
5877
9247
-2377
-4366
3526
3141
-3786
3905
9125
-2316
2554
-2442
-4140
5236
6365
729
-1887
-2414
-7905
-727
-4059
-9131
5675
-9960
-5126
4760
-4109
-8127
-7101
-467
1445
-2340
-6576
8392
3091
3036
-7752
-2380
-3467
-831
-7379
-6218
8778
-597
6141
-3322
-280
-9017
-8235
3895
378
-8979
-1353
-4782
3472
2120
-3138
8490
-383
6346
-555
-7397
863
3245
-2319
-4899
4619
-4257
-1749
-4884
9782
-4042
-6910
-1989
-604
6783
4469
4290
-670
763
6482
6526
8813
7121
-8807
859
-3735
8111
-8600
4900
2360
-5025
9829
9373
6144
1780
-2479
8582
1896
-1973
-8657
-9450
6207
3424
1816
2468
-9725
9976
-5658
-6145
1102
7627
-8948
-3754
-4139
-7169
2030
-9343
2925
-5258
8126
-8184
-8696
2935
-3327
2757
-4941
-5713
8970
-2542
8274
6711
2302
-4386
2204
6372
282
2490
-5403
-6495
-6866
-8186
3961
7462
5410
-813
-4544
-3091
3664
1555
-9587
-9360
-2452
-3787
7744
-1809
-5632
-7334
-4165
-5881
674
676
7891
1180
692
6324
6211
7301
-4075
-1645
-2042
6097
-2951
-5884
3765
748
-6214
-4957
-453
230
-5701
1638
-3931
4940
1067
-7686
-1006
-3042
3821
-156
1384
-8994
2516
-3423
-6394
5321
-134
8161
9239
-93
-8863
-9330
-7396
-2217
-5979
2529
-6542
8404
-5845
-9887
-8496
-4633
-8209
-599
6411
-9652
-2488
-5985
2235
-1125
-2211
140
-3229
-2016
-5825
-3654
6426
-3502
-5957
-895
-545
9491
-119
-9267
-4547
-2319
-7156
-3971
-927
535
963
-3565
-8320
-206
-7809
-8702
7978
-3436
-3567
7010
2735
929
-2308
-1694
1768
-1162
2040
-8962
956
4497
-4607
-7247
-5341
9385
3081
3094
116
-930
2616
-9725
8843
-2422
259
-5086
5683
-8969
-7101
-8137
1886
5523
-9144
-129
-9543
3186
3822
1502
-4469
-5233
-5747
9456
-3552
-932
7884
2412
-3591
-8404
-3554
-5004
-2384
4810
-6794
-3293
-8904
2466
4848
2699
-4928
-7487
-5187
-9942
-7460
9826
2489
7383
-7754
-4028
-4956
-9271
-9539
4479
-2396
-3811
-2347
-2550
-2744
3250
-8473
-9919
-4207
1820
517
-4674
-4945
1704
7208
-169
-8259
3561
4796
1236
4478
-7075
-8910
-8145
-8379
-2621
-4053
-8932
-7717
-9066
7679
6110
-3057
-7943
-561
-3374
9068
-3046
-9563
9315
-2776
6640
-1839
439
-7878
4025
3428
7084
-3986
6064
1702
-9535
-9668
-6333
3967
-9949
-8566
-2403
4545
-9250
8607
-6032
3158
-2372
-8322
5279
5480
-4601
-2071
8234
7860
9498
3423
-1735
-1470
-1044
-442
-7919
-7742
368
-9202
-6641
-9267
-855
-3543
8426
-41
-4975
-8212
-4460
1367
-1684
8855
988
9705
2479
8361
-1990
-8688
3129
-6284
-7323
6494
-5882
-4592
-4394
-4611
349
3541
-6516
7580
5496
3457
-6744
6901
4055
1482
-4481
-612
1118
6128
-1661
8058
-143
5013
-2334
-9381
4911
4684
5849
6301
-4930
-7755
2125
-8933
-9557
-8314
-2478
-6820
-6145
-9280
-5563
5410
5572
-7566
7014
9312
-7549
1745
9001
8319
8804
765
-3339
7882
395
145
-1075
1817
1652
229
-3738
-9671
-2204
-8573
7665
288
4294
6923
-4936
7493
-1057
-9549
-9893
-6876
-5160
-6480
652
7242
-7569
4560
657
8314
8658
5282
-1935
2793
9569
-1179
-1745
-7309
-8880
218
3711
-7187
-4888
7191
-2055
-935
-9193
5128
-3102
9561
-6919
2181
8613
-4942
-4294
2034
8519
-9602
-5494
5602
-1509
4237
8902
-81
9076
-5567
6158
1066
-2275
-5119
-1032
-5212
-8001
9505
-6599
5279
9997
-42
8648
-9102
-7132
7891
-4690
8622
-9921
1627
-5653
2196
-9252
5006
-6186
2136
-8090
2288
7019
-7818
2250
-6913
3842
-4061
-6108
9065
315
-6347
-1494
-2646
-4508
5713
-4780
5623
-6196
5470
2671
1185
2948
9622
-9053
-9671
4750
9622
9597
2199
7777
7639
-1015
-7128
9956
8870
-4644
-9513
-6800
1014
-5412
-9449
8565
-8083
4005
-2423
9258
-3151
5001
-4325
4193
-8326
2438
-4858
-5582
5391
-1867
7701
8670
7779
-438
-8394
-4790
-5026
-2549
5002
-1511
-4242
-5982
-9389
-3594
-6655
742
-3532
-3259
2925
-7508
-5670
-791
-6893
-9907
-1807
-807
-5629
-7776
-97
-205
1172
-8952
2396
7093
-5420
6677
-2861
5282
-8051
2199
-6922
3592
3743
-7258
-3623
2762
-4713
-9126
9655
-3235
-6187
-2742
4205
-1582
-9262
1317
-6850
-1521
-7302
9280
-4386
6730
-9033
-7945
-93
5793
-1071
-3861
-3946
-5364
7520
-7066
7975
389
-8447
1407
1070
-149
2282
9349
-712
5864
551
8356
-4982
4139
-671
7096
-7008
-3500
-3696
-5078
965
6934
-7496
-8387
8713
-4002
-1408
-832
-9400
-8540
-6703
-2123
9400
8312
7604
-3192
1852
-2542
-3525
1626
6559
-8
-8709
529
6539
5696
7889
-6305
-6420
6193
-607
-5519
-6134
742
-7272
-8877
9390
-4289
7103
-8783
-2384
3657
-3622
-8220
8033
-9344
-2004
8934
7726
-7578
2793
-1285
3980
-3997
429
-273
-8997
6432
6202
-5123
1970
-180
-875
5635
8147
6968
9787
3130
-8985
720
5306
-7552
-9203
-8612
4218
6022
-8782
3252
-8393
-3025
-2200
4968
6780
-7271
-882
-2174
302
2691
-7597
7138
-7989
-9198
-3759
8108
-4242
-7825
1913
-6503
7483
7874
-4112
3404
-4864
9347
-2897
-3776
2041
-9281
-606
-9154
3799
-8446
1580
-9137
-7312
6947
609
5297
-1034
-6571
8706
-4469
6844
9360
380
-5683
-2777
-3843
-880
4464
-3066
2559
2871
924
-2413
-9880
-6237
8996
7921
656
2485
-3289
-976
5137
-5355
-3540
8101
5471
-7594
-6011
-194
1477
3043
5060
9850
-4579
-8473
7269
-9773
-7183
-4777
-2695
8896
2630
-6636
8941
-361
-2174
3802
1310
-5170
-6049
6322
7772
8581
-9113
-1587
-1162
701
-2005
1800
3076
8108
315
8977
4695
-9918
-2171
-2046
4896
6938
6284
5429
-1479
-8281
-9793
-7104
-1095
8050
-917
-1221
-4464
2111
9071
2265
-5252
3499
9746
-7481
1954
3803
-8885
4380
-1564
3202
5233
-9492
-4455
9815
7086
3707
1240
5887
-9412
1271
6730
4159
-1192
-8958
-3691
-1066
-3462
-1324
-1930
-9213
9194
-6202
-645
-154
-1145
8164
4649
5286
-3260
8629
1756
7004
3383
3761
5801
9667
-8065
7697
-9490
-6104
2636
5174
-359
4118
7495
-7579
-7756
4065
1459
-9159
5848
4123
-9872
-7387
-7220
-7444
-5347
7070
9352
4546
8099
791
-8597
628
-9388
-9094
8920
2505
6987
2783
-7398
3929
-5692
-7774
5464
-1863
4390
-3534
-8987
8744
-6565
3482
269
6659
235
-5527
8499
-9216
5326
-8262
-6883
-7818
-654
3901
7946
-2029
-6245
5702
1245
5062
-4580
6348
2313
-6061
-5288
5101
-984
8411
-1018
-8871
-7999
-5889
-9354
-1166
7865
-1858
3753
-969
3168
-4475
5566
4891
6301
2792
8993
-2830
-712
2465
-9432
-9208
-1391
4256
3101
-3210
2518
204
8475
-6947
-4114
5726
-5
-7280
2362
-1928
-814
4408
78
-3460
6992
-5014
-6441
8392
-7451
2654
-2392
-1820
-2281
-2617
1549
-5790
-5611
-4166
4651
-6521
9698
7972
-6982
3378
2566
-8331
2646
-2490
-3373
8421
-1301
-7298
2794
2313
-6541
-2255
-9810
-4570
27
-6548
3618
9527
206
-3989
5858
2033
-5286
3906
-1850
910
-8938
-6906
-1497
4365
2484
-3904
-3341
-2522
-1099
7071
9550
6680
-3873
1224
-3238
-6114
-9865
-2097
-548
-6710
4960
-9611
6707
4254
3053
-2806
-5599
-7720
-6532
1141
5889
-7696
2378
-5878
-4110
312
7730
6404
6978
-8907
-2760
-5416
1796
-723
5449
-3781
-9751
-9349
-6478
6384
6988
9427
5022
-6097
-7096
1855
-6380
-6527
-3654
6421
8306
-5103
-4532
-7522
-6861
-4572
624
6408
9257
6499
-9738
3552
-6055
-215
-6488
5014
-8818
8792
4142
-1156
5315
-3842
7207
4490
-4876
-7433
7298
-9203
-6940
4197
-7813
241
-1880
-9728
-2684
9678
-2568
-5958
4014
-3082
-882
-3850
8893
-3035
-5699
-5726
525
-6282
-2934
565
-4529
2442
3264
-8931
7724
-6338
6227
-7967
5777
-5010
2193
-7256
-4557
-2808
4527
1884
5062
6521
-368
9662
136
-4638
3672
-2232
-5008
4423
523
3429
-8843
638
-1435
6720
3770
-6778
4695
7960
-5538
1130
1926
8111
-7422
-7726
-7227
-2534
-116
-4045
-4061
4823
235
-4912
6615
2197
1077
-252
1972
-9628
-4896
-3206
-650
-2755
8151
-3221
3531
3695
3168
-2020
-6682
-5110
3173
8076
-3015
-3253
-6360
-1845
3781
5093
-1630
-5775
3093
5603
9931
5862
-2504
-4814
-4762
-9501
3334
1123
-6409
4117
8624
4020
1783
3552
2652
-7864
-2907
-2575
4279
-5975
-8846
-7858
-7161
-423
5553
232
-4733
-2504
-2731
-7812
1590
-547
6414
-2087
4828
-9251
-6150
-6869
-6100
-9511
9456
-4226
-3211
-2449
1070
-1888
8790
-7464
5649
8910
-2640
-8437
3132
-6500
-4441
7889
-51
-2643
-2087
-8463
6528
-6929
4868
3652
4613
1615
7318
1510
-1576
5995
-9033
9169
-5787
8368
-4441
874
2035
8791
1473
-1859
3079
2874
573
-9932
-1264
1518
8332
8514
-4355
8285
-593
-8693
-6373
-5136
6212
2473
-7547
-6002
540
4282
7305
-8628
-7872
-4898
6917
6941
1894
-5466
-9772
-7386
8905
7758
-4176
2038
-1027
442
-8325
9242
8467
-9968
-3368
5958
1966
-4486
8795
-7612
1191
-9564
-7288
-1468
5535
-2436
7088
6176
-4517
-5185
-5134
-8382
1613
-5432
1275
-533
8512
-5064
8570
6030
-1441
8691
-6410
-2991
4274
-3543
2902
-9261
-1467
-9379
2125
-6237
7972
7873
-4950
5004
9258
2435
-5692
1215
1037
3181
7827
134
-4241
456
7553
-6818
-6121
5470
-4573
5126
2397
5880
8890
5663
-3875
-934
-4617
-9474
-2545
-4316
-7391
5340
4326
9694
7918
-8228
-6729
4190
8971
-3949
-8683
1519
773
-2410
-3296
3113
6990
1887
9294
-3380
4978
-4695
3230
-3324
7263
2907
-2933
1679
5140
5659
-839
-6683
1594
-1260
6076
-1089
-2763
7917
-3435
9885
6039
-7305
5199
226
5569
-2513
9838
8472
6553
-2955
1340
8817
6867
881
-5615
3230
-9205
9885
4714
-2479
-5793
7078
3394
-7369
-576
-9443
6317
-1841
-1236
3523
7675
-4407
5837
-8605
3211
3176
-9928
3413
9180
-3275
2486
3818
3754
4662
-9454
778
1822
-1409
387
8567
9911
36
-1542
1841
-7408
9770
3821
-4562
5564
-8097
-7202
5614
-6362
-3911
-2264
-3580
3706
-172
-4997
-6063
7420
2532
678
-4040
2348
571
-7015
-4314
7398
-4145
8402
-3193
5395
931
-956
3320
7416
-1982
5232
-5264
-9590
-4905
4508
-2958
4172
9023
-5210
2411
5748
9946
8405
1978
5872
9309
3381
-2295
4028
-6527
-471
-8188
-6007
-5756
3577
382
3819
-2615
3565
-8478
2628
-9640
3452
-680
-4492
5780
2976
-8793
-393
5649
-618
-4169
-9177
3256
2935
4547
-835
7687
6890
6010
6741
-4043
9257
6066
-1822
-4101
8564
-7939
-7623
-335
5817
5630
788
-9446
9582
-7002
3203
9806
1131
-5510
-10
-6925
2942
-9015
9698
4589
-4578
-3246
-3736
170
-2943
8454
835
2613
-703
-3508
-4434
1554
-8822
-2727
-3067
6072
-60
-7691
-3063
7448
5464
-4722
-8565
1321
3630
-3839
5127
335
6574
-8141
-3209
-2391
-8776
9655
5049
-7488
-485
2964
5234
-9826
-6398
-611
2440
2636
4710
-6089
-7600
5134
-4139
7830
-3548
3987
-9043
2977
-5368
-3746
8231
-8452
4900
-5415
-1627
-6050
6743
-2500
9405
-4810
-3942
454
-9396
-7844
-3234
3227
-8849
-5555
6516
5380
-2070
-1046
6084
1691
9881
-2941
9918
-1291
-6330
7247
1626
-6923
-7832
-4066
-6172
-1230
-7411
-6960
-3010
3745
-2200
874
-9903
-3631
-8479
-2256
4464
5832
-1027
9548
7727
8236
1574
-4524
9757
1955
5707
9880
-4737
-1543
-5118
-9501
-1088
-5665
9959
5117
5859
-169
696
-8134
5523
-9268
-5362
-7794
4346
6122
-4812
4125
-901
8775
-4614
-3447
8170
1006
8080
-2210
-3503
8060
13
6518
3284
-3228
4949
-413
571
7700
-4723
2605
-8325
-9198
-5973
-4069
-4032
-1772
-350
4781
6992
1042
-8884
8853
-6614
-9695
-8532
-7498
2225
2416
-888
-2641
3804
9420
6453
5427
-7617
4301
9142
5566
-8291
9219
-4123
-760
-9718
4917
1794
2302
-7064
-2674
-6564
1425
-5541
-8450
639
5898
-8991
1659
2457
6249
2287
1703
-6757
7384
-8174
-7637
8501
-5170
-7903
7575
-8735
-3765
-2380
1531
-4069
-4092
2629
4275
3471
2928
-7251
-7513
-415
-1844
-6129
-3980
3944
-7975
-1390
4966
8177
-985
7259
3136
-1475
2496
-3055
9836
6566
-7365
-8430
687
6831
-8368
3420
-2101
-1890
-1674
3833
-8531
-3149
3475
3502
-8539
-7134
-8952
-6213
-6105
-6993
6838
2826
-6836
4711
7524
9188
-6894
3717
-1247
5415
8639
-7369
3206
-7207
-5628
-3121
-2036
-6663
4145
6149
6452
-7617
-2473
-7695
-4253
1749
7788
-9802
-8629
2182
1619
-4995
-6712
4451
9906
-7631
7530
-411
6399
-6576
-4357
5193
-5818
4004
-5205
-589
5356
3109
3058
7748
-9368
2165
867
-9612
4402
5561
343
-5510
5753
-455
9677
-9396
8372
2959
7081
6419
1386
8513
7964
-750
7517
4416
-2733
-2869
5567
8377
5277
-5138
-5168
-8994
8111
-6535
-6565
-9220
3478
2236
-1715
-6546
-838
9652
5254
-5416
7236
-1947
3306
5760
6172
3325
-3022
-364
-2989
4335
-5365
-2074
-1471
-3643
-4277
7461
9129
7528
1547
7885
3969
5981
3906
-4552
2962
972
5566
-1017
-7151
-2164
8414
-7822
-6915
-2486
525
-1196
9548
-8022
5361
6120
6934
-1431
-2008
3869
-8758
2069
-3228
3015
-1839
-2435
5684
-5823
-3280
5007
8434
-8042
451
143
-412
-8438
-1291
6003
-2865
9990
9113
-1538
4155
3671
8348
5965
4355
2521
-4078
7659
-3015
9458
-2235
2916
4471
-7883
-9546
-7413
-3853
9918
-8413
-7845
-7892
-4029
8
-1369
2149
7831
-8776
393
6635
-2296
-1582
847
64
-3369
-2218
-1216
-5596
-3908
-2333
-7575
-9511
-3326
1340
5924
2460
7623
9828
8841
-9323
8808
9284
-1978
188
2286
8865
3101
-1882
9176
4310
-4921
-3921
3544
2325
-8205
375
-5083
8035
-6318
8798
-9113
-8988
-9822
1237
-7652
-2139
5614
9350
8656
-6114
-7725
3248
-9193
-2664
2448
4279
-6108
-4438
4041
1023
1145
7938
-1986
1066
8848
-7929
-7733
-9572
3181
486
6965
9947
-4624
-3954
-8304
2974
-4560
-923
-4435
929
-5657
-9017
-9817
-909
3038
-728
3523
-1702
5388
1695
-2041
-8070
8152
-3779
2067
6622
355
3056
-9399
-946
1572
-7552
53
-6861
4326
-7301
-8286
8519
3426
-613
1174
-8298
615
795
3637
561
-4009
9890
9988
9518
-8972
3839
-5041
761
7229
2901
-1588
9145
-2568
-9021
9259
-9404
-9251
-3314
-3307
4177
-8944
7239
4207
-8962
5472
6931
9494
-7898
-8365
-7341
-1954
9304
-2426
2658
-2533
-1362
1280
5270
-824
-2450
-6472
8564
-7840
9124
-5320
-7536
9522
2745
-8844
-3904
-5257
8076
1769
-6380
-3785
2753
9771
-5765
-3835
6222
-2465
5479
2444
7629
-60
-1260
-5869
-9120
-9483
5913
-6846
5178
2483
-9342
-1519
4966
249
3368
3704
860
-4977
-4774
-7663
3393
7358
-2449
6213
8069
-821
1885
6137
6019
-2238
9368
-3962
-497
1099
-53
9533
-4430
-868
3570
5297
3180
5229
-3390
1538
-1832
7760
-9825
83
3458
7307
9453
6327
3957
2175
-5743
-7411
-6798
-7762
-2829
3817
3974
1828
2714
6875
-8002
6799
-5813
-4116
8165
-3125
-4339
1088
4910
-3948
-9373
4102
-4892
5376
-9373
-5843
-5496
2067
-6156
-5730
9325
9556
7211
-8941
7377
-5944
-7053
3619
5956
-3330
-9711
-1219
-7815
6679
-5508
7728
9505
-1057
-6637
7770
7335
1059
1468
7437
-2716
-7271
-9239
9318
7681
-7669
-7936
-6243
949
-5903
-8796
1387
-3034
-1801
-9812
-4123
-1807
-4826
3245
6762
-8474
-3298
-8917
7546
6343
5511
4565
1354
-1438
5083
2167
-6327
-7747
9567
-6745
130
-9895
257
-6699
629
7302
6254
4600
9543
4803
-8690
2015
-4251
3104
3119
2530
-8628
6019
9908
-870
9588
-2127
-2316
-822
903
-397
3092
3745
-9169
8240
8506
1849
1682
8486
-1015
8402
3051
-124
-7262
-6173
5222
-6806
7121
174
3508
-6819
2456
-1770
2865
-417
-9205
-4390
-8790
-2880
1814
-394
-6595
5882
-2967
7849
-4934
4617
-3808
4117
-3736
6757
3875
6844
4548
-6934
-7474
6818
4277
2744
-7993
-7879
2518
-238
-9367
-9947
1325
-8680
-5812
7059
-6702
73
-165
7794
-4572
-6054
8316
-5353
-911
-5901
-3388
-2140
-570
3166
3344
-9480
5529
-1418
9063
-1424
-2095
1310
6716
-4947
-9862
5104
-1830
5901
3266
5995
8064
1433
9910
5131
-8356
-1039
6474
-7661
2976
9531
683
6299
9617
8135
-5280
-7592
6758
-6783
3826
-7602
1576
-8843
3827
-1015
2810
7997
-4218
1436
5599
-8144
-3829
-4080
-2802
-260
8356
5832
7272
224
-9908
2869
6595
428
-4400
7618
5505
383
7783
-9692
-2479
-5516
-9778
-2690
7809
6850
-1842
-4846
8091
9414
1419
-988
9975
-5570
-5078
-5893
56
-4213
-6899
9038
-5116
-7208
-4232
-6795
-2430
-5541
7695
7878
-2434
8228
7877
4067
-9493
-6919
9669
2565
-9891
45
4349
5246
-6167
-847
4571
6039
-4012
-5388
1480
-8427
5863
-9895
-3484
-2472
3188
-6791
-7031
2521
5859
4408
-5248
6286
-382
2336
-3564
-6411
-8566
5457
-358
6078
7990
-4513
7485
-4114
-1628
-1989
-9984
-118
4922
7025
3833
-7292
761
-6275
-7597
2634
7747
-3956
-2041
-4290
-633
2710
-6693
1133
-4401
459
1458
-7692
-2252
-7515
-4964
-6846
-5837
-1131
9117
-5020
-8670
8838
153
-3422
9641
8402
455
-5421
-2086
-4882
6105
6534
-6641
-323
-9279
1729
-9367
9174
-3612
9126
-8382
9069
5582
-1467
-8898
9403
-2174
8409
9312
8405
4238
4735
739
-1927
8820
-8483
-550
-963
-9448
304
-6222
-2833
4789
-1707
-6926
-4100
7573
-2513
-6762
-4247
-5413
3157
3424
9604
-5447
6974
-842
-4058
2031
2107
-4432
6565
2262
9495
-701
8967
5808
1940
8041
9993
-5432
-1911
6735
-6248
7794
8263
-4450
-8942
-1235
-6460
3738
-4377
3648
9477
8045
7766
7718
5799
5462
-6673
9800
8923
3850
9834
-6755
2046
661
-316
9316
-3646
4592
-714
5089
3439
870
5960
-3724
-6648
2322
-2687
-9494
4582
-8963
-2950
-6446
5029
-7978
6385
-3853
-1241
2571
-480
8104
8207
5078
3400
-7416
-1443
-2011
-5017
-4436
-9752
5977
7272
-8504
3358
7431
-3485
1510
-1314
-4806
880
2235
-9177
5630
8424
-61
-1275
-7121
-7000
-6991
7094
-1747
-7840
233
7667
-7306
-3178
9058
-3166
8525
9943
-6332
-1471
2597
6899
-2396
-3896
-3277
-5801
2512
-1621
-1415
4383
-4659
-9939
4898
5704
6815
1340
3475
-4671
9100
-5099
-5116
-2311
3490
-2414
8440
5399
543
8604
1637
-5279
-5034
1143
6824
2650
-6509
-4297
-310
6584
-2982
592
5226
1180
3713
7634
-2534
-3704
2841
8625
-3272
-9790
7123
-3967
-2485
-4061
6954
7390
-1760
7069
5924
-5210
-3502
-1256
-8468
4445
3856
-5871
-2887
-8292
-8480
-4349
2509
3957
8544
-4214
3245
7031
8753
7012
8342
-6919
3369
-7031
5558
189
3017
4541
-6840
-2737
-4892
6762
-7632
-7893
3029
5895
-8419
-602
7842
9674
-3765
-8590
8746
-346
-6650
3525
-2962
-1718
6693
-5270
-2118
9320
-4588
8191
-9032
9336
945
-2551
7278
-5923
-9890
-5588
-9997
-8796
4430
-5183
7371
5474
4255
8362
8126
-2518
8852
-1654
8221
-23
-1091
3916
-6220
-7831
2804
2551
5908
7113
-1888
-4264
1804
9007
-9894
-1878
-4353
8130
-6802
9798
9892
279
-5069
2809
-5053
-8659
-689
5660
8256
-7365
5463
-4780
4900
515
-942
-9421
3660
1111
-5488
8912
4458
-4286
5861
7780
86
9886
-9859
3592
8895
-8402
8789
-6943
5079
-3148
-938
4834
7838
-2416
-7446
7216
5405
4345
-8179
-9917
-1240
-1368
-2731
3265
-8185
4138
5265
2894
-2764
-390
-9636
-1247
-6583
-1522
-956
-7365
-8279
735
-8866
1342
-9345
6692
-5114
6293
5083
-6322
7866
9903
-3484
1007
-3827
-3502
-4603
1041
3912
-226
3350
7547
8906
-3743
6637
-5436
2304
7600
-7150
8910
-7154
504
9579
6877
-2330
-3807
3678
1613
-6704
8778
657
1242
-1484
8070
8596
-4669
-8074
-237
3298
896
7077
6222
6503
-6117
-8501
1161
3501
4081
-8722
1095
-6567
-9443
-7025
6763
-5044
2182
9346
4458
7178
1743
-8343
-6582
-3263
-2242
8260
-666
-7241
-7937
-6690
4126
-5992
9357
2954
8454
1465
2747
-6389
-3499
-7531
-2067
-3044
-2706
6728
803
9268
-6972
-1716
4585
3870
8630
-3970
9857
-3124
8648
-5239
-6922
7091
2869
6681
1028
-1663
8008
535
133
6603
-5618
-318
-4189
-1016
8832
142
-239
-854
7830
-8513
1081
8040
-14
-3262
-3404
983
5111
-7321
2358
6516
9448
-1868
-3674
2800
-7268
-9595
8195
65
8334
-9376
5608
-3338
-4767
-6953
1336
-1678
7613
-2605
-9131
-173
-632
7134
-8706
-1213
-4849
-5296
8945
2629
-2587
-2585
4286
949
100
-6648
4364
2033
2989
-8222
-1254
-7391
126
-7088
9300
8315
-6731
-2680
-7334
-9610
-908
-3357
-1906
7464
-2282
5295
8851
9001
6691
-404
-9632
8968
-6855
6395
-8504
4283
-6452
9953
-9660
-5852
-6170
9605
-506
-9672
1557
8787
8106
1278
-8685
-7274
7707
-9486
-7681
-9393
1170
-601
-7157
-4585
-3866
-9825
-2918
-3408
9205
8284
-1654
8223
9229
6496
1915
-8546
-2314
-5550
-4180
-8486
1715
7306
8197
-859
-3100
-3636
-5338
5400
740
2807
3225
-8097
-8372
-1271
-9159
1702
6435
1227
-8965
1433
7781
5892
-7506
-8603
2807
8385
-6156
-2361
-8268
3112
2528
-4262
8186
-693
9790
669
-7023
-7575
7534
313
-5653
5559
4268
-307
5036
4372
-7685
-7358
-4527
6337
-4861
4134
-4824
-7792
7360
-6374
-8120
8412
4176
3295
3823
4325
-1558
-3577
-242
8806
4094
-8210
686
-1038
-7050
7274
-9360
5385
-3526
-7309
-3000
-4669
1133
8518
1799
-745
1785
-7351
-8408
-3318
255
1006
8427
6461
3634
-8919
174
-4611
-5640
4153
-8409
4113
-1283
-2474
9126
8630
-3840
3403
-8651
-699
5883
7183
-7834
8072
-5359
6566
-3073
-6686
-6719
9705
-6916
-6697
-5847
-4393
2822
-7850
-4592
-9262
7651
7754
-814
1963
2478
3084
3479
2076
-9015
-6794
-2743
1276
-5306
-8421
-3463
4429
7201
9064
-1198
-344
-814
8831
3197
-526
4931
9073
7861
-951
-8900
-3709
-2244
-1016
-9495
-6681
7348
9927
-3350
-7924
9487
-3805
7761
4945
1343
6066
-1473
-5874
1894
1321
9302
8832
4802
6070
5332
-7487
3123
8054
-8395
6607
-5942
-9098
8688
-8687
2130
-3109
-1446
6248
2369
-3011
5871
-2874
297
-9362
-7890
-8999
4651
-5818
7282
9216
2588
5784
4173
-5680
4741
-6243
-5794
9407
2434
-698
78
6340
-9349
-9135
-304
-3838
-3115
9091
8860
6586
-3011
7955
-6836
-1938
-9946
-4808
7743
1092
-4276
-7827
-9240
-1571
4911
-8771
7328
-4398
865
-3386
-5922
9363
8063
-6377
3768
9571
-4699
-2144
4033
-7456
171
-256
-4512
-2779
5400
4900
7301
6257
-8730
-2901
-1456
3820
-4597
3686
5349
-90
-6299
9358
-972
2689
28
-4953
2792
762
-3316
-5628
-2243
-5170
1512
7418
-9658
4177
6592
-8918
-9951
8199
7199
-5648
5063
-4591
-9962
-1615
-1302
-9092
2517
5865
-8887
268
8173
-7288
-3631
9922
-8790
-3776
9006
-6250
9117
3600
5918
531
-3034
8676
-430
8465
9733
-6745
8717
8418
9523
9394
9254
-6358
-1116
8858
-7659
7102
1459
-4692
808
2518
-9594
-3455
7108
-6129
9632
-2920
8665
3111
-5730
-2835
3025
-8410
720
5122
-7883
9360
-3506
1291
-3053
-1439
2562
9224
-9603
480
7653
972
-645
222
7437
-1946
9890
3529
8531
4119
-3965
-8657
7489
8576
-4394
2131
8201
-2918
-2145
-4277
6819
-5034
-8376
3552
-9216
-7964
-3107
5531
-8150
-1601
-1469
-9920
5760
3476
1098
-8875
7625
1661
-5073
3354
6617
-5805
-9503
-9768
-6130
-2679
3127
921
6597
-661
8314
-4798
-9346
9129
-4205
4870
6523
-5250
3967
8016
-8808
-9213
-7186
8095
-7212
6000
9803
-1401
-4181
-3930
3134
436
7671
-1275
-4419
-1692
5870
-1017
-3953
1592
-9213
790
-5998
-4308
1598
-5108
-4589
2748
6647
6310
-54
6195
-6642
-1527
-2910
-857
9240
4923
-7793
-9690
-1312
9380
-450
-1510
-1629
6545
-6893
-6009
-259
9099
8850
9108
-9069
2340
3803
-726
-4986
-3558
4280
4305
9022
-9953
2416
-5269
-5806
-5534
-4040
9718
-2499
8699
-5136
-9920
3730
7105
4659
-4682
7235
6833
9155
-6295
-899
3093
-3850
2274
4155
-5297
311
8196
1841
5634
2442
-9574
8606
-9923
-3310
-4353
-8751
3065
592
-4293
3731
-691
-6172
3313
-9042
1452
-5752
-3249
-3559
4275
3439
-7149
-411
8732
4878
-8917
-6295
5436
369
9724
-1496
-9429
-4377
-2613
1727
-8985
-7434
-7073
-2663
2351
-709
-1868
-2238
2602
9075
-8913
-9459
3709
-1040
-4966
-291
-7278
-8017
1719
1896
5212
-8428
-711
6589
-9239
-9961
-2441
-1589
-7942
2157
8714
-6169
6624
-2911
3755
6586
6297
5468
6635
1534
-425
-3570
-7603
-8390
-1654
4853
-3603
1528
4472
-3296
-5451
3573
9196
-5407
6868
-8744
-5097
-5914
7633
-2241
6939
-9187
6690
-9759
9902
-8840
-4461
6683
-1806
-5518
-6435
-3946
4566
7961
-9199
4650
-6482
1861
-9714
888
-768
2845
-3617
-8625
-4212
4282
-7159
-8121
4367
8412
310
-4412
3953
-3261
-9515
-8981
-366
5625
-1041
8634
4353
4381
-6245
-3193
2457
1488
-3497
-167
6933
-2700
-6816
5315
-1299
-4511
-3250
-7575
-2240
2827
7578
703
-1278
7728
-3117
-6821
-7944
5464
-1114
9664
-572
9045
9468
2337
-7810
-216
305
1586
-3785
-1994
-2418
5782
8407
-4335
-8611
4698
1610
-9735
-7800
1501
6310
5748
8500
282
-812
-7866
915
-1708
-5987
-1692
4721
-558
5331
2328
-6520
-9671
-8379
1476
3651
-5780
-1881
-1301
-5083
-4420
-1547
-6813
7426
5826
-3646
-5193
-6694
-9242
-7346
4319
5278
-2821
-5592
-3012
6311
-8736
-6317
-4627
9195
-9916
-2453
3086
5018
2403
-8312
424
-5150
5839
-700
131
-8806
1771
67
-3038
9531
7745
-9557
-222
-4211
-2230
3853
7025
-5347
-4448
-5133
-8806
-3758
8725
-3913
-3563
8312
-3638
-1082
-5724
8809
2905
-5839
-8913
6797
2039
-5079
-3152
-6721
-2547
8764
2297
-5159
-889
7671
-3469
5963
2249
-207
-3113
-4630
-2648
-2478
-7187
4523
7674
-5691
9096
-8725
1836
-9391
-5181
-2672
7058
9771
2863
2618
-3681
3835
-3056
-9867
-4232
-6042
-5087
3944
-3962
-7101
8059
-6218
2391
1302
-3789
9357
6273
1247
8362
5742
-6840
6512
398
7494
-8344
2735
-8376
-6292
1936
-6096
-1483
3915
4421
30
-1498
8004
-1062
2644
5880
-8601
-2712
4357
-2479
5267
8407
-4254
9049
3620
-8706
1764
-6338
-3292
9493
9304
2955
-5199
-1821
9265
-284
-4320
3444
-2999
215
7568
-2915
-3248
4441
-122
-3398
6250
-4845
-1302
-1407
-1435
9640
8085
4524
1201
-9309
-1920
-9207
448
6793
4387
6147
-4981
-8889
-9923
2760
2950
-7747
629
1029
-9988
5862
-6404
-8902
6615
-204
-5422
-2009
3659
-9672
-79
3865
8934
4768
9808
6541
6944
-2899
6809
7162
2102
3501
-8683
-5830
-9083
-3154
1900
-2499
9144
-6705
8688
-3097
2980
4861
-4939
9871
-7964
8863
-4909
629
1120
-4275
2136
-7112
6926
-6391
1130
-1817
1194
-5728
9061
8896
1508
-1467
1751
4337
2616
4218
-5379
-3721
9978
-8785
-1221
3711
7959
-9838
5589
88
-1353
4440
-5945
-4048
-5888
1576
-5726
9246
8207
-5540
-4709
-5121
3071
-4024
-6910
6667
-9342
-1269
4218
2986
1084
-6446
2602
3823
-2578
3580
-2372
-6950
-9197
3549
-3305
9073
1804
3513
6663
8786
-2293
-267
-1664
-6890
-3076
8419
5215
-2593
8605
7999
7959
8628
-8088
8609
-7032
-6341
-6561
2623
-414
-7178
7554
-1951
5062
3571
7121
-1719
6459
-1339
-4168
5901
3688
2156
7241
748
8198
4277
-2537
-4834
1666
-4737
5494
1650
9332
1462
5650
5847
-7342
-8759
-7173
2382
4728
-7379
6111
-7116
5913
-9768
2292
3689
9556
-4358
6497
6477
8716
-9548
6737
4538
9407
-5464
-5863
6046
-6514
637
-8419
-11
-6582
-3600
6919
-9556
1665
-480
330
6674
-6343
-7478
7164
4437
42
-3069
-8659
-1910
-1399
5454
-9388
5702
-5543
-6491
-295
1869
1430
2536
6832
-3839
-3042
-9270
-1731
359
-7131
4215
1098
-1227
-8883
8236
-989
9347
-9414
-3731
9310
1695
5742
-7126
4440
-8075
-5408
-6576
-9388
1970
2392
8463
-6105
-1393
537
5664
-5805
8601
-9320
9023
-7043
5472
-3816
-4873
-9953
9720
-7319
-1741
-172
-7254
-6548
-8543
-6845
-6663
7614
2578
-4825
-348
-1842
-6147
-9388
-8103
7133
1789
-7061
-7492
7148
-6449
-5601
-1670
-9833
-5261
-8736
-8453
-9499
-3640
-6890
-2009
-890
2831
-3358
-1843
-5906
6205
5541
1746
9767
9109
-7779
7384
4951
4636
8687
9261
3576
-8867
391
-8139
5508
1196
6917
1464
-3147
4374
-7384
934
-7267
-9669
7792
-6576
7087
8413
3653
-1311
5284
5136
7487
2963
1574
4532
-6136
1217
78
-2638
1552
7047
-1366
548
1029
6467
7429
6271
-4061
-9144
-1762
-4169
-79
7751
-3531
3503
-6949
-4181
-7624
-6989
3044
-7757
9860
-96
8832
-8647
-5160
-2175
3912
909
6127
2789
-6985
6523
-6118
-9588
7013
4503
-6620
-9050
2778
5984
-8801
-2394
3113
5084
8838
6174
-1013
-701
3671
-2686
2179
-8037
-57
-6443
-8121
9957
2881
-8395
1361
3642
7930
1047
2543
3349
-2374
8346
6105
-9663
5215
4618
-2342
-8841
642
7325
-2989
-5678
-639
-5042
-6032
-8842
1554
-6531
-250
6851
7687
9389
8106
-4358
3765
-2679
8006
-9604
-1020
7303
-5146
-2909
1178
4234
9788
-1210
1503
7993
-6667
-2019
615
1511
1434
-249
434
7773
-3052
7043
-6587
-7568
-2845
502
-2753
5380
-7830
9531
3840
5868
-6904
3134
-4197
-4254
5246
6794
8844
-9303
-3081
5606
6742
813
8546
1473
-6585
-6758
-7614
-2440
-5710
-9358
-6944
3050
3442
-6950
3407
3196
-5626
144
673
1275
7795
6002
-9632
2386
9861
1823
-7417
-541
-2876
1591
-502
-9969
-8371
6258
8922
3483
6965
4182
7104
4278
2504
5952
-4943
2871
-660
4884
-7636
-5205
5154
-3783
-3374
-1229
1280
4186
-3520
5955
708
3369
-1933
5600
3286
-6341
746
-1388
-3660
-6994
-1676
-7188
-9639
-8594
-1300
170
-5069
-52
-7860
-4565
5521
-3945
-4823
2721
4466
-7717
979
-5657
5007
4360
8213
5855
-6529
6771
7067
6539
5227
2808
3988
-1118
-1194
8313
9542
-2748
-5545
2597
4662
-153
-1348
-447
-1983
-5529
7046
6455
-6648
9985
-7016
1448
5058
-3751
-8809
6273
8391
4302
2346
7712
70
5570
-5919
-6827
-3599
4800
445
-2305
-5761
9014
-8777
4129
-3160
-6960
-8397
-5263
33
7615
1447
2262
-6768
-2345
-9665
2827
-1991
-5074
6339
9318
-1117
-7067
1683
-2269
-7759
250
5922
6681
4114
9215
-271
8499
-9600
7640
-5152
-8114
8936
-5261
3736
-580
2857
1124
516
-1939
5050
1181
2067
-7767
8082
-6675
7213
-1567
-2553
2469
-6097
-6113
-7697
161
7707
-4380
-8736
-553
-9401
4589
-8211
-4766
-1817
-8123
1706
2076
4046
1800
5294
1817
-3539
-4181
-366
-6866
897
-5464
-3782
885
4393
1678
-3807
1270
-2966
-4002
4546
-8612
8388
-1265
-6635
-739
-695
4734
6607
3471
6387
-1024
-8861
4079
-8468
2046
6867
-77
3847
2402
8151
9869
-6317
-3361
-6380
-7017
-5002
-3258
-588
2887
2025
-9102
-7978
-2546
-8570
-3119
-303
-7119
9938
2062
9101
-434
1090
2713
3068
-9826
-166
-5405
-6673
-6853
-117
-2235
6424
-2047
2238
-9988
-2316
-8528
4893
6524
-219
-5792
-7703
-2828
-2407
-9114
-2641
-4812
-7306
-8711
5389
966
6856
6807
7631
-9822
7178
8047
-4931
3386
-5552
989
4722
-5682
-7931
-2211
7178
6636
1804
-4265
4376
-3194
-5772
2148
2824
6445
-4139
8705
272
4041
874
4641
-8700
-6294
-6034
-8897
3456
3476
-4183
-5660
1157
-4594
-1721
5144
-8422
-3744
4276
-8584
-5516
-7519
8816
-1211
-7588
1292
871
6021
8985
6020
-5936
-5273
-79
-5179
3762
6497
8057
-3882
-10000
1717
7708
8514
1901
2288
-2650
4372
-9553
4837
2888
7295
-589
4478
7139
-1643
4727
-6864
4976
-6334
9842
168
5316
-6467
615
1194
-4928
-6658
2185
2976
-5343
-1865
344
-4111
-4694
-2967
5010
-5074
-576
3822
-5044
4031
2962
1993
-5163
116
-4912
199
9351
4512
3730
-7846
5617
-9155
6296
-8734
5548
-3069
2897
7725
1510
9687
-9568
-2924
2072
-7768
-3516
5215
832
-1552
6128
-5916
-6024
-6034
6045
-1604
2893
8126
9894
-6920
5839
-4438
-3720
3883
-5502
4116
3710
-6907
-510
-9625
-9333
4166
9285
8630
-3432
-1915
1355
-9283
8210
3107
2694
-843
3350
2750
9642
9341
-4245
-1720
-628
-6182
-9493
-5925
2735
4429
6849
240
-4807
2733
-389
-5446
-2019
-9054
1930
-9019
-9664
3402
6972
-3552
2416
-9195
-6825
9099
7643
9043
-9793
-7900
-7571
7789
9620
-2293
1584
5496
-7903
-5015
-1527
4426
-2756
-6817
1763
4755
4664
3694
7679
2402
7794
-2862
8763
268
1502
2722
8676
-1930
525
1222
-2347
9621
-2212
4868
9997
7313
-2947
8495
-7561
4093
-7412
4108
6698
6342
6167
-4213
6170
-443
-6059
1698
-2577
-6890
-4331
7194
-7903
-9214
1480
-6394
9136
2935
8037
2281
-7531
-7624
-2371
9816
-9485
-1586
-903
47
-4157
8067
-1719
6843
-7125
7280
1502
4250
-211
2312
3795
-8586
6344
6440
1554
-7133
3615
1968
3620
-4016
-454
6566
-1334
-5737
4368
949
7586
5946
7771
-606
3393
7555
5251
3347
-3280
5457
-6688
5140
-4249
-5439
-6057
7928
-1806
-7580
3276
6252
9989
8409
7788
-2938
1595
4479
-1033
-8477
-7063
-1050
-8178
2231
-2988
9772
-9029
4150
-8651
4565
7616
9550
-6169
450
9129
-2835
4723
3078
-7377
31
4930
3229
6743
-9999
-5014
9085
-5304
-9377
8898
-4833
-845
-8732
5638
-9523
-7316
6683
-562
2770
-501
-4047
-1775
-5609
852
4605
4711
-4874
-6759
-6873
-6346
7427
-5530
7182
-4592
9402
-8742
-6542
-9519
-1515
-4890
-5102
1186
461
-5108
7298
3312
-7941
-7890
-9460
-5392
8397
274
6267
-614
-9765
-3655
-311
-8794
-6004
-1007
-7560
-1265
3615
-6941
-1296
-4216
-4522
-6901
-9853
9523
-4348
-6172
9738
7469
141
5409
8660
9931
7320
9455
-3895
-8548
3497
2959
-3464
3433
-7065
-3024
-689
-368
-3295
-5957
-9423
-1941
-8296
1200
-6136
-1385
-9392
-5984
3616
-5133
3439
-3666
6746
-7285
5427
-8541
7964
2508
-1010
3792
-4251
4454
-5144
-1014
-8509
-5537
-5752
8294
-969
-5552
9412
2902
7966
1460
-5417
-6215
-2724
8054
1201
-6861
-4818
-4601
-5479
9346
-2737
7312
-2205
3116
2448
-695
7949
4561
-3454
8329
2686
-9169
-2550
-3533
3563
-7759
8476
-9042
-7998
-1385
9051
-371
9551
-6615
-8991
-2976
-4086
734
-330
-4281
2467
372
451
-3865
7039
8975
8553
-8375
4350
3962
-692
9292
7560
-4598
-8301
4560
9974
-7856
5904
511
7736
559
9909
1945
-516
-6430
-1385
5173
-548
6516
7986
-8493
-479
-1632
-8471
-815
9145
-8739
4482
-3561
1200
-6471
7030
5043
3623
963
-8482
9684
4114
-4095
8180
6290
604
3734
9678
-6161
2385
6001
9529
6444
721
3276
-7158
4767
-927
8012
7158
-5241
9952
-210
3972
4899
-1478
6364
2618
2887
-7838
-2483
-1072
4837
508
4824
-3711
-4716
585
-1857
-68
-4170
1817
-2495
-3448
2981
6682
7049
-7323
4955
9913
-2046
-8349
227
-1646
3075
-475
8593
-4268
5254
8348
6523
-168
-5096
3548
-6332
-4432
-1319
-4635
3652
-4661
5279
7276
-1815
3613
-5897
1316
5992
-5858
4681
-5629
8354
-6461
5700
-820
-4370
3584
-9548
5936
-5855
-5576
5796
9125
1670
-7351
-5061
-3683
-1840
-7023
8974
7678
8281
-8258
3255
-8327
-2157
5643
-8006
-5339
3300
-1165
-8076
-8481
-9123
8264
-2791
-99
-8035
-7166
-1375
-314
-3504
-2714
9106
1482
3123
-5936
-7547
8250
-8953
8944
-6504
1971
-6312
-1473
1660
-7119
9441
-1618
-3896
-9294
7241
5325
8917
9030
-5282
9112
-5098
-8959
-8556
3005
187
-845
-1736
5098
4328
-6113
7224
-6848
1143
-5243
2567
4291
9784
6907
3899
6230
-7956
-1683
-976
-6352
3941
-4471
-4743
841
-7239
-1727
7265
-1008
-3776
1451
-5132
-5783
4348
-1742
-7632
3959
-6400
-8456
-4178
1136
8068
-4873
-5166
-4063
5918
6437
5702
1927
-9560
-7079
-6223
-2692
-4003
-9401
4553
-5229
-3181
1020
-5345
305
-3127
9865
-7989
-7577
3221
-1449
4250
5745
-6788
1302
4720
-2694
2265
-1572
-8567
8822
587
-7920
-8655
657
-8655
894
862
-6228
-2692
-1153
5355
-2743
9983
-5679
-126
42
3202
-8210
-5279
-8631
-6828
-3413
-67
1812
8023
-1102
2014
-7833
-3991
7380
6663
2229
1018
-6464
-6901
4197
-2268
4427
-878
4638
8595
4071
2217
-1667
-2971
2719
8211
-3693
-6854
-2561
2880
5695
-9809
-7798
7847
5615
-4439
2821
8481
-8814
-1708
-6794
9350
-7155
-5415
-3656
-7173
-125
-8069
-4944
993
9304
-1594
9604
8269
-1662
-5001
-3886
8899
4939
700
1347
5342
651
-4098
5038
-9778
-6647
9806
-9559
1790
2452
8665
-8573
-1425
-1105
-4677
-9103
-2195
8705
7348
-1861
-2072
-3281
5599
7092
8799
-1304
-3285
2176
-995
-214
-8636
132
9069
-6108
-6286
2267
-3798
4026
-9188
-7757
-9041
-7014
5183
-1740
-397
-4200
5403
-549
4352
-5105
7856
-5147
8564
-4835
-9332
8116
5114
195
-503
-41
3221
7726
-2597
1638
1993
9259
-5272
-8041
3787
2348
5557
-6919
1128
-839
-6614
-1560
-7578
-5080
2755
1270
5987
2608
6000
6161
3843
-8265
-486
9002
3216
1425
-7796
-947
7331
8856
-428
-9402
-1827
1107
-8663
1491
9881
6987
-2021
4822
-4460
-612
321
7210
6980
-4590
-6569
6187
-4501
1898
-4315
-1185
-8534
2706
-1105
8201
5116
4678
844
4876
280
-2577
-6687
-654
3256
3141
4191
7386
-7590
-8395
7030
4468
9746
-2850
-6863
-1853
3963
-3373
-2696
9222
-5059
6226
2343
1095
-4558
7903
-5722
8291
4239
-2755
-5636
-1868
-8199
7937
-7673
2377
-2903
-4396
9185
4331
3694
324
5839
2353
1415
-68
2471
-1002
-1463
2295
5728
-4698
8855
4207
5293
5456
4185
3702
5322
-1455
-8584
-5582
4579
6533
3950
-1140
-4611
-6521
-2997
-7086
-1457
-383
-8484
-5447
6075
2757
-3707
-480
2037
3410
4747
7269
-4970
-7469
-613
1242
-3230
2147
9973
-6716
3832
8474
-2444
-1745
483
3148
-7885
-6622
-9461
8586
-760
632
-3537
-1781
8791
5370
5313
-1414
-1270
-4324
-247
9092
500
-4944
8015
4000
7181
7232
4803
-5002
6604
665
-1681
2354
3865
-2658
-2203
7486
-7272
-4411
-9487
-1198
-7877
4676
7374
8824
-210
-2871
-4569
3282
-6371
9299
-6229
9411
-3484
-3306
7686
7827
-3678
-4936
-1039
-186
-9582
-6518
-7471
7197
7897
2105
-8448
784
1688
6643
-7672
1056
-8719
-107
-6495
-3553
7587
-5188
1981
-5688
5432
-6113
-4517
6411
-9276
2121
-8871
7338
8442
-7144
2262
-6100
7177
9631
3485
7137
-547
-3813
-1452
-1521
-4537
6136
-5201
-7668
-8835
-8740
8009
6469
-763
5965
-6684
8508
-9667
-7792
6656
-729
-6155
-9176
8203
-9325
-9798
4671
-8340
1982
3419
-1675
-1103
9010
-20
-1980
-5686
477
5245
-3536
-6770
3774
-9285
9018
7448
4849
9666
-6373
9702
-137
4119
-1523
8187
-7945
2944
-3460
6637
-6354
8313
4544
8281
8404
311
-2781
-4010
-2397
-314
-1719
6862
-6092
4948
-2988
-8496
-6897
-319
-2680
-798
2389
3996
6579
1420
-5270
6442
8777
-326
-8821
-7743
2013
2842
9230
370
-4618
3234
5485
8463
-8390
2780
-4894
3101
3417
549
7407
-6708
5811
3388
5917
-4610
7304
-359
3464
4698
7349
-5688
-3904
-1427
-3813
5694
-3836
8671
3755
4094
-9747
2873
1672
420
6081
6296
5724
2824
-3876
9711
-8011
3498
-2901
-6334
436
6659
-1359
-8029
2299
-2575
-8384
3047
-7801
9354
-6353
-8674
7213
-7147
-7966
2448
4730
3822
442
-1139
-3276
5701
6828
-7493
2008
-5327
9832
7199
8657
-4767
6293
-6206
-5147
-9036
-3356
3441
5777
-6251
-6745
106
719
4210
-8710
-7709
-430
1821
6447
-8162
3173
-9435
4711
2460
-9884
-3482
7784
7984
9666
-9779
9581
7884
4928
9770
-4327
-7906
162
-6976
4855
3107
-6333
-8250
-4449
-9536
984
-6636
-9215
-7765
-6173
764
-5285
4757
1576
-7494
-3135
-179
-4624
7434
5981
-7162
1877
-7650
8310
6043
1208
9402
4220
7825
-4752
-9907
228
-4871
-199
-1917
2352
-8502
-8637
-6404
-8013
-4667
2611
-5830
-7226
-400
-5153
-2814
-2126
8780
9009
9649
-9819
4932
-9907
-6464
-8385
-9349
4573
4841
5732
-3314
7384
-3984
-6126
-233
4867
2609
-5296
-8339
-7959
-1396
-4112
-480
-4714
2879
4361
8078
-9589
481
-3582
6951
-8917
4581
-6904
9596
-6436
3235
-3298
-6878
9151
-8004
-6475
7568
8505
6913
5555
6488
-864
7324
4244
1262
-3602
3799
-324
-6169
2447
-6936
2694
-8937
-9266
-5335
6283
-5791
-4122
-4828
7752
-2412
4027
-7707
-9396
-7715
-454
-5791
2397
3296
-8155
-4697
6401
-3264
-4528
3617
3580
-9226
1611
-9356
8104
238
6540
-6289
-2617
7251
-2556
7685
2522
2065
-213
1908
-9556
252
-7856
9404
-7529
-2815
7882
-3188
5973
7033
1713
9567
9700
-5630
-165
-4256
2308
205
6211
9553
2468
3098
-6905
-4170
-7679
7359
6663
5354
-3035
3469
-9436
6723
-6940
-4756
-7638
512
1573
-5319
3810
5981
-2018
714
-2508
3247
8815
8893
-589
3934
1285
-1581
1759
-8360
-5262
-8857
-5258
-1228
1052
8568
-807
-7754
3230
-3440
-1574
-9719
-9716
4579
9212
-1215
5590
-66
6645
-6732
5922
8415
-2381
3222
9726
5323
2889
-4778
208
7040
7101
-6046
4861
8608
9530
-5100
-457
-9107
-8239
494
99
-9571
-4020
-7284
9620
-9856
-9190
4506
6517
7115
-7015
-421
-4024
-8762
-1935
8701
-2501
-3726
-4476
-1445
-7046
-784
7311
-6979
7588
5440
-9873
-7875
1245
-6401
2222
-2688
-9126
-7923
2373
1730
2630
4012
-8299
-2348
2929
-9760
-680
-7999
-1878
-2346
9521
-9889
5879
5487
-5520
-497
-8758
9916
-2333
8726
8896
-172
-5677
-7889
-1534
-66
-6433
9844
2423
-8047
-8079
-7436
-2506
-932
4898
-6633
3799
-1030
6504
-1129
-6858
-4078
-5566
4613
6940
-7270
-1601
-2280
-63
7415
290
5422
-9109
8283
3502
-1686
-4163
-7434
6142
8631
-3649
-9503
-5794
-4465
5225
4300
-5907
9329
-3457
-9687
-5516
-4589
-1389
-1292
-2436
-3265
2712
9322
-9563
1614
-1104
5666
-6829
-4912
-3381
-2407
-1690
1493
8190
-2526
2254
1922
683
-8736
-5680
-1305
-7243
6944
341
-8710
492
1554
-4293
-376
-211
4412
-8837
-3005
-7502
9752
-9594
-7026
5768
2563
-7819
-6235
3101
-6115
7959
-8335
-5284
7083
5595
8735
-6153
-1914
-2106
-4055
-3919
5036
3381
7272
-2197
7531
-9614
-8695
3673
-6492
-482
-4615
-8545
1706
-2102
-4045
4308
9700
-1236
-5752
6069
-8318
9059
-9951
-2812
9600
3092
9725
7962
-4634
1824
4467
4367
3374
393
-8203
-880
-6138
-6374
-2190
7714
4350
-2779
-2915
7663
9422
2406
-5327
-983
2829
1401
-5959
-6969
-9845
-3246
-2998
7457
7807
3205
1567
-4835
-1465
-6872
-4769
1052
-7739
1125
-1136
1852
2202
-2940
-2089
-23
4273
8162
303
-7605
-7976
2466
2446
-719
-6887
-5919
7542
9493
-1313
202
-4906
6118
1478
-3386
-7259
-99
-1525
7139
8462
-7726
-6735
3355
-1792
8449
-1075
-8998
-738
-303
-920
-8657
5140
1479
-8088
-4813
1060
6178
-5469
4328
-2394
-6159
2149
-9046
-7644
-943
7217
-7395
-3194
2834
-3717
-6029
5782
-364
9528
-725
-7539
2616
-6806
6349
587
3052
-2839
-825
-5929
6670
7618
6493
6357
-8812
4312
9078
253
8689
-31
5431
4870
5242
1489
-9519
2248
-8992
-5195
641
7721
-4762
-6348
-6141
-7902
-5559
-1034
-1456
-4885
6406
-9486
-1598
-782
7779
-9033
-992
7291
-2202
2171
-8321
-8459
-3421
3115
1354
1790
1061
-1957
861
-1926
-9758
9689
-4084
3950
-956
7775
5424
1384
9864
7252
-6676
3674
358
2813
-2828
-979
2171
6884
-5883
-5900
-7987
6766
-114
-5214
8380
7807
-1473
-3639
-6007
8159
-7788
2468
-3042
7693
2035
-183
708
9095
4473
6456
3533
-692
-119
1277
-7070
2648
-5979
-2172
3222
-8376
241
-682
-8404
-5158
-1928
4126
-1489
-2692
-2551
1510
-8217
-8895
8145
3196
6034
-7505
827
-7839
144
-1621
-7256
8864
-4134
1789
-4777
-1578
5894
-7925
462
858
700
-6964
185
-2663
7410
4731
-7538
8418
1241
-4021
2107
3839
-1915
-9052
-7035
1556
2052
-4101
2097
2889
4111
-6516
8617
4754
1563
-2650
-6172
-9151
-7485
-4853
-551
-7568
-8589
8067
974
3902
3682
6991
4925
8442
-2909
8384
-7408
-2311
-3439
-5153
9129
7140
-1994
-9511
1642
7719
-7179
-5152
-2325
2268
-6212
-814
-4350
5012
5785
4594
-8704
2664
-5519
-2904
8430
7485
-3626
3597
4035
-4856
-5217
9766
6783
325
2473
-5409
4955
-1264
-8384
3665
2345
-4664
-4059
-5641
-648
921
-6735
-6707
-1513
2401
-4497
-3486
-8103
2549
9065
7588
-8936
6609
-8842
9985
91
-990
4854
-2454
467
5777
-1541
-9528
681
-3986
-8351
1981
1886
245
9967
1033
-8302
3137
2695
4989
3369
8074
-4503
-9360
-2570
2627
-4920
-7307
4047
-7152
1626
5922
4804
-6076
2304
2035
2709
-1452
5889
7652
-2075
4013
-8576
-6908
-4804
-1661
6455
2789
-9062
-1287
-1760
-3519
4166
8518
-779
-2685
7430
-9167
-7462
-4082
-3305
2653
-1029
4338
-5183
-1710
-1817
-7938
-5248
5112
2730
-9085
9411
9620
5075
-7605
3442
6793
9937
-1959
-7659
-5051
-7140
1894
-7485
-776
-9984
718
8286
804
2183
-9888
9845
-6570
-361
-6969
-6806
2579
361
-9845
2623
3801
6951
4867
-6721
-2671
3883
-640
-3510
-5109
-8773
-151
-3195
3986
1155
1700
-3834
-4994
-725
-5790
-1815
-6618
8015
8719
9782
8816
-3732
9770
5020
1509
-895
-9074
-6522
-6894
4066
4176
-9756
4310
-4082
9756
-4076
7525
9930
4597
-953
-8466
-8319
4888
2105
-8226
-3989
2607
-9479
582
-5350
-8687
4378
4786
-4972
-5598
-5345
-8604
6016
7703
951
-2362
-899
5100
4367
9374
6650
-726
4011
4662
4973
-1858
7257
-5622
-1814
1807
4535
-3854
4662
-5297
8437
-5392
-1035
-558
1278
-1353
-1404
787
-6244
3351
-502
8507
-4149
6620
-4715
-8298
4316
-3896
9540
3193
-8723
-6553
-763
-6249
8260
3236
-6888
7448
1526
3035
-7899
2199
6252
-4574
-2509
9086
-5515
600
3198
727
35
-5331
7313
-4801
1924
-2416
5386
-5944
-3923
-1458
336
7151
-9279
-8405
-9884
1189
4868
5044
-2450
-4730
3750
5138
7313
-5838
4635
7951
-8149
2351
-6186
6341
-2618
-3686
-2010
-1431
-9553
-3966
-1888
4633
-3362
4378
648
-9132
-2640
-2090
696
-1767
-1090
-4794
-6326
-8359
-235
1928
-6094
-2353
-4317
8209
-8912
8610
6267
4393
-446
3724
7673
-4482
6251
8535
-4917
6038
1665
-7038
-8292
-1866
1538
-519
-9862
-5985
3128
-4018
1938
6185
877
-5167
-3326
-3900
-8642
-3938
456
-3537
7568
-7804
-1039
-3827
-9983
1306
-7650
3512
3653
-5075
9627
-4344
6511
1656
-4624
2748
7024
551
-3325
6910
6930
7734
-9643
3549
1938
-8952
7616
9845
-4754
6249
-6895
57
5007
4621
753
-957
519
9130
-8001
-3424
999
-1706
-1828
481
-6612
-234
466
6572
-8937
-7249
2392
1675
4828
-6761
6086
3344
3389
1418
428
7260
-5301
7809
-3915
-1825
-1458
-6799
-5229
3488
-7817
-4407
-3917
-5434
7614
-1451
391
1324
-3146
-9985
-9512
2944
5792
6057
-7136
-2439
-2694
-3961
-922
-1497
-5684
7482
4095
1796
-2965
24
-7929
8714
7866
-9904
-44
7757
9712
-5013
321
246
5514
1350
4406
-1378
-5623
-860
8247
-6467
8426
3322
-2829
-2943
-369
-5208
-7199
-5734
6309
6336
2845
61
3715
3410
-1360
-2247
7129
-6460
-5705
7711
8859
-1051
-5097
7445
5392
-2916
-6444
-4253
8764
-5583
-1675
-3766
-3674
-93
-400
4055
-7961
8429
6223
4240
-5606
-3734
-2076
9592
1420
4367
-7888
-4241
4201
2896
-344
6846
-7594
-6427
-3086
4875
-1420
-2849
4225
8816
8210
-8190
8950
-1418
2304
7950
316
4875
8952
7118
-8578
2406
-8222
-7094
2430
9478
-8962
9776
7750
-4541
-2496
9438
3174
-4715
-2304
8017
2166
3995
-8045
6618
4706
-6586
720
-9759
7943
8339
5359
2690
-8758
-6854
-7374
-7432
5266
5122
7425
-7230
9803
8242
6190
4590
-8840
-2476
1024
7266
-9074
3316
7688
6412
-2779
5599
-5111
-1813
-16
2661
5019
7388
-4178
-2489
687
-3666
211
-4981
1375
6102
-7
855
-6965
8113
6448
9154
-3043
3424
-2350
-1260
9758
-4037
-6770
-8197
-1357
111
-446
8416
6712
-6786
1070
5770
5470
7405
-7267
6357
2109
1699
-5623
-7115
-487
-6083
9215
3019
8485
9957
-657
2264
2060
-1441
-1093
2979
6080
-9822
-6003
-7622
3224
-8137
-393
3092
4628
-9534
-6205
-8378
-823
-2581
7194
-898
-6109
-716
-6362
346
-5320
-307
-2157
-3316
251
1855
-3279
1297
-686
307
-4447
692
-7078
5593
6981
2121
-3827
-540
4055
9759
-8415
-9942
9502
3862
5280
8572
-8883
-4448
9220
-2852
-55
-5465
5815
9686
-9141
-2100
-7816
-6687
3454
894
-8969
2768
-2847
8970
-9280
-4389
4118
-4595
-231
-3100
158
5104
-274
3650
9390
-9756
-3693
8968
-7564
2779
1879
-5761
1253
7851
-6287
-8123
1486
-8807
479
4047
-4151
-8083
8054
8045
9402
-4943
4316
7247
-7132
411
-6624
4736
2863
6396
2078
9283
2213
-8808
4720
4092
8900
-8227
-67
-2718
-5418
2944
6548
-1244
6483
7967
-4595
700
-9840
-4126
-2215
3250
-7205
4868
7066
-3138
-6889
2236
-3517
7143
5181
8165
9029
-6536
3403
-612
-1886
-3653
8162
7352
8994
6304
-2370
9941
-3879
-436
-8246
1257
-2289
-1970
9831
-9105
-9271
9321
-2182
7252
6283
7001
2221
1956
9287
3631
-6807
-8775
4016
354
-1485
9227
-669
-283
-7562
9185
-6831
1610
-9294
7470
1284
-1259
-1820
5396
4338
-6287
6769
5363
91
-8024
4268
4820
-3292
-3680
-6919
3863
-5957
-2055
-3687
5795
-3006
-3379
-3370
5090
-6360
-5116
5322
-7139
7203
-5170
-4265
-8893
2199
1428
-784
962
2087
-5623
-4625
-5102
-3897
-8919
-3358
7642
7745
4145
-4829
8558
-7922
-436
1431
799
-5650
6626
1815
8536
-2725
-7266
6423
-498
-4570
-1766
-364
6566
9954
-3819
331
-871
-1227
-5798
7959
-3868
-4299
4524
1373
-8539
-5420
-1282
-9906
8136
-3276
-9863
-7699
-383
8932
204
2399
7330
-4241
53
-658
-8389
599
-6783
8747
-2336
-8693
-5288
1135
-7054
2380
2436
1154
9278
6739
2541
-9063
-9069
-2659
-7118
-8996
1600
9024
-5171
-5053
-8618
852
3814
97
846
-5785
-1811
-143
-7011
3927
-6452
-7186
2157
-9772
-1584
4292
7046
945
9268
1163
-186
-983
5193
1187
-5116
-949
-6779
6634
7016
-2363
-4438
7794
-8395
833
1578
3322
2402
6921
5904
-2841
-5429
1579
7167
1000
-1284
4439
-440
691
2270
2541
3766
5065
-6636
4123
673
-8215
-7346
-3680
-7296
-7510
631
9338
5607
9808
1950
-1307
5439
-2894
-8491
-2992
-5327
-1036
-1074
7822
-9610
-1321
-5481
-956
5494
-8553
3587
2853
-9531
930
9609
9004
-7596
-6571
5396
-1457
-3658
3258
2903
-1071
3449
-585
-420
-9711
2795
23
-3253
492
-1080
57
7210
8650
8155
5856
785
7119
5094
9527
-1928
6189
3040
2994
-5130
-352
-3496
-4658
-5122
6216
-290
4552
5633
-7118
-4955
-9537
3097
-9709
-1150
-8020
5409
2752
-1349
7827
-7188
3386
3138
5199
6883
5163
-9951
7090
-9466
-8174
9633
7932
-2885
8540
-1054
-4612
-9303
7012
6820
4806
-3383
-1088
-9310
-5954
4668
3682
-7762
5292
-5203
-6004
1847
4038
2282
-4004
-6658
8877
7358
-1647
8491
-7414
7653
-1579
3232
708
-4187
2460
8442
-5105
-4319
-6401
3155
1053
3594
-1026
-3897
4776
4781
-5667
2944
-4949
1860
-9081
-4618
3279
-7643
7422
4129
-6871
5085
-6134
4258
-4254
-4824
-4998
5729
-651
-3319
5139
4529
7929
-787
4020
-7559
-294
-4306
4182
-6757
-1852
-5199
-31
-5236
5736
-8718
1053
-1908
-9197
-8440
-14
-9111
-929
5462
-6544
-7874
131
-9293
9586
-2888
-1036
2428
-9970
8695
-4291
7658
7677
473
-2724
-2416
161
2631
6212
-4289
-5487
6547
9036
-3354
8149
8867
3013
4427
-3821
-2364
-9877
-1142
3412
4402
-7573
3768
-5585
-711
804
-3535
9911
869
3208
-6567
-9902
-1918
-8193
4585
8941
3036
6844
5827
2325
1633
3493
9233
9235
7854
-2045
945
9639
9956
-7061
-8551
-5840
8024
-3404
5674
-5585
377
-5914
3595
-1086
-7146
2605
-9630
-456
5936
-6135
3328
9494
-3273
1918
-8151
-9577
-3164
2653
907
-7244
5346
3332
-9591
-966
6120
-4266
-2781
2748
7798
-7211
2652
-4899
-3393
-3572
6028
3810
5494
-3424
7543
7093
-7491
5635
-9387
-9251
-3402
8083
-881
-7581
-8358
5669
3508
8800
-3912
1343
7414
9004
-2304
-5601
-5623
-9844
4279
-8689
-8411
8582
-7764
-3803
-5611
2974
-7285
-1459
-6312
-8997
6746
-6444
8827
-7341
2312
-4800
223
4129
4012
-1213
936
5613
87
3314
7829
1223
-5777
-3085
5497
-6204
-2640
9585
3877
5448
-6693
-4713
-9535
5462
5498
-512
8781
-9715
2408
1119
5532
-4394
-7658
6816
1935
729
-1513
1585
2410
-6018
2581
-2021
-3709
-2027
3751
-4992
-1989
-3395
-1197
-7147
-6248
-1548
-3104
-5790
6076
3086
3596
8166
-6657
-4816
7128
754
7251
8635
-1188
-251
-8293
-2498
7413
8387
-4722
-3416
5599
-5557
-4429
-7137
7898
-678
6734
-9092
-5215
8336
5102
-8407
-5012
8218
8213
-8986
-4162
5456
-3820
3414
4651
3615
3376
-5
-1557
2198
7857
-5842
4935
4177
5363
9992
-2153
-436
9424
2673
-1876
-5181
234
-6121
6515
8107
-3071
-1758
2307
2470
6645
2451
-4009
-4309
-6993
-8183
-2446
-3196
-3075
-7801
5858
-1173
-3742
3854
3384
5435
2841
-2533
-6846
1769
6920
122
616
9426
6863
-5810
3254
-9573
-2592
-9710
-5869
-1123
2701
8627
2746
4653
7520
7193
-3834
8006
9357
6981
-515
-7033
-9167
1069
1521
6577
8837
5046
-8899
9299
1329
833
6380
-4900
-7968
-682
-3365
-8558
6637
6175
5155
7834
9927
-1071
-4845
6883
7369
-2732
-1056
-7113
-7678
8923
-2255
1487
-2459
-7958
3720
-6207
2155
-7530
-8549
-8799
-8693
432
3073
1872
1810
-4394
-6464
-1973
6549
1630
-4548
-89
-1050
4689
6360
3847
-5103
5208
-3745
-345
2813
4513
506
-7598
7546
-8253
-7654
4064
-4286
-9919
5929
947
8045
-4416
8408
-7600
-1344
1685
4194
-1282
-8073
1011
4110
-9607
3920
368
2018
5156
-5039
-9714
-6672
3477
148
7717
5691
5731
3447
4645
-6908
-7818
9399
-9198
7860
84
1737
-128
6963
1711
-4381
-509
9092
-5935
7940
2908
832
7975
-5947
7510
-2388
5824
5275
3528
-9239
-9922
-9577
-7259
-3043
-5720
6889
8140
3654
6979
-6985
-7064
3665
-3738
-1731
-890
-946
7805
-3892
6018
8238
1351
-1735
-6043
9613
1331
6516
2858
-8470
-9909
-7551
-6706
-7241
-5325
4338
-8182
-7216
8288
-2260
-1303
-2491
-8017
-19
8227
-1768
-7956
-3093
9133
-2152
-7836
3268
8984
1969
5879
4150
-5627
-4969
-8049
-6326
-1230
-9629
4144
-611
4044
8328
-3291
3530
1334
2939
2654
3937
1913
-8546
3625
-9463
-706
-4829
7492
6282
-1385
9983
6804
-7188
4114
-7134
-2596
9682
4568
-8969
-367
-1541
-953
-4338
797
-4600
-4043
-5588
-2497
8606
-2567
4513
-1985
-2214
-7108
-4583
-7154
-6101
-8746
-2783
-9721
9937
5005
5660
5477
2386
8958
-6693
-8486
-3639
2834
-9302
2566
2265
-1972
-1573
-3563
-529
-2308
3612
-2558
7225
-7584
3822
3343
-6696
-8982
9229
-7032
-3397
-2788
-396
-7896
-7129
2191
-7886
-8522
6271
-6549
-3359
-454
-7301
-9679
-3492
3869
-977
-8375
-6431
-9690
7317
3964
-9333
-5036
7064
-9055
2326
-3518
5564
-9420
8764
-279
-1293
-2650
6201
-205
2891
8150
5017
-2863
1601
5309
7345
4778
-991
9643
2578
-545
9751
9454
-991
-5819
-9591
2327
3147
1879
-2359
-3699
7939
-9879
1329
5565
6896
-9202
4182
1073
8563
8890
8427
8959
-625
2630
-5746
-7206
-7561
4116
2455
-23
4845
-1682
-9465
-3877
785
7444
1909
8504
-8975
-7631
-9373
-5595
-8994
2786
-2714
9123
-3541
9014
3909
-9342
8242
4232
6908
884
9137
4823
-5414
-2022
1088
144
-5617
1413
-2341
4428
-9881
9081
-7644
8693
3849
2084
-4732
9718
-8193
-2785
8111
-3359
5343
-7082
7746
-2263
-8031
4469
7148
3817
75
-2903
533
-3764
3609
3958
-144
1988
1642
3324
-9062
-1892
7731
-8883
-380
-9395
4002
467
-7984
-8488
-6544
-7772
-9223
2454
-9236
-4230
3635
-3212
8660
9965
7552
4686
-8059
-4888
6832
8942
1056
-4078
8262
-4490
-235
2712
-9405
3797
-2091
4504
8379
-9047
8193
7493
-1793
-4767
1038
-5572
9501
1111
8837
-395
8026
-4615
6614
-4495
5883
7853
-1975
-3390
-9499
-2965
4208
-6621
5747
9581
9335
135
-194
9085
8528
6657
128
-7544
7052
-8036
5383
704
7828
4126
2807
5100
-3997
-6132
-3189
-6212
-4631
-1953
747
-6956
-4964
1752
-4215
-9375
406
5971
-2150
-9539
83
-873
-8408
7045
5983
1653
-4573
7864
1952
1395
4971
-50
9022
8970
-6437
-529
-9157
4551
2688
1605
5082
9229
-7483
1960
-2557
-7614
-8181
-5180
-2727
1807
-4151
-8370
4015
-1596
9257
-7421
-3844
2149
5738
-934
-3887
1483
5739
8264
-3521
4737
2999
2256
3866
-2272
-3035
-6124
-2951
-4478
-3426
2315
5726
-7457
1064
-351
-100
-429
-7316
-1954
-6061
5234
6615
9270
2106
-3115
-2422
-6184
-3616
9622
5043
5050
349
9432
9222
-4259
268
-8430
-6543
2640
-286
8583
1178
-7262
-48
-9860
-9895
-9877
662
9399
4490
2332
-7482
2321
5829
9285
-4192
1307
-2559
1226
-7433
621
-7849
3907
1811
-9576
2922
5870
1549
3183
-4990
7939
8519
-2478
6312
8097
-8028
-6553
4581
3837
8621
-9558
-5637
-70
1709
7847
3510
8559
-3172
-7821
1572
-4722
6405
1555
-3751
-1291
-2557
1841
-5658
-1502
9279
7469
-9607
861
9665
5563
4224
3269
-2708
2222
-6224
-3667
-8725
-7178
6619
7233
3909
-6593
-4432
-9223
-3375
-6124
3970
-6983
-3815
-2740
4302
3859
-9046
7640
-2234
-5770
-355
9636
2484
8922
8974
-8057
2754
5915
-9233
-6687
2829
3119
7237
8991
7971
-4147
2478
9446
2369
7540
3500
9577
8672
-7619
-586
2475
-8447
970
-4405
5645
-6614
2917
-9722
-5225
-405
5996
8760
-6586
-6750
4349
551
7658
8058
4529
-8089
-8568
8829
7810
4228
-7392
-9228
7972
-2894
-169
-1522
2950
-1794
5440
6277
8608
-962
-739
-5727
-8480
2103
7931
5135
1349
-6275
-5088
-402
-220
-8842
9466
-5025
5348
4156
3460
-6042
-5895
2826
-2046
-3822
-8249
8627
2615
-119
2780
-87
-6402
9777
4644
8761
-6748
-5211
-5552
-3291
-8207
-6991
1563
-2896
-5687
2014
1839
-7279
1382
1144
2545
2371
6836
8390
-6938
5330
-4381
-819
6737
1417
-2946
-2326
-2508
-6695
-6814
-2137
-4545
-7874
3966
-4328
-9598
-7241
-7553
-8364
7819
4726
-6912
-763
-3467
3422
5555
5847
-5213
-2824
2879
9716
9950
-8619
5708
9078
2960
-2848
5448
-2237
-1240
8341
1043
-4442
-1644
-6317
2393
497
-2926
152
-998
8821
-5763
2700
-5086
4555
673
764
-9419
-6172
-7603
-493
513
4266
1828
5848
2123
8882
4418
4615
8077
401
3538
-6658
5270
-656
-78
-3487
9879
5357
-3503
6763
8155
9246
5157
5452
-8677
2605
6770
1892
-4634
-6810
-2816
2260
-4428
-7633
1021
-4222
-8195
-6308
380
-5435
-7871
-8151
6704
322
-2110
8823
9812
-1270
6793
-8027
-878
-8365
678
8324
4279
9044
9305
5400
5700
9746
8233
5002
-8985
879
-947
-9886
9771
7126
1280
9255
5374
-9949
9249
5985
-9546
6630
1288
2860
4054
1520
5148
6713
-9391
513
-9602
8092
-8793
-1628
-4801
4212
-1864
3028
3811
-5783
-7464
-8943
-7790
5439
1707
-3984
-781
1451
-6324
-3041
-5768
-1307
-1229
6207
-2869
6887
1178
3319
-2737
-5840
916
-8505
7549
1000
5420
2995
-8334
8133
-2843
6494
7739
-8627
-3722
-2871
4753
-8281
-4824
-4493
9191
-5459
-5406
4036
-4191
-6512
5663
8738
6721
-8701
-2591
3411
-5081
4023
-4796
8747
-317
-4390
1514
-3993
-5512
7751
-9448
-4970
8593
-9420
-7430
-1636
-6358
-7896
-3992
2128
5860
-8755
-8242
8729
8940
1280
-7610
8792
-2209
9780
-5002
6848
-8589
-5088
-3438
-5830
6785
-804
7644
-616
6481
-6397
219
465
-6113
-9170
-3467
-8402
-9146
5559
-9628
-5192
2188
7264
-7194
-2847
7349
2059
-4115
6347
1376
2353
-8169
3600
5320
9518
201
6686
-7281
2945
-940
216
-9079
1257
2792
-8158
-8564
5472
-5878
2964
7059
5159
7432
3315
4953
8779
-436
3551
3614
-9388
-229
9874
-6759
9699
-1329
-7540
-150
-1225
-2986
-4228
3817
5611
-779
-8539
-6594
290
4499
4199
-9907
-5033
-9451
5932
-9808
2065
2174
8029
-9888
-6173
2473
-2384
-4197
3645
1313
-4471
-3110
7914
-7779
4699
-2887
8913
-2585
-8696
1645
9961
-7645
6666
5387
-540
3138
2531
5605
-4453
-3301
2733
-6095
-5282
324
9255
-6647
-7698
8369
2643
-2246
1987
-1619
-1841
1466
1659
5504
4117
5922
1272
4104
9172
-1809
7867
-2003
4647
-8483
2587
-7795
-7858
4629
7462
-5013
-852
-8372
-2399
2943
-5232
2149
8296
1589
4437
-2643
-9437
5260
3792
243
-9021
-9351
-8433
-5993
8633
7406
444
2999
-3207
-2919
-9279
-3899
3842
-603
3862
8981
8864
9849
-771
4750
8318
-4468
1294
5488
5989
-1996
2372
-3678
-9721
-7059
-6473
1821
1925
9563
-2600
7226
-7064
5228
-4034
-8822
613
1076
-6292
4942
-2604
7714
9684
46
1101
7739
-3336
-284
-5387
281
-4191
8574
-6531
5909
-9442
2720
-5422
-3800
-2950
-1846
-6270
-5308
-6003
9201
-2415
8228
-4327
3498
-5593
9251
-6431
-6786
8756
-199
9653
2261
5702
-1880
-4886
-2997
7730
-5243
9441
5550
-8341
-2379
1951
-3730
-721
3157
7941
-9545
3452
-5219
-8710
5556
-3069
-3078
280
1338
-5409
-6707
7230
4332
3786
-7831
-7847
-1275
879
-19
-3002
19
-6183
-2226
-1979
9953
2509
-7468
-3607
-8136
-1802
25
63
8850
-7299
-2356
4793
-9197
-6663
-5545
-117
-2396
7792
-7856
-7642
-6851
8675
-2908
-1228
-6290
-3653
-3799
-9677
-2033
-7340
8008
7751
1448
-7479
9829
6501
-7079
5941
-3135
4249
-4951
5318
3493
3454
-9608
9634
8869
-9914
-1459
-7346
-318
8042
1378
-8183
-7304
989
9144
-3831
4268
-7156
1355
-2425
-1820
1099
1688
-1718
-9780
-2969
6164
-8386
-309
-9385
347
3719
-614
-2067
-7604
-3382
2031
7341
7915
4067
-1345
3824
-3814
-8002
1198
-5927
2063
8468
-9044
-5262
516
649
2123
-9472
1899
-2191
3190
-2198
-9081
4661
1098
-9421
-5808
2414
-4676
-5119
9740
-1183
2388
-6584
-5797
8625
4719
4829
2430
1408
973
-6417
3481
-586
-9901
-6330
2164
-3310
1591
9091
-3555
-7646
-2354
6664
-6844
-7351
636
-8014
250
-445
-6470
1428
2783
1214
-6322
8736
-2493
429
-269
4594
-7734
-9560
-2338
5561
-3172
3570
5756
-8850
9312
-8589
2691
597
4138
-3061
-8455
-298
7867
9762
1218
-4734
6805
-7705
3238
5627
-5573
5143
5030
106
-2743
3817
-3423
4690
-881
9719
-8440
351
3618
3739
-1458
-5629
-1893
-35
9584
3249
4521
-766
-4410
-5494
-8447
-947
5109
-7965
2560
8338
5713
3703
-8809
3133
1896
-1968
-6428
-9810
-7832
3741
-786
2314
-5004
25
-6660
7164
5440
9574
4331
7581
4637
-6883
-4386
-3492
-4754
4542
6440
-1079
5070
8885
286
4967
-1845
-8325
-147
1738
3831
-2618
457
-2984
-5365
3616
-6211
2806
-4384
-262
1517
6937
4911
4865
2484
-6536
-3740
8585
7221
1584
-5876
4853
7170
8008
2687
7737
-658
-9321
-2289
2381
-1782
6752
8882
225
3705
-6291
-6756
1271
-2382
8116
2967
6938
-4999
-4646
7603
-4331
4782
-7331
1870
-645
-5028
-1631
713
4465
3680
8685
-9006
5789
-1742
2364
-3894
-5290
3939
7012
-1824
3449
-7371
9600
-3073
5824
-8827
-1199
8600
4093
6858
4897
-5162
9199
-9289
7303
7348
2755
-9962
-5576
-7264
-4813
-5785
4619
-3330
-4313
-9182
7336
2915
2036
9336
1282
6584
-1902
3780
-4511
4089
7302
-5857
4950
-5898
-367
734
2655
3102
8159
7538
8682
5651
2557
224
4322
1795
8384
-6300
-2832
-7456
-8683
5123
8146
-3270
-1628
7727
-9388
7099
769
6826
5155
-8149
-7914
-3714
3200
9092
8333
-2400
-9626
-2756
4093
853
9543
-7561
365
6906
5378
-2403
4102
2880
8306
-459
-5598
-6588
-7619
459
-1258
-1884
1889
775
3823
-7751
-9420
-982
9003
-3908
-7791
7725
-1483
-5218
-2605
-7745
-8925
6598
-287
9653
2519
6071
-1821
4993
7228
2130
-7863
-7077
6888
-2942
-2988
4806
-7851
5231
7481
-4716
5156
-9235
2661
278
91
-1010
-4418
6905
-5094
-1726
-7771
1224
-8709
-5410
8557
2572
-6789
-5637
-9619
4022
-1927
4855
9625
-47
-7126
5626
-2552
-8220
-4141
-168
-167
-5028
4901
7842
-888
-8889
3916
-3247
1863
5244
8863
1372
6004
-5315
-6964
-6402
-1746
-2475
-5723
5743
-8346
-194
-12
-9441
6287
-5315
-2796
4230
9010
6784
4785
802
9653
4346
7309
7072
1769
-7649
3343
-3877
-1580
2978
8363
-6200
-5156
-416
-7945
-4396
-6545
-4251
9401
-516
-3783
-9672
-6427
-6196
6160
-9450
-5136
-4246
-1199
-8512
-8817
9923
64
-9087
1021
-100
6775
1847
2919
6579
-1865
5092
-4560
1745
6365
2587
-7764
-1042
5638
-7975
-56
7005
-4728
8014
8076
-6705
1599
7131
7260
-6618
-5909
-4398
-6226
-8856
7803
5338
-6356
-4702
6550
-4558
-1796
4175
-4164
8457
-158
-7203
-8771
-7421
-3673
-7527
-616
-7422
4206
6294
-3841
-4381
-2913
3606
8129
544
3179
8761
3648
5920
8274
-1201
-6042
-9417
5300
8319
-9072
9876
2037
-4690
3562
4139
1358
7968
7280
7344
-9019
-5273
3952
4001
236
3933
-8287
1361
-5030
-6930
-2410
5390
-2587
7702
-5920
3736
9985
-622
7966
-4240
-6336
-475
9116
-1462
-218
-266
-4082
-2370
-4793
4654
3026
8119
9046
-8818
-1472
-1694
6904
-8605
6329
2433
1826
5289
-7180
3870
-2898
2620
-2974
6499
-155
8038
-6985
1707
6375
5780
-6219
-5681
2338
3059
-879
-9827
9376
8621
1627
-3247
7426
3722
4452
5581
1341
-5165
2945
1599
-252
123
6582
-9923
-5287
9719
2962
9417
7797
-9412
1685
5260
7235
9613
5060
3744
7817
573
4135
451
-7412
-5479
-1409
6415
8722
8296
1329
-4887
-5378
8183
-4861
89
-269
4389
7797
6398
4295
-3122
-288
2418
8314
5213
1701
-2179
4777
3253
5404
-8130
7690
-4202
-8342
1521
-9249
-6910
4978
7459
-6436
-1170
4335
-219
3382
2077
-3116
-8022
9496
266
8335
-90
5442
-1776
-6046
1519
7358
8291
-8981
-6770
1669
-4300
98
-627
-4630
6297
5887
7765
3998
6661
-9151
7146
9031
1068
1012
-2088
3270
-73
-611
7866
-2547
1642
8916
6533
1174
1916
-754
5743
-7272
-4874
6956
5211
-3819
-8561
3458
-5099
9187
908
-8118
-7502
5057
8218
-9176
-6189
-879
9960
-5115
-4699
-7001
-663
256
4369
-713
1442
-8310
7081
5503
-305
4857
8207
-9636
-5755
-5723
-6197
-6586
7117
-525
-6556
944
-6527
4288
9621
7533
-3014
326
-9031
-7099
267
7365
7962
-6553
9328
-8227
-8598
-8961
-6221
392
-9221
8829
3573
115
7575
3789
-6844
1264
3333
-610
-1419
3752
-7508
-4673
-1269
2763
422
3771
1178
-2821
9857
8597
9842
162
-6981
-1943
-9370
7525
-5003
3668
-8168
-4092
-7765
8785
-6398
6638
7394
-9403
571
-4583
7666
-9951
9877
-3928
3808
-8351
6621
1131
-8589
-5753
-3865
4092
7809
9663
-9894
4780
5288
-2655
6883
6583
-1341
-2213
2307
3534
3138
-7128
2850
-393
5684
5106
-1403
-6860
3761
2795
6022
-3643
1971
301
-9040
-3628
-5092
2882
9460
-9024
5072
5185
639
-6007
-3690
-4992
2189
-2553
-4688
-3059
311
-5979
-7584
4606
4396
-1852
3628
294
-8477
410
-9992
9415
-5165
2657
3193
-1703
-8894
5881
3719
-3711
-5752
9969
4981
-6718
2828
7676
-3940
-3549
-3491
7310
-2627
-5070
-8849
191
2451
3585
-6910
-4666
-1540
8808
-9971
3960
6531
9741
-2443
2155
-8293
-2719
6914
5027
7792
-5639
2992
2507
-9593
5753
-9432
-6335
-4572
-9021
5151
-2065
2746
84
-2998
-4610
-3549
-7643
-831
8319
-4963
-2777
-1096
872
2592
-8270
-6489
294
7211
5355
2302
1996
8575
-9653
2858
-9610
-3973
5246
9953
5583
1567
449
-8913
1901
3109
9598
2732
-5129
-6789
-646
185
-4995
-3780
-3716
252
-6096
-9692
4200
9350
6501
-9189
-8395
-3897
7330
9113
-4510
2703
-5297
1240
8622
1726
1589
-3023
7993
4541
8027
-3537
-3048
-3853
-7334
1967
3006
7786
5497
-9675
1705
-2201
9729
6233
9646
-4771
8372
1145
-8443
-9702
248
9128
-7727
-6796
-1182
-6375
-7303
-4251
1909
7791
5853
1853
-4663
3783
2149
5367
-5212
1216
-5660
-9777
535
-6802
1019
6039
-2066
9371
148
-4486
-6350
5332
2708
9454
-7144
-1637
6291
9942
-1339
-9451
-5993
327
4320
-7047
-3462
9342
4597
-5418
-3387
6271
5192
8121
4532
-58
-3461
5239
-2292
-3482
-1063
-1349
-7359
6128
-5167
-6248
-4204
8311
-8272
-8651
-1610
-4017
6754
-937
2710
2000
-2383
9912
7372
1123
1057
2568
7070
-7438
-2530
