-6568
7190
5371
594
-1580
-1066
149
7662
-8371
9126
-8373
8894
-3989
-6777
5735
7761
3422
5648
-857
-5331
-6845
-2589
-5631
7250
827
3893
-9959
1234
8381
-4537
6062
-873
-4818
-3035
-197
-6258
2635
5810
-9070
3385
-2353
-2979
537
1185
2806
-8294
5743
1414
5157
-5677
4099
121
2735
4279
8074
7081
9751
7081
-5465
-2842
3019
3897
7240
5789
4034
5780
-257
-1293
-9566
7434
-8866
-8484
-1170
5256
-1113
-6931
4209
4861
2033
-9130
4124
-3607
-3700
-9438
7644
7166
2588
5740
853
7572
-8896
722
9494
6628
-7061
-2708
5316
-1053
1696
6097
875
6408
-5602
-8003
-1563
-619
-5369
7686
-8992
-8148
2227
-6355
-590
-4790
-1660
-103
-7233
-4545
112
-5835
-3706
1757
5644
-1190
4731
-1608
-2204
-7838
4322
-7512
586
-515
-4818
3816
639
7071
-3648
-3004
2503
-5348
7381
6280
-4508
196
1964
9700
-8850
59
6261
7574
3122
-1391
5384
-2458
5435
-5208
4745
-9969
-2696
4536
1195
-4855
-7117
2850
2931
8004
8463
3815
-6329
8016
-2250
2115
3089
-9015
2808
2896
-2760
-7993
-1242
9340
-1987
-2243
-3331
-3549
-3346
2258
-1307
-6037
483
-543
-1640
441
9037
9071
-6065
8391
675
-6284
3388
-3455
4180
3126
-4572
5162
-8100
-9600
2680
1018
8574
690
3569
-7843
91
-4950
5684
-4267
7783
-5054
-1425
4893
14
799
6207
8712
-959
-3045
-7012
3753
-9862
-3606
3650
7520
-3598
5467
5479
-3945
6675
-8165
-7895
8964
-5228
4557
-6780
1839
2107
3223
-3245
5776
-7447
2632
-1601
4108
-4059
-2276
6169
-680
-3054
-140
5692
2643
-6117
-8754
7434
384
-4013
9720
2430
2328
8734
-7649
2494
9167
-5546
1232
-4755
282
6568
7506
1838
-2542
2798
8554
3548
9478
-5251
-7793
-9580
9902
-6207
-3049
6784
-3534
-7161
-9918
9618
-7466
6680
-9671
-876
1880
-9286
-7872
87
308
1437
-3508
9612
-1860
-4981
1280
5212
-7653
6200
490
9246
-7583
-1234
4547
-9800
2864
-3256
6964
6072
-5302
-2897
4754
4951
-3703
-9670
2544
-4806
-9807
9791
9417
-291
6832
8476
7720
5519
-8035
9017
8857
-8831
-5581
-1702
-8890
1623
9025
-1195
-2873
-8820
-3642
2248
1924
6030
-38
-1517
9864
-2440
-2015
-4410
-7969
-939
-5148
5215
-1516
-4215
188
9316
-7086
-3347
-80
7102
3631
-8073
-9182
3112
1764
5112
781
-517
-7625
2658
2378
-322
4945
5038
-159
2377
8825
-8111
-4133
7985
1726
2202
6259
2457
-4232
3983
-5631
5048
-1608
-383
-9986
9509
3008
3503
4262
2791
3874
-822
7485
7138
-5180
-5205
5895
3308
8795
7006
-9344
-7980
3358
-3258
5473
-8626
9023
9222
-5618
9209
-996
-5339
-9240
-3182
-2760
8186
8325
7060
-5007
-5199
2131
2263
-5663
-7374
-4602
-3341
-584
9948
5983
-6319
-2069
-4094
-5988
-5220
-170
9136
-5259
9284
-2837
-2683
-6491
-7820
-6411
-2902
2646
-6801
-1625
903
-252
6538
4420
5611
8725
-208
-8478
3031
9457
-9509
9069
-740
-7840
-766
4868
8740
-6840
4034
-1796
-9085
31
-3542
-3564
-1579
-1512
505
3516
-5927
524
1996
9920
-8910
-3667
-670
-3617
1613
6945
9987
3916
8888
-3265
7426
-5474
4150
-9059
1483
-7445
-9368
2773
-9053
1431
-9983
-9641
6412
-1358
-7296
8363
-5473
-3710
6826
9924
-2277
9692
-1156
3675
-684
694
-5206
-8519
4991
-6772
-7620
-8190
8852
-1722
7755
5838
-2170
9868
-3486
317
-1645
9312
471
-224
-8096
-1996
-7861
9111
5976
8893
-4819
1417
3651
5720
5025
8945
1452
-4404
9715
-2757
-2700
-7652
-5605
9855
-1532
5156
467
-3135
-8628
-9660
-2325
-3020
1900
9314
1819
-5137
2722
-292
-9760
-8722
396
1796
-6186
9522
3300
7955
1987
-908
9595
8415
-7814
-5515
-5585
155
265
-1397
1616
-1155
-7707
1430
2046
-9098
1725
4988
7730
4103
7630
-1168
9552
-8859
-9190
2439
718
-1378
3696
5096
-9562
-2486
741
8719
5831
663
-3258
1666
946
3311
-2019
9383
-8471
6941
1639
500
-2183
2924
-8760
7745
-9261
-4627
1077
-9912
3350
-8812
-6072
3126
-2745
-6787
7456
3261
1489
8328
2779
9873
-3238
-4223
5882
-6884
-6654
-1304
6757
9510
-9786
-10
6034
9562
-9421
1075
-6653
-5679
2505
9947
4975
-270
-5832
-7895
9479
-1428
-4892
-4902
-7995
-5492
3313
-7457
8069
2661
1992
7225
8021
2189
228
-9022
-5290
-2484
-8138
-7489
2455
4660
-7234
3418
5828
-5130
5665
-738
9165
-6146
-826
2999
6438
-3532
-5699
-1957
-8281
-1683
550
-9426
-3227
-5824
9043
129
-1583
6707
6305
698
-8255
3886
3504
-4026
4542
951
-2500
8764
-8112
-7762
7064
-3460
-9160
6807
-6424
7850
-1252
1035
-1034
816
9431
-3229
278
9536
-3799
8897
-9511
-756
-5009
-7000
3035
-8797
-8127
9966
7142
8899
-629
-8951
-5986
5743
-3893
-9739
5331
6282
-6253
2808
2695
-7712
2158
1218
-7323
-710
-6402
8722
8684
400
3063
-5960
-7401
2318
580
8176
9527
5016
3286
-6206
-5680
8823
-6895
-7614
687
-6264
5421
-7887
3676
6108
9445
3987
-6620
6007
-9932
2765
-4596
842
-9821
-5273
6634
-5717
-5257
-6305
-3267
9921
-9904
2867
2715
6961
5814
5759
2689
-1594
-6072
7519
1781
6784
5625
5076
4141
-4288
-2900
9559
-7381
-4951
5695
523
14
-1786
-9629
113
-7171
-4387
-5505
2212
-6716
-1502
-2998
-2477
6360
-320
8590
-7131
-9290
-9978
5966
1990
-7473
-4327
-8260
-8733
3559
3952
-3398
160
-1712
-4557
5919
-7303
-2361
-2266
-4043
7000
5664
1114
823
8424
-2817
-563
4059
2617
6667
-8752
-4841
4368
-3054
-3935
292
-3059
-3851
5866
-1301
5792
5988
2878
7432
1122
2196
-8886
7153
3553
8711
-7080
-7236
-699
3718
-344
5235
-6451
9064
804
-4499
6805
2431
-3324
-4387
6114
76
-9730
-6083
-5378
-556
5285
-8480
1612
-9458
832
4042
-587
9639
-4626
-8340
6775
-6029
-332
7878
9980
180
-3240
642
-5823
3832
-7983
9408
-5548
-8155
6042
-4004
-9059
4359
2840
-3197
-3709
-7038
-3194
-3916
1461
-5884
-8859
837
3016
1218
-4052
7256
-7400
8577
-7984
-7642
-3840
5881
3639
-2487
-6545
-6914
4297
-302
-6542
6736
-8240
3234
-6769
-7159
6540
1090
1394
685
-6150
-1377
-7646
5035
5509
3605
6177
533
3407
-5357
5425
5705
-4204
8657
4725
-8024
-3710
-2776
325
1720
8174
9903
8448
-9367
-9607
6153
-6024
-5260
6136
-3815
-8249
4436
-1486
-9835
-9983
-184
7025
-2061
-6564
9017
6178
-3803
4907
8233
-2783
-6335
-8175
-4663
-1690
7988
4367
9489
-4128
-9212
5857
5172
-1761
799
1611
1039
-9444
-7829
-2384
1661
9192
5224
9255
9432
-3576
8004
5207
-543
-8134
4671
9692
1394
-1626
5600
-3425
545
-7415
-2959
-8844
-1839
-292
6453
6444
-7590
-4997
471
2083
2145
-6577
8134
-3273
5541
7288
-9494
-4080
-5958
-2436
-8687
-5381
-3369
5358
-7992
-596
-5107
-295
9095
7201
-553
5494
130
-9257
-9534
-2256
-2222
2611
4223
-4664
776
-3930
-4810
3549
-4471
2485
6337
-8492
4339
-3885
5961
5860
1004
9962
8060
94
3496
-265
1422
-185
-4609
9296
2725
8392
-5982
-499
9213
2601
4434
-1998
1447
-5066
-3762
3731
640
5081
-6486
-293
9577
-3187
-680
422
1119
8514
-2956
-339
-3156
1217
9800
-8916
-5763
8480
-7818
-1296
796
-2458
-4708
-130
1471
-2720
4951
-8674
5847
5403
176
987
434
-4716
-6635
5544
1076
7222
-675
-3571
-9470
-9223
2538
-2143
6147
-8022
5077
-5610
-9463
357
-599
5303
200
4001
-2101
119
-6755
-4509
9754
1945
3782
-4648
3896
-462
1554
7324
957
-40
-4554
-4188
-6557
-6310
3484
-8446
-8297
-7877
-4172
-1864
5793
3213
3964
-2121
6783
-1423
-7554
2867
-4780
-5615
1104
7772
-7697
1112
3867
3261
8788
9640
8239
8229
415
2228
8371
-8100
6295
-7279
-2444
3580
5308
9709
-6761
-2167
4632
-936
-6154
9237
4063
-9504
7749
5233
-7627
5765
9848
5418
-2017
-1612
5588
4364
2557
6441
2714
2608
-9629
8291
118
-863
-388
2969
-5580
8998
7616
-7918
5813
-1245
8115
7689
3951
-3601
6051
4406
-8221
-4237
-1098
2698
-6597
-3076
9775
7493
4566
-2008
1089
-4658
-80
3753
-2493
-9594
-7665
8077
3728
-1684
5848
-5722
8680
-9970
-8713
2962
2155
-5344
-5168
-1741
1278
1674
9274
-3395
3135
6907
-1682
-8728
-7788
-8998
-8092
9341
-7715
-5892
9655
-6617
-5696
144
-4492
-1352
-3758
3836
5141
4947
5832
-6758
4680
4500
-8413
-3311
323
-1074
-9719
7495
1207
5339
-9507
5578
-352
870
5394
-2513
7457
-2351
6958
-9568
-9455
6404
7519
-1688
-1551
-1321
9226
-9222
6992
-5755
-5436
3840
-482
-1806
4051
-4009
649
1271
7128
-9437
-8622
-6686
8214
1027
4121
4129
-6440
-2436
-8809
5719
-8146
-7609
8597
-8624
-6144
4667
3393
-422
-8139
5597
-5914
-7485
5583
5571
-8620
9285
148
1563
-4738
-2765
874
4303
4517
-7463
7430
9635
-8263
4735
-5716
3415
4886
-9965
-7999
-9301
4873
-3206
-4095
-406
1555
-5573
-649
404
5360
-4741
3193
5182
7533
8951
-6157
8326
332
-9455
-4095
-5451
-8262
-4667
7842
-4
-8757
2620
-3698
1578
-1785
3037
-2823
-3718
-5216
3524
7472
-229
-4114
8894
-6757
-6954
-4191
7858
8577
-8631
5824
6382
-6560
-46
4612
-6647
-5379
-6036
8646
3686
2640
2243
4582
-9796
-4527
-9464
-9073
2043
-1962
4743
6188
-106
572
-8160
8001
2291
-4929
4640
5049
7877
-4967
3886
-2472
5825
1345
3983
-3653
-2656
-4987
808
-7818
5969
612
7657
8279
7037
3890
3192
-3516
550
2202
-6806
-9798
452
3913
-8218
1701
-2229
7840
-7417
3635
3443
3436
7495
3057
-8789
-5526
4964
670
5311
-2553
331
4426
8039
-2081
-333
6538
6414
-5872
-2876
6756
6193
7833
-599
791
-1541
-9607
-1420
-3176
8931
-5183
-9813
5025
7319
-7674
-5009
-1179
6899
7420
1923
-5873
669
7860
3492
-4027
-7096
-2400
3086
9713
-5865
7025
-4303
8170
4984
1412
2941
2338
-4492
8008
478
3164
-5596
-8568
-2346
-3725
9515
-4850
-8588
-2586
9849
8623
6519
795
1938
3078
1214
893
-8336
-9507
3495
-9400
4789
806
8762
-4884
-7562
7379
-4729
2231
8507
-8054
-1337
2534
-9736
-3525
-8912
3260
-3342
-5654
38
-3741
-9213
-6810
2332
5849
-7107
5496
-3165
3169
4164
-2328
4037
583
-4906
-4128
-3213
-729
6187
8865
5656
2977
2093
-7160
4575
2927
4141
6778
-7675
8738
-2158
-4352
-5964
3390
5922
-9730
8732
933
2606
-8849
-7442
4815
-8863
-4670
-3630
661
3785
1485
-2099
-3287
-6984
5952
2002
476
-4043
7512
4237
-4546
236
-4304
7426
650
-9744
-4115
-6428
5694
9300
-1512
7435
6745
-4366
-9407
-5638
-4365
-5087
-1481
-8258
9625
1400
-4118
7261
8199
1978
9050
-9231
3145
4922
3742
1112
-6074
-2614
5937
-5697
8879
8701
3564
1106
6387
5612
-6249
-1973
-9106
-9810
980
-5206
6764
7252
8444
-5403
3671
-7481
9376
-2944
-518
3793
4385
3242
-4156
-3147
4498
-435
3771
3520
-8575
-2601
-4976
7386
8015
-5083
-5892
7665
95
-6468
-761
-1269
8592
-4428
-527
-5162
1423
5392
3859
-521
5552
1864
-694
9497
7703
-4355
6736
-3193
8621
-6269
2416
8469
-9091
-3949
-7172
-8183
-5597
-3741
-8837
-7147
2523
-6095
-4708
-4199
9073
-8560
-3363
1083
-131
-5754
-1312
-2802
1419
-4972
4058
7374
1846
-8577
8154
-6773
9870
-1408
7728
-9520
-1997
-8386
9817
-4852
9048
7945
-458
1112
8289
9612
3494
-4845
3913
-9577
3519
-501
-3144
614
-5266
5875
-249
5410
-5583
-4280
44
-6604
-7333
4739
8120
3502
-2345
-3952
9164
2234
6760
114
9967
-5112
1175
9473
177
-323
6800
9532
-7814
-8989
-7562
-3102
-9467
1249
3358
-9505
-2928
-680
2396
5165
-2227
197
-2345
6558
8262
4336
-6389
1974
8330
8907
8358
-8826
-555
5666
1612
5507
-5782
-7667
6323
2085
72
6371
2496
7597
-3551
-9642
-2401
-2442
-8216
-6007
8943
1611
4985
-4847
-4301
2845
-6783
6226
6483
8538
3788
9810
-6969
-3350
3459
7152
8408
-1380
5811
3779
5855
3235
-9301
2816
-149
-4443
-48
9053
5180
-1637
-8606
3797
-6225
7055
-8943
-5453
2824
-4143
-5940
-3287
-452
-1784
3968
5059
-3941
-689
-4602
-7740
-5343
2937
4615
4240
-1949
8365
2799
-9437
7614
-7206
5160
6927
9780
-3593
-5903
-4043
-7624
-5698
-8694
7293
-8036
-6859
-5711
-1421
-7634
-1182
3648
-8238
1509
-4221
-4796
2029
8720
5403
-3842
-904
7812
73
-7759
3492
165
7757
7935
-926
6167
5395
9104
-9561
5882
-3491
6218
3120
6411
-6245
-9093
-5784
7253
-2716
4880
-4641
-7546
594
3504
-2494
-5097
2108
5819
5538
-6072
-3716
8438
5697
-4701
-7985
-6632
4874
-2337
-2436
-3933
-4116
-2153
4177
-4757
1705
-1904
4416
5267
2480
7547
-5257
-7314
7895
8264
7756
-1304
7478
-359
-5382
-7012
-1619
6612
3593
-5952
7498
-4632
-1694
6367
-8824
8910
-5082
1653
1350
-5756
-2059
-2166
-509
4293
-7388
-1306
943
186
-6539
5752
-7036
-5087
-6913
9866
3349
5161
-4536
7582
6072
-5453
498
3584
6246
8624
-9056
4994
9120
-9975
-2097
-670
-6078
7117
8025
-1007
2454
-4126
-9232
6316
7818
-4477
-6276
-3593
-5661
7509
2577
4928
-7736
962
-3320
-4277
2397
1137
-7814
-8334
-7491
-8122
-4318
4396
1517
-387
-8849
7352
6610
1137
3284
-1187
2075
-5651
-1883
4996
455
1566
-4161
6116
-5341
1723
4641
-5065
-9570
-1392
-4512
5183
7446
-8731
-9343
-3859
5309
-9467
2551
7886
7040
6432
-1738
-2703
1874
1709
878
9321
4664
-3326
9035
-5322
1535
-3941
-4950
7665
5808
6920
7841
9293
9090
-1333
330
6060
3663
-1805
9317
-323
6493
2037
-2369
6504
-2134
6401
5390
-2633
-4331
8172
-9969
4848
-3328
-9526
-8642
8866
7875
-6518
-600
6949
-3382
3358
-3503
-1930
7396
-1614
9630
-80
3101
-7218
4149
-2720
3436
-2155
-8556
1503
9271
-7267
-1449
-2102
-3510
1980
-4049
7997
-8107
6546
-6718
-6036
-3318
8658
8825
4372
-6138
-7270
-123
-2935
-9726
-3505
-2353
-3970
7590
-1599
-4883
7762
1438
-6942
8733
8449
3996
-5273
-3177
7218
3009
8389
6132
3213
-9650
-5374
-1335
-7870
-7155
8664
-7378
-5263
-7530
3217
-7783
-675
-9774
4975
1289
7214
-599
-8114
-9378
1530
5734
-359
-6120
3787
-9702
-8557
3581
-2043
4834
78
-6627
-2411
-1199
2899
-6094
-920
-4865
-7381
8105
9522
4237
8712
-5433
4911
9815
2269
3203
-5013
8184
-4443
-9231
-2606
6234
3593
-59
6874
-9703
4852
-9421
42
694
6512
-1700
229
-3257
-2157
-6168
7818
5269
-1744
-7941
5108
4071
6034
-8529
-3621
2140
-3599
1557
7355
1122
-9980
4893
-5496
4719
-3873
5508
-4589
-2150
-3074
1568
-7201
4934
2480
2596
169
9522
3438
1994
-3491
-8913
-6485
1325
-1508
8143
-2701
-1711
-9912
-5747
2196
40
-2797
4330
939
3986
-2151
-8975
6975
6635
2105
-5886
3818
-8225
5381
8780
-1224
-9813
-9074
-1726
-8248
1881
2689
7656
-8850
-8822
8319
-684
2042
476
2922
-8176
7604
8784
-7547
8825
8826
-9164
-1284
2409
-186
-5734
934
-2581
2784
6915
3026
5138
3524
9610
-1285
1943
5317
2061
-9415
5940
6684
-8869
-1844
7323
-4293
2501
6737
-2646
-2732
8980
-4933
-6389
-8554
-7437
1894
1520
-2724
-2853
7796
1157
-7908
-9361
7174
709
9542
6915
3904
8739
-4174
-1965
-6824
-9935
3756
-5341
2014
-8157
-962
5361
-770
4417
-3280
-4713
53
6208
-5403
-1003
4854
3114
-2018
-2916
6614
-1936
-8470
8092
3669
9920
-6315
-1932
-9840
797
-1192
-2862
1418
-8567
9916
-9123
7779
-6419
-4734
-5204
4519
-8990
-4275
6667
-2768
-2887
-6486
662
-549
-128
-6106
-8867
-1027
-2255
2621
804
1242
8963
3739
4636
-2336
4020
6545
1748
5458
-4496
-3187
8214
7154
-1486
-4125
2533
5044
-3948
-116
-6741
7255
7650
2839
-9503
405
-3587
2576
-4845
-2731
-8653
3776
561
8917
-573
-1403
-4649
4141
-8075
-8828
-8392
-275
-8189
7875
9231
4215
-4650
-6466
3881
-4100
8780
-5423
-7858
-6159
4231
-9231
8350
-3837
-926
8189
-7711
6023
7836
-6708
-9936
-361
-4497
-8931
-28
-5396
-6473
3086
6213
-8586
4638
-7285
-2119
4609
-6276
-3747
3978
-174
-1077
9497
-9463
-8099
-8782
8179
-4569
-3604
-8772
-8847
6878
6369
-1571
-9638
-2329
-368
-4131
7601
3417
952
7851
-3919
-4192
-463
4522
4884
-6361
-342
6823
4262
4274
6913
-9698
2883
-3639
6074
-6243
-1008
3003
4753
4105
6323
1324
5297
-3094
-3361
7906
6290
-8661
3489
-523
-1306
-1551
8388
-900
-3673
-241
4398
313
5632
-507
-4943
9576
-5519
-8579
9784
3786
4735
4308
304
6023
-9474
6339
2583
335
-8361
712
-8841
-7327
8145
-7113
1269
-6940
3222
7522
8189
-9645
5013
6979
7523
-395
-2089
3085
709
-1045
-3578
7794
1281
-7535
-2493
-4943
4024
-7672
-8763
3531
4144
2455
-5348
-3827
-4325
6438
-6582
-6011
-2691
-529
7437
-5052
9345
-486
876
-1946
4027
4301
-7523
-3524
-2747
1693
4847
-9992
3347
-2811
-3623
7205
-5187
-9855
4391
-6379
2456
-7688
3852
4613
2837
6027
-8008
-9125
-8281
-2970
-4818
4137
26
1571
408
-716
3454
3281
9082
2546
-7123
-2187
-9711
3027
6926
-2097
-5155
2373
-1762
-447
-435
-5456
-4811
7202
6775
7410
-3880
-4403
7911
-160
-4344
-7500
1024
9259
6553
6175
-4099
390
6889
2377
4701
861
-2872
5114
-3561
434
5074
-7813
-3339
507
-8678
-9206
49
5724
-1750
979
3794
4196
-3473
-9878
6637
1312
9427
-8077
2838
-4339
3712
3019
-3386
-49
-5833
-3339
4555
869
-6494
7540
4000
-6118
747
4726
-5492
2480
3344
-6625
1750
-4857
-4799
4485
7070
319
-909
-5018
6971
-6846
-1616
-4071
-2838
-1592
9691
979
-8241
-5515
-2590
-1372
-5957
-9691
4047
9747
4756
-1240
4738
-1137
-6055
-1393
-2876
-3961
339
-6710
-5338
8154
-5008
-6279
8415
1834
531
-8596
-6352
-3919
5683
9045
7938
-4953
1065
-2075
-446
2126
7966
-6876
7533
-3139
1632
-9074
-6868
3574
-2829
-2605
5291
-2366
6332
-3453
-3213
-9682
4657
1809
-8018
-86
-4919
5652
-9129
-9487
-1238
6812
9417
7405
-7408
8842
-3448
1458
969
-6427
6245
8407
-2301
2230
-3725
2534
-2852
3791
6246
8610
-8033
8633
7787
1016
-1682
-3886
-9612
-4423
-6141
2972
-6761
-9208
-1719
263
6541
-3066
-9701
9026
-5071
-9717
3005
3503
-3021
-6054
8024
-8084
-4595
-1891
8299
813
-1900
6847
8128
-4015
4972
-7338
-825
798
-8433
-5549
1741
-8178
-1675
7579
850
-8564
3143
-7182
-832
6352
-1346
9202
-466
7398
6869
5175
-224
3305
4345
36
4530
-2737
8775
-1987
9631
9259
2976
8579
-2777
3229
3026
-1279
6566
3622
8780
6920
2162
2038
-4273
1352
2322
-2223
9479
7617
-8585
-9624
3352
3121
8246
-4380
-4283
-1883
-8835
2217
-1084
2021
8148
-8020
-5568
-4048
3237
-4555
45
7193
4602
8397
-2691
-1528
-4995
7937
4598
8219
-3667
-7237
8669
5854
-9074
8540
7412
-5317
-4015
6873
3091
3688
6458
-5245
3109
466
5624
-8037
3912
7545
9952
6713
-1816
6536
-1289
6968
9481
5046
5426
7409
-3761
1920
-8984
-7942
4423
-2329
7328
-8368
1906
-7961
1819
552
3292
-2165
9504
214
-7900
-899
3333
7367
5943
6745
4161
5280
-3993
-7609
-1175
5270
1818
-3424
-5196
4874
3371
-7878
3678
9099
-6850
1483
6101
-705
-1527
6680
-3715
3993
-946
6003
-1500
9435
-7980
9176
4843
8547
-3068
-3599
-6296
9724
-1298
1549
6168
-7333
1333
-7892
5497
5676
255
8463
-5004
7894
-4845
-8646
-9260
-4762
-4952
9567
1208
-7709
1917
-3043
-6574
4268
-496
-1005
3969
2500
-5361
-2415
-2766
6063
7687
7336
-2230
-5465
1488
2239
4858
-4248
-5423
7740
-358
-123
-5576
3236
8830
-987
5064
-5127
-5459
-7287
-3621
4777
-7950
9343
5477
6982
1975
5583
-1609
5084
-8920
4520
-9939
-7614
1044
4392
1653
-7273
-7922
872
-7098
3134
7685
3126
2806
5544
4816
8861
2159
3392
-2336
946
-7659
-2726
1272
2920
-1041
5852
-3791
-2472
5428
-7788
8685
3247
-7196
-9613
-4005
691
-3126
-3296
-800
1127
-5841
-9111
4819
-3665
-1957
9056
-1472
9157
9894
-9884
130
-1435
7799
2749
-9770
-3335
8583
-230
5960
6918
8766
9637
4016
-2779
6191
-9702
2311
-6745
9360
-8377
-2680
5653
-7188
5420
7871
4308
9212
160
7173
-4928
-1640
1906
5245
3221
-3352
-4768
1033
1410
-9411
5075
-4459
-2541
-1627
-713
2128
8491
-9102
5017
-255
371
-749
4504
-7272
2817
4970
8095
5449
-6701
3938
752
-6895
-5758
3225
3122
9294
-6552
4387
216
4203
2925
9513
493
-5694
-5848
-7217
2546
-5353
-5810
8716
-8330
-354
-4071
8804
-69
3197
830
5595
-9484
-4142
-3506
8784
-4376
-2628
-2666
4528
1681
3677
8399
3564
-8276
7684
8893
-8705
9272
6706
8281
6083
-1729
2535
-7021
4817
1745
249
6791
9867
839
-1342
-488
2236
-1257
2041
-1499
6103
379
-3001
1848
3714
-1830
-4710
-858
-2012
5800
4534
7700
2262
-8262
3847
9204
9760
1941
-9179
1979
-5175
-4920
-5819
4707
-9324
9030
7944
3672
1452
807
3160
850
5437
6653
3304
-8434
-1033
-7203
8635
-1978
-2802
1556
-4811
-1912
1744
-2091
1240
-1490
-3902
9806
-2096
8558
-1035
9213
7967
-302
6488
-4718
-3415
-8167
3723
-912
-3181
6311
-3
2255
-7541
8544
4529
6095
-2650
-1409
-9601
8714
-6076
-8199
-895
-9208
-1600
-5828
9430
9955
-6586
-4003
-7909
-9723
8435
-9434
-3990
-2274
-3169
-9878
-8778
-941
5669
-5389
-1182
-2116
-9450
-4919
2427
5313
-9584
2489
-7225
7039
-8980
7313
6241
4929
69
-4713
9040
9586
6134
-2386
6692
8279
-314
-9014
2284
-736
5155
-2267
-1904
-8602
-9410
-3253
7313
-4927
-3934
853
-2887
1397
-3495
-5395
-6847
-4431
8075
986
9365
7051
-509
5843
-1144
1531
5921
-7968
298
4469
6052
9810
4923
-8202
-4969
3384
8609
5376
-4514
6093
-6399
1920
-3064
-9490
-2747
1991
-6725
-2880
-5467
-2790
639
-7552
6219
-3610
5005
8237
7541
-8798
-3715
-6397
-7175
-6119
-4311
4940
-7996
-3349
-7437
-2507
-1515
-3517
5298
5913
-7840
8020
-6022
2719
-416
-7090
-7204
7175
-1725
3020
2310
-5904
-5339
2760
-6107
-4386
-2988
-6826
939
-5524
-8859
6205
-1248
-7662
8410
9368
-8398
-98
-350
-983
5755
3298
-5154
-9840
9832
9182
-6333
-8801
-2310
883
1914
5703
-5087
-8067
-7781
-5368
9255
-3896
-521
-1126
8035
-4510
-5697
-2760
2464
7263
-2086
756
8547
6451
2445
1907
2013
-3705
-8651
7186
-286
6502
3597
-3191
8146
-7120
-5571
324
-7413
2012
7739
-8478
443
-3458
6810
-8030
5570
4107
7741
-498
-7271
7772
-8565
8943
-7030
-3663
5006
9536
2148
-3640
-7026
-9135
-8316
3762
6583
-2481
-3129
-6348
4365
2781
-1782
9572
9800
-4559
-3136
7435
5275
-9574
-9827
-4415
4107
-4129
-703
546
-9803
7516
-7469
8430
1949
4922
-8865
-577
3510
135
-4739
-8792
2041
9437
6640
165
5930
-1119
-4749
7148
-217
269
8282
-6332
3189
9004
216
-8556
2396
-7851
3058
-8514
-9101
1953
-4560
-9908
-3104
3788
9109
-7881
-8621
-6261
8021
9906
1694
4602
-6281
-9830
6115
681
-5326
7941
7463
-2171
7264
1855
6254
9712
-3308
7942
-4835
377
-7253
8668
1168
-1928
-1888
4398
-5288
88
-5212
3227
8685
3294
-9517
5571
-8603
-1913
8464
6626
402
5829
6654
5419
-303
6309
-9745
5748
-4671
5678
6083
-8381
2965
6096
2467
5345
-9263
2653
2140
4318
-1653
-3076
-236
5439
-4022
8363
1666
-4654
-6671
2072
-5757
-3339
-6730
-8303
3121
-8101
-8264
-7008
2870
-6627
-9121
-4956
7119
7540
-4656
7444
4574
4666
3890
-1100
-7473
7199
7606
4795
-5099
-1628
-7975
-5733
-4797
4949
6511
-1715
-8693
694
8607
-1296
-2142
-5999
-3867
8246
5671
-5431
-3726
3014
-3169
9213
-8200
2842
3159
-6202
-1537
3402
9586
4046
-8937
-9347
4634
5314
-9078
276
-5076
-1795
-9425
7292
469
-9918
-5029
-7553
-4304
-653
-1038
-3727
5564
5100
-3572
9248
6601
2989
8304
1472
2380
-4347
8502
-8144
2365
1359
-5742
-2008
7985
275
1079
-7870
3347
-3060
1200
6003
1048
-1682
381
-8075
-9876
8337
6929
2761
5378
-1833
-6641
-4811
4271
-4231
8443
-5578
5006
-1867
9866
-5643
2797
1267
-197
8269
-5530
-2245
-4352
7164
-9109
8483
-4093
8664
2400
-6382
9513
-7240
7711
4804
-3076
8233
7044
6372
-7002
6152
6336
6114
-5998
3292
3994
-1898
-3050
2629
-4759
-6623
-2076
287
9049
-6182
9538
6867
-4243
1872
6973
-4752
-8078
-9957
1902
2229
-2272
-8753
-8833
-970
-891
-5405
2135
7441
-133
-3647
5156
-4521
-185
-1141
9273
-6631
4703
2473
-2409
-9411
7155
572
5957
7596
-4403
2690
-3443
6302
9224
7294
311
1439
2927
-1704
-1002
7866
6134
1185
6111
-1118
-4485
-375
5120
5835
-2970
-3608
-4856
-9895
3555
-8405
5855
-8608
9736
-6196
-6414
-985
8227
4271
6424
8668
8527
-5264
9225
1780
2360
2858
9914
-2811
7024
-4017
-8996
-4085
-4727
-7525
3799
8753
-9985
-6743
7374
-8502
-2805
-8674
-6721
2896
4306
-7514
-7132
-4822
-4002
-1200
-893
-3691
4601
-313
-2522
-3897
-651
-460
-4698
-3634
959
-2533
8749
-3141
-1066
-7357
-3855
-9176
1334
4484
-9322
7934
-4193
-4268
7515
2121
-9720
7034
1309
4634
7066
8505
-8882
9290
6683
-854
-4815
-7516
2608
-9708
152
1009
1132
-6543
-67
4491
-4727
-6732
9392
7105
6375
1191
-8822
-3517
7145
9940
-7008
3803
-5557
4492
-299
-195
7873
-3697
5612
6862
-1729
-2517
7348
5485
-2274
-5240
4009
2889
-7314
-5188
368
1263
-4951
1466
6324
4563
-2326
-1335
-270
92
-529
6844
7989
-1882
5223
-2586
3331
-3444
2907
6612
-6689
8231
-7631
5256
3894
-5098
-2715
5739
-864
5205
2140
2147
7924
6791
1496
-5713
9477
-7087
-8811
2890
-4082
-2241
5170
-9905
7482
-9059
-7061
-3405
1951
7818
-8226
-596
-6586
5553
7087
4387
-5869
3651
-7688
3897
9421
-9761
7273
-9814
-2861
4498
6385
-3304
-2518
-9547
1843
8226
7306
579
-2074
-4525
-520
6204
-6817
-7607
-217
1890
5963
6223
-1053
-9009
9631
-4230
-9720
4016
-9323
9132
-9886
2882
6287
8025
5146
1136
5797
125
5849
1239
7661
3018
-2553
5339
423
956
-3400
8833
1132
8820
5816
-7749
-5441
3735
-9907
848
3591
-2103
8021
-1681
7525
5540
-1070
1018
-6098
1089
-2325
9682
-6939
-8983
-1619
-1721
-9391
-8925
8447
5178
1090
5756
-8052
-3137
9875
-4070
7537
2358
-698
7366
7484
243
-6154
1538
3383
-6271
-314
-9836
-3424
-3284
216
3293
8672
-4494
1946
2427
-359
-1746
-9769
-1506
8256
-5697
-93
-781
5251
5081
-1143
-106
-4529
-7842
-2826
-5602
719
1931
-4221
-7473
-2578
3969
-4224
2489
-1467
3011
9490
854
-9067
-2512
3662
-4243
-817
461
-1744
774
5998
6455
-1345
-8643
-6311
-3297
-5066
7241
-6484
-6576
2148
5121
-1316
-1960
8898
7350
-9849
4124
-728
1569
-5444
3119
3727
6155
4556
-3330
-6412
-9129
7108
678
4108
6219
3439
2575
-1310
-1409
-3106
-457
9223
8389
-2680
8858
-5821
579
-5274
3854
7863
-5030
4271
-9956
-9920
5996
2948
7253
-8303
7336
-2187
-3489
33
-7420
-7036
7239
-1940
8020
9534
-4946
5487
-5287
-7077
-9125
620
-9528
1995
-4822
-7060
2685
3745
-6988
2648
-444
-8846
-69
-9398
-5567
-1029
180
-4671
-5617
-3572
578
2527
4111
-4742
4532
6487
4384
2128
1276
-5375
-4061
-8320
-6688
-8143
-4160
8845
-9952
2952
-1709
-8521
9423
-2776
-8690
-5934
-5920
-8022
-6129
4315
-1652
415
-4231
9151
-8587
-3819
8308
5949
3601
7921
966
2452
1089
-4266
-2460
4993
519
-3738
8606
2094
7287
-1506
-7019
1326
2036
8744
-2486
5230
-4108
-6515
-6071
-7200
-7408
-1803
1517
-5638
9450
7097
1764
1842
-6159
1042
-7343
9509
5506
3627
-1358
-946
-23
7448
8167
-1852
-7845
4295
8066
-9258
4893
3317
843
-3741
-2961
5082
-7877
2064
-9607
-4264
6835
7132
-4939
-6997
525
-9297
-1929
899
4541
-5959
3885
-2853
-1872
8763
7824
-3176
-7553
5266
1273
-9124
-2384
-5801
2862
-1343
8624
404
315
7050
3783
-4519
426
3445
-7019
926
0
-1451
3653
5990
8253
6573
4962
-82
1765
-1657
9807
-7052
-6494
9543
-6443
1965
-5622
4128
-2593
-8147
2782
6239
-2071
603
2682
7620
-8383
2565
-5858
1262
6914
-5488
6381
-758
-2976
-1753
-3492
2784
-2260
1857
-8437
3555
8933
7526
2515
-306
8010
9230
1549
7482
-1710
-2184
8259
2678
-6005
-4744
4718
-9456
-2979
1330
-3304
-3325
9886
1390
-6493
6573
-2453
-8491
-2146
242
-6587
-5221
-8674
2830
-7713
994
6672
990
-8393
-731
6552
-7470
-7294
-5536
-1242
9387
9397
7561
4603
-701
-4009
-3091
2429
-4854
5898
5130
-6761
-9817
-7495
-2386
-9447
5659
2568
-6013
3118
-4079
9370
6169
-8693
1499
-8427
-9901
666
-9149
-5294
-7438
3379
4548
-3582
4850
1292
-3670
6730
-978
-4954
1040
-7626
20
-7831
4411
1975
7970
-2601
-3083
-713
-1300
1424
3546
-487
-9801
-9520
-6719
7725
-5043
-7887
3871
4625
197
-7356
-7173
-347
-9630
-9445
2551
6411
-3400
-7709
3664
-4710
-1291
-8271
-3110
-4837
-9191
-4340
9516
2115
6998
-2435
-2189
8694
5157
-9997
-1957
-6315
7274
2558
-269
5202
-4158
-7251
-9648
5508
-8782
-6307
9439
-8523
-1266
-7302
-4941
3645
-6991
7243
-1596
7504
6852
172
-4956
6022
-459
-4596
-9113
-5622
-1551
-1910
8478
7986
-5253
2150
6787
-3513
-5466
9695
-8743
-2267
-6404
-8247
-1202
-8801
6136
3124
-7729
2718
4174
1360
3543
-105
4414
-5855
2474
-8571
-7275
-5835
-9227
7876
232
4215
-3330
415
-3973
-175
6721
5484
1556
7063
5701
2313
8584
-6665
467
3793
-5268
-2899
-7923
4471
-1397
-7246
5259
5735
-6538
2097
8720
-7728
2572
6726
8825
-3711
5037
7300
-6367
-8833
2617
-6036
-7279
-5040
-5348
8891
-5804
-2830
1552
-5449
4565
235
9729
-7817
-8661
-3258
-1759
9809
4819
-7884
-5249
448
1777
9271
8327
-9040
6368
8960
1368
1269
-5079
-7405
7490
6363
4632
1811
3322
-1641
8787
323
-3074
-862
-7238
-4494
8187
6573
6322
1997
287
-5842
6788
-9521
6241
-2282
-2596
-4792
-2215
-3235
8080
-6442
-7203
8898
7754
-677
1473
3844
-5291
-4737
2134
4717
-5147
1910
4533
-9138
9607
-4746
-1653
-4499
4068
-6568
-983
7868
-5520
-144
-2887
4981
831
-3957
-1105
8515
5997
8847
-8640
1169
-8869
9479
1461
6562
3228
-8963
8494
7845
-1370
615
4777
5016
7068
-6222
-7033
1939
-6135
3273
6093
4203
9360
-2846
2400
1730
2474
7248
-7270
-129
-4927
8283
3790
-7840
-302
871
8905
-7765
-761
4418
-53
-7674
1609
8858
-6194
2455
4163
7526
4984
7275
7668
6610
-9696
-9923
5902
7924
-6283
8511
9408
-4957
9082
-7770
3723
3119
-9751
-1178
-8458
-3355
-5327
246
578
4593
-5217
-7814
-6228
1359
5348
8950
7190
-351
5904
-3103
7619
-3418
-9469
-4640
6519
8410
1195
3536
-4261
4011
-3349
-6763
7774
-592
2132
9772
6715
3010
3807
3094
-9408
5509
2590
-6278
-4476
-6816
-455
7955
4044
2122
-4337
-637
136
-9127
-7197
-3767
1352
2934
9814
265
1887
-2700
-1090
-9165
-1273
1731
5008
-2929
-6497
291
3479
9177
6623
6177
9810
531
2006
7151
-5131
4815
-1528
-2112
1861
-8530
-5392
-3626
-8667
8251
-1858
5533
5210
-8242
9601
9540
4131
7564
-5130
-3168
2882
594
5418
-4851
1737
-7165
4414
142
-6696
495
2919
6369
-9770
8838
-899
5449
-2295
-1161
1409
414
-1693
8350
7368
612
-4280
5920
-4228
220
6012
4230
5176
8205
5403
-3335
-2271
9696
9511
2675
-9949
-8838
8875
7175
8923
1649
-8053
6718
2714
1674
-6800
3512
6230
-176
-5072
-5563
9113
-6897
-3973
5614
-8295
7617
-4918
8373
435
1965
6052
-4835
-4716
3016
4714
8618
8784
-6952
3855
-7612
5529
-864
-4712
-2879
7815
7059
9056
-9600
4330
-562
-331
-5994
6861
-6617
9387
-1468
5458
5137
-4727
6040
-3777
2309
-2018
-5076
-3890
8643
-8176
-2018
3987
-3769
1107
245
-4009
9240
1586
-5052
791
5286
511
-48
6098
-3604
3656
7631
-4860
9632
4721
9268
4349
-4756
5180
-8657
-2088
7537
-9468
-2025
-9707
7690
-5482
-3693
-312
571
-2724
6036
-6793
7171
7174
7271
-8033
-6520
9825
-4970
2387
8263
-5430
-83
-9375
-7258
-6541
9207
8594
-3360
-8828
-5204
3539
1930
5458
-6368
1933
9025
-369
8798
4790
3567
8275
8839
7378
5784
-7683
-2090
-4523
-8968
-5888
-6446
6605
5009
-8252
-2535
3047
2394
-7333
9834
6084
-5619
-3810
2052
6456
5800
-1944
-3518
-7289
-2864
-9161
3434
9884
-5567
4636
-2212
2970
6879
1336
4641
-9035
-7213
5526
-5988
6794
-9314
-7820
5326
7246
977
-4103
-3303
5935
-3578
8796
3930
3352
-8505
5938
-2361
-3788
5172
-5013
2624
9897
6899
990
3366
-8311
2481
9203
1978
338
-2147
-2364
257
8447
-8724
-1817
3346
723
3680
1949
2370
-3908
3408
-7486
8564
-9481
-8929
-9117
8287
-24
-7017
7134
-4155
-332
-7675
2295
157
1193
3121
2099
-9583
-2715
-9825
5080
-2529
-6280
-7411
6694
5047
-9476
-8220
-1809
-2664
-5385
-6924
-8151
4200
1721
-5453
-5294
3723
651
-9371
5042
1386
-652
5205
-5546
1368
8128
2102
-4144
9510
4129
9952
4218
-7052
-3982
9985
-8610
-7248
-4965
-4934
-8398
-6488
6308
5138
-8521
5180
-4019
-1243
-6116
4387
-2167
-61
750
-1008
1077
4619
1068
-7378
2843
-5716
7641
-3785
-7299
3324
-5873
5873
-3748
5629
-3210
8171
7846
-9858
6004
4843
6671
7467
-2170
8003
-245
3787
-2018
138
-5802
-4278
9101
-8953
-1754
9113
5574
2664
9220
-2276
-1606
1408
-2071
9675
4480
-561
-8187
4331
-5036
-2966
-2687
-6425
6045
-1634
7749
2622
-5390
-8275
-2459
6957
-3178
5930
-5595
-8958
3231
823
1109
-9212
-1651
-4499
-3559
4272
3807
-5637
-8911
6417
-6660
-8171
-1363
6816
-4395
8605
8878
-3293
7117
2759
-3717
-455
-6759
8639
691
853
6375
-1643
-7293
-7362
-4913
-9532
-9991
-6929
-2385
1673
-219
6015
-552
9556
-6859
3496
7428
-6909
-9533
67
6047
6087
-5469
2846
-4301
-9474
5609
-4103
5490
-9434
4200
4599
-5464
-375
-8289
-2986
-4907
7831
-3678
-1374
4346
4048
-7490
-635
77
-5547
4238
-815
-6676
-6225
-3793
987
7003
-5986
-3927
8627
5454
-2433
3925
-6475
2905
-1171
-3652
2809
4668
7552
4289
-908
459
5148
7637
-4856
-2478
9371
4420
1498
875
-312
-2284
8789
885
455
-8146
7644
3328
-2380
5124
947
-8885
-1444
8503
4379
9248
5564
-7628
-8066
-1410
376
-3203
7253
-9120
-5380
-3705
-5083
8314
-6765
8174
4044
1630
2902
9369
4573
-5181
-4955
-5851
8491
-2841
-2679
8901
-4803
9884
2714
3424
-1057
-3095
257
-604
614
-2099
-3771
-3805
8959
1634
-3854
-4020
-681
2779
-7008
1817
90
-6110
2228
-2559
-3552
6318
3751
9788
9519
4837
3352
-3246
-2394
1582
1282
8621
4834
4489
6780
-5382
5275
-511
-5017
7513
1424
6851
9402
1593
-1554
4322
-8596
-7730
5895
-2229
-1147
-7843
-5113
1917
-2156
6229
-3041
2523
-4182
-7777
-3423
8112
-7608
-6690
-9569
61
-6278
2879
7008
6000
8815
2716
3834
4625
-9199
-8065
-5518
6753
5044
-9262
7522
-2433
-7661
4191
1888
211
-7208
2592
-5134
-8155
-2300
-5778
-8546
5332
-9672
329
-1165
-7905
-5001
8902
-6074
-8200
3301
-9921
2425
6670
-4354
-6266
967
-8803
-4019
-3592
5415
5326
4851
9159
-6271
6832
-7966
-4395
-7884
9959
2115
-6908
-4775
2654
-7429
4272
4413
-5194
7582
928
9270
5275
-8879
561
-9900
-1780
1424
9977
5401
-1923
-3684
-1893
6588
-3165
-517
-1205
5914
-4423
-1029
8060
-4477
-6190
-1397
-7694
-4137
4969
4687
4166
-1500
-2597
-8477
-4266
8867
5323
1987
-9233
-4055
6516
-9072
-314
-2801
-4790
1707
-5894
8959
-2884
7428
-7885
-2725
-1574
-2866
-7680
-7436
3019
6668
-957
9861
3320
-8529
1521
-6794
4190
9139
-648
-9910
2295
-3018
9891
-3724
6451
-2400
-3308
3638
-80
4881
-1604
-1849
-4573
-5071
-2313
-185
-6147
6560
-4001
8669
-3959
9542
4271
7160
-248
-2764
6922
4042
7331
7037
-6242
-6854
-3443
704
712
9067
3197
2882
7106
-8574
-1328
37
1449
1303
-688
-8021
-5136
1314
830
-7738
3719
-4161
-1872
-4735
-8625
8051
1012
4469
-6425
9703
-6510
-4573
-7875
-5110
-6860
5943
5908
-6989
-1088
1073
2453
2515
-8484
409
-2631
-1567
-5617
-7401
8149
-8726
9735
2528
1809
-3084
-6513
8093
5959
-2563
1588
-2285
-5041
2155
5532
-6741
-3241
4311
-2204
6343
-4886
-9119
4016
-914
3931
-918
-789
1264
5515
2210
-1251
-8968
-9875
93
-2120
-9548
7347
-725
-8024
-2410
3746
9890
565
8416
-5524
-7297
-7644
-3495
7777
-1208
-7034
-1867
1916
-2320
7052
5120
5308
9907
-5270
-6344
-6758
-988
652
2026
1483
4888
2615
-5947
9947
1804
6198
-6847
-4820
-2516
6782
7528
2822
2283
7397
9468
-5071
1106
6046
1354
-9084
-4693
-2936
-6013
-2352
2406
-3890
-3488
-2357
577
1010
-476
-8895
-9728
4530
-1817
5767
86
-8330
7579
2830
-2644
7128
5880
-9772
9851
4558
-218
-3331
7359
-2690
6742
-1287
1978
-6749
-6374
6885
-891
-5856
863
-3726
-2058
6416
-9082
7823
9412
4422
-4788
1484
-6463
5425
-2697
-2415
-6838
-7584
4332
8587
-3931
-8014
-6954
6705
4482
-9775
359
8509
7668
2439
2277
1801
9004
3115
6169
7716
8580
-7064
-3027
9172
-6116
732
-7258
2432
-6065
176
9061
9414
-6357
4329
6317
5305
3116
-805
12
-2546
4720
4506
813
-8418
6994
-3622
-2659
5988
292
-6120
8839
5542
8754
-2273
-3748
6760
3220
3202
4557
-95
-9734
4266
-2862
587
-6554
2731
-1235
5052
1106
95
1159
6446
32
6026
-4206
-3891
-8345
1854
1953
-6396
-323
6598
2965
-203
-9129
-3847
9576
9103
1944
-721
-7716
-6716
818
5641
1968
-3104
516
-8229
-4970
8635
3946
-3569
-848
616
-7547
4266
9435
-342
1142
2842
-8030
-6510
2737
-5125
-7715
-753
-4827
-7437
182
-8951
-7661
-232
1306
2934
-9904
-19
5090
331
-7246
5771
-9456
277
-3133
5608
2570
-379
6986
7221
6782
710
3919
-8649
-1411
-9738
-6448
-5436
3391
7816
-7281
-6402
-9785
6877
-165
-2596
-8537
-2226
2958
3511
3946
-6007
2416
2095
3477
-714
-8402
153
2317
4803
6301
-9917
-5551
-9038
-4250
-1284
2811
-6017
-9311
-9805
-7230
7528
-1452
4435
2164
3062
2178
4546
8325
7789
-8273
-1927
-929
3284
9783
-1483
7346
-8296
5549
5976
7814
-2924
-7484
1777
-6
276
8073
-1432
-977
5123
381
6123
-8145
1759
-9183
-3173
8868
8704
9678
1242
-4171
5957
8346
-750
-7681
9184
5516
-4667
3251
3770
8999
6435
7140
7814
-5653
-9236
6072
-3043
-9902
-647
-5908
2608
8705
2776
6750
-8320
-9200
7141
9697
-9272
8974
1682
-3631
-14
-4232
2651
-9230
-2195
8159
-2998
6979
-8323
-278
7121
8304
-7442
3279
-6601
-8438
-7857
5754
8159
4467
-7384
-5563
4300
-7246
1401
2465
2483
-8218
222
804
-9799
-6635
-37
-7270
2252
-1549
6674
-3524
-7286
-8042
-3833
1510
-7167
5838
-5223
8541
7492
-5616
-6815
1161
9796
-3013
-724
-9587
-6017
-8965
-341
-5174
8580
6107
-1580
-9249
3623
127
-5636
2926
9063
-932
-8200
9906
8398
-7663
5027
-788
-5899
-1203
-1917
5702
-8776
-1666
-2015
5055
-609
-7429
-3896
727
1102
-566
-7109
511
9010
8850
-7481
-2809
834
-6884
7083
-1007
4431
5900
4408
8415
9102
-6837
-1530
2416
-8728
5050
-1669
-6248
5823
6299
-7154
2704
4630
-3695
-5372
6655
9611
-9374
-1934
-9548
-1989
4857
394
7453
5865
2680
-9730
3198
4059
3721
-7551
-3972
-1939
-8951
-3977
-2352
7837
-6221
-2122
1623
9138
-2373
6065
-6839
6494
-2153
-8606
4273
-8640
2278
1087
4955
8473
-8334
781
-8762
-7366
-3101
-100
502
5416
-3463
-715
7221
-5449
8693
3437
5421
-918
-4058
-8930
1740
-7214
5069
3924
1388
4980
2314
-8239
-7012
6556
-4831
-5887
4475
5065
-8691
-6306
-3519
3141
4828
6911
2466
1021
9023
-1938
7291
2255
3469
6841
1717
53
4472
-7936
7876
-3685
1662
-170
-1891
6349
6319
5687
-6988
3185
9124
5275
5993
-3939
2672
-4102
-8214
2273
9005
-1435
1656
9333
-8015
-3944
3485
1661
609
-1714
7675
-3001
-1055
-1108
-3497
9944
8721
881
-8047
-8028
5590
1181
953
8817
-2624
6152
7270
-5183
9938
8001
-1299
5769
8920
-139
-4163
-4423
-9412
-2837
-7232
3597
-3889
-5033
9110
3045
5362
-7325
-8190
1913
-1831
-2438
-1116
-6315
5780
-5046
5373
-8542
6449
-2736
-9825
-3148
-8799
-7885
7643
-4765
-8692
7389
-3064
-9822
-925
3037
-9834
5707
7780
3487
-1516
-1269
-4864
-117
-2306
-2242
6423
-4267
-7677
-6905
-6540
398
774
-1333
9545
6102
-1440
-3643
-6227
-5352
2987
-9550
5634
-6446
-4313
-9236
3041
-1837
775
-4859
-3939
-4691
6394
-7595
4748
-1640
-6274
-1283
-5936
4746
1191
-8366
4322
1218
8690
-8488
8940
333
5940
-6382
-3072
-6534
4705
-8049
-8689
-1096
-2966
-1834
-9362
2832
-3464
-3209
6040
-751
-6712
-2789
-3729
-8176
3914
3089
-4873
-8923
-5721
-3515
-9053
-9178
-1581
-4698
-1552
-9829
7539
5760
-5026
1472
7920
-5728
4107
-4574
-8964
3194
-8628
-6666
-4144
6997
8237
-2553
4122
1043
-7315
5820
-9710
-6838
-5633
-998
-5394
3724
6856
2858
8878
3506
6309
2305
-3878
-993
-5485
-2193
1994
7292
-4505
-8758
3997
-5418
-9948
-5479
8315
-2622
-1896
4894
-4671
-8124
-6766
-4892
-7001
-1764
-3919
-1782
705
2846
5693
-4551
4064
-9650
7193
4725
7388
9902
-6109
-5757
7040
4702
2662
6195
1717
-4072
918
-9095
-3608
-8119
-7055
-7626
-7230
8832
-3155
173
6306
8514
-5148
-9341
-9906
-7412
-4457
799
2494
-470
-6500
3119
209
-3211
-9755
8346
8179
4753
5328
5604
-9964
4869
489
2026
6703
2838
3675
-8453
7505
3137
3458
-7420
4172
5551
767
-1283
3478
-9729
5009
1941
-8569
-829
9847
-3439
-1947
6450
1039
-3317
9457
3835
2318
-9240
2904
6308
-734
423
9602
-492
-6263
9259
-5914
1495
-6428
-2528
-1494
-4851
-7773
-9651
-5871
600
4647
4191
8019
4557
5912
3939
7396
9600
-6941
7854
-4058
-8938
7081
3144
2812
5606
5047
8655
-1055
-6477
-6576
-9092
349
8735
-4899
-3096
-9214
7539
-1223
-375
-5086
6744
4680
-6178
2891
-1560
-2314
-3103
-6339
-3608
2287
-6818
-6817
-6237
-4975
-7520
6975
-9866
-3452
4934
-1007
-8163
1483
-3204
-6234
-4612
4534
-5795
9225
-3078
-3256
9850
2976
-3275
-4847
-2031
-6950
-8207
-874
8639
4378
-9226
2172
3251
-4793
4367
9825
4826
-9151
-4530
9494
-4176
752
-3086
4926
1904
8690
690
-5943
9764
3348
3438
-2039
-4696
8834
2313
-8595
1078
9524
361
5757
9720
8043
-3907
-8742
3250
-9313
5618
1582
-9048
-1191
9375
-4512
-5027
9523
-8410
3801
-9746
5577
2542
-1351
9421
-4773
-119
-7648
7920
-6240
-7
-7771
9641
9861
2265
-5281
3974
5813
7056
7422
8885
-7848
7320
8234
-6380
-9018
-5783
-174
-8802
7972
-686
-4733
-1974
-2480
1564
-9613
1564
-7779
-5567
7585
-2726
-2485
924
-2813
7296
-2204
-8293
-8614
-923
6357
980
-3826
-7615
-8556
4441
-9544
-8029
-3859
-6844
-5774
-74
-5172
-3335
2947
9805
-9011
-9970
1737
5565
-431
9891
-854
-5770
-5089
-2496
9830
4698
-5841
9779
1627
1553
5677
3300
9511
8957
-4976
-2837
-1554
5722
-1389
-5103
8713
4672
7601
3806
4576
-4469
-5758
-6849
-3615
2822
-8045
-410
9094
-3216
-5566
-7735
9554
2440
-7065
-5481
-6087
-1047
114
-56
-554
-3004
6918
1606
5064
-8601
-324
-4113
1255
-3742
9280
-7440
-8171
-1449
-7676
-8217
7006
-7820
522
9181
-1106
2722
6809
6364
-6278
-8686
-1588
4022
-1745
1971
-8068
-4130
-2632
-1901
267
-7923
5966
3161
1664
3775
5031
-9176
-9309
1667
2106
1668
-9662
-9998
5959
1723
-1580
-5769
-9914
-8829
-6686
-1543
698
4953
-9027
9779
4938
2509
4564
-6989
8846
2674
-85
1014
-6875
-1580
7112
7182
1083
-5162
-1015
-6831
9018
9072
3085
-5816
9679
-6449
9807
4317
9798
497
1687
9367
3709
4055
1177
8197
-3796
4521
-1113
-3278
-8987
945
5269
1959
-5442
183
8042
8329
5845
8118
-3957
-5199
1398
504
8205
5133
5383
3134
-3844
3883
9895
-2184
-2099
4196
-7887
9636
-7974
9850
-5834
-9917
4883
3022
-3281
-689
-6464
7352
-8132
-6801
-2115
8513
-144
3557
-6587
749
6652
-9217
6193
6842
7514
5649
-2320
1047
-6429
-4548
2288
4816
4948
1832
-585
-9393
2502
5558
8283
5699
4145
824
-5366
-1668
-6819
-8580
-747
5799
-3237
-9940
578
-6480
25
-8995
-1068
7678
-1949
419
-7230
9104
339
-7693
-8041
-9961
3852
-6034
2577
9388
-27
3272
-7030
-3552
6767
8035
-1960
5961
-8797
1397
-1122
-1861
-6126
-2443
5775
3028
-8970
-6752
-2314
303
-7626
5848
1044
7494
4977
-7598
9516
4712
7771
-5572
3174
-8274
5189
2993
-1171
9464
8994
-3105
-312
1397
3200
7136
3407
-9613
7168
5441
-5868
7386
913
6068
-2265
1813
-8356
3613
7184
491
9299
5371
-6770
6478
-3148
2631
-5593
658
-4783
4472
4448
-8024
9941
-2160
-3633
-8411
-4148
-2140
-7383
1192
3277
7386
-2308
-3533
-2097
7961
9341
5576
-6970
-3607
9553
6944
-4750
2851
3914
6192
-629
-621
1972
-8582
9018
-8396
6873
9292
5782
-836
-8027
9254
4506
7135
7984
-8200
-5009
1678
8256
-1010
3230
-3872
6382
1725
-4550
-6958
-3714
-729
-157
-7933
4719
2793
-2435
-4119
-7003
4454
1295
-7047
4152
80
-8332
-2592
-434
8415
5264
8849
6764
-2973
224
750
5241
87
-5716
1734
-5908
8194
6426
6497
-1572
6670
-4600
-687
-8358
9426
7464
1976
-9229
-807
1770
-1555
9266
3149
3358
-7615
1707
6407
-8052
-9914
7599
1995
13
1037
-8644
-7037
-5579
-6669
-6992
6597
-2846
-7337
3926
-7576
1096
-5112
738
-2068
-3416
-5085
-9046
-3873
-8986
-8113
-3331
-2104
9372
-9711
-2444
-7188
5749
8032
5581
5730
-2790
8088
7324
5485
5869
-7900
-2654
3711
6257
-6484
-6644
-8715
4601
8903
4369
6488
-3860
-4570
6621
9522
-8498
7657
7466
-6891
-9693
6319
1642
-7559
7508
-1599
3627
8237
-3692
-2372
-8132
2480
8220
6884
6025
8616
-6777
-9522
-193
7174
8955
-7355
-3640
5674
6493
-3145
4281
7198
-1454
-6996
-4647
193
2275
-2690
-8410
9809
5976
-8249
-3598
3611
4955
5641
-2019
-6629
2906
-6284
-4358
-9677
3721
4912
9657
8610
713
3328
1089
-31
6175
-527
-3994
455
9328
-4467
-6129
-3301
-7048
1278
-9679
-2760
7438
4430
6108
3223
7414
83
3533
-4810
-5486
-124
-9107
323
-3638
-3726
1730
-1513
-7870
8138
-7050
9079
2522
-1196
-8144
2098
-1636
7064
9355
-7644
8321
-3682
-8272
-5992
-4775
-2837
7504
7150
1135
-2753
-7565
5981
8206
-1389
-4046
-9421
-6040
-8291
-8667
2785
-200
-3819
-3558
-3194
-2404
-9985
-8126
-1207
-3888
-8246
-6856
-9326
6188
6691
873
1686
-8455
-4536
6511
-7252
-4026
-427
935
6777
-3428
-4691
4735
3994
6042
-527
-5165
9537
882
1448
831
5758
-7887
6484
-1508
-585
-6953
8551
-674
-5533
6178
-1102
-7310
-5951
9615
-7102
-7302
-655
-1922
1046
-366
5430
-2205
-8888
-17
-6179
-7623
219
7514
6456
-8929
-8172
-3060
-2690
-2708
-1348
8021
7603
3904
1329
-3034
-2662
-6117
7562
-6106
-2235
-7343
2134
5981
-3672
8089
-1788
-9214
-7835
4393
-8614
-4518
3756
-8019
7454
6120
1922
-6304
4171
-5784
-5625
-1838
5090
1124
5342
-9437
4510
-1428
-2294
-5359
-4132
7910
-9320
3117
8107
592
-6252
-3494
7300
5237
-9157
6537
-3193
5321
533
4434
-4253
5614
2656
-1724
2102
-7957
5683
8921
6797
2931
-9920
-3133
-9345
-2131
1479
-1494
8289
1794
256
2642
-5311
4151
-6160
-2426
-1280
4286
-9097
-5846
-5923
-7730
-7168
-6696
-4826
1967
-9703
-3146
-8322
5434
-2109
-5842
6667
4068
2937
-6970
-8022
-4319
4154
-310
6155
7861
-7417
3155
6260
170
2899
-5933
427
9493
-6303
4415
4274
-7327
7862
6075
8458
7101
7117
-8770
4049
8623
3815
-7762
-9143
4020
2673
971
954
-5664
382
308
111
-3291
-1373
-6533
-3492
5270
-2274
7766
4288
-8808
-7636
1253
4305
-5176
8222
-2568
-8884
2327
9728
4793
-4529
3038
-2137
-8423
1921
3930
9820
-1756
-7792
-3696
1787
3388
7594
3121
-9220
9249
2803
-132
664
-9968
2431
4403
6563
-7729
3403
2374
7899
-8870
-3395
-6826
-1442
6634
1448
-1142
-137
-9127
-9625
-8517
-6377
-7624
-8905
-1149
-4832
1619
-5539
7698
2967
-786
-5624
9375
-9579
1460
-3179
6543
9731
7826
-7812
2288
9684
3170
136
-9024
7514
6942
-2407
1668
9682
-3095
7415
8161
4067
-7398
8262
6683
1901
-4747
8857
7905
-3682
-5074
-5236
1269
-1692
5824
2328
-8791
-2672
-6194
9909
-9354
9400
9799
373
-4697
-3556
-6691
6711
-2625
-6844
3065
-3961
2457
-3017
8732
-6931
-997
-3154
-698
-4311
8280
7319
5343
8094
-4267
862
-7755
-7488
-3076
-9
-5702
-754
-3084
-2096
-1739
9169
7436
1482
6591
-6702
-1432
-9628
1262
-4111
2938
961
-6220
9259
2515
9705
5337
5553
-485
706
6232
1331
-2431
9572
-3840
-6236
-1697
5367
-8847
790
7178
1138
4448
2872
-8381
-6824
1252
-2121
-990
3783
5573
4627
-1968
-5563
-8780
7006
-2668
3142
6195
-5401
-5075
-5028
8688
4419
-1220
-3103
-7124
5647
8334
2885
-800
-9359
-3460
-5500
-7490
-7290
6683
-9215
-4454
-3276
6434
6685
4349
3611
-6882
-2915
1913
-6393
-5422
-4723
-478
9362
1315
756
-1688
8800
5580
2539
7692
-9835
-1376
-8919
9
1339
3736
-5391
8109
8884
-4778
-9857
3556
4550
-8194
6082
5397
-4022
72
7098
-8553
8692
-309
2779
5719
3323
-482
6513
-4396
2704
1135
-4056
1867
4902
-7604
7943
4449
-2708
-2414
4895
-9149
1223
-1735
-6114
7461
6393
-5563
4778
-6753
-3187
6354
-4690
-7188
6784
5541
709
5422
-5153
-1672
6009
5417
2529
-4911
2247
-1851
9556
3790
1295
5660
3551
5197
-8253
1755
7611
4276
-6599
2156
5992
6272
261
6245
-9561
9333
3002
3372
2222
8328
-8333
4623
-2911
164
5644
77
-3692
1965
6561
-3533
6382
8692
7851
-441
5397
5678
-743
-1233
4753
8580
8424
6258
-1580
-2412
1929
-3419
-8738
-4465
-9534
748
-9455
-2611
2858
-7085
-2630
2553
5566
-3774
9500
70
5258
5637
-2934
-1175
4824
-3780
9097
3887
1353
919
4771
6344
-2738
-1206
-5635
9313
-6813
4608
7545
-3689
3012
-459
9625
-5318
5200
6858
3447
4025
8235
-816
5173
-3334
-4283
3151
2176
9019
3667
-7245
5505
3348
-2780
-1231
-635
-8989
8573
-3308
-2930
-1806
-4065
-4442
5083
5530
9224
-2836
-9629
3941
-6771
1088
1678
2820
536
4987
9603
-8023
4195
8366
-6004
-2103
9049
-5843
8856
8211
-4379
3114
-3798
4203
-3226
-9470
-7866
8954
-474
2835
1762
-4795
-4951
-5138
-1766
1345
6350
-3616
-7874
-9612
-6280
8691
4796
-9765
-2928
-9262
7974
-4028
-1040
-1966
-5130
-6828
6528
-6587
8474
-7828
1694
-2855
4386
-4307
-5431
9996
-976
-4608
8261
-5985
-5922
8287
201
-3022
-4734
-2422
5583
8487
5503
9455
8052
-4859
5733
6185
3299
2462
1504
2895
-1067
4645
-4568
-4730
4571
-121
5854
3247
2805
6884
8435
77
3643
9635
7130
-1379
6270
-7104
-1697
398
8731
1568
-6527
9884
-6583
3647
-3140
-3805
9384
6156
7070
-8354
4527
7395
8271
1147
442
-3933
-7427
5231
-7121
-6680
4506
-1925
4013
-2635
7624
576
-3960
-2989
-15
7350
-8999
-7031
-9445
-3637
803
-9269
3435
5094
-781
-7367
-8069
1425
-823
5269
4421
2425
-375
-5266
-1222
-6784
-4828
-6769
-7096
2378
-7744
-9717
7344
-4035
3182
-6299
-5594
-2903
3125
7300
-1121
-8488
9768
2881
885
6530
-346
-7402
1573
2539
-3557
705
9260
-940
-6503
-6590
4839
950
-9249
5656
-2979
-1607
-1975
4890
-1485
3486
-9278
-1356
9425
-9197
6370
-3460
56
5099
4667
8235
9541
6317
-3764
3095
1787
6361
1093
9777
178
3531
1225
67
-2328
6736
6974
3186
-383
7208
-8704
-3728
1660
5213
1416
6913
-3884
-3682
-2543
-4315
-8683
8995
-5468
7187
-6326
8336
6195
4213
-6077
1674
-5300
-433
6236
-1794
-130
4660
2413
5564
-1328
-9101
-773
-5559
-7182
-2911
5490
6277
-3949
-2715
9642
1512
7868
5871
670
8205
3824
-7179
6074
-7847
5101
2192
-3367
3077
-9247
-884
9553
5980
-5021
-673
2719
-584
6982
791
-778
-826
1268
8573
6351
8146
-7351
4189
-9301
-2709
8296
5394
8603
86
9260
-7727
-630
-3461
9852
-3089
973
-4703
-4027
279
-681
-6856
-12
-9370
-8699
-9213
-2314
-8870
8452
-9284
-4037
5413
4183
-446
-4748
-1741
3006
1458
-5506
-1795
5306
4685
2189
293
-1098
-4388
-46
8529
1009
4156
794
-112
-6337
-3074
6544
-87
-3993
-8277
4808
-3241
9810
-5996
8828
4728
-5942
4349
6932
-8023
9434
2387
4363
-6124
-4591
1771
7261
-5372
3030
1651
-2649
-5887
6936
9883
3021
3733
3393
8318
-8300
7234
5172
-1002
6325
679
6831
-8405
-5117
-5042
-5850
-5962
-7346
2475
-5150
5192
-3342
2665
-684
-7658
-7490
8046
579
-4885
-6554
4142
218
4178
5155
-220
-7790
-4571
6837
-1518
-5620
-8602
-7768
6349
1925
3437
2875
-1142
3054
-4243
8789
7300
5475
-6515
8648
7733
6653
-2845
1596
-4881
8360
-3944
-1066
6602
8930
2912
6819
-9802
5987
-3641
4597
-8888
8260
9780
-134
-4367
-4535
-1310
-2242
542
9545
5612
570
4359
9558
7439
2600
3213
-460
5166
-3655
8923
6005
6530
-9472
-4286
1783
6943
2506
-4270
9333
6136
-1655
-4687
-7205
3370
6437
-5051
-6046
5947
-8311
-1435
4615
-3721
-4929
-1883
-6037
-5781
5936
-6134
-9165
9407
-8529
2906
-3890
9291
7114
1083
-8288
8633
7798
-7453
-5854
-7409
1338
-7959
681
-866
8988
8556
6118
1420
3447
-6837
-2516
5343
-9174
-9320
3231
6695
7314
-9214
-9133
-9824
-1193
4873
-9799
7269
2272
-7781
842
-2013
-438
6635
-3398
5683
1977
-9055
9305
6074
6485
-5512
8724
-7849
-983
-7229
9260
7601
-8350
-8834
-1860
-88
7877
3365
-546
-4017
-4769
-6045
-1921
-4927
823
9268
-7193
-7117
-7509
-4076
3323
-474
-2959
2546
-5695
-4463
-5469
-3462
-7708
-5413
3057
5610
6657
8519
6598
-9456
-9639
-361
-9048
-8205
-1608
5559
-1801
-526
7177
4818
6100
-8429
-7084
8191
8367
9895
8825
-3941
3975
-5248
324
6378
-2153
8439
-1282
-8994
9285
8661
1680
4109
-362
-2474
2602
-7735
4949
7306
479
-225
8837
-7264
-4218
-6251
-1049
1472
-1155
-917
9251
-5201
5989
6880
-6252
-2607
5416
797
816
5358
-7158
9160
-1176
-8652
-7640
1657
-7660
-7004
-1445
-3100
8376
-9629
460
-6600
-2272
8374
1090
-8350
68
-2004
-5161
-1530
-4166
-568
-2014
9973
475
-9470
8946
-7959
6568
2848
1729
-751
-3482
4986
-859
-3755
-8335
53
682
-5263
-8752
-8308
-7489
9546
-410
-7751
953
6219
657
4767
-324
1189
2721
-6279
-7198
4459
-911
-642
3164
5848
-5855
8022
3723
-9824
-339
-5921
-9157
4443
-197
7664
-4842
-2346
4873
6133
-9687
9233
4899
-5794
8489
5323
-579
-7120
1528
2730
2086
3714
9429
-8739
-4386
-8027
4183
-5270
-5261
-4453
-246
6933
8333
-4888
5603
-3441
22
-7006
7104
-9583
1306
-124
-4354
-4002
-8050
-8813
8053
6885
-661
-8053
-1418
-4546
1839
-3694
-8962
7151
9658
6350
-2273
3631
6207
-8622
9560
-6150
-3697
-4082
-111
-7163
3465
7102
-9350
5536
3265
-2588
-4831
-5320
-7262
-5495
1796
5159
318
6792
1291
-5454
4493
-4805
571
1452
7092
-3314
7097
9187
-252
2532
-5786
-9086
-8732
-9826
-8669
-9003
4604
-7188
9864
4540
1581
8919
7673
8897
-4890
7498
4221
-2989
-2715
-6376
7760
-9269
-1973
-6382
-8928
-4241
2972
3039
5133
-298
2890
-2358
-3245
-246
-8236
9197
2509
9289
-2447
-1881
-4998
-4157
-5185
1775
5336
-4103
-3055
-5006
-9527
-9856
9500
-3732
-7653
4285
62
-2200
-2644
-7936
8465
4478
4986
3654
-5843
3639
17
3086
1110
3414
-4106
-2518
-9606
4009
869
-9426
8465
347
1087
-8721
733
-9268
6299
-1936
9914
-303
5991
7767
4238
481
5722
6372
-7531
9897
4485
6969
-630
-4074
9634
3860
6547
110
-9806
-6292
-3986
821
-1336
2674
-1466
5569
5830
-3189
442
-5895
-8913
-3112
719
-4088
3340
-2193
-1300
-3705
2652
5864
-92
6465
207
-9705
-6038
-9696
2948
1617
6297
6308
8899
7610
-9873
9445
-4792
459
-2298
-8471
-4934
1169
-6094
-5589
-8781
538
-7443
-165
-9775
5578
-4947
7214
3973
-8508
7806
816
-1056
1538
-1108
-8250
-1424
4299
-1944
-2114
5414
3748
-6008
-7790
1712
5040
7806
-7470
2776
-1178
-3712
-861
-9361
-4394
-3224
2330
-2353
-2604
8201
-5841
7922
-8412
-2797
3209
-1958
6446
-8918
4926
-7299
3149
-6055
8204
-2014
-4369
-804
1664
-9518
8204
-5806
2123
-8834
438
-5813
-2597
-1577
-2294
-6175
2611
4933
1863
8777
6702
-3697
-8413
-7684
4643
-3978
7127
-1270
-6684
-6093
2519
19
4922
1236
3676
3585
-5686
4314
-8156
-1904
-9430
5960
-2136
6956
-2637
-7808
-2031
7073
-9300
-8655
-190
-7509
7325
9240
-8204
2074
511
-2728
-2863
-2428
-7087
-9984
9076
6562
-240
5328
2215
7013
-8713
-5233
-4789
9165
-9700
-7433
966
-6762
283
1128
-9336
3580
-1238
-69
-2063
580
6080
-7463
1082
9153
-7679
-4383
-28
7052
-7114
-228
-9886
-1981
-8401
-4600
-624
7405
-3474
1367
-577
5746
7436
6340
9244
-2610
1652
8491
-2976
9600
4560
9435
7987
-9211
1091
-6723
-9428
8759
4214
-1329
3604
-2426
8722
-902
-5815
-1292
7415
8100
-941
1433
7930
6940
-1651
-9226
4584
8460
-1639
-2695
-5444
-7109
-6624
1824
-5350
688
-9894
-2594
2812
3398
-3233
5102
5859
4952
-4728
9277
320
-489
-3498
8805
-6434
-1443
-3664
-8480
8329
-8865
-556
1094
-1683
-5109
8422
-1330
5589
-3062
5935
-3681
-8170
-3944
1448
-8862
2623
5716
-7743
2003
-3385
-9664
-6580
6033
-4561
-6854
-9475
3609
4012
878
5452
12
1610
85
470
4736
-8758
661
-252
893
8931
4704
5352
2036
-8231
-7254
8231
9232
-3200
-5236
2097
-2484
-7990
2887
6313
-3041
6835
-5785
-658
-2415
8923
-9262
8347
-9835
-9799
-7577
9309
375
-1724
5051
1670
-7382
-6981
7707
9641
-9734
7650
2795
6565
3298
-2611
-3306
-5531
2569
-3758
8824
9564
8136
-1235
740
-3538
-7915
7264
8853
5680
-154
8667
-220
3610
-5582
-8807
-3492
-5690
-5999
-5262
7601
3579
2030
-7851
2641
-7909
-8711
8226
-4704
-7613
3500
-302
2118
-4953
-9073
7835
-5539
8296
3051
-5406
-1540
-1775
793
9668
1921
4214
-5827
-314
2785
2610
525
-3672
1368
3359
9387
-1533
-1451
8345
1596
-2387
-2029
2890
780
87
-1144
-5839
1343
-2101
4818
-6916
3904
-4420
126
7372
-649
-828
-7680
-8971
7873
-9755
3685
5786
8829
-6046
3225
-1619
-5067
5169
-6371
7174
-2013
9924
-2602
2596
-7802
3509
8277
4473
-6336
1199
-542
6534
1823
-4207
5543
6666
-3160
2158
-775
6770
402
-7744
-3480
-4822
-5086
-6905
3565
-4706
-8496
9280
4936
-4823
6499
834
-7214
8274
-8931
-4190
1985
-9242
7728
-5521
3768
-877
8844
8090
4267
2265
-2
-9924
-7558
3301
7510
1847
-1518
-9562
8538
6487
-4879
9560
-6167
-9124
955
7108
-76
5044
-1050
-9337
5176
2141
-6980
8607
8791
-1493
6517
7981
9933
5740
-2324
-1345
7961
3398
-3879
8295
6175
-8386
-944
-6703
-9803
-9453
-1269
-2594
7833
2484
2887
7237
876
5553
-7904
2442
1758
5785
4499
-4749
5034
-3444
1355
-6020
5610
-6836
5022
-1563
-4697
-1895
-8190
9581
4051
4772
-5265
-1659
-6705
7462
-295
-908
3104
1068
7123
-3289
-4751
7239
8353
-7814
-7581
-279
1066
107
1297
-7832
-4206
7140
5899
7362
5207
8484
3751
-3767
9068
-3066
-5551
-907
-9677
-938
8319
-2177
3821
-9447
-4548
9939
-3572
-2655
6461
5465
-149
2261
3807
4015
7658
-7248
918
-5654
1081
-5965
-4047
4860
3309
-2524
-2503
5356
-6683
1630
-4718
-5981
110
-2324
3579
-3213
2925
4361
9896
3598
-7360
-659
-2966
2869
7306
5575
-136
5856
-9912
9655
4064
5883
-2167
-6522
-2601
2085
-8773
6828
-3720
-1057
2219
-6955
-8367
-6510
8048
3141
-5915
-3831
3090
842
-5093
-8934
5669
-1031
3030
787
-9913
9880
8149
-6559
9229
-4204
6009
-2627
-83
-3405
-6729
-5985
-3391
-789
-1827
8438
5715
5972
-2600
-9289
7646
4108
6124
-34
5266
-5578
979
6626
-2121
3626
-9741
6751
-2888
-4094
-7764
4798
227
-4247
-2495
-3407
6657
3744
5247
-391
2452
-8556
-6631
8656
5200
8319
3824
-601
6493
-9662
-7844
-5154
9
-7910
-7700
-8099
-359
5293
6448
8993
-4260
-5908
-7003
4906
-8281
5381
-66
4477
-7540
7407
3777
6881
-6954
6350
-9793
9796
-7177
-1506
-1183
-5218
457
-1370
3016
-2319
-4343
-6300
7628
3337
-9581
416
955
-7535
7776
2406
-6296
-8721
-1584
1664
-2777
-6212
8192
5106
-5
5414
6669
3370
-3253
2650
-9392
-7185
1791
-9084
-7436
766
-4067
8019
8430
-6876
-1888
6764
-3152
-5323
-3232
224
1174
-1142
-8538
-4217
-8807
-6594
-7611
6118
851
-2782
6349
-5584
-7998
6440
-6494
5766
5843
1454
654
1043
6541
8277
-6896
-5150
8779
279
-1002
2991
1328
5351
-4927
-9874
3834
-6287
-1765
-7863
-8069
-6211
-6124
-9467
5034
7856
1966
5776
-3910
-5094
2200
-2834
3425
4568
2841
-9821
-5088
-517
-6714
-4177
354
-8426
-8386
-756
7255
454
5339
6541
2509
-5143
-3725
-7104
-2703
5810
4366
5494
-3741
537
-2662
-3346
2165
8187
-6655
-8734
-8351
2681
902
8212
8059
-7781
5226
2065
9262
-1768
8335
5799
3863
-7896
-5901
5747
2861
-5742
-1267
4774
183
-9034
-280
-3723
2244
-720
-6699
-9456
-4464
3220
82
7811
-7096
-2563
9971
-4426
3190
-6948
6557
580
8170
5197
4939
6183
3234
2926
-1341
7764
-2999
7780
209
-530
3510
103
-1683
7408
7403
-7803
5331
6
-9395
-7194
4592
4809
-2674
-372
-1621
6526
1309
2402
7052
7170
2856
-3038
8906
-2834
-2009
4316
8768
-800
6603
4711
-7028
1651
8711
8487
7763
-5433
-1032
-7544
9302
-5342
-8760
-9422
1570
-1264
-3160
1005
-5218
-4706
-1414
5339
-3781
8116
1121
6417
4177
7959
-5223
2828
4406
-9903
6354
-2033
-4326
2693
7503
6640
-6374
6498
7641
-3664
7788
-9556
-4774
2394
6732
7071
-9023
-6104
4136
-2538
8208
-8473
9664
-3693
-56
-6000
6462
6466
-8394
8659
-833
-6678
4375
-2733
7892
2320
327
-3801
575
-8458
5992
3117
-7431
-5261
-4700
4826
6906
4449
-6480
-935
-8324
-1842
-4564
2171
7733
-8565
-9064
-4905
9777
-2153
4013
901
-6906
473
676
-9915
-8992
-6864
5093
-2292
3693
8644
2964
-8854
-8280
5798
-2932
8045
-9997
7247
6163
4979
1051
7742
-3826
-7878
-6276
7238
-7203
-9421
-3030
-7315
484
6240
-9874
-6755
2346
-2130
-3063
5427
2451
4984
-8965
1659
7144
5287
-4890
7203
4233
-865
9201
3275
-6950
6115
5443
1283
3573
1919
-5768
5319
-4994
4796
-1127
-7631
-6998
-2807
4037
5195
455
8237
8233
-734
3297
5294
-8194
-3943
5584
3185
-5607
6202
-7480
9584
4493
6303
3898
-7116
647
980
734
-9163
2548
9586
-1801
3868
-36
-3711
3002
6858
-7651
-3152
-1826
-3957
7003
-7108
4291
-9267
-1449
-443
-4119
9965
8619
-1993
2018
-320
8464
4479
926
-290
3611
6120
-4072
2568
4296
-3318
-7928
-7619
4243
-8130
-3925
-8887
8104
3925
-4457
-6825
-7780
7447
-1373
-682
4976
-3705
-5232
4044
8344
2321
-5839
877
-9015
9561
2729
4814
506
362
-6573
4282
2331
7188
-9432
6695
2694
-4228
-7112
-6377
-2472
4537
1270
3104
2514
1289
6036
141
5957
7904
6156
-7818
-9812
-6729
8936
-4459
-3407
-4835
4877
-2285
5625
7673
2526
9773
6547
584
1058
4316
-3768
-4382
-4915
4057
-4071
-165
-3955
-6343
-2084
5992
6175
-8421
3670
-3187
113
2427
-6598
8975
4715
-7584
-1198
-3629
7791
4916
8344
-1419
-4564
-7106
-5527
-5347
-3885
-9124
3959
8902
-2185
-6576
4742
-4343
9409
-1428
-4058
-7296
9094
-8992
3632
7818
5724
8709
-3085
-1916
-3467
9882
-1530
8189
-9034
3370
-6301
8440
2982
-6787
751
6992
-6270
-6689
6754
6047
-7971
370
6978
5473
1599
-2705
2956
-8564
-1664
8084
-5562
-3947
7108
-8833
3598
-9039
-4563
8053
-1793
-3901
-6142
5045
-8744
5581
-3443
6507
2268
5021
-850
-5024
1425
6376
8759
3879
-3274
-4036
9061
-1833
2621
7607
-2104
-9830
6592
-2692
6517
-1649
2687
-6132
6254
9484
3632
-5613
-4743
-9078
6804
-6372
-8931
1572
-5351
-4189
6886
-4152
-5195
-5851
3616
-977
-2687
8989
5887
7343
-3653
-288
399
-22
7664
-9890
4190
1328
-9186
1486
-5200
7996
-3065
7756
2534
1797
7562
1216
9506
7318
6814
-9679
-8622
-4539
5586
-3123
4721
2626
7538
-6837
-8146
8219
9958
2859
-928
8227
6207
6313
1961
9127
-6584
-932
3351
4356
-2664
-6567
-8353
-9527
-9743
2667
315
8938
3783
2522
4945
9836
-5750
2020
7312
-7736
-9826
-2398
-3251
-7161
4436
3699
-9644
8443
3456
8770
-2378
-4448
-2502
392
-5
-2982
8871
4558
-2224
3575
9310
3493
579
8282
-7290
6192
-3835
1419
9470
4669
7499
3805
-3822
3246
-6410
-4352
8533
5029
-6226
3989
7563
-6779
-1316
5365
3901
1174
-6524
-6301
235
3341
1379
245
-5120
-1870
-4186
6738
-3224
-6057
2965
-2855
-212
-3382
-9575
8833
646
7819
6676
-8788
-800
-9109
3869
1582
7828
7056
-5966
-7999
-2595
8193
4137
9850
-3239
-8563
8230
2830
2898
6670
-6404
8204
8354
6711
6254
-3498
8973
7588
-3303
8467
-1929
1320
7245
281
-9700
-242
-9415
1314
4074
1863
4191
-226
-6527
4059
2523
-5498
2855
9590
-3672
386
-3860
-8894
-2115
9105
-5988
5221
-3730
-7030
6431
3232
-1126
4690
-5897
3125
7362
-1959
-7220
1148
-610
9322
-5508
7362
-8740
1033
-8443
-5979
4459
2547
-9708
3375
-8386
3620
-5245
-9362
-7618
-9322
-1510
9011
3647
3428
-2362
-2118
2823
-1602
1850
-1481
5306
7707
8805
-8468
-2192
-5871
8767
-2313
-7208
-354
8441
5554
-9504
-2461
6856
8688
1955
3333
1250
-9391
-5192
2536
-6795
395
-6139
9064
7070
-4120
9294
-4416
3295
1762
-7928
6239
-5495
-7845
-573
-6227
9093
6781
-3580
-7042
470
5880
3887
-1438
-7159
-7094
-4853
-5669
6938
-4838
-9772
7093
6631
1009
4292
7861
8768
1473
3879
-6502
4669
-6551
-1029
467
-8229
6867
5565
5351
3852
-5617
8194
-1739
-232
808
3596
222
381
-2046
-3331
6797
7014
6505
5785
354
9142
-2566
-5415
6192
-1180
-9502
-5958
2991
-6928
-8938
-6669
-9659
5160
-4808
-7511
3887
-3829
-855
6945
5693
7666
-2375
393
-5948
7979
6784
-902
8673
8444
-6010
7309
4101
4951
-369
9228
3333
-7275
5702
8788
-4102
-9822
8441
-2499
9817
-1625
-2146
-6727
-7010
8060
-4227
-4446
9684
-9101
7888
6039
-6017
-7249
2151
8592
-4101
6811
-7921
326
1752
-4655
7282
3913
9886
3427
8429
3498
-9703
-6206
-8636
3441
5911
-5776
-4899
-9213
5960
-7452
9657
-3760
7178
6483
-7941
-1666
9345
2470
-155
-5338
-2831
-879
6044
5200
-9096
-2202
-8745
-4765
-4233
-6706
-1330
3734
-9331
-192
9301
-9137
-115
8280
-5001
4147
5275
-123
-1703
-2974
-7047
5786
-1862
8772
9182
-2776
9262
7279
-3177
-9565
-8494
-892
5928
-8033
-9900
7551
-9589
7007
7606
8305
-8412
-4401
7728
-3885
2001
7713
9736
3001
5072
857
8388
-7209
-9681
-7596
-5879
9927
4064
-8827
-5812
1428
1640
-1298
-827
-8902
-2783
1705
-8254
-7412
-2835
-7976
-8733
4985
-4767
-5026
5110
6013
-4921
2295
-6719
-8121
-6059
-9601
-1500
2342
-5004
-8510
1873
-2895
-5917
-6069
-2869
-7560
1352
-6660
-2129
-4036
-2834
-2651
-6763
3146
1630
-1192
902
-1972
7578
3809
-4446
7346
-3326
660
2565
-5809
-5954
5930
-7934
-8550
4340
15
-2154
-9538
-5082
2418
-3560
-2467
-7121
-4489
-2319
6491
598
6597
-2945
262
-1768
9703
7314
-7566
4885
-2413
639
1503
-1254
-8827
4878
7085
1649
3672
-6423
1153
-5916
-7550
9719
-7261
1426
-1214
-9382
2505
5614
-8717
-3403
9716
-751
-5450
6885
-3398
-9302
8531
2001
8616
8684
-4867
6809
-2198
5819
124
-9143
-4656
2546
8351
4163
3572
-9184
6553
9863
-185
-3337
1894
-9365
-1410
8491
-4933
-1342
6430
-3706
721
-3567
-835
-4717
8773
9446
8547
737
6710
5571
-6574
-1623
-5997
-7390
-9246
2112
-8781
289
-4891
-2163
-3288
2731
-4009
2569
-4649
-7693
-5233
828
-2982
-7271
-6513
4994
8955
-86
6695
-1902
-2411
-1438
-8293
-7026
3618
-6188
8978
2895
5304
-5666
4511
-7344
-2014
3132
4527
4834
-9618
-8268
-5992
7113
-2224
-8004
8996
-4963
7692
-1008
4689
4294
1326
6845
9344
6919
-2689
-9599
-222
-1405
-5813
9131
5356
-7903
8201
1802
-2983
249
3078
3966
9682
-5560
6270
-9129
3609
8090
-1166
-539
6394
2603
1480
1711
3166
3578
1238
-5250
-5127
3025
-1963
-4924
9749
-2865
938
5851
1096
-7241
-7772
-6770
8639
8406
-3255
-4493
8169
-3761
1814
2150
-9172
-7146
-4354
-6930
6619
9100
-2565
-6490
-6567
-5292
9561
5494
-7485
7175
-4259
6244
2099
-3854
-6597
-9927
-5283
-798
-7925
1393
9656
-6669
3931
1213
-7205
4687
-9738
-8899
-8759
-8484
1533
-4630
1976
-337
-1179
-6451
5665
4710
98
96
2418
-6700
-709
3909
-9874
-5458
-9611
-5225
6897
6395
-3273
-9942
5148
6524
-1225
907
1066
-6224
-325
2155
2521
-553
392
9892
-3011
-5763
5301
8116
-6189
-1444
3339
-5438
1336
8225
-9783
-5159
8364
-1790
802
-9115
2186
9613
-5463
9884
8838
3767
8161
-3924
-2640
3793
5981
-4789
3873
2836
-3715
8082
-3771
3128
-7268
5057
-57
9053
6204
2927
-572
5435
-4166
4207
7004
5552
1945
-1684
-4905
-6415
-5000
-4922
6518
-7027
4814
-9680
-5060
6512
5690
-6216
-358
1154
-6274
-5540
7012
-8908
-5245
-8431
9392
1642
6658
-1367
-3491
-1598
4394
-332
6032
2986
1284
-448
-7869
-9555
9636
7461
216
-3069
4561
-4417
1347
8648
-5556
8230
-2672
-9844
4890
-8935
3800
4534
8015
1912
6928
-5226
3937
7207
9566
728
-8023
3639
7442
-6334
6008
858
7793
5084
-6363
714
-3436
7471
9497
-2965
9629
7938
9064
-1552
7784
-4417
-3858
-3011
-332
9064
6605
-9155
3376
-7574
4498
-6877
6303
-7693
-8805
3302
-1080
9876
-1663
-4987
-4936
6158
-8095
-7135
442
6679
-8713
-4230
-4262
-3987
308
1664
6232
-7217
-5131
-3692
2247
-1644
-7090
-6743
-8219
7674
-2750
2380
-2034
4599
-3791
-5897
2440
-6950
1223
-4958
7464
3480
8414
5432
628
-3722
8546
-2222
1684
2315
4817
8114
4646
3313
-3720
9986
-7191
3999
8459
5277
-2684
4488
-254
-1332
9168
-8176
8670
-650
9411
3470
-4039
4991
-2114
-707
-8348
-2102
-8734
3961
-8517
-6873
-8728
-2034
625
-3938
-3426
3560
-4125
2783
-5987
6088
3993
-5912
6991
-4416
6660
9278
-2753
3550
-8086
-3483
-8947
-3605
9613
5130
-9330
9160
-6577
2984
-6505
2632
2337
2152
-6860
-2839
5669
-8316
-7550
3798
-7410
3498
-2492
-6062
4864
-2277
8982
-8373
8572
9227
-2649
2534
1505
-5485
-4591
6122
-6324
-4720
-1655
-6954
-4702
-3749
-4535
1526
-5665
107
-777
4112
7284
8933
5548
5188
-2779
-5287
9675
4741
4631
1880
-9099
-8112
7277
-8850
8440
6272
-8849
4976
5889
-7619
-5067
3702
9835
7147
-6143
2945
-7434
2693
7030
5899
4539
8389
244
-7029
4317
-3229
-5445
-5113
-4278
-8837
-8432
-8042
-344
596
8601
-840
-677
1412
6337
-7767
-9776
5820
8122
-4328
5340
955
-6192
4408
9383
4668
2011
-2591
-9661
-8941
649
-5318
7584
8180
6498
-2908
-8545
-2402
-3445
-8836
-5670
9543
-301
4854
-356
4678
200
-3551
3462
-5725
4037
-461
3953
2600
-1035
2950
-712
-1273
9416
-5530
2308
4633
-4742
-3017
-934
2952
-2266
-7919
3042
-4636
-9914
-4855
-4053
-8141
-4566
7805
-3114
-2686
6518
-6164
-7993
-7221
-3227
1904
-2433
-4474
6144
-5946
-2118
-4085
-7742
7600
124
1039
-5196
3781
2096
-8827
-2733
-7115
834
-5985
-4170
7429
2665
2074
1289
-9959
6903
2615
294
-5268
-1181
-9355
2939
-9788
5231
-6204
8067
8519
-387
9597
658
-4814
2709
8093
-6971
-7211
8660
-5900
525
-6098
-2619
3663
-4804
3963
8934
730
806
477
6187
1956
-4769
3171
3337
6543
-6127
-3756
2571
-9916
1689
8063
7572
8375
882
6465
3366
3185
2993
-5393
1951
-588
9904
3359
-9677
-2634
-2205
7788
2368
3044
9958
-4286
-9893
6018
7255
6111
-5810
855
-4001
835
673
-8475
-9322
-5042
4985
-634
-657
2932
4836
-2954
2221
5107
-7068
-9289
4733
-9129
-4745
6333
7258
3221
-649
-2918
3266
2909
-3877
1852
652
9704
8595
1024
3461
-1738
-1686
-551
-9518
-6251
-9662
-3447
2331
-1963
-8553
6772
-8072
-5237
4415
-3199
-9432
-7071
-7282
5864
-1392
-5772
8606
-6786
-1969
-5664
-2793
4049
2211
-9721
7511
5814
9714
-2265
3020
7668
-2537
8793
4224
7492
-9673
-7055
6150
-4487
-7948
1194
-4583
-9609
-964
5822
5212
-796
1329
592
9152
-3166
-2619
-4163
1048
-2901
-2913
-946
-4116
846
-7030
-628
7591
6107
-1366
-6098
6629
-9597
-3949
-2402
5279
-2345
-2481
-5906
-4463
-7206
-3085
-2280
-1778
-6719
-2805
1251
4108
-7791
3075
3791
3402
-6706
1044
5440
-249
3650
-8834
2274
-1014
9041
-8106
-7972
9065
-6820
-2950
7922
-1223
-8459
1430
-5383
9360
2465
7096
7188
4917
9507
-8874
-7440
-1783
-3737
3539
3188
623
3538
394
-6143
8695
3122
-1454
-3367
706
9538
-7299
6820
8830
-1462
-4379
-2034
4688
4008
-1228
-7746
5263
-838
9634
-9008
-5986
-1130
6171
2603
7325
-4469
-2506
4204
3445
7000
9343
1674
9906
9525
-3254
5953
7532
4350
-8149
-140
7342
-8874
3321
-1436
-9283
8578
-770
8109
9799
-4596
-7981
8424
-4608
6081
-5468
4647
1285
6364
-1299
5330
5776
6852
3622
4670
2588
-745
-7186
-1253
360
-5824
-2627
-8887
-2302
2958
-6177
-5403
-3078
3070
1171
696
3531
-7105
8290
-7516
8282
-5103
138
8542
5870
-9064
7033
9018
1704
2169
-7163
-7895
-1271
-2237
2300
-7379
4035
7853
-6487
-6953
877
-2677
830
-1316
-8485
8531
6761
-9323
-2096
3857
-5995
-1604
7133
2911
9858
5040
-2726
-3518
-5055
881
-4665
-4898
1521
-8946
6105
-1216
-6819
6126
2994
1968
-7654
-5429
3214
-6678
-4582
-334
8591
2320
2532
-2418
4178
7786
4444
7900
-1497
4439
-6532
-5308
-6747
1024
5968
9845
1040
-5123
2604
1792
-5243
295
5310
6291
-7279
-4818
-7717
2628
-674
1914
6173
-9730
6168
-952
-5000
3788
-6081
8717
9482
4642
-8717
5456
4462
-7651
-6872
-3255
-4377
-5077
2166
-9715
-2983
5858
-8364
-7933
-5651
-4245
584
-2084
3051
9128
-1430
2355
-8529
2967
1494
-2852
1163
-9429
-1834
1665
-3631
-8432
-9788
3209
9233
-396
7524
-1240
2159
3908
-3988
5205
-1554
2153
-1326
-5630
-2283
-7058
3187
8667
-8206
-5833
-5337
718
-9534
5770
2332
-680
-3426
9013
2780
-804
8643
-4966
-3747
-7248
7072
-232
8814
1278
8963
-2377
2883
6820
3309
-3900
2128
2552
3523
-1049
-6597
-5279
4426
7747
7278
-2844
57
-1773
4790
8948
8546
6286
9004
3058
-6361
6231
8178
2849
-1358
9971
7810
2749
8370
9364
-2794
1741
4502
6927
1755
7261
-1423
-7296
-4811
1327
-4762
8683
3922
-1468
-2719
-6194
-9184
-5680
-5064
-8351
-8132
6584
5205
-7174
3700
-2696
800
549
3192
4329
5126
6438
-239
7419
11
2457
-2343
-5813
5162
-4456
7295
6275
-5887
-3448
1918
2262
7169
-6728
9077
-4041
-7163
-2188
-6769
1587
-1374
5301
-5007
-1667
-9198
-4814
9873
3102
234
-2089
-6217
8703
-399
4007
5613
-7868
-7940
5691
2819
-2746
6653
6234
-9836
9895
-7686
1146
-3374
1926
6030
-5802
-2441
-3064
-7150
8085
3776
9273
-3662
2733
2129
-1897
-4004
-6838
-1777
-3882
-9786
-2767
3842
-6142
-3851
9870
-5548
6753
3620
-8065
3382
-2524
-4237
-1185
7587
8111
-1450
2962
1239
-1119
-5557
3754
6078
-5504
1805
3541
9107
-4993
3579
654
5242
-5884
1371
1018
6065
6160
-4922
-7806
5533
4532
4185
-8062
-7407
-303
9568
-7333
-8505
524
-6099
4419
-6208
-1555
2513
2841
-8189
6993
-7672
-7281
7296
-8782
-191
-8446
98
-3147
-4294
-1347
2019
-617
6989
-778
-8937
-9412
-1902
-4213
-5559
7763
-7234
4039
-6620
5681
864
4458
-1817
-7760
5622
-5401
4602
6905
9530
-2492
-1720
-7993
4003
-8573
-2177
-1346
-5294
-723
5835
-1540
-9319
1952
-3150
710
9976
6096
4834
4758
-2975
5018
-4071
4705
5439
-8152
1830
-5535
-2547
-5539
-6263
4036
-8572
3439
4077
636
-1413
-3741
-8145
-5392
237
-893
8949
5863
2515
1458
-703
-5414
9086
-2107
-7167
-915
7166
-8195
5568
753
5550
-3926
8424
9435
3531
815
7729
-5099
6393
4322
-280
-4042
-7123
5613
7173
-4067
-9137
-5681
8110
9367
5615
-4626
-3592
7746
-6997
-6210
-2425
9997
-7345
7474
3534
7193
6141
-79
4754
-988
-4793
-2582
-3137
-362
-8308
-1932
9804
6710
-3246
2584
9960
-1450
7285
-6713
-2366
2116
3067
3251
-66
9617
850
-4453
-5426
-5357
-1967
5342
-7930
5416
2080
-5642
764
-8556
5875
-1049
703
5195
-140
6919
-3206
-7796
-5897
-9227
5094
8435
-9423
-6346
8082
-486
675
5304
2450
-7282
6554
2328
-5044
2383
3722
-3336
6240
7331
-3378
5960
-2339
-219
-9431
4892
5419
-4624
794
2682
-8956
5619
-4504
-536
3161
4265
-8283
2908
6540
0
-4609
5930
5620
-7196
8082
4750
-5039
8942
-2127
9024
9194
-9411
4362
2025
210
-6199
-5037
-8278
-1045
-2564
-4908
-5321
72
-6587
-6582
-6611
-6934
4006
2774
-8341
-5998
7724
4143
-864
6078
-2967
-6985
-7539
6318
7214
-6570
5277
-7438
5781
8554
-8200
8641
2523
-5420
6591
1754
8479
4522
-4499
-6047
-1650
1465
-8607
3411
8812
-5224
-1191
-9254
-215
-2792
-7186
6530
3717
5797
-7350
-6126
-1875
-3283
8639
216
6386
8434
6743
-2209
6296
7883
-2793
3112
-7005
-5790
9783
8807
-354
5105
-1268
-779
-2585
424
-1909
-4850
-9255
274
8603
-6198
-9804
1807
5959
3657
6232
-6557
-4436
-1458
330
9019
-6964
6317
172
-8232
5900
9627
-6612
3591
4662
-9846
-3506
-1590
8389
-2304
-6382
2051
5901
-3331
729
-7109
3933
9877
4077
6998
5708
-3002
3329
9570
-860
-1094
-8427
3917
-5949
1814
-6131
8866
-5972
2456
-8311
-7282
-1631
8163
-5288
-2784
1786
-1848
-9777
2685
2154
975
5029
9566
9733
6344
417
-6967
8494
2981
-3911
-1908
9934
-4394
8874
5581
9713
-9192
-4917
-3738
3902
719
-8794
7500
4110
9409
-4329
4553
8937
5121
-3206
-2414
9198
-1810
-6178
2506
-6238
4066
6455
-2539
446
2197
3144
8528
6459
2303
-8063
-4964
3723
-9471
548
-257
289
-6718
-8236
2802
-6291
-6118
-27
8933
3291
-4456
-1094
-5438
-6676
-9047
1044
8512
2119
6577
1127
1056
-4413
1278
-9402
493
8250
7392
-796
-8778
-8515
-3291
9865
5302
-6991
6588
3303
-4441
4104
-6839
-4257
-8402
1268
-1182
-5872
1945
8003
-8050
2422
-2051
9247
-8456
2408
4266
7974
-7372
-8164
1620
3855
-5810
1783
1658
2955
4424
-7291
9226
-1622
-4513
-5184
-2033
-5688
-2758
8723
3048
4236
-6361
1766
-7059
-2521
-2620
-6961
2963
-7751
-6375
936
-2338
6151
-4790
-7912
-9171
-7651
3981
-9683
6206
-1401
9631
9849
8745
-5152
308
2677
8266
8680
5489
-8363
-292
7435
2487
6007
6746
-4772
9422
4142
4883
9894
-2139
4174
-658
-29
5277
-8745
8486
9456
-9616
5012
-7435
4306
-5115
-44
-8558
4954
2569
-2135
3525
981
-7488
-2817
3669
3464
-4102
-2233
1483
4249
7347
-3147
9397
5522
3065
6148
-7123
-2059
5614
9166
8622
-4382
5139
7617
1470
-6663
-2987
32
-1516
-1842
-4155
8869
1878
-484
2876
6284
-8536
-2859
7970
-1935
-6628
3297
5869
9429
7981
790
-448
-1500
-9557
7703
-3543
8610
768
494
6486
-9789
-8349
-9223
4554
4588
-8473
-8152
3193
-1462
-1988
318
-2351
-4718
-1181
-3205
2863
-6632
-9195
-8761
-2474
-4887
1450
-6653
9707
-8681
-3164
4370
-8343
3672
-2220
-7811
-755
-9005
-7146
3226
7477
-6223
3438
5393
-4159
-9192
3370
-5841
9118
-9667
-2596
6773
5026
9712
-9554
-266
951
-4314
5265
-2083
1597
-4616
-6123
4515
5948
-8252
-3283
5170
8963
488
1903
3872
-1165
-2032
4007
4018
6067
9337
-7493
-8707
-5410
-5037
-3852
5862
-7582
-3881
-4780
7382
-9879
8621
1247
377
-5768
-1868
4819
-9769
1684
3871
-4389
-7414
9418
4820
-5947
9733
-4092
8256
2859
6675
4757
-7435
-1561
-6267
3405
529
-7124
-6253
3941
-4301
3414
3186
3408
9231
-2300
-1335
-7395
-1520
4075
-2557
8975
-2208
-400
-6051
-2776
-1032
-163
-4535
8052
9908
-8711
-8891
5502
-1713
5539
253
8443
8389
-3863
-6069
3115
-5122
-154
9889
5062
8161
-203
3352
774
-1445
-7428
8177
4330
8769
-6322
1954
1506
3772
9758
-6848
7136
560
3105
229
280
-4137
-5422
-8179
-6591
-5434
-4719
8796
-2342
-4186
-907
-1423
9002
5853
-3409
3029
9391
-3904
2477
4874
8270
5876
530
303
-7502
-9704
-300
248
7621
4629
372
-791
5463
-1024
-2759
6489
9997
8538
-7756
4707
4112
-8588
-9904
-565
6974
-6935
-6883
2504
-9570
6518
-5833
-7620
-5351
526
-4359
238
-8287
-8012
1933
6556
-5286
-4062
-2789
5268
1415
572
422
2282
8545
5147
2238
-6181
9428
-7212
9146
6396
-1482
5470
5340
3670
-8176
1303
-6240
-208
-8515
1520
-2884
1743
5791
2046
-8167
8851
-9573
4324
7305
-6471
-8249
2389
7728
-5383
4562
5612
3548
-9610
-6641
-8276
4191
-6901
-7486
786
8355
-5355
1305
-447
8274
-7200
3064
-8314
4191
7214
-2133
6081
7912
591
6000
-4628
-8275
9752
-658
2298
-6892
-5745
-4817
7730
-5174
6540
2208
-5161
2221
-90
7153
-9951
-2000
-760
8849
7190
6082
-212
-2674
-8561
5928
3469
5814
-5998
1993
-8714
-9480
934
7842
-167
-1885
6885
-3047
1272
-5827
-6780
6640
-8043
-4397
-4264
3622
-471
-3896
-783
-4315
9836
5808
-1433
4544
86
-62
6792
4830
-8220
-518
-4139
-4721
4486
-4936
6908
6830
-3776
-9625
-6844
-9434
9374
-7984
-6168
-9436
8129
-6858
4762
-5351
5855
-2576
-6550
-8238
-9494
-7614
-1937
7947
-796
6670
-1825
5085
-1947
9149
-7858
-7287
-914
-5824
3162
1171
6159
9600
5952
-3151
7250
-9266
-5878
2638
-1527
-1817
-6705
3638
7315
5507
-9706
8868
1844
9252
2054
936
-7947
1667
-8125
94
97
1834
3679
-5463
6166
7511
2399
5810
-5660
3804
-6163
3242
892
-5985
-7756
-1197
3531
8839
8325
1558
881
-3132
-469
-1926
4977
9954
-6277
-2149
6612
-3221
-712
-4186
5587
5588
2505
-2800
9886
-4837
960
-7155
1228
9852
8609
-984
-3899
8316
8776
9207
-407
4610
9780
4357
6123
-7958
6527
3627
-7566
-544
-6065
3933
5299
9577
8430
6117
-4246
1354
325
-2921
-1786
-9478
9780
-9240
9964
-9886
2922
-4854
-8326
9159
-6040
6561
5571
-5867
5231
-2103
-9232
5652
-7185
-8073
1375
-9130
-3275
-1371
-7738
5103
-5412
-3766
9303
-6040
-5514
6543
-1180
-4728
5339
9194
-5291
268
-65
-2521
-6714
-5807
2777
-9958
-836
-6748
3199
5057
-9863
9113
-7587
-8021
7314
-2804
-8968
9977
-8697
-4861
-2255
4248
-2954
-278
-6961
269
1712
393
-9664
-3648
-9542
-1487
1084
-5779
5924
3853
-557
9489
4908
7020
-4086
6350
-8908
-6656
7805
4929
-8843
6230
-8873
4048
8008
-2193
-3104
-7830
4268
7156
6409
199
-6803
730
523
2052
1822
1286
-878
5529
8394
7748
133
-2656
8975
8106
-2713
-3982
-9530
-1472
-7499
629
-9378
6252
-7205
5077
440
5496
6587
-8163
1709
-4129
-3947
2924
-1378
7365
-6752
-5091
-3371
-8025
-5736
-1871
7369
7960
5924
-7452
3288
-3524
8786
1164
1604
-5783
-2587
-5033
947
-9219
-1676
-5490
749
6398
-6295
-355
9514
4427
6819
-5292
-6285
-4079
6304
-9656
5101
8815
-1953
4528
6455
4771
763
-3959
-8358
-6006
7485
-1437
-8039
4008
1734
1149
1216
-1042
5323
5821
2601
-4216
6513
8432
4950
5675
-4845
1475
-9825
-305
6795
3588
3310
-7347
-193
6909
7162
-2441
8750
4401
809
-5783
-7861
-6524
2083
6243
6358
271
-7309
-2240
-5075
-5412
-9287
7218
-2125
1453
5717
1236
-616
-2018
-5000
-1923
-2100
-2026
-3605
2783
-5065
4046
4874
-1115
7888
829
-4333
3002
2671
2295
3178
-9814
360
5969
-9259
7642
-3605
-1611
22
7182
-4413
-7238
8257
9019
-3111
-4248
-9949
-9304
7648
7992
-6669
-7843
-7915
3437
-6062
8709
-1930
-6317
-7779
-3
-3241
-9220
2147
2055
913
-1787
-9399
-3698
3344
9793
4218
5870
8221
-3980
-6367
3485
-8134
5004
-9141
-8602
2681
-2152
4411
-9304
-3878
-1016
2486
8526
3704
6738
1362
4373
7013
-6887
-3602
-424
1634
937
5927
3358
840
138
5609
-8089
-6087
-2739
2017
-7269
-9724
8672
5994
5063
7319
4931
-6706
-5917
-47
2277
-4187
504
8490
-7815
6437
-817
-4624
167
506
4332
2473
7553
4523
4603
3647
6062
6451
-9423
-3931
-9663
9493
645
4869
6052
3463
-9651
8688
-3510
-8945
3844
2879
2968
2875
2640
-736
-9778
5277
-9424
3060
-1192
-6964
-1543
2139
5722
3997
-2179
2684
-9752
5008
-3437
7007
-9885
-8433
8285
5999
4131
-7564
-5643
-5765
-6526
-346
1200
4713
-7530
8867
3549
-831
9109
9814
-1182
-1639
455
4721
4110
-6619
4625
-5086
-3811
-4437
-1359
7079
9647
-1082
-7047
-4081
-9249
-8043
5055
2635
-3258
-8619
8174
7065
7886
6765
7420
-5532
-5131
-6575
6935
-5000
3853
-1973
583
-9008
3324
-9840
8982
-99
-2107
-5593
-986
7831
1897
-2914
3380
9287
-1371
-5358
-7705
-3276
-2223
5280
2077
5941
-6426
7523
-8452
2686
-2389
-5304
7344
4840
8372
-7762
5163
9156
-8874
5086
4435
2270
-1539
2737
3964
4384
-8435
-5601
7728
-2112
4398
1192
169
7514
-9307
-7346
-9589
-9932
-2359
3560
-1522
-8168
-2803
5255
-2433
7833
2579
-8163
-4850
6487
9160
-175
-3000
2338
1667
-3832
8050
-7331
7248
-8825
5795
2658
-707
7920
-5286
2240
-6123
-3945
5761
-5313
-6111
9602
-9366
-2099
4655
-5381
1716
403
-8266
6893
-9717
-7027
-5932
-7173
3316
7284
-5932
-9495
-6760
7599
-8066
2685
529
720
-9292
6753
-6398
-2142
5958
-3463
8611
5597
-8143
6714
2724
773
4270
2428
2566
-9210
-1529
-1446
5154
809
-4024
-3914
-2231
9624
-3655
-4705
-505
-8228
8088
332
-6761
-5421
1500
-1166
9078
8929
-7309
4845
2477
-1438
308
6134
-51
6107
6493
-1171
1630
-2168
3698
5667
-9114
-7028
-6547
9299
-3154
9379
-1147
-915
6987
5133
-9957
3158
4923
937
-3545
3120
-9793
7109
-5846
9501
698
-7395
290
3170
3970
-3992
3601
1790
-2186
-7379
1408
7807
-164
-8166
-5496
-7436
-5492
2249
-5342
-4903
5527
-5455
4423
9394
6823
4916
2011
5331
-6191
-1034
-652
5637
-6602
6496
3139
-632
-4432
8240
2302
9903
7953
-4465
3633
623
9310
2635
1306
-3346
550
929
4215
-5575
-9427
-5001
1327
-4760
8851
6659
267
4481
-3680
-2507
-9240
-2351
-6624
9099
6384
-7684
-9165
-3518
1799
6422
5604
-9014
-9007
-4837
1674
2477
-2376
-8819
-4408
-2514
-7249
-4391
-7512
-8886
-8376
-7472
-7731
8713
2930
2267
-5346
3045
6395
1150
-817
-4849
-3037
4606
-365
-3385
-9624
6641
7776
-7517
6970
6196
-5169
1348
569
-8741
-8024
-6566
-4632
576
6265
2157
9498
-637
2010
2241
1942
-8193
-8712
4912
-8564
-6565
6840
-9623
5617
-61
-8527
-1746
-5951
6161
3280
-3713
-5347
-1523
1729
6428
5820
-7598
1958
-6732
399
1348
-4599
5191
-2343
-5732
2368
10000
7710
-3752
-2404
2242
-5216
6298
-1299
-8361
4574
-2970
-654
-4515
8489
3972
9523
-3997
851
19
-7972
-967
5816
2043
-6443
8931
-3642
-3485
8607
1349
-7635
-2015
-1282
8766
-1796
2902
-4311
2147
-6573
9565
4798
3242
8518
-7536
7906
-1780
2536
5008
-1522
-2758
-9534
8054
139
5342
-3115
-7800
9144
9251
-6171
-7964
4499
6547
-2460
-7303
-2739
8214
9609
6518
-4906
-1744
3142
-7658
-4981
3349
4270
2252
-2149
1830
8752
4804
8689
-6198
-7352
9845
8896
-6284
6936
-4281
9784
-5701
740
-253
3873
8108
-6379
-8872
-5312
-452
-8587
-3935
-7282
5627
-8624
5863
9355
9802
2106
1517
4234
8443
2938
-6902
-2268
830
-6095
-6502
-3179
9662
7632
1852
7726
9402
3031
8601
-760
136
-8040
-3706
9785
5481
3449
-2683
-3841
-9041
4544
-6414
7283
2934
8467
-716
5193
5489
6162
-9509
-3801
9545
-9349
-5773
5702
-9286
-7032
1411
2366
3783
4518
2904
4393
-3989
-4289
-448
-1425
7588
-6002
3247
4491
-28
474
-7539
-3064
5425
1344
6624
4356
3389
5847
-7869
-5389
9102
-4421
-6254
2940
228
-9379
281
7364
8843
8396
-6464
4047
-3489
7951
-9972
2771
-430
-6077
-8135
-219
3613
3467
4313
3184
8711
-5158
5601
-785
-1973
-2059
2769
9944
-2841
-2111
8264
-2621
9423
3049
-9926
-8944
-884
-8201
-2995
3425
4669
-1742
-8108
-8370
-1667
-228
5071
2018
5861
-2155
-8879
3041
9490
-313
-4564
-4527
6741
2962
-1029
-6184
9287
2940
9399
-7386
-1533
-7937
-7859
-2472
-9116
7834
55
-984
-4285
3311
-5132
-9592
-3956
1676
2815
1575
342
532
3305
4266
8027
5899
6146
3328
2207
6805
7728
7787
-4121
9571
-3213
7843
-2
-1990
2199
-4971
-1950
-8223
3236
1597
6694
2545
9573
-1664
-3379
4667
910
-3594
-5195
-292
-8556
6786
692
-5650
6462
-3869
1541
-7843
-9092
-1040
3981
8339
-9391
9833
-9950
3470
-4844
-3213
2951
-5165
5294
-3786
3566
5159
9570
-9415
-7700
-2732
7286
9230
4043
617
4930
-5320
-3072
2582
-778
-1184
-7265
3128
2540
-5685
5946
-7189
-1166
-1469
-9280
6759
9693
9381
3861
1489
-4379
-5050
5908
-5824
-9031
-8398
-9701
-5135
8481
-645
7394
-5907
4312
4360
-5035
-5473
-1547
-7049
3389
-6429
2186
7961
7088
7555
-9994
-2498
-7147
9513
7287
8760
3396
-2764
1600
553
-9029
3926
2307
9116
-8989
-2094
9860
7436
3672
6865
-1442
7384
3065
8153
-7888
-4147
1786
9767
-2221
-4414
2664
1364
-7642
-6366
9210
-7646
2820
-4158
5664
9288
6217
-1236
7887
8965
1292
7939
7961
9339
1199
-5763
-9061
3535
1268
-892
6089
-5344
9664
-4828
4842
-9661
-4162
-212
-7822
7886
8994
-7241
-2101
1898
-2728
8225
3652
4973
6758
5927
-7977
-8979
-5752
-7751
2647
4998
-4481
7795
4685
-1967
2998
2287
-2026
9785
3270
-1030
-1446
659
-4774
-5660
7005
4044
3500
6395
-1484
-3775
-4082
5470
-7399
-8695
5493
1677
-3299
-5088
9113
7911
-7883
7665
2200
-8787
1683
-7450
1264
-5968
4333
-1969
2904
-1822
9664
-9839
4066
5619
1855
4776
6128
8663
2020
-4364
-6128
-3236
144
4388
-6610
8451
6033
-500
2149
-6746
122
5742
-3332
-5343
8672
-8776
6932
-4988
1276
1666
-6672
-5446
7967
3834
2567
4148
1783
5648
-1921
-1296
7371
2017
-1168
1331
9013
-1064
7561
-9196
-6648
2182
-6113
-6925
-9134
4406
5239
-7293
4200
7169
-9920
-1760
-1915
5380
-4268
7175
9212
6102
1926
-3238
1922
9136
-5178
5865
-9418
-7630
3974
3941
-7782
5520
-1660
-4583
2546
-2757
-2485
-885
9330
4017
-4568
6331
2200
3880
-4028
-7269
-700
4745
-3426
7011
-2714
1302
349
-8801
-8252
-535
-53
7809
4845
-5836
-9484
1398
-9055
9579
-9052
-9439
-1354
-513
-8956
-8133
6664
7624
-3875
-6313
-9587
-7903
-646
-6469
8671
1660
-9206
4201
6067
-4434
4239
-9614
-4766
-2982
-9530
1755
3981
-5022
3322
-5177
8993
2606
-3504
6826
-6574
-8417
-5871
-6356
1345
1696
6526
-1208
-7247
7463
7158
-6982
801
5962
2505
-722
-7617
8195
-4252
8053
879
-3184
-6064
3931
-2091
9014
5427
-6024
9477
-2041
8351
-6218
3064
-6031
8836
6646
2780
4528
-3226
3536
5847
-5577
-2667
8734
-4914
1616
8265
-87
639
8788
-4164
-6993
4276
9112
2235
-9902
-7189
-8623
9761
2897
-2638
-4391
-8611
6494
5944
-2978
4330
9272
-4997
822
8896
-5422
31
3000
-1091
-6191
-4188
-6539
3576
7734
9125
9876
-2731
-3393
7135
926
9005
9354
-2720
-5771
-7180
2310
-1577
-5282
5876
6527
-9148
-2451
1855
9843
8538
4750
-6499
3835
423
-9000
487
1397
-705
-1709
-5102
8985
7478
2872
8463
-8570
4426
-238
-7279
809
1214
2825
3102
-3418
-7484
2124
-9019
6863
-9782
-5724
-7878
2058
5560
-8035
-2375
-137
-233
-6882
3509
-1917
572
-1590
205
5704
-3184
2525
-4600
9286
531
-8240
-8553
-8989
557
-9001
-6856
4233
-5173
-4520
-4202
-5023
-4942
264
732
7232
-743
6957
-7076
466
1133
8112
3028
-6002
6031
8179
3757
7973
-480
-13
-6964
9234
4161
-6111
6364
5803
741
7131
-4904
-3648
9292
-5789
-9190
-4078
-547
-3116
9673
4817
-8162
-3255
-2999
5959
1398
2117
-4576
-7086
104
-8472
1748
5239
-4723
2022
-3313
-7862
254
-4174
1475
1810
9866
7078
3867
