-8342
-6174
1418
-96
4123
2277
-4530
1024
-9585
1821
575
-5389
-6062
3353
-3731
9049
-8867
1110
3576
405
5042
-3642
9964
-5019
-4680
8352
9658
5590
6791
5561
-9893
-2530
9244
-7260
-8562
-4801
-4793
8190
-5307
7876
4036
118
7323
-8862
7444
5347
1363
7129
8558
8857
-2763
917
5922
5442
-5417
-746
-7381
-7356
5627
4349
4550
-3733
2841
-455
-9430
-9906
-3223
-5438
-9283
7341
-9611
-1252
412
7138
-9130
-7736
2437
-7181
7200
8048
-5129
-368
-9981
-6029
-9206
5050
-6500
-5692
-657
-655
6396
6076
6612
7973
9290
-6411
-5196
2773
3678
9874
2204
-3298
-3600
-9864
-8229
-1964
2764
-5280
-2133
8821
-7664
2281
5188
2251
-2534
-1659
-8305
6211
6630
-6724
-3172
-8128
-1469
-8886
-2442
28
425
5938
3519
8400
7171
4494
-870
7427
-4934
-8356
-6606
5863
6850
-2633
-8328
-5900
2386
-7003
-5906
7902
3535
9356
5156
3722
-4108
8592
-1719
-2071
-1864
66
783
9446
3350
6618
611
-2850
7691
-8201
3907
-8205
-9587
-3803
-1535
9005
4970
2380
3343
6213
-5721
4162
-3671
-9521
9078
5342
7497
7056
-3969
-6666
3704
6136
6999
6878
2627
-9574
1200
-5362
3237
-5733
-4366
-757
5206
-8633
8074
-7380
-9818
5110
4510
3417
5223
6744
-5335
3243
8010
-3556
2962
-301
9189
8621
-3238
-9476
-4044
8874
-3294
-8317
-7605
-6529
-5320
9696
5934
-2738
-6521
-2327
9690
723
-1867
-2280
-4576
-2375
8371
-937
-1474
8910
-5002
3016
8531
-8816
1202
4139
5114
2202
5371
-3529
6957
-8538
6936
5849
501
701
-9082
-3756
-569
6192
-5415
8983
-4172
6646
6287
-6857
5721
-6525
8384
-1306
-5274
2146
-8638
-9222
-9231
4560
-8824
-3505
-2929
3132
-3863
5621
3707
2259
4796
8800
-3778
-6641
7966
8777
-9913
-8787
7636
7393
-7725
-137
-4755
-1708
8202
5943
-4196
2842
1313
-1094
-6261
3466
7350
402
9453
6142
-1529
5834
-4235
983
5858
-1194
-52
1902
6196
1595
-7491
-1482
285
7079
-9844
6316
8825
-5030
7883
-5106
9076
-1758
-1798
9708
7971
8309
-977
1075
9446
1248
-380
3356
-9647
3631
-5327
-7873
-3899
-6897
5638
1730
-263
6999
-5676
-7976
-5147
1264
2377
-7305
-5072
-8727
9224
7228
6325
-4035
8238
639
-4503
-5378
-8514
-5341
-2267
-534
-1674
-4925
-491
-5054
6483
-1633
9232
7113
-4831
-273
-351
-6800
-3078
839
8984
-1138
1453
3989
-8291
1189
-3803
4110
-9617
530
-9885
8494
-5990
8156
274
5105
-5999
1444
6491
-2152
3762
3199
-3968
6190
-6835
-9762
-4985
-8613
-2134
8946
6934
1855
-4519
4184
-7302
-9628
3750
6704
-2735
6784
1629
4945
-8178
9263
39
-8531
492
4200
3671
4795
2414
-6755
-1957
5280
-662
4380
-7856
1087
2954
-3475
2616
-2557
-2338
-8922
-6282
8081
-3490
-445
148
-5221
-6668
-8405
-5061
1062
5898
9555
9213
-6158
9117
3028
416
9783
8506
-7226
2694
-7239
4105
-4340
1674
3727
4054
1055
-6262
-8272
-9320
4282
4393
-9510
1016
-6893
-6407
-4784
-935
-1999
-6689
-1820
8250
-2283
892
9748
5065
-7352
-6330
7235
8078
-4188
-7886
2257
5157
898
-9225
-1332
-5779
3143
9834
5157
-2365
6798
-4737
-8314
5212
962
432
-6907
9985
7223
-7723
8541
-2675
-3065
8750
-9681
-2260
-2902
2657
-1223
-3630
-6871
-6635
-198
-906
156
2789
1915
9595
2127
-3170
-1427
-840
5798
3607
9847
-2974
-5842
-4848
-6520
1029
8846
-2065
8077
-160
8856
-5822
5088
8749
-7928
-9905
-7511
4772
-1611
-254
9973
5966
6929
-8217
1112
3690
-8184
930
-1960
5647
-8182
7869
-6025
2863
5165
-4539
6252
-6920
1404
9119
-2226
5871
7703
-1482
4574
-6282
-850
-7195
-9207
7390
-2799
1523
3277
-8560
2501
8420
7996
-3329
5400
6005
-2076
6831
3074
-7018
-2590
290
8942
3343
-3172
4942
5442
9444
-8173
9183
2885
9159
-4680
6468
-5710
3461
-7307
6446
3282
-8382
-1643
5385
-2588
-4583
-3861
-9324
417
-8931
-997
-1864
9816
-3260
2143
8535
-8223
3649
-8715
9875
2431
-2721
-8669
-6239
-2306
-9601
-6425
8293
-7231
-4029
8006
-4520
-8436
-8560
8610
4878
1087
-5636
4041
1179
5266
-4465
9162
-4712
-7490
-3761
1331
7459
-7053
3417
-8718
9125
-5662
7613
6845
6092
6882
-5663
-7848
-2486
-8155
-7292
8513
-4046
-3259
-461
-2585
-4104
-6450
9677
-3081
6995
-1808
-145
8229
4125
-6593
-4662
533
-7521
-6972
7221
6414
9091
2701
382
2900
2560
-5414
6491
-7803
5125
-4558
-2282
3823
-2885
-66
-230
-6732
3413
-4026
747
-3775
6270
9129
3985
895
-9350
-7771
4669
-7392
-3981
6755
403
-2021
-7317
-9227
8822
2328
862
2816
7329
5841
5460
-5994
-9746
-1836
2372
157
9246
3878
5431
8108
-902
-7624
-4930
9007
-6113
-8556
-1287
2934
-2719
-4674
8209
8507
7289
-5933
-1772
9177
6838
8785
8325
9694
-4971
1911
-128
-3974
-7979
-7059
-4013
-7330
9013
-6907
8505
7488
-1254
4506
1943
151
693
-6649
8594
-7805
-5277
1948
2470
-1679
-6642
-1820
-3711
4902
-4114
7773
-2349
-945
-4320
-5881
8892
-574
6569
4441
-8424
-9224
-7685
6841
9409
-5030
-3956
3618
6403
2108
1508
5374
-9610
2137
-3948
36
-3681
-6593
5197
-4506
-9269
1440
-6294
-4272
8531
1518
-6904
3589
-270
-6580
327
-911
-2685
7339
-6209
-8636
-9060
7120
5928
-6768
-917
-3024
7005
5711
-3508
-6785
6898
2427
-8514
7158
174
316
293
1807
-8719
-8818
1822
-4116
-1572
-3178
-9354
-7605
6184
-8679
-9592
-224
9493
-4408
-7749
-3369
7442
-1121
3733
1544
6616
-7105
-9109
-4060
-1492
6373
8870
-1217
-4353
6263
-7883
8808
5144
6392
1651
-1494
388
86
-1248
-7439
5761
1535
2432
9269
-7976
7631
-3748
4500
6667
-5294
-569
-541
-3422
-7392
-1974
-4515
4956
-7276
-6853
-7474
1077
-7320
-957
4540
-7402
-3111
-3160
-3747
-3417
2643
818
7595
3998
4610
-7829
-3123
8098
8354
1922
-6302
-8718
779
-2836
-674
9859
-8003
-7633
-5918
-3863
-3565
9367
-7149
-948
3734
870
2639
-4460
-4495
530
-5947
-3083
2152
-7004
-1862
-9007
-7280
-6146
-4016
8155
-526
-6568
-1677
-7532
-231
-509
-6769
-9389
4672
-472
2154
5158
2264
-6846
-4791
8244
3411
-8121
4754
-8902
7335
643
-7126
-1467
-2044
-7196
-6789
-9127
-7005
2100
-3130
-4999
5756
3337
3887
9794
8949
-1766
-6751
1748
-1812
-1310
2156
-2500
-117
-7627
2284
847
-9891
-3889
1027
-3600
8890
8126
4475
1634
-4279
-8337
7518
8953
1337
-8820
5488
-635
7003
4184
-8354
-1399
-8696
-9760
-4633
-3145
-1201
-2088
-6440
8813
-4131
1932
8322
8273
5718
-9545
8873
842
642
-3081
7931
-4293
-9006
2690
-7656
-4767
2024
-4414
-9844
-3649
6555
7101
-4705
7178
-4637
3951
5529
6647
954
-2857
-6528
-4976
-7477
-6787
2292
-6823
-9188
-7095
-7785
-9290
8646
-1800
4373
-4143
-4730
-384
6511
-4912
-3190
-5907
6279
1399
127
-1435
8298
6171
7703
850
8112
-362
3047
1426
6340
-9798
-7925
6214
6503
-3715
-4347
5891
-2032
3371
3668
5167
-83
3565
7704
-1406
-8874
1344
9531
1832
795
4718
-8463
3211
1294
-5513
-49
6701
-2595
9666
5167
9627
5994
7948
7736
6259
9906
2426
5497
-2294
-9652
1027
-5065
-7644
9753
8712
5350
-4925
8526
6039
-965
2032
-8931
6372
1910
-9961
7871
7334
2851
-1681
-8679
1333
8532
1348
70
-3912
-367
-2532
5930
6303
3969
4217
-52
9320
-4527
-9131
-2158
-3170
2002
-3494
5152
8895
4402
3722
8757
9603
394
1758
2085
103
-6694
-8641
5026
-6462
2085
-6754
613
-7645
6875
-2535
-5185
3340
7715
-2283
5501
-7994
-9962
5595
-2443
4130
-7898
6596
-56
676
-4567
6904
2275
-5811
-5693
-162
6523
4346
9094
-5311
-6198
654
9676
-5069
7321
7264
4822
-1862
9021
2760
6270
-3988
8118
-9269
-1113
1494
4496
9550
-3034
8280
7357
-831
5769
6273
4335
9676
6664
-8331
-9207
-7653
8160
8873
7057
-9344
-8180
-1215
-5101
8352
1885
2522
-4179
8688
-3105
-7378
-77
5897
-1198
7038
1826
-8061
-5090
9611
8807
-1684
6261
3472
-319
7648
-4579
5500
3838
3742
-4306
7094
-3102
-4568
-1704
1901
-8530
-3800
5198
9721
1381
5357
8573
6650
250
3773
2875
-5263
3924
-3878
-4400
8393
-4898
-9080
1717
-1497
7257
-9173
-4618
2431
-6945
8685
6256
6038
5974
-8538
-7723
-4585
-390
2332
737
-158
9131
4917
7851
6375
5798
6162
1086
2950
2595
9755
-4322
7472
-6472
-7363
5178
4493
398
8404
4729
3554
-6024
4915
-6322
9511
8416
-5343
8859
-7903
6243
2096
574
-3730
-1750
-6167
4167
-8651
3075
-7201
1394
-3364
3315
2593
-3459
-3429
9338
-7113
-2908
-9863
-7598
61
-52
1737
-7905
6516
8074
1081
-3247
5281
-7994
-4880
9657
9947
7001
-8038
-2518
-7613
5589
-6506
5431
9273
7366
-7343
7212
2621
-3166
-1321
9378
-4160
-8061
3725
-9555
-6533
-7697
2702
-5328
5624
-5577
-5020
3508
-3324
2758
4039
-1035
-4586
-5958
6027
1107
8935
754
-1831
-4499
6015
7507
8865
3915
-7803
-6872
-3938
4237
349
-2506
6314
9570
-4782
5631
-1716
-2884
-3654
3374
928
483
2594
-932
6612
-1574
-4145
-4130
4660
-6380
6202
9352
819
1162
651
-1269
8304
9033
-605
6437
6432
-9999
-786
-7380
-120
-3464
9229
4214
515
2005
-284
8767
1111
-7143
-8830
6255
2927
2957
-2913
-6313
-8795
5322
-5548
1394
4243
-7279
-9148
9402
-2389
5184
-6267
-3584
-2248
3625
-7602
-4999
484
6453
3107
9825
8387
9483
-6202
-5057
-7070
1147
-663
-823
8793
4999
-2193
-7678
-8787
-7683
-5
8113
-7725
5994
7278
-9610
2012
5976
-587
7626
7390
64
805
-7761
-9458
-1233
8649
1667
2217
-1462
-5734
8527
-2980
1824
807
2959
6372
2920
-4230
9994
-4486
4800
-5271
2739
501
-377
-423
-305
-5957
9504
-2217
4955
-7628
829
4081
-6635
-1568
-9281
1202
8599
4914
-221
-1855
-2763
2933
-9636
-8885
-3177
7482
7023
4469
-9654
-2475
2913
8489
8173
-7849
-1563
-1602
-8759
6717
7107
6339
-2837
4556
5002
-6417
4820
-2458
748
8759
-7087
9764
-8639
-8760
-2078
-8361
-2577
-9705
3945
-7147
5906
8583
-8915
-3088
6761
-6264
1295
-8892
2276
-7739
5294
8854
-9399
-2182
-9773
7015
7107
-455
-956
-959
-2785
1150
-9956
1411
-4785
2463
-8617
8948
-2232
-4602
2102
-6879
6738
4325
-4058
-8780
4994
2403
-1926
-9796
7372
-507
8754
-2194
-9075
-4684
-5406
-9155
-1911
-8236
-7826
1111
5604
9111
-1350
7566
-1644
6270
-1198
-2417
-7057
-62
-5485
1836
5941
309
5815
-1992
3247
-6392
7696
-8819
-4338
-6212
-5905
4684
4574
4140
106
-4349
3034
-3218
4908
523
-8360
-9246
-318
1803
-4276
6619
-5381
7276
63
-143
9658
6960
-9116
9042
282
9567
-9771
4987
9542
6031
-1289
-143
3862
8630
9980
-6266
-3453
-7731
6583
-3614
6039
-2010
8281
8246
-7901
-4054
-3577
8286
8900
-9503
-2837
-5074
-317
8706
6086
6006
-252
8960
-7241
4884
7004
-9628
-2585
8625
-3571
9165
-3928
424
-1094
-8128
7130
-241
-2736
-8607
-3306
-9772
-6992
7369
-1734
-724
7172
-9253
-5998
1434
18
995
5308
3457
7782
9187
1100
5589
-4290
4091
4038
4343
5227
2669
3441
-4479
-3749
-7231
1965
-4992
9752
-2348
9039
5271
-4324
-5914
-4357
2500
979
-1073
1623
5708
7128
9231
7695
2877
-1614
-7490
7798
-3438
-5629
-8370
-8049
4026
4893
-4732
2795
2606
-3780
-1788
-4875
7308
9623
-3975
1430
3499
-6184
-2971
6389
7418
-2962
5869
5176
-8225
3766
7626
4943
-9501
-3598
-90
-1839
7878
6261
-6487
-8524
2946
-9627
-7651
9705
-1971
-9256
-9509
3069
6448
1410
-9481
-2503
129
-4219
-1512
3849
-7122
-4485
-9389
75
-865
6798
-2276
-7767
-903
3769
-9452
2569
-4017
9076
-6485
1235
-5257
3555
4238
-4567
-5107
2218
-3427
-1302
-3696
-5047
5609
7197
-2811
2821
-317
4320
-8694
40
-7441
-5602
2260
-815
58
-4611
30
9699
6973
-9365
-9671
-3025
223
2140
791
-9320
-6064
-9071
3834
-6874
-728
5502
8618
4088
5149
8100
-5784
2327
-1980
7139
9087
8702
-5114
8464
-2027
7784
9569
-6143
-520
-1586
-3564
-6118
4527
1250
4083
-1551
-9262
7419
-6140
-6108
7671
-8036
-2155
4659
7980
-8869
1271
462
-1749
-6641
9461
5866
6464
616
-1125
-5331
-7944
-3155
4578
886
3394
-1887
4180
-2504
-57
-7857
6687
3552
397
2648
2947
6958
-5144
-6678
1729
-2302
-998
1990
6875
0
7203
2095
1752
5812
-3546
7835
-3084
5659
6825
7834
9139
3363
2315
6577
3444
6129
5029
8408
3691
-5777
-4242
2522
8705
-6059
-6816
-8586
7431
-5057
-6961
-5738
-4019
3985
6426
-4252
-5102
-8273
-5496
-1672
-2682
3387
8989
1601
2038
-9973
1083
-4591
2480
1690
5687
1397
-3018
-2604
8211
-5562
9620
-970
-983
5408
2076
5257
-1097
-8023
-1920
-2100
-2703
-4525
-2630
-2270
1859
-7551
-3245
5820
-2573
7089
8894
-4492
7771
5857
9616
-1433
-8418
-9232
8636
-2753
-9858
-4411
-2003
739
5877
-5820
2680
9564
5939
-1445
-8219
3592
8139
2804
7121
-6698
6331
-5140
-3326
-4198
-8252
5794
-4186
-6452
4115
-6935
3418
4474
-8334
2734
-5861
-8725
846
-2002
-7611
7878
-7339
5859
1213
3765
235
-3055
-4789
3216
-2480
-4910
-4955
-6906
919
6874
-6242
-4757
7188
4958
-9348
-4102
-9139
-5409
8307
-1315
-9529
5739
6386
7635
-5020
1769
7455
-8365
2323
-5754
-4768
8850
4734
1342
-3362
-3642
-5285
373
6381
4177
5244
-8797
-2446
-6280
-1971
-1875
5098
1740
8404
-4702
4110
990
533
-6422
-5470
-8684
-4595
-5025
-2417
-7196
-9402
-1457
-7031
1433
-3213
8326
-9135
4155
980
-8083
-4246
-9858
-3661
-2877
7981
-9934
4911
-5619
-4767
5789
5838
8156
-5827
-3410
1936
-8396
1059
2073
7441
9093
7034
6383
105
3099
-8735
-9170
-476
1160
5448
-275
5702
-6950
7295
-5930
864
2756
-139
-4718
-2142
-8854
-8340
-1194
1040
-1422
-7344
4618
-5541
2705
2249
-2357
1027
-9602
8837
8403
-4055
-2150
4032
4679
-2677
2595
3749
-9400
1902
-9087
4155
5057
1798
5678
-8253
7450
7535
6190
1184
-5041
-7983
9694
-5073
-5975
-2745
-5124
-1571
9624
-575
-6572
3467
-6725
-507
-4398
9248
-7289
6450
-8251
2805
-288
2724
7471
5333
8796
-2201
6801
9641
-5664
6422
8335
-3854
-5102
6372
7570
5101
8431
7095
-5826
-1132
9237
-1713
3246
-6501
-3870
3530
-897
-1678
4260
-3998
-5453
-8387
-9257
-4570
-3561
-39
3821
-4943
-6301
6517
-553
-5143
-2483
-9770
-9360
558
-3646
1851
-1882
8988
-6065
-3304
4841
8482
1296
5411
7914
290
2695
-4151
-5218
9667
-3609
6631
8215
635
-1367
-7839
5414
5674
-6918
5995
8551
-1567
4775
5601
1141
5247
1059
495
-3185
-744
3813
-1766
3823
-3907
-2370
-1062
8948
-4162
4002
-6706
-9836
6141
-9826
-4134
-6452
3670
7333
9664
-5986
4451
-2281
-8851
-9399
5358
9027
-6966
-5700
9447
1995
148
-6692
-9049
1987
-3456
-8351
1902
2254
-3974
4337
-3611
6819
-7573
-3775
-258
-4080
-5857
-8844
5808
-7892
3472
-4542
2260
-9629
7282
2301
-866
6952
9039
-5921
5253
2574
2428
-4911
8360
-5428
1221
-1079
-3032
-8952
1764
5462
-1679
2659
1351
-8766
-4193
190
9625
-9483
-4943
-8061
-6016
7889
-2365
1349
4137
8888
-6344
7261
9631
2825
-6845
-8887
-7271
-911
3571
-7664
-8941
4979
2846
-3786
6082
-197
-7551
-1617
-4489
412
6233
3682
1238
1179
6619
-2182
-4400
2985
-5119
-4622
-8733
1224
6611
-8014
-497
-7554
-9395
419
-5230
-9073
-5197
-12
-1457
297
-3690
795
-23
9084
-4444
3733
5361
-8526
-271
-5040
-7606
-832
-1769
-3697
-9157
1639
-5815
6635
3034
-4787
7051
6743
9156
-6626
3349
-2944
7247
1378
2117
-6105
-8715
8264
5188
-292
3502
4109
7281
-3708
-2618
-878
-9557
-6928
-5765
9331
-2700
-8781
-1723
-2831
3958
343
-3991
-339
-341
-7140
-2312
-443
-8867
7114
9498
-1613
-9633
4650
-5429
-1006
1409
8987
-3606
-1795
1025
9757
-8200
-9828
-6873
-8490
-6433
-3622
-4388
8373
-4168
6453
3970
4721
6302
-2164
-6434
692
9424
-6231
5353
1420
5080
8519
-208
-7749
5253
5495
9506
-1912
6878
-8086
-6493
-2776
-4389
-8736
-2322
2755
-8207
-828
4998
9101
843
1396
6379
-3487
-9712
-7897
-9559
-3122
1141
676
7229
5872
-4856
9122
2571
9524
7702
-6442
5077
2459
5500
5919
8751
7641
-8101
-4357
-1457
-5943
7767
8585
3765
4003
5178
-5629
954
-8992
-869
9630
-9649
-3271
-3770
-4837
-2017
2129
3328
9755
-5012
2883
2432
-8904
-5098
4277
7019
-454
-5797
-5384
-8969
6798
6409
-9651
-8375
-199
-7942
6652
7635
240
8850
-990
-5326
9372
2855
-2400
7154
-1046
9912
-9454
-1953
7329
4587
-7751
-8795
5711
-4372
-7958
2204
-8250
-7228
-671
-8400
292
7828
8277
-3602
-1076
4183
6164
-2099
6209
9440
-2855
4229
5677
5060
-14
6100
-4062
-2304
458
1966
5656
6433
-9742
1201
-7317
8538
-1245
244
-1767
-8521
5181
-11
-6763
6200
-9081
-7785
-5855
-4379
9496
-7841
-4991
-5315
4673
3340
6318
2869
7893
-2425
-4932
4493
-5121
-4241
8835
-4298
3440
8003
4624
-6327
2655
8464
3765
-7043
1479
-3771
3469
-2190
-643
-2440
-5077
-8737
-5496
-195
-7026
6455
2692
-4711
-9534
2849
-9584
-4459
-9833
8740
4864
-2520
-4742
-6887
6604
4765
-6735
-4285
5217
-2124
3794
-3023
8633
-4378
-3390
7420
-1315
-9802
-8797
-9067
-5193
-9285
9287
-1947
-3063
9312
-4103
6898
-5535
2438
721
-5034
6822
8975
-4661
-3371
-1985
8017
-8959
5771
7582
-1252
4594
1926
-6518
-2781
-8243
-4127
7292
6820
-4839
9194
1253
9177
627
4263
-6775
-8251
-946
8832
2553
7365
-2513
9985
-2671
915
-9129
6451
-9082
9481
5497
-9872
-934
3332
8902
-3617
2598
-5027
-7104
-5401
2487
-5553
-3371
-2465
74
5297
6730
-2641
7221
-7971
5743
5116
-3895
6477
-5285
-6150
1034
-1327
6911
6116
8796
-9544
-4079
-9355
6389
-9843
-4417
-1874
-8716
3264
-4360
6799
-4735
8981
-6339
7115
8067
-1079
-4365
5194
-6952
-2516
-3631
-4521
-5557
-606
-5099
7790
4405
328
-2728
-9693
-1496
-2212
-8935
7132
-2900
-7729
-1839
449
4854
-1583
-7926
2842
-7197
8903
-4762
7694
-9072
1876
-511
9495
310
4016
-9979
959
6726
-8297
-5734
-7511
8880
7499
-6101
4140
7613
-6983
-6739
-8669
9520
-3214
-4979
-7497
7104
-6178
6397
9676
480
4944
6684
-4535
9157
-4168
-1464
-7625
7567
-321
-6327
1937
-2173
7601
-3811
9037
1861
-4531
9002
2985
-4659
1096
-4304
-2826
-2397
4727
8065
-9117
-604
2330
-2052
-6834
-8800
3696
2903
-9384
2128
2632
8727
6234
110
-1425
165
-6947
-5845
385
6553
-8672
2138
1310
7664
-5798
157
-1622
6414
5584
-2804
-1039
4566
4502
4142
-7996
-6712
-4604
4091
-9183
-4016
-4783
-5933
197
972
864
9000
-8115
3635
-792
1135
317
-7214
-970
9812
-8176
2942
7038
6819
-4730
-228
-4886
-9420
-3763
-1932
8080
2978
-6255
2897
382
-9406
-6502
-2284
-1644
9991
-2857
-2648
-1981
7070
9595
6241
-9480
6131
-8974
-2214
24
-2885
-7700
-6780
-9685
-3072
8956
650
7075
223
1085
1658
5354
4739
-8637
9012
-1634
3667
5821
-3362
-1975
7272
2709
-8543
-1201
9224
-7853
-4558
1935
-652
-7281
-901
-672
8728
3631
760
1476
3854
2946
8263
-790
3526
-2296
-5391
2848
-7697
8294
1049
-9262
8811
-3444
-9243
8130
-9662
-9000
4119
-7292
6623
3479
4949
-7031
-6861
-4678
-3792
-5568
-3231
-571
-5398
-6908
-9798
-9456
8800
-9353
-9497
6915
3805
-4322
5834
851
-6457
-6331
30
-7484
-536
-1812
-7090
-5626
2089
389
-9873
4648
-8999
-1701
4220
5090
2383
-7150
-9827
4135
-7233
6912
7702
5587
6482
4163
2790
4638
8672
-202
4711
8562
-2981
8714
-7206
3464
2432
5095
-2561
4624
4441
-4758
7328
-6626
-8144
-8832
-4878
2645
-6653
-5676
-7680
2176
-3623
-3553
-1254
269
3589
-4264
-1131
-1202
-455
-6267
6527
-3949
3934
-2470
9668
3670
-8374
-5524
5466
9335
-2028
-6096
7058
945
9235
6998
-7042
-4723
9231
9820
-5205
6131
-3262
3988
3255
5750
-2193
8847
-7632
610
-7445
-5800
-6052
-5610
-8290
1649
6171
-9972
-5493
9062
-4218
-8570
9843
7699
7633
-1487
-599
3919
3049
8084
-8736
4016
5141
-3766
-4097
3507
2160
5374
5770
9173
-1507
8551
8666
-7432
-3217
-379
-5815
5415
5888
2506
-7440
-9270
2809
-4987
-5048
-1829
-7023
3961
7678
-5899
805
-8885
-4914
-9625
-6084
-4114
8368
-4591
-1694
-7942
4972
-6235
-2314
-3967
4543
-7096
4671
910
-257
-268
-4469
2761
-6826
-2052
150
7945
-4615
5805
4119
6405
3460
3460
-709
9935
1658
2966
-6249
475
-9653
-4377
-9391
6320
2234
-4989
8803
1231
-4014
5501
-79
-9650
-1192
7486
-5422
-4676
-1963
2179
406
-3087
8569
-1212
5955
-3297
7083
905
4826
2608
6956
742
6738
4085
-9175
-3788
-7342
4118
-1291
-8893
2704
-5110
-3680
-1633
7612
5232
2483
-9478
7505
5569
-9032
7815
9441
619
-3250
-1209
-8938
-3704
4658
-2026
4901
3779
-4067
-2868
-4503
-2662
-8304
5538
-7157
2741
-9539
-1869
-158
9995
4424
-1531
-6521
-8253
-2154
-8744
1448
3722
9908
-5130
-8924
1466
9488
-5973
7783
983
5540
-8462
6599
8118
-5611
-2973
-239
-1919
4114
861
9056
-2707
5957
2586
6645
-514
5149
8408
-4387
-5957
-80
3657
-7637
4217
2830
6439
-2928
-7228
7952
8832
6498
-7279
-1600
-123
2688
-7442
825
208
9663
-8587
-7565
-2563
-4971
9361
-9878
8098
-958
6270
9601
850
-279
-2921
-9115
-5556
-378
-4671
7452
-9043
1094
-1955
297
-9315
7261
-3168
-1249
3443
2243
9304
3117
8031
4979
7438
-4318
6557
-5942
-3208
4960
-9349
-3722
2273
-2415
5538
5844
9710
9053
4593
-4967
5393
8036
9716
6028
8534
-5058
7170
1031
9700
-6372
-3696
-3167
5141
-5223
124
-1300
-8946
-1384
-7242
-1785
6490
6066
-1337
-4068
-3361
2120
9789
-1484
-2119
-5135
865
6488
8560
-9994
9408
-8021
-5900
-3779
8230
-5569
4455
-9913
-4134
2051
-4715
2422
-3465
9059
7013
5279
-4817
-88
-6855
-516
1861
-6940
-7800
-6340
4678
1181
3289
3803
5425
-4046
2025
7823
837
8385
5791
7645
1515
-9564
3660
6054
5035
7764
-9123
8309
-3943
-9778
-5774
857
5358
-2181
-2986
-5210
9665
-4422
2546
-9880
2586
2407
-7253
7857
-9907
7765
1822
6189
-9739
-220
8338
318
6048
-8329
3203
3994
-8770
8997
-2606
5643
599
-7500
-4429
1461
9429
-1103
9661
6270
8412
3536
1190
-8802
-9119
-3044
-2914
-8932
-2363
9430
-9587
-4796
-7153
2958
4626
-5991
8399
-5224
-8130
-8044
-9429
1519
-5662
9613
-672
-2053
-5130
-7304
-5891
-3135
-9179
4016
8070
3374
2971
-8309
6976
2470
-392
-797
-4092
7081
-8478
-5914
2566
-4564
-3407
4518
-2883
2356
-1148
-7091
-6665
3490
-8035
-5687
-2119
8422
8971
7845
-6884
2567
7146
3015
-31
1523
-65
-7709
9726
9576
3608
-7847
2751
-7091
-689
-2447
-6764
-3518
-7747
-3134
-4222
-5213
-7216
8225
-378
8233
-8517
-231
-7112
-2575
-9247
8976
-2812
6526
6009
6902
8028
6076
-259
-9606
1072
-4404
-9567
7644
9931
-707
7415
-4605
5566
9402
-7887
-5128
8401
-7769
684
6066
-5977
-1532
8781
-2674
2076
-3790
-8793
1636
-9204
-6856
3000
-2314
-2182
-883
5547
-2625
-5405
-9923
6219
5776
-6507
6427
-1833
2808
6705
-4449
-1298
3161
-3649
-2364
-3760
2990
7800
7799
3154
-1503
2474
-2452
2861
-341
7995
-402
5113
9839
728
2418
-4800
4298
-6450
-6945
9191
-2555
7632
9682
5860
-4321
-3936
6135
-4798
-9280
7039
4344
2498
394
-6212
2497
5513
9831
4865
7504
-2010
2018
3083
4318
-710
-3210
-463
1058
6658
7403
-3480
-7000
-720
-3731
4789
-4635
8454
-9286
-6687
6957
6533
8132
641
3426
7676
2145
-8136
-899
4439
6250
9995
3312
5577
209
8204
8049
-9509
6449
6068
9118
-4351
-2924
1523
7798
6872
-1433
1202
-152
9912
-1643
7627
7572
4622
-9329
-7955
7248
1252
2259
-7178
-8841
3069
381
6743
5832
4203
-8829
7094
-5654
1880
-601
1405
-8544
-1923
-5596
-3230
-1110
187
-9342
-3426
-8616
4612
-5529
-3416
624
-5843
-2747
110
-167
2272
-6877
-5044
-2559
-3575
3389
-6417
-6846
-6070
-7957
4417
6783
-959
4999
-871
-2477
-1315
-1209
-3028
250
4539
9896
3356
4707
-6391
-3468
6173
-6622
-8360
9271
-5451
-3258
9420
4443
-7769
-9081
3670
-4318
-9348
-4881
4770
3688
-6256
-7755
-7402
4223
-9794
4171
3283
9370
-3491
7817
-8846
480
5031
-9165
9000
5782
6923
6196
9126
-6082
4522
2162
-9470
-4462
-3938
8715
-8090
-1181
1277
-884
8361
-6403
8134
2768
1410
-7084
-3799
2284
4617
-1765
4527
-2177
3954
7926
-8363
8319
3556
5295
-8169
6187
593
-9049
-1557
-6543
9619
-7110
-7560
9623
8137
1328
-2995
-9164
-7564
-6930
2643
-4130
1668
6661
-7410
-3388
2136
9957
1047
441
2098
2734
157
3824
4597
2183
7917
9446
3075
-668
8055
-5366
5910
-8531
2057
4255
2527
8680
3531
9047
-1045
7926
4681
3057
-4455
7975
-9262
-8111
290
-3418
2110
2588
1358
-9633
-6347
-8919
-6415
2648
4960
5021
8182
-8580
597
1819
3286
-9985
-8737
-6513
-9527
-1782
-4625
3991
-7198
-5776
7440
9981
-9095
-2485
-7875
-3384
2102
-3066
1887
4222
2454
2656
510
5119
-1272
-4827
-5283
-5074
-5054
8994
-6112
-21
-1537
-1264
-1545
9544
-3312
8787
-5537
8586
9712
9303
1861
-3647
-2730
-1368
8246
8530
1794
-3065
-3861
5546
-2818
-2604
-3721
9795
342
7476
1614
-6972
8719
-270
8265
3218
16
552
7930
5504
9731
5192
5987
-9878
-943
5069
-2462
-9700
-4528
-6600
-3014
1045
-4934
-3646
-114
7793
1892
2643
6992
3973
-5509
-2416
-1250
5169
154
8622
-1682
-3502
-3410
-7362
-9546
2002
-9591
5287
3881
-9033
9740
1021
-3001
-8588
-1244
-5174
-163
1266
-8704
5854
9520
-127
-2941
1467
-2027
-4390
8276
-3446
4317
3012
6687
2465
-868
4278
-2868
-7255
5319
-6483
-6318
-4058
7902
7168
-6722
-9811
-7713
6525
-578
2229
3710
-6710
-5134
-7528
-2566
8790
-6821
-7536
2573
-1657
-1567
7418
8938
728
-7544
-5574
-5742
5132
2472
2308
5956
-7990
-1512
-4387
-5912
9552
2696
-9089
7524
-5312
-5340
-4278
-8782
-7431
-4098
-3518
-7655
-855
-8546
-8554
-9384
-2181
-4950
9428
6445
-6398
2303
6973
8665
-8739
3333
-5616
-1422
-5294
3920
-4749
-6400
1947
-8408
9830
-4597
-7029
899
-6250
4759
4838
8299
8175
-5375
-5310
-3191
1643
3915
-2625
163
1334
2826
38
220
-6541
-1253
-2449
-5798
6077
-8439
4876
-4091
9366
-1353
-3818
1825
-2188
-1585
153
-7868
1805
-512
5912
7670
-7404
-775
-3784
-7140
-5174
248
2859
7769
-9494
863
1256
-4939
5008
-6336
-5500
-6425
-6821
-8121
2090
3624
1444
7531
-2371
-5060
3153
-6725
-7596
6031
-8896
4830
7719
407
-3923
-8290
3699
-8791
3960
-2619
-5840
-6069
5071
-2142
-3263
9030
9625
5289
-8356
6604
4637
7903
-7393
-3147
4717
-7617
562
3333
7945
-5274
-7810
9856
-5744
-6165
-4781
5721
-9276
6362
5228
-6415
9049
8527
-9502
2711
-6156
1847
9181
1570
138
1549
2127
1338
6667
2825
6231
-5850
-1495
7938
9497
9482
-2417
-2583
8363
5238
-7534
76
-1308
-7538
-3525
6251
-7180
-7065
-1904
-8697
-6155
-9947
8677
-710
-6576
4357
2285
-1772
2220
4972
8437
9579
976
-5680
6258
-5201
-6986
-5287
-9432
-6973
9648
-9329
-3234
898
770
1434
9051
-6482
-6196
-488
445
6885
-7886
1828
6857
-5616
-560
5155
1390
3493
2431
1324
-5272
-2798
-5000
-6728
-8509
9462
7023
-2282
394
-9572
-4430
-7988
3017
8816
-6425
3190
3934
-6436
9179
657
1707
-3921
-3279
-2060
-8220
9621
7563
7094
4571
9586
-643
5544
-982
5601
-4853
-6891
1433
152
-7891
-3923
-4471
-4267
9778
-2559
4481
1121
8639
-5964
-4152
-2077
-4069
-1582
5862
-2937
8451
3822
-6538
2591
4726
-5245
-8165
-1250
667
2228
-7742
4137
9393
-271
5845
7996
-8245
-4188
8867
-7076
-5236
-3263
-5297
-1614
8060
-572
4085
2935
6652
177
-3968
-1012
1158
1324
4923
4215
9732
3758
-4186
418
-6271
5186
-8105
-5291
8113
-8060
9522
-1200
754
5703
4047
-6803
-1219
-8727
-904
-8019
-9753
4027
4590
653
3293
-2562
-1257
5004
-9292
-2773
-4678
4619
-970
-419
-6899
-5683
7046
2045
-9689
6078
-1689
-8610
-7596
-8364
-3292
161
-5843
6382
-2702
-9925
2944
5412
5404
-6879
-4443
1149
-6625
6649
-6451
3111
5732
7366
-2578
6991
8678
4514
419
9443
5429
-7620
-1474
-7846
-6495
-3279
-2047
6427
3631
968
1691
3398
3442
-9658
7844
-2678
-4676
-3796
2583
-5518
-9293
-2516
-4831
5298
7319
515
-4574
1817
3212
-7179
-8583
-2529
9855
5960
9208
-5071
-4244
-9617
-2302
3776
1282
-4399
-4664
405
8315
-5715
-8579
-7111
-4522
-1311
4854
-3286
-3164
-7315
2400
6606
-4843
-3357
-5226
-7638
1251
7859
-6557
461
-653
5190
-4648
-1590
2640
-2775
6277
3680
-9665
9538
2877
4751
-9197
9958
1327
1406
269
-8675
-2130
-2676
4650
-2642
5383
4104
6953
9692
-7914
531
5625
-7793
2063
-1424
3582
-9185
-9354
-1288
6925
2740
1047
9914
-7719
-8598
7719
-9976
-8549
-3935
6168
-9520
-6436
-6632
-9688
-1905
7096
-1218
-2076
-5608
-5456
-9243
-1235
5311
2476
-7338
-7672
3500
-3760
-7153
-9439
-1488
-8090
860
7163
5957
1384
1068
-607
-1056
654
2595
-6138
-6286
-527
4185
5782
1190
-6469
7890
-2100
1236
-9132
-5015
-3954
-1100
-7511
4521
-2986
1717
7330
5223
4089
600
3446
1824
-2646
9766
7705
9512
-3717
-1265
-6145
-7742
-7941
5945
-6209
-8376
944
-9556
5307
4065
-2843
-4442
7346
6137
-1624
592
-6514
-1637
590
-551
-6893
4653
1279
-2568
8773
-4454
-989
-7217
-9240
-809
4459
-78
8889
2296
-6420
-6889
634
3575
-649
7971
7736
-4225
9773
-3650
-4726
5730
-9641
-7829
4450
-6640
-6594
-2865
-4974
-8011
-2005
6886
-2161
5224
1210
-2831
9721
-2590
299
4466
-9364
5471
1048
-8314
-8944
593
2852
1975
2357
-7212
8318
-853
-3229
-9892
-3782
-7000
5315
-7351
506
-4002
9414
3241
5331
-3851
709
-5325
-9360
-1755
2175
3382
-2376
5456
5563
-4220
-3534
-9646
9986
6980
-6632
8032
7377
5585
-2405
1453
-601
836
-521
3966
-8947
-5944
2068
9852
9716
-7302
-4145
-8240
3420
-2798
-4692
9580
6729
4601
-1064
-1679
-3088
-2565
9579
-2655
5599
2140
-9530
2778
3502
-6657
3361
-2431
6450
-7813
8342
428
-2106
-9168
8504
1993
-8733
3677
3399
-4718
2501
-6609
-6509
9083
8906
2310
3695
5482
-1121
-5207
8088
-8189
3011
5975
-4057
972
5442
1162
-2976
132
3604
-4090
3364
-7020
-7898
-8218
293
7998
-9516
-7424
-5555
-9463
-9930
-328
8205
-6871
-1152
1853
5323
3912
-4056
-4310
-6745
8117
-3883
6382
6090
8169
-269
6348
-1058
9798
8746
-9849
5351
6940
7682
-9828
2562
4699
-3174
-3975
7114
8772
1630
-7239
-6418
-5719
3614
-8073
781
-5485
-6741
5360
-2470
7902
8317
5306
-4037
6220
1554
-4747
3385
1905
-1412
-9066
9097
6776
8890
-7964
-9417
7143
392
-8498
-4124
3020
9173
8707
-5198
-8116
886
4224
2504
-3201
-8960
6957
-7703
1517
-6929
-6921
6219
-7489
2911
-203
2395
5261
-7717
-4941
-7196
-1934
-1897
-4129
-6907
8156
-6164
8906
-7993
1471
-2410
9014
-1228
9747
1318
-5154
25
2169
-4136
-47
8851
9855
3897
1739
-8119
-6600
-5787
5899
-3921
-1025
-2088
-5869
-371
840
-7153
-4377
5112
-4308
7336
-8496
-4554
-1041
60
3221
-3691
-6153
-2211
1907
2904
-4578
6839
-1754
960
7085
3427
-4880
-8434
5603
3492
-5766
-7882
-3776
-4902
3458
-952
-1364
-4843
8678
-6391
-6882
-995
-6066
7116
-9814
6369
-3151
-2304
4052
-8601
-9790
-6582
-2609
-3880
-1644
5640
1823
1160
6039
8502
5395
29
-4956
-3103
-9831
7776
-2128
1097
5013
-4567
-7658
-1846
6872
-4227
-5104
-4760
-4274
-8888
7823
1783
9542
4610
7480
4798
3861
-3639
-2612
-9040
6033
3557
6318
5417
-5806
-1258
-544
-3648
4506
-7568
-4248
6777
249
9062
2305
1304
-8015
2176
4127
750
-7767
6356
9225
2561
9725
9716
-667
-3690
-1692
-8515
5464
-5122
-1788
-8855
5625
2623
350
-6030
5389
3184
-107
-3186
-1261
-4908
-8545
1710
-3798
5401
8610
5300
-6702
-7251
-9822
-2314
-7130
3735
4674
8931
-7848
-5635
5853
-7970
231
2005
9712
-3818
-828
31
-7778
-9906
-3385
-164
2374
-1924
6049
-3010
-2512
1808
-6144
-1950
-2747
-5843
-4189
-6014
3268
3823
9005
-1161
-4284
-4075
4038
-8860
688
8440
9346
9047
-934
9176
8407
6320
-5948
-706
-8825
5037
-4548
171
9993
-1899
-5011
9313
-9759
-9838
9391
-5046
25
-4457
-4413
1206
8159
-9203
-2083
-1664
-8311
2223
-3500
-5409
-625
-4257
-7312
9659
2974
-9518
-3384
-9089
-3917
-4407
6013
4588
5748
-2307
-2310
7697
-9525
5946
5361
9112
-473
7681
-642
7166
1538
1244
8962
9522
5850
-2259
5169
1424
7306
7217
-513
4166
-4766
8367
-5643
4448
4697
-7028
-8606
5403
8675
-7882
3377
246
-6554
-1831
-1786
-1531
-9277
-6889
-8028
2432
-2238
-1115
2891
47
2271
3539
-9712
-9687
-6844
-3490
8382
-4249
4118
-6054
5657
1819
-5124
-4178
4855
-4132
-6959
-3877
9529
315
8934
2947
-8317
-2485
7471
975
2490
8810
-4536
3915
5833
1328
6636
-4754
8653
7903
6545
-5686
3781
-262
2015
5106
-3181
-2491
-3242
1167
9004
2613
455
-3061
-6793
7008
-3764
9545
6097
-1035
-7293
1134
-8654
-5738
8794
-7705
7411
-9041
-3049
-8414
4488
1555
-7117
8184
-321
-1962
-7621
6232
-8019
8214
7842
-6823
-8932
-511
258
483
-7120
-9593
-4695
5367
4810
9483
-711
-2164
-4834
-7588
740
-486
2492
5048
9616
-6924
7437
-4133
9561
9723
-2611
-608
2308
-6373
5617
2321
752
-9945
5647
-6674
-2929
-4394
7338
7456
-9979
9398
-2505
-93
-3284
-9151
2143
-1212
-6014
4031
-1712
1911
1531
1363
4662
6509
1152
-312
-806
6160
3750
-1816
4740
-3725
-9339
-1986
-2145
-6493
-6838
1244
5378
9283
7974
3164
5872
1977
-3887
-9250
1729
2348
-1564
212
4679
7829
2977
7102
8768
-1638
6605
-2156
2783
-3251
-7000
8462
-8413
89
837
1710
8484
-3851
8678
8190
6898
-1483
8136
6453
-193
9068
-7375
-4705
5107
6297
1413
6039
-8793
-1991
7228
-838
5780
1544
9636
2925
1456
8353
7907
-4330
-3513
-6080
-3568
-705
-6474
5101
-3509
-7442
4159
2244
-8163
6186
3898
-8650
349
-897
-3335
-6981
-5901
-9371
4116
-1549
1945
-6270
-7379
6349
1612
8585
-8235
7831
-9175
5272
-8011
9897
-5774
-9523
6971
-8338
-3945
-182
-3172
-3222
2911
9203
-6227
-5616
8008
-8836
-334
3181
133
-6098
-1953
9932
-6372
5741
-8419
-3532
9735
-6987
6625
3904
7591
5558
5123
-3572
6241
5398
4370
5845
1670
-6110
4917
691
6727
-1258
4867
8607
-3360
3430
-7176
2009
-2715
-5045
129
5310
-5286
-3811
5320
8946
-8950
-9228
-9777
-5141
-2708
-7625
-6175
6270
-5403
-420
-7003
8650
-5789
-8467
4392
4625
-4705
3411
6056
-7557
708
-209
6063
-8820
-892
8524
-947
-9718
9245
-9965
9942
-6245
6382
-6613
-1377
-6113
-4233
2683
-4833
-1549
7505
319
-8069
-5148
1205
-3367
-8790
-5813
-69
-855
-3530
3342
-6665
-7096
422
9103
-1530
8548
7727
2823
9888
-4560
-4392
-9718
-7580
5329
-9496
-6745
-5869
-1360
5686
-6485
-3658
-9595
-3776
3506
-578
-5325
6453
-2056
-6917
-8495
-9934
6593
8996
203
-4530
3616
2983
8786
5329
9293
-8772
6218
-57
-9632
-8036
873
9661
-2690
4460
1598
3133
9334
6680
-7961
7047
902
-8695
-7688
2917
-6501
9444
-4959
-2923
9820
-8257
-6509
-2765
4358
3726
4831
-8749
4075
8401
4438
4532
-9008
4292
-2811
-6853
-3012
4496
2413
-2454
-13
7477
6592
-116
-5096
-4190
1691
-9907
-2534
4146
2290
-9623
-4697
-4070
-4258
7441
803
-1190
3778
-2492
7195
899
-4941
1680
2349
4264
1636
-2740
4083
-1323
-368
4375
7720
-4078
-3716
-4532
-1219
-1447
-2394
-7312
2657
1220
3763
2371
8155
1613
-3954
210
-8712
-268
-5675
8697
-9464
-8200
4231
-6699
-7001
2277
2682
-7559
4902
2546
222
-6207
-9096
-3457
-7862
-6938
-9739
-1821
5249
1464
4373
-557
-8247
3787
4111
-3943
-8094
-7144
-7451
6017
7173
4736
793
4706
-9245
6702
8446
2167
1297
2303
9219
358
-5976
5691
8467
6794
3720
-8831
-8787
-3473
9911
-9527
-4157
8234
4847
5190
5814
-3436
4425
5168
-3512
-7808
-2962
-9359
-8141
-6593
2269
-9623
-688
8228
7759
-1550
1829
8162
710
-6052
-1782
4085
-2735
7033
6281
-2478
8947
-9126
-5643
9934
-6618
1889
-2313
8119
-8604
-6359
-2945
-1844
-2338
-7046
8568
2118
-192
7674
-941
-8308
9490
8321
5838
-6212
-9467
-4460
971
-8264
5373
4661
417
58
-7453
9472
9312
-2251
9359
2647
-2434
-1419
-6079
-1572
-7876
5751
-5409
1260
-3369
-6632
-86
1653
-2113
-3519
6418
4664
6864
5848
-4956
9641
7761
1316
-8335
1
6603
-3418
-4793
-85
-7496
-5832
6817
-8410
-9981
-4212
-1194
2821
-230
4365
1265
2879
2761
8553
-7036
-8229
4958
-543
-8586
-7059
-9644
-3899
-397
1985
1557
975
3178
-5809
8672
2006
2991
-5327
-9264
163
6752
3569
-2722
8589
5078
9239
1560
-4945
3292
-3920
9736
-3425
1763
-4448
371
5150
7592
-3410
1514
-4683
790
-6195
2172
517
-5407
-5722
-4667
-3327
3404
4538
4523
-8704
3665
-1655
4659
-5493
2287
-2000
-9865
-9740
-7167
-1340
-9658
3942
-4081
8607
8319
2555
8592
8075
-6935
6674
-4542
-2648
2612
-3077
-466
-2098
-8642
-8296
6383
6158
3406
9776
-2954
-8435
6695
-2774
8448
-77
-9305
-7189
-3859
-5006
-7764
-7199
8447
7068
-903
5690
-5359
4422
-163
6887
966
-3992
-9383
2285
-1703
-7943
762
-9928
-2267
921
3572
6244
7634
6296
9272
-9064
5729
155
-2578
3801
2576
-6545
-9474
-4125
-43
-5328
-1489
2567
7243
1601
-9872
-4292
-9189
6322
8331
-3954
-834
-3513
9891
-4806
3073
411
-5612
-4185
9934
2148
4978
-1534
5463
3222
6992
-9628
-8372
-4973
-9258
-9747
3270
-6874
2085
1732
8020
8384
9382
7998
-7874
2387
6062
3160
-4088
-356
-5166
6491
-9536
5412
-3555
4961
-3210
410
6993
7577
1216
-9971
1224
4909
-9373
5616
8678
7234
-9009
-1918
1645
1307
2029
-2447
-4520
4631
5901
-5484
629
-5842
-5697
3298
-2427
-8195
-2811
9872
8280
-1658
-9343
-2588
9858
9121
832
-5327
5891
-7386
-7511
-8664
1287
-8704
8771
-5608
-4815
8945
-9869
-2228
7711
5936
7544
-953
3979
-1934
7445
-6385
-7672
-8555
7925
-3772
3670
1390
3166
3906
-3280
-7905
2668
-1476
-6113
4850
-1048
162
-3283
-5391
1476
-1073
-2027
7029
6918
8175
-7155
1774
2301
-3477
7275
4644
5523
5726
6024
4098
3798
-796
-8135
7939
-7458
1476
1222
2617
-815
-9817
-7783
-1024
9952
6134
9586
3420
-3656
-4194
-2052
4243
3179
155
-7077
6237
-2603
711
-8913
-3158
5180
-9581
7512
-2260
8520
-6676
1563
1808
3765
-9434
3239
-861
9190
5037
-1328
946
6212
5816
-2414
2720
-7982
-1071
-5049
-9759
-2718
6801
1029
2082
1154
-8414
3026
-5903
1761
3020
-5881
3524
-6925
-2527
-3861
-7281
-25
6939
5265
8112
-2576
-6721
-9757
-656
-6779
-501
670
237
7593
5036
6882
4996
-8863
-6458
-2134
-6530
661
8798
-1471
-1173
-1603
7073
-525
603
8407
-2310
-8431
5580
-5494
3114
-4899
-392
8483
-3471
-2649
-6920
7652
4590
2672
-2256
-2674
2679
5891
7315
-4991
3928
-4492
9189
7652
-2281
9949
-3595
4738
-2669
-969
-9863
-3399
381
1753
2594
-4552
9646
2278
9899
-6687
8936
-7471
-7617
-1130
-6614
7817
-3182
-4171
-2232
-7162
4453
1910
-5323
-6519
3383
9414
7089
-2467
-5137
-3469
-3298
7492
5085
9183
8344
951
8153
3289
6704
3819
5152
-9470
-2697
-7140
2530
821
-1127
-9757
-6564
7045
7454
559
3979
-351
-8819
7234
-2778
7704
-9419
7417
-5019
6034
7636
-862
-2919
5391
7852
2192
2917
6962
-5532
2946
-4704
-4193
9271
-8247
-3028
-402
9246
-3649
-3133
74
-5428
487
-3875
1349
4535
6490
-4000
5882
-9785
7810
8429
-9353
1576
-119
-3498
4505
3801
-1427
8781
9679
3792
3906
-478
749
4421
9410
-3142
-445
-9374
6017
-9801
9134
-1053
-8536
9364
-7423
-9214
3214
-1605
-9072
2986
-2136
7705
-6500
1056
3782
-205
7289
3746
8035
5302
4806
-6804
5566
-6711
-689
9097
1821
7483
-1247
-2218
3122
-5045
9666
-2020
7853
977
-1109
2232
8570
1615
-8857
-6564
-2231
8447
-3022
-6834
-6204
6613
-9082
-1771
7668
9087
-5787
-2759
-7932
3090
2834
8197
-6529
-4440
-3914
7079
-3875
9838
1137
7915
-3264
-2085
-5760
-2803
-6736
-2642
595
-5284
8112
-6919
-4026
-4302
-6832
9305
-3073
8551
-839
-3439
-7516
7519
2118
-6913
9718
-681
110
-2537
4794
2487
-9355
-5246
3310
5665
6885
-459
-9614
654
611
-7508
4311
9001
-6054
-7714
6781
3525
3736
-3514
-5441
-1224
6091
-9116
-9037
-2984
6797
-2047
6491
7997
9323
7851
9237
-6285
-2769
-4228
-2417
-3032
3613
-9660
-6619
5402
4980
-1057
-7298
3036
-1389
-8175
-2900
-7122
4515
-2320
1529
4768
-3572
8087
7665
3726
-5302
-4812
-1997
7107
2984
-5167
9467
3923
-4406
4253
-4524
3170
8759
-4833
581
5844
9034
-561
-1614
9036
1826
-5794
8701
1429
164
8834
-1477
-8669
-8568
-6831
6998
-9058
-710
2855
7000
-6963
5866
8243
-8737
-6256
5625
-616
-2611
-3076
9027
-5948
-7069
-2455
-1395
-5489
8426
-8838
9770
1609
1510
-5734
7599
-4605
-7924
3875
-4528
-2446
4993
6144
-8555
-3912
5969
-4220
-805
-852
-6918
8383
-527
-6635
4456
9369
1419
5503
4756
-6227
-2419
1007
2150
-6934
5556
3746
-1640
-5950
1794
-5053
-2806
4958
-9993
-6328
4537
-3115
-1036
6204
-2912
5930
-4951
8281
8625
-3416
-3109
-5828
-37
1670
-660
4001
-8567
3895
-2083
1701
5254
7241
-9566
-9739
8225
7554
6693
3349
-3830
-4066
6497
4995
-9654
2433
8053
636
6991
-9331
-804
176
152
9556
-2011
3730
-6256
-3698
8914
2539
-1687
4081
3291
-4175
-242
-5118
-6162
-8528
4526
-8054
210
-7787
-4336
-6928
5064
3366
6107
-5785
-7967
8149
5050
7433
1876
-703
3854
3544
-9253
-7699
2380
7138
-8877
5806
4547
7844
7617
-6763
6351
3960
-8963
-9057
1567
8568
6867
5237
-8329
-9873
4792
-2289
-9492
-3902
6845
6594
3748
-8104
5908
-6610
2175
9285
1551
-4736
7118
-7441
4039
-7165
8557
-65
382
6962
-1984
-6537
4292
-9332
-9722
5155
8913
-7466
-7602
-5987
2440
9324
-3069
2586
5890
-2950
-8756
-8484
-8295
6733
-6042
-6271
875
1043
8493
-1139
-3285
-4108
-8747
-6294
9829
-7678
-5539
3421
335
-9059
-6572
688
-3468
-5847
4739
4514
1473
-8076
774
1639
-6895
5926
-5154
-2343
-3912
7345
-6196
-6966
-2817
-9517
6093
7542
474
-926
-1176
6188
-2117
-5724
9292
-2874
9899
5566
-5926
5990
7704
3453
2933
-4970
3457
8436
-2733
9479
9381
482
6699
-7083
-5619
-3981
8959
-4864
-1362
-9766
-287
-7602
8666
-2003
8326
8517
8838
6664
-7794
8530
-1184
8144
12
-2279
-8131
8197
-1842
-4240
-5254
-6027
-5151
4590
5804
839
4512
-9997
5099
-3148
229
2184
-7253
-6431
4132
-6075
-2059
1015
7977
7381
-1207
6748
-1647
-8078
-2798
1254
4706
-9675
-215
-9562
1071
3941
8810
-5250
-4920
-7038
4203
-5020
1059
9354
-3536
-4641
-7518
6501
2828
-7069
-8527
-4670
9800
-3428
1175
-4792
-9365
7860
8230
9993
-2835
-9400
2806
3965
2122
-1592
6286
-4566
-7826
-3933
8449
222
3509
6547
-4019
-4703
7450
8813
3482
-9987
8962
-3267
-4298
-2540
2777
3720
1730
-7239
264
1850
-4871
-3764
1432
-3221
-1950
6359
2251
-9988
-6608
-1018
5478
2017
-7713
8338
3784
7839
-781
-4185
4435
-8946
2899
5503
8868
-2086
-3801
-9554
4948
-1946
1720
2796
-2244
9080
-6840
4159
1084
-2577
-1448
2943
7965
7093
-5369
-2944
1842
5257
-5089
-1
-6861
-3022
4545
-4382
-3744
4730
-4875
-7559
-2046
9241
-642
-5179
-5350
-9776
-7552
5745
3783
-7943
1603
-4794
8064
3353
-7904
9271
4088
4696
3566
-6760
-546
226
-1203
-5046
-9053
5728
143
780
7942
-5354
-2359
-9051
-3336
5561
8429
-7912
1658
-610
-9158
5505
620
7749
6416
-4501
2503
5019
-8243
-6404
-2908
6054
6207
-6858
-1246
-8075
-5117
-7321
-3335
-4938
-5196
5886
5139
-1254
-1723
9796
-1323
7465
-4998
-5708
-984
2285
6214
-1436
-3469
810
-5760
-4366
-6709
-2208
6250
5612
-4891
-6184
4619
8067
-5719
-6615
9869
1621
-9600
-5803
3584
5773
9303
8799
-6825
2766
-9070
6854
-678
-3109
5332
2002
-6857
-1547
4845
-9748
9993
2840
-6601
-2782
6462
2246
538
3800
-9387
-6321
3008
-7804
249
-1011
1519
5448
3507
480
-6547
-708
5147
-3988
-2491
-6033
-8669
-3420
7803
140
2951
6341
-5529
-8249
-9234
-4736
-1246
9182
-2733
5377
5470
-2968
-4094
9689
4187
-9015
4091
7354
1688
-6294
-7176
6121
9733
-1078
-1110
7354
8672
-3083
3955
374
2503
-9781
-9246
-1951
-3738
2387
-8887
8160
7355
-7750
3633
9341
3266
4518
-9950
597
-5504
6799
9642
8666
684
-1490
8268
2897
7978
-2503
1936
478
-9844
7089
5250
-6593
1335
-1370
7842
859
1830
-520
-4890
-9162
8582
-809
2911
6838
2919
-4220
8008
-5061
-2315
1384
-9268
-2770
-4523
-5483
-3998
8762
-9420
-4918
4080
2763
2292
8600
-3251
1209
-7664
-9275
6785
-3560
1683
-9910
-8815
-9740
-8499
6309
-756
73
-8579
-136
7822
-2988
1177
-8725
6372
-6800
7209
-3018
-8018
-4478
-1731
7669
-2828
-7718
-3356
5515
7922
-5501
-9943
7851
109
3500
-3240
2639
-8434
8404
-8183
-4850
-5764
-5376
5185
4424
2034
2574
3400
-5455
-1941
1755
-698
-8628
6779
-703
4561
4548
721
3464
5256
-3328
8642
-8895
7985
7328
5717
8893
6430
-4403
-4739
8407
7501
-1478
-8901
2600
-6593
552
-3847
-9867
-8761
1519
4696
8340
2201
-7066
-9256
450
-2224
-7513
-5894
266
7412
2092
3097
6688
-7051
9504
1024
-4515
4990
-4627
-2671
-5309
-3494
-8430
2285
-7240
-361
4650
-8844
-1214
9880
-1238
6922
-5385
7639
-4230
3496
-3069
4043
9569
1603
6741
2048
-415
115
-4382
8440
-7845
9715
-9747
9537
-275
-8535
-9744
-1424
-7966
-6581
5010
2684
6522
-2624
-6843
9128
7516
8864
8746
6353
5765
5310
6989
-5955
9141
4932
-7998
5069
-8115
3981
-229
-1428
5231
395
4951
158
-1758
-6160
113
2037
-5822
5952
8695
-7925
-756
-7160
-9711
-563
-1892
-3272
5223
-1605
-2663
1975
-5547
1292
6177
330
-2173
5431
2395
1856
6059
4015
-4132
2345
1680
6072
-7140
-9541
582
-3687
6190
1480
1790
9936
-8327
981
-6919
-8057
3830
9330
8011
-9961
651
-6710
8367
3581
6827
-307
-7508
-9624
3215
6901
-25
3702
3530
-4444
5633
-513
-9258
-2137
557
2471
5643
-7790
5205
-572
8729
930
9590
8159
-3880
3559
-1144
-3449
2840
6087
-4544
6041
-4627
-8758
-1781
8928
-7745
3771
9790
4443
-760
-7073
-4127
-4524
-7645
7515
-7140
-7619
879
4081
-2351
-9145
2830
9793
7407
1199
-3397
8596
-4011
-2701
-3563
1488
3396
9566
6036
4395
1746
-8359
1234
-2834
7372
1311
5768
7246
-4696
-3547
-6240
-4867
-7706
-6514
6553
8029
-5284
7245
-1430
-3330
5729
914
-3753
2570
-1884
8480
7178
4992
-8355
4737
4006
-8919
7965
1763
-9889
-2197
-8454
3452
-6345
4843
-3142
8533
-256
2275
6942
-6653
-7776
4276
6325
9230
-1303
7140
2990
-1300
-472
-7200
-5001
-9678
-7550
-7638
-4141
1614
-2534
-903
-2589
-3854
817
-7718
-6000
5833
-1239
7356
-5043
-3027
6296
3760
9234
-1381
-321
6257
7941
6917
5261
-5691
-523
6213
9881
-9593
-591
-818
-5296
1223
83
7896
-3939
9846
2579
4618
1009
7440
6184
9115
-1079
-6139
7266
-4454
8526
3158
9702
3111
-2312
8296
-8243
7766
-3892
7638
3080
8183
2094
354
-4254
-8824
3594
-9173
6262
5483
-2394
-797
-1037
2239
-3783
-4351
8215
7389
-2840
2705
-8420
-8971
-6843
-1148
9565
6739
1303
8797
-4600
-4046
-4574
1085
5817
-8074
-7949
-9180
8334
2931
7445
5565
-7569
5062
-8183
-6624
-1915
-9484
-3655
9079
-4949
-1083
8018
-2200
-9755
-2360
3634
7263
9461
6373
-2456
3636
-9714
8705
-8445
1838
9446
682
-1723
8674
2457
-8079
9077
-497
-4603
-4823
-4259
726
9969
7406
6906
2448
3769
7610
-5317
-9583
162
7767
-4622
6741
-6830
-4988
4408
2977
-9464
-4654
-56
6056
-3340
7653
-6497
6907
775
-6594
7920
-2956
5553
-445
6617
-3522
7115
685
6810
-7672
-9355
-42
2100
5758
-6615
301
3345
2836
-6028
-4437
7580
9592
-915
-5374
-3518
-6920
-7275
2177
-6921
2039
6792
-3674
-3678
-5565
9291
6591
8362
9594
2281
-8232
3088
3864
-6991
-2742
-2089
5747
-6941
-7559
-5632
-4777
3759
-7344
-6421
7035
-3313
4833
2000
6953
4870
-8277
-2216
-8250
2084
-2592
-4700
-6542
1955
4956
6097
4340
-9010
2030
-7908
-6137
98
8310
-8496
2121
-5536
-7030
4936
4157
-2927
-1879
8750
-44
-1307
-2711
4980
-6670
-7647
-3101
-9650
7515
7690
-7025
4348
-9238
-6665
2064
3213
7048
-1178
5979
2008
-4649
5709
-5509
5304
2315
7223
-6362
9390
5244
-6648
-4385
-2062
-5456
-4850
2109
-5432
-6339
-8590
-7524
2907
9826
-6946
-873
3617
2533
-6494
7421
-8465
-6426
-2057
-5742
6633
-3505
9016
-228
7684
9683
743
3271
5225
-2755
-8035
-2864
-122
1778
2341
-3849
-6797
4063
-7567
2449
-5522
2097
7687
3187
7113
6057
477
5263
3376
-1311
6807
-6598
-8326
5814
-4954
8161
-6962
-8920
1422
7661
-7809
1598
6776
-2882
5658
-4087
8585
829
2657
3532
-4845
7259
-516
-5093
6475
9651
-6604
3562
2148
-3148
-6441
3927
7109
1625
4884
-4719
-3470
4843
-4342
-8025
-2185
998
-7553
9167
-9921
6398
630
6540
1842
3968
3701
6044
3260
9180
-7852
217
-2167
874
-6107
-8386
-4925
-3936
-7129
-6900
-6362
-2707
-8698
-1893
5047
1681
5382
6017
-4106
4971
-9473
-4161
-9360
-5876
9935
-7376
-3260
-7427
462
-4517
7736
-3059
-6141
-4442
159
-890
-5002
-149
-8547
4350
133
-1783
2066
-4120
4642
3793
9732
9837
-3831
4187
-1179
-319
417
1930
-8903
3862
9195
3062
5240
-2924
8382
8690
-2211
1572
9911
-1768
3603
-9620
5131
5059
-2291
4289
2064
-9641
9502
4797
8119
1682
-2584
298
7367
-4538
-1565
6316
4057
-9907
-6270
-9280
9606
1464
-7343
-7137
9488
-5974
724
5025
-6219
9347
-7662
-4798
-6053
5146
4697
-8760
5197
4433
-8503
-4565
19
8921
-3439
3668
-5471
-1890
-8397
2537
-5716
-2257
9026
2877
-8676
-7847
-3177
-1429
-6108
6489
-1001
4380
-7399
7577
6095
540
-474
-4816
-4287
-5746
3912
6707
-7344
7024
7950
-3665
-5730
6966
2070
-5033
-3940
9167
-5434
1522
1270
-6472
1772
-1746
2232
-3559
3265
2875
-5784
9211
4202
-33
1145
-4307
5808
-8617
9178
1630
4051
6879
-6080
-7920
-6246
1019
-7226
3370
3797
2640
-4265
-2000
-5877
2639
5736
-4628
-830
-2456
96
9017
5225
-5886
935
-4513
-6878
2284
3538
-3349
3347
-549
-325
-6338
-5151
-8092
-5174
-8274
-6066
9207
-6933
-3615
-5651
-743
-2746
-7153
-2430
6091
-8301
2352
7601
8069
-7275
8012
-8030
-3
5648
-9961
3105
6187
-6306
-3559
-7175
8964
9390
-5324
-6018
-8331
8522
3856
2935
643
-3060
2284
-1202
-5300
-5671
-8092
9080
-303
-3979
7269
4891
-8547
-8466
-6886
587
-2171
9116
9526
2035
-6473
7096
-104
-5451
-1736
-4075
8480
9772
631
-7366
-6649
2155
3290
-7088
2442
-3054
9082
-3053
-8161
-9877
-7200
9815
9115
3488
914
1251
9291
6265
-2137
5947
5430
-1190
6523
600
1974
-1575
-3250
-1698
3398
4874
-2779
-1348
-5945
-1208
-3562
3834
-381
8905
3776
9187
-6318
2651
-4303
3714
7730
7522
-2840
-2846
-2707
4978
1971
-1001
-5369
1300
3586
2758
8598
1634
9980
-7048
2383
4152
-7791
6410
-7532
-6479
1976
8522
4871
-3780
1835
2358
-1541
1467
-6402
4161
2101
843
-1251
-6779
-6533
-443
6397
525
-8851
9238
-3583
5239
-5517
5719
9991
-4879
8463
-7640
4568
-3887
4490
-7709
-7258
9813
6887
-6018
22
8261
-911
-7914
-941
4927
-9963
2298
-838
-7112
-5299
3271
3586
-3416
5164
9065
-4075
-9387
1610
-3555
1843
7950
-9798
2143
1864
4688
-6099
7771
-8809
4617
-5804
8701
256
7981
-1971
-1052
134
2158
-3513
2034
6645
-3091
7413
3515
-5192
-6948
-4725
-6702
2873
9192
5399
3334
-7521
-7273
-1982
8688
4937
-4818
4814
1211
-61
2017
-8598
-3038
44
-8331
5192
8383
-6659
-4619
-4137
5828
-26
2747
-311
-5802
4117
9504
-858
-8135
-6573
2732
-3174
2116
8424
8571
-2646
1573
7614
-9507
863
-8568
5716
-9165
7886
9343
-6768
2194
-1585
-8203
-4804
2099
2441
3205
2129
2680
-5738
5972
8101
9080
1810
-3626
-7279
1026
9556
5853
2665
-8950
1292
3502
-5950
-1951
9280
-5453
-1321
-7281
-4163
-7095
9517
-790
6913
3146
-817
-2603
-858
-2549
4192
2042
705
-2835
6900
8163
5264
1324
-7167
-2184
3436
-4048
-1235
7234
-2820
-2793
1513
5143
-4338
9222
2737
9858
-4117
9755
6660
7285
-5375
-7565
-7584
7830
-7940
-7700
2287
67
-1170
-3878
239
4065
-4205
-9827
7905
1557
7402
2053
-2372
7230
4733
3196
-5841
-992
-3010
2842
4242
4196
1123
-2172
1211
2193
-7127
-6093
9597
-6752
-2332
-6794
8018
-4413
6058
9365
-4724
6528
4051
7124
-1009
-8777
70
6458
-3502
4710
-5775
-8917
4104
2596
-742
7491
9773
8926
-2315
9764
8313
-4134
-4620
8789
4656
7774
9733
-6852
9645
9298
2387
-5610
-9199
-8532
-9558
6521
-1523
3512
-5972
8056
-1413
-7011
-3654
-6776
-8967
3220
-1929
725
-4329
-3829
-2762
2764
9728
-53
-9571
5465
1278
8432
2361
5151
-977
3186
791
-5100
860
3255
-7435
653
952
-2055
5241
7281
-6090
-2649
-394
7555
-5365
8893
4442
751
3985
7834
2479
5756
6382
-7047
9458
-4823
2050
6362
-6884
2370
3522
-8603
-5383
3706
-6098
7714
-4688
-7663
9369
1470
7913
8334
4554
4732
1544
-4992
-7319
-5895
-8691
-6150
8311
3894
-9041
-2035
-938
-9009
-4809
9803
6681
-6999
6067
-8866
602
4281
8303
-5356
5528
-376
2832
-3829
3907
294
-8835
-299
-273
370
2365
-1405
446
-3338
-5863
-3367
-6593
-1931
-8271
-6630
-5772
-6878
-2232
-3418
7407
-2111
2633
3380
-2200
-6134
7646
4730
3271
-7363
6482
8333
5729
1258
-3711
-2160
5774
-5672
4909
-6129
6212
-5396
-7448
-1262
-6724
-4229
-9
-7184
3342
-3998
989
2414
4805
-3655
8130
8306
5119
-8245
2045
-8339
2498
-2213
-3301
-7849
-3297
-714
-8794
-2522
-5626
925
2977
-9937
6499
5236
7170
-2307
-1079
9720
70
5404
-9174
-5797
-8670
940
-616
-6401
768
5470
-554
5018
8910
2097
-7397
7705
515
-7847
-3724
3077
116
-5365
5456
-8767
1450
-6002
-979
3278
4142
1504
-2686
4842
1448
-7937
6704
-3844
-2209
3687
650
9362
4080
-3276
-6976
-5055
3575
7647
-1907
-3412
-1935
-2379
-2764
6839
8979
-7950
2549
4198
-7522
-7059
3875
-7193
3141
-9992
826
7980
6487
8932
-2491
5148
-2536
9666
2145
-9726
3569
5539
-2092
6865
-5039
319
-9024
-3433
2404
6629
-4631
9204
-9466
9246
4269
7293
3922
2470
166
-1896
1553
-3856
-363
1277
5277
6291
-8476
-5634
9276
-3767
3003
5775
734
-3317
4689
-6958
6064
5843
8413
6939
-5894
-87
6622
-2836
-8511
1065
-3276
3237
8595
-8898
-7954
-6248
1210
-7109
-6903
-8254
-4998
1124
3692
2649
-2539
-564
-2295
-2581
-4982
7372
-1897
-5608
161
506
4457
9927
-1657
1248
682
-8043
4639
6069
9482
-6902
-8543
1426
964
8083
5515
-9906
-7135
3892
9392
226
9570
-8341
-114
-6153
-3648
-498
8764
5053
-5259
-6222
-43
863
5591
7204
-9232
-8681
7088
7388
9061
6979
5980
1455
135
-7162
-5470
7262
8773
3202
-8279
-1593
6329
6512
-948
9353
-7313
7324
6919
7433
-6841
-5450
658
-4179
1480
-3813
-6871
-3672
8377
2681
-1860
-6976
4580
-3280
5566
4888
-1943
-7615
-4182
8218
2823
-3385
-9964
-5501
3489
2372
-8972
-2955
897
3938
4204
-5217
-5964
-2559
9036
-2406
-4337
-42
-6896
1486
-3854
-1848
5353
-4278
6152
8249
-6662
9799
-7365
657
7592
-4473
-9153
-2743
-3018
-8262
4684
-2410
-2282
-1050
9099
-7553
-3776
-1826
-5799
3663
2329
-3361
-9306
4625
2651
6742
-6959
-8613
-8246
2746
-2759
-6376
1377
2569
1060
-9852
-9919
9883
-5946
-1097
-3351
6988
-2341
-1520
5985
-5032
-3307
97
-6674
-4659
-2908
4433
206
6278
-8335
1970
-5108
-7388
-9816
5407
3482
-9970
-2612
-8127
2050
-470
4224
9217
-8460
8881
-2133
5235
-1075
9061
-2873
-6564
-6491
7734
9040
-5791
-7052
2344
4354
5349
-2896
3086
6895
9492
2350
8591
-5298
-3896
-2597
7525
3343
2058
2492
-7941
3716
-2722
9567
-1259
-6296
-6236
-9052
428
-870
-2678
-4149
-1416
-2483
-296
-4707
2058
6350
8631
1908
-3112
-4466
-7226
8429
9899
957
-5658
-8649
4302
-1956
2196
4590
-6179
-6216
-7296
-4242
-3421
-6193
6643
-5248
7629
9918
-8320
1180
7477
-986
887
1857
-3319
-1356
-9642
-1869
3922
-237
4776
7969
797
6114
8140
3203
1825
702
7904
4787
3210
-3373
-2417
2667
-2597
-1560
9271
1086
3835
2849
2269
7474
3897
-6804
-7847
3055
-8840
-2162
113
5603
2777
5370
9294
2315
-8861
7584
2878
-1850
6844
-8529
610
-1868
1507
8693
-989
3067
2654
603
-4065
-3658
-6405
-9224
-7326
-8744
7891
8638
4758
1868
6330
-9076
5760
-239
9755
7364
-2326
6836
9547
894
6547
-5208
9757
-1656
-6243
5733
-3864
-2817
-4669
5391
-2109
5977
-4486
8695
-1074
-2759
3755
-8402
9195
8554
4440
2412
6557
3519
4119
1073
6982
7541
-8591
-9904
8739
-2182
6822
6702
-4904
-807
-9712
-9958
8484
-5929
-7784
8239
8470
-8673
4318
9010
-6368
2166
9403
-9729
3557
4941
-9151
-322
-7874
9979
2000
-9237
8587
3488
-1777
-5302
-9004
9772
4589
-8776
-902
-834
-930
4392
8354
7867
-5331
-5670
-1701
4947
-1644
-1221
-4478
-4865
2912
-7448
9441
-2322
4761
43
-7383
1859
2045
2619
5227
-7763
-6926
-2003
-8389
-4460
5006
-5415
9547
860
7333
6947
814
4883
7659
6470
-1784
-5139
3848
-8281
2617
3114
5424
-370
6824
-1135
6923
5802
6393
5971
-4433
7848
3908
1893
8054
7823
6406
2175
9561
-2666
7137
1936
-5322
9057
-84
-8077
-9067
-2454
-9126
-2600
-6945
4073
826
2506
-8223
9278
-5983
5689
598
1138
6867
-6116
-361
1377
-7068
685
5308
-3701
9147
4365
6346
-4297
-5922
-550
-8129
-8551
3627
-917
-6384
-7636
-2315
5957
9005
2845
9309
-1529
3268
5707
-7741
8428
7047
1699
7361
2301
-7691
-193
-2736
7764
-7939
-5150
3893
-4004
1642
-726
8247
-800
4174
-224
-249
-2000
-3661
8255
1795
8936
-5454
-9833
4795
-9556
-4858
-358
-6289
-1955
-5984
5594
6874
-9538
2588
8540
1691
5360
9951
-9529
-2769
9086
3396
-5511
-8315
1867
-1802
-3100
-8198
-518
66
1928
-5222
-7067
9386
-7977
7294
-4504
4532
-6421
600
-322
1782
6110
-8139
-5295
1090
-8230
3287
-275
-1998
2683
-3479
-3127
3723
-148
-7642
-8634
5208
-350
-9819
-5646
7956
-2297
475
-2674
5497
9801
3750
408
8261
-2490
-9374
2700
-6532
2035
6962
-3812
-5654
1244
-5842
-6588
-9294
-8982
-4845
4153
-981
8237
-8906
9870
-6150
683
5703
-9292
-9582
7495
9431
-1980
-7857
-2869
-7769
6390
-3614
9025
-978
-4365
-7806
1007
5605
2093
7935
6027
-4444
-1234
-7916
-6790
7466
-4951
-2418
-8514
4357
35
303
-3964
-1391
-8855
-8307
-3588
-8597
-4371
6747
-3520
-126
3680
8528
-6447
1971
-5868
7068
-734
-3860
-9358
-9171
-3562
8083
3372
4833
-7534
-7287
2318
5283
-6161
1439
-3949
6891
7491
873
-9953
-4228
4635
-4468
-6547
8614
-6549
5274
-8192
-4801
-7011
-9723
8168
-9273
-5432
2798
1956
-1559
-7277
-428
1314
4587
998
-8049
-7330
-8018
-2478
6529
8884
648
1125
-5936
-4045
6700
7643
-7907
-4916
8176
-3057
-9998
9308
-4843
9019
-2280
-7535
6464
2615
2585
9397
6979
-6133
1154
9449
-9267
-8487
3395
6387
-2731
-6307
5161
8305
5547
-4782
2727
-369
-9709
7814
-5414
-8538
7028
-1736
2317
7523
-3136
6815
-657
-8965
-4875
7671
-3026
394
7726
-6024
9696
-3421
8825
-2055
6701
3553
-951
-5472
2809
6220
-7385
602
-4092
-8399
-5495
5514
-4140
5704
7095
4445
8376
6711
619
-8420
7713
9778
9498
2691
2230
-2367
-5303
-497
-2669
-8880
-2452
2297
4059
-1176
2020
1412
7251
5326
-8190
9700
-7562
-5348
-1456
-8722
2892
-351
-7958
5624
4678
8255
6904
-3537
7414
-4151
767
6204
-5548
-8271
162
-6615
-994
-4875
5764
-4968
8320
6060
2370
-209
-7713
-5061
8082
2281
-7764
-6698
8263
-400
-4337
-7446
-550
-7474
2815
-3164
4714
5439
7531
-8065
-3962
3866
138
7273
-5701
4584
-8318
7115
-5973
3222
-2754
5646
6409
958
919
-3330
-825
5195
3228
-872
9196
-8342
3265
-1370
-2119
4651
3449
-4632
-9836
7828
-2399
655
4133
9036
3014
1489
-7558
8104
9343
2348
-8955
-2313
-8842
-7019
9900
-7489
9426
-3071
-1015
6510
-2569
-6272
-7152
9528
9376
-5881
5826
938
4541
-2816
-3707
-4783
-324
-4877
-2713
4490
6043
5029
-2228
-2177
3157
36
8783
4894
9856
-4949
-292
-935
-4291
-796
5249
7613
4204
-9557
3259
-4756
-833
4628
-4622
-4805
4707
8290
1079
5231
-9899
8289
4364
7286
-1002
8730
9930
-2081
1166
5976
-2565
5125
9294
-7662
-7927
5336
-9275
2997
-8214
9272
-9110
7401
-5043
4245
-3118
-6769
5909
609
4278
8575
2310
9857
-3463
-4520
9791
-2502
-468
9812
6009
1187
5563
2193
-8611
-286
-8367
819
839
4664
-5969
6777
-5450
490
-9586
6598
-3792
-7500
7235
4573
-5808
7818
-5768
1981
3104
8830
236
-358
-2809
-3256
-1098
9133
-3511
9424
