-2861
-857
96
3837
-7976
1235
-2958
-9390
970
-1763
224
7664
9282
3220
8592
1899
605
-4724
2792
-903
-8912
9877
8121
-4073
-9021
64
4335
-6666
5883
-7118
385
-3845
7347
-2172
-8538
-5392
8220
-1822
2353
-1732
1676
7154
5745
4254
-6892
-5118
7885
2205
-1480
1361
8471
-4142
-9991
6969
5888
-9304
-5889
5818
2958
1046
-4213
-4490
4606
6382
5601
9394
-7763
-891
-9911
-61
-112
-755
-401
3478
-4784
3596
-8622
8792
6992
3673
-4012
6262
1872
4151
3186
-2529
1889
-6540
-6486
-2140
-8506
-4167
-2670
5108
-187
4348
-3216
6280
8459
-4429
8701
6696
-4868
1656
5510
499
-4410
2254
2040
6838
-7329
-5351
-2703
3204
7662
3490
-5073
2026
-521
595
3518
-103
9347
-2268
-131
6989
-5571
4697
-515
5281
8974
1778
-1912
4485
4296
-7441
-5823
2331
-2326
7601
-2781
8452
-3448
6295
721
-8108
7619
-9007
-7836
-659
-2229
2752
-8264
486
-9612
4149
-9291
-176
-5085
627
-8431
-2014
-4882
-977
-8636
9959
-8315
-3197
-3280
-8525
-1508
-4889
-9081
-1551
212
-5522
-7383
-7206
2521
-2842
3902
4063
-6442
-9690
-5180
655
5571
-5621
636
-1929
-7035
475
3477
2772
2333
-7964
-8578
8459
-8171
3441
-9672
9259
-2796
-3804
-2517
7205
-6736
-7219
-1354
-4633
-5566
5817
5738
5368
3698
-5585
-7827
9223
-2633
8114
-8657
3851
-83
-1390
7412
8976
-6045
-2697
1456
3455
-6833
-3673
-2164
-7563
8537
5547
6306
-173
-9037
9401
-6993
8950
833
-7273
-5395
8871
6078
8932
-232
-3919
4139
9613
-8144
64
-6737
-5686
769
5070
7428
3897
-2379
4986
-7432
-2645
-8026
-8991
-6251
5135
6559
-2390
3433
-1275
-8770
5290
-1961
8895
-7493
336
-83
8804
-3590
-1237
9405
-3902
9568
3383
-1477
2804
-510
8386
-6651
8939
6254
-9018
8958
9004
8275
-569
7778
-1770
8177
745
641
-7696
-8867
-3652
-2474
4750
-5396
1962
-3549
-8885
2569
-3979
7985
-133
7499
-9477
-1747
-9802
2366
-8509
-3994
-9827
-2089
-371
-6783
6005
9954
5259
-2749
7815
7735
3756
3840
6859
-1589
-4406
-5178
-7826
-9855
-7075
6275
-6476
-1686
8846
-3185
-9676
-1267
-2896
1747
3454
-4850
610
-9282
2144
-8846
-4718
-4044
9862
4791
9288
7456
3181
2015
7565
-5231
-1142
-8519
7798
776
-9836
-8519
7678
2479
-7621
-4523
4526
-7265
-6977
-3556
954
591
1119
-3292
-4527
5690
7232
-9876
-17
-3779
4518
753
9651
-9040
-2020
3941
1881
-9998
-31
-1691
8942
-1964
-5971
-590
5468
8082
8905
2850
4555
-7603
3659
3322
510
-67
-9424
6492
-1978
1500
-2023
6116
6551
6845
-6334
295
3149
7976
8993
2993
6036
700
-5061
-6208
-2037
6508
-8699
5254
5775
-5833
7154
-13
3572
-1249
-7841
-1837
-3225
-2343
3233
-3387
6362
3880
-4805
-3603
594
-7019
8528
-5979
7543
-6410
-3924
2300
-2963
7339
991
6628
-2433
-3636
4794
1559
-4447
-2073
-1969
-8785
-3576
3654
-9885
5968
-2978
5708
3212
5007
9346
-7716
7883
4028
1398
-9732
1394
4039
4806
8908
5829
-6095
-9798
6011
-737
-9357
970
-7163
-6062
8143
5511
-9849
6170
-2405
360
-7109
4479
-5406
-766
7354
-7225
4188
9126
-648
-9599
7200
950
-1290
-8004
-5494
8933
-8953
9814
-7765
979
-7779
-5068
1392
4804
-9634
6371
-1281
6832
7166
-2590
3196
-1484
-5946
5419
296
2368
5339
-3972
3516
523
-2331
3556
-2049
-3301
9844
-3142
-7618
3272
-7750
-8232
5690
4388
8817
-8027
-7817
370
-1617
9094
-312
-3026
-1510
5187
9916
2339
-5473
-2836
3606
4207
-3874
9339
9476
8268
8477
2887
9229
4098
-1302
7003
-6849
4284
-4826
-8013
-4817
3786
2130
5337
5209
-5780
-1585
-781
8138
5556
8064
-5284
9650
9827
-1213
-2499
-9565
-6923
-7853
3716
-3971
-2066
7876
1859
7739
-8320
3517
4398
4165
1021
8473
-3258
-2554
3381
3754
-3906
9859
-3287
-8279
-2515
7070
4445
634
5230
-5707
6153
-36
-9249
3769
-8213
6294
-3470
3489
8311
6528
6238
7821
1022
4835
8137
-9742
9806
6972
4216
2267
1712
-192
-8018
-8251
-1778
3264
3689
3668
3815
-4807
7508
5478
2370
5223
3614
-6258
8255
-2243
-8510
560
-5498
2593
1085
4581
113
124
1860
-1439
7713
8898
643
3603
9772
6202
3188
9016
-5345
-2471
-7848
-5886
-7875
2352
-1492
-8457
-8491
-3414
-9732
-2153
-2117
-4870
-4532
-1987
5166
401
2735
-3059
4757
-36
9066
-7393
2396
-7658
8130
1227
-9025
-7199
-6846
-9328
9687
6303
8056
4976
8150
3822
-8480
6837
94
5307
8425
-9546
-7356
8555
-8195
6713
-6982
4059
-805
-8358
-4576
2692
-5803
3852
5382
-2424
4970
-3850
2581
5478
-2911
7899
4249
4693
-5062
5370
-8953
-8269
-885
3203
-8864
3798
8906
347
-3939
-5218
-2800
-3529
5941
9914
-1308
8818
3506
6944
2400
7057
-6588
1372
-8510
-8049
-1441
6778
-6003
9105
-5542
6419
-5145
2247
9806
2827
-3875
7634
2139
9785
-1651
-4267
-5253
-6513
-8865
-4412
3265
5870
4559
-4588
9943
-5180
-2490
-471
-3723
9063
-2539
5743
9877
6387
-2193
-8214
4790
-7301
-6462
8129
37
-2072
-619
5892
-62
-5607
-2526
9651
-8122
-1742
-5041
3457
12
527
1677
-2091
1658
9352
3122
6353
4087
7056
6950
1120
5113
-1992
-1782
-8153
5850
-7377
1236
-3360
7327
5256
3253
8271
-3534
6340
4966
3055
7510
-6550
-4954
6600
-8063
3616
-2625
-7711
3625
5525
9936
-486
-384
-7387
689
-1795
372
-9038
2530
8811
-8681
-2884
-4270
-8611
4334
-9310
4308
5079
-6428
5812
-9828
-8257
8723
8575
3057
-8565
-8689
-6396
7566
-1307
-4040
-5746
8123
6794
6059
-9074
4228
-5423
3568
-3564
-2693
-8688
5313
-3856
-8590
-9009
4734
-4125
-1803
2699
3659
-7185
-7797
-9287
-5195
5632
-3242
8862
882
989
8141
-5380
5504
-4939
7067
488
2200
-2325
764
2460
-1908
353
-5427
-3403
5527
2389
6630
2046
-1654
-2821
-1894
-7489
9543
-4338
8590
8543
1585
-7769
-8539
-8139
-1035
-1349
-3127
-8884
4759
4870
9266
-7004
2862
7108
-4195
2746
2929
5569
7544
5956
7291
870
3606
-2964
8964
-1454
-1028
2854
9573
336
444
7499
-7649
-293
7483
-6218
-4748
5343
-3983
-9206
-4969
-607
8617
566
-5047
8582
-7068
-7995
-6955
-9544
-4699
-9819
5205
6498
-2931
-4349
8311
-5960
-8176
3649
9885
-3871
6558
9032
3501
1327
8916
3007
-6644
7559
-6048
5323
-5985
2050
7904
1699
-9608
-7552
1658
1065
-6915
4093
-666
6294
-4058
-3015
6466
-6610
8807
-5805
-7934
-9829
-6619
5721
-7338
7751
-98
-5784
-1134
-5165
3922
-9696
-9806
5430
1434
-2227
-6953
9946
-7818
3244
-6093
-7594
-7744
338
-8367
9676
3191
8569
565
749
-6209
527
5556
3710
621
6956
-9387
4385
7518
-6000
-753
-107
-9670
576
-1572
-5118
4115
4602
3618
6567
9467
8436
3393
-3989
2696
4521
9890
-3674
9334
159
-5483
3727
2436
8363
4483
1203
3715
-7284
1270
-2144
-7897
-7977
-510
1282
-1037
-4235
8118
-6864
5779
6296
7199
7148
-685
-2421
7893
1617
9621
6333
9030
7974
-6345
7891
6547
8544
-7925
-7
-5955
-4156
8024
-9520
-4458
3266
534
-7823
-5198
-137
5080
-7131
-4782
6999
6889
-6235
3515
380
7283
5628
1255
-8428
-7649
6548
9694
-4585
-5992
-3437
9907
-9588
185
-4861
-4362
8839
-6362
-8857
8095
5889
-2539
-9616
-6288
-8875
-5847
8087
7598
3441
-4553
9270
3971
-9115
8558
7929
-6165
9823
-7826
-1927
6183
3654
7094
-4511
-7583
-6592
-5267
-5639
-8884
9343
-7607
6059
3620
6151
-6945
8448
-4389
2332
-2319
810
-2158
-4983
-5002
2565
4309
-1464
6754
3772
1112
-6800
3218
9320
1854
-2541
-6291
5025
7653
-4291
-3224
-9033
-5971
-2245
1301
-9897
9806
9464
3686
4800
6369
-7479
-2259
4971
-5744
4187
-574
-7514
4442
-5133
-4425
-8887
2736
-4816
1340
-6302
124
-2584
-4475
-3083
-4272
-9063
-1518
8645
-623
2094
-5936
3252
5944
-4839
-2135
8566
1057
-4841
7360
-6207
3792
-9391
-8922
-5461
9520
-4323
-5799
2844
-4085
1227
3235
3300
-3258
8327
-8890
-3198
7997
6704
7079
1425
-7008
-3959
-297
-3807
8256
-8547
-2238
9393
-5455
3349
-1125
4002
-7164
8604
-5083
-1902
-6197
-7526
-2225
-8489
6123
1833
9441
-6442
9659
9556
3273
-2447
-9162
-9637
5280
-6580
-242
3613
2767
-2066
6153
-7939
-2558
-2699
473
2611
-5144
-8603
-7606
-6766
-7189
9267
-2544
-4738
-3335
-1958
8125
5503
-5245
5843
3346
6699
-6556
-7388
2405
6157
-4364
-8876
7706
5365
-3373
938
8532
4090
5200
7743
9230
-8953
7048
6998
2922
7074
-7208
-9692
4361
-8640
-8558
6845
-3081
4928
-2893
-4372
-7725
-2408
-1245
4547
3571
-1996
-4881
7014
2625
-8642
7458
-7800
-1589
9328
2185
-1002
-1801
669
8479
-1495
-2584
-5526
-3362
6627
5540
8605
-4601
2132
-2513
-7460
791
-5021
6646
5547
-9943
-8185
-8802
-4610
2359
487
-2174
2867
-6885
8756
-7118
2874
-4542
640
424
-4773
-237
-4421
7162
-8440
49
-5167
7779
-1962
9454
-7112
-596
-5959
-9570
2496
-7740
6804
-2651
2603
-4149
3271
6673
-7770
9727
-6820
912
9453
7858
-3810
-8287
-9349
1902
-929
-8372
-298
1098
1582
-1269
-3447
5768
-2131
7802
6982
4766
-7154
1454
-6876
-3716
2902
9391
634
-7826
471
6702
1106
-6385
-4154
-6048
3045
-7062
-5091
9858
1738
-8176
-7117
-6360
-167
3635
-3820
-9631
4197
-2095
-6878
7310
9792
6740
-923
1862
-7802
8292
5278
7595
-10000
4456
1349
3360
-98
7377
5460
-6480
6017
7172
7512
6849
8778
-712
6801
209
8734
-3065
2901
6489
2371
-7451
-4071
7166
-249
7794
7634
-6239
-5337
-3785
-8511
-5788
-8844
2078
4814
-3296
-2049
-9071
5438
-7336
9540
-929
-9290
-9477
8516
1738
-3257
9312
5351
-8346
-5927
-8249
-3628
7822
-3146
6815
-4056
7114
-147
6483
6147
1483
-1316
-933
-4838
808
-2872
4282
6609
-8098
-5598
-2856
6214
4586
3139
-3438
1743
-3536
-7725
5106
-4342
4728
-1021
7102
-7202
-4952
9434
-2694
-6044
6169
6837
-7997
9365
2616
-7425
-463
2687
-6046
-5138
9338
-4507
5486
-1886
-1778
7408
3963
-3881
-5074
9520
5589
-3007
369
8397
3406
-1830
3747
8923
-1266
4241
-888
-3184
-7986
-9736
-8852
-3954
2563
-6830
-5801
4867
7640
9347
6969
-3339
8001
-616
6889
8948
-2990
5561
6396
8452
-6940
-4082
8992
9018
-2052
-8160
7973
-5907
-1732
6878
-988
-7398
1216
6143
3732
1920
3260
3660
2667
-7817
4011
-1657
1463
-2741
1650
8899
-4081
-697
4215
3365
9912
4733
-8097
4299
2149
1298
-4426
-5653
7733
1384
-7478
3740
-2780
-7004
2849
6953
-7513
-4049
4687
5948
-1685
-4029
2923
-7211
4628
-835
-4263
-542
8118
-9567
-5167
8361
376
-5901
-6117
-3725
-1569
8698
-8552
5872
6688
8903
-8894
-5929
394
3915
-302
8387
3017
-1484
6323
-2413
7567
1755
5825
5731
-1933
9427
-34
-4545
-7282
-3428
8664
-231
4874
3637
3263
-3259
-1590
-8225
5657
-329
3284
-1898
-1200
-8779
8615
-3716
-139
-186
6956
-6127
2507
-4552
1074
2490
5326
4512
8406
1169
936
6394
5683
-2264
-4380
4797
-2240
3014
-5886
5697
6499
-1495
6046
2509
2667
9892
1280
-4529
-9571
-9254
-4392
4044
-2251
-7566
-9428
-6158
-887
-6296
-7438
-5043
-8482
-5197
-2814
6458
880
6507
9715
-2529
-2812
8991
-6237
-9693
5753
-89
9505
9489
-4422
4421
-5902
-5719
-1563
4002
2156
-7120
-8625
2098
4174
-8133
-6667
8043
-6342
269
7806
-56
-9421
-1523
-2906
-1196
-4029
-9895
-2342
-2379
8847
307
-8498
-4324
-3541
-3586
-8624
2509
-7257
-9885
1887
-4847
-2514
-3830
-108
-5571
5497
-6630
-1350
-4106
-582
-8511
-2700
-6002
2808
-6950
-2451
7678
-1128
-842
7970
1543
6067
525
-5382
6235
2664
-2990
-6973
5346
-6455
-8727
2242
379
151
478
304
6389
-9136
-8887
-6050
859
-694
-4301
-1050
-3037
6052
6462
9432
-2781
-2374
4508
-1701
-9793
7562
-4522
-7672
1667
-179
-2059
-4550
3096
1033
-2107
-1036
2012
-4309
3890
18
-4063
3485
9457
-2212
-2998
-8923
2801
6281
-6411
7941
-6992
-631
-9591
-4187
-5347
38
5981
-4799
1757
7138
-7451
-2921
-5994
493
-6815
6282
-7080
-112
-7863
5756
-5907
-7256
9856
-6122
298
7945
-3692
6457
6969
3877
7745
-8272
-7292
-8223
-1332
6198
2876
-7838
-2225
6469
8240
-4439
1229
-5413
2477
-5162
1147
-8301
8842
-7157
6545
1396
-7154
-5702
9151
86
8002
-3092
-47
-750
3783
-6178
-7542
-3772
-8711
-2955
-7363
-6940
-2267
2123
-5823
4946
-1874
-5518
-3102
-4753
8970
5698
8438
8886
-6307
9685
-1292
-1444
7289
4783
-9987
-8969
8780
6476
3162
-8770
-7687
-4379
4213
-5159
-6759
-6296
2166
-7423
-7217
-1025
-4432
-1803
7326
-4128
-56
-5460
3385
-9268
-2150
-6275
6401
-8894
-5777
-519
3786
-9559
7771
-8571
-7073
1434
-5727
-4078
5482
5060
-705
8360
-2644
-6870
6599
8823
-3485
5189
-9704
-3030
6436
7958
-1326
6729
5172
5537
8204
-8642
8571
-3359
-6498
6459
-4310
3338
9596
9596
6175
-9078
4628
8791
6993
5574
8828
-4298
5834
-3166
-4651
9444
8826
-2175
8986
-734
-290
-2901
3070
2450
-4245
-7101
8707
9696
8866
8943
-9182
3572
6032
-3372
-2419
-3666
-2620
-2144
-2241
4978
5760
-3217
2038
-3075
692
-5475
-17
4656
-7243
1829
-7448
-5874
1929
-2925
-6745
-2827
-8074
-8402
-5489
4149
1066
4841
9631
9532
-4523
-1427
7718
7394
832
-9944
-2194
-2395
3066
6406
-5237
9105
-6635
-8730
-1686
-9995
9866
-6639
6914
-6053
-3940
4334
2360
-5148
2452
225
7424
-8903
9624
6035
2465
-8780
5425
6497
8607
-898
-6804
5484
-1272
-5750
2867
-9002
2768
-1292
5623
-7488
4799
-6802
-3588
4190
-1192
-2888
-8308
4426
821
-1262
7571
6210
-7546
-5040
2586
8421
-4453
7677
5095
-1666
-1125
-9296
9132
-5744
-297
-8397
8241
-2768
3738
2810
-1418
-4765
2548
-9302
-5928
-6788
8504
-8280
7688
-821
1619
9364
-2320
-1871
7494
-5931
-1558
-6112
5707
3921
945
6681
3403
-1571
6678
2105
9528
-5046
-8751
7159
4398
5625
-5415
5376
7790
-7770
1290
-3695
5028
-7766
-2100
-8234
9799
5599
1244
-4868
-3108
-1107
-1940
7269
-2895
-4049
1008
7252
-7717
3780
-545
-9609
-9657
4548
-5655
364
-4570
-4628
7828
3825
-15
623
4861
-1163
-1312
9201
-4945
9237
-909
6712
9256
-59
-9245
-7731
-3950
4296
911
-1143
-389
-8082
-8729
-6972
7837
-9538
3134
-859
-5995
5223
-4697
-7126
-5513
5686
-5871
-1271
-5351
9104
2090
-4587
-7090
783
4479
5469
-4504
-4863
9854
2095
-2227
-7534
1941
-3928
-3549
-480
3630
-1726
9809
3468
-2168
5742
4622
5115
-5569
-6839
9033
537
8053
-4664
-566
-3676
5872
7773
-716
-692
-948
2164
-3679
-4664
5912
6062
5857
-4446
7563
4905
-2418
6669
2239
8144
-5060
284
1076
1522
8694
9731
-1864
-8160
2840
-2052
-6595
8572
4629
-4946
4903
-3727
4251
-1875
-6266
-2720
-7359
9190
3685
-7340
798
9947
-8707
8387
191
-9632
-2504
6305
-4900
131
-5108
-7060
-9905
4086
-3343
-3199
-3685
2683
-966
-2927
395
-9950
808
-3121
4614
-2237
5581
8045
-9416
-2509
-6553
4916
5085
-18
9642
-9698
-6264
-7894
-1314
-5491
1781
-5534
-8066
-8323
-6137
4888
-7247
684
6745
-9815
-7650
-8480
1214
6810
4665
6333
-6722
-2445
-6086
3659
-295
673
9054
4947
-4131
8337
-6091
-5580
-861
-4373
9778
7633
9155
-2853
5233
7961
-4358
6786
5358
-8610
3021
390
-949
-2049
-5420
1497
-4553
-5112
-3157
-9745
7919
5283
6949
6169
-3770
7656
-8867
9592
3020
-1554
-4931
4157
-6665
3402
-206
6228
144
-3121
7361
5815
8146
-1228
-5060
-9127
-7504
8380
-4911
-9583
-2712
-8025
-7707
5342
-1625
-9048
-4297
891
9114
-5531
945
-3657
2791
1360
-8473
276
4621
3039
9939
-7750
5227
-3604
7134
1906
-5547
-6693
-2496
-1288
1107
7523
7314
-8158
-586
-976
2559
304
-1043
-3432
-2516
1489
5104
6569
7225
8249
2093
8752
4573
6846
-4250
-5780
9916
5985
-1229
-3694
8559
-3781
9934
-7346
-923
7666
-8622
5192
-8720
-1297
7694
2294
-6916
-2774
2337
1639
9742
-1499
-2649
-1274
-5693
3461
5146
-8692
6478
4083
9284
-5037
-5928
-7300
-2881
-7262
-4801
-608
-2625
-2646
-3610
7292
3580
251
-8692
-4378
-1997
-9763
-615
4658
-3330
3762
7395
-2790
5499
-1143
2060
1251
-2274
5360
6824
7881
-1684
9874
-2449
-5066
-9281
7068
-7179
1945
-8491
-4837
9517
1917
-7350
-6307
5842
-9235
6988
5968
8191
7008
8503
2293
4285
-9634
-639
-8274
5366
-6498
5843
-1438
1525
7174
-4216
-3303
-5474
-7718
3991
-7830
-1372
-618
-4254
4348
-77
-5648
-5862
-4688
-1952
-6047
9359
1619
9130
-740
-6736
7165
-6957
117
1591
-9579
-8131
7314
-4326
3422
2091
3587
2044
-7846
528
-1538
3066
-3601
-2441
-2439
-7313
9629
-332
-561
4976
-1327
4493
-164
-2943
7262
4765
-2220
-5761
3710
9157
0
-5683
-7253
8584
-9904
3210
4020
-4072
-7878
6416
-2569
53
-202
-2279
-3446
2116
1737
-7084
-602
-6916
4594
-7236
-1077
8280
-5701
-3899
-6301
-5002
-7001
8495
-5537
-3145
2887
1930
3529
5130
-3437
-894
-5423
1094
6651
6912
1152
2475
-5040
3935
-6528
635
5963
-6071
-5018
9453
2849
-1213
-4042
842
-7987
4350
967
720
3998
-3955
7252
2615
7838
-2677
-194
2403
8109
-1381
3045
4551
-6231
-855
1906
-9537
-7459
7532
8020
1145
5871
988
-943
7445
-4613
-9209
-3236
-1106
4762
-7376
2076
-291
-7766
5731
184
-136
9772
-5784
-9073
-2140
2543
628
-8699
-9476
8812
-6656
2727
-2963
5181
1817
-3600
4457
7971
7998
6635
-5380
2766
2116
-2345
-1737
-8319
-5397
-2130
157
-4495
-7277
-8973
-816
-3338
9427
9964
2419
-2871
207
-671
-1498
3922
-5902
5813
341
3555
-4094
1538
8174
1057
7842
4275
-4878
-6936
3208
7637
-6893
-1401
5263
1985
-626
-8457
6405
-1899
1946
3078
-5509
-6092
-8131
5785
-5970
-8207
-5228
-2410
3898
6519
7981
2232
7319
-8008
-5241
7141
-1553
3256
-9141
8255
6815
-7161
7544
3939
-1734
1700
-3370
1211
-8246
-6543
-4370
996
6280
-3297
-9810
-307
9489
-1269
-9742
4848
-3361
97
-1980
-6028
7796
3645
1873
-3459
7604
-4820
-5149
8724
-1656
6034
-9634
3698
-438
-7984
5862
1903
-5884
-881
-2422
-4845
-7720
8621
9939
9027
-4269
1703
8861
5992
-9975
-1429
-9843
-1067
-9437
1229
3618
3546
6621
2180
-7526
-9862
-8276
-5048
6859
7309
-5073
-6339
3441
1746
-7833
6435
-9161
-3111
-4522
2988
8606
-6864
-2057
598
2887
5249
-6718
-9291
7
8268
-1035
-5448
7167
5221
-4957
-5548
-9951
8481
1314
-7863
7107
6918
-2136
5151
-4777
-5385
-4517
-3291
1591
-8766
-3773
772
-5002
2310
-4488
5343
-3936
-3679
3966
-8862
2298
539
3701
5122
3228
-3678
-6354
6031
5084
-4524
-1962
9728
4654
-9470
662
-8633
-6649
3449
8208
-2708
5493
609
2326
-336
3964
646
8561
4859
-5749
9172
8149
-5303
2282
1935
-1814
-8737
7893
-8462
7602
4931
-6433
-9071
3179
9068
8405
-6703
2728
6032
-2416
4223
-6564
5078
-16
-4805
-7497
4641
-8739
7581
-217
-1906
1253
-122
-8220
2268
1551
-5139
-3246
-1662
-1906
9068
6008
1763
4865
9488
9130
-3287
-5315
-7974
2989
5804
2563
2964
-4156
-8006
-6109
3938
-3660
5401
460
-3297
-8530
-1773
-1420
3990
-8842
-7319
-6434
8148
5849
8229
9997
1251
-7548
-6754
-3396
-3718
-9531
-3468
685
8309
-1695
3697
-4418
9534
5168
6271
3842
-8871
-7623
-3211
-1852
7489
5495
-7671
-8663
-5994
-5306
4313
-2515
-738
-1286
-2321
1474
-5482
1739
6592
-1357
-6224
9995
-2536
9381
-7139
4344
8511
-1343
-7856
-3300
4505
-6744
-1322
-4610
-9745
-9337
7458
-8739
8278
3839
4837
-3050
-918
-1753
-2655
6248
-8733
-876
9896
4964
8220
-2828
7931
5776
-3112
-4090
1938
415
2818
3951
-2627
2818
-2193
5534
-5443
4758
-3448
4639
968
-2448
7089
7065
-9843
1700
-6888
6720
578
4022
9425
-9641
-2411
7510
-3939
7979
1528
-7265
9222
1805
-5950
-7163
-3431
-2614
6230
-7416
-2972
7759
1916
-8953
-9068
1274
9912
-5414
-7106
1887
7665
-9112
-4666
9089
-7746
-9010
3571
-6759
3053
-3613
8794
-4344
-7269
-3229
2336
-6120
-8064
-9902
-5000
919
6667
9951
-2569
-7458
2928
9441
-3983
-4445
6922
7868
5675
3666
-1576
3438
1460
-7942
-5441
8207
-265
-4744
-8558
776
-9872
640
-5329
-6505
-7170
-6709
-3054
-475
-7660
-2394
3929
4511
5895
-3456
-137
9249
-9246
6604
-7261
-3724
9840
9794
-4129
7307
-2930
7744
6389
-5749
4119
-985
-6675
8913
7687
-7107
7347
7099
1344
-4284
9728
-9822
-8553
-9452
-398
-3067
-3728
943
-1898
817
-9113
3230
2296
-3225
-4917
-4776
8994
9684
-6877
3889
8251
-3328
-2235
-8741
-2569
6040
2340
-6896
7789
9424
-7598
6831
-4356
-5669
6886
-9561
-6831
7352
9254
2165
-8556
-7187
-6318
-2644
3200
1097
-2528
2200
-7620
-8574
-7130
-2025
5954
-6953
1705
2433
4868
7313
-131
-3294
3958
-2697
-694
9421
1895
518
-1094
4625
904
-7700
-3475
5079
-8662
4333
3884
-2395
9560
3334
1111
4109
-1083
701
542
-6956
-9946
4662
-8001
630
-5205
1925
-7576
7940
-8132
-600
2000
-5833
-5691
7237
8903
17
4566
5935
1196
-9152
2008
-3259
-7743
-8930
-7289
3310
3703
-4697
-8542
-7009
-4602
6145
-9702
-1302
681
4949
-6714
-5852
-417
3325
3319
-7815
-620
2229
4557
-4402
7882
5899
4102
7831
-8331
2942
2394
2408
-7958
-745
-6512
2081
-7502
-2674
-19
-7455
318
-7627
-7460
-913
-5996
3257
9052
-71
-5171
5347
-5032
8178
-4837
-601
130
-7827
-5128
-3858
-7008
5987
3624
-9918
-4137
3670
1770
-8745
2475
3545
-5070
3259
5419
707
9718
3656
-2616
581
-8812
5109
6576
-7
-2557
8171
-2670
-4801
104
9501
-9615
-7058
-3091
-4621
5030
1479
2602
-2056
378
100
-8212
-5985
-35
8007
-7684
9317
-1239
-1994
-2511
9977
4703
-5281
5071
-9221
6500
-2553
-2327
914
2470
-7086
-8966
1476
-2242
-3324
-2426
-6430
8289
591
9776
-306
5049
3949
9222
6947
-2302
-9749
4259
-596
7858
6107
4871
-4589
-1202
-1587
-3243
8456
4902
7340
8713
-8365
4448
7578
134
5367
-1395
4865
3531
9458
8235
6853
2894
-6939
-3819
-944
-9268
2136
2334
2725
4087
4125
-3176
5255
7527
-1089
-8353
5259
-9065
-9661
5691
-9359
9823
6674
8842
-8184
-779
-6602
6708
-3996
-7273
-9321
-5889
916
9033
3409
-8281
-9814
-4869
5410
1475
7894
6710
-8352
1513
-8392
-7901
1448
2420
-979
-7362
7055
-2361
7494
1101
7209
5490
5572
1235
9775
8669
6635
-3430
-689
-2908
-267
2204
-1251
423
308
-5738
6268
1045
-8004
6799
5243
-2850
41
8439
5427
-9816
-9425
7474
-6249
7721
8482
-7437
-3485
-4663
9642
3629
937
8739
6365
7636
7166
9356
-202
408
-9675
4501
-9750
8906
-356
-2321
-4894
-1747
-2048
-6419
4263
-2789
8610
-4683
-6750
7745
8293
8193
3713
5119
7868
7612
801
-8197
543
-2697
4391
-6979
-4776
7580
988
-5669
-2256
-8825
240
-8658
6402
7857
2240
4973
8896
5859
-9773
8822
3951
-4928
2267
8670
-4703
6604
9583
9812
8621
-1045
3627
-2644
2878
2595
-8610
6492
1985
6648
6842
1255
3292
4157
-6156
4283
4266
-4681
386
4446
-9198
-3154
-2566
3791
824
-59
3960
8195
-2106
-1071
-4561
-8385
1210
-6379
4656
9317
486
9606
-3484
3767
-1077
-5504
7218
1317
9226
-5171
-6810
16
-5621
7058
-3502
6383
3497
9692
-678
9895
-7084
-3086
4397
5505
-602
-3728
-6656
-1977
-2962
9476
-7241
1264
4659
5240
4949
3834
6755
-5655
-3384
8091
-2624
-6688
-4570
-3651
375
180
-5332
-6862
8141
-4433
6740
4309
6604
-3714
9834
-7002
6372
-3750
3189
-5574
-2115
-591
5476
1902
1871
-5995
5918
7106
-8001
-9456
5244
-2923
4008
4033
6686
-5348
-6045
5286
-2963
-4592
-6892
5344
-3543
6135
8539
1816
-9166
-8341
-681
-3601
-7202
-5999
-4359
-6771
3162
-192
-5403
-7556
4650
-1542
4249
5645
1133
5464
-3732
-5480
-8704
8252
2444
-7822
-1216
5389
7444
1567
-4388
151
4773
6367
-2189
-7843
7008
-5687
7825
-7317
-8373
3082
-2134
9258
-3391
1935
9990
6921
8785
-9269
4155
-7412
6259
1023
-8876
7922
-8056
-6943
-1169
-8482
-6920
8185
8108
5064
1011
8708
-453
9530
-4091
-3069
-670
6707
5318
4222
-9450
-7040
4019
-1711
7227
5621
7970
-8037
5909
-5031
-8153
-7096
3969
7421
-668
2195
9851
-5651
-8484
8718
3692
-7332
5183
9638
3941
7804
4151
5690
-4569
2096
3520
9178
-2365
9888
1743
-2237
-6286
3924
-2231
-875
4856
-3823
-9650
-7242
-4619
1799
-7586
-6609
-1262
-9188
-9899
-3591
52
-7531
9558
9682
-7372
-1699
-718
4867
-6384
-8549
2569
8128
-4727
3250
-2069
-1139
4983
-9255
9020
5018
7106
9088
-3423
1111
-9393
737
-9420
5402
2105
-4737
-5414
-933
-3027
9506
-9771
595
1034
-707
-3908
4080
-8906
-9220
4570
4770
5539
-7648
-4305
2880
-2700
3117
2594
-862
-3279
-913
-2044
-4898
-3529
5916
-2401
7237
4458
9487
-8213
-349
3746
4629
1715
-2457
1411
5016
-5885
5809
-3041
-636
5712
3667
-9550
6955
-979
-6074
2645
2
1469
-1780
-6077
3553
-1114
-9115
-1403
-8698
2126
6796
-552
-6926
892
9761
2298
-2109
-158
7155
-6062
-4253
8000
-1635
-5573
7818
9069
1964
-3792
9244
1102
2812
2124
2155
4509
6795
8766
376
-8704
9155
2748
-3992
3211
2506
4536
4601
-5916
7429
-4098
-6882
704
-4834
4841
4503
-6384
-3872
4176
-9183
6113
1465
-1473
-8307
-8613
3788
-7790
-2433
4605
-6000
4220
-244
4901
-6720
6352
-6492
1566
7092
3646
-1324
7748
-7898
3419
-9609
8262
-6717
7683
-2281
-9604
2579
-9619
5176
-6063
-4216
5723
7201
-444
2836
5127
-2283
3642
-8794
5106
561
-8523
-6236
-3973
-734
-8502
6358
-2880
7090
1813
1952
7551
-2344
2174
518
3121
5266
-4466
-3019
-3709
-2210
6489
-7429
3907
1116
-4860
-549
-7029
6356
-5905
-208
2591
1268
-2486
-2129
-9980
8542
3847
9991
-121
9727
5775
6485
-4416
1238
-3120
613
9725
-2150
9856
2078
-3983
-7187
-2467
-9419
-1594
-5588
3500
-4099
-7134
-2057
-1428
5343
-2888
-2098
4401
-749
-4421
-2263
-9610
8893
6781
862
-6983
2939
-8008
-2585
-9799
7412
-4632
8042
-3360
6702
-6973
127
3741
5361
4751
6901
2079
-390
6652
-6303
2083
-1547
-6058
-9994
840
-9623
1359
-8661
-6210
-8120
7162
-9848
9108
3423
-9443
-6398
-5770
6717
-5893
-3989
5291
-7392
-7785
-3168
3301
-3758
1892
9432
742
-1392
-3451
5161
4590
219
45
-7488
-8021
2949
-6501
1243
-4175
-2257
-6843
8460
5422
4891
2478
9901
2201
4389
-2453
-5808
8018
3484
-6508
-1385
5943
-7972
-7299
-1241
-6575
-7386
989
-152
4407
-5087
-9669
1514
-8958
-8455
-1248
-8641
-9016
1795
-4168
-6255
-1465
9009
-1601
5817
-412
-1083
5512
107
4876
-3365
-4049
9085
83
-9793
2150
-6125
8992
8743
673
-3717
315
7772
2895
6791
9831
9074
-2517
-7243
800
4855
-3929
7348
9507
-6629
5850
8284
-2233
5539
-2151
-427
61
2670
5473
8590
-6901
-9289
2536
-8145
-9800
-9677
6301
-4246
-6506
9300
-3299
-3976
2312
-9691
-114
-6202
4572
-1574
4
1432
8450
2257
-5046
7725
9081
-2617
5334
7858
-3350
7038
6262
9361
-3763
7836
5399
-48
1435
8244
8133
-3712
-2966
9084
2164
306
-889
26
5645
6498
2250
-5553
-2687
-881
9366
8487
-7893
-9973
-6922
-2791
6243
9043
-7715
9985
-180
8928
5757
-6624
-5335
4267
6097
9664
3325
-6890
-1302
-7267
-944
5505
2969
9698
-8565
-3440
-2358
-6216
6784
7166
7687
2334
-9404
8117
-2535
8474
-1299
-3215
4519
-5623
-2123
4082
-9709
5567
-6094
-9014
9400
8583
-7696
4285
-7623
5471
9607
-4336
5773
-8621
3756
9106
-1095
-9128
6597
1700
-3794
5789
-4610
1688
-2308
3512
-9278
9214
6274
33
-1659
-2189
8299
6985
-2558
-1547
-4262
7423
8781
-2294
-1001
3324
-7639
-3914
2739
-4341
9340
-4636
7581
-590
-264
2110
-2872
3291
-7884
-7728
-8230
-5023
6688
8276
-2927
-2583
9599
9643
-6118
8766
5215
-5827
324
9107
4056
-5541
2259
2095
2429
2688
4123
-3141
89
2125
566
-6529
-7992
1592
-9860
-5882
2554
5627
3297
9664
-9534
-3756
-5711
2375
2786
-4676
-3753
-684
-3205
4314
-7851
2973
7950
7417
4316
-9942
1253
579
-7073
7510
-4278
2260
4511
-7548
8357
3677
1314
7343
6842
7688
-5506
9986
9950
4109
-9546
-933
-8369
-6217
-1760
9618
-3895
-985
-9507
7691
-239
-1643
3544
9385
5247
-1427
4627
-2306
4065
-6776
-4721
-1858
-1931
4530
7645
4859
-1059
-1901
3173
7981
6346
7003
9951
-5113
-8909
-3127
-960
-7683
8289
3729
-4725
4384
-1037
-4171
9273
3797
-9490
502
4258
3290
-4661
-6756
-6357
-6539
-3885
-1259
2786
6690
6191
8226
2113
9632
-8312
-3922
-1542
9058
-7577
-2170
3935
-479
2931
-4060
-2150
-5612
207
3266
-7766
-5082
-4816
7742
4003
9860
-6850
2073
-4369
1296
229
8949
2063
-8762
-7697
-6386
49
4062
-1633
-3762
-7253
-7961
-5651
-5743
-614
30
1844
-6202
-2896
-7958
7473
-2049
-3231
-8503
-6501
9917
7136
-8809
5396
-9857
-3606
-4848
-8986
7709
3296
-1922
5158
-9916
1190
4064
-9676
76
-8712
-2472
-9742
2460
-908
-9498
2784
1940
4899
-7579
9634
3917
-8563
-8776
4402
-7453
5548
9083
8417
974
7469
7335
-1842
5903
6775
-354
773
6540
-8168
7474
2469
-609
-4416
2059
-6070
-9198
4041
5982
5644
-1129
-2743
-3345
5915
4949
-9265
-8259
7190
-753
-2052
-6571
-983
1070
9908
6195
-2113
7484
-7547
1761
8915
169
-1692
-6529
4827
4298
-2724
-9551
-5662
-4677
-688
7395
-6786
5417
-8664
-9525
2377
7909
-1030
7165
-5118
8795
-9874
-2405
-3740
7680
-8349
-7694
5655
9150
9924
5166
-5483
-1779
-6944
4876
4034
8059
7570
-4917
-4045
-5183
6053
6011
-7314
9506
3186
3214
9934
-6326
5027
2767
5481
5187
-3399
-5249
7438
5661
-6520
-1086
-8488
-6
-7662
-9999
-6692
-7808
-3784
2622
1965
-8972
3844
7696
-7183
8770
51
-8356
8871
7834
4185
-8040
7262
-8139
-7055
-3366
-5191
-2007
-3355
4878
-7310
5967
3608
3513
-9924
5252
6737
-2245
-2987
3168
6871
7755
-6003
5769
-4674
-8355
-6830
-4601
6173
4946
-4940
682
-4794
9185
1037
6270
-3344
2354
8900
5179
3864
-3395
673
-5485
6486
-7586
7420
8693
5986
-8690
-6097
1464
5727
482
7464
828
882
6996
-9068
5529
3529
-8839
-9251
-3531
4341
-1391
9709
-93
-1640
41
3819
-6375
-3473
7960
-8386
1087
4676
-463
2727
-2576
4214
-995
-3959
-8903
3298
1075
8238
3468
916
-5941
-4967
9246
2845
-3191
-5800
1168
-4301
635
-4356
-9460
4001
1147
2654
-4090
-4970
-2619
-803
2398
-7806
2067
-7327
1517
1690
-9333
4390
2437
9161
6040
-741
-8427
-8478
9109
-7868
6260
-3721
3838
-2660
-3528
-5886
-2829
7800
-5527
981
-8482
459
-877
1548
3775
-9075
-1310
-12
9325
1778
-2629
3001
-4731
1018
-3330
3422
-2111
-4236
-9133
-7525
4032
-1478
6172
8454
6691
5325
9628
9988
4506
-348
-8106
-107
-4295
-8623
-4407
515
3439
451
-31
4410
-3681
-4726
-9567
5998
4492
5300
2916
-626
566
1438
-6819
-2881
9374
5290
-4757
971
-9903
-6187
-3060
-3389
5969
7079
1316
7491
-9973
3104
2275
3
-4219
1053
-2803
2080
-1000
6067
7365
-3357
2951
5706
-5353
4738
-7959
3062
3764
-5415
361
912
3585
7092
-9759
8154
-6489
1850
-9276
-5824
-2093
-7447
-5269
9729
-9954
-585
-8440
-4156
-3223
-9410
-2429
1054
-2148
7713
-5406
5878
-669
5282
8053
-5812
-4292
3177
5860
-845
786
-6923
1440
7951
-5598
-1468
6181
5597
-7306
3534
5627
2319
7895
1219
3929
-3918
-7755
-8531
2054
6308
-4871
4270
182
3685
-3547
-4306
6933
-8305
3295
4534
8482
-3420
7002
-2868
-4092
-2058
8040
8165
6647
8023
7843
-3811
9114
8758
4630
-3083
7484
-1158
-4926
598
6877
135
-1474
-8874
-1657
-6425
-512
-5766
8380
-46
-4879
3227
-8682
-3682
-9445
1606
1437
9087
-7940
-4716
8118
-2623
9599
-9075
9374
8870
2006
4419
-1498
-883
2978
-1460
-99
1675
1018
8127
3903
-9320
-8492
-7254
3513
-7372
-2168
-5861
-2556
7649
-770
455
9248
-7140
-7682
3825
5760
-7135
3605
390
-7661
5242
413
-1567
7902
-9878
851
3191
2632
6039
1316
6197
-6681
-2483
-3268
3291
-1731
1830
2711
-1084
3955
-3604
9114
-4878
-6974
-5022
1933
7529
2412
7095
8383
-5786
-3473
-3129
-9149
-2238
704
5919
2203
-9911
-9700
199
-8417
-5118
416
-110
3796
-1146
-828
-2919
-8060
2589
-2401
-2922
-4393
9309
3077
-2846
-5735
-9871
2331
-2732
-3679
430
-6797
7827
9119
-8566
1463
-4163
9380
-9090
1854
-666
3299
-1767
-1241
-8409
9174
-4128
-9787
-9810
-5721
2725
2026
-7611
-382
7306
-7937
4123
-4561
7569
-3378
-6129
9661
6659
-1887
-5805
8968
1649
-9487
2161
-3591
174
-4599
1074
8746
8714
-9732
2601
4085
501
-7231
9463
3373
7993
3141
4764
-4941
5937
8332
-3021
-7244
5386
1796
-5343
6334
-1502
8240
-8891
-5997
-2883
-8541
3467
-1674
-6918
496
6159
2842
1468
2195
3091
8857
-2575
-5091
1688
4656
9609
-7427
1304
-709
-3938
-374
-3065
-313
1937
-2151
8861
56
-2393
-2442
-3601
3137
5039
-5257
-2452
-3405
-3973
-7038
-7170
-7314
3743
922
9157
9139
8491
8289
-6536
-5498
-2950
5378
-7725
6133
2725
5872
2547
-1032
-4411
206
-3647
7144
8570
-983
-4184
-825
7726
-3510
-7880
4333
4021
-7052
-2817
3172
7689
4660
3464
-3057
-6169
9312
-1013
8315
-4718
-5047
-6322
-1746
2731
-6031
6880
1198
4192
8045
-1116
-4482
3677
2180
-9572
6798
-9838
9501
1229
-55
-963
-1650
9042
-8224
2370
8032
6655
-7976
-7171
-1541
4505
2801
2121
6385
5796
4845
4947
-4216
-9102
5822
7349
-3926
-8954
-1401
1091
3585
-2013
877
-2558
9818
-1803
-1399
8098
-752
-4184
4508
-3097
1228
-9714
-4367
-402
4216
8384
-236
9755
990
9232
-7317
-9004
-1080
-6515
9859
-2239
-4619
-544
6264
-8047
-6675
4474
5045
-8022
-6619
5337
-4399
4573
-8711
-6974
8392
-3868
-5861
2469
-1474
-2265
-5932
-4625
1927
-9071
9347
3336
-8179
9739
6422
-5740
469
4454
-9552
-7351
-3452
-1438
134
2350
-5889
9538
5586
2582
2616
8800
7488
6305
-985
-4090
6893
-8337
-9189
-6963
-5192
3141
7748
8452
-3357
-387
1265
3202
4965
-1739
6385
4257
2988
4227
-2104
-9500
61
-6883
-5460
6529
-8341
874
-1513
-3695
-4226
-8384
5883
9601
5316
-8263
3822
-4315
-771
6608
-1444
-8218
3348
-6727
5474
3176
917
-167
-7161
5783
2372
-8264
7550
-7779
3720
-9608
7331
9028
5556
3240
2208
7594
7443
4462
8747
3543
-327
9914
-2968
-4883
-4870
-6057
-8482
-6657
3970
7049
-4875
6982
-3001
5467
1059
4823
3113
3499
-5419
-3300
3602
3591
-6261
7487
6328
-2248
-8621
8783
-1917
-9972
-7728
-4429
1332
6575
2532
-247
-7428
7317
-9448
-4162
-9749
-3950
1689
462
5863
-1835
-7274
3970
9161
-368
6255
-4234
-4197
-7560
4424
-7719
9653
-202
25
9750
4237
410
8158
8364
-524
-2820
5687
6412
1332
-1496
6137
219
8266
2671
5038
-2695
3747
9212
-931
-7906
-9131
8048
-6605
340
6197
69
-6877
-1970
5380
-6274
-8587
1511
1766
-8308
8526
-684
-4552
-9724
-1527
6098
4054
-259
-1083
-6628
-8940
9720
-6197
-5356
6723
794
8637
-5617
-2852
4980
3937
9355
2003
1968
1934
2505
5292
-6727
-1963
3920
1896
-1992
-9532
2439
-8242
-4966
926
-6530
2799
8683
-7046
-9811
7395
-8096
5486
1132
6833
2991
-3866
3198
5273
-5571
7659
1788
9888
-9944
4083
6029
9496
7344
1111
-7176
-4518
9217
-1693
-7259
-2688
-4474
4954
-5483
-2607
7120
1687
2357
4513
-6269
-5147
7438
2173
1670
-4052
-5853
5435
-286
4371
-8959
-68
-57
2754
4261
1285
8479
8715
2223
782
7621
7182
-5279
-7363
-6538
5005
-6583
3203
-4536
161
920
3448
6543
6541
-3255
6629
-1602
9074
2087
-7570
-3559
5069
-675
-9170
-8290
3462
137
-929
-2476
-7005
-9228
521
-4437
-5081
3016
2397
5430
2654
-2255
4867
5572
-9771
8283
5818
-4037
-6727
-808
2334
-5364
5480
-8620
1320
-9090
5607
-1619
-9012
-585
-6927
1624
-3577
-9273
2032
-181
5471
2724
-8051
-7456
-3738
7049
-9034
3822
323
-1095
6429
848
-9117
-649
4843
7967
-5542
5360
7903
4877
-1134
-8040
-1766
-1406
-8132
6124
-3772
2035
-9923
669
-1478
-782
-279
1040
-8770
5100
4980
-3310
3359
708
-7143
-6011
4398
-1022
1449
-5493
-557
2891
-3615
285
-6440
-266
5010
-6469
-5887
8399
-1970
9511
5977
5681
6652
-918
-5901
-6104
4042
-8598
5231
-3775
-7627
-6436
-662
5679
2029
-8303
-1837
-9178
-2645
7735
7812
6588
155
7418
-202
5343
-9539
-2091
2690
-8115
-1925
-7891
-7213
-2614
-9813
1018
9882
6165
-4644
1697
-4615
2590
-2645
5430
4601
6806
5870
-4038
-4034
5041
1128
6318
-7075
7947
-6877
8408
-1407
4429
9694
-9936
-8158
6493
-4750
-400
-3591
9258
-6094
8493
3490
-7437
3434
-3730
8190
-2715
47
-9637
2690
-4315
5251
4826
-5207
-2744
-3062
-7155
-8462
-8280
2259
4002
-3792
-756
-7825
-267
-8894
4194
-9736
-1968
-8171
4214
9148
2978
2312
4092
-2563
-9186
6443
5562
2537
4153
-8347
6792
-3564
7071
-8821
3671
6489
986
-6271
-9830
6344
9397
-1450
2446
4953
-3700
-4685
2742
-6574
9934
6587
-5252
-2149
156
2469
-2814
-3450
-7102
-4283
-4168
1661
-6544
-4008
-332
2149
-8127
4930
2585
-8300
6401
6111
7263
704
3171
3573
-8864
-5297
-631
1826
-9122
-3725
3002
-2619
714
1415
-7666
-3282
-3308
-1326
-6122
-103
2330
5346
-6063
-2166
-4216
-5347
-1276
-1346
938
-7033
-3191
4193
-2549
-3888
-6462
-6048
-5600
-7530
-9455
-3148
-3367
-7061
-3606
-6797
8405
-8600
-3574
1323
-4556
7146
-4300
-2661
-2356
-9511
-9071
-1729
5701
-6234
9643
9767
4726
-1127
6276
1906
-1798
-3866
7155
-2542
-1704
4718
-3731
-4095
4215
-6954
3293
2023
4870
-4887
6640
-8012
-7592
6952
9451
832
2015
-7958
3043
7851
1025
-5704
-2054
3276
-8240
6025
-2380
1681
9050
6870
781
7936
9706
4874
-9088
257
-3182
5129
-3466
-6430
3182
8967
-9451
6161
8818
-4928
-4819
-1602
-5087
386
7316
6646
-3960
4520
596
-6385
-1400
6983
2099
-802
4822
-2919
3910
-6958
7232
5154
-3095
5767
8941
-9776
2939
2384
9158
7709
-4222
-1287
-6169
-4753
801
6897
-6305
7353
-4917
-5219
-673
-8321
9225
4081
718
1277
-9076
-141
-7548
4437
1109
-2485
-3192
6183
-2513
2272
235
-1310
4195
-9462
-5630
0
-7471
-7895
312
1532
2013
6580
360
7212
-8005
2207
-3249
1716
9954
-312
-5883
-8446
2133
916
9244
5418
-4761
-8652
-7629
-8442
4360
-2462
-7552
-3288
-2603
5649
-5909
-388
-7056
-8153
-414
-3038
-7638
5491
9931
-4490
8042
-8308
2604
922
-3798
8061
2441
-3023
61
9621
3404
-7726
-9070
5956
5608
6444
7779
5452
5318
-410
7524
-5347
7190
6438
-1974
9403
8156
-3412
-7512
-4095
-9578
1662
5052
2914
3299
610
-9313
3002
-8057
-4138
1050
4300
-8089
-7705
-2970
1819
5431
-4496
-7028
-4848
7145
-9969
9083
2306
7905
3065
-5726
-2211
-2927
-9484
-9172
8339
-9665
2015
-8167
-421
-1570
7913
-9554
-8938
7774
-1148
7725
-7228
-4250
4551
4148
9046
-8632
6925
-6501
8942
-7254
-330
-6683
-9925
-206
-9453
3707
4790
5307
-6993
5379
3909
3195
-195
5647
7152
-9097
6664
3076
-4310
9618
906
-3175
-6321
-691
-1050
-1730
2977
-2609
819
6461
326
-2016
-7716
681
-63
5356
-268
4476
4819
-9642
-1649
5095
2415
-3652
1568
9451
2968
838
-3077
-2899
-4072
3148
-621
4120
8965
-3103
1358
-9224
-7573
-4778
2933
2250
-6446
-5678
4404
4084
-9494
-8522
559
1201
-1359
-7100
7982
3649
-558
7922
1695
-1901
1434
-67
-8985
-242
5605
3693
-7055
7247
-7650
7882
-7991
-539
4972
4234
-6625
740
2995
-8459
6211
4950
3292
3464
-5723
-9552
9800
303
2891
6197
-8765
-9570
3716
9105
7793
-3130
-1050
738
-6960
-5160
-8777
2135
2694
-7361
-4743
3607
-5759
-6301
-5387
-5505
-9818
5066
3140
3552
-7916
904
-2421
7917
1042
3982
5338
-3901
7365
7499
-585
-446
9221
8364
164
-4795
-2267
4115
-3116
-4106
2544
-407
-1045
2306
3407
-9442
2372
-9918
4368
1096
-8352
-7211
-7360
8642
-5539
-5802
7338
9611
4758
6206
-9103
-1738
-1790
6973
-8178
-3898
7651
8392
-1514
6547
9524
-8126
-828
-3097
-7828
-4785
-1296
-8847
2139
3917
-9679
3398
293
99
-2026
-3340
-5202
-141
2996
9904
-5493
-6890
5703
4661
-6213
-8691
9019
-9817
8245
434
-678
509
-1255
-4647
90
-4595
-1399
4461
-4571
-6450
4388
-3082
2669
-1584
7397
7524
6628
7301
-9313
-6934
-6919
-4650
2430
3090
-6875
839
4963
3020
-7277
6830
-7300
-9930
7106
259
-839
-4005
-394
-5185
-4541
-5898
9039
2713
-7411
3819
5241
-6593
-8231
-5480
1970
-4220
1488
5905
194
-9071
-1058
-4544
-6260
-3848
-3653
8259
-9729
3496
8625
9332
-9959
-6512
8973
-2295
-3632
-4070
4853
-1310
-7074
-3088
4478
-2508
-7934
7846
1594
-4050
-6315
6383
-110
-3630
-7038
2065
5159
-5471
2936
-5498
1056
-6412
-2949
-5589
-8418
5231
3266
-12
6948
3207
-3857
347
-4108
-4155
6091
-4961
-383
8748
-6426
-617
7103
2070
-8191
1517
-5843
7329
-1337
8851
-5598
1883
-1908
-3818
-3640
-8697
8523
-8907
2923
6523
6385
571
705
5516
-1471
6853
6490
9388
-9330
-5211
-5465
-4496
1480
7141
461
-4647
-4599
-2406
2697
9985
-8992
-6094
2154
242
6657
-9202
-3907
8520
-9896
-4839
-1269
-9898
-9844
7852
-7548
5893
3920
6352
-4807
6221
-8785
-4623
9293
5599
-870
7875
-9452
-8532
702
-4539
2804
6051
4330
-7890
7549
-9166
4273
3526
2397
-2300
-8976
306
188
-3455
-3491
9373
-7037
-5162
3742
3862
-1358
5377
6648
9049
9561
8983
3788
-2592
1973
8122
8807
7840
-9421
5330
4102
5190
3698
-7990
-5659
-146
687
-7571
3396
-1513
-7290
2890
-1451
-4861
-3946
8473
1757
2
-5071
8600
3442
3056
4576
2196
-7806
7187
-4176
4508
398
-8432
6236
5739
-5064
4124
-4496
1434
-4860
8223
4178
-659
-3690
-6344
-7975
-3597
-1216
1615
-3999
1544
9833
-280
-8972
2892
-7100
3488
153
-9794
-3213
732
1423
-4798
4872
-9735
7697
3781
7447
6075
-2316
-3913
-7094
4635
-3286
-9091
-3809
-3738
-4748
951
-904
9987
-4100
-5225
-2735
5104
-8577
-6730
1083
4491
3057
-8715
-9446
6344
-4640
3607
6681
7523
6729
1847
-9277
2293
-1287
128
-5719
-1450
-7005
-9350
-9522
867
-7837
7174
-9865
6704
-9591
9984
-3082
-5718
6534
-1790
3
-3613
1209
6632
559
-9231
-4480
-6243
3885
-3266
3321
1829
3275
2106
5846
6897
-9084
3857
4217
1577
-7619
4523
7952
8804
2455
-5006
1746
5928
1235
-2286
-4991
2115
7131
-2956
405
7167
-2175
-4445
2238
1258
5960
-4035
-5055
5785
-5523
-6283
6151
-7055
5082
6823
3510
-5813
6035
3943
3270
5408
-658
2079
4533
3096
3033
-6240
-986
448
-8260
-7339
3004
-5680
3598
-7635
835
-901
-1890
4848
8973
-1142
-8666
-2512
-5176
-9391
4106
6814
-8085
9529
5209
-2907
-4214
-9553
-2428
5769
-9189
-816
-2875
-6218
7884
-8103
447
2079
-8439
-5357
8887
4784
-3329
6155
255
6960
-2850
-8936
-3405
8547
-7522
-1031
5879
89
4892
3812
383
3864
-6231
7565
-1999
2614
6529
9415
-390
-7990
7841
-8827
903
-5175
3914
4966
-724
-6038
-9231
6678
6728
-305
3470
-2118
-5378
-6059
-6345
766
7964
5456
-4107
7392
9777
-2678
-7535
-5797
530
-7748
1775
-2658
-5856
3331
-351
853
796
8456
-1420
2095
2096
255
-1722
-7666
-8016
3538
-4
6850
5180
8219
3804
429
4646
7432
-8781
-1121
-4868
6773
-2874
4135
-4796
1050
-6468
-2955
-8962
2408
2725
-6019
-4985
543
7969
-7874
8019
-5910
-7135
-7117
-3867
5685
-9539
1976
7989
7754
-7681
5386
-6704
9392
3369
4075
8110
4326
1481
-1016
8897
-2599
-2010
-9946
4178
1558
1167
7848
-8849
1256
-6237
-6507
2515
-6980
7971
8519
-9579
6311
7736
-2297
4997
2532
-6673
186
-4164
6011
-4617
-4298
1889
-223
3887
3803
-3120
8897
1325
4040
-9095
-3993
-6991
-1969
1451
7534
-3738
-8561
-3988
9444
3564
2354
-8085
-712
35
-1759
-2289
3691
6681
9406
5140
1808
3086
7511
-2970
8428
-424
4549
-3388
-1528
-5307
6785
-850
8206
-406
1784
-7150
2498
9285
-8181
2670
1600
8610
3837
-5370
-9065
-1625
2513
650
-3466
-7255
7928
-6320
4449
-3451
7979
-3113
9226
290
-7626
-487
5326
-2867
-1737
8647
8827
1616
759
6825
-6146
-2316
6979
-8428
1459
6348
-7787
-9426
5759
-88
-9595
8250
667
-8375
5940
-2440
8625
4513
6169
6005
-959
1702
-9556
6856
5351
8164
-3506
909
-8272
6937
9718
1362
-6451
-6600
4415
-7293
-8383
-3759
8717
-8150
-9534
3485
2517
201
8771
-445
-2985
7507
173
2555
4359
6698
7415
3560
-5107
-4226
5453
-4915
-2161
378
9705
6334
-2126
-6583
-8910
-6103
-597
-4755
-7516
394
-8966
6642
-2836
-2479
-4163
-1275
-7553
5837
-4164
7533
-7159
32
9824
-3933
-6172
6713
-1040
2023
-5939
9061
-9451
9904
235
3875
-4097
8813
9975
6554
8924
-2880
2635
-7726
876
1538
-3389
-3341
-4236
-9066
-9695
2217
5069
1121
-7132
6103
2331
-1932
-7114
-2090
-3889
7942
-8078
-3475
-6905
-4278
7989
-2378
-7228
8695
3777
4819
8956
-3778
7835
-3147
-104
-53
-6830
274
1251
-660
-1647
-8488
6304
9622
9347
-5977
7778
-7528
-8689
-3043
-4423
6837
3210
9557
9736
7950
2592
-1183
-1467
7392
7435
9845
-3730
-7688
8578
-5723
-7541
7187
-5600
-8890
7674
-5903
5206
-2741
-4537
-1522
-4783
-7546
8311
-6985
316
-3744
-6886
9710
-3697
-1343
8436
-9784
6697
5540
-6305
-787
7554
-2493
-3994
-3771
-4883
46
5963
908
-6320
-1639
1358
-2805
4305
-2228
789
-1853
-298
-2529
-3021
9555
130
-9070
4490
-5813
8985
-6530
-4588
-7443
4161
7799
-4667
-4555
-9784
-72
-9088
7730
-4902
-9690
-6965
5061
-169
5416
-2769
-7017
3122
4511
-3644
6223
-2645
1445
9116
4705
-7464
596
-3996
-3445
1584
-5504
6689
-1519
58
-2857
-9218
4327
4848
8448
-4271
1933
-3650
7224
1683
-3565
-1576
309
6076
4901
-6727
2133
2941
-3923
-6940
-2110
1085
-5554
-1170
-5144
4350
-2268
-6603
-7288
-4344
-516
-8013
9912
619
3952
3664
554
5547
8962
1114
1291
624
-44
-8360
-5620
1598
8977
-574
1133
-1563
6121
-3448
6518
-5565
-8355
7091
-7103
-2388
-7147
-1272
7568
4599
30
3348
-2731
-2264
-6584
1053
4532
5294
-4030
3039
-877
-8064
-5491
7033
-6133
-4414
1189
9330
2574
-3253
3011
2232
124
-7110
4159
-9706
-4408
644
5139
-9890
4324
9257
-4642
2026
-5152
-7747
945
-641
8488
9925
197
-5013
-9244
-6349
2769
3449
7106
7361
2521
9506
-5135
-7784
-3106
3285
-9023
-1995
3056
3740
-1254
2496
-5458
4640
2370
-7558
6688
-7969
5979
3882
-3064
3870
-1865
-9155
-1621
1588
3409
-1559
9815
-7665
6727
-4393
-2939
2052
-5110
1008
7303
-1181
145
-2295
2619
2875
305
-3381
-2823
9902
8206
6369
-6154
-4097
4612
-8793
-6246
-9535
2779
-2145
7056
8587
-2737
9617
8505
-5745
-8488
-5328
-4622
-5416
-8854
4693
5170
6347
-3588
1742
-4394
-9409
8643
841
-6418
8444
-811
194
-3046
-9274
9700
-1013
-258
-4216
4665
-3917
-8236
4081
-4585
3598
5065
1922
-7694
8383
8467
5656
-2561
5516
4783
-6902
-9007
6359
314
1653
-5562
-3200
8940
8311
-1604
-4163
-6729
-3740
2144
8030
-5045
2494
-6752
-6868
2240
-403
-1862
-965
569
-3007
7413
4355
-3012
5079
-5273
-8066
-6706
6274
-5581
-9726
-4781
1156
8182
-4073
7704
-4832
-5609
-8977
-5088
-3110
-9657
-7695
9449
-7460
-2703
1323
1960
-7646
2550
-1536
259
-7995
4401
2263
-7658
6733
3210
-3762
3913
5573
904
-5725
157
-8668
-5852
8921
6577
-6971
8968
3020
-7471
5685
-6218
3272
-1559
7579
-1303
3300
-8724
-8882
4042
7852
7966
-2028
3343
6032
-8915
-9499
-4988
6381
4009
3085
4192
-4957
4647
2104
5716
-8254
-1396
-4096
-507
2407
-2769
-7312
3103
9320
-8329
-3313
963
197
-276
-8007
6839
-8148
1981
-3586
-4665
-2576
-5078
-6982
3531
-7045
5505
6769
-1510
7898
9970
-1526
1122
-3290
9749
-7030
5367
4253
6951
-7964
-721
4237
3451
6402
7665
6318
-7898
328
2145
5825
6824
-870
-8450
-2072
-3115
8392
3825
-2990
-2110
3707
2999
9678
4025
-923
8992
-1781
-4658
-2427
5060
-319
-8403
-229
-9849
-6905
-783
-4197
2007
-1340
5483
-7126
7419
-4509
8825
9200
-8773
8643
-653
1528
2625
810
-2054
-7585
2736
6084
-8679
-1649
-8906
2241
6112
9982
-7547
2168
5779
-1640
-7610
7779
-8502
-4569
-3665
-9097
8433
1022
-933
8729
1115
9020
5250
7669
2133
-3946
-5322
1609
156
6625
9765
4066
9180
1667
-2233
-9271
8924
-7917
-6914
1364
-5235
849
-5976
2856
5274
-9776
1690
-3541
-2868
-6581
7438
6905
-7292
9292
1874
-5183
-7947
-634
143
-8484
1374
-193
-5556
9168
-974
-5472
736
-2804
3491
7803
-6651
-441
-8123
269
5475
2652
8110
-1914
-6442
-3619
9231
9879
7828
-761
-3397
9746
3538
9338
5160
8526
6679
8284
8455
-3134
130
5155
4736
791
-9636
-6535
9382
-7065
-9174
8360
-7042
4851
-2610
2522
-8721
207
7831
8915
3568
-8700
7698
3028
8690
-1654
3415
1829
2732
-7200
-1621
3728
-7849
-4536
3882
-4491
-5027
3944
-2823
-2846
-3840
2187
1199
7143
9959
1043
430
6530
-699
-7560
9095
-9593
-8799
1453
3974
-347
9187
7813
4326
1240
1864
-8688
-5859
-1991
-3355
8330
-2712
-7835
3513
5312
1905
1134
-4426
1703
-9378
-5051
-2044
2617
9242
-8930
-252
-4140
-3135
-1570
4895
-4903
-8540
3278
-2151
-5690
-9502
9311
8112
-2966
59
7678
-5219
-9353
-1451
3793
6130
852
5695
-5759
1550
-227
-8204
-124
6807
-2330
-2769
4582
-337
-790
-6019
5097
-8585
-92
183
5516
-4519
-8027
2613
-4497
-9546
8727
-1125
1723
4817
7456
-6935
-6549
2326
2129
222
-8154
5250
-5378
-5700
747
-5780
9233
-9006
-7567
7239
9208
-908
-4097
2606
6056
-1991
-7824
4460
6093
-386
-9683
1004
-6563
4970
-7506
9771
5486
-4366
-6305
3763
5272
2864
3550
-5538
230
5385
1580
-5032
8665
-5519
2467
-6614
5538
-4969
7707
-1468
6337
-6013
4541
4916
-3346
5005
7068
-5105
-4133
-4959
-4615
-6025
-9729
3804
-3883
-7041
4356
6067
8491
518
1664
5413
9250
-2500
-2388
-1386
-1817
2145
8999
6007
8533
-9126
-1957
2560
1642
-759
-5513
1117
2419
-9006
3922
6718
-6433
-614
-320
-8119
-3617
6877
-2461
-258
-9613
5831
-1053
-1511
9072
-9113
5579
4812
-8953
7230
3715
5748
-410
149
-1389
761
5065
1601
-1502
6876
495
4842
-7865
-2400
-8649
7033
-9738
4954
-6941
-9764
935
4790
-6490
8632
2355
-4861
-2550
9035
8864
-2635
-1643
-4354
3870
7448
8597
-7325
-7096
1740
-5939
-8408
6309
-5995
-3098
-7601
5208
-5826
2888
9952
9410
-5502
-4493
-7462
7274
-1636
2064
-3264
-6949
2763
-925
1000
-2128
1744
4819
-8793
-8578
726
-423
6228
2335
-5655
646
2504
7137
6885
-3862
546
5767
6071
-2685
-744
-9759
1780
-6907
1983
-9623
6257
7138
-5460
7047
4504
-8547
-3998
7755
3580
-9139
4436
-1783
8066
4045
3487
5903
697
-3031
-5998
-1467
4338
4438
-8933
-4270
335
4024
-3927
-7283
9320
-3773
6630
-5981
6638
-860
1677
-3097
9019
-1086
8850
-1398
-4057
-9197
-3726
-473
5055
-3502
5077
-7230
-3457
9047
-5990
-9485
-7178
8430
-5384
4037
-6722
616
-4269
1610
8832
-3169
840
3447
-8080
5996
8301
3042
8877
5951
1199
-8301
1048
-5796
-5377
5100
9809
-8370
-9517
7808
293
9026
262
8315
5501
4859
7725
-8857
1408
-2457
-7549
7495
-5096
862
-4794
7623
5301
-4830
4507
-9626
-2618
3609
747
-2337
-5332
9006
-3975
9772
5478
5109
5681
-3063
9366
-1751
8196
-1287
6007
-4542
-1107
-7163
-9184
3395
-7709
9207
7886
-589
-99
-2009
5731
7270
2218
-6491
-8614
7456
-3527
-6690
3383
-7605
9177
-1756
471
5404
7123
-2643
8826
7418
-7214
6178
-5381
6729
8439
9516
4789
-6705
2969
-3459
6055
-8622
-1916
5709
7263
2526
-1272
-4020
2203
-6466
-9549
-2923
-288
-2103
7124
-2910
-4093
3739
6498
9985
3426
2440
4343
7720
-4348
6896
-4052
2415
-9920
3570
531
-4900
5029
-3656
-9136
-2895
366
2262
5580
-6264
3842
763
-5862
847
970
4633
-2225
-8410
5578
-4806
1743
6976
6794
-321
8821
-1900
-7033
5933
9161
-2108
4329
-7737
8047
8246
-8208
8072
-5
-997
-5218
1402
7239
8953
-500
3
-5747
-5825
8584
-1342
2330
-2457
8860
-306
3177
-65
-6873
4015
3937
8026
-937
2749
-1017
-7724
-5026
-7214
9119
3718
-2566
-4376
2413
3874
-8624
4201
2961
-6422
3477
-9666
8049
-6593
-2371
8030
3030
-672
-2973
9445
2481
-9058
9526
4148
6375
1934
5679
6806
790
-9107
9231
3538
4672
-3282
-1660
-4996
-4497
1305
-6018
-2026
-3907
-4439
-1217
3062
-717
7281
-3284
5490
-3955
-1641
7087
-7797
8476
708
-6529
35
-875
-5634
-84
4589
9889
4641
-7262
-7752
8895
7464
3262
3001
-9645
-1380
-5590
2853
339
-4453
-7495
-9946
-8716
6358
5384
-8290
8501
-3535
-3131
-6709
-8290
-2963
671
-8113
-17
9993
-7051
9127
-4791
-3220
-6317
-8545
-6803
1855
4953
-1530
-1977
777
-6409
803
9915
-5719
-7987
7659
-7866
3081
-1882
-735
-1138
1078
-2622
-5967
5128
3362
-2848
9481
-2483
9438
1535
-3519
-3479
-3538
-2559
-5362
-7772
-6001
-8188
-6837
-7352
5552
9501
-770
-9008
1227
6224
5152
9687
2475
8164
3006
3253
-2856
8915
-5183
649
7595
-5998
-9878
1162
852
8800
6698
-6364
5253
-4213
-758
-3339
7733
-3402
5176
-8406
4256
-4199
8534
-7208
2188
2979
9705
-3059
7997
-8131
6559
1041
118
3567
1248
5156
5466
-5840
-34
9157
5493
3824
5827
4333
-2620
2037
4267
-4719
-2817
-6734
-2173
1393
2949
-402
-8998
3479
1577
-5138
-311
8752
9173
-4671
-2792
5554
-4688
78
3230
-7271
6641
8457
-9885
3638
4470
9861
4347
893
2832
-2555
3571
-5568
1407
-5526
-4311
1088
5705
-4827
3692
-4039
-5668
7871
2136
66
-9441
-3267
-2600
9751
1153
3369
4387
4972
605
-3382
-9319
278
-884
2366
1015
2811
-7371
-983
-5230
-7253
3599
-6308
-9940
-2637
8522
-4764
-7989
-5969
-7430
-8665
2726
-695
-7499
-7742
-8207
-5520
-9308
-6436
-3928
1185
680
-1729
8705
3177
5572
5226
-7498
57
2549
-705
-7353
8532
-2318
-3571
943
8857
3799
-1022
1226
6725
-9643
-5315
3599
410
6582
581
-4379
-9395
3199
-2819
-1234
-5608
6523
8646
1220
-9167
1940
-1933
6393
5841
3174
1599
7392
1679
3257
3002
619
-8221
3532
-7542
178
8924
-1497
-5136
-7222
7337
2413
-8339
2384
6704
8849
6510
2879
4107
-3134
5767
689
7216
-494
8273
-2070
-5697
302
-83
5187
8185
-8299
7269
-7555
4941
-1375
-6649
6467
-7008
4579
-775
9834
-7287
-3051
-5623
-9546
-1899
-2233
-6711
-4218
9822
6495
6905
-3169
1132
-804
-1096
-8092
9232
-3512
4802
-3709
-2040
3915
-8006
-8547
-4917
-8476
-1176
2782
-1240
4545
-4737
7667
-8211
-7189
3530
-7778
9582
-2339
-8053
-4917
4054
6044
-6282
-3055
8291
8248
-4144
3471
-9423
-5142
-8431
3042
-1120
3626
-884
3506
2366
-4802
6070
7395
6488
4629
-1739
-1600
-3329
-19
8755
8958
-8840
-1191
6609
-7091
4372
1474
-2620
5779
2583
-5461
603
-5330
6703
4155
2445
9409
1748
3741
-9264
8955
-8437
-5318
2054
5626
-1732
-5249
6839
5358
-1770
-7917
-8838
-1743
-7682
-1776
-1171
-3662
2916
-8702
958
-9976
-8082
-1937
-7765
-3159
-9051
-6774
4959
5316
9057
-1851
-4768
6293
-7057
-6660
-644
2607
5720
2323
-686
-5512
6479
2592
-7233
-5040
-4472
-780
5267
6995
-6206
7275
-1609
355
4726
3570
4003
9489
-9057
5720
-7068
6044
5030
-9581
-9516
9508
-1274
6492
806
5384
1539
-2074
-7697
-1237
3576
5301
-8170
-5343
-1239
-4986
6963
-198
-5847
1713
-7306
-8382
-8173
4339
-1457
-3147
-2976
-3361
-3388
3562
3240
-1240
6347
9464
9879
7721
5676
2991
6936
5519
-4043
6774
1438
9115
9318
-8821
-5039
-8674
-7602
4611
-9026
-3894
-7880
4384
298
7623
8411
-7734
8531
-333
5914
1529
5114
-9071
-4770
9395
6429
1557
1887
-99
8431
3690
8038
-9401
-6990
5095
1614
-4202
-9927
3333
6116
8462
7516
5992
64
-8304
8617
-7400
8808
6954
7564
47
-8311
-7909
4156
-5099
-8318
1968
-3933
-4824
-9946
-4169
4211
-8893
-1394
7261
9269
-9137
-8609
-3125
-5867
4882
-3031
7904
-5511
-184
-9884
-1491
-7574
6813
-1924
9586
-3580
4531
3520
-9326
2164
-8576
-6673
-5329
6447
-6490
-1839
-9107
4867
-2957
3511
-8145
-4065
-2770
7265
1631
3779
4819
9748
301
7370
5926
-1994
-1566
-2040
-6822
-2500
-7736
1924
-132
132
-8611
-5000
9048
1417
6861
7566
-7064
-3536
6114
272
5233
-6341
3009
8305
33
-7576
9798
1368
-7260
3939
5001
2006
4759
5618
-5973
-5486
7217
3222
-1857
8249
-6471
-3299
3436
-1417
1537
3192
-1354
-2115
-4186
9713
-5278
-3145
-1159
-9208
-6448
1111
-5666
-7989
7954
8486
9644
4059
8619
-5411
2835
-4168
-6154
8034
-5102
-1744
6035
-7484
-2836
-8103
-91
-9988
-3504
-4233
4441
-4148
2021
-3213
-5991
6273
3723
-7050
-6480
8744
3740
542
3066
2293
-356
4616
870
-6582
-3956
-2369
427
2494
-739
-1155
-969
-1324
2798
6109
1283
1648
-8359
6299
-9431
1928
8647
3381
-6146
7135
7299
-4684
9728
-5150
5264
-6685
-3808
8909
-5176
-6834
-7806
5761
-6308
1664
-5609
-6399
-5716
9923
1451
-5656
-4977
-4236
-497
-7243
-2909
9187
2938
-807
2412
289
-2280
6190
8254
8354
4715
3441
-6358
6732
-3794
-1370
3319
-9548
-2502
-4550
2819
-973
-2671
-6105
-4258
-7632
1619
4637
-7494
1266
-2830
-4818
4645
-4913
-9162
4108
-7829
-1803
9643
-3970
4750
-8771
6481
-2950
-9003
-5804
-9293
-5919
-940
-2231
2508
1675
5293
2244
480
2945
-4361
3056
-1322
-283
9729
-4091
-9269
-5210
-8096
947
2235
-3672
5688
-9764
6155
-1011
8796
7648
-3206
9962
-9270
-3985
7735
8551
-2242
-708
7203
-4058
-5384
2257
-1278
-4602
7367
-9601
-2036
-3619
-5378
5355
-2346
8174
6395
8689
-5919
-8150
195
-9107
8755
7834
-198
-7255
448
-7622
4101
-4706
5960
-2572
3657
5109
6497
-486
9184
7792
6083
6693
-7147
9492
1647
7758
1964
-3933
8076
-7830
3418
6678
-2906
-8766
-2425
-6503
1393
288
-444
-5939
-3047
9093
-8171
-9488
-6412
4353
8785
-8635
-3934
-5248
7111
9890
-4482
-940
-1009
-6697
-8604
-598
-7771
-523
4621
3633
-7864
4387
-402
-1296
2881
-3368
-8356
-2390
4678
-9666
1761
-8330
-8595
2446
2414
3232
-8508
-3705
2318
-1245
8698
756
-7112
1603
-4742
-7353
1674
7199
6619
1480
-5580
9028
-820
4710
7456
8662
-3561
-8984
-5915
4922
164
491
-3812
4764
1148
1980
7092
-2737
-9431
-4953
-8802
8434
-6548
-1450
6902
2908
7292
7498
8245
1834
9000
6811
5652
-6632
2624
6073
7454
6280
2657
-9662
5524
-9442
-4188
-2345
9100
4257
-5986
6637
-2123
9902
6743
6349
-2787
1939
-4314
-3298
-6175
6333
4716
-8590
-8795
3001
8234
-9090
-4824
-9350
-7172
3328
-5616
-1943
2604
-9180
-2190
-7061
-7475
-9816
1970
-222
-6547
5225
4795
-2390
-8115
-4606
-7304
-6287
8780
-1397
-5889
-9678
8663
-2101
193
-8604
-914
1758
686
2530
4919
7154
-1431
-8420
8471
8628
8283
-3977
-2813
5710
-4155
-4828
-119
1520
8514
9936
-8058
4919
5078
-7046
7927
1516
-4714
9605
-909
5093
-8865
-677
8083
-4384
-9940
-2720
-5174
-7434
-7062
-9936
856
-9452
-9973
1015
3187
-6174
2813
738
-7705
79
-1651
-740
4433
8788
8716
606
-4936
-3598
2906
478
8349
-199
3222
4265
-9375
-9472
-638
8660
-1563
-9533
-3324
3002
-6736
-5310
8651
4368
-2979
3761
-3742
5455
-4836
1862
2252
7723
8981
4231
-2382
9963
7431
-4322
4355
-7287
-8811
6631
-8525
5270
-7846
9129
-2804
-552
5759
8334
1556
-1245
568
267
-1917
-573
9442
9320
2440
7381
-4054
8093
123
-3908
-2557
4416
4746
9902
-5238
-2566
7249
4898
-7219
2980
-2199
6895
-8178
-8164
2859
2295
9498
9229
3020
6
8220
-2842
2625
9469
59
8300
453
8681
-1331
7843
5710
4584
3660
1787
8523
-9653
760
-4304
2042
-9330
-9206
-9136
783
601
3692
-3429
-8699
-5328
-5476
-2891
-763
-7898
5259
8965
-1408
4870
7073
-3825
-1861
-4686
7924
-5903
4472
1078
-1709
-1796
760
7917
2999
2148
-6607
8850
3466
7361
-7976
7472
6705
-7301
5783
-6965
8175
2245
-9217
-561
-6320
-1076
3060
8454
5991
-5011
-398
7588
-4699
3023
-4211
4422
9001
1145
5155
-7046
-7715
-6312
5732
9468
376
1231
-8750
2955
313
-4743
-7230
7291
-4224
-5523
148
-7392
-7065
7546
5523
-3850
2078
-3420
2461
8534
-8848
9435
792
4782
-596
-9257
-8502
-2499
2265
9672
7744
9293
-2090
6297
8660
6264
-8795
-9472
4273
9960
-3371
-282
-5574
-1077
-9467
3956
-8232
-2764
-4094
-4746
6505
-9797
-696
6747
-4781
-8319
9590
-186
-4726
7031
-1437
5400
-6214
3338
9141
6916
8059
-6010
6763
6313
-6192
5739
-1621
1326
7208
7532
-2745
-5352
538
1026
8450
6005
5566
-1458
451
-708
-9580
-1351
8234
-2866
-754
-1797
-7445
7850
-1317
-9262
9297
-2742
-3124
6672
3866
-5793
-3193
-1047
-354
1968
181
-9565
-2981
-3645
-4664
-3057
1561
-544
-2122
9034
1634
-2650
6442
-2919
-6321
-5650
6531
-6321
6283
348
7073
963
6384
3061
-5937
1324
-1264
-3142
7797
-6513
6744
-4946
-4557
9647
5247
6422
9097
346
-2816
-9207
5449
1727
1949
-7056
7578
-7244
7268
-6464
9853
-8046
1153
-7634
1878
9065
7454
5865
-9364
8623
-2858
-6272
-2999
-2594
-9258
-8903
-5273
4200
941
7748
-2844
9507
-8685
-3969
6674
7574
7568
1785
881
1498
8658
-7971
8783
3254
-4264
6150
7405
-9086
2970
107
1582
9363
-4548
4936
5331
-5271
8472
-9253
3631
9554
-6331
3734
-5618
5268
9247
5746
-6282
7031
-3076
7757
8866
-1083
9734
1265
690
9367
5559
9363
6156
9174
-7634
5301
2518
7665
-1924
-1335
6684
-7014
-2200
-2641
596
-9801
-2877
759
-9969
-5163
8641
3703
4770
-3962
593
-1457
2636
3920
-8579
4
-131
-463
5228
4160
-3248
-6464
-3921
3244
1436
-4726
-6045
-3704
728
6255
-4877
6164
4850
-3819
-9606
5412
1940
-9134
-3708
-397
4998
9462
-475
1100
-5839
3275
-4013
-5804
-7228
2290
7155
-3301
5018
1168
-2702
1441
9573
3221
-3322
-8802
-2637
-7002
-3882
-6331
-8472
-7702
6887
-8266
2249
3150
5642
1513
3809
9402
1239
-435
-684
-5537
-6124
7933
8856
5990
-702
2495
-9722
6599
-7400
2339
-8917
4908
3845
-7514
-4295
8551
-6467
4634
-1866
-1254
-6243
1536
2014
-639
6905
-6826
-9267
-5969
4011
2418
8882
5315
-7632
-4994
-3277
-9278
5212
8579
9967
5880
2024
913
-1636
3579
-5373
-2533
-7816
-4728
7844
-830
6889
-8531
-4620
5900
1348
-1146
6065
-6346
940
9300
6148
-7068
-9838
-9950
3934
-9344
8427
-7362
9948
-6485
8351
2829
9178
-864
-2280
694
-6840
-2001
8346
-5477
-9744
2908
-7660
97
-800
2342
7451
-8896
6135
6103
4270
-241
9629
5944
-43
7718
3295
6233
314
-1480
6731
6559
5993
-2394
6341
-3148
4914
1258
-3773
-8864
-9130
-335
-2189
4026
3298
-7052
-8212
-7414
4707
4536
6479
-138
-1877
-9280
8216
-701
2661
-8170
1543
-1249
6946
-1377
3513
-8321
-2953
4501
-2943
5634
4572
3714
391
-7018
-4318
-2170
-4407
3888
807
9950
5310
5226
-2651
450
-2528
-7405
4897
-3045
6891
-3411
5925
-2319
3535
-785
-9786
1083
-8874
9462
3402
1576
5431
8221
-7341
3225
-9401
-7030
-9590
-6966
9534
-3421
-264
8310
5385
8514
3499
1435
1872
883
-5152
-4712
8622
-4157
-3763
8151
6955
-8685
-9976
3606
-7644
258
-9058
-6344
3680
-6039
242
-9160
-2870
-4626
248
6287
-9806
5526
-7965
-925
-2293
-9003
-7556
-422
9226
1298
7019
3725
-6292
-6714
-9842
-2050
6911
-9884
6457
-1971
-4588
6806
189
7199
-2898
7311
1746
-774
9981
-7822
7628
8254
7160
-9636
-6105
864
3301
148
1792
7014
6930
-266
-8357
-8046
9775
-2200
-6830
-8520
5633
1938
9837
-5790
-7502
6936
1430
-1384
3329
-7497
9195
-549
2555
9392
-9294
5815
9177
-3657
922
-2664
6466
-4331
7483
-739
-2736
-8739
-5924
-4580
5877
8489
487
9289
2994
-5036
-2095
-6288
2468
-733
333
1819
6822
4032
423
9128
-1993
6021
-3782
-4400
-3664
814
6081
7136
5742
9377
-1366
265
-2649
6258
-5952
2600
-3664
2297
-9055
5186
6458
-5428
6881
3685
-4783
1728
-660
7870
-3127
6390
6013
4083
-9086
-8178
-6828
-567
3617
5190
3159
-2009
-3396
9515
3661
-7109
4513
-2033
-7702
2644
3228
3664
8810
-9471
-3745
3294
3297
-5689
-3180
5803
4683
-8901
-7902
-574
3068
2857
-2999
-1772
-5812
1967
-1517
-9816
-9193
-7906
4068
-2585
375
-3974
7047
8598
-3465
2341
3158
-3595
2673
5976
-621
2817
7701
-1117
2299
1187
4898
-6896
3223
5931
-1049
9934
-1758
3156
-9731
302
3860
-4006
-4314
9135
127
-7293
291
1888
1833
3745
-317
-4001
8100
8755
5018
6083
-8183
-7285
-3143
7591
3127
-1827
1867
1467
1745
3798
3752
3830
-1001
-7568
37
7048
-2686
211
8187
-2333
-7288
-2158
5048
9585
3478
-7430
3770
-2783
4040
-851
5330
1532
-2652
2125
7701
6931
3693
1999
4466
-7554
5715
1593
7594
-7578
2542
1621
5852
-586
6262
2751
9731
-6445
2281
-4882
9111
6194
324
-277
2702
-4741
-6542
-1333
2322
-5663
2739
6116
-8565
-4752
-6757
7556
-9242
7708
-1629
-5812
-1011
3461
4122
7166
-6697
-3985
1461
-4546
7156
-2214
4092
-3406
3383
-4685
6269
-250
-3430
-9652
1158
-2310
-8349
-6969
-5264
-4851
-2908
-8561
5421
-5286
7171
5114
-7201
9732
-6973
4239
-7827
1092
2773
-992
-6236
-8953
-459
7941
-3945
1508
3439
-6663
-9309
842
-2891
8248
6190
-1521
-3356
-8329
4232
-8813
-4113
-8673
-9598
-7883
6241
-3040
-6024
-156
-7815
1570
9729
-575
-1879
564
-3643
5310
4640
5933
-783
-5324
4392
3393
3107
5480
-2512
-5556
-5122
4155
-8206
5139
-4701
4120
-6649
2725
9717
-5152
-3231
7455
-1570
3112
-2215
-9648
-8556
-2395
-1982
2046
-5353
9005
-8471
9310
9607
-757
6004
9037
-6901
4028
5678
8090
8150
7605
-2760
1000
1354
-6684
3460
8624
5300
2751
2755
6742
2808
-8820
-1905
8831
-5344
-3766
-1568
7189
-1178
-7941
6262
5641
3961
-3190
-507
6976
-7759
-7189
-8436
-4310
-6816
1631
8624
-3743
9861
-925
7705
6446
2827
-7453
-8705
3114
-4831
-397
-4144
1320
-1308
414
-6315
1852
-201
4089
-3688
-982
-171
3673
-4955
-2854
2486
-2652
7712
2209
-6809
300
-1288
2337
-6719
7672
6389
4660
1453
6516
8824
2075
-9055
-3016
3836
4454
-2981
-882
5540
-7858
4889
6942
-7352
8460
-7366
4637
9717
-4404
-5852
-6635
-5625
-9841
4477
-4892
-6459
-560
-5611
5366
7261
-2008
9385
-5736
-1384
-4618
-6744
2758
7978
-6689
1959
-7457
684
1420
1839
9557
-1103
-822
1712
-1530
7750
-2073
-2191
-7906
-3538
7274
-9122
6581
-4017
9544
-5178
-1051
8646
2472
5774
-7397
-8346
4286
9191
7642
7653
-163
3057
-1290
-2730
2476
5378
360
-9600
-7698
2884
-6743
-3622
-5560
1372
4968
-2458
4689
-967
-5126
-9388
3029
-3309
5712
-6335
-5303
-9748
-2378
-2964
-3337
-6385
-7352
9017
-7150
-6177
-2479
895
-4358
7393
2867
-2575
3717
7750
7939
-9168
-8796
-9639
7905
-7213
-8176
2719
-8677
4761
-9830
-3228
6300
-997
1153
4304
-6511
-2917
7046
-8485
-3542
8868
-3784
-4593
-4856
8801
2439
5927
5199
-1751
-50
-4627
-6112
8716
-2431
1537
-5772
2682
-4869
-4453
7704
2914
-9723
4604
-156
-4814
5224
8129
-5727
-2469
-4799
-8591
-919
9138
-8930
7231
7889
-1826
-8572
-9734
-3837
9993
-6285
-7681
-2979
7333
8487
-7557
5087
-9123
-8129
3770
9327
4461
-4536
-3942
7290
3542
5281
7724
9756
2539
3077
5108
-6351
-6188
-837
3551
9691
-3710
3086
6689
-4717
9747
-1121
-4311
6020
-354
-4621
-5663
-4279
8426
-4534
-6576
-3007
8749
-9546
5528
1817
-8968
9610
-7815
-7687
-9249
1168
-4855
4771
-3027
-4952
-6213
8284
1139
-2294
-7144
-5352
-2848
9272
532
-6580
-8813
-1150
-1603
1857
8059
1689
4156
-8209
4175
-1772
6698
4996
-2095
5842
6653
-2908
8319
9111
3887
-2672
4109
-6076
-1346
7489
-645
-6497
-1684
2726
-1353
-2819
7818
8649
-8664
-8195
-6625
448
-7608
6919
-9426
3234
4063
-9148
2436
1971
-5589
-1214
-2840
-8565
7748
8717
-8466
-561
422
1839
9195
5779
-3442
5281
-1914
1383
-2186
6233
2337
8749
9610
6096
-6883
4214
6368
1449
-1287
-3454
-870
-2252
-5737
-5063
3274
3149
-4032
8432
-7113
-2021
-7190
-1141
-9204
9280
-4179
-7523
-5564
-7962
-7647
-1161
8364
875
-8776
4614
-6351
7100
8884
3017
8246
8616
-6606
-483
5181
-2139
-8159
896
-9380
4985
-5062
-829
-5385
-4022
-6948
-6396
-3528
3259
6661
2244
-9597
-1948
-7196
-1651
-6572
2928
-5207
9786
-2040
9295
5531
-6425
2610
-73
-285
-5482
-5283
-3725
-406
4356
6596
4284
7617
2593
2633
-7423
-4941
2230
-7196
-6929
4691
-4631
8450
-1788
-7113
-2978
-6264
5677
138
-8007
-1592
-4084
-640
7011
-3743
9386
5878
918
5207
-1161
-4228
-391
6133
3825
-9297
4507
-6190
7194
6504
-3716
9528
3211
-515
-754
7056
-9100
1098
6268
-1955
-9257
6656
-6684
-7519
-386
-6779
4238
3684
-8063
6482
-8081
8886
9049
7765
5548
-4517
-5468
3864
6037
7626
-2035
2051
1909
1396
3477
204
-2942
-7317
7996
8749
5472
9593
6969
2102
-9129
-1846
-6596
7013
-9373
-281
4090
4829
-5341
-9569
-4928
6925
1039
5814
-2276
-8909
7966
2358
3000
4131
9601
-148
1781
-1028
308
-4411
-692
2509
5378
-8483
-2124
-9505
1019
556
8371
-3016
-6464
7785
-1634
-8170
8545
-2406
-6055
-1681
2515
-148
2124
9538
5022
-2390
-9476
144
3412
7892
-8808
-3531
-185
618
-6575
-4402
9701
-6509
-7408
-9176
9823
-1559
-3151
-4209
1835
-8018
-4617
-7803
736
-8186
9945
8364
3284
5632
8304
-2495
-3426
1045
-9929
-6847
-3901
-9033
-8372
2889
-1937
-2663
7112
2429
-5527
-9737
9047
6891
-7762
4481
-5958
5226
7100
8994
-248
-7805
2778
54
-2701
-503
-9575
-3686
8470
4190
247
5860
383
-2918
-7961
9330
2034
-4915
5607
8577
-4061
7238
-9121
-8268
5269
-6273
4264
5995
-8675
4249
-3105
-4982
-6099
9369
-8650
-1790
-7211
-341
-5003
6043
7049
-9117
-6557
5629
9265
7936
-453
5728
1569
7176
-7003
475
-7798
6974
9338
-6844
-8176
2543
-4907
3367
-7467
1000
-6858
-8937
6258
-2487
478
4814
-84
-3595
4676
6769
4058
-2624
2913
-167
-5376
9324
-7890
1870
-6983
5250
-1095
1348
5464
2233
-9960
-2276
1601
-9370
-523
-5132
2498
6242
-5244
-8936
6134
-5282
-1741
814
846
-7155
-1378
2125
4828
-2805
6261
2490
6181
5126
-6049
4578
1536
-3417
5821
-6187
5252
-5500
5454
-8766
9551
7752
5725
1307
9263
-3523
-3262
-8853
-1448
7198
-2589
-3534
-8877
3090
-2855
8533
-8820
-2646
7003
-1560
907
-4772
274
-2086
-5383
9579
670
-1724
-7807
-8441
-5710
9121
-3550
6899
2500
6282
6976
1110
-7012
-4372
-461
6326
8117
-1196
-2418
7706
3322
716
6091
-8491
4238
9276
9408
8267
9084
881
6378
3356
210
9417
-5956
-7616
486
-3633
-7567
5699
6563
-4359
-429
8500
-3034
-1652
-8746
-4184
-9292
-7971
-6300
-6332
-5322
7445
-1760
1472
-5301
-3619
-6137
-5360
-4039
1925
-4817
8341
5906
6075
-8907
-2090
6395
7612
454
4140
-1874
-57
-5021
3325
-6212
7521
-1780
-3930
-295
1503
2998
-1974
-2612
9794
680
-8922
-4489
5358
-4102
-5478
-5502
8382
-9442
-8112
5682
2003
-6475
-5752
-520
400
8697
4667
-369
2060
9351
-438
-1078
8478
7698
-911
1104
4589
37
-1165
5931
6291
-2117
2575
-9522
-1476
771
-2507
3071
-2608
5616
5426
-5125
6709
-939
5259
-1221
4809
9199
-2985
1986
-6434
553
1174
-220
-1211
-5015
-2399
-7984
-860
-2290
2303
6801
-3708
2191
-6310
2271
-3186
3971
-1242
-128
6644
8869
9546
8927
-161
-9159
-2943
-5461
-7436
-508
-1898
8165
45
2143
1595
2659
5436
9645
4237
4653
9888
-6587
5458
760
233
6586
1710
-4840
-2709
-7562
-1602
-6252
6541
-6896
-8573
3144
3745
2611
7369
2157
6796
1460
2439
-8109
-8713
-9158
-8663
-8741
8359
-2776
-9067
-6168
-58
-6991
-4638
-5228
5912
8207
-5977
3190
-1553
8649
2275
1310
9971
-1923
632
-1901
-5155
9073
848
9083
-8134
4371
-2993
-809
-1908
-7676
7145
-9717
3242
703
3948
-4683
-7402
-8938
-6986
684
-9648
-6362
5974
9900
8799
4285
-7191
-132
-9742
1965
-1514
-4296
499
-9449
3466
9289
6971
2972
1840
4762
8011
-5401
4107
-9501
-1850
-8294
-6275
-9861
2726
-6220
-8383
16
-189
5876
8528
5455
4266
9517
2472
539
540
7037
-3800
-219
1900
3593
-1169
8920
1544
-7716
-7652
-2766
-8125
-6923
-559
-8099
-1669
8581
-1198
9869
3889
-5221
-884
6322
5446
-9481
-412
-1039
-8137
-3588
8594
8093
2211
3919
8507
-526
-7153
5319
8266
-2883
-2694
-9329
7989
9601
468
7824
-592
5525
-5437
-3067
-5030
8414
-5743
6395
-9373
-4232
1707
-9730
-1379
-7314
-3542
2357
-9354
-3500
-5718
-7827
6084
-6384
1580
1602
-5413
3465
-8135
-4874
8077
-9423
9702
6494
1845
7113
-6236
-9568
-9252
2753
-2173
5710
5219
-9759
-7195
-1377
-326
2023
-5954
-8963
1317
663
-4089
-2824
3834
-8393
-1790
-7662
-3331
2479
8635
8768
4515
3750
-2441
-8291
-2936
579
2000
945
4622
4271
-72
8982
-3124
5822
2974
1714
-842
-1760
4188
9342
-5199
-7276
-8759
-655
8293
2814
715
582
347
-9570
-9294
3986
2288
2755
-9505
6399
-4398
-4497
8231
-6515
-6040
8943
-8336
-8517
-4540
4888
7294
4070
7252
1074
7743
7595
-8557
-5365
-6483
9279
897
9999
803
2722
2489
-1580
9473
-4828
9552
-5843
8633
5844
-6540
8786
9141
-3101
-7490
4465
3710
8929
-8369
7426
-3439
1854
-2754
-3761
-536
-5036
7813
4514
-8091
-3796
6408
-7394
-6439
5635
-27
-2234
-4228
-250
6457
-9860
8431
3486
-5288
3459
-7475
9130
-2495
-8955
-1498
3978
-3146
6867
5113
9092
3551
9059
1911
2853
-3712
9713
-5422
-584
-4397
-2305
-7989
4233
-5707
6760
6272
-146
7268
2243
2708
3064
1211
8249
-4979
-1975
690
4722
8278
-5081
5345
6118
-7438
1330
4834
8546
-4522
5869
-9438
-7773
1852
2463
6075
-8466
-7579
-8850
4393
-6667
-6398
5340
-9724
1899
5625
7898
7261
-9181
4905
6967
825
7293
4058
-6009
-2710
7033
-8679
-4725
-2080
4972
-7389
-3182
3206
1056
940
2762
-4849
2667
537
-5222
668
-813
3540
5110
4414
-9658
3567
6451
-7483
-8540
9306
-1265
4993
-8484
-3228
-3506
7616
3792
-618
-101
7713
-6991
-1287
9827
-3411
2540
-4179
-204
2586
3874
2519
-5846
-1761
4928
9525
4796
9021
8899
9366
-746
1910
7711
-8908
8417
7208
-4400
-8427
-5750
-1781
-4994
7607
2158
-5032
-9600
3790
-2547
-5693
7770
-4215
-3960
3720
-2669
4180
-3604
-9448
9490
8834
5972
5890
6208
-6980
-6957
-1912
-9663
-6846
-6837
-2514
6334
-3136
-3335
7615
-9449
-1677
3036
4995
-6780
5149
-9029
4998
8487
1145
-8613
9401
-8551
-4431
-5568
-2665
1365
2090
261
189
-4687
7913
-9914
-3321
-1736
-1920
5019
9869
-933
5736
9088
-6921
-6405
6520
9288
4858
-3878
-9425
-1971
-2453
-8603
-7524
6324
-6370
2296
-340
5716
8927
5288
-1419
-7984
4608
-5
-3698
-3648
-3752
-6006
7575
-6617
-1543
-362
-4759
-6753
-3468
3440
5616
-5136
7926
1918
-4897
-131
7577
6224
2470
-4839
-5153
3315
2614
4038
38
-9446
-1061
81
5117
4361
5358
-1179
9875
-7759
-6817
-4530
1220
-8718
-4123
7603
2140
9757
-9115
3863
-2679
1186
-6052
-9836
-7180
-7638
8972
-1110
-4572
-8791
7055
2578
3577
-685
-8482
5470
-5215
5858
-7755
-9521
7716
-924
1266
-713
-6411
-3588
-4689
3908
-6597
-7304
-7261
8180
1772
-3959
9423
-5405
-6960
-7767
1551
2991
-2237
8337
-6720
4751
9410
5490
-7791
6536
-1213
8349
1326
-9278
5658
-5078
1534
-194
-6349
-6609
3547
-8412
-7356
7151
-4290
6257
7781
6706
-8899
9704
-11
-9232
-3951
3991
-642
-9777
1418
2351
1534
2041
5676
808
6905
-792
5384
181
-957
8432
6933
6399
-7947
8527
-6992
-3706
-6153
8122
9158
-2055
8945
9802
-7186
3116
2958
-1832
-9415
-2046
2067
9642
-777
4841
-1703
-5705
-716
-1737
5424
3716
1458
908
3589
166
5170
-9060
6986
-9728
6650
7606
-2884
3904
994
-3087
-194
2840
-1009
8907
-3141
-1829
-1517
7832
-8615
-4116
7067
6852
-8629
-9825
6697
4102
1352
-6721
994
-5761
7213
610
4889
7158
8036
-584
5606
-3199
-9950
-3153
5796
4075
5202
-5282
-1837
7643
-8986
-3232
-9749
-3067
-9997
-3939
-1308
9877
902
-5601
372
752
3576
-3078
40
719
3102
8347
3257
2902
-311
-5037
-964
2175
6126
4047
2149
-5617
7367
2843
-1924
-5161
-6358
2534
8945
1120
-8202
3181
-8354
3078
116
-126
6764
7533
3237
-744
5081
1027
136
-9276
1036
-3706
626
-5343
-3191
8289
6093
-3355
2073
2399
-4562
-537
2716
-756
12
-969
7875
-1125
-3751
-3789
8476
2092
-3060
4405
5370
-6721
-2434
-7483
6459
-66
5184
8174
-6136
5118
6592
4847
-200
-6779
-7626
-5589
-1433
7692
-2895
4310
-3378
7187
-626
128
-266
8321
-1684
-5318
9971
1974
-687
8385
5297
6323
-5446
7372
3835
2303
-4096
-7053
9106
6677
7350
-710
5963
-2246
6739
7812
-1071
548
-9739
3691
1443
6717
9004
-5609
-6899
-1345
4767
2126
9525
-2003
7234
5481
7142
-8870
-9144
-2843
-7934
1564
7870
1993
-1852
8483
-4173
-1417
9315
4745
-7275
3941
-1456
-3708
9339
9431
-8189
3186
-932
7392
821
-8566
-6181
2733
1960
9930
7152
-4468
2214
-1731
-9670
-5581
-8673
-1869
-5130
-9879
-563
-5496
-3719
3264
5010
9474
5735
9040
3139
5949
-1977
1582
6685
1159
4163
8499
9464
3910
1896
9586
3592
-1699
-8663
-8494
5861
1222
-8799
7363
1989
4287
-41
-9831
-8895
3821
-9389
-5082
-5157
-6751
-786
-6065
6487
7182
-7473
-3485
9465
6478
5262
8087
8883
4235
802
-1092
-4698
2453
-9207
-8274
467
-9081
-2706
-7430
1219
-9314
-7512
359
281
8360
545
8167
6943
3828
-6454
-6478
6324
1144
7931
2607
-8853
4835
2797
3221
7665
-3870
-3305
-8447
-3769
5786
8312
-4211
2464
8544
-6883
-896
1134
-217
1971
632
610
-1958
6746
-6564
-664
-3646
8650
-1727
4763
1661
9094
-2765
-2026
8475
-5844
2346
8099
-2455
-8853
-2345
-560
6129
764
-1898
8930
-6290
6539
-3713
1888
3617
8411
-6475
-6242
5452
7963
-9163
3471
-7061
2457
6366
9015
5737
-2039
9626
6171
5138
-4397
-6157
-115
-9393
1206
7076
-2725
-3451
-1710
-6913
-9416
5762
7136
2099
-5440
2673
-9179
8634
1403
-6095
7982
4346
5644
9889
-702
2985
-4085
-1200
947
-2274
-8428
-5660
-3871
8105
9469
270
-2508
1964
-7168
-3710
9013
-4584
1682
-8015
3367
-5756
727
3183
-7058
313
5961
2163
7964
-493
6358
121
-992
-5105
-2179
7590
-5816
2144
-3950
7966
2919
-705
-2991
-412
-551
5166
6151
4913
-444
-6111
8354
-4831
1726
5174
-4445
305
7885
-198
-9941
-2390
-5807
-6556
-7100
3235
5546
-5554
5939
9043
9896
-2355
5105
8135
9294
434
-8501
951
-3101
3314
8478
-2404
7973
9045
8681
-852
5187
6061
-5664
-9697
1990
-8564
-98
-4328
2200
-5652
-1746
-5730
-3908
9375
732
574
-3479
499
-9918
4336
-823
-4048
1076
-5779
5391
-1073
-1662
-378
-4299
4081
2746
-3523
-4087
4446
-389
-1556
-6065
7058
8819
-3900
-6561
2188
-4878
-12
-2717
7481
-5441
-3731
3672
-4680
-1518
2821
-9265
-1510
927
-2104
-7610
2470
4556
-4953
-5720
-2674
-9444
5688
-338
-2757
2415
-4686
4799
-8648
3617
7522
8139
1921
3975
7435
-2384
7544
406
9890
8200
7593
6108
9963
7919
-6404
-1442
112
-3498
2000
-9202
1783
-8570
-8264
3424
-464
1263
-1705
6720
3540
9203
-7876
-7101
6035
-5299
9214
9426
-1501
2517
-4286
-7833
-5070
6958
2692
-5174
689
4501
6158
-3296
8421
-439
-9267
9719
-9325
-6387
-7738
-4067
-7146
4418
3722
4729
609
1026
540
7242
-6849
-2371
-2038
6164
5172
-4403
-6050
3948
4274
6601
9446
-3971
9541
3280
-3423
6943
-2835
-6967
-7454
-1431
-2462
9974
8940
8943
-5332
4258
6349
9691
-2503
-7330
-1553
162
1828
3469
-6056
-4749
-6435
8189
5353
8226
7343
-100
6068
2421
-5658
-9036
7621
3090
-1540
-5971
1662
1005
7121
-9475
-2102
-8049
4089
-3677
1354
-9675
9888
723
-4644
-8592
5244
3388
-6875
6483
-4190
9946
8470
4483
3097
-6621
3452
-1498
-4566
-6699
-4508
7815
3849
9086
1484
-8490
6815
-7988
-4461
-1398
4068
-1752
-6321
9413
5723
-1247
4011
-6667
-6855
-8941
9848
6704
2757
-942
-8746
217
1580
1721
-3356
2030
4139
-6510
-5812
-6656
-1629
6494
-8020
3222
-7056
8471
-2278
8609
3965
-4618
2211
-3507
9788
-284
2319
-472
-8007
-2424
9905
-9782
9662
5268
27
-7154
5161
-6879
1656
-4806
-1240
-370
8498
-7665
6898
-6936
-3742
5294
5719
-4290
7673
-2774
-1334
-7334
-804
-3352
1228
1166
-2912
-86
-1878
-7950
-8392
-5218
7571
9633
9624
4263
3015
-5514
1762
-1298
3541
3311
-3322
-3805
-2714
4378
5191
-6725
-940
-6072
9115
3215
-3050
8279
-995
4409
-7287
-4836
9439
-3891
2428
-2646
6431
4828
-219
2868
-5299
712
6642
8427
-3865
9201
-2487
3808
4423
5187
-281
-2477
-6993
4333
8728
9412
2573
-7583
-4522
-6717
-4168
-1232
2366
-5422
-276
-244
1382
-512
-2768
-1696
7239
-4653
7113
4469
-9563
-5007
3804
4574
4488
-5089
7554
9635
-5191
-5835
-2540
9571
491
7648
-2437
-7144
-9408
-7279
3102
-7971
8164
-8459
2638
554
-4741
-3629
4711
-1959
-5082
291
9834
-2773
5585
5993
-5889
-1044
7029
-4716
-1679
-3307
-7055
4278
-7727
-2815
1048
8629
9551
4618
-6882
-7462
-5472
-8879
-6011
4314
-1412
5989
-5945
-6563
-8062
7855
-6031
153
1750
-7643
7623
-1719
-7436
-8896
9218
-5524
4995
-6010
-5292
3461
3632
-2353
6108
7793
-5047
5630
-9581
-6888
5826
-2874
2541
-3302
-7231
-732
4054
9349
-4503
-2775
-9891
5114
-4609
4357
-5164
5267
6378
-4581
1591
7739
3813
-3664
-9333
-2715
-6227
566
-1474
-274
-6586
5655
2930
-6944
3653
-4012
-485
-400
7094
2821
-880
-629
4723
6606
-4342
-4020
2917
4174
9518
-3375
358
-5741
9592
5532
1139
7841
5632
-2604
-480
-9035
-3456
28
-6797
-8156
9581
727
-538
5691
-1625
2898
-9102
-6038
-3495
-2044
-7484
6399
-8759
-1859
2866
-9104
7980
-8592
7750
-5039
-1966
-9552
-6576
-8757
-411
7785
-9651
-2006
-6272
908
7234
6461
2658
3815
-2670
659
-3177
7023
-8986
748
3441
-3117
-3413
-8354
8649
-384
-3399
4832
5767
2385
2327
-8960
-3337
-5354
9203
-9665
3755
5563
8644
3760
-6950
-3117
-9787
8451
-4127
297
-3972
-9743
-4808
1211
-3002
4046
-9190
2925
8235
6702
-5048
1499
-7160
-5222
-5362
-5796
5179
7036
3108
-7226
3864
4507
-2870
4410
6249
-7643
4980
6157
-3067
-196
-731
4998
-825
8663
3148
-3600
1641
-7615
-7783
-4662
-5224
9320
-9943
-9525
-574
1982
8596
-6996
-6547
7733
-4771
5832
-8643
-3408
-7504
-2705
4114
-6303
-2066
-2295
-9868
-4807
-3517
-9605
-267
8754
-2084
65
980
-5811
7820
-1859
2955
-1318
5799
6564
-800
-32
6908
2343
7030
307
-9947
6633
-7298
-6511
-668
-5993
-8073
33
409
2069
-9908
2588
6632
3140
1192
-4646
-3491
1950
2029
3951
633
7478
-7208
5912
-3937
4608
-9842
-2178
-3883
9993
-3399
-8174
5102
-1128
-9249
4397
466
6268
4381
-3108
1725
4032
8770
6969
-5546
9567
5883
-5176
-887
-8871
971
-9219
-1868
1762
5556
-2337
2926
-786
1259
-9531
-1984
-110
-1465
7074
-7307
-7144
5061
9349
417
1935
296
-3123
-7270
-5543
-4718
-6802
-8457
5549
140
-733
-9606
8110
583
-7109
-8552
1820
-2846
7291
9758
-4507
-1207
801
3505
-713
2900
906
4460
5966
4521
371
-3577
4586
793
-4562
3426
-866
-8564
8714
9082
6154
3723
-8598
7312
-3627
6428
-9144
-856
-833
-3249
-6928
-2942
-6103
3949
781
5325
-8794
-1260
-1878
2833
4757
1268
-4270
9642
-364
8418
4100
-5178
-4540
5267
9775
-4048
6887
-1079
-1323
-4046
9159
-9907
5237
-9685
-6578
8138
935
-4548
-7938
-1623
4761
-5292
4281
-3271
-9760
7985
3260
5638
-9032
-1285
-6109
5890
-43
-330
2313
-5322
5335
9282
-320
-7106
9060
-4052
4153
-5034
995
7915
3677
-3425
9542
6285
6805
6207
4519
-9645
-1533
8797
169
-4526
434
5638
4288
295
8230
-8775
5453
1526
1218
-8921
9634
-8828
-9250
-2613
6073
8884
-8201
1884
745
2967
-6750
-2513
1716
-8482
6757
-5577
1372
4706
8344
5027
2197
-8114
1102
-8209
-5338
5687
-1881
494
786
-4841
-2536
-9318
-8761
8895
-7805
877
-9898
817
8927
4719
-4542
7850
1708
9373
145
1429
-8303
-6756
8641
-6478
721
1566
-197
5709
-1424
3394
8499
-2061
-7570
1607
-6145
990
9092
-7318
-211
-430
-7154
6145
4249
-9389
-4402
6368
-5554
4401
2143
4182
-2877
-4268
-5051
7388
8964
9689
5286
3715
-5159
-9950
8905
-4205
2536
-9364
3044
-6924
-2478
2380
2606
-1
-1010
-6808
-3494
-7862
877
-8320
-9096
-2893
-5747
1336
185
-9817
-3688
3481
-109
-1255
3710
5983
7009
-7107
-1395
5975
4422
-4831
9594
-1528
3989
-2470
5446
6080
8856
6213
9881
-799
6010
-8344
-6803
-2834
-3309
9798
6235
28
7793
-8544
-2485
5775
-37
5106
9884
4749
7249
7300
-5428
-5061
-7568
-9203
7159
1661
3306
6316
-5092
-3210
500
1835
9277
4854
6645
7328
5496
-4149
-1373
6140
-4801
-1662
6784
8337
9772
-220
-4940
-8633
-8898
3215
-6224
-2248
-5660
-1012
-1960
-172
-4050
-504
3826
2010
-7661
2405
-4183
-2859
7429
3102
3178
-6664
783
-2969
-7242
-9807
-4567
-6033
9266
7437
8902
3666
5655
4739
3918
869
8028
-6358
-9626
1342
8925
-9256
6336
758
5535
3590
9095
2774
-9857
-4060
6557
4933
6969
-9313
9935
-459
-6358
-4590
-6255
694
1314
7112
2183
-2079
9454
2432
1296
2780
3003
7485
-8991
-3771
-2065
6972
-2845
9523
-6986
-6344
-4430
-5568
6921
2350
-7138
6433
2523
-9308
9246
2179
4339
6323
-3881
-3847
-4457
-9716
9016
2941
9931
-6294
-77
-6576
-6621
-8202
-9024
-8724
8068
-6177
67
9010
-4712
-9551
-5279
-3111
6276
5812
5919
8749
-8654
5489
3722
-3288
4380
-4480
5640
-6064
989
-755
-4571
-4703
-5038
-2594
-2379
9706
8315
-40
-4727
-2628
-1698
-1860
8250
-8385
-2678
3528
8994
-8687
-7775
-3742
-5092
2061
-525
7709
-7749
2149
-1677
1615
6636
-37
-7567
-7350
2248
-2611
-4121
7948
-5685
-975
9450
4785
-7966
-3350
3663
3247
1238
-357
4411
2918
-3382
3234
-8369
1215
-4045
9196
-9907
-2543
-67
-397
3370
-2392
-6998
-7708
-9349
-9190
4427
6384
-1978
-3459
-5652
4516
948
9257
-2788
767
5088
9163
6112
-1359
3708
-9080
-4024
8200
7071
-9929
2550
-4743
-1099
946
9792
1808
5308
6801
941
-8524
-3815
-1145
5815
5944
-4194
-7837
7219
4274
1564
1334
1218
9018
-1477
9782
-806
-5773
-1913
5828
2931
-3210
6789
4837
9713
9550
-6242
-1932
6775
-7181
1549
4181
-1808
5689
-8106
-9559
128
9871
6107
1951
422
-7564
-254
6130
9467
1474
8182
-4474
-8499
-6794
6346
4659
8992
1433
7098
-4193
-8517
1562
-4548
6672
1442
7725
459
-9064
1452
-1444
628
5035
-9042
-3184
2211
1141
-6747
-7398
165
7398
-2611
7957
-1165
8434
-6845
-562
1716
-2142
6171
-6143
4950
-4468
3870
4764
123
2473
-8096
-9232
-4907
322
9561
-3166
-2928
3178
813
2617
-3491
7933
6394
-63
2562
3251
-5798
4690
-2460
9867
4884
-2893
-4956
-4243
-5386
-2274
9865
22
-7676
-4609
-7056
-2744
-525
7958
478
-9030
-2538
-7264
692
3113
8427
-2613
-6457
-1748
6055
-2606
-5252
7453
4236
-6234
1489
-8528
-3294
-8466
-1211
526
561
-8406
-7777
-8135
2972
383
5978
-1624
-3980
-3276
-3760
2439
2334
4474
-4792
-7616
8243
-2982
440
-6192
-7213
-1373
-5257
8774
4705
3334
6463
8441
-1796
-4085
-6235
-3202
-8252
2627
-1650
-48
6329
-8365
-7871
-7877
-4138
3944
6418
-7147
401
4034
6221
4291
8955
9433
-3213
-1991
-3472
4620
8101
4385
9431
9711
-2430
4745
8251
-9531
-2024
571
5467
472
-2391
-260
7411
-5323
7035
9124
-825
-7815
2437
1378
-1272
2973
9294
-8018
4291
-2486
739
491
19
5490
-7106
-5531
-1018
1453
-4985
6663
-8778
4711
5584
-8886
7603
9510
-4950
9763
2444
-9666
-1792
-9076
-9031
-3104
5747
7388
-1371
-8399
448
-7240
5618
-8076
-7053
-6469
8398
-9279
605
-4381
-4821
9162
8701
-1605
3686
3416
-5288
7096
2506
5817
-3204
-6501
82
-9962
-1991
-5994
4417
7967
5833
5148
-7808
-2535
6515
-5917
-9742
-9601
8085
-1857
3318
-5678
-454
2319
-4192
-46
2396
5396
3548
8971
4384
5525
-9703
-3024
1276
-9623
-6810
3960
-1424
7782
5859
-4505
-9279
7780
9193
-9311
-7477
-7807
7208
-4335
2932
-7286
-4756
7561
9907
2526
-6738
-7976
2974
1415
3860
3084
6503
5415
2442
-8464
7466
-8409
5814
-4411
1849
5300
8623
3950
8484
8011
-4153
9028
5461
-1081
-9282
-5424
-2963
-3860
-2224
-2921
1789
6020
-6182
-7710
2043
3198
9889
-9696
142
6615
2284
-1497
-7239
2283
9109
-3603
6976
-2142
8117
-8425
2749
340
6195
-3805
-7247
-7776
2889
-6841
-3399
990
5377
-1974
7301
9724
-485
2543
3615
-3101
133
-8087
6552
-7220
8089
6759
-2655
-2628
-2071
8019
1156
-9657
-534
-3662
3891
6980
-8810
2145
3668
-7011
-802
2273
-1200
9504
-2180
-9443
-4039
4005
5222
-5317
-6196
-2156
-1304
7233
-9124
5984
-3342
3943
-3339
-8453
-8633
8723
-8210
6393
5594
-7124
302
2676
6965
6430
-1264
-946
2220
-5137
-3258
-416
-6097
-2414
-1541
9242
1374
-7868
1243
-3867
-8427
1991
-6041
9415
-1175
-9324
-4892
-5463
4983
-7548
-2618
-8179
3892
9344
-2218
3046
2352
-2163
2261
6803
-8654
3067
7936
-6987
-2346
-8180
-379
3478
3293
148
-1266
1343
7834
-3924
5909
-9845
3739
-3909
-1232
2274
9121
-9115
1551
-9967
-5465
4822
7281
2554
6861
9717
8634
-3038
5126
-6268
-9078
-568
-4506
-3230
-5759
-2379
6709
-8867
-1104
-7979
1228
8573
-8365
3560
7821
9530
8296
-2252
5021
-146
-9299
8926
-2725
2350
6217
9807
-8015
-3835
-5044
5018
9637
6678
255
-8769
9654
6657
-7652
6600
-3543
-7655
786
2781
8840
-9129
-8373
298
-4890
9216
8783
-1131
4552
6989
3861
5672
-5054
-6682
-7330
4282
-3104
2620
-2310
-5691
3826
3320
-1416
8138
-7557
-2703
2530
5180
723
-1913
-3832
6705
4851
-3023
1035
-7422
3226
5241
-3648
-881
5877
-52
2278
-7616
-6219
-6991
5216
3098
-1164
-6383
-3362
-8234
-9985
-1225
1600
1179
1258
-3290
-4960
-2718
4135
8955
3996
9868
-5799
-8627
-4898
8861
-8801
-2093
-3370
-6979
-3683
3556
8400
-9482
3025
5816
-18
4379
-3446
-1991
226
1146
7252
2986
-7220
-7671
2026
-4615
-5351
2440
-8811
-449
2257
3958
7270
7625
1112
-4575
7876
450
-8786
-3453
-4538
-6421
-6806
-8042
-5607
5467
8676
4360
-2081
7114
-8176
-2786
-8656
8448
-4295
4928
2432
3306
7788
5011
1326
-1230
-2981
-403
394
-4426
7539
-6834
-2776
-968
-4701
-4074
-4424
1010
6963
6087
-2106
1428
-9209
2891
-6674
-11
6034
-9280
5859
-8353
4599
-5512
7049
2924
2913
771
-8571
8850
-737
5186
-5494
-6083
-9980
-627
-6561
-4706
-7213
-3162
9823
-3039
6544
8623
-4258
-1473
-3924
-9708
7106
-2368
1591
7817
-3550
2988
5590
3754
612
-9904
1261
-4124
-1844
-7753
671
4545
9939
-3452
5499
-798
-3110
5998
-9990
-4124
8859
4115
-2264
-8256
5572
142
-5421
2772
5423
-8973
1192
-657
-8741
401
-3445
-839
-1260
-3124
9892
-4439
8635
-4798
-4664
8204
-1933
-3871
8967
-1082
9059
-753
-6738
5321
-4780
-6017
3298
-7853
-1992
6415
74
-4616
-7861
-510
8020
-4123
-2784
-6288
1255
-6386
-9313
6171
-3851
-1095
1737
5819
-5693
-9456
2483
-1896
1958
-1267
-3412
-1034
669
-2977
7125
8055
4345
-2049
-4104
2219
3634
-8884
-7195
-7877
