-4794
-3933
-50
-1414
3673
9806
9482
-4454
970
2737
-8786
-1409
1443
-9661
5239
-2859
8732
3323
4701
-3528
3919
604
-7616
-4246
-3791
7787
-3488
7505
3637
-4300
3331
-5719
479
2073
-6465
3823
3823
-1613
-4989
1801
-6455
7259
4338
-4801
4657
-9980
8202
-8877
8178
5448
-5082
1352
-3484
6266
-6270
3699
-5724
-6141
1444
-9904
294
-3286
-3325
1929
428
-8104
7228
-2109
-2282
-6819
4560
-3047
5627
-8987
-8015
-9043
7567
9357
865
-8699
6988
-1723
-1551
-7667
3497
3374
-6145
-150
-8335
1659
-6195
-966
3186
-9580
7201
2230
-6930
-7970
2753
5671
-3391
-6981
1768
-9374
204
-3299
-2968
-8464
-6255
-6855
-5301
335
5021
-7929
7255
7008
1202
-7133
-6371
-1014
-726
2025
-8218
-8664
8242
-6182
-876
1601
3046
-491
-9391
6679
-9138
4189
-4835
-3863
8196
5565
1029
7982
640
-6660
-8227
9311
4494
3536
-5689
9004
-471
-6382
-2966
9606
-4845
437
7455
6266
-556
-876
-9706
-1213
5250
8846
805
6305
-6926
-5380
1651
2586
-3226
-1744
6699
-3232
8611
-8556
927
343
-3717
-205
8457
-1584
1598
473
-5161
54
-4200
-6954
5484
-5568
-9009
-8633
-7599
-6482
2643
3987
-573
3384
1189
-7191
832
-9333
-8355
1767
8154
9403
8614
-3403
2127
1784
-8065
-4175
7329
3873
-2044
-9965
8979
-1169
4345
-2308
-8248
-2683
-8280
4516
-8413
4298
9329
-9678
5182
9482
-3439
-9289
-1779
9463
9479
7437
7516
-8786
-8508
6859
3971
827
-5104
-3536
8623
1519
9685
-3382
8486
592
-7925
-9027
-1882
-2197
5156
9213
-5118
-4830
5287
-3100
8260
4511
7712
5050
-1537
-7024
-8047
1268
-1228
9026
8516
7473
-3452
3436
-7747
-1883
8852
775
-8665
2100
7800
-5451
-2549
1316
-8926
-5675
8504
-9351
-9015
6178
4753
930
1257
9068
7276
1425
7228
521
-2791
4419
-4285
-6102
-940
-4634
-6588
7263
3419
9920
-4891
700
5938
-9085
-4353
2450
5139
7306
8653
-4822
-6828
7278
-6378
-5707
-9970
1560
-9228
-7732
1824
-8413
-9451
1399
-9563
-8722
-9589
-2173
1968
-8280
-8263
-4349
-856
-5514
-1431
4024
-5100
6311
6094
1119
6590
3887
-1097
-2525
-5905
745
-2056
5539
6135
6302
-4431
-7960
-699
3345
4490
5902
-8155
9336
-5563
-2430
-4810
-8338
3169
-1022
3487
-4785
1721
442
-3622
3661
-4690
1347
3252
807
-7398
423
-746
-9937
7719
350
222
-1639
-1590
5354
-49
-7568
-1132
7567
-9414
22
-9538
-3895
7591
6261
6852
1169
7887
5460
1211
-6682
7479
-8440
4826
-8929
867
8097
-2508
-1366
-5903
2227
2313
3849
-9748
-1156
1358
-85
-4567
5862
983
5611
-9606
5825
2248
2709
-9223
-1480
5231
9072
7914
3818
4261
-1969
3711
6627
3424
-9570
7947
-7278
-3681
7892
8183
1424
-107
169
362
2813
8720
-6248
-6345
-6000
658
-2307
-5800
7871
-6013
4506
-4597
-6873
5410
7623
-5434
8466
-9079
-3250
-4709
-4190
-9935
-7760
7485
5159
-9699
-3668
-1807
8938
3185
8021
8775
-6004
-5166
-2503
1174
7455
6109
-6353
3741
9603
-4880
1900
7414
9112
436
2513
2056
356
-3092
3539
-4103
2872
1785
-784
-7399
8184
1527
-1945
-7856
-6856
-5284
-9752
2465
6664
-962
-8209
7771
-4681
7170
-3419
514
-5594
-3023
-3276
-6139
9501
444
-4014
7949
3254
823
4191
-5923
7228
-6849
-3654
-5624
1598
-4512
-1514
4450
-4992
1807
-8620
-8816
27
-3671
-274
-6035
4649
423
-2604
8875
6829
1904
9540
6539
-8696
-708
9666
-2068
-4202
-1280
-7788
-7549
5174
5189
8372
7599
-9990
9843
6552
-6394
2789
3620
6538
3203
1752
-6994
5305
555
8024
-6714
8977
-9328
8594
-6022
9556
2366
8503
4898
-8243
-2213
2622
-3119
-2597
712
2516
9363
-3976
-9422
-1509
-4506
5819
-8632
-33
-1441
2637
-3535
-237
1295
-8933
-2240
9918
1051
5987
4612
1201
3634
-4105
-2570
2630
-6602
5152
8946
7757
-9958
7115
1010
-9253
-7602
-7340
-5248
8122
2638
1795
8416
-7349
498
-613
-7001
-3809
-4099
4522
7257
5871
3202
2800
6224
-2993
-1171
183
-2054
6172
-6078
-1945
3423
367
-5840
6051
-1648
-3176
-7426
-5907
-7279
-763
6618
-5240
-2329
-3791
7759
-8928
-162
2942
-979
-3216
-4592
8729
420
9232
-1170
9539
-6092
-2530
-6671
7274
8365
-4891
-8058
-6644
3148
-4763
-7998
2887
-8600
6571
-9688
-8230
-7129
8483
-333
-6769
-5838
4050
7129
-8742
3885
6554
-1366
-4858
-5717
-9574
6732
-8546
-8650
2696
6558
-5067
-5141
-7797
-1546
5615
7150
1895
-780
9029
-591
2188
-9228
5939
6119
-2492
2886
2129
-6351
-4914
-7041
1009
-9927
-5796
3740
-4312
9599
-6182
-4035
-3900
-913
7697
-9803
6242
-8362
836
-9734
5897
3430
-51
-8533
6743
9042
-5508
3414
4115
-8827
8138
-11
-1428
1112
741
-4391
-9885
-6524
-3069
-5836
-4365
7065
2205
-5087
469
-7607
298
1205
-7979
29
-6308
284
1645
7328
9553
-5294
-935
-7538
-1213
-2124
-2774
6693
1482
-7294
-8073
-3551
-3395
7223
-8501
6545
6961
2324
-2903
6869
7349
-3744
3934
-1038
8374
6329
-4983
888
3721
7271
6032
5657
4978
-7019
-9145
2380
5657
-3700
3790
9877
-8948
7363
-3524
166
3066
1430
4686
-7043
-8292
-8301
-7242
6929
-3939
1246
9313
6242
9523
-7278
7689
9175
-5739
9818
-3529
1214
5800
-1167
4935
-2269
-8927
7778
-8616
-2655
6681
531
-347
-8190
-8275
-377
4610
-5435
7297
1213
-6951
-7231
3025
2704
-5649
6402
8566
3005
3725
2961
-8839
-3380
-4129
1492
3075
-828
-7578
-9386
-390
-7013
7224
44
1974
-5966
9154
8775
-7275
9738
3936
5344
1285
-7066
4501
8974
-8082
-9705
8380
1180
8023
-6957
-8912
-1087
-518
-2171
-7069
-3977
-1090
-8226
9877
-8213
-1203
4368
-2028
-1523
2730
-9954
5143
6666
-6181
-30
1199
2285
-4014
1395
5329
-3697
-4610
-1419
5977
-2158
-1072
3357
1384
-7769
7670
-7474
593
4005
-1019
-9356
-1035
6523
10000
7475
-1896
-5660
6960
-5370
5631
-1447
3543
-5448
-3413
-6250
2932
-5781
-307
8751
6915
-4760
-8735
8592
-1094
-331
2038
-1058
-8602
-328
1668
-3962
5481
7163
-5345
-4472
-3083
-4036
874
-1264
2041
2637
-9853
-3256
-6612
-9417
-8375
1727
7637
4214
6112
6178
4437
-4568
-8696
-7519
-275
9120
-2174
-3815
6265
-9696
8352
-7560
140
-315
4123
-6384
-2746
-548
3273
8861
-5950
-5969
3069
8599
2476
6033
-4387
8610
-7988
1635
7860
-3767
3747
9502
-3440
-6193
-982
1380
2646
5127
-3353
5065
-8805
8790
6155
1222
-4256
-2798
-3455
4907
3715
-3964
3789
9359
-7106
-2815
7869
527
-4072
2676
8513
-8371
-5689
856
-7629
-2606
-6284
4557
-7839
5657
-6777
-3295
582
-6278
7241
6631
7608
-8936
-4516
3173
-7443
7659
567
-3768
7138
-181
-9636
1448
4004
-6588
-2539
7785
-3506
-5373
4556
3609
7263
-4481
-3103
-8852
643
2307
2539
3563
-2856
6897
5688
9124
7025
7893
-178
6886
7632
-9463
-9145
-7763
-4809
9474
-2359
-8461
2511
-1890
3339
-8043
2449
-2629
6570
5870
8626
5984
8883
3135
-3728
-8079
-2953
-6840
8628
4080
9022
4975
-5031
-790
3735
8373
2679
-2344
-9514
-6188
-5363
-7584
-8969
6779
334
-6765
7543
3591
6876
-6277
6521
9103
305
-1239
-9544
5723
6993
-3123
2342
-6853
9424
5847
7588
-8918
1505
850
9339
-9704
-4359
1623
9956
6968
8375
7351
6138
311
4945
8780
1734
-2594
9642
-3721
-1291
7438
-5745
-4576
-192
8074
3138
-8139
-2291
-5866
9469
9828
-3329
5613
7459
4497
1176
948
-3991
6547
-5341
-8467
6155
8600
7185
-6040
-2424
-5700
-312
-9824
8593
6303
1750
6404
7368
-5925
5375
-3073
1969
1052
-2666
4225
-7333
4954
-3797
-8867
7727
-8418
-815
-5949
-2902
4096
1252
-7100
557
-2764
8854
-143
6189
4234
-5208
4797
6604
3624
-454
5108
-23
-808
-4399
6680
6848
-8099
4330
4161
-7874
-2164
-827
-437
-4747
5721
-4587
-3189
-9148
5853
7358
6768
-5879
9974
4781
5828
-7710
345
-8934
9787
-5312
4420
-8714
-7733
-9483
-8482
2026
9230
6082
7941
-8385
-1877
5077
-472
8374
1491
5651
-9737
-2346
8416
-6209
2307
6294
-9413
4296
2317
-7126
4271
-6617
-5015
6461
1096
-352
-9235
5251
4828
-6187
-7293
-4166
4732
928
-997
-3216
-8321
-1100
2939
-3623
-9635
-654
-4334
-4265
3311
-9575
-4463
59
5319
-6385
5743
9218
1607
-749
-6563
-4081
-8941
-1689
-2702
-6220
-649
-9460
7825
9218
1620
8400
7283
5115
5132
9379
9281
-2122
7908
9942
-1901
4535
6680
-9733
5810
-3621
8823
-3048
5899
-2481
1104
8333
-8024
2635
5328
-8782
4905
4403
8932
-8542
-8447
4797
2938
-7583
-5130
258
8617
8960
2092
-4408
-8805
-1
6152
4387
4010
-1441
1759
1785
-3666
4768
6241
-4387
8370
4173
-5392
588
1488
8885
-896
-5515
2085
2746
-4432
-6866
-3095
7836
-2580
5211
7841
9163
6734
7837
-3605
-1496
1525
-982
-6231
-1436
-3705
-3863
8364
5700
-1033
5520
2004
-7176
-6464
-3157
219
-7286
-9623
7883
-6305
1161
-393
-9401
-8096
1701
5158
-1637
-7207
1068
505
9888
-709
-9155
720
-8048
-5745
-6553
3473
-7119
4114
2642
-4584
-7848
-86
-6086
-8811
-4990
-2356
-5758
-5750
8155
7926
-5776
8393
-6887
-7560
7085
787
-9472
1876
4254
-4500
-5198
9760
-5399
-5556
3665
-9146
6057
-8702
-8737
-5733
-918
-974
7214
-65
9444
-886
6223
-4953
2533
-583
6391
9838
-6884
-1800
-9561
2450
8179
-7883
332
2288
7760
-4248
-2673
4317
1182
5462
1860
-1201
695
-9244
2775
8486
-1324
-700
3704
2597
8812
987
-1125
9306
2438
-5034
-5583
-2308
-5759
8629
1027
3305
9991
-2091
8039
-4448
3030
-70
3927
331
-2731
7262
-9882
-8509
6415
5495
-9592
7753
9782
-9971
1569
-3849
8990
1571
-1268
-231
-606
9158
2281
-3417
8107
-4828
-2740
6004
6695
-283
-9807
9002
-3484
-7509
-1038
3103
-7019
1798
-5667
9995
5965
8869
3001
9857
9356
-2099
-800
2896
9333
5975
-3564
-7843
-4127
9101
-6850
2682
3184
-4927
-2549
-5417
2616
1924
-1037
5495
-1076
2919
4375
9428
-8218
3575
100
-5564
3943
8677
1652
-2563
-3829
8817
-2922
3259
8278
3574
2923
8549
6997
-5259
-7059
-8051
-6136
-8547
-9644
-8553
1292
-5538
2645
-4700
7811
-572
1119
1509
-6973
5998
2359
-726
-2316
4138
8501
5171
-9355
5106
1930
5878
4272
-5023
-9262
-9551
8107
9689
3055
-8521
-9672
-3152
674
-9849
3176
-6058
-2360
-8769
-9474
-5691
-4886
4325
89
3891
-2496
8404
-4272
5883
-1687
6085
4642
-985
-7344
7579
714
-522
-376
2627
7193
-9600
-8315
-2281
-9109
2619
4333
-4837
-1018
-9793
8886
9826
6534
-4258
-4024
23
5732
631
-2333
-2961
-597
8538
4276
-4799
5679
-2237
-3853
8699
-5839
-9922
5759
-3470
596
7215
-1523
-5357
5189
2604
3135
-4617
-3707
-5981
8815
9162
-4991
-4327
4436
-3375
8518
-2673
8337
1580
5099
-8886
-7445
2694
5422
-9593
4784
7368
1279
9156
-593
69
9852
8780
7634
467
9488
-6649
7671
-2265
8691
7006
7905
4527
-1111
9606
-2551
2620
1405
8278
-2310
8979
8886
2245
9730
5887
9088
-7575
2938
9083
-7059
1175
5333
-7612
-3610
-2117
9154
-8686
-6832
-5739
-7510
-1255
5051
3573
1126
-7734
-6748
-4497
4068
3772
602
-403
-826
4286
1552
-5171
1326
922
-9619
-8981
7157
-7868
8358
-3785
-3145
4534
4716
5464
7961
4640
8301
-1740
-9925
-1805
-4613
-1506
-1272
-5958
-8299
-2998
4735
-6273
5007
-6217
3967
6666
2629
-8760
1593
-4261
-2178
-9329
3881
-6437
2470
6444
1805
8852
-9579
-8185
-8870
1443
9183
-7857
7535
-2963
8141
2748
-2310
-8478
9325
-3294
5610
-5110
6192
2515
-4683
-894
-4670
-4402
6329
9376
8423
-6235
-9285
7591
2070
484
-4417
7275
7008
-1830
-4650
-6484
-7724
8605
8294
-7944
7735
-728
-6909
-6357
-6035
7261
-3250
1266
5675
-4448
1723
-9065
-5249
-4969
9497
2334
7284
7769
-2895
9216
2192
-851
-5
5795
5927
8500
2371
-5028
-6708
-6274
3965
-1376
3423
6624
7799
-7006
7993
-9641
9594
-8850
-1502
-7202
-1157
5809
3879
-6379
4382
-5720
7047
-1208
-5826
-9612
-1141
-6197
-2402
-851
-1673
1190
-2996
-6603
-8588
4375
1146
-6055
-8423
6398
274
7453
6656
9880
-6003
5708
-1477
1866
-8355
6529
3788
-6308
-7125
5656
7748
9420
-910
-5354
2767
-738
-7901
-3335
-9952
-1148
1814
-6285
-5096
-3365
-6224
21
-4712
1245
2031
-6246
-4131
-1378
-8832
-3159
-9834
-4172
-2945
-1443
-7546
1804
-2049
7989
2905
-604
5825
-1164
-2850
9383
-7339
-350
-1224
2843
2469
2883
4157
3127
-9162
3006
5759
-9674
3594
-627
5440
8717
7038
7854
8751
2100
5153
2109
2812
5930
-6820
8537
9286
-698
2421
2502
8553
-5685
-9120
6840
-1634
-1241
-5379
5996
664
-6907
-2116
-8460
-9029
3768
-7961
2473
4490
6812
-5147
5828
-4561
-6958
-9653
2248
1752
-6140
-7463
214
679
-3704
-7748
5557
-766
-4373
4044
1145
-971
4658
5977
8582
1628
2889
4077
-338
5928
-9361
4048
4656
-754
-2324
1152
2437
-2186
-914
1425
-7282
-2688
1944
-1397
9287
5300
-2568
-1060
-9480
-1841
7269
-5415
-5754
2173
-3653
2249
-8683
8877
-963
5575
-2706
5791
-9256
-7064
471
2231
6487
7331
-3619
-7379
9235
8081
938
6414
-6726
-7979
9428
4020
-656
1030
-8486
-4260
2877
-5890
-1854
-1124
5173
-6039
1311
5370
7181
-5252
-9340
1669
5776
-4635
4838
-2774
-4274
-9027
5993
3560
1046
-3546
2576
8067
-1561
9178
-9490
2892
7090
8665
4035
9631
-6852
1832
-4294
-5366
2524
1407
5107
-551
2559
6185
4964
6853
3168
9147
-6869
351
163
7122
1757
-9676
9431
8514
-9250
8059
-6919
-6699
8928
-362
-6604
-3262
317
764
3009
-2241
-3396
8834
9440
-6939
8067
3122
-2956
-902
5064
4379
5857
7971
5928
-9568
-2822
2185
9131
-6845
-8744
1495
-1469
-8659
9543
8913
-9561
-6132
-8192
2477
653
-8548
-316
-4309
9538
2555
7226
-3990
224
-7797
-9521
-7653
5584
4770
-3104
-1314
9785
-8517
2605
-8611
9295
-4830
2284
6997
5292
-1303
-4522
9341
-5095
2398
453
-8413
-5748
-5428
-9172
2696
1242
-3789
-3904
-753
3736
2852
-5673
1521
7676
-1794
-6029
-1099
-6828
-4507
6239
9333
8792
8564
-2655
-7203
8749
7300
-3948
837
-377
-5637
-2769
7626
1843
-1323
-2681
-9612
-4990
7180
-6694
6063
-6235
6400
3293
1022
9835
2337
9652
-2608
-1603
3675
-6119
-8363
-6545
-440
-4823
-908
3443
7952
3131
-6748
5817
-203
2618
-5710
-9669
-6514
5277
5448
-3164
-8960
4497
-4663
1192
-7839
-8561
5167
-1790
-2012
-777
2674
-4297
-7023
-1317
2187
3074
-3120
1222
4059
6401
-8503
-2799
-9362
9047
-2110
1113
-7072
8834
-3987
-2510
-7021
1476
-1779
-6426
-8023
6539
4615
-6882
6799
9563
4703
-9978
-4308
-5191
-4030
-2737
6846
-4565
-1111
-8561
3731
4811
-7383
-7417
-5993
-9467
2072
9939
-5661
3692
4060
-1323
9152
-3273
-3755
-661
-5915
2656
6894
2714
-1488
479
4149
7082
-3810
5504
-769
6945
-201
6791
-5773
-2397
6298
-404
-6455
9798
563
3475
2247
9816
5031
9046
-9793
3399
3526
-6518
2410
4559
-6727
9026
-2384
4940
-1081
-5364
1709
4084
9677
1411
-9332
7885
2298
3638
-885
5868
-1055
6981
7035
7772
-6341
-3480
3266
-3987
9381
7155
-6373
-5242
2716
-5949
3676
-1029
5891
-6256
-1913
-9406
-2435
1160
-3809
5194
6902
7924
-8141
46
-6609
6564
5954
-22
-6106
-2684
-3394
-1689
9223
4244
7921
-5928
-5517
-1122
1689
-9358
2897
-6605
-9215
-4811
-8826
1544
5613
140
-9802
-7955
-3678
4166
-4575
-9745
-2916
9383
6694
6294
7941
-7506
8211
8139
-3706
-680
-8601
6810
1011
-1935
-4619
-6819
-5939
8564
-279
372
-5226
8035
-6367
3335
4744
-2010
-3480
-9507
-4606
-9868
2837
2541
-5311
-7585
3450
-6521
4168
-9966
-3057
-6209
-9231
4000
-831
-4588
4339
-7548
706
6585
-1002
1046
5975
3982
-3970
6758
-2180
-906
-4253
-4511
1560
1040
-2938
-7347
-4318
4819
-4874
-3271
1393
-6714
-1036
-4466
-8521
-2608
7399
-4221
-4965
-6347
6048
6973
-432
-4469
-5651
-8402
4997
930
-9162
-6976
374
3800
-4754
-636
1475
3654
-1816
-8582
-6022
-4529
-1999
-3779
7708
-4928
9333
-6176
196
3704
1418
2046
-7533
-7298
-3780
7841
-8417
3855
7037
-738
787
-9556
759
526
9524
4934
-4501
-5373
5741
-2316
-5091
-5081
-6453
510
5015
-7462
5395
-786
3261
-4766
277
-3696
-3432
-9546
-6880
6893
6743
3766
2576
8989
8579
-440
-8044
-2201
-3249
8891
9980
303
2688
-4085
2002
6129
8009
3571
8514
-4867
-8001
-4896
3688
8171
2577
4943
-3896
-8891
6723
3404
4982
-982
442
-9472
-242
-2659
1948
997
3941
8277
7899
-5844
1454
-1287
-5345
7039
290
-2019
-7203
759
8988
-4976
9844
9066
-8227
-1504
2742
4857
4850
-5454
3234
-9571
-7721
-1478
3555
2245
7637
7617
-6672
2648
-6311
-6492
-571
6582
7943
7062
1007
8733
-56
-4312
6813
-8299
841
4423
-4097
-6124
-1301
7330
1084
7058
-4295
1311
-9419
-6118
-1728
-9300
-1645
6600
3200
-5853
-2765
-6204
-6885
8614
4894
3820
-7172
587
2920
917
8753
1484
5355
-842
-7730
6958
868
-2207
5015
-7267
-6870
251
8400
-1652
-8059
4691
-803
2782
2712
2636
-5293
-2639
-41
2433
6307
8778
1040
9006
-6357
-1640
-1852
-7114
-5154
-2488
-8612
-919
1060
-220
5172
-596
5600
-9961
2917
1917
-8302
5084
4112
9500
932
4680
-745
-7382
-408
8364
-8691
-3164
4096
7692
-5074
5635
-16
-3102
-1332
-6566
3160
-7096
1546
-6882
3173
-3000
-988
4311
9749
1416
6376
6448
2888
4388
4216
5293
-5312
-7578
2019
4228
7166
1747
-3192
-6442
3284
-4622
-5860
-5160
-2667
-7674
-8649
-3753
-9446
-5529
2743
-2811
517
-6933
5696
-6296
-9855
3719
-9270
5877
4068
-2304
-2587
454
5698
-3710
4953
-9
-7066
4347
2600
-112
861
8388
-1406
453
-2110
6485
9438
-1206
-305
418
-2911
-8861
-4402
-4284
3200
22
8971
-6148
-108
-9249
353
7414
-2959
8250
-4665
5966
-5076
-6930
-617
3977
-3050
-5900
-158
5629
-427
-6467
-8528
5565
-4044
1133
-1362
3009
4310
-6116
8551
-7912
-5193
-8609
1838
-267
-4364
4178
1538
2889
6264
4451
-156
1503
-7177
-2989
2235
-4134
-9953
-8190
-7205
6203
7413
-6937
-9810
8401
4422
8368
7011
9636
4348
-6880
1386
6694
-6960
8560
-5858
-18
6061
-886
-1360
4897
5941
863
8202
-20
-9341
-876
-4199
-5000
-3920
82
-6143
9545
-9925
6347
329
-8528
-2244
6644
5845
-6606
-3861
-7353
-119
7432
3299
3302
8062
-8952
-8803
-6782
-4907
2387
4297
9318
7066
-4727
9004
8956
1033
2174
-3143
-1249
4562
-5551
-8109
-8326
814
-2630
-9363
-188
101
7229
-993
-9468
6015
-8399
-5737
3597
-2936
-2468
4962
807
2961
9430
5739
4061
9989
-1501
-4870
-4866
9445
5664
5448
8147
-3487
-3486
-6581
9755
-163
5878
7726
-6323
-4450
-5886
-8689
-5493
-4604
2473
5494
-1322
-7328
-6233
-7908
3537
-2572
8089
-7253
334
-5048
4111
-5819
7759
9565
-1617
-538
3141
-2377
1483
-9992
6342
-9727
-9690
-9969
3040
9201
-9811
4191
9804
701
-1003
-9887
-5809
-9530
9776
-2690
-3028
8416
-8692
-8960
-16
2820
-7997
7133
-5374
8723
-9817
-5361
8104
-3967
-6909
8965
6982
-5690
-2010
5064
-4353
-6862
1996
-5127
8038
9011
-3570
5875
5565
-5643
-1519
7478
3486
-4153
94
7992
-912
-6661
9200
-3442
-2073
-855
-6331
-9552
7999
2449
-6975
-6842
3122
125
-542
7757
7648
4736
-3631
830
5596
4610
4211
6346
-5529
-9588
1553
7709
-2981
1451
5186
5500
-9640
-3942
-800
-9410
4798
-2003
8626
4289
-3047
47
7144
-6205
-41
-6918
4013
8775
5511
-2596
1057
-4624
-6272
1694
2346
-8861
7791
6880
9591
5453
8988
5136
-7041
133
-4936
7779
8874
-7030
-3108
-9802
-2467
3551
-4644
-1523
1775
3783
-217
-9421
-8454
-8367
7647
4060
-8099
-8856
9762
3343
-9981
3676
8030
-1814
8469
-320
-1241
-3796
2172
6675
-9966
5409
-1293
8839
-9683
-5087
8762
-7559
-7899
775
1420
-9603
-7160
320
-8569
-8029
-6925
3546
-5598
-96
-5580
-7007
8829
-4819
8987
-2777
-4377
-8153
4319
-400
8571
4284
-2188
-5471
-5531
9867
1709
-2175
7753
-5022
7554
-1740
8942
-3113
6139
-8876
-6102
21
6419
-1744
5103
7008
9269
7924
-3468
2421
724
-2702
2648
3584
2951
-6810
-650
-5131
-2643
3688
3856
-9718
8000
-5080
8735
3017
7406
7319
-3770
-6076
-2113
5393
510
-9693
2201
6824
2494
7050
-5932
6444
-1903
8541
2922
4688
-2177
4447
8603
6157
8737
-3425
-8689
-2729
-3366
9001
5052
3230
7135
4113
4479
9105
-6171
3483
9364
2788
-9173
-9570
3974
-9020
4251
-9221
-3358
-2128
-4140
-2611
-3775
-4390
3128
9472
-9122
8504
-7503
-4171
-4827
-6248
2628
3685
-3565
686
151
74
4207
-4379
-2962
8506
4251
-2945
8200
9340
-4571
-7890
1081
8730
9180
-2834
7790
2856
2285
-892
-8416
7319
6181
2227
-1811
50
-7139
-7903
1733
-451
4011
1528
1620
-1518
9880
3528
-3201
1069
6417
-5621
542
-1423
4964
2525
-1709
-6559
1109
-8288
8736
1829
-3434
1541
6686
-2190
9893
6552
8281
-6426
-6854
-4738
8028
-6404
1004
-8262
-2981
2699
4859
1224
3787
-9631
1972
-3991
9400
-8581
7846
-5312
7342
1867
-3641
-7963
9311
4940
5298
-9135
-801
1386
4716
2221
-6460
-460
4567
-1562
-4253
86
-8169
3872
-320
7116
-6020
5895
543
-5824
2888
5410
-3348
6870
-8108
-9936
7999
-9202
1289
2217
8151
-3612
-6760
515
958
-7362
4085
2308
-9823
157
-4209
4499
-2030
-6573
5160
8910
-3591
6042
-450
-5057
7547
-3084
4842
9975
-9760
-892
3242
-8765
6496
4980
-3575
4270
2643
5729
-5802
-3581
-4458
415
2481
-6831
-7051
4124
1093
5505
872
-7756
2227
-2693
5886
4596
1520
1142
-1948
-4647
-8231
436
6529
-8185
-8164
2314
-931
3511
-5522
-6447
-268
-5446
136
-4922
385
-8637
-1268
-1876
-6177
4918
-4404
-6994
501
-7358
-4039
7485
-8726
-3527
-4111
-7946
-2937
9858
-1446
8168
-8880
2921
6253
-4398
6754
256
-695
-7260
-4608
-3656
2322
-7630
6912
-7109
3016
-8883
-4785
1852
6077
9761
-5814
6590
-7192
-2014
-9975
1409
-5384
5910
-4066
-3848
-2382
5553
62
3485
-7982
2727
-2510
8659
986
-162
6964
1040
-5825
-7873
-9844
-6830
7983
-9313
-8329
-6828
-8254
-4906
7807
5689
-1347
-41
-9855
3110
167
-6621
-3554
9447
-9109
-6108
-4741
-6325
3642
-2910
-5003
1727
-60
7384
160
-546
4800
-4546
4753
773
6672
7159
-662
-4614
-4516
3474
2860
-5374
-4396
2187
8739
8010
-766
-6449
1908
5410
-7762
-4956
1025
375
4042
6452
-6209
-7524
2339
9516
1609
4645
6615
-8059
-6392
2841
-2513
-9932
-4562
-1224
3871
1049
5681
-2831
-7147
-6470
7503
-493
-3674
8746
-7905
-3457
-6588
-7641
-3966
-3426
-5999
-1532
-732
-5635
-8795
-79
-6468
5525
7949
1238
-4841
6848
-247
-5893
7222
-7849
-5175
3519
6330
5711
-4126
-2409
-1890
7965
3971
-2321
-999
-9224
3107
555
-5365
6367
-1756
4760
1460
-5883
-2637
4644
7872
3907
-7456
-8133
9659
5786
9457
-1893
9499
7562
-6085
7456
4575
-5162
-9465
-5296
-283
-831
4086
524
-6478
711
-1561
-7345
3291
2238
8484
8777
9338
8754
9598
1819
-2679
-6937
-2396
1118
8461
-6850
-9781
-9967
-3597
1646
-383
9363
-7575
-9584
-8537
-3394
1444
466
3152
5266
9170
-6936
9386
-4256
3062
1109
3143
-8729
-7793
-9768
-7045
-7771
-862
-9205
-1308
1366
-4083
-8120
9656
8629
2686
4016
-1766
4895
4696
8473
8830
7783
-7454
-3090
-6501
2604
2810
8999
952
-6455
-534
-9434
-6992
8852
7596
7732
9798
8800
2516
6977
960
-3257
6085
-4133
1509
-1291
-650
46
9740
-6609
7670
-3152
4742
890
9601
5476
405
-7785
-6172
-5258
-4190
5482
2454
-7251
-2519
-5372
4144
-440
3610
934
-7761
-9559
-4621
3613
2280
9950
298
1262
7285
-2734
2541
1286
-6488
-6500
2663
5252
-2737
446
-7746
-6987
-4549
-4445
-3176
4860
3025
6461
3492
5569
-6364
5108
-3674
-8849
-1945
8214
9770
6852
933
-9479
-651
-3260
-9094
-5932
805
-8548
-8627
4182
2163
-2888
-2840
8341
-5139
7696
-8191
-7705
7036
-1135
-4807
-9146
9003
-9666
3118
-404
4262
307
-839
9290
-2596
6078
-9081
-9268
-6827
63
-6678
-8727
1912
3088
-2166
3120
-9339
-7766
4704
9582
2035
-3667
1163
-4704
5046
-7869
4007
8082
-8132
1699
-9058
-2049
9759
-875
-8469
-4833
-6685
6287
-5680
1174
6448
-9267
-5369
1921
3847
2553
8588
-3422
2474
-5212
-6677
-5896
3533
5201
-7286
5432
-4890
1476
-1459
-1406
2111
1247
3347
-9761
5643
8767
9847
3777
5900
1800
-8582
1014
6827
1823
-9587
2651
-2786
7205
7713
-2706
7887
3504
-3875
-1051
4004
-6772
8889
5492
-2555
3669
8827
7671
-8972
8501
2188
-8962
-6409
-4918
9417
-5646
8339
-8451
5603
-3297
-4013
-6686
4682
3944
-9465
4306
-6704
3910
2078
2746
9418
-7015
-1575
-1421
4122
4666
1417
1415
485
9063
1255
-5673
1412
-7633
-8829
-5490
-6424
-5865
-1789
-3712
6808
2554
3315
-1137
-2144
-3447
-3323
-637
-3227
-6912
-941
-1034
9748
7668
-7054
-5448
-8412
8046
-6345
9649
2878
5483
-1708
1214
6231
-1837
-5009
-856
-493
9741
4144
-4944
-7973
-5461
-6598
-567
8796
-5695
2807
-5894
-4604
-4372
-3671
-358
-141
-3353
-7258
3529
7227
2952
7389
-2971
5646
6119
4870
4125
7800
5818
2568
4492
-7441
5008
1842
6557
-4489
9282
5966
2708
2679
790
4058
-1447
7614
-2622
-9133
9402
-1026
9917
9390
8080
7342
2897
8162
-367
5552
-1006
-4810
1828
7081
5560
297
4857
-7180
9567
-3139
5645
-5515
9322
8754
7566
5868
2678
6891
-3373
7397
4103
6487
-3618
-3336
-7963
-3658
1404
1008
7642
-2608
2376
-7338
533
2216
-8175
9562
-8810
-4124
-2807
-377
6926
7209
3614
-8870
-1274
7790
-4328
-9716
6845
-3431
-3950
5348
3286
-6672
-3209
-8683
236
8765
766
-9938
1740
1060
-2961
-638
968
-4352
-4187
6081
8637
7442
2817
-8714
5849
-5369
6892
-4700
-3547
-7404
2141
-5416
4627
6722
3202
-8957
-4251
-3625
-3481
-3444
-5790
4636
6908
210
2887
-4944
3878
4995
-2679
-2301
8392
-1616
7246
5630
-8853
9583
5892
5843
-4238
-2126
-7355
-2703
-8855
6319
-3518
6622
4701
8687
-4298
3455
799
-8754
2029
5251
8108
-1381
-8478
9673
7774
-9404
9226
4353
-9263
6047
-8062
649
1228
-328
-4647
4639
-9557
9897
-6366
6142
7259
3831
9066
8270
-3718
5542
4355
7638
-5162
8690
-6224
-2086
7085
-3126
-2252
-2937
-4017
2074
557
2093
7583
5576
-8280
-2239
-6774
9093
-4806
2269
1893
-6783
-8531
4870
3159
7800
-1589
-2311
2120
7991
5370
3693
-5712
6955
5568
6528
-8420
7881
8256
9307
-8
-8323
-4930
2959
-8937
8832
4431
-5599
6010
8247
6428
-2018
-7941
-5715
-1065
-360
-7172
-4509
-8116
-7118
-7126
-1918
1707
-7233
4471
-538
-3177
-2456
1026
-8795
7342
4414
1375
-1012
1891
3397
-9717
8632
2680
2061
8514
-1695
-3390
8130
7835
-9957
-5895
342
-4916
993
2067
1012
-4662
-3549
-2713
-2687
-1577
2387
8689
-8963
2354
-8214
-4831
-3216
-1034
-4550
1439
-7634
-1094
4867
394
-7425
-7702
9903
-8267
-2669
8204
1502
9339
1787
-579
3104
7280
-5018
1225
1451
-8525
-9253
9415
8145
-473
5136
-5013
2216
1594
2271
6316
-7513
-6745
-890
5461
-5222
-7330
4559
-4464
2794
1450
-9739
-7519
6509
-8722
2679
-6793
-1268
2693
-4954
-7257
-7688
3994
-7819
8628
-4590
-1375
8685
-5564
-2931
6932
-649
-5837
4491
7916
2659
3879
-6554
6886
-224
8598
9312
-2432
1595
-1370
-3095
-6340
5920
-54
2561
6987
8260
-2733
2139
-481
-9361
-7986
1814
-1501
4141
2051
1812
-5451
184
-9905
1412
-5325
-9438
9180
-4418
8790
-652
7340
5363
-8792
-3548
9315
-430
-9217
-7020
-822
1029
6602
-1924
2521
9059
-9470
5767
-7593
9909
-9243
6615
-5616
6591
-4569
314
6912
9632
6476
9563
-2769
-7147
4328
-2142
8278
4937
7474
1234
5762
-3366
4284
9802
6870
-6555
2039
-6854
-561
-1922
-5436
6712
-8232
-6932
-553
546
-3317
-5841
9117
857
2367
-6756
-2712
-7647
-8484
-8285
3
2670
-6726
635
-7358
-7263
3206
2627
-3918
-4465
8440
9545
-3143
7993
-4388
-2410
-212
-4482
2964
-8000
2384
9452
354
6157
-3194
77
2023
-9469
2774
1153
1609
808
1841
-9341
5435
2410
6633
1238
8449
-9289
-1890
6862
-9590
-4098
-8457
9244
-7290
-2950
5880
2253
9578
-7594
-3855
-854
1153
-3441
5892
-5564
-5272
-5303
2868
-5437
5447
-2046
-7743
-4635
2972
7503
9048
-4198
-6603
-2117
-101
5562
-1184
5708
6690
5868
3953
-4272
3748
166
-4115
1672
-8121
-2587
9501
914
-9409
-1434
-8105
-7699
-6778
1976
2838
-1101
-6168
-4126
-3382
-8266
3741
4765
9210
947
-6828
6538
-8645
1922
9795
4831
9745
-9965
1373
5765
-7779
7997
-5917
-5311
3019
1279
-8731
-884
-3799
6192
-9155
9993
5726
7182
741
1985
-6646
-305
-5214
7064
-9404
-8120
-2634
-5965
-1379
-8407
7814
6208
8684
-5318
3843
-3776
1928
-6852
-7162
5182
4699
-4390
652
-4979
7659
-6176
567
7406
-1947
-6660
-6557
8073
-5665
5208
-2549
-7426
8338
-4028
-1123
-3733
-4116
-1248
17
-3118
-1810
2234
-343
9261
-6322
9395
7996
-9337
-8276
6
-926
2944
3737
-1997
3796
-6297
-9662
8073
-911
6557
-8931
1733
-5160
-7753
5577
-5614
1312
7141
-6263
7634
2224
2298
838
-2351
-6105
1542
3987
-4472
8266
-3066
-7121
1412
-1005
5704
-1003
9432
-611
-9608
-1161
8199
2735
-7215
-1174
-857
-6291
5671
6527
524
248
-6246
9247
1894
614
9808
9321
-6611
-4493
7264
6962
-6911
5442
-2626
4901
4543
9573
2726
-926
-6624
-4730
9926
-7461
-9378
3251
9292
-7078
-7825
2373
-9988
-7355
5984
8022
7652
591
-3285
6001
-8261
-692
8052
-2690
-6351
-5501
-5074
-5594
-938
-9473
3758
4637
8904
-1846
-7987
-1005
-658
4894
-8647
-2123
-167
-6923
7164
-4202
-9415
4326
8088
-9525
2574
-9878
7670
-1938
1426
-9007
-9200
5028
-2413
-2950
-4924
4248
-7547
573
6045
7845
-9089
-2958
4667
-3689
6852
-8957
-7751
7376
9115
219
-945
-7255
9793
-8022
5431
9690
506
-2562
-6154
5617
1538
5246
-791
-3735
-3108
-5180
509
6200
8640
4495
331
1373
1495
-2463
2129
-9021
-2705
-1282
8973
-7916
-297
5820
4685
8650
6776
384
7672
9380
5239
3371
2947
-9184
8136
-6867
-3661
-8108
8390
5680
-7707
7629
-5104
-8819
2694
-5960
5543
-8085
1008
-3963
-3029
-5910
293
5189
-283
-4431
1959
9247
-240
6368
-565
9874
-1671
-9869
1300
1091
-2599
-5439
-6545
-8340
-1111
6021
1693
-941
-1892
6943
5761
-8461
-2674
4518
3295
4973
-7181
-3370
-6891
-7081
-5040
8380
-9890
5211
-2733
2871
-8545
-7722
-8475
-8619
-1004
7890
-5554
2244
234
8412
6465
9681
-3889
-8436
2664
-9594
687
-6726
6775
3400
-1051
-2693
