-9023
887
2973
9596
3522
211
9641
-5637
8776
-9818
-8183
-5321
-9289
-6364
-9442
-2624
-9932
-2486
-8854
-6937
3549
-4991
5703
-3875
-1238
-6693
-4877
5815
2525
7231
4220
-4025
3837
-5189
9639
-1089
-1482
-8824
5323
2408
-1405
-7541
-127
-5845
-1700
-2093
-7445
-5355
3357
6138
9504
-4282
3455
-4312
-790
-7951
8313
6000
4270
-9678
-3352
-162
-1995
8569
-3110
-1146
1041
1373
-2722
-8835
6568
461
6609
2742
-164
-6630
7124
6704
-5727
-2718
3324
-9261
4646
-9328
-5547
-1724
3734
-7645
-2564
2957
-1604
-6267
6756
-370
-9716
-8413
-3009
-7855
-510
1695
-4458
-8315
-5059
7460
7724
-9588
7662
563
1482
8143
-5040
7431
4969
-2817
9484
-4829
2248
4004
6498
484
8490
-327
-4371
-9992
-2517
-6268
-1968
-6366
-8484
-6228
9092
8117
5880
9401
-3564
3634
2806
9289
7536
2357
-59
-4074
9064
5872
-5770
5616
-2783
-1795
6149
-5073
-7643
7709
7883
4432
1781
-8328
-7207
7707
4557
-4043
8144
5147
3205
-4917
-8120
-7811
4816
-50
-2067
-3350
-5988
3216
718
-4303
-6910
-6633
2290
-1185
7938
1326
-9152
8131
-3544
462
5178
-9855
5205
5154
-9072
-3171
3176
-5926
-3352
6046
-1768
-5354
-3376
-4877
2054
3697
-6750
3697
7763
2960
-619
6538
-4641
2024
-6801
-8941
3250
-3899
-1962
-4107
-1760
5954
6668
-9178
-7665
-5165
4550
1945
-2568
6886
-2082
-7865
-9095
-7028
-9636
-9492
-3128
-8206
-9388
-5910
2263
-3446
4566
-5791
-2753
6365
-6857
-576
3803
-2762
9364
-128
-3887
-9995
8166
4778
937
-1491
8217
-6573
127
-1902
4124
2544
8413
-678
-9793
7413
-893
9677
-7632
5086
-9349
-8947
2058
2648
668
-4511
5750
9258
-2799
-4828
-2346
-4672
7036
4837
9730
7456
-742
2122
9951
-9014
-2297
-8494
4529
2812
762
2751
-2864
-2200
-9923
8911
9008
-2926
-4622
-4101
-2651
7401
-8815
-1231
-4114
-9604
-8006
608
4003
-7978
4169
1230
6017
4149
-2305
-3408
641
7278
-6894
9243
2727
-7085
-7612
-4255
-8146
-860
3712
-6850
-8416
-2466
-5555
-3640
-5744
4040
-4696
8705
-7286
-1068
6785
-3093
-8811
4552
-6730
-5888
-5725
5215
2912
-7175
-8752
-4370
3342
-9021
9991
-6886
-3401
3512
-3685
610
-3036
-2217
-9263
-2387
5155
-7836
-3500
8938
1529
4037
-5820
5491
6815
-9730
-3868
-1116
-8919
3508
1649
898
5900
-1795
-3175
8521
1352
944
3671
-2775
-4211
-8260
2070
-5555
3676
-3826
3559
-2357
-6668
-8641
7969
1892
-7924
5213
-1972
9815
-8830
-190
-6938
8347
4774
-1901
-5661
5537
-2076
981
-5805
7436
-392
471
2685
-5887
-5971
-2283
7092
-4012
-7150
-2503
509
2826
1030
9935
9258
-2264
-1072
2945
-9014
-5664
7641
-9591
-8609
3371
2530
8271
6357
-2963
6473
1933
-6955
-404
1084
-2578
-6633
-1105
-7647
-5444
5449
-2945
3664
4049
-5038
5388
6169
3230
-750
1508
-1959
-7262
-437
8864
7479
7738
3130
9670
-6793
-3509
3241
-2536
3937
-7119
9175
6430
-4936
-508
-5372
-9663
8925
-7939
2419
427
9141
-1174
6554
-6931
-9178
-9395
-9804
920
-2133
-2956
2837
4884
-3037
-6634
7814
2466
1360
3176
7097
7339
-1589
238
9383
-3378
-9465
5403
-7789
8764
-3828
9446
5683
-2819
7633
2729
-3630
-1109
-9383
-8872
6056
-5871
-9094
2494
7397
-8396
9322
-9508
-2971
-7301
-2467
-440
1107
-3324
2786
-7040
741
-1640
9714
145
-68
9316
-8949
6628
210
-9969
-8967
-3894
6508
4113
-676
5981
2310
-3285
-509
-6591
-5539
-6195
8422
3010
2164
-8203
4895
5170
8477
-5076
2373
-8217
8713
7489
-4664
7123
6916
1346
-3415
8890
-5741
-4254
7036
-6831
1045
-8502
998
-3511
-6600
4081
3086
9832
8398
40
-6699
-1655
-9569
560
-4611
5850
7632
4656
4602
-3201
8780
-7373
3023
-5160
1954
-1435
4611
-2397
723
7876
8515
1169
-9626
9645
-2047
6917
952
-4625
-560
2308
-6024
1250
-27
-1424
-5445
5598
-312
-7027
2696
-4844
-8804
7186
-168
5509
-7957
-5277
-3932
8641
8268
-9602
943
-9450
-800
7509
4346
3966
-2964
-793
-8632
2305
8106
-2144
7509
3377
-3025
5295
-3932
-4927
1589
7172
6408
-6143
1828
-5028
9005
-690
-8757
1813
3970
-962
240
-6530
4704
-6994
7527
6583
-9505
-2600
-7063
1440
5057
-6929
-5683
-9676
-9577
-6567
-9302
-9210
1267
-9014
1038
9259
2806
1634
-4307
-7408
-7541
-143
-7677
-1688
1746
1365
1945
-7970
921
-7586
2941
7842
8107
5723
2394
-8865
-3201
-5522
2838
851
3328
-7214
-188
7298
2030
-3994
7847
7064
-6471
6093
6778
-8877
8103
-5488
-963
6939
3457
4892
8254
-3720
-5358
7142
6491
708
-3197
-9264
-9648
-1523
-2270
6336
-2933
-7445
-3647
-9045
-5570
-2707
4366
6995
4158
-4849
3399
-5698
6387
-775
-1930
-5978
-7178
2198
5871
4224
-6752
8716
-849
-966
-1543
-1072
8046
-2710
-7919
3009
-9190
-1558
-5975
8533
2707
-9181
-9505
171
1222
1768
5720
-6983
-4571
9790
6083
2319
-7437
-5399
734
-3062
8947
2297
2054
-8484
712
2402
4928
-3475
-7303
1795
-9254
-2211
-8331
711
2168
6801
6838
4182
1388
-5050
8976
8724
-7904
-2918
-3482
2142
-8251
-6184
-9596
-5778
3603
5460
2132
5245
2713
374
1388
9751
-4351
-9211
-3557
4283
7508
1147
-801
3548
-2995
2756
2919
-5891
160
599
2227
3943
-6273
6704
4292
-6273
-5900
-2210
-1120
2375
4440
1600
-6455
-648
9380
-7401
9400
-3199
-544
-1949
-6133
-9861
9870
-8650
-2726
-6072
-9942
6486
6634
-394
4155
-9470
-7499
2261
-6217
-8870
2208
95
301
-1091
4935
1697
4303
-9509
-7163
-3605
-5758
8438
4186
6948
4015
-6055
5459
3623
7046
-249
-7277
6284
-830
1548
-59
-1986
4677
6179
4863
2814
-8553
5876
6365
1005
313
5005
8043
224
-947
-1673
4685
-2666
9381
5557
4324
8616
-3961
-4037
7889
-9864
2349
-7300
-3882
-382
5271
5415
-2428
1293
6937
6613
1735
-385
-791
-1730
-4301
-6078
-3526
-342
2253
2539
753
9476
-5275
7129
581
-1654
-1616
374
-4886
-3981
1313
-6899
-381
-5526
-4242
1891
-9221
2275
-7316
6532
9533
8610
-4258
9087
-1959
-3208
-5501
1394
1774
9488
-1109
6349
170
310
-81
-4970
-605
-9807
-5957
5971
137
-8232
-7046
9617
1663
-3491
797
-2156
-1458
1815
8585
6839
-8863
9754
-8481
-1772
-433
8555
4630
-8121
466
3021
8713
7069
-7587
5191
6552
-9268
-2420
7575
-4745
-351
-649
2059
8773
-3872
455
-2462
7038
9821
-7209
-7082
-8523
-539
-5809
2720
3194
960
-6378
2597
5126
1076
873
8119
6632
-3418
9990
-1274
-5010
646
-1790
-3858
-3080
5988
-5477
-9065
-2576
3915
5111
-7427
4282
-4085
9196
7666
9779
-3374
-8786
3193
5403
-527
-315
4812
2233
-8627
7017
2167
-5562
-6639
-4595
-854
2278
-2609
2992
-4812
7103
2583
2385
-8480
-4486
4281
-619
4548
-2812
-9888
593
-3050
-930
-8130
-3191
2768
-8180
-4231
-7167
-9611
-5921
5001
4251
-8853
729
-7281
-7267
-2604
-631
4561
7561
2946
1100
4642
6974
-4272
2843
4250
-374
486
-6682
3381
-7153
3287
-6819
-2902
2019
3238
-5026
-9644
-2288
9190
-879
-1535
-248
-9312
5438
-269
-9092
-9860
3231
-777
-4997
7917
7575
9051
7665
5548
-6686
9978
8715
-3721
-4587
-8208
618
5691
-7813
-1906
-343
-7374
-3818
6551
-9361
-1388
-179
5937
1432
8795
-4326
7833
-12
8827
4579
-6304
5677
1377
-5353
763
7224
8973
6872
-4666
2370
1141
-2598
-4423
3177
644
-915
-1395
-5436
5037
-7054
6344
-7043
5893
-5696
-8864
2663
9795
6112
-6863
3502
406
-130
4040
1203
9783
-8615
-6843
-5257
-6092
-2788
6565
-1141
1518
-5630
7350
720
-8145
-2961
2759
-7131
-3008
6078
-7890
-4689
7157
7513
2311
8426
-2485
4793
-8147
-3056
-124
-4564
-752
-2952
949
-923
-4960
7102
825
9533
4815
9439
-3627
-7999
4666
-1230
1921
5573
2116
9421
-7099
531
-4008
-3682
1656
7441
2176
8304
-3390
4966
417
-3693
-5421
-639
-2765
-3673
391
2098
-1819
7038
-5326
-8633
-2299
987
5267
2360
457
9774
-3104
4231
-5793
-8424
-7033
-2863
6014
-7154
-4776
-4808
-4626
436
-1760
-1843
5227
-8539
8953
8159
7210
2500
8274
-6099
-2061
-4699
9969
-9015
7789
-1830
7049
-7400
138
9100
-6263
3923
-7630
-3853
6975
3450
-2814
848
7002
3635
3814
-9094
3683
-8542
3986
8614
-8598
-9862
-5589
9562
2354
2872
9191
-7543
-3126
3925
-9419
-7064
8882
-2978
-1554
3153
2881
4811
-6156
-7121
-9002
4743
8180
2603
8949
6646
1662
1723
-9621
7647
5437
9228
-7536
58
1509
-7676
-6991
6003
-8663
1679
7057
-4643
6922
-2910
1996
7293
3135
-7412
-5790
-8209
7393
-353
6667
-4524
7685
-7598
-7279
-9728
-7804
-7037
-5950
6346
-1401
5231
-9464
-9417
3065
-2450
3667
945
3219
4148
-5187
4304
714
501
-3829
8831
-848
-8926
7796
-3316
-4747
-5062
7319
2223
4007
-5446
5007
-9465
1830
-3339
-7776
-9335
8298
8062
-2289
3241
-612
434
-3750
6828
148
3845
7405
-6808
6130
-4669
5389
-5571
-6398
5897
7963
-9516
-5912
9189
-8001
9595
1842
5312
-5179
8844
-7446
5140
8415
855
2706
-916
5234
-7741
-9286
8965
-4500
48
-447
154
3911
-710
505
7241
-4419
9316
-1219
-8146
4396
-141
1958
8722
-8933
-9903
-4595
9513
-2733
8979
-1582
9123
7886
2910
8290
-4390
-6932
-9054
7519
3574
-2607
6509
-5293
8056
-7714
4125
-3772
2330
5362
-181
-2011
1105
6253
3278
9409
-1327
-6722
-9406
-237
5112
1716
-8513
-4911
3847
-9348
6396
-6929
6813
4646
8589
-8461
-2737
2070
-5486
5790
9413
6051
6439
-430
6059
-8955
-9956
141
114
5141
610
9569
5442
1809
-8729
-5779
-9503
-6534
-8954
-7214
-4250
-4309
-115
1771
7816
-9817
4252
-7651
-4202
1386
491
-9103
9577
-8350
-132
-9089
-5027
3209
-1521
979
-4672
6768
-9136
8036
-4298
8812
3604
5212
-1411
-2640
2800
-6259
1550
5331
6857
708
-3897
8228
-1663
-5417
-9942
5890
-5514
-9378
-579
2454
-7687
-3587
6987
-7649
-3786
-2141
-9308
-6507
-5213
1783
-2788
-3640
2778
6215
9429
-5085
3601
7725
-8129
-5079
-9682
-6643
9198
-2688
-8432
7987
-1405
-786
-3413
9669
-5684
5376
-6371
1867
-645
1382
3830
-5602
3639
7732
-2570
6243
-5686
-5635
9559
-3684
9513
7918
4888
890
364
-7596
3464
-9022
-6466
-4569
-8192
4406
8632
212
2849
117
9222
7098
3568
2744
-8219
2195
5901
-8265
9280
4535
656
2429
-695
-7988
-7595
-229
-6111
-5941
4663
4448
-6391
179
4810
-6808
-1917
2693
-3141
-3374
579
-931
-2418
-4005
738
-8790
-945
237
7693
3013
7399
8454
-1968
-6120
-4288
-128
-1066
-4003
8776
4549
1398
-3930
-627
-1326
-684
7343
-6552
-8320
-8419
-2391
-9252
3516
-4923
1464
4222
-1590
-6164
4854
-2482
1178
-7031
-4006
-6174
-5071
-9456
-8532
7084
-1195
7085
-2906
-6052
3989
-2460
-5123
-9572
-1572
7055
-5749
-587
-9612
-1241
340
-3606
-2889
4447
-3130
6809
741
8846
7448
-2154
-6243
-8582
9717
5911
-3030
7989
4245
8924
-5683
-4038
1699
9937
-7684
3626
-720
7232
1237
5017
8410
2596
2367
-5042
-7047
384
-8014
-6081
4271
9255
-6560
-9999
9858
9300
8481
-2755
-779
-9659
9302
6466
8888
4567
8355
5440
7439
-1415
-9395
-8587
9253
-133
-9227
1630
3554
-3943
199
9520
1673
-8811
-6082
-404
2790
4953
954
4332
3573
-4663
2895
8674
7097
2275
5310
9073
2534
6156
-2514
8632
-9618
4998
571
5253
2507
5332
1363
-2242
-8677
-304
-2931
-8647
-192
7684
9075
5273
5506
-5541
181
4925
-5955
418
-3136
-7553
3028
4132
7430
1458
3082
7773
2198
-3205
-1271
6874
7684
-5693
-5497
8978
9256
687
3563
6432
-6211
-83
143
7675
9214
8558
-3591
918
3689
6715
3708
8252
-1384
2255
3535
-9703
1217
-5271
7358
9285
5615
-9366
-6303
-5780
-8997
8253
-7825
-544
9760
9842
-2398
899
6437
1209
5157
-809
9634
-7868
-1490
5812
9062
-6646
4012
7392
5415
-4514
3803
1933
2360
8447
-9792
-4543
-1881
7945
-616
-1231
4547
3440
2675
715
6353
4336
-7901
613
-5759
5590
3606
-3052
-1753
-9493
461
-2003
-6815
-1657
3033
-2115
-1512
-3756
-1054
-4754
-7867
-1908
-1068
-4246
-5327
-4739
-9674
-6528
9410
-5998
6993
-6222
5239
-9261
3856
-5566
-4523
-5962
3452
-8057
7353
9910
9084
7870
6564
-1076
-2880
-1779
-8014
-9482
4461
-9161
8846
-5306
-7580
-1546
-1125
8804
8727
-8447
-4057
-9545
-786
2570
-1937
8315
-5930
-5286
7383
-8168
6669
2557
-1745
6034
446
-5835
3881
-3508
3049
1301
1469
4735
8557
7928
-2950
8571
-5736
626
9803
-4127
2300
-5687
-3699
6644
2931
101
8956
-981
-2175
9468
8642
1151
8874
4995
-9915
1054
4776
3834
-4728
5338
-4503
2182
-2650
1939
8126
7310
-3808
3611
6189
-6589
-1925
6228
1388
3642
6593
-8912
-1667
197
8952
9832
5993
5421
3196
1583
-7542
935
-3375
-2103
-4130
942
237
-1899
3078
-1654
3539
-4423
8728
3139
-2053
5456
-6640
7753
-737
-343
-129
-9277
6265
-4364
-1988
-6624
1093
8256
-1182
3039
-2149
7471
-4299
-4776
-3970
9778
-8835
-546
-3827
-3756
3176
-1806
-5008
3352
1321
4664
-1012
-5427
235
-4158
2235
-6891
3965
-3225
-4483
8422
5079
3370
9606
-3543
3445
-9807
-6561
-2252
-6539
152
-9740
5966
4086
-4761
2145
-7449
3911
-7362
-4015
-75
-9674
-5765
3987
-485
-7456
-7438
-9509
4740
464
-701
-4084
7618
-4918
8721
6916
-401
7925
9109
3123
-758
-7713
5561
6329
7412
-7721
9623
-2941
-3214
-7761
5605
1892
4893
-672
2026
6491
2649
-8802
-1914
2951
5871
-8964
-5171
-3403
-8491
4201
-5086
7089
2541
-7955
868
-434
-8990
-5078
8923
-4565
-8054
2828
-4868
-5990
1328
-8317
-3327
-4476
127
2854
-5418
498
-5686
6977
-1036
-5263
290
-7052
-29
-2537
-9860
-1731
431
-4211
3864
-1105
-5911
-6980
-2277
4707
-2007
-5756
-9665
782
4083
2921
7014
7561
7686
5031
-9023
5013
-6817
9856
2161
3450
-1536
1736
-5437
-389
7494
9344
-2051
1665
1983
-6946
-1120
-4860
-4127
4165
-9749
6880
-6400
7133
-3857
-8975
6834
-6293
-6134
-1731
-4194
-2048
-7005
-4817
-228
1036
-5715
3818
-3368
-2318
-4159
-9817
4138
9118
-6636
3650
6488
9689
5742
672
-6701
-8622
-962
1480
-8205
-8173
-4181
-8327
5383
-1192
-786
193
-2122
3851
-2404
1137
-840
-9974
1110
2536
2579
4376
4058
-5726
-1736
-7273
389
5211
28
-4968
-9785
7689
4781
-879
-4608
3302
-2671
1856
-417
5466
-6591
-4454
517
773
-2226
2936
-5687
-6712
1328
2009
5437
-997
-1450
-4336
-1596
-9321
7031
-2023
-392
-8825
6637
-1089
3522
5582
-1837
-4900
599
6773
2493
1678
-4021
-1657
-8446
-8241
5184
9249
2729
1764
4005
-8661
1939
9390
6610
-1645
-7732
2043
-3994
8057
5624
714
-8505
-8894
4211
8143
-4552
-8809
8638
-6580
5129
3508
-1928
-7919
-8486
4496
8904
4691
-5646
2564
-8994
-6535
2566
-8460
-6905
2692
5459
8001
914
-4238
-4478
6679
-4069
9860
7148
1300
-2848
5058
-9833
5485
-2560
-2360
-8447
-475
-7352
-6626
8562
-3045
-3488
5974
-2076
-5353
918
-2342
536
9715
-9075
9487
3714
7165
7123
1751
-1325
-2518
-4010
-226
4780
9090
-2653
-5381
5276
-2723
3047
4643
-9991
-2207
-425
6733
9891
-581
6565
6944
6502
2366
-5574
3430
-8582
-1013
-4708
-8109
9243
6256
-6318
5735
-35
-4201
4971
175
-1248
-1367
6496
8473
-4520
-9695
5985
6037
6371
-1660
6337
-9369
-1576
5693
-9346
9344
-4046
-4330
-8666
6206
-6384
-499
-6495
1908
-4189
7067
8144
-3261
4083
-7094
1331
-3000
-2063
-5156
5688
-3523
-5410
-9260
-533
-4888
-6077
-6434
5411
6002
-1881
-7934
-947
7111
7486
-4981
7228
-533
6243
4290
9367
-1809
-3845
1528
4509
-7045
-4315
-2822
7972
-9199
8127
972
6665
6376
4424
-9971
-9798
-833
1147
5808
9313
8059
3557
-3946
8722
8546
-2782
6126
3700
6974
2932
9712
-4015
8067
2255
-418
3254
2580
-5477
2155
-2692
2863
-818
5507
3584
8163
504
6101
-9136
-7842
-802
7484
-1845
-7285
-326
6884
2285
9827
7088
3656
-4564
-2567
3306
-4584
-6864
7767
-5388
6018
-982
3202
9299
9228
8822
-1526
-7232
-177
1084
-2782
-1898
3750
-8459
3424
-134
1511
-8513
-9504
-783
6154
-5617
5525
-4668
3670
9430
3014
-8634
-4992
-3891
2759
-7966
1080
2413
-30
2673
-4394
-4854
-7558
2705
-8523
6712
-2856
-3669
-9666
-7094
-5580
-9345
2364
8549
-8097
2698
-9011
-2190
2117
-6711
3275
-9108
-1878
386
4539
6258
7456
6943
-4111
5417
-2353
-3595
-4456
7303
-1549
-5058
-3873
5224
6045
8538
-7168
-2289
9247
7587
9952
-2761
-5017
-1520
2901
-2460
238
2375
2685
4412
5526
-7422
-349
9708
-1213
-8248
-3293
6398
-4411
-2902
-8322
-4336
2488
4982
-8019
3285
2837
-3838
5791
6741
303
4484
-4061
-7335
1952
1823
5243
-6241
-2999
-4807
-2129
1334
-1374
4122
-4514
5045
-9
2645
9319
1566
-8226
5404
-9418
8861
-1049
-4197
-7040
3772
-5451
-5898
9793
4846
-4372
-275
-6850
9913
-9717
-3180
-821
4012
4409
-9717
7719
3534
4471
7908
8672
-9572
6364
-5520
7405
9281
5394
-1262
423
6790
-6298
6238
-1224
8264
2637
8667
9257
-9858
6440
5908
-8986
-8868
-1216
1549
7921
-2278
1948
3160
-4120
-2908
-6433
-165
-9408
-1621
67
7885
3541
7337
5790
-1783
-6432
-2800
1606
8861
-1622
6437
471
7201
2554
-4993
1570
-2827
-8892
7502
4058
-7813
-5414
-6598
5141
7729
-1581
8820
-9451
-1597
9889
-9770
8040
2402
-5850
1923
-2396
764
-788
5520
7293
7994
3919
-379
-1625
-1345
-8467
1024
-5798
242
-1040
4492
-6695
2322
-8422
601
1008
7712
7948
4252
-2033
-1492
-9260
1844
6217
-9869
6817
-9953
9759
1110
7723
7241
337
7249
4745
4340
-2486
-162
-9004
7858
9852
-6804
287
8520
-1547
-6807
-9552
3604
-5166
4305
7701
1214
-8705
4937
1422
4945
7753
1710
5462
2431
7161
-7995
5592
9638
6935
-4243
1596
-328
2850
663
4961
8791
9780
-6669
-1012
-5172
-4473
8953
2101
343
-1694
-5412
-193
-2236
-2251
-3821
-3955
-4093
-1172
8777
6136
9856
2361
-6135
764
6154
1198
-9989
-9659
2202
-2784
-5667
-4693
-9215
8952
7903
-1810
6199
-1123
4038
-7617
3760
-7743
653
-7618
3207
-1483
297
3535
-8235
-9858
-7045
-2320
-7399
5012
-7316
4184
-6846
7710
5744
-1445
2793
-7575
-9080
7079
-242
148
9390
2793
-9732
7522
-6240
1846
3995
-453
7232
-1567
5513
-3793
1006
-3200
3184
495
-9966
-1207
556
-8457
9562
6716
4716
-7740
-8242
-238
3345
238
6387
-4011
8427
-6580
-888
-8568
9858
1568
-5573
1242
-6120
9337
-460
2334
-9372
1413
-7947
5574
-1399
2460
-9333
-3573
9736
3043
-2675
3553
-1453
-8677
7218
8051
9478
-9325
-1091
-8477
971
4647
-5670
4645
531
7317
-6335
5675
3105
-5985
-9054
3076
-6820
-3196
-3869
-1998
-1370
-2688
-9370
-7223
7911
54
-3151
-5992
-1353
-6508
9689
-8348
7021
-6219
-5159
9132
-5694
6979
-723
-4559
-3306
-1844
228
8892
6275
-5196
-6189
-1585
-9381
7946
-7621
1392
-3759
-863
-5580
2567
-5415
3606
-2347
5061
-1008
6834
-6935
5673
8535
-6838
-7510
-1286
-6574
-6153
-1269
-7701
9453
-6950
-3770
-8773
-6642
9734
2202
73
1631
9430
9598
-3502
2774
6368
-7696
-8517
-6932
-4409
-3674
-4025
6154
-4567
-2689
1755
-2897
2963
-925
9951
-6342
2828
-6139
-8590
8582
-4939
4640
-8804
3223
9261
5012
709
3275
-9496
-9560
7442
9920
5621
-6570
3586
-3363
9890
4006
8326
2237
8216
-5398
2877
-7192
1333
-9727
-1514
2083
216
-149
2016
-4352
-1020
-9999
-9338
-5032
7892
2818
-8515
7432
7707
-7900
4800
-6170
6107
-7964
-9502
6521
9589
-4145
5866
-3718
330
1789
-7160
-9806
1415
-4093
5819
-8130
-1325
8810
9798
-7399
-9290
-7410
7380
1926
2122
5286
-562
2155
131
-8955
9227
26
7869
-2439
6864
-4304
7749
1062
-2001
-6736
7384
-3382
344
177
-5143
-9325
734
3867
-1015
4476
6415
3658
7070
558
9269
6493
6031
3459
3868
-8137
-8942
4456
9213
7607
-45
-8793
8791
3326
-9881
3984
4573
-7448
-525
-8709
-6423
-8182
-265
-4103
7421
6480
7040
4110
-6027
-9905
-8765
8763
7923
2477
3364
9747
-310
1421
8267
3336
-1931
5679
-3562
-5550
-9679
-3469
3297
-5924
-2214
-820
-1748
5798
2360
278
-9877
4857
-8264
7501
-5655
7457
4300
-6549
2896
-6745
-1389
1337
-8598
8972
2065
3229
-9366
-6813
6934
-1556
-8992
-5338
-4830
-2139
1731
-6831
4201
1300
-2812
-8540
2322
9708
2812
4140
4048
-1765
-8290
-1868
7894
-6391
-9080
2681
9412
-549
-4042
6684
2947
-384
-8658
5423
4636
-5764
-3720
-197
519
2403
4676
-7436
-3936
3794
8756
6734
513
-8842
-4881
-8566
463
1449
8318
-4946
-7209
4877
2833
-9147
-1374
-2753
7482
520
9450
3929
-4603
9148
-3237
-2870
2464
3602
6482
7258
-930
7540
4357
-8437
3954
8060
6552
5428
7813
-2483
4593
3244
-6660
6236
-6197
-4386
-469
-8254
-3916
7724
-6424
7568
-765
-1478
7242
3243
2119
-8140
340
5073
3053
9208
-9638
-9734
-684
-2193
2505
-8033
-7855
-4511
409
-924
9256
3639
9806
9302
-1413
-6531
-265
-7057
-2873
9546
-1018
6739
-5001
-7966
-6655
-2080
9144
-5906
-6859
6819
-1591
-565
3889
-1843
1638
-7366
-6097
-4724
-8738
-9540
-5991
4609
4951
5109
-7974
-7020
3544
6038
9638
518
-1593
8891
-4188
-9454
3094
-9887
9872
-2694
-7097
6076
-2527
6516
-2543
-3757
9998
4088
4200
7120
-890
2865
-6018
-6467
-3981
410
-9729
-4471
-5484
-3512
-3464
-2598
8660
1328
5076
2656
504
2515
9072
-5104
-6490
8927
-6143
-5342
2934
2162
5036
3276
-7712
3059
-6889
-1974
-2619
-5432
8803
-4946
4125
-9274
-5428
1066
1113
-9992
3689
9190
-6102
821
-320
6672
9748
1283
9744
-6725
1692
5614
1800
-8952
9003
7689
1261
4517
1010
7628
-9384
2259
5111
-9501
-1401
1374
1158
8700
-7111
5434
1673
-6012
-8118
9905
-3440
2590
5200
-8174
-6018
9167
8334
5126
-4704
4446
-7177
-4060
833
-6308
-1425
2091
7645
-5446
6491
-363
7101
8977
-7045
-4907
-3286
8750
-9012
2400
-5393
7978
-3088
-8218
7146
-1756
-6308
-81
6953
-3608
-1384
-1320
2229
892
4411
-897
5766
-9369
5182
3146
-3911
7058
1191
3813
-2103
-5047
-5861
-9829
4244
9657
-1756
-744
7133
-6267
1788
9446
881
446
9873
-8089
3190
3899
1601
-844
3761
699
-5387
724
8594
919
1301
6268
-9078
4927
1686
-1776
5761
2824
-2491
4531
-170
5774
6103
-3737
-1181
8387
-9136
-9204
-5349
-8669
-6972
8196
9763
7514
-8158
998
4657
2311
7679
-3707
-1651
-4841
-6411
2987
8804
7750
-3999
1390
-7211
-9728
-4155
7950
-4394
5038
-3327
279
-7376
-2045
-8202
8514
5397
5195
-2639
-1083
3581
5751
3757
-7070
1335
7613
7813
-5324
1092
115
6007
820
-1399
821
-4762
1874
8604
6342
7724
1519
-5270
-969
-8868
-9674
-1201
-3128
-2340
-6286
-8095
6963
-7699
-2742
-7684
-11
-9519
2451
-911
1690
-1864
-9466
6294
2167
-2529
9333
-7185
2099
-6661
1944
9065
8129
7604
-9410
-569
-6330
7092
2639
123
1951
1549
3755
4217
-98
-4579
4340
-4685
-3400
6457
2392
1431
9948
601
-9777
-7376
-3884
-7184
3289
690
9569
-2334
6684
-2879
6194
9977
3655
-4144
-9454
-6366
-6043
1195
5657
-184
-9625
3813
-5313
650
8050
-3729
-9840
-2245
-6519
-2192
4435
8474
8620
3125
-2554
-4274
-5122
-4746
967
7863
-2752
6733
-4467
-4849
9402
9206
1941
1859
-5638
-9315
-7889
-8267
-5385
9715
4718
3499
1675
-5997
4704
-1932
-5316
7497
4934
-3052
-5587
1717
-2211
-1866
8939
-8095
-8906
-897
6441
1640
-7716
-6171
9468
2049
5431
3305
9234
8481
-6942
7025
-3141
-9334
1215
-693
-9057
4875
8645
5698
4360
5854
8446
2758
8514
-794
2693
-6437
-3648
3451
-1557
-7835
2454
4320
5047
-6303
-873
-3631
332
8292
2962
-6042
-4223
-5854
6097
-6560
-5706
7634
-8824
-8098
5099
-7229
2641
5542
-3714
8077
8809
-9057
9390
3734
-1454
-371
-2303
-8700
4238
2473
-3716
5051
-7220
9364
1497
7166
-3306
-6606
-8293
5899
3075
-5473
2948
6124
-4405
-2308
3146
-5017
9461
4297
1489
6403
-8028
3091
5457
-5668
-8519
1304
4866
-5799
-272
-6930
-4000
-5597
-9181
-6136
-5738
819
5594
-5908
1792
-6209
3724
-8307
2120
-5698
-1742
-6316
7248
-2175
1531
6409
-6462
7466
4342
3137
2567
-6767
1293
792
-32
7560
-430
9651
4199
-6430
6321
5861
-6728
-374
2538
4851
-6782
9470
6562
-7123
-2866
9541
-8342
2023
-9143
-2888
4211
-3284
915
-8861
-6562
-4653
-3539
7785
9000
5315
9133
7198
-4433
-5202
202
-7876
-6395
-3207
5255
-1840
8373
243
-4103
-6566
9744
4035
5172
-8913
3532
-2168
-4697
6762
-6785
4661
-985
4088
4461
-850
-3571
-3376
-317
-2824
-8954
-6849
9905
1576
8309
-4531
1081
5099
-4803
-4816
6218
4266
-4799
366
867
5721
3145
4751
4932
-9492
-958
-4408
226
2742
-2461
-4820
5161
-4589
2942
5057
-4742
2015
-5265
-4673
8760
2164
-4661
-1904
1831
-6077
6438
2074
-762
9976
-3671
-768
5790
140
6980
104
-8771
2375
-2991
3065
-8311
-7202
8746
7023
-9541
-9609
-1285
-7734
2856
1300
-8103
4621
-8899
763
-9482
-9957
-786
-6490
7623
-1126
-4444
9938
6325
-5310
9380
-2911
3574
-5093
-56
6818
5957
6274
-9267
-8020
-9101
-9452
-2611
7230
-2918
7613
-9805
-8035
4657
672
-149
-534
4665
4349
1200
444
-967
6546
7893
-366
3882
-1431
-9980
-3281
-219
-59
-6507
-4865
-3143
-1415
-9348
-4706
7821
-2113
9008
2347
-2330
2605
-2102
8628
-8491
3260
9286
9700
-8341
959
7309
842
6251
148
1855
-8948
89
-8113
-2776
-53
-3247
-7413
3281
1375
1674
3423
5249
5672
-4099
5150
2337
7079
7152
4611
-5961
-4274
7237
-4020
6322
8158
1639
-1081
-6597
-9423
7664
-58
9172
7500
-1623
2789
-7472
4952
-9740
-6824
8872
6265
-9790
-1817
4948
-4100
-3428
-3493
-7441
-3796
-8511
1047
6501
-599
298
-8801
6918
-1896
-1757
4009
-8709
-438
-658
-9188
8620
707
7202
7329
2874
2270
-1968
9309
9826
2499
9685
-9977
6913
-6293
468
9142
-7301
-5283
-2712
-5456
3134
-519
7036
-2347
-7840
-2303
-7085
5548
9942
-945
6361
-6908
-6457
-1401
-5230
4571
8263
5206
-178
4870
2460
-6386
3811
2213
6611
627
3591
3284
8630
-7651
-123
-438
-9932
7702
7675
2395
9226
-6001
-9236
-805
2521
-1762
-6669
-6534
-7929
-2364
3398
-1859
-5310
-2270
-3780
-8288
6778
-2767
-6431
-3102
1413
6978
-8213
-2023
-2930
6264
7939
-8921
-336
6376
725
-3486
5334
-4024
6941
3877
5929
-1078
579
-4498
-8678
-2578
-687
-2433
3011
-4094
4114
9224
4157
2502
1610
-6672
3933
7644
-8925
-7764
8886
-8144
-5504
4760
5567
-4056
2893
5140
-3200
9378
7797
-4268
-1332
-3796
4824
3131
-838
1428
7961
-3648
-3773
-3238
8779
9846
-9111
-3218
8695
5830
-2390
5527
5060
254
2219
-4582
1983
4198
-7029
-3283
-1728
8113
1146
-8225
3703
-1325
2214
-5498
-3957
-2586
8171
8072
468
-5704
-8189
7560
-8572
7091
7735
-8822
7401
-8193
-3410
1928
3487
5595
7962
-26
7055
48
2592
-9975
6079
-2911
6148
-1246
-8169
-9418
7331
4356
-8031
-9534
-1385
-6264
43
6535
8150
-7874
-4920
1116
-9688
630
9306
3650
-9941
5890
129
-3123
8003
-5136
-1538
-7145
1704
6430
5612
5716
-8196
5948
-7142
6799
-2895
1780
-8414
5927
-1380
-3548
-3417
-9352
-7908
4370
4972
-4198
9637
-1852
2893
-7973
-4672
1721
-557
-7969
-5930
1447
-7783
-7252
-7560
-1527
-1221
-8276
5610
-7389
5294
-8617
-1173
-9260
-2058
-2828
9072
-6071
-2415
5590
3384
-8829
-2864
-3379
-8356
6204
-6465
1643
-2302
-1637
-1443
-2452
1364
9281
9341
3459
8444
-6050
4400
1640
-2512
6311
8910
-8670
-7402
9719
-4995
-8921
5315
9640
-9656
3065
-2753
-9251
-4483
8521
7822
4399
-5499
6205
4388
265
669
-6356
-1755
6504
-4550
-6236
8877
-5197
4417
66
7740
2811
-616
-7544
-2402
8429
-8157
6015
4959
9796
-2962
-4394
-2813
789
2524
-2569
-7814
-4633
-4309
-2476
-3867
1859
4230
2856
-3118
-8173
-3959
-5879
8164
1066
-8545
-6607
6551
4180
-9206
4628
9336
6552
-9196
-8315
-5825
830
-566
1264
8621
-657
-3685
8366
-6679
-8592
2386
2533
-2894
-9418
-6048
-4825
5164
4651
5239
6966
-3494
4314
-9963
8317
1557
-2074
7792
4014
-7859
3750
3419
5690
-6384
5236
1044
682
-2786
-3331
-6601
-2854
-6788
10
-9033
-7581
2593
8923
-6001
-6038
-2633
856
8329
7987
-4297
3565
-7645
-341
1201
-7425
-5065
9932
8280
8515
8743
3604
5261
5998
-2306
-8805
-9593
8706
-6470
4982
-4712
4067
2668
2306
-3407
-8942
2541
-9571
-2228
-5066
-1897
-592
-6247
9662
4955
-3532
-6957
6116
4829
996
-2957
1183
-2057
-6341
-3710
-9797
-6047
8697
-40
4197
-1094
-995
6144
-8465
-3513
7738
-1798
-9186
2521
-3556
-2716
1047
-9962
4097
1273
2068
-7482
4453
3253
-4620
-1533
2354
6720
-5589
4805
8163
-2486
7199
6818
-1955
3118
6614
-2121
4871
-5743
-6682
-7124
-7445
-8946
-9758
7105
1705
-6200
-7203
-5310
4074
1541
-2059
-4811
-6929
-4599
-5011
187
6571
3549
1374
-9884
-6999
9344
8244
3861
9610
6865
9648
9920
4749
332
5195
4359
-4423
5007
-4806
7741
1963
-5410
5978
-1262
-5175
-2186
8101
3232
9508
4462
3278
-2391
-7758
-8214
3857
8784
7620
6290
9097
8369
-653
8348
-6147
1015
-4013
-8587
-9577
-9828
7362
2469
-4109
9738
1539
-1428
8909
-9658
-369
-452
-7694
-5251
-3514
-7472
-9951
2728
-7029
4634
-9592
-2195
-5824
893
-9532
2705
-793
4335
-1506
1703
-8722
-9808
4483
8428
6721
43
4723
-2909
6550
-4540
5491
-3513
6849
-5319
-4859
5148
9641
-7865
-2382
-5944
7072
-5761
-9683
6873
-768
-1209
-357
-3521
-9925
-9333
-356
-2074
-3501
-7355
-1229
6101
-1693
4507
1890
-93
-7184
-2648
6624
-8145
-2527
-1356
-5743
-7278
-9646
-7982
-2784
-1623
7895
8709
-2910
-5301
8337
-9231
6729
2798
-341
-9340
2727
-961
-5222
-7753
9707
-7155
9397
-3219
-7330
-2811
1058
-5582
8368
-8396
4097
6738
-6871
3654
4904
-1748
3213
444
-8204
-4118
6522
-9127
-2242
6827
8848
-6081
-9790
914
-9693
5727
9909
5527
-999
3470
2180
-8606
-8545
1613
-4221
7570
-2268
-411
-1581
-5113
2008
-7588
1164
-9533
423
9185
7448
9925
8924
-8860
-4078
6686
485
2440
4852
-8199
-5175
-6275
8682
-7082
-6934
-2471
2349
783
9262
-6889
-1938
4627
-918
-8574
4977
8074
-2812
-913
-7702
2545
8718
-9066
-3060
-7921
1997
1508
7091
9735
-7308
-4395
-9166
-2061
-3764
-6274
8138
6696
-1628
-7880
-3037
3633
9426
-8391
-263
-2466
3156
3368
3598
-7895
-1780
-8547
3563
-8866
1020
5961
-3430
-5304
3857
-7788
3674
-7688
4112
7520
4804
9908
7096
9917
-4799
-6653
1724
907
8812
7879
9527
4390
-1209
-7224
-1412
1197
-5567
-8902
-1136
3602
-4912
4765
-5754
3865
9816
-8107
7680
-4746
3226
3843
-3973
2122
-7422
8091
6875
-41
-3409
-3391
3970
-8448
8910
-9754
9516
-5528
-5440
4534
1597
-2491
8252
-8667
-2498
3235
-2337
-5644
-6865
-9245
8308
7121
-3830
-6202
-6876
4435
-7930
-3316
3705
1801
4160
3016
2346
9503
55
-3024
1184
7630
2579
9719
682
5461
7162
1790
-8735
-3087
6170
7711
-9423
3631
5355
5928
-370
-358
-2028
-4364
-9230
-9424
5836
-7086
757
8341
-4363
2575
-1703
8200
7645
-9792
9523
7135
9869
-3183
1501
-717
4221
3213
8721
1502
5773
7211
3183
1878
-630
7790
7444
-6279
1453
1151
3949
2715
-7683
-7919
-7531
244
5009
70
-6804
-9494
3313
-8540
7026
6279
-6519
7979
-7885
5243
2105
-5813
-7008
4128
3343
7588
7423
-2268
-8885
-4799
448
6194
8601
-3489
-2843
9853
4365
6030
9294
4449
307
-8464
-3098
1793
6496
-6754
-2405
2722
-4478
2043
5084
3304
587
-1410
-7656
-2595
-7608
-2013
8744
-5624
5592
2201
-9651
-7781
4151
-8784
-4448
5483
-5471
9016
-8799
2899
5488
372
5198
-7457
-8477
5823
-4027
9059
3459
7232
-3051
9644
-9343
3865
7644
-9431
4037
-9932
6538
-6089
7794
-3271
-5561
8325
8587
-9129
2270
6316
1470
7055
1063
-8504
-8836
-6781
-8510
3279
8144
-2002
8468
-1867
9477
607
-1352
4915
5117
-4543
-8313
7598
-3538
6032
-1214
9243
2955
-8488
1049
6187
-5581
3802
3106
-9948
5582
-8019
7853
-7019
-5655
7999
2999
2044
-5658
9801
2383
7219
6248
-9588
4939
4910
2677
331
-6663
-9275
5336
-5310
-5023
-3904
1132
-8991
-5752
1514
-2188
5413
6936
-8428
-5881
9075
-9933
2271
725
5624
-8223
958
6306
3033
-7405
8150
9125
4129
8950
-7956
5670
-1470
-3800
8457
751
-2703
6248
-3308
4114
8961
-7914
-7644
-4468
378
-8146
2469
-6116
8622
390
-4651
-7992
-7911
-9865
4323
-1381
6427
8636
-3339
5380
9953
6603
-5870
-116
3685
-8357
-7643
2902
2335
8408
7291
-8589
868
-8011
-4909
-7361
4235
-2923
-2968
-3300
-3001
-4661
6633
-9389
-3114
-4360
4951
4365
-3613
-2171
4643
-2539
9465
7995
7065
6062
-6393
-8366
7091
3833
911
6524
-2751
2648
-9847
2167
3975
-591
-2638
-8518
9706
-6875
-1404
-640
-6957
-5540
3878
-765
9684
7493
-6710
-2337
1531
-9422
-5616
6334
452
-2916
5966
-4215
-1531
3814
-8517
-6864
2116
171
5555
-1994
1241
1287
349
-8897
-3108
-885
8784
-8679
6685
1388
9314
6649
-359
3833
-174
-8522
4761
1383
9582
-8074
-1173
8193
4429
-7025
6669
2556
630
-1791
7059
9420
-6928
-8688
4959
-7692
-1002
387
-5032
-9154
-7240
9596
8584
1584
-9620
5996
4294
-4603
-6205
-9430
-4071
-3775
8255
6312
5518
-7245
-3057
-1775
8831
8889
3889
7621
-7445
2178
725
4685
-1629
-99
-5416
669
-213
1581
6532
8938
-2386
-3030
1190
4396
5451
-2185
-1053
-5230
9420
4005
-9211
-8849
-9268
-7163
-1156
1083
-2561
8281
980
7297
9842
-9236
3443
9380
5185
6201
-2741
4940
5944
9149
6430
9793
-3860
1149
-449
-8003
3136
48
1820
2538
-3219
-353
1602
-3274
179
7088
-6313
1649
-8957
5215
7705
5451
3563
6958
-1763
1874
-2173
2084
-2660
-1095
8192
6480
-3042
-8430
-94
-8495
-5316
-1449
-8342
9772
6105
8489
4002
2821
760
-9524
-9397
5554
3481
-9842
5759
-6639
4542
6719
-8434
2926
-4351
-3270
3208
-1246
9071
-4258
-6810
9136
-5579
-1165
-4089
-3433
-6006
7049
1647
-9434
7876
-9576
4155
2655
-8389
-7481
7651
-6044
2841
5193
-2355
345
-6975
5042
274
-7570
5811
2140
3476
8679
-2285
6058
670
458
-241
3258
-7580
-8314
879
9854
877
-9293
-5796
366
2612
4492
9934
-3231
5854
-2943
7451
5809
-1761
9143
2685
7097
-9043
1101
7879
8284
-4712
1908
-225
7885
7006
-3830
-8577
-4775
2155
-2317
-3373
-8241
-1152
-5805
8560
6648
-5085
-9122
747
-7193
-8857
6771
-5315
-5301
3348
-6437
-8527
-2727
8423
-1967
-3345
-96
-6023
-9527
-6556
2474
4804
-8379
9977
3530
7663
1137
-2033
7368
-4704
-3589
128
-2734
6808
8776
-1085
-5134
4879
-1673
7953
-8296
8661
-2381
-3569
-4523
-9724
6804
-2373
2013
-5885
5488
8864
-4935
-9277
2763
851
-7974
3015
-4873
-3461
2611
-5293
-5578
-4482
-7181
-9806
-4232
-8030
7742
-4726
-6953
1278
-534
-7604
8564
-8424
-6689
-9176
8720
-7592
-274
7106
-3947
-9811
6153
-3698
-9406
-6433
9032
9393
5387
-4890
-3499
-6678
-8527
-3714
-108
599
-1694
-5733
-2846
-3061
346
6513
7454
3388
-5539
-1490
4570
2711
3496
-3102
-4682
-2133
4625
1248
929
-4351
6058
5243
6904
6223
5079
-9323
8377
-4343
8994
-7039
-4940
7736
1859
-1882
-6535
-1856
-5316
-7925
1507
-5236
-7139
-8821
2331
4844
3071
3662
-7577
-957
8771
2347
943
4289
3476
-2118
7560
-2959
8220
8712
-966
-1210
-4462
6182
7221
79
755
6723
4286
-3996
-3831
-6388
-4251
5457
216
-977
9129
-688
-3857
-1990
-7333
852
5196
-2243
8108
5258
8998
-9512
-7788
1704
5788
2151
4245
8645
7681
-5191
3144
2751
6716
-3746
-4745
-8514
5380
763
1127
3251
5404
-3368
9785
2024
7716
-7329
-2664
-8346
6785
-3500
-394
8617
685
3105
6059
-5926
4151
3990
4888
-6772
6021
-717
2695
5572
7856
7493
295
-7285
3218
7817
5286
-4464
-9009
6524
6541
-2071
5916
3462
9038
4612
-7616
5972
-4901
7399
-9270
1229
3141
-9128
3888
-9348
6173
-7174
-1644
5284
-459
3870
2784
-6301
740
43
-7607
8051
-6848
6554
-8241
2850
8367
-7784
629
9173
8822
2181
-1696
-7247
5330
-2719
-3053
7933
-3122
1265
7807
5677
75
794
-152
-1751
-1839
-1824
6415
2709
6942
-599
6571
1883
-4528
-7986
-4770
7048
5312
8514
8150
-2661
-625
-1397
3150
-6646
-648
-712
-5382
5619
-9596
-1060
-2364
8528
2827
6233
-1580
2944
383
-7527
640
-7677
1340
-5629
3190
8774
-3479
-1172
-3210
3907
-5763
-640
-7073
9437
6585
-4925
-1325
-8471
-5674
8682
-8582
-2363
1787
-2772
-9480
-1149
7797
5457
-2614
2270
8376
-4838
6339
1942
8098
1309
5381
-4073
6006
-7326
-3811
-4243
-6408
-1302
-907
3959
-6574
-9762
4246
2155
-2069
-8780
7356
6999
3411
9525
-1838
-6568
-404
-8386
3924
4238
2387
-171
9009
-8899
-791
5700
-1532
1335
299
-562
-2044
-8745
4880
4608
1556
-1518
-6982
9665
1243
-9823
-2745
-2286
2312
-153
-2870
8609
1030
-702
4057
-9752
-6894
-4145
2076
-4600
-9856
567
-6994
3834
2680
465
-1673
6936
-48
9033
-4207
-4927
-8355
9484
846
-2364
2188
-7901
-4806
7074
860
2966
3976
-5999
-3414
-325
-3805
-5962
4475
-9140
2015
6360
426
9639
2092
3736
-4690
-2429
7822
-9696
3980
-1464
-8387
-3102
8209
9227
-7186
5079
3128
-439
-3027
-4186
3142
8979
-2573
8472
-1100
-8800
1441
-195
1626
2373
8078
7160
-8657
5649
8395
-9714
-2302
2310
-8179
1828
8414
-426
-3991
-8678
-6807
-8850
-4074
-6724
-3474
-9434
-1148
785
4429
767
-6376
1153
-5502
3673
-9840
5298
-5267
-6764
-5739
-7995
-3966
-313
8056
3369
7698
3492
9576
7343
-2634
9842
5840
8463
-201
-9400
4293
-6827
2799
3855
-520
5308
-8755
7719
4709
-152
1060
-6572
-1780
-9173
6463
5090
-943
3124
9674
6151
-9666
-1601
-4198
5615
2580
-6368
2292
9778
8266
4516
-3845
-9153
-711
-8442
1812
-8570
-6017
4416
-5106
-5393
5411
5231
-9024
6213
-2263
-3942
7638
6197
774
182
291
1673
2632
-4436
8479
2467
-5503
-2832
5774
-1797
7818
-9293
9967
4439
-9427
5317
6925
-8737
1278
-484
-9520
-5550
-265
-6848
-9668
1096
4941
5993
4790
-9286
-1538
-8425
-7007
6085
4503
8250
5412
-5806
-8948
9914
-4710
-6245
-9111
4709
-5338
-1393
1414
-6318
1236
888
1314
-4977
1591
-2254
4170
3757
-80
-8193
-7345
-988
3885
-1487
8423
-2992
-7154
-7726
4677
1664
-6067
8726
-2293
-1275
1955
8185
-699
3857
1535
-8415
-6801
8858
-224
3648
-1515
291
5247
7450
1041
-1807
7834
-2048
-4756
5076
3085
-2831
1873
1859
-3039
2086
-4180
505
-9689
4472
-6713
-7729
-8427
9653
2964
9064
-9454
7158
7336
8015
-1862
-2462
-5177
595
-8132
-2874
-6708
6773
-2693
-998
8656
4860
9294
9455
-5436
-3319
2485
-5932
-8844
-5214
-6223
5758
-2254
-5235
7404
-5306
9420
4463
7438
999
-3384
9068
2384
8953
961
-5431
7251
8472
8714
4513
9037
-6401
-5393
-4607
-9574
-965
-400
2047
3381
9485
-7713
201
-38
-2429
867
-3164
6941
-4750
8743
8010
-2400
-5370
8920
-1420
-7800
6304
-971
-4290
2497
-9352
4440
6618
-2850
-2411
3544
9149
-68
813
-3255
2416
3428
-8309
2481
1348
7570
-8275
9400
6579
-3876
4338
4488
-6514
-4991
-4664
-6853
9850
-4147
-660
-4458
-3969
-33
-8717
7493
8687
614
-4595
5053
8379
-5238
9281
6055
-8612
-246
-6094
-3233
1748
-9216
-8932
-3382
7321
-6885
-5870
9266
-6369
-9593
-2736
7306
3345
-499
1856
-7496
8949
3330
3028
782
6287
229
-3111
2707
-4372
9616
9520
5564
-3512
1425
-2888
8756
-9961
-2664
-1585
72
1953
5448
9214
-4339
-3779
3168
-3826
-5337
7610
9266
6418
-7542
6508
4756
-8333
5511
-7091
-2676
-5487
4284
-3212
4848
-3790
1386
3533
6855
-6929
-1532
5129
-359
-3793
7644
9624
2979
-4110
-8687
-8066
1523
9061
413
3731
5389
-7249
-3616
1349
4123
2751
-2682
1379
6581
-7071
8027
9018
-4119
2137
-2385
-7506
3670
7016
9552
-3748
4603
-3756
7406
5731
5047
5556
8385
2587
-8963
2243
4535
-4932
7718
5909
2761
-4202
9696
6537
497
-7909
-8980
1060
1899
7155
5422
4454
9299
243
7007
7708
8704
-9795
151
5694
2380
-9810
4504
2314
-5207
1238
8089
1111
655
-98
3321
3590
1784
-246
4106
497
-1467
7263
-3493
-6120
9628
9722
1283
-9102
3879
-9211
5242
-6081
1416
-4958
6545
-2475
-7818
-9620
3788
-8855
-5058
-3781
-6951
-4009
-8668
6429
-5423
3479
-7969
9503
-9471
9777
4599
-3937
-9767
-4168
-6905
3614
2590
-1243
8018
-7099
7009
2048
-2605
3671
-5759
158
-7375
461
2240
-9032
2091
-2091
978
4382
-8949
4758
1540
5766
8720
-7774
-2999
9848
1819
9467
9631
7193
5540
-9613
1671
-8338
4
-1180
-9125
-8662
7763
1738
8212
-7463
856
923
8246
7201
-2002
9816
7969
-3722
6899
4098
7842
8679
923
8135
-5701
8599
8477
-878
-4924
2116
-4707
-2161
3809
9862
-472
-2504
-6645
7331
-344
5791
-7932
2978
1791
-7863
3109
2977
3228
130
5302
3193
5395
-561
-7481
618
-2544
624
-4473
-894
3028
3908
1313
-1674
401
1938
4378
-4300
6232
-4298
-5429
-6231
8011
242
-4809
2498
5815
-4667
8850
5853
879
1797
-6753
-4487
7026
4739
1182
9061
8372
415
1137
-8653
-7519
8558
-2466
-6293
-5588
712
-893
-3359
-7201
-6905
7218
-3264
-9934
2690
9874
1913
2050
-647
8108
3631
5893
1089
-9300
-3508
-8366
7250
5481
-4189
292
7331
717
-5641
-3983
-5672
-2956
2202
6764
-2020
8318
-660
7514
4907
1245
-7689
4906
-6911
9953
1769
-8028
7389
1135
-7199
7727
-5043
7885
-6757
8571
8539
1941
9269
-1944
-6447
328
1372
-7821
7531
9849
1791
9634
7524
-8866
8100
-5923
9122
-8083
9258
-3434
6737
-3354
4274
1864
5996
-5358
-2348
645
5346
9957
9822
-3372
3140
-6502
2408
4443
5509
1553
-6829
7357
5319
-2319
6102
-88
-7060
-4204
7184
176
494
6643
-6008
7861
1136
9966
-3134
2443
3185
-367
2771
-8503
-5571
-272
8064
9478
-3227
3016
2739
-5989
1089
-386
147
-9403
2342
-8072
9748
-9147
-2703
-3014
9646
5165
-7771
-537
-8690
-2020
-2045
1446
-3157
1287
-5682
-6540
-8091
-7748
4365
-3670
-8723
8496
352
5624
2335
-4845
-3053
-560
-5270
-984
-1878
6468
-2215
9646
-6525
-3836
-388
488
3495
7384
6528
2810
7249
1716
249
2647
-8775
-5932
-5390
-6974
8645
8269
-7299
3461
-5983
8369
-8084
3889
269
-1148
-3741
-1173
5413
-2474
-6426
3298
-7219
5185
-5116
-5398
4543
4529
-2058
1479
827
867
6369
6606
-2800
-6002
1802
2163
-9204
-4686
7407
-4025
2633
1605
-8952
-6816
6150
-3588
2943
6630
-1580
-5057
8292
7599
449
-8957
-4596
-5275
-7353
-8798
-4667
6996
-7739
4983
4074
-4206
-4560
-1970
950
-8252
-5626
7162
3683
-7504
5913
8298
6997
-9915
-7115
-3539
1334
6953
7557
7246
-1622
-4266
3735
9639
-1525
7536
4727
-9008
-4916
-4974
-3321
-268
-5800
7973
-4707
727
5389
6356
-4636
-402
-4192
4232
8710
-3690
4504
-7150
755
-9508
108
-1217
1413
-453
5583
-3613
-4981
7598
5618
-3388
6361
5763
5865
973
7280
5599
-2264
5244
-2032
-1328
7566
-7963
-3433
9183
-4034
-1548
7963
-4122
176
8314
-6835
5353
8652
-1671
5544
194
-2196
-7367
-4192
7525
8817
9671
-8467
-7633
7517
9646
-6018
4597
-8005
7369
-2815
4026
-3554
5795
-2985
-834
-7669
-9924
-7605
-3978
-5856
-7674
-4098
-2657
-3977
6313
4911
-6050
8377
-1200
7331
3234
3045
-8396
-9462
-9240
-9063
8245
-8559
8193
796
-7177
5414
-3024
2569
4143
5750
4526
1306
4709
4341
1856
328
-2139
2494
-3554
1049
5786
-7070
1527
-8111
7516
-4922
-6092
5095
2428
3844
1081
-543
-5474
-8645
-4158
6516
-1811
-8216
-7103
1317
-8755
1998
-7172
9155
-7832
-8369
9095
218
-1754
1561
9734
-8928
-3212
-1923
3686
-6017
-6118
-5880
-4741
-9196
8680
2208
8581
4716
-104
9707
-4380
4813
6454
-4020
-8514
5365
1074
1217
-8069
4397
-2349
-5644
1438
-9932
-7070
7012
4603
-1302
9920
2933
-2725
-9269
3210
8977
4082
-3037
-2687
-9384
7187
-192
7688
8136
-3759
7367
2790
-9511
7970
8619
-8239
-2473
5268
4873
-5776
-8612
1369
5090
-9541
-3316
-1645
2607
-139
9144
1939
6860
-5388
-2952
-7973
-8135
3744
-6832
-4239
9331
-498
1554
-9860
913
4877
-393
787
-2947
9172
7535
4592
-3349
0
-8682
-7997
4432
3436
-6048
-8138
1158
1454
3073
3793
1859
8632
-4271
8004
8292
7951
1281
3723
-1712
4155
5151
-7043
-1128
2302
-6542
66
3811
-1795
138
-5421
1482
-2752
-8914
7528
2104
-9900
6028
-5233
-4149
9236
3633
-2328
9242
4134
2418
957
1095
9791
4979
85
6393
5892
2380
1480
-2110
7023
9921
6523
6878
8853
7839
-6825
-9480
1451
-9304
-4821
-4047
6367
3810
-3407
-7651
-5997
5478
-6185
-7956
6331
-4422
-7031
1488
-4132
8408
-8053
-1652
-1899
-165
-6685
1393
-4638
9315
5499
5753
-7510
559
5258
7687
-1052
-7253
-5403
-5368
-5786
-7710
-3920
1114
4065
-2237
-311
1615
5316
-5921
-1796
5998
-9152
1132
-9563
9990
3661
8225
8187
9491
-9290
7043
950
-3519
6882
7557
-5540
-3366
-5812
4897
9391
-8461
9264
3981
-9463
6923
1793
-8487
5759
2642
-2575
235
-8861
-5480
2769
5967
1627
-3609
-23
-869
9431
677
-2895
4238
-6770
-8325
2367
1430
-1924
-1692
-2703
4502
4426
-5432
4327
5618
6474
-7305
6940
8164
-4067
-2274
1511
4008
8329
4492
3562
3538
-4134
-2350
3956
7429
2132
4416
-417
-5319
1391
-9937
6966
4868
-7245
-6478
6043
-8275
7652
8047
-3580
-5138
-548
-348
-4336
918
3248
-7894
-820
-4651
6661
2653
-9864
-9551
-376
1542
110
-5404
2562
-6638
-7953
-2282
-2502
-870
-9972
5745
7886
5079
1278
-8815
7416
526
8163
-5554
367
7878
-740
-8334
-2334
-9740
58
-7570
205
-5782
-7584
4487
-5487
-3843
-5063
5243
7502
-8489
2286
5777
-6171
-4462
3796
5647
-9286
-9745
3605
-1116
6478
908
6322
-574
-5700
2851
5369
749
-7266
-9928
-8990
-3757
6520
-2258
5609
-6013
-4065
8008
-364
4781
-4722
6675
-2407
-9411
9286
7194
9449
5767
6435
-8713
-192
279
-6849
-6835
-7733
-3868
-3283
-4126
-8637
-1502
-1233
5292
-3197
-8525
-2765
-1
9051
-3515
-1006
-7213
-5075
-8433
-4621
6401
1891
7869
-9461
1181
9153
-2915
-4106
5707
859
2838
-5113
-9115
2665
-543
6427
8971
550
-6062
4093
5662
-8705
8359
1408
608
-6593
1624
-7191
-3173
-6104
-7841
4030
3494
8551
7544
-8756
-2706
4060
-3445
-7876
-2637
6115
8131
2147
-6233
7337
-7219
9586
-2416
1394
1106
-8911
-612
-4566
-9050
4786
6121
-3242
2738
-4828
8441
9588
7554
-7513
-1383
-375
1780
-5422
-705
7359
5493
-1902
-9153
-1177
-885
8510
-1763
-5217
-2279
-7844
9017
9684
3830
1474
-2876
-6188
-4370
608
3996
8237
-5738
-5318
5121
-6615
-9344
4255
-9977
8580
-768
-1336
-8202
535
6037
-9898
3364
23
2499
3929
8158
-843
-4352
3954
960
3307
8909
1732
9072
282
-8133
5483
2341
8549
2178
1588
4509
-3050
3455
-290
-9641
-3243
-1347
9448
4098
5288
2321
8138
-6364
-9808
-9809
-8007
-3592
7070
7483
-597
2783
-5341
-1360
-9484
1464
1090
8756
-5358
7237
-865
9540
289
-8638
8155
-6371
7352
9598
1203
250
2983
-1350
5568
9238
-9623
5855
-869
-3200
3684
4717
764
-4546
5153
-9970
3145
-5294
-9815
8461
7954
-7180
1825
3040
-5309
-9534
-486
-6791
9268
-6318
-3844
3984
700
-7898
-4679
-5630
5351
8552
7004
-4276
-5592
8368
-7968
466
1817
153
5162
3867
6110
9984
139
7730
1778
3230
2429
-825
5229
-8490
4276
3918
9546
9674
-7934
4087
1307
-6547
-5336
-9831
-8917
7073
-5027
-5400
-9613
4526
8151
4360
1125
8368
9337
-7989
4132
-8208
2004
577
-7943
6033
-3807
3342
-4370
-2061
-8471
-6007
-8626
-6514
1554
-2186
3077
6891
-8392
-2573
-2795
5168
7178
108
-1486
-4280
-1841
-7373
1954
-5849
9492
-2271
-3949
-2559
-5421
3212
8900
2983
3466
-6902
9064
-9106
6598
-7232
-4044
-7754
2432
3142
9383
8707
9702
-4500
-8186
5627
-8842
8537
-4838
-1390
3876
-6797
-6325
-7526
1818
-3886
308
-8062
-5991
-9536
5619
-2397
4001
-5029
-9522
2410
4070
154
7994
-5365
1118
9041
-7018
-6564
-670
6384
-986
3259
-9689
509
-9492
8528
6694
2855
6603
8236
3512
3901
-1252
3484
2793
6035
-2076
5823
-683
-7225
-8940
3090
545
7016
-360
3388
679
7768
4464
-8264
-184
3292
-3626
-3304
9627
3126
-772
3356
667
-8446
1138
-4503
7021
8918
-2819
-6954
3619
-3754
3131
-6312
3197
4052
9386
2159
-5542
-6508
7539
-9795
-6309
3945
-9084
-3334
-8735
-3361
-9821
8346
-4454
-9674
8284
1200
5582
-7507
-3487
8923
3917
-8662
-6557
1186
-219
-2297
9526
-5851
3827
-6351
2374
3313
-265
7956
5737
5612
9627
-4309
3615
-6319
-6625
-3749
-6256
264
-9098
4690
5244
-1707
7045
3509
5949
4825
-6561
5993
3625
6860
-7525
5295
-8348
3842
-6130
1390
-6415
-3442
4807
1037
7724
8290
-6938
-957
-6937
-3904
9285
-2173
5959
-6238
5024
6364
1437
-5461
3746
837
-933
-3031
-9879
2767
-4032
-9889
2702
-6538
-9166
-4074
4264
-1065
8957
-1331
827
-8419
-2045
6980
-4368
1770
2772
7299
3495
1962
-9861
-4650
2356
-811
7633
-6461
-2972
7072
5992
-7281
1630
5950
6842
1493
190
-5620
-3042
-4910
-382
-5431
-8109
7553
-839
-2297
-2949
1877
5383
9782
9932
9212
-2193
8504
-1395
9570
2855
2052
-575
-3964
5871
-8374
-740
-6057
3080
-5799
5589
2157
-9315
-1980
-644
-806
-2478
2399
1833
-4316
-8438
-7657
4285
8813
-5181
3177
7848
2812
-4970
-3019
1479
-4796
-1646
7157
4628
-9542
8349
2442
7326
-5822
3291
-122
-9432
-2755
9021
-3253
-8827
6080
-1052
-3374
8055
-9378
3917
367
-3764
-1188
-1889
1933
-1680
-5470
-1723
6687
-8156
-7081
-1963
-7349
-7741
5263
-2008
3531
-5352
2019
-8671
-3088
7821
-3970
-6355
5342
1342
-9921
5446
-2713
-4199
3128
-1899
8914
-8046
-9610
-330
5053
-8717
-4371
2932
-1471
4653
-3282
-6674
9684
-6328
-8630
8628
1503
2272
51
-583
7542
5059
9700
-4967
-6594
4867
134
6221
-4406
2177
-7370
294
-8126
8854
800
-3529
3295
9024
9054
-6349
-2074
-2189
-133
1
-3667
-4196
-3132
3011
1080
-582
8850
-3922
-8401
4569
8927
-2838
458
5572
6325
853
8957
-2564
3893
238
-1228
-8104
9055
-2342
1738
6495
-5616
-4652
6285
-4336
-6776
410
-1109
-8423
3976
6430
2028
3164
-7627
6968
9938
-480
6296
-5911
-9790
-9727
2260
-4302
-5051
-4188
2952
-9113
6208
4547
-2109
5332
-3635
-1104
-1993
-6326
2432
-3390
897
-1796
2104
3205
9706
3253
9319
2983
-1209
3924
5532
-8517
-9213
-3875
731
8696
-9680
-2187
7447
-1587
2265
8426
-5286
5471
8540
-8280
5622
3801
-4020
6310
8556
-1680
6122
1997
-8926
-4864
-2882
-7993
-9871
-7373
1616
-8455
8437
8189
-9978
1524
6452
-7443
-5179
1856
-4058
-9108
3278
8961
7544
-4368
6678
6565
9472
-6554
-6975
3836
-7981
6230
7937
3670
7379
-6931
4249
-5603
-1624
6718
2533
-7533
-7924
-6619
7189
6531
-4285
-621
5982
3800
-3832
-4726
-2845
5556
-5273
7046
9320
-2384
-1358
1435
9162
-5061
9754
-7347
-3115
-5375
-1168
4069
-8113
2049
6698
-1350
6579
269
6754
56
6719
-8019
-5614
-602
-6741
-8607
8003
-6970
815
-2555
-2600
-678
3529
9863
-7172
3827
689
-320
-2661
4340
2951
2862
-8624
9104
8692
2032
6910
-3977
7008
-1222
2910
8772
5750
3375
790
5579
-6942
9974
-7051
9994
-8365
8583
-3316
4730
9001
-349
-772
-558
1275
1036
4454
-2621
8518
-6544
-7957
-6644
-5836
-7461
-7048
-2814
1972
8979
-8170
6765
3195
7028
5810
9890
3300
7936
4414
2017
5027
-1067
-1598
-8496
-2291
9401
-439
-229
-4862
-5
4575
-2367
898
-4224
4100
-7673
-7206
6628
2805
2316
-2009
-7830
3618
7690
6446
-5074
2233
-2340
3019
-5142
-2811
-6784
8648
1604
7420
-3844
1471
-1494
-4042
-5150
1608
3444
2819
-4287
-5411
4062
-5900
-9259
-4157
9835
-8134
-9374
6095
4344
-8940
-1177
-3815
-2238
-807
5598
-5761
2467
5687
-2849
-8208
-3672
3610
-6147
-7692
-4568
1338
8630
2429
-6555
6925
-5126
22
8650
-4782
3826
-3525
9267
-6084
4818
7172
6840
-4298
8534
2632
9622
-7445
6101
8365
-7712
7909
2975
-7031
-4143
2223
-810
-1182
8391
-1910
-2890
-5807
7589
133
6131
1542
2344
1572
-8821
-9823
8580
-4538
1863
4637
4206
8148
6326
-3252
-6647
-5142
-4738
-7530
-9113
-5368
6345
-4550
6631
4963
2387
4815
6269
-8290
-3163
4954
-5518
8762
5154
-4592
7271
-5815
-8657
-857
3781
400
4102
4847
7696
-8133
-448
-3298
2707
-7783
7072
-1283
5757
-9583
-7900
-7760
-9622
8007
2699
-730
-8306
7566
2743
4925
-5164
-1236
-7263
682
9274
-1014
7683
763
-1388
-8921
2931
-7863
-5767
-557
6773
906
6769
-2768
2646
6431
8915
3625
-3028
-4939
9054
2077
4886
8597
62
8796
-9710
3954
-135
9873
-3811
-7253
-422
5546
-4837
-6538
-304
-7192
6113
-5104
3955
-9662
5208
-8179
259
8205
-5886
-2904
-2665
-17
8894
-1761
-5810
-4786
-2493
-5379
3653
4833
1798
-5344
-9634
-8916
-3207
266
4976
-6752
540
8543
5147
-3720
41
5675
-6048
1674
3167
6989
1884
5455
-3101
-1636
5876
-1964
-2212
-5279
6463
-4979
2608
8471
1016
7733
-2600
-2426
8525
5670
-6600
8256
5048
-792
-9964
7851
7243
-2054
1473
1169
3799
40
-3631
5277
3444
2501
-113
-5873
2613
-9364
4280
-9056
5836
-4296
-822
4463
-9678
-1388
1927
3425
-4554
-4864
-4366
658
270
-4638
-9469
3123
-5490
-7985
-6593
8611
6134
9626
-1347
4800
-5307
8358
9214
-2152
-5026
7476
7619
-3691
-5963
-8529
7940
8418
8183
1167
2398
-5110
-9935
-2626
693
3289
1075
3380
-6921
-9544
6515
-4000
-8180
4724
-2727
3974
-1723
-4462
-7298
-5209
-2000
2112
1292
879
-4482
-431
-3249
-9885
-6750
-4736
5790
9495
-5679
-1551
2894
442
-7958
-540
-144
-2093
-4868
5670
9598
-4043
7652
3305
48
7638
3186
-7396
8301
-6979
-8245
3419
-2560
-1273
7052
5377
1302
-8239
-2718
2597
-2378
-9754
5939
-9024
9489
2938
-3969
-360
-3768
7656
4717
2664
7168
-3824
-5495
-9414
-6330
-272
-894
5241
3172
6410
-3772
8391
7478
-8904
9658
2032
3981
5163
-6403
2891
-8414
-3340
-4365
2994
6725
-4175
-7167
-4176
9731
917
8453
-1690
-9622
-2533
-1391
4383
-436
1174
-5464
7691
-2624
-8300
-3239
-4603
9918
-9468
7965
9908
2693
7608
9754
-33
2170
-4461
-491
-4398
-4490
-7282
4241
-1428
2213
1595
-4095
-4666
1763
9252
455
-8295
-4214
-3757
8198
7674
5893
-2471
2665
6115
143
-4183
7616
2237
-3965
7472
4584
-2061
-2345
-884
7290
823
-3204
124
-6534
5073
-3221
-881
5442
-4640
4107
5365
-2689
3231
-9118
5022
-603
7253
-6483
-6022
6301
-1103
5293
-5652
2082
-5769
-7773
-4150
9773
7009
-2063
1482
6693
697
9611
6120
-7579
-9206
-6377
3721
5950
3600
-8807
1661
-5265
-9879
-5798
243
-3827
-7860
9615
1177
7533
-7986
1144
2145
-8910
5178
3935
5517
9575
5644
2743
-9421
-8248
-5812
-7487
-5424
7280
3753
482
-7535
-2500
3355
-693
8907
-8062
-3164
6829
1343
-8242
-8471
-694
7672
-8422
2765
6843
2249
7786
-4538
62
154
-112
-5012
-2495
9898
2633
-357
8112
-1850
4145
-2547
3301
1653
8696
1215
-1175
-6083
-4359
4668
-8936
-7628
3417
5291
-4803
-5911
6187
-8779
-3363
-2150
6881
5846
-4767
9257
4592
597
-6870
-8074
-3379
4004
946
3277
-7163
6318
-8719
-4148
3888
-2317
6253
-8805
-6178
-6562
-5261
-3537
-3037
7248
4669
-9566
8628
-4473
-111
-7913
-353
8440
2240
-2594
1738
-7256
-4306
-6492
9426
-7768
-5505
-1670
7476
-3032
5273
5591
1546
-9207
3156
-7510
-709
6744
5825
-8012
-4738
2345
-6292
2458
-3749
-2321
3850
5746
4989
-7384
1016
-2238
-9876
4666
643
-4266
-1287
7120
-2236
7430
5979
8551
-6323
7634
3044
-7630
-10
-961
726
-7258
-1513
-1825
-6755
128
2583
9524
-2572
3451
3311
-8112
-7524
6086
9018
-4531
-6207
-4027
2397
6985
-4743
-1629
2154
-4653
-4870
9045
5584
5088
-3881
-2116
3857
-6078
-1843
-6941
5114
5314
-6433
5350
-7533
2675
635
6490
-5687
2321
-7605
-4098
-372
-3588
9550
3117
-1446
-3659
3831
-9371
-7386
5027
-1031
-4754
-3078
8270
-5127
-5076
5699
7196
-9063
6370
-8324
-5299
-2345
5441
9425
-3129
1368
8136
2093
-4040
-3982
9984
8327
-4865
8701
5155
3510
301
-1463
5289
-929
-3717
6742
6027
8658
-4353
-4119
-9822
6177
3166
6271
5318
8137
-3714
4927
-2435
5128
-370
3837
7947
-4373
4413
1644
-6544
-4049
1177
-6235
7205
2559
5482
2230
-5141
-808
-4476
6770
-320
4524
1042
-6806
8223
422
-3211
-5920
-6739
-7365
3748
-3129
7934
-4358
-3340
1942
1764
-2930
-4931
-3172
-6430
-1642
1540
-3277
-7902
-8376
6886
8712
-7497
-8134
-2986
5962
6509
5218
3449
-2097
9120
-9439
-8030
7910
3036
9332
-9081
-7981
4463
583
-3404
2880
-4803
1629
-8504
-379
5708
-560
880
2213
-1458
2288
-6991
-6309
-6622
6770
2643
-6059
-8013
-9191
-9287
-4565
7976
-821
7353
9480
74
-1353
-2323
-5774
8685
5950
-6241
-8581
-6058
-5246
-9674
7517
-5346
4244
4911
-6773
-7783
5729
7200
-2930
-21
-5963
9930
4635
-9366
4907
6205
-6916
887
-7796
9458
1697
-3314
2253
5918
-386
-4370
3618
3351
4226
-4640
9414
-220
-518
3998
-8204
7056
-3010
-8670
8427
-7429
-7976
-3074
4874
-5317
7499
-321
715
8606
8662
8717
8224
3329
-2419
1588
8253
4642
9784
1320
-4790
-530
-446
-2725
-9906
3497
-3308
-7984
-1721
-6409
-6193
-4470
9225
-2980
9733
3416
-5627
6388
-9232
-3200
1223
1764
-9451
2824
1563
-7896
5140
-8217
-1106
-8165
-3518
8113
-213
323
-4450
-4728
-5716
-6671
-6237
-9714
-7897
-2625
8138
-9650
-7384
6550
-4421
9463
442
-6278
6434
4413
6035
-6416
6816
8503
508
-6068
7213
6444
-1298
985
6247
3604
-9206
-33
-1080
2027
2570
-1429
6764
-4742
3934
3654
8763
-8103
7581
7289
403
-2751
8851
7016
-2516
-1526
4517
4384
3569
2533
4837
2861
6283
328
6103
-47
6653
-3097
-5316
-6842
-986
-3702
-5365
-9320
4291
-3113
-6548
7410
1670
-4847
9776
1286
-1437
6776
-7131
2450
-9071
-5019
1840
-2785
8635
2131
2321
-3640
2393
-4042
4638
-1511
6615
390
5708
-7299
1310
7219
7640
6816
7333
1740
4461
-6032
-3619
3287
2820
-5831
6405
5661
-7854
3525
-9925
-6717
3072
963
-6493
3148
-106
-9359
-1812
-7615
6196
-9236
-1366
-8564
-4631
6410
-1106
-7864
5094
6504
-8787
-527
-8988
7174
8396
-6254
-5604
4261
-1436
-9437
3053
-3055
-2936
9898
2921
5177
9429
-3272
-7142
232
9463
6926
-9560
2846
6965
-5794
4450
-370
1022
696
-9396
5171
-4010
-4123
9647
9009
6143
470
2602
9481
-9364
-7484
4895
-374
6694
5791
-3257
-4800
7275
2065
-5299
-6141
6977
3639
-3889
-4900
-6805
1042
-1575
9466
7462
8343
-3502
-882
-8870
7841
-5751
-4433
5404
-4486
3042
3923
-1431
134
4712
-3124
8992
-869
-8178
7708
5104
-9031
-218
5962
-7537
-5525
-7992
-873
-6561
7389
-6841
1786
-7340
-5060
4833
5257
2080
-4227
2005
1850
6219
4987
7689
8126
9898
7993
8533
-8760
5264
4946
4259
-334
-9830
-1335
-3455
-8460
626
7406
-3399
1166
7514
4267
-6706
-5550
-1456
7670
-1013
-2519
7192
-8021
8975
-1121
-1429
6561
3188
8174
1662
-7860
-6352
-228
-545
7435
-870
534
228
-9713
-6496
3190
-4088
-1077
5366
-9950
-5269
-7095
7805
7695
5307
-1023
9161
3527
6673
-4971
9045
-291
8177
-3048
2034
-3541
-3243
8841
2601
6785
135
-8862
5593
1930
-7052
-6432
-9445
-8837
-594
-3442
939
-8243
-636
-5676
-37
7183
-2645
386
4233
6273
-4387
-5686
8710
7649
-6136
7814
-493
476
5910
4185
7623
-8097
-9508
3435
-2085
8505
4708
-9402
9135
-8022
6941
9790
-4338
7048
7504
593
-5366
1497
-6846
8706
-6219
7990
6
840
3055
-1292
-5767
-6029
-1842
5880
3011
337
8403
-146
-7876
-3864
-6823
-6991
7178
1248
7559
-3527
6740
7008
-6618
6249
5094
-5462
-7595
4118
-5651
75
-7142
6710
-1406
-769
-4215
-8967
7022
4186
7117
-4364
2764
2537
9009
597
5571
-4070
-2345
-2252
-3573
3800
-9256
-2677
-9367
-357
6040
-9715
-5641
-453
-5652
-5937
8546
-4973
2941
-8220
-4280
-5873
6332
-2750
331
8072
4287
-3454
8531
-7919
-6417
-1253
3493
-565
8086
8446
-8151
-5943
3174
-4460
-5044
752
-1023
6236
-9668
-6985
2975
1020
-8425
-5169
-9857
5678
-8631
-7922
7013
-459
8556
2847
3090
210
-4382
-7333
-8442
-6139
-9823
-8873
9958
-54
3227
6808
5613
-4896
6048
1898
2849
5382
4360
-2282
-2525
2721
6879
9004
-2938
-6881
-1459
-1902
2692
7559
8776
-5707
425
6785
75
6443
8622
8115
1036
-8503
-5591
-7332
6545
2051
2035
-4668
-6941
8761
-2263
-216
8847
-9874
1323
1181
-8998
8650
7828
-7800
6753
1328
2686
-8145
-4063
9906
-5139
-8087
6978
-8287
9570
-2560
-2188
9794
-4318
3081
8848
-4179
-5687
-4335
4819
5654
-240
-1047
1784
6306
-3822
-9250
2198
-7984
5814
9825
4971
2810
9894
1693
-2853
-1665
-7686
9806
-4674
