-6513
-6921
2852
-6521
-6551
-5118
803
-9590
-8629
5113
294
-3868
-9129
6883
6392
-384
-5464
7362
9343
-3564
4712
1070
-8361
-3220
3611
-1683
-5052
5817
-2822
-8339
6224
-463
7780
8348
6186
6566
7813
5910
-1084
-9812
-5774
8437
-4151
43
7026
5814
4025
2506
-4863
3282
7204
-8468
-9555
-8661
9093
-4352
7446
-24
-3527
733
-4747
-7516
-6947
6504
7615
-4137
1536
3186
-9589
2105
-8174
6790
-6491
-6075
8407
452
3945
-7422
4174
6694
-8156
3123
-3115
6436
-5628
4573
9227
-6767
7687
5278
-7913
4732
-3214
7459
-2154
117
-7693
4131
8837
-2275
-6678
-6516
-3308
-5539
-9076
2362
-4245
9804
-3825
-9980
7517
-1488
-732
714
5662
2274
6622
-207
-8354
-2553
-4273
9731
-8856
5508
5913
-5837
-9071
-1217
-2137
-5811
-2211
7368
-2427
-2710
-267
-5548
4784
5214
2513
7318
6233
-7265
-4571
-5299
765
1586
8979
4603
-2948
8081
8069
-7590
4223
-5396
2109
-3013
-4856
945
2125
718
6412
-3597
-2959
-7749
6485
4819
8097
2193
3418
-508
-8165
9996
-9984
-6547
5207
-2366
-7711
2232
-2452
5653
1208
-4516
1301
1342
8452
5120
1806
2462
-6090
1957
-8529
4923
9275
-8430
-8374
5511
3715
-5476
4875
6936
9399
3147
7153
8133
-8862
1827
5358
5850
8028
-6712
4304
-6749
-325
3976
-2941
2758
-9850
-3126
7418
-2288
-6930
-1295
-3003
80
446
4174
7329
-9711
6124
4900
4989
7585
848
-6667
-8156
-4338
-1914
-2534
7233
-5589
-2253
-9828
1249
9323
-4313
-8853
-3945
5701
-8094
-7968
-1852
2632
2239
9867
-6146
-5231
-4329
-6388
-8262
-4852
7904
4023
8982
-9963
-8208
-8571
367
-8977
5796
-579
-1965
8079
-5381
-4803
-9326
7820
4729
-8496
7928
-9867
-1443
-8338
3282
-3809
6136
9450
-2125
-2928
3071
7950
6203
259
7283
-424
-712
4489
-298
5531
8835
4068
-232
2432
-304
1115
-9856
-6527
-214
-7581
3374
-5024
4033
-3820
-7691
-2534
6680
-5594
9127
7228
2018
-8141
-1793
346
-5952
8526
-9749
-9331
8939
-2781
1251
1335
-9268
7408
-6835
6033
5882
-2159
-8266
-3872
-3116
-5568
7604
285
-9258
6466
-7617
6872
9933
571
-7098
-1600
8547
2085
1202
-9596
4506
-4297
8592
-5617
3926
-8605
1430
-2860
-8209
2560
4150
-5859
-6030
9811
-6137
9588
3935
1033
9006
-1885
9087
-6075
8423
-9080
329
1193
6916
7544
6747
1615
6240
4759
-6166
-2458
3324
4009
7610
7706
-2373
-1076
-74
-2592
7976
7636
-892
-5363
7492
2178
6514
-5432
-9595
6608
-5007
-9472
5386
-5181
7874
8973
-5384
6322
-6507
-6086
-5767
-1610
7685
-8994
-4665
1409
3773
-2010
1294
-6956
6164
7630
-5145
98
-886
-5749
-6504
1967
-8830
-8435
-2112
8846
-8334
2122
1943
-9041
1614
-8727
8675
6525
-8518
-6051
-781
9498
-2419
-2250
2298
-6545
-7897
8533
-1545
-9098
1263
-8861
-4607
-2112
4791
5774
-133
6389
-6595
317
8903
-6993
1704
-682
6093
1811
2631
98
-1508
9234
-4620
1027
-5231
-6319
-516
-1291
6405
-8868
685
-4892
7797
-7608
-5908
-7727
9719
-949
-9575
-8768
8734
478
-2825
8111
3106
-2214
-886
1201
-3474
7002
3655
-9824
-6200
5258
9101
8076
3834
-871
-2740
-1785
-4866
-9780
-9231
143
1466
-9359
3798
346
4478
8542
843
8626
-8771
-3116
-9948
-5947
-6883
5363
-9939
-6664
-375
-7443
748
7887
-2883
5904
6750
-9021
3149
-9302
8490
608
-7012
1846
-5569
-3289
9738
7606
-294
-4445
-3340
3046
-9942
-6982
-4160
-2363
3038
-6807
2284
1491
6872
6008
7531
5198
-6863
-8279
475
8957
5309
-6798
2186
-9019
-8941
-1701
8916
-508
-1067
-7217
9172
-5570
-5782
-1309
-3660
-2505
586
5549
-9118
-8643
3565
4965
-5519
-4328
9076
4536
1085
9905
3820
4864
7733
-7761
4232
2372
6693
8017
2663
7718
2619
2223
9221
5301
8261
-4740
-9436
3139
7173
5335
3921
-1249
7474
7218
768
1297
-4753
-5491
-3675
-9759
-8310
-6642
1289
652
1541
4608
-8323
7117
-2527
9961
-8581
3874
-4745
-7524
-8490
-5930
3874
2088
-9919
4424
3315
-5123
-9124
5078
4259
-9723
6503
1149
-9271
7771
-5274
-9418
-5062
-3543
-3371
-9241
8372
2199
-4531
-6633
-3669
-6777
-2867
2302
5852
7910
7663
4914
-7283
7061
1558
2692
-2281
2150
348
-6925
-7822
3329
-7578
8909
7473
7881
1991
-1972
-6146
6141
-9716
5424
-7031
-794
9148
5519
-3678
1358
-3346
-1302
-106
-4586
-1123
8462
1478
7208
1488
2970
9054
2135
-9915
2692
-708
-7794
2972
1008
-1738
-5002
-2017
-2527
-9481
4238
9714
-4789
2195
1777
5599
-2619
-8813
-5062
-3531
3260
-7372
366
-1281
3991
6971
-2603
-6161
5097
-9385
-6863
9647
5363
7936
-6028
5572
-5184
-5297
-4737
9483
-4717
4698
4679
-7432
-6314
-9311
596
5517
-5024
-4816
-8661
-655
-2486
-5593
6213
-2997
-4771
-7945
3591
147
-1674
9294
-1173
-6611
9205
5108
5033
-83
-5173
2910
-9192
443
-2736
-5126
-8045
744
-1321
-969
-265
8593
-5677
-8431
1173
4889
9396
-5675
-7422
-8867
8032
-7166
-2504
2898
1658
-9324
2482
3024
3084
8412
9314
-3780
-872
4487
4452
5916
9059
-7824
-654
536
-1443
-548
4036
1998
5270
4034
3069
-1298
8084
-694
-3516
978
-8296
8587
-5257
8662
1090
3025
-2954
791
-7266
-3276
1364
-6843
-8196
-8535
-5586
-1956
-6329
539
4254
-5232
-2553
-6792
-4634
1592
9008
56
-9455
-8509
3813
-7593
8218
-2495
2078
9383
-451
9047
-5412
-8395
-9003
-5393
4099
-544
885
-7700
-9197
66
-1138
8199
5582
9967
9152
2696
1608
-3969
-4353
-4462
-9670
875
9745
6889
1268
3866
7952
7279
2220
1090
-5225
6449
6287
-5890
-3788
-4777
5201
4028
9535
6874
3688
2569
-7030
-4368
5683
9282
3941
-788
-9856
9069
8119
-9439
-5599
-7419
-9770
835
-9387
-4719
5336
445
1153
737
-9409
643
-3632
3943
3526
8691
-3505
-8181
-4283
1365
1970
2256
-4491
6353
2758
5913
-6087
8727
3484
7419
1145
-4877
6684
-7856
-5733
5780
-577
1119
-43
-9854
5938
-9510
-9968
4000
-203
-7112
9443
-1719
63
147
800
-3338
335
9207
4107
6656
-2801
-1250
-3025
-4305
-7997
-3397
4236
9009
-1696
-3411
-288
5699
-786
-7916
8529
5457
-3367
-881
7877
-4035
-9265
3626
8914
3631
-3185
7833
8975
-6714
-7914
6392
855
4297
-1773
-5943
3645
2891
-2919
2655
-2201
-5644
4443
-8394
5473
-2995
4762
-2702
-1184
-7118
-6753
6949
-1788
6836
9585
5492
-2458
789
-5630
3568
-295
5223
669
9083
-8654
926
-302
6226
9165
-5729
6266
3274
368
-5552
-9772
8958
-9896
9362
5372
2303
2588
9007
-5501
8111
3089
-2274
347
8821
-7708
-1407
8925
-1931
-5862
-9655
-6029
196
381
5811
7452
975
4705
-4109
9977
5127
4977
-6167
-3624
8317
-6531
9095
-6102
6436
-5574
-3171
3990
-824
3912
9269
-6146
2413
-6166
7228
4364
-4996
-6219
-9671
-3511
5272
4512
2143
165
6229
-3755
4615
-2904
7835
-1000
-9501
-1467
3126
-7171
8693
5416
-1254
-1772
-5094
9477
9381
4946
-6010
3318
3026
-3422
-8927
-9300
7749
3581
620
-4270
-8160
-760
-6629
-7181
-1560
-4111
2499
-99
-8854
-6533
-2420
2141
-3106
9619
7095
-2350
-6352
6695
8120
832
-3422
7175
4775
3820
2961
-2942
-7697
-6907
-7896
-2126
7377
2299
-830
2043
-8342
-6169
-9235
7332
5748
2170
-7889
8598
178
-6423
1937
-3064
3706
3942
1154
-4519
7316
-4070
826
4335
-1432
-9047
-7757
4397
6668
-4660
1528
-2024
2497
-7051
5455
-2990
-9252
5978
-1189
-2538
3044
-8610
8154
5237
7279
9329
-8521
-3437
-9345
1603
1802
4521
-2599
8642
6099
9117
4274
-6206
7847
1225
-7020
80
8236
-1455
-6726
-6472
-4324
2124
-9356
-5067
-517
-8302
-482
3547
3612
-4365
7350
-6851
9784
932
120
9750
1968
4040
-1842
-6539
6439
3123
-1136
-6099
-3188
-6203
-2405
4980
5510
-524
3533
3954
-2661
-7221
9752
-2275
7287
-4406
5938
9087
3730
-5839
-5495
-2004
4991
-6135
6993
4861
2694
8886
252
6718
-8127
-132
-8442
-9937
-8444
7117
-8185
4682
9341
7688
8644
553
-5864
3197
-9375
9685
7675
-2830
9135
6626
-8210
-8728
-6898
4690
-445
-1343
-8729
9365
-7225
-548
-7011
-4411
-6294
4568
8257
-1838
-1546
4901
-1301
517
8446
-598
-1355
-4588
-6773
1982
5423
5550
9251
-158
6324
175
-2132
5330
6091
-4464
-6719
8593
6609
-7203
-6023
-8717
-6226
-2842
-2779
3763
3778
-9803
2618
-2874
1345
-1030
1062
-3082
2280
3001
-5126
9553
-3633
-7165
7318
5758
2727
-4661
1142
-3432
3186
2805
-8155
-5205
1932
-5071
-2631
9304
5605
3245
6537
3540
5658
6512
7299
1197
-4976
8477
8382
-173
-9002
-9433
-486
7609
7820
-5044
2278
-7135
1849
9560
-7142
8504
-8735
6787
5897
2649
-4123
-974
5216
-7331
9925
7935
-1330
-6638
9705
6997
2159
-9898
6171
8710
-8494
5536
-8497
6102
8782
6227
8874
-1534
8986
5259
-9667
3587
-1305
-9250
850
7295
-3093
6983
-377
-4008
-2227
1551
9310
-4879
-4420
-9882
8262
1232
-2606
9551
8162
-7437
-3497
-1398
-4184
-1072
2827
5258
5508
9876
-838
-2878
-2782
-3074
-1714
6707
-8749
-9134
5435
-6995
7976
9269
4484
-6423
-774
6265
-4553
-6941
8995
-8923
9499
6399
-8051
-9830
-6951
6771
6112
-8931
4539
-2901
-4819
-3220
-1517
-494
2541
8337
2869
3502
7400
-4033
7815
1956
9165
3426
-5130
6273
-2657
6670
4325
2942
-551
6134
-812
-940
5752
-1912
-4686
6382
1363
413
-1550
5513
-9933
7606
4741
9809
4350
6198
-6919
-9505
1363
-9098
2663
4369
-6086
-4780
-859
2610
2624
4238
-6948
-4186
-8065
-7898
3072
5706
3516
8473
3055
-8892
-3710
3038
-9772
6775
1014
-6742
-3322
-5470
9301
2365
261
9376
7666
7608
-4473
6705
2115
-850
321
6012
-4195
1685
3540
-5783
8667
-5867
-6465
1436
4231
3198
545
-2715
9830
2750
-4527
8220
-7207
6079
-776
-6527
-6599
-3797
1739
-2505
293
-3667
-6325
-4724
-4529
-3182
6542
6019
-1594
-9280
-8206
-6114
-677
2
2006
-5531
-3211
-4416
7218
5693
-5280
-1076
-7812
-4724
-4915
-4242
-2744
144
-5669
7175
-3244
8957
5795
5094
-8430
9440
1207
-4619
-3265
5877
2243
-5934
-5430
-5998
2944
-7251
6002
9350
-7322
-4751
-9226
-8731
8967
6571
-9171
-1173
5939
8829
-7121
7182
6990
-4883
-8005
2078
1832
-2609
6723
-6331
2833
8839
-6081
398
-3881
-9887
1155
7604
-5143
-9531
1695
7927
9117
3380
-3982
-5339
-1106
4281
9617
-5226
514
-1444
-6233
7122
-548
7137
-4723
3763
2486
49
1863
-5450
4774
-9212
4716
-3768
-3974
-9613
-5948
5803
5169
-6084
-6101
-6088
-2043
-4838
2467
-1021
-7572
6930
5562
-6775
-7951
-9859
4885
2565
4832
1615
2630
-6249
-606
-5690
1664
2192
2992
7571
145
-8785
-5335
8256
4833
8191
-4890
-491
-5528
6862
-9074
-2406
-7237
-1738
-999
8054
8180
5941
7737
-3761
7902
546
-2756
-7593
-8366
9425
650
-8399
6714
-4268
4392
-3173
-8768
9583
-4090
-2740
-9001
843
3972
-1670
-5539
844
8161
274
4467
-6226
8942
-3810
-6884
-3794
5449
-3537
5705
282
-302
-2340
5995
789
-8716
-6605
-2660
-8440
-7974
2743
-9050
1954
-6392
6915
4123
-3144
187
8322
9626
-7072
-1908
2594
-8022
6165
3218
-5719
-7046
-2749
9612
8282
5440
3887
6185
4204
1789
7818
6135
-6312
-8531
8840
-9534
1932
-1369
-6660
5229
4429
3932
6706
-3670
-1909
7751
860
7361
-2315
-8389
4634
-3338
-424
5441
5502
-5358
-7561
-6537
-1572
3760
-5109
7274
-7796
-2212
4197
-2849
-8053
-7941
-2991
-2540
9458
-5400
-9239
-9058
-1201
-4889
5382
6868
7823
-9310
9661
8890
-5543
-5017
7588
-2989
-4519
8268
267
2387
-8660
2910
5437
-5535
6654
4609
-6875
-7826
-7148
-4072
-8619
4107
-7097
-4347
-9778
-7423
-9010
9162
5933
9607
-6172
-1415
-3968
9640
-4731
-5803
-9856
1134
8560
-5336
1120
-867
-3534
8617
-6388
-6281
-6622
-2796
-8475
-358
9399
9785
-6323
-5446
-9712
4227
-8766
-3373
299
7402
-833
-1745
4961
2013
-9622
7933
6043
3840
-3722
-9522
-1027
-8786
-5828
-9635
-4618
5805
-2799
1893
3000
6469
-1078
1829
3293
-1131
-6226
-6774
4861
2451
-9351
5888
7819
-8178
-4480
9223
3621
4024
6576
2100
-4561
-1477
-9774
-6648
-4608
-363
-918
7166
-8269
-8294
-6747
2307
8768
-6707
1329
-7246
1325
-3875
-766
-4064
-3116
6631
-2768
-2039
1568
-6103
5871
-2603
8487
-6849
-5616
6738
-7500
1547
8085
712
-3163
-975
-1731
9296
9778
-9203
-77
1808
2434
445
-9960
-8500
-2125
-3117
6916
-3340
-3003
6886
-9024
-4832
9647
-661
-8262
-2747
2030
-3295
-8296
273
-6029
-9976
-6149
-7677
5192
-5710
-3340
-6932
-1236
6471
4810
8084
-8482
-2701
5709
-7622
9434
4896
3749
-6815
-4999
8278
6478
2829
-4442
546
-1492
-6530
-6863
3977
-5434
4476
-8334
5820
-2702
-6605
-14
-3743
-4456
-1020
-2176
-9175
6601
4808
9752
1313
-3512
-1175
6166
-6122
-2108
6500
-6242
2541
-3536
7416
6051
2204
3889
-1903
-9377
9450
3282
-9602
-7169
4773
8665
2935
-9891
-1337
1161
-4946
-143
-909
-3809
-1745
244
-2692
-3302
-9635
2636
-360
-6591
-9165
-3446
-8461
1580
-5792
-8460
-5083
957
-8196
-3572
6421
5978
1844
6924
9640
-6190
4742
7317
9618
9291
5080
-2628
7216
8190
-7407
-5045
-9698
1044
5664
-9122
1057
2800
-6190
671
2557
-813
1884
4151
7220
-6406
5321
-1224
6816
3612
-3642
3808
1297
-1701
1423
-5794
8381
-6298
-4542
-7430
7361
-6438
9589
-9134
-3259
-7278
-7109
-2904
2825
-8070
-6931
8901
8761
-8549
-7330
-9114
-954
-8911
6862
-8626
4813
3192
-8435
-8183
7398
8549
4161
6171
-919
-5789
7349
2930
-7125
7455
-9132
1653
4450
3988
-3218
7194
-8718
-4626
8241
-2815
6419
-2391
8526
7241
-5598
-3620
-539
-8043
-5184
636
7327
8185
6986
731
-1893
8721
1170
-5775
-1667
5450
-5620
1562
9499
5269
-7876
6828
9786
3460
-5820
-4052
3332
2164
-368
-5838
4252
2111
6021
2834
-6086
-8855
5596
9583
-7308
-7664
531
1873
-8117
-9665
5533
2970
-9602
9794
5691
-8272
-3659
-5520
-600
-2019
-6484
2104
8378
-8398
5933
1385
-5454
-3757
7996
4427
7943
-2641
-9371
-155
-3261
4347
1675
-3596
-5091
835
-9019
-7622
-4497
-9068
-2247
8564
5724
-5570
3375
-5965
-3312
-6395
9446
-9687
-1602
270
1859
-8583
8180
9125
-7151
731
-1974
-193
9201
-1890
4378
9210
-1311
6078
-9479
-8310
8493
3990
-6074
139
-5400
-6989
5986
6975
3419
3
9743
791
-2632
-6121
922
9052
-4433
-6884
9857
-4819
5443
-6871
-625
-5039
3801
-6841
2374
6350
-4470
7814
-5404
3285
7527
8986
-1204
-1846
8162
6285
-5670
1541
9370
-7822
3023
3787
5810
-8650
1776
3459
-115
7427
-5609
5305
-3636
-6699
6586
655
-2364
-2987
-1691
-4830
2178
5310
-584
-3497
8143
-4331
-1786
-3502
8939
216
-3859
-4909
-9986
-5963
-5030
1118
3256
-3307
-2906
-778
-4553
6059
9872
4584
1845
9669
-4043
587
9095
374
7932
-8476
-3857
-4082
536
159
-6761
-3400
-1365
-2740
-7440
5701
1936
-7879
3219
6011
1438
1101
-1792
6782
-1086
-18
-3805
-5256
2392
-5470
498
3904
7480
535
678
3180
11
-2842
1140
-2718
-2601
2525
2146
7785
-8699
-3029
-4945
-4177
9874
837
-6330
5037
-7721
5435
-6713
1374
249
-5385
-2899
-1767
6937
2985
3993
2440
8988
-6609
1401
5293
8315
-7896
-9312
4488
-2774
-5404
9798
9763
-5804
-9681
3776
-9117
-2131
3943
-3096
-1230
505
-9957
9375
3746
-7471
-7727
-5294
-7032
-4960
-6026
-8966
-3721
2840
-823
7123
-7685
2124
-1000
-1371
3238
-2120
2598
6404
8733
-5447
-8827
-6675
-7440
-3608
4517
-7912
4783
-9018
-1334
-1238
-452
-1524
5066
-8959
4392
8113
-8329
819
-6207
-2808
5059
914
3958
7678
-2876
4399
-2037
1424
2388
-6021
787
7534
3875
2055
-2684
3343
3841
49
2026
-1952
9576
-9592
2667
469
-9732
-2981
3744
1774
4754
-2303
7001
9417
8974
-8221
5940
-7155
7934
-5695
3363
6446
-550
-3436
8140
9055
8316
-3037
-2952
-7725
-3816
-5401
9870
-6315
-6786
-720
-2007
7089
2190
-2632
2437
149
4111
-4116
7725
-2443
-8753
-2451
-3590
-3220
-9015
9660
2184
4441
9498
-6581
7013
2521
-2597
6013
-8436
-3195
626
-9201
6309
-8548
7558
-3950
8961
8117
-3744
-4007
3650
1602
6225
-700
855
9922
5159
9451
-3011
6597
-746
3917
4037
-2070
9746
-5686
1543
1320
5254
2712
-1644
192
1608
9089
2096
-5897
-1186
-6080
-9842
2431
1503
86
4092
7015
-7771
6647
-3907
8621
-7164
-6808
6184
8912
4099
275
-3571
4786
-2966
-5898
-9105
2952
8448
685
7249
-9306
8048
-2421
972
-1676
9300
-9562
4377
-7604
-1942
2549
9666
7346
-3576
4493
-3023
-2871
-9030
-9391
6688
-7960
8721
3116
-8016
-6613
-7268
-623
2532
-2349
8865
2630
-2208
-8350
2942
8694
9359
7626
-8127
-1611
-797
3836
-3565
-6549
-8021
-575
4510
5735
5587
-8086
7298
924
7919
-4462
9611
1332
-6440
-8953
9818
8003
5908
-5125
6330
6697
1770
8837
-7801
897
3876
9233
-128
1349
-8702
-7675
502
-5615
9238
-3737
-6804
6754
8616
4247
4294
-6607
-6974
5655
-3729
231
-486
7231
-5279
-7064
-134
-3148
9234
4857
-5847
-5596
1038
502
4431
-6120
-1600
-8177
-386
9085
1363
4081
2690
2243
-5663
627
6386
-5068
-2136
9773
-5325
-1255
-9090
2632
-3356
4490
5160
-4199
9088
-6329
-791
-475
8448
7770
3246
-6753
9599
-9480
-5707
-2814
8494
-5907
9504
5764
-996
-4688
-4672
-4995
9132
-4249
3755
-7101
6455
9884
-9353
-7286
2447
-8626
-7078
-2287
6081
890
1690
-7050
-5602
8145
983
9198
-9716
8125
1002
-9074
-4094
-7951
9912
-814
4303
6146
-3704
-1197
3473
-575
-6380
-8691
-6424
2300
3935
8186
5270
-9928
5894
-5748
8201
8035
502
1990
8899
199
-1827
-5843
3478
3259
-222
1308
-5243
-7460
7719
-5855
3433
379
3536
-4144
295
1454
9465
-9779
-9939
-8179
-4932
-8462
-1898
-4571
-5623
-956
688
85
4278
8151
-6221
6239
-2551
4879
8650
-5999
6781
-4889
8374
-3227
-3798
-8829
-7636
-1538
-386
6069
-2951
-8706
7748
-4144
-4527
9419
5621
9324
1033
-8518
-4847
-3723
3320
8957
-4482
-1548
-7533
-379
-6541
-4740
5417
1523
1702
2767
4883
-3885
-9763
-9629
-1478
-4065
-903
-6480
6412
3497
2942
-1747
3412
9598
-9221
8236
5358
-1472
7728
-6055
-7296
-8656
9023
-538
6123
2136
4735
9015
-558
-1890
-3789
7246
-7303
7882
-4492
477
1081
6006
-7377
-4576
-4724
4166
-6131
2452
7318
-4955
-9777
-5216
4742
7182
6749
-2338
-5361
7292
7156
2662
482
-2050
1076
-3199
-9669
-1889
2731
-4646
-7915
-6063
7638
1869
2962
-144
8457
8628
6192
6039
6316
-5797
1034
5726
7753
9960
6843
3381
-9188
7440
-9899
-9188
-9808
-3625
4561
-5836
-3636
7304
-210
-7722
-2497
2083
9357
-9311
7874
-1870
-1422
-6490
2506
8631
-6981
-6549
4953
7168
720
-5344
-4426
2884
-7033
7439
-7845
1493
-4727
7104
2832
1535
-8006
202
9280
-1722
1149
-6654
-612
5036
4304
-8742
201
-4409
-460
-416
9514
2145
-6682
8902
-5908
6626
-6389
3642
6686
9192
4294
6148
7392
1074
-9816
4216
-792
-803
8936
-931
5054
-4361
-1487
-6815
-8523
183
6699
-6276
-2266
-1471
3157
-6456
2935
-6949
6608
7491
8506
-9983
-3553
-4862
-8127
-2179
3324
110
9415
-7787
734
-1092
5689
578
8557
6542
-3697
1697
-5541
-1805
-7602
636
5518
9476
847
8205
4085
6810
-6826
6812
-4327
772
-2494
8258
6463
1820
1231
6526
4048
924
3042
2075
-3279
6807
8615
8985
-7757
-2050
-7326
4646
-9277
4847
-2532
6284
-5604
6051
-8830
6437
-8686
7740
7542
8808
-6782
7638
-3177
5320
10000
2167
-739
-4908
5647
-7146
907
-5895
-9034
-7552
8831
9937
9189
-7334
-3856
-1815
-417
2387
-4933
659
8327
9652
567
3760
-6624
-6614
7737
5583
-6253
-9260
-3457
3400
5525
-8703
2377
-924
-7771
-8393
-1421
-8443
-5302
9644
-1697
-4964
4938
4546
-8680
6372
2512
355
-1988
2686
-5986
-3048
-7412
-2497
9121
-5617
1192
5191
1028
243
-5340
6512
7442
1521
-286
6068
-9050
-8261
6450
-8631
-7459
-4773
4483
-1273
-4120
-9553
-815
9774
-7063
796
9893
7959
-7407
7512
-6349
-578
-2802
-8604
-9867
-6716
7170
-785
5636
-1098
3321
5170
-6629
-5712
-1729
9101
-6737
-8494
2949
2620
-8857
-5164
-5614
-4693
-4077
1353
905
3038
-6555
-3448
-5018
365
-8107
-2523
4657
601
-9694
347
1916
531
7534
5750
-3270
-1776
-1556
-4573
5101
-1007
402
-2241
9935
7648
1612
-23
-9214
7566
-7112
9336
-1351
5572
8880
-1646
5039
8914
2390
-2809
7604
-6416
-313
-4229
-234
-2626
1055
1456
-589
-2559
7280
-1457
4586
-2991
8407
4257
8430
8818
-2777
3241
7345
6492
4546
-2546
3727
-5051
-7264
3776
2133
4202
-3000
-5998
8987
9371
-3914
-219
-7927
7555
-367
6313
-6931
-3654
9566
-2827
3491
-5669
7207
3367
-5470
565
-3120
2377
-1827
-325
-221
-1789
8282
2144
7914
-2492
-236
-2817
3725
6006
7626
-5896
-354
-9268
-3990
-3816
-543
6168
-8321
-909
6924
-4721
8292
6038
3504
-183
-2462
7676
-9882
-1562
9130
2512
320
1776
5034
361
-8551
4235
-7894
-37
-8756
-7577
-5983
3846
2924
-4994
-5137
-6863
1525
6952
9105
2350
1779
-5164
3846
-661
2415
6284
-4547
3503
-5457
6583
9242
1698
154
5214
7270
4770
7583
7572
-1127
18
6965
1087
-500
4876
7371
-8422
8048
9543
-2847
8369
5286
-3196
6663
-5639
-3520
-5960
5371
-3894
-8474
-4777
-250
1602
-96
-7183
-9057
-1945
-4699
-4970
365
-5688
2045
-9100
-5588
9909
8856
2503
-9223
3386
9640
-7367
-1774
-8168
8909
2014
-4667
8056
4474
-8693
2793
5374
256
4085
9795
-9968
3642
4168
8516
-2255
2854
-4374
-3302
-5432
-2542
4014
2254
9642
-6926
-6690
-2747
8417
4837
6725
6086
5430
-2670
9976
7934
1169
5090
-2466
-3551
5589
-1754
2358
1752
1702
9419
-7238
-4626
-1665
3435
6131
-5272
1121
-1744
6697
-6931
-5836
-6317
464
-3656
8513
4803
9844
3719
5341
8632
-4266
-9456
-4936
-5567
-2990
8499
8315
8837
8473
-906
-7581
-9777
7674
2190
900
5540
-5315
-8988
1540
-7888
-1443
6957
7428
9298
-2808
-4877
4823
308
3747
7810
9979
-552
2883
8705
8613
6372
-4372
-8260
-7549
-8251
4265
-3005
-6325
7639
8689
-8649
5967
4184
-5321
2147
5092
130
9679
1907
-8170
-4703
6240
6577
-8002
-2531
-7917
6845
6869
-4452
239
-5560
-1659
2851
-1544
7979
-5017
7512
-5795
-9633
1859
3642
-641
406
-6165
6710
-2661
8616
-3773
-5403
4052
-2014
5052
5799
7136
8007
-8084
-3110
4274
-3881
-5282
-3212
7881
5070
-5441
-9941
-1370
7261
-5316
6746
901
4613
-5123
5932
-9903
-1422
-3758
3362
-8505
6771
4999
-260
-3346
-6863
-9214
-1501
675
-536
3161
986
-3248
2115
353
-4176
8216
-1306
-4946
-2166
1680
-4575
7576
-8611
-1898
-9476
-7345
5405
-1708
-9131
-8118
957
-4179
2446
1889
522
4997
7647
-9218
1326
8445
7654
4117
1285
2874
-5427
2054
-7781
-6533
8949
8392
-4260
5102
6760
2317
-532
-6876
-6247
4744
-8891
-7738
1011
9134
7260
-7438
6496
-9943
-413
-3170
6973
-5334
-8046
8008
4127
8306
8479
4609
3888
5097
2879
-8302
-7138
-7974
572
-7129
1936
-3002
-52
5130
-3360
6908
-8713
881
-888
-6188
7394
1725
-594
-1952
9506
4071
1851
2360
511
3786
2600
1010
9470
2674
9367
2059
-94
-891
9181
-2673
-5409
-5497
-3368
9507
-7490
-4310
4892
6639
-6777
-9364
-4601
7552
6029
4298
-9892
-9419
7463
-2247
9513
-4911
-8741
-6369
-7456
7346
-2376
1907
3228
1428
-4172
9896
-4404
-6194
-1064
9879
-2861
-4036
2508
-2380
3226
-8965
-7095
7481
3538
-509
-6204
7057
-9913
5693
6318
-6333
1199
8954
6008
2181
-2634
-8364
3549
-3158
4761
-229
5653
4310
-6383
1723
-6274
1773
3548
-9038
3649
-152
-3915
1851
2359
-8253
6785
-2306
811
-8034
9727
-5018
-2465
-625
3624
-7841
-9703
-7798
5953
5023
3912
3059
-2697
-6938
-3565
-4820
8451
-6289
-4624
8234
9404
4765
711
721
7505
-3639
3548
-1107
7710
1118
-2008
2034
-4073
3137
5705
5851
-1759
950
-3262
-4745
3273
-1099
-8028
-187
4338
-8564
-3372
-3913
7360
9639
307
-7606
-414
-9589
7695
3421
-107
-7996
-7726
1280
6389
9892
-6507
8173
7341
-190
8217
4508
-7951
4815
8691
-8523
5894
8965
-6303
-3659
9354
580
8838
-8305
-9702
-4461
-5758
4172
5318
160
8527
8531
-806
-8636
8655
4129
6088
7377
-1625
-7578
-2869
9394
4530
8025
-7716
-956
-7350
9960
7177
2263
1342
7484
5336
-3000
-9898
9201
-4347
-1338
-3238
3938
6943
-9797
-3564
-5062
-1506
2023
-8989
-2621
2227
-778
-6201
-188
3585
9332
3493
6762
-2810
5227
-5569
995
7479
-9231
-1435
7684
-7930
-4151
-4389
-3385
-1481
4310
-7297
7458
-1337
9799
-2128
3562
-3272
2674
8168
-6287
8379
-6551
317
5480
2205
-1575
-9344
7886
5665
-791
-2276
4446
-1757
6273
5749
-2724
8159
9327
2327
5105
8196
6666
-2909
-9461
-5480
-1520
-1613
-4515
4857
-8231
1824
5454
-1115
-3105
-1448
-310
5940
-7063
-1126
3310
123
1501
-6802
8908
56
-3777
-7521
5319
-7487
-1851
7534
1608
6024
-9819
167
4688
8021
-8576
9054
-9960
-7273
9158
1712
-2561
6574
-3800
-1125
-361
-5353
-5500
-3620
-207
-2052
2600
-932
-360
-2750
-4785
8107
-6311
-7229
916
-4269
5226
-3521
-7878
-8840
-3642
8538
-5643
-5679
-2581
6844
-9734
-1034
-3235
-2226
-9331
-4450
-9438
3653
-914
-6762
6034
-177
8726
9069
-4811
-1944
9930
-9500
8190
-9179
8826
-3373
-1565
-1503
-1429
-8605
-5675
-2988
-6993
5196
2991
-3798
9060
-6003
1515
1735
-4321
-3302
-1601
-6077
9604
7688
751
-6757
-6780
2146
5009
9300
2177
-7433
-2298
-4296
6851
-9848
-4726
-3305
-5760
-6279
7208
-9381
5098
-7544
-9852
500
-1441
-8906
-7484
4817
-8273
6556
8733
4601
-3801
440
9940
-615
-6399
3431
-3287
-6536
-8843
-7933
-4961
-6740
-9677
9107
-767
3863
-9336
4059
6456
-444
-2783
-5115
-3261
3970
1749
5218
-4374
1724
-6909
3922
1186
6023
-9578
-4394
-2529
1570
3195
-9824
1322
-3322
-8988
1586
-187
-7766
-8138
-6100
-2440
-231
5999
3998
-2036
5908
-5726
-3248
8591
1461
1621
8600
2377
-8661
3157
1533
-7505
-9484
-9053
-7370
2551
-2717
-8796
-6337
2255
-2475
-4856
1873
-1163
-9415
690
-3764
9548
4907
9440
-5924
1070
34
-1423
8859
-3855
-6108
1414
-2577
-3484
4520
-596
5020
-9516
2791
3824
-7263
-7075
6051
-4571
3570
-5515
1207
1356
-5153
3722
4827
-3642
-9336
-1112
2262
-2083
4594
-4347
1362
-1071
3041
6101
9705
-5821
2813
1619
-5444
9733
-7561
223
-3853
2752
-2742
-1670
6050
-178
9964
9748
-4654
-3691
4815
-8214
-874
-7286
4784
-5429
2843
7620
-7119
5117
1422
-9426
2185
-9021
9658
7097
-9164
4693
542
6275
6990
-9300
3224
2944
2565
-6160
2413
-9259
6715
-7932
243
8734
7491
-8795
2785
4404
-8531
5717
4720
-6933
8063
-8640
-1777
7379
-7196
-2677
8430
-9375
-5401
-8221
4478
-2410
9042
-5252
5298
6296
-4016
-2240
-2034
-2579
-6705
1481
9246
6603
-1104
9974
343
-7428
-2918
3470
7143
-3049
-9211
-7637
-6774
-2936
-3003
4365
-6633
-1176
-2815
1833
5622
3158
-4840
-6734
2570
9799
2705
2548
3260
4921
-9725
9071
-2930
-9685
2388
-3079
8825
-6041
8816
-904
-2097
-6381
4044
-2930
-4565
4007
9622
7815
-4296
-5913
-6771
-6228
17
3801
-8106
-3175
3400
-1069
9044
-4245
-2896
-4408
-7933
-7509
5212
6062
-8585
-4334
-3948
-4862
-5759
8402
9188
2494
-7957
4311
1470
3323
-7184
9093
-6809
1588
-7984
-4168
-9631
-2264
-1932
-8988
935
3302
8925
-7078
4988
-3914
9863
9949
-4168
2036
8632
24
6588
-6845
8515
9330
-8532
-6010
-1906
9172
-8611
2473
2379
943
-4160
9793
6269
4161
-3806
2585
3231
1069
674
7711
-859
-6457
8048
-4903
4049
4606
-7434
3096
-8886
-2353
1978
1508
3143
-1869
-134
-7534
5960
1304
-2289
3940
-1466
1397
9049
9039
9383
6581
-933
8637
5962
2683
1832
865
-4530
4263
-3898
8330
-206
-1602
6070
5000
2410
-7157
1963
-9869
-6733
7215
8740
8035
9777
-406
-1907
2368
1081
4045
7534
-1260
2748
-4719
-2576
316
-2489
-5407
-8219
-8851
-6893
4978
1598
-9252
1460
3258
-1059
8239
-9292
4433
-9056
2739
-5783
2889
1413
-5031
-9024
-284
-2086
-1393
2605
6549
7867
-7683
-4142
2464
2170
-5951
314
-5938
1771
-5397
-145
3676
-7369
-1187
-3693
-217
2640
-9078
-101
-7313
1529
-9090
1755
4272
5634
-3717
-1871
1011
-9811
6920
-1046
9502
-587
-2647
8185
-7752
1753
4289
8373
-5732
7827
5047
3472
6424
9406
-9666
9009
-8602
8526
1564
-6036
-1025
1432
5694
4586
4435
2443
-5658
-7920
-3894
4422
1046
8547
-8584
-3996
-5319
2824
6118
-706
3668
-2339
-8694
-2922
-9007
4305
-7442
-7117
8516
-1707
-2144
-6705
-2495
3607
-6638
-9894
-2487
-7154
2978
9712
629
9279
-224
-8651
8536
9076
8352
-2227
-6204
4318
-7880
4733
-7820
-8222
-3926
1328
-585
-720
-1434
2361
548
9741
1040
3286
-8604
3456
-1069
-6167
-9528
9623
-2514
-2415
-7256
-8215
1799
7324
6230
-313
7126
-7423
1118
-5053
3414
800
-7652
4464
2531
1373
4222
-2742
8104
9916
-2729
-2221
-4907
1531
2057
-7239
5195
310
-319
315
-8465
-3231
1649
1109
-8564
7114
-6423
341
8056
-4625
-9613
-783
-7654
6454
6740
4045
946
-5121
8118
3476
6245
-1136
-6219
7555
-7390
9743
2788
1033
-1030
1472
-1914
8559
-334
2500
8897
-8528
-9913
-1620
-980
2429
-3210
714
9278
-5145
510
-5455
-2073
-2123
1838
-687
9619
-8555
1110
4925
1652
-3429
-6364
7964
-8605
-6528
-994
-3978
-6431
-8196
3886
-1071
6738
-8491
-9583
-3505
-9263
8100
5747
957
8854
-6639
1238
-2197
-4806
2583
7714
7749
-5845
674
7834
2281
3148
-7027
-2274
-3565
8078
-4025
9466
1991
-8270
6626
5694
-5734
3073
-1670
6810
-17
-8131
1318
-9848
7829
8894
3092
-9364
-7297
1207
-9791
8953
-4949
-1547
-639
-28
5198
7016
-2726
-4992
2231
8205
-2658
-3946
-2194
3176
-9528
-7172
5736
5880
-9970
9934
-315
-8082
3269
-1821
2375
-3880
1279
465
-9324
7331
-2835
8285
3156
932
7057
8812
983
8637
6197
-1153
-4902
-7542
9998
-3505
3436
8013
6503
-1705
-9877
-6310
1575
5822
1379
4374
-6701
2098
-2703
-8171
1874
-7484
-7092
-2845
5462
-3070
8119
9620
-3223
9851
-2003
7640
8933
8248
-2663
9113
-8338
5774
-4693
-3372
1302
-1809
-1415
-1557
9514
-503
8200
7507
956
2600
-5016
-3027
-5732
3322
-3251
-2581
5055
2570
5726
535
-3783
-979
3089
-8001
-9335
7952
-9606
4798
-5620
2712
-6491
-3460
6390
1264
-9468
-2154
-5456
3593
6298
-8546
-2097
8138
-8155
-6231
4177
6354
3051
-1873
958
5998
-1076
-9190
-6398
9251
-7577
5364
-4422
544
-3569
-4973
-6445
838
-4926
-6810
-6501
-2875
2236
-3468
6915
-3357
183
5690
9754
989
-8043
-557
-7914
-9892
9507
-4938
2762
-5650
5776
-4134
-8450
-414
-4823
-1693
2881
-1230
-7976
-2288
9182
3659
-5395
6845
3869
-2677
3370
-8990
-5453
5687
-382
-5361
-9431
-983
2189
-4883
9064
-839
5931
5207
1347
-3624
6439
6537
8212
9176
-6597
9612
-7435
9610
-3628
-9435
3470
-588
2693
3420
-5722
4309
-4514
4119
3992
4063
-2449
5243
-8826
-1593
-1476
-5984
931
7442
-918
-2449
-3474
-1837
6679
4481
724
843
2750
50
-6586
8354
-8305
-5639
-8173
9682
-5286
6657
-3178
-3029
1120
5314
-9452
4454
5747
-9393
8216
-4689
6688
-1738
-8551
-2461
9325
-9369
-5211
-3
-1568
-5210
-7667
-3001
-3824
3721
8328
-4083
2961
-6253
3485
9012
4691
-1880
9967
-4171
-9141
3455
-4164
1434
-1040
-2683
-673
-9592
-1909
-3946
-4218
6426
9110
-1049
9546
5770
-2688
-7958
4849
-39
-984
-9376
-7371
-5662
-751
5510
-4090
-7389
-5282
-9775
9305
1566
6713
3308
5401
3820
-6827
-9090
6044
3281
-2977
-6189
9151
-6727
5833
4315
328
2070
8326
-1748
-2292
9854
3328
-6729
-9750
4436
-7284
-4365
394
-190
-8133
-7795
-8788
3288
-6171
-150
-9631
-4837
2258
6667
-8776
7558
3615
-8479
-8333
-5098
7608
-6137
2449
7622
-7845
-4619
-2831
-3017
95
7959
5118
-8897
2835
2288
4914
-1504
-3893
-7791
-810
-4383
5323
-5775
9215
2668
-7170
1676
1153
972
-5488
-4354
9256
4154
3643
-4022
-6084
4590
1712
8377
-9614
6452
179
-6624
9542
6123
1875
-7296
4352
1739
-2375
-8352
1919
4920
850
-2048
7114
-8741
-5268
-2627
4338
8299
7193
2941
-6523
8795
-1043
-5587
-7367
-2806
1490
5211
2185
362
-5879
5664
-8915
-2328
5947
-306
9612
-4382
1827
-5217
7890
7747
-9083
-6658
-6357
8894
9274
2578
-1272
6443
-739
-5334
-4414
6333
-4580
325
6338
-642
-8220
7560
-5562
6903
-2192
4556
-2165
-3022
2032
-9180
-9283
2737
4089
-6187
-8837
-9566
-8326
-6205
7959
9396
-2267
5152
9008
3927
5895
-8894
9814
8130
-8815
9572
732
6451
-3137
9019
6849
1325
5744
5060
-1415
6225
-6512
-7753
-8500
4296
9570
416
7096
5720
-5160
1260
7122
4033
1555
-4101
-1192
-5258
9343
9437
302
592
2146
-7428
-5884
-2297
-9459
2577
-8090
5086
7230
472
9786
8434
-9539
7032
-1561
-7896
7526
3785
-2146
9954
-9481
313
-9678
-5542
7264
3383
930
-8953
-703
9381
-2788
-4315
4290
-2859
5453
4754
-8054
-8643
-1354
7092
3101
7657
6148
1871
3745
-8337
7331
-8144
-5851
-8357
-6700
4174
-5887
-2387
5048
8373
-2176
2490
4993
-7691
3734
5211
-121
2627
2263
5344
-6310
-9533
-8779
1392
4630
-8748
5699
5017
-6713
-637
-2047
-5600
-5618
-856
-8744
-5463
8388
-4651
1131
4211
5588
4230
9250
1101
2092
-1327
5406
-4546
-4296
-4761
-8064
-7810
4815
9523
6398
-9883
9346
-716
8517
-9288
-7597
-6458
-842
-8778
-4752
1417
3879
-437
-568
-4477
7675
-8477
-5617
1248
-1535
-8656
-5842
-3925
-5949
6231
-3144
-2964
-4194
-1248
1128
-9403
-3293
-3458
-4345
-7234
-1149
-1464
-7929
-6596
-9288
2739
-6922
-2032
2937
9328
6888
-1291
-3018
-3427
-1156
-6693
8400
-1517
1140
-2299
-2781
-6503
341
7541
7694
904
-586
-4757
-9773
8978
7817
4220
-6504
-2092
-9760
-2215
-3060
-2687
3986
-2962
8041
-6841
9759
2419
-9944
7673
-8764
530
8145
-1197
-2779
-919
-348
-3857
1229
7869
3673
8867
-4534
8515
2127
-1298
-6785
-3033
3356
-1050
-4365
-8201
8787
-4014
2805
-3810
8273
-3285
17
1768
-795
387
-7229
-1564
117
-6525
-1438
-1478
7420
-2817
-5513
1126
-1209
-794
1352
5182
643
-619
-9436
2443
4575
-3329
3878
7333
9837
7770
-4951
1624
-719
-1054
-7691
1452
5742
247
6181
-4762
-6597
-5265
1334
7748
6001
5151
-3715
-3463
2808
-7034
-5637
1525
6160
-859
-5422
7229
1990
-6818
-8358
6455
-8964
-3972
3793
-7782
4778
-2232
5287
7105
-3631
-5728
-9353
4501
3333
-3695
-4632
2124
524
4473
-8902
-8213
-1453
-3141
-7924
9348
-2690
8425
-3066
-5229
5728
-2385
-9440
1930
6215
-9335
1544
-6547
-328
3892
5153
6702
3240
-8022
8972
-7213
-5114
2484
2866
-4940
7118
-678
-8187
5188
3498
8532
-2399
7156
1517
186
-8537
-3807
4754
4945
-1625
-9331
7241
-614
2390
-7931
-8563
-2289
-2709
-3785
8509
-9274
1845
-8002
-6942
-3075
8388
452
8972
-5367
5778
2280
4624
2136
9142
-6784
-8365
-1132
4159
-3069
1910
-4092
1243
-7723
3125
6781
8310
-2869
-7866
6487
-362
-416
-3385
-9610
9152
-5139
3083
257
3842
-7913
6343
5392
-1832
1827
515
4710
-4034
5498
-2355
1058
-1269
-8938
313
5244
8360
4186
1927
9400
-8104
-1172
4574
4800
-3306
-5922
-5585
4842
2638
3407
-2709
-5271
2743
7687
-3239
396
2788
-1972
-5578
-3696
1368
7375
-6768
-8565
-9098
4287
-8511
2726
-4283
7310
-3833
-801
-1443
718
-2361
-5795
6207
-4794
9280
-5877
8440
1994
1595
2607
-123
3952
-4538
-2364
8842
9906
-1303
3206
2664
-5427
7952
-6913
-1567
1408
2499
9987
5688
-1390
3892
-898
2555
7693
1388
2022
2018
5943
9907
3494
-8280
9812
9818
-4834
-4554
9628
7990
7214
3118
1090
-1307
-9155
-4034
3146
2867
3289
-4386
9401
2981
-9375
-274
-6619
-9243
-1313
6319
-4024
-4881
7777
6009
7305
-2627
-6428
7249
1440
-1880
9816
-981
8442
-6505
-8521
-59
-6353
-9066
-6311
7521
4581
-4019
1803
9316
8781
6877
2239
-1839
-934
7373
9176
327
5240
-8807
-2183
7786
-7003
-6563
-7207
-198
-9824
3816
5446
4480
3215
-6366
4006
4955
-7427
-8707
7407
8733
-6616
2971
5269
-131
-6162
-6064
-5690
6315
3196
-2397
3199
-3706
-1345
-9627
-6047
7283
8635
-9019
-9543
4608
-6911
2576
-8278
-4232
5711
-774
-3505
-2230
-5766
7721
-2435
6590
-1732
-5350
-9493
4271
2049
6498
-5904
3752
10
8570
-4543
1096
-5409
6988
1959
-7357
-4371
6022
-7724
1335
-7749
4724
-1761
3645
-9570
-642
6117
2446
1191
-9971
-5559
-3788
-3738
486
-8315
-9912
588
-6275
5755
8671
6073
1327
-1868
-1639
4170
6977
5540
3110
-8871
-2884
-1470
9647
5408
3549
-9364
4389
-3276
-6755
-3709
3820
3416
6091
9326
7382
-6693
-1445
-8237
8474
5859
-6507
-4166
-2093
3823
-8411
-61
9421
-6379
-7766
-2345
2200
-2162
-6624
-3765
3851
-1321
-9146
1813
288
-6290
-2421
140
4059
5902
476
-1929
-2987
-5496
5018
1717
-2974
-3684
-3748
-1436
7348
-9302
-4664
-6653
1874
3420
-7895
3703
6488
8479
1532
-3159
8239
7690
6771
-8836
-5131
1511
-4532
3669
-7251
-7449
6768
3635
-4637
-8658
3472
-1561
-2545
-4045
2735
2968
-2020
9536
1535
6632
-8278
1291
-4414
-5469
3247
3012
3713
-5125
4479
5915
-6741
-6373
8897
3724
1323
5414
9327
3854
-379
5119
9418
-3407
8252
-5774
5922
2370
-8387
-947
9172
-3586
9955
-2716
7508
8270
-8572
-9374
-252
-477
-1567
-3983
-7069
8156
-5001
8026
-5295
8641
4631
3456
1617
-3843
-5286
9914
5864
5289
-7968
-625
-9070
-3206
6655
1579
-8563
-6883
-265
5605
7564
7983
-2609
-3373
-744
-404
-5581
-8610
9243
8329
1975
3530
3638
-4031
3695
9296
8499
-4799
-5866
9044
-750
8677
4675
-5024
8800
9614
874
-8551
-403
-9513
4592
-2524
-2620
9283
-2131
-1340
3642
3294
-9907
-1999
-3263
-4022
2807
-3210
6758
7998
7735
6877
-852
4391
-4478
9983
-6871
8189
-8159
3626
2320
2625
-5964
-5129
-7072
1604
-2670
-5744
-7219
6144
2217
-6187
1986
-62
9349
-2104
-3705
9504
9621
8710
3539
8787
8353
847
-931
4639
7754
-7060
466
8923
-6726
-7837
-1752
5718
4579
9905
296
3415
-6576
2805
-2613
8025
7233
6580
-1830
4980
6028
-4872
-2954
8148
-2772
-3773
9077
2414
-8906
1926
221
3915
-5469
-81
8327
5999
9548
-180
-6449
-4116
-4774
8679
510
1259
8468
-655
6668
2206
-8542
7068
7025
-7709
-8891
3789
-9836
3191
4782
-7017
5802
3746
-615
-1746
-9816
-2073
-7764
-7903
8057
-8474
-3817
6104
-2803
-5048
8724
-5413
-7212
8022
-8238
3595
48
4442
507
-2590
-6302
-368
8555
2681
-5164
2037
114
1805
-9677
-883
-8244
7440
-8089
-3697
-1755
8425
-8564
6031
6379
8971
-1704
-963
-6983
6460
-4719
2817
302
-4532
283
378
1251
4054
-7553
6599
7381
3928
-8458
5375
7520
-3655
5188
1114
2310
8520
2993
-6078
6344
-1682
2901
-1747
3685
1432
6528
-394
2451
2243
5319
-7171
-9218
8245
1206
478
7541
-2519
-6726
-6873
-8683
-5495
5899
-3207
-4630
4866
-3978
-1898
7872
-7429
3870
-8565
-556
-1821
-1996
6576
-9412
7353
-7972
-8325
-1263
-3952
442
75
2758
6385
-6844
3173
-3418
7858
-3240
6641
8616
9404
-8076
-956
9835
-2708
-3100
-7148
2214
9808
7589
2695
-399
-5750
-1621
9902
6239
-912
-6446
-1738
2526
4727
5738
-6212
-8748
9266
-7106
-3942
-2590
4806
1654
-7102
796
7736
3245
933
-7881
7711
-8874
8366
-40
-3117
-7583
-2340
-8815
1387
-9924
-4035
6362
1556
-6883
-6782
3771
3030
8425
-1155
7495
8188
5818
6502
-7588
-4870
5076
8704
4525
-1853
-5269
-795
8838
9372
-8567
-3013
5025
6994
6880
-2792
-9155
-445
70
1519
-5097
-8304
-3481
7742
6700
6143
5253
6890
-4441
-5225
7130
-1071
-4982
8401
-5161
5457
-4770
-2462
-1067
-7985
8887
-4794
7385
-1259
3225
7681
6501
3437
-7357
4032
5912
-1283
7743
-3629
-3579
-1511
-2480
-2671
7385
-3262
-9085
-5061
501
-6654
-2967
3793
-972
-4825
8146
4078
-1394
9038
-1431
4402
7824
2399
-4311
2262
7291
9160
409
6951
7706
1269
657
-7675
1226
-2173
303
-4656
3152
-5629
-1286
-6494
9690
517
1467
484
-3663
5901
2119
-1877
-573
9371
6763
-4413
-8730
-3304
-1324
5934
-63
-5258
4114
-9527
7056
-474
3895
7191
-1025
4915
-5502
4265
2689
-3683
-2752
-41
-9446
9611
-7301
7178
-3624
397
7528
7714
6952
-244
7398
8409
-938
-6520
3492
5538
-1812
7962
-542
7418
-1334
7499
-6464
6834
-5000
8317
1423
8195
430
-4014
-4942
-9294
-2086
436
9761
-7550
7722
-2281
7769
-4482
-1812
-2482
5462
1068
6642
-8186
-6886
-8558
-9505
-643
6833
-9977
542
-7760
5303
6021
-1777
3632
2052
4068
5052
6473
9006
1899
-6944
1920
9112
-1766
-2072
1004
1943
4587
-7253
-214
7353
6566
5825
-5094
-9518
2275
-2270
2207
7451
8724
-9372
1623
9597
2903
6773
3760
5568
2371
650
-7262
3294
9844
7128
-1148
-3333
4860
-5561
-8136
8062
-3287
9375
6735
2418
4750
1097
-8377
-8809
6328
2529
2950
6288
-3310
9641
-5320
-1321
-2476
9407
9105
-8453
3435
-6001
-4113
7726
2824
1299
5447
-7095
-4808
-62
-8667
6250
6714
7694
-8232
-8739
6780
-5595
8332
8364
1438
-2480
-4401
6344
-4261
-5795
9993
3519
-6820
-7352
-7958
9870
-7036
1386
7419
-1137
5945
-7284
-8035
-263
-2860
7511
-5172
-7154
6483
7953
-15
1070
3908
-6420
4200
-1147
-3138
608
3984
-475
8215
2957
1454
-6382
-2396
-2521
-7965
-3504
3178
-179
794
1084
9909
-4320
9962
9539
7420
6108
-1199
-6646
4924
261
6454
8764
-8348
5563
-6901
-8864
1796
5081
8483
3927
-6810
-90
1162
-1146
-3579
-1352
6492
-8221
-8139
6568
4426
870
8099
-4953
-9165
695
-5292
7573
7955
-5549
-3593
9067
-8326
2137
-5050
3595
-8351
-6283
-8896
-7399
-1979
-8485
2985
-3802
4914
2729
-1825
570
9087
3358
-6191
5775
1853
-4181
-3006
6948
9063
-3514
7159
510
9506
4494
3761
8593
8116
5176
4197
9581
9017
-1886
-1051
9559
1307
2615
-4677
489
-6848
-6926
-7160
2248
5321
7910
-8832
-8250
-1144
-6797
7597
-2924
-6684
-4469
5387
-159
-3861
-838
1397
-6157
971
2832
4904
-913
-8094
2889
7469
-7413
-746
-3893
3845
-4450
9488
-6892
-6698
-1235
1915
-3333
7060
9658
9401
-8455
-1958
-8187
9505
8405
-3875
2747
5398
2109
4781
605
2787
-8882
-1444
2279
-1788
-7013
6472
-8642
-8181
-1221
7525
-5791
8627
-21
-1885
-7673
8843
-2494
7985
-4426
-33
-513
2171
-1922
-1990
5127
-6653
-9168
801
869
-4656
-1426
9659
8185
3353
324
-8260
2091
1029
-4242
-8975
875
5031
5154
-3736
-6119
-9939
1695
-6441
5195
-2598
6417
-3338
6780
-6452
9881
-8868
4337
8312
9241
8917
4177
-1314
-8384
6249
3853
-4070
-3217
-9058
-2028
-3238
-1258
5903
5050
8709
-1115
6283
-1679
4406
-5341
-7486
-5202
-6045
-6085
-217
-5092
-8563
417
-1646
-5857
-9587
-8239
-7650
-9951
-1081
4423
8002
-6026
-6468
7784
9215
354
383
-7545
-5723
4568
-3225
993
5381
-7786
2122
878
-3393
2508
-4877
7744
-4114
9196
-5215
-5445
-7982
6014
9167
1129
8491
1828
-4476
-6991
-8037
2312
1189
2181
-2990
-27
5632
3025
-9890
-7940
8252
-3626
-3686
-4627
-3752
9310
1288
7782
3411
2563
-9261
6395
-1412
8092
-9661
8023
-5412
-7254
1208
-1304
-9279
7515
-5275
-5735
-7548
4107
-9888
6023
1947
-2325
695
-4308
-4321
5354
-4754
-4294
-8158
-4419
-3404
-9540
4609
8909
-1298
-7986
1960
7583
16
5586
-8086
-3495
4482
1936
3405
-5656
-6391
-691
4136
8252
-5731
1257
-4278
-3098
-9554
-5709
-4678
-3486
-2459
-490
2937
8379
4406
3869
1975
-7990
-5497
3343
3691
-8308
-6325
-4683
-8204
-6841
-4865
-202
-4882
-7876
8750
2268
6742
-3946
56
-3512
8406
-5071
-5055
-9724
-1946
-1067
3758
-6694
1286
4087
-3084
8452
-6368
8491
38
2346
7731
3365
5123
-4052
311
-663
8097
-5334
-6130
3659
-6397
5965
5515
-9563
6151
60
9362
7977
3157
3916
-8840
8719
2923
-6215
-217
5359
3423
6071
6935
7991
3878
-1921
7251
760
-813
-3472
4666
4650
907
-2008
6416
-4290
-9948
273
162
2672
-1393
3088
-4849
-1566
613
7400
-3241
6864
-8556
-2514
7870
9329
8547
9044
648
-2455
6838
-4641
6446
-7390
7701
-1992
-7528
5885
2652
-7683
3459
-1366
5334
-9064
-209
6174
-2042
6883
5161
702
4415
-3808
-5047
1237
-3796
3507
2854
-3876
-888
-5094
-7654
-667
-277
3904
-257
-352
1188
8504
-3251
1711
-5559
6190
8520
4602
-3005
-8375
-1903
9815
-6801
8579
8782
2050
-2404
1315
4956
8761
-84
6867
6272
-9928
7826
-2540
262
6458
5994
-4644
-2876
5060
5791
8024
8193
-5847
-5449
2360
9052
-6829
-191
-9043
-2858
8372
3206
-7082
-3578
-1882
5197
-4039
-1812
4957
4455
895
5332
-2489
6879
8857
-3828
-4336
4189
-7198
3214
9585
9592
-7316
-2745
-5450
-3444
4708
1515
2364
72
7653
-7387
7040
7600
-7531
6051
3236
6887
9271
6000
-5992
-2316
-1796
5526
1316
-1015
7153
2676
1232
-8410
9299
-6141
-5931
8950
-5615
6679
873
3076
6187
9502
-3741
-7582
-5971
-5610
8603
-2042
-2760
-2499
-7871
7572
-6590
-4801
-7618
-3231
1339
8515
-414
-3504
-449
5481
7035
-831
-8181
614
-3776
7506
-8831
-5310
-307
-2035
-5260
-7230
1279
-7006
-6459
4245
-8613
-1412
-3674
-135
1170
-7784
-9323
874
333
-8270
3419
8626
8057
4891
-1653
952
7287
-4289
2636
-8610
151
-6511
1854
-1453
6740
-5024
5442
5826
-7465
-9844
4774
4496
-5955
-2656
-9266
-5435
-2002
-8455
-7570
8937
1281
6657
-5154
4183
3145
8863
-8937
1496
-3886
2459
7805
9165
9514
-7241
-2985
7877
3527
-6514
-5401
-3579
-7918
8409
6412
-9808
9603
1123
-1243
7327
3617
-5331
-5600
2145
-8555
-8670
-7630
9870
6589
-2215
-5561
-1976
-5665
-4084
-8612
-4664
6203
-3713
-7715
5368
1776
-1627
-8410
4277
-2886
7336
-6126
-2554
4500
2436
9922
-8506
-1568
5892
-1592
-9301
-8831
6050
9055
4929
-7196
9050
2151
-5358
6279
7955
-5654
1412
-4236
2364
2360
690
-7654
4393
7045
-779
-6822
3471
-453
-204
-6872
6599
6488
-1735
4255
-5514
-9336
-1616
-8143
-7636
2241
-5633
9933
7287
-6724
185
3587
3602
-4859
-2308
-235
-2816
-7042
-189
7954
4620
7542
-8054
-8493
6104
1817
7565
-4324
3524
9363
-1817
901
1624
-7157
7334
-4315
684
4098
-2533
2920
4579
2728
5054
5777
-3480
-6943
3963
8833
-2768
-9724
-2403
8854
-3448
-9687
7355
1719
7613
-894
9010
-9770
-360
-466
-1948
-1336
7052
-476
-3032
1965
-7040
6990
9145
-1694
-1855
-2975
-5567
306
461
2324
7325
-1903
9854
3525
-4578
-5899
5661
7486
5676
3617
5317
3049
-3225
-8914
-9945
-4364
8304
6629
-6933
2882
-1005
3377
-5988
-2820
3864
-5966
-1103
394
-2079
-895
-558
-6428
3348
8444
1971
-9368
2273
-1206
-6020
-3376
-7670
-4436
6762
5117
-1125
-6517
2029
9692
2764
7194
2105
-432
640
2485
-4145
-8175
7256
-4332
-9766
2919
2865
2969
-3754
-429
4623
5539
7554
1206
-6936
-3894
-7704
-841
2162
-4633
-3871
-7805
-1603
-3003
-1483
-1825
5772
1338
2582
5173
-2494
1663
3996
-4760
-5973
-2934
-6348
426
-8193
-7849
-1803
2545
1420
2181
-6944
-645
-2761
3059
891
7937
685
9571
8443
2370
-4498
1880
8409
-4314
6600
4143
-9156
7823
-6893
-5317
-2077
-5079
-4628
-9554
3570
-2836
3452
-848
8430
-5334
-7525
117
2883
-6177
-6723
7213
-7676
-3596
5088
-7942
-1340
-8630
-3880
-7850
-9843
6893
7872
-83
-8229
658
-6034
8436
-8296
-3783
-6387
-6427
-6246
-1768
-5524
-6752
-9252
-829
8860
2238
5865
-2651
8294
-4900
8535
-1319
-1189
-9746
706
-2751
-2467
-2596
-2070
3223
-6745
4554
-8914
1453
-4918
9401
-2649
3916
-1372
-4297
-2435
-5889
4677
-1429
-3120
2620
7144
-4052
8508
-6353
851
2834
4829
8662
2288
1304
-9770
3845
-2129
7547
9105
9512
2527
3316
-2195
-9170
-6303
4557
1082
-5499
7529
5875
-9389
-7582
1949
-8038
-1599
-1787
6987
557
2383
9344
9179
-2623
-7776
-9945
-1622
4734
-6714
8431
-1672
-6023
6657
-5294
9472
-1668
8244
9317
3169
-12
3836
818
9399
-4741
-6209
8968
-4241
4372
4718
-2926
1787
-6133
-2251
-2205
5338
-356
-92
-3559
7440
-5020
-2604
-5620
7681
-3797
-7156
-6587
-8840
8213
-9729
60
7094
1338
-6445
-7543
7732
3032
2859
323
4536
-952
1283
-7572
6888
2722
1745
-209
9842
-9421
-4738
8957
-5644
6373
3402
-8430
-4937
9376
5326
347
-1144
1126
-8688
-7327
-835
-9394
-4882
3401
7972
-5460
7349
2779
-3433
6423
-3272
9302
8694
-8561
4172
-7787
1605
-6392
-6810
2952
-7782
5828
-200
-9720
361
-4156
1242
6383
-7195
1597
7172
3616
9442
-9583
8176
-61
-288
6025
-5310
-1813
-1608
-1153
3943
-682
-2413
-5778
-4352
-7671
-4849
4989
-1522
9547
-466
-9299
-7974
1015
-4388
-9430
954
-6351
7151
-2196
9868
7778
-5790
9267
-2748
885
-2545
-9554
9215
8171
2626
-4085
6074
3377
-1484
8377
-106
2000
-3867
5990
4313
4514
2763
-4454
-2966
4377
2418
1454
-5126
3792
8648
4810
-3020
7321
5974
-5955
4544
-8575
-518
5681
-8779
9200
3530
-5679
1767
-1386
4010
2956
-3866
-4820
9752
-7367
-5828
-5382
-7108
-8449
-3566
8237
2401
-8681
-2348
4580
616
-2112
8707
-6770
2218
-4450
3439
-9586
-5420
-2023
-4297
6513
-6685
-8230
813
-1119
3283
9680
3965
-5655
2802
4790
6677
5152
-2178
2264
543
-492
-9714
4575
-4177
-6043
-1353
-5391
7534
-8073
8426
8320
6388
-1908
705
-2674
5537
3859
4438
-2481
-3195
-2059
-8314
1690
-5885
6721
5991
-7161
8808
8215
4819
8523
3756
3679
8996
-8236
4787
-9882
-5225
-5276
5842
-5137
-1068
703
1643
-9411
5529
-5371
9421
5423
4513
8219
3477
-123
5307
-5718
-3792
-6288
3079
-8698
1009
-5821
5995
7370
5799
-7011
-2732
2379
-667
-6912
2142
8861
6976
-3852
1290
-1596
-760
-6513
3466
8491
2712
-4681
5534
-585
3033
1181
3507
907
1468
5470
-35
4306
1455
6297
8152
9517
-5336
4918
-5248
-6032
-2250
7773
-3674
-4160
-2858
8225
6509
7983
-5177
4420
9589
-6351
1805
-5510
8233
-1114
-4459
2439
-5515
-4212
-4654
-1526
-8776
8988
1747
7663
1471
-8897
8286
-5839
1371
-174
-9464
-9349
9403
-751
6989
5289
4165
-9934
-2215
-8465
5125
4019
-3871
-1496
-1579
-7314
-8730
8409
-8162
1016
-4366
7549
8127
-1540
8391
-212
-4367
6928
-7662
897
-973
359
-1051
-676
8742
124
-9896
-3132
6534
-8447
-1332
1339
857
3771
-4088
-7162
-9836
-2050
-2749
1358
-7148
473
-9347
-258
4609
-8457
7064
-3820
-4209
-4648
-1197
7053
1536
-5996
-7809
370
-1312
-3404
9709
4295
-6788
-9093
-674
3220
-7095
-6569
-9989
-1164
-9134
6104
-761
6192
-3585
-7540
6224
886
3969
9299
-75
-5583
-8365
6258
-5583
6907
-6301
7107
-307
6087
-937
2713
-3645
-9921
-3625
4093
3682
-4233
-8390
-6914
-7865
-8540
2537
-6536
6179
-1239
8670
7024
9342
8190
6241
9115
7293
-7671
-4168
6835
-2319
4186
-9509
5379
-502
5848
3983
4811
-3252
2612
1857
488
-1961
-2030
4699
-4076
2137
-3811
3081
5307
-4092
8654
-2625
9675
-7538
-8301
-9090
-7904
8823
8772
8369
6539
3854
-253
7203
-7144
-5092
1167
7045
6033
-692
-2508
-583
2585
-2872
2253
-3993
-4459
-4133
3484
1424
-1681
-5913
3920
-7093
4737
2336
-8522
-5506
7982
516
307
-7482
9310
-81
-5097
-5491
-721
7620
-9721
-4829
-6735
-7678
-3397
859
-7534
4107
-7105
273
-6654
-6957
-2833
-1675
635
-7424
-1490
-7239
3169
-8461
5402
-5443
-3683
-3899
-5143
1470
9500
-249
6402
-9856
4717
6858
-3113
-3951
-5583
7405
7082
-6105
-5852
-4421
6052
-1093
-6044
-2097
69
-95
6325
8585
2819
-2813
-2370
-8307
1441
7311
132
-1146
9743
8313
4755
3568
1120
-8543
-6920
5553
4459
1058
48
-177
3716
8586
5413
-9273
-886
2935
-8156
-9204
853
6709
5796
5631
4166
2448
-7032
1993
7714
5895
4355
-4873
-6770
-4477
-7098
-9363
-4817
2276
942
9961
-2528
5869
-7880
3442
-8495
439
-1115
-292
582
7695
-6066
9673
78
-8163
-9447
-4521
3143
1211
2777
-5909
-6710
-6534
5819
-2468
-471
-2307
-5862
4976
-9181
7440
-2901
-5773
-9272
-3320
2232
-3992
-5680
-2390
-5307
1637
-5955
-9246
8597
-8948
3802
6043
-8723
280
9924
2442
5785
-4508
3516
-3697
4627
-8550
-7938
-103
-5976
8243
3544
3829
-1074
-3759
9591
-8218
-917
2026
4145
-6902
-1119
-7430
-9002
2919
1726
-4581
3727
7790
-9972
6803
2256
7355
2858
-8244
-9532
2617
8099
-1141
-8598
-8661
4734
-2850
-2400
6712
-9615
1362
-6758
7441
-695
5950
2317
3697
-2939
3273
-4005
-5197
7807
6660
8230
3998
-1081
-1215
4479
3958
-6006
556
-8264
-4016
391
2999
-4410
-2480
-3943
-1505
663
-304
6474
1424
2772
-1510
-1621
3794
-5768
9976
-2675
-3720
3752
6126
3474
3405
-6949
-3520
7942
-5934
-2562
52
-928
403
4634
4263
-1753
-5818
9833
-4750
-7326
2864
9625
-3317
-2507
-4144
8417
5282
-3228
-4892
-6058
-8459
-5191
-5939
-4235
9071
-7382
-1002
-7393
-1972
2012
-2938
-5601
-997
1811
2757
8199
-4040
737
-759
-6081
-9541
4900
4961
6742
8344
5980
9732
-9214
73
-313
-2849
7218
-9560
-51
-5306
5226
-8860
-1148
-9823
3119
-5691
-5027
-1078
513
-2490
-7237
-6312
9839
2967
9465
-8612
-1603
-7443
577
4193
5096
-6529
7625
-1970
-191
1783
-7009
-9213
-7767
3197
7754
-7034
9383
4782
-8493
4000
1096
-7484
8465
6603
6724
-2989
9342
-4410
5853
-6968
-2656
2513
9830
9758
1745
3388
3769
-6259
5509
-3281
4999
-8548
-9281
-9320
-1982
-216
-3649
-6195
9243
5189
-1466
8603
-3879
-5870
-7248
-3066
-8919
-8652
-7653
5193
-1817
-2559
-6626
-7507
-2087
-780
-9478
4367
3491
149
-8376
1450
1604
-2990
1934
7172
-981
7833
-402
-4291
844
-4859
-1112
-7846
-7430
9266
-2735
-6693
-4766
1769
997
-7535
1765
4571
5807
5369
7757
-7898
5548
3998
-9570
3845
3733
-3818
-8923
7163
-6881
9501
4804
-2048
-6664
4602
3174
-9467
-8326
-9082
4268
-5729
153
-8338
2367
2796
-8748
9733
8186
-3836
-1739
-5678
-5679
-5797
4554
2095
8861
-4999
2731
-6476
-5055
-7680
-9038
2864
3301
-3624
-5545
1902
-264
-9780
-1238
-94
1099
-1171
9589
-3657
-3487
-879
4180
-1404
4022
9398
-2220
-1705
-529
3785
3578
5673
-4277
1758
3159
-5871
2183
617
-4601
2183
3733
-6027
-6888
9222
2872
-7185
7585
-1368
13
4536
-3196
2906
-1676
4821
3930
-125
-3589
8200
3243
8821
-2647
4785
-7977
-6078
4356
3914
7143
5012
-4499
5708
9639
-5404
8754
-8636
-5411
-8312
5603
-6281
255
-5051
-103
-9040
2250
-3640
-8779
-2261
9644
-5787
3207
-4459
-8426
-5868
1629
8276
331
-195
5318
-1650
4354
-9944
-9861
6480
920
5188
-3220
-649
-5020
7171
-7257
2174
-4888
-1957
-8441
-216
-4625
-3705
-2595
-7028
4281
92
2164
-9833
9504
7775
-4707
7620
5297
5780
-9600
5831
2204
6347
1760
2458
357
-1431
1955
-110
-8177
1682
9861
-9745
5742
1084
-2267
-7873
-2929
-2685
-4306
3384
-8566
8018
-9428
9544
2269
3105
4247
999
-1172
-5633
-4143
6633
8026
-9726
-1066
2131
-3258
7065
3847
-4167
1214
2785
-1510
3218
6835
7016
-4671
-3271
-9271
-3290
-3166
6540
3687
-1913
-3962
-5139
-4768
6200
2525
7002
48
-2235
-4987
2013
579
-9593
4730
-485
-6742
-1129
2421
4413
972
6206
-3755
6733
-4851
-9927
-8067
8073
8844
3514
-2641
-3822
1203
-288
2484
-6218
-678
-1809
7440
2016
-2784
-6804
4419
-3381
-3684
-8915
-7118
8178
-4567
-1748
708
-6591
3466
1350
2830
-5354
-3463
9436
6464
4798
-3885
-1966
4664
-3545
2404
-110
-9726
-9989
-6821
3759
677
-6646
-2160
-9902
4646
-522
5322
200
-8660
-3332
6873
3362
-1831
8313
-8088
2787
1605
4710
71
-4613
7252
-5040
8983
-4434
-2081
6482
-3238
5849
-2069
412
8667
-7969
-3578
-9271
5035
5895
3293
3645
4207
4724
648
7638
2925
7305
6184
7490
3320
7343
5657
-5
4522
-5269
8665
-4337
-9048
8701
-3403
7021
9484
-7115
1077
2539
-9259
8913
-4303
-8450
429
3083
-6949
4095
-3841
-1372
-8398
-4712
2619
-9481
-1628
-6201
-1044
-3612
8884
3909
-4503
-9516
-6794
-4417
7724
3787
-6271
218
9426
3844
125
7607
8396
-5711
-8458
4199
-8546
-8104
-1531
-2441
-2422
2304
2397
-7982
3060
1739
4508
7789
7260
-9423
4578
-7647
-2395
-6887
5942
-1953
7713
-9225
3066
-5471
7408
4885
-4411
-9301
7774
-8274
-4788
7335
-5247
-4216
8009
-2655
3703
-4452
491
-546
-7323
-3004
-7435
-732
796
-1583
4839
480
-5877
-5998
-9824
6537
2499
-3262
3714
5686
8841
9138
4802
8965
1220
-4119
5015
6578
7708
-839
5589
8653
9956
-3328
-2180
4269
-7521
-2463
-3269
-3077
-5951
-9259
-7060
-6055
-4206
-1384
-7607
-163
-837
-1642
-1055
545
-4721
-6307
4044
7635
5373
-2584
-6930
-6894
-3087
5250
-5590
5618
9009
8088
6291
-9797
1542
-711
4854
-182
911
9138
688
-9412
-1261
-3477
8847
8465
8569
1227
-5055
-521
3892
6629
4167
533
1974
3618
9019
-8982
9685
8647
-9870
4839
9760
3267
3678
-1084
-4874
2298
2817
4642
-6660
7758
-3779
-3348
8221
2158
-1811
3966
-9671
-4047
8636
-9101
837
-4218
-1265
-6091
-102
-3054
3126
2562
-9582
-9198
7852
6267
7429
-5
5729
6610
2041
3251
2484
3640
-6466
-3817
-2332
1510
2953
9381
-8922
1409
2264
-9369
4924
-1644
5856
-3241
-1223
-190
2793
8312
-5311
-3833
-306
7412
4093
8568
-8493
-3925
5925
-8413
4244
-638
-945
7710
-8146
-3448
2321
-4758
-5070
-6048
5425
9862
6568
2465
8947
-1156
-4078
-796
2877
1009
-97
1899
8419
7595
-3094
-5488
6459
4325
1624
-5552
1565
8173
-833
-5785
-1514
-4734
-6176
4466
-6624
-1617
-1642
-4468
-6692
-2380
8641
-1195
-4951
1334
-6370
6691
9531
3017
4154
-222
9386
9471
8493
-8734
8707
7594
1491
7263
3915
6332
-4676
1734
-8272
152
-1503
-9612
601
4985
9073
-9392
2560
2785
-5032
-8698
-3294
-6678
-2049
694
2988
-2937
-3482
-7956
-7815
6014
9398
-9712
566
649
-1799
8833
-997
-7824
-7048
-1156
2011
-8183
-6442
-4208
7191
2070
-16
5335
-2516
5900
-7887
-3961
9383
162
5409
8337
9835
-9881
6903
7728
466
-7829
3488
2080
-9461
-1168
-6665
7895
-5651
728
-1349
-31
2112
8988
5358
9814
-8227
-123
-8409
8422
-1499
1346
9447
3746
7353
-7398
-3567
9133
2749
-6959
174
6031
1967
2878
690
883
-8698
5599
8538
1781
-2551
-2165
3950
8740
-3908
-3102
6237
-6620
-9162
2585
-1759
-4132
5417
-2437
-9150
7874
2521
-1169
-2427
-1951
8203
7346
4195
-3960
-7768
8419
4040
-5522
3468
-5835
-1877
9042
-2554
-4948
-490
5980
-3743
-4285
5196
3724
-6858
-3834
2266
-3872
7562
3091
8901
-8368
-7300
-1609
-9199
1536
664
6010
3642
-1601
8364
508
-4269
-19
889
6884
6579
2150
7508
1300
3908
-9653
-6115
-2591
7911
5402
3436
8087
2285
561
9602
-5516
1850
46
-7312
-8597
8459
2872
9853
4197
7459
1528
964
4299
8336
1478
-1570
-1433
-4992
4769
-3613
6855
6336
-3939
5682
-7345
-7353
-7236
-8759
-674
4509
-131
5106
2783
2248
7670
-8512
4837
6735
3924
7587
-5497
1850
7466
2046
5318
-2126
-7469
-2392
-8579
9516
9254
4415
-7485
9841
-1850
4045
-9359
2512
827
9897
9162
3655
814
-9986
-6996
-8642
1711
8373
5242
2447
1128
-6548
608
3804
-4872
293
9301
6596
7762
8076
-5155
-4754
-6977
-5885
-1039
2123
-3805
3091
3163
-7273
-8489
2925
-1289
-2422
-1554
2703
-869
9932
1587
5889
-3478
-1517
8599
-1832
-9501
6982
4388
7323
-6116
-3446
1935
5986
-5180
7322
633
3191
3782
-5888
-672
9536
-9033
1772
7301
-4762
-4265
-6590
-6176
-8683
-3208
3447
8191
-6657
-1581
-4644
2878
8373
-5075
-2871
-928
-905
-6903
-6835
6826
-6317
-238
-6445
2453
-3414
74
-6117
-2804
712
-3268
3557
9573
-875
-3340
-2967
-6277
7376
2523
-4204
3671
1693
-4843
-8941
-3534
372
1468
1735
3183
5603
-8917
-7763
9976
-1657
4679
5608
5599
2931
6550
-1839
-5681
-2977
-5160
7129
9762
-107
-4269
8476
1174
5471
9088
7924
4371
4867
2560
-1841
7791
9072
5734
3235
-1035
9119
2669
3210
6990
925
-7092
-4490
-2197
-8365
4112
8261
7628
-1768
6998
6791
5010
-8427
7652
-9779
-5494
-1546
-6263
7753
-4212
435
-7044
4348
-6653
-6222
9810
3701
-2638
6715
-9240
1607
-8260
-1026
-1977
-9472
4153
-6002
9703
5576
-1574
-7807
3202
136
3620
6651
6172
-2030
6110
6969
876
-2214
-1046
5367
-8017
6581
-4167
8615
-7894
3578
-629
-1572
-3895
2082
9196
-2641
439
-5741
1014
9163
4760
524
1108
-8829
161
3741
2104
3510
-3763
5139
2017
-8744
93
-5510
2963
-2291
6364
-583
5597
5492
7259
-995
-6328
-3138
-2048
4592
4380
3108
9893
-4432
-996
-3133
3914
-7948
-1366
9041
-2879
3954
2206
1878
-8303
-9641
-1776
-9814
-255
9316
-9041
5633
6088
-8099
-5305
-2010
-4680
8508
-6329
572
4180
1020
2907
6657
-1986
8311
9012
3330
2068
255
2482
3933
-8237
9611
-5192
-9776
7614
5319
3113
8869
1763
-44
7447
-1850
-1346
3642
-5235
2840
-5066
-7160
-1140
7003
